200 10 0.001 48.7919 6170.41 3.066
200 10 0.011 49.6012 6204.31 3.4017
200 10 0.021 50.2758 6217.56 3.6183
200 10 0.031 48.8659 6098.15 3.8932
200 10 0.041 50.435 6150.09 7.0774
200 10 0.051 48.1992 5962.59 7.5791
200 10 0.061 50.1324 6065.89 6.9712
200 10 0.071 49.1168 5944.84 6.1264
200 10 0.081 47.2286 5797.63 7.4107
200 10 0.091 47.9885 5818.45 9.4954
200 10 0.101 47.6587 5774.28 9.646
200 10 0.111 47.7954 5725.25 9.7085
200 10 0.121 47.0104 5647.51 10.2858
200 10 0.131 46.4984 5606.28 10.8156
200 10 0.141 46.5786 5525.43 11.6529
200 10 0.151 44.3953 5405.75 8.6664
200 10 0.161 44.5879 5360.77 8.8444
200 10 0.171 45.5084 5399.39 9.2806
200 10 0.181 44.8632 5318.11 9.6322
200 10 0.191 42.6062 5190.72 9.7337
200 10 0.201 42.9611 5157.62 10.0912
200 10 0.211 44.3797 5187.44 11.2348
200 10 0.221 42.0232 5053.61 11.4068
200 10 0.231 42.4194 5050.51 11.6664
200 10 0.241 42.2618 4997.57 11.5129
200 10 0.251 42.2986 4988.3 12.0679
200 10 0.261 40.7542 4900.56 12.4316
200 10 0.271 41.2686 4924.98 12.9332
200 10 0.281 40.1202 4811.71 13.7358
200 10 0.291 40.2154 4788.3 14.0242
200 10 0.301 39.4977 4734.57 14.1785
200 10 0.311 38.1503 4642.6 14.6668
200 10 0.321 39.0227 4664.65 14.6052
200 10 0.331 37.7841 4602.53 15.2891
200 10 0.341 36.9294 4561.37 15.5565
200 10 0.351 37.1467 4556.4 19.2019
200 10 0.361 35.8566 4494.91 19.7745
200 10 0.371 36.5685 4503.22 16.9524
200 10 0.381 36.2851 4484.16 19.3534
200 10 0.391 35.8756 4404.04 22.7414
200 10 0.401 34.4647 4324.91 23.8697
200 10 0.411 33.2298 4297.56 20.0311
200 10 0.421 32.839 4235.37 19.306
200 10 0.431 32.9703 4242.57 20.794
200 10 0.441 33.3438 4264.39 24.4647
200 10 0.451 32.2146 4159.34 23.8028
200 10 0.461 33.0867 4200.39 23.3127
200 10 0.471 30.9513 4132.87 22.6977
200 10 0.481 30.8024 4117.07 22.7788
200 10 0.491 30.2756 4107.74 23.139
200 10 0.501 31.2057 4116.2 22.1387
200 10 0.511 29.6813 4022.78 22.5139
200 10 0.521 29.4603 4034.91 23.1937
200 10 0.531 28.8236 4029.55 23.2813
200 10 0.541 28.6108 4001.55 23.9786
200 10 0.551 28.4221 3979.7 24.0925
200 10 0.561 28.0878 3988.19 24.7535
200 10 0.571 28.3145 3956.82 25.4766
200 10 0.581 27.8552 3940.35 26.0944
200 10 0.591 27.878 3944.86 26.6832
200 10 0.601 27.3852 3921.87 26.7667
200 10 0.611 25.8458 3854.06 26.8022
200 10 0.621 25.5017 3849.69 30.0553
200 10 0.631 25.8459 3883.07 29.4837
200 10 0.641 25.2589 3852.84 29.8579
200 10 0.651 24.2816 3803.65 29.9587
200 10 0.661 24.5288 3806.05 30.2991
200 10 0.671 23.5883 3797.47 30.3343
200 10 0.681 23.9697 3804.67 31.4375
200 10 0.691 24.1514 3795.67 30.2432
200 10 0.701 23.0145 3756.52 33.5167
200 10 0.711 22.7415 3766.73 36.218
200 10 0.721 22.8995 3781.57 37.1985
200 10 0.731 22.3647 3766.34 37.444
200 10 0.741 22.3729 3758.9 36.9223
200 10 0.751 21.3327 3732.24 35.8745
200 10 0.761 21.2634 3721.9 31.8088
200 10 0.771 21.6678 3716.04 32.2254
200 10 0.781 21.3047 3746.62 32.4609
200 10 0.791 21.3287 3715.04 33.1381
200 10 0.801 20.7902 3693.04 35.8849
200 10 0.811 20.1609 3691.49 39.4135
200 10 0.821 19.5007 3660.3 39.4989
200 10 0.831 20.0152 3705.27 40.2644
200 10 0.841 19.8536 3711.08 41.767
200 10 0.851 19.9261 3712.46 40.9934
200 10 0.861 18.454 3653.13 40.661
200 10 0.871 19.0353 3669.74 41.4559
200 10 0.881 18.3908 3697.38 42.3589
200 10 0.891 18.6758 3656.11 42.3078
200 10 0.901 17.9144 3660.43 40.2754
200 10 0.911 18.318 3680.68 42.5716
200 10 0.921 17.7313 3679.67 42.8805
200 10 0.931 18.0054 3661.66 41.3577
200 10 0.941 17.232 3638.11 42.6111
200 10 0.951 17.5878 3650.84 43.8265
200 10 0.961 16.9784 3654.03 44.4143
200 10 0.971 16.3076 3630.63 43.8505
200 10 0.981 16.6468 3673.13 44.5583
200 10 0.991 16.2748 3658.02 39.8283
200 10 1.001 15.8423 3646 41.8535
200 10 1.011 16.0378 3642.47 42.8334
200 10 1.021 15.9454 3648.7 44.7732
200 10 1.031 16.1825 3655.95 44.6033
200 10 1.041 16.1641 3636.66 45.0467
200 10 1.051 15.4863 3625.99 45.478
200 10 1.061 15.3437 3629.77 44.7848
200 10 1.071 16.1243 3651.01 45.8181
200 10 1.081 15.1946 3624.41 45.0686
200 10 1.091 15.4712 3640.5 45.1894
200 10 1.101 15.3457 3625.73 46.0083
200 10 1.111 15.0657 3613.34 43.909
200 10 1.121 14.9104 3630.76 44.5842
200 10 1.131 14.858 3643.26 45.0115
200 10 1.141 14.7953 3622.2 45.3077
200 10 1.151 15.0186 3633.96 45.4625
200 10 1.161 14.9081 3654.02 45.2885
200 10 1.171 14.6475 3679.84 45.462
200 10 1.181 14.6947 3637.01 45.7338
200 10 1.191 14.6259 3641.87 45.9848
200 10 1.201 14.3311 3686.6 46.6359
200 10 1.211 14.605 3645.04 47.0137
200 10 1.221 14.2431 3664.52 48.6026
200 10 1.231 14.624 3667.26 48.8049
200 10 1.241 14.5034 3685.91 49.2087
200 10 1.251 14.51 3667.6 49.3121
200 10 1.261 14.1085 3672.27 48.7274
200 10 1.271 14.3786 3701.72 47.676
200 10 1.281 14.3836 3683.77 51.9174
200 10 1.291 14.2982 3689.9 50.6903
200 10 1.301 14.2575 3696.78 49.6165
200 10 1.311 14.5442 3713.3 50.4906
200 10 1.321 14.2301 3723.38 49.6142
200 10 1.331 14.0666 3688.42 50.3317
200 10 1.341 14.4665 3745.99 52.7562
200 10 1.351 13.8817 3716.27 49.7596
200 10 1.361 14.288 3720.44 50.1266
200 10 1.371 14.1193 3725.31 52.5434
200 10 1.381 14.1691 3752.67 50.781
200 10 1.391 14.2852 3751.55 53.0341
200 10 1.401 13.9791 3747.26 50.1847
200 10 1.411 14.1337 3759.78 49.6101
200 10 1.421 14.0107 3757.65 49.7775
200 10 1.431 13.9515 3760.89 50.0282
200 10 1.441 14.1429 3763.69 54.5461
200 10 1.451 14.2123 3766.84 55.3104
200 10 1.461 14.3409 3783.81 55.1469
200 10 1.471 14.5964 3797.74 55.5973
200 10 1.481 14.2369 3793.49 54.9541
200 10 1.491 14.0248 3790.32 54.9887
200 10 1.501 14.3427 3814.38 52.5879
200 10 1.511 14.2238 3824.22 53.0931
200 10 1.521 14.1709 3810.01 53.3914
200 10 1.531 14.2625 3824.84 54.2604
200 10 1.541 14.1661 3832.93 54.9607
200 10 1.551 14.3496 3859.23 56.2355
200 10 1.561 14.1576 3837.03 55.4711
200 10 1.571 14.4234 3842.54 55.7291
200 10 1.581 14.1278 3842.06 56.1214
200 10 1.591 14.4594 3862.76 55.3684
200 10 1.601 14.181 3857.95 54.4599
200 10 1.611 14.7431 3893.41 55.6946
200 10 1.621 14.5624 3889.62 55.5395
200 10 1.631 14.6468 3918.88 56.1422
200 10 1.641 14.3875 3893.99 57.5153
200 10 1.651 14.5531 3938.26 59.5021
200 10 1.661 14.8258 3933.41 57.7478
200 10 1.671 14.8245 3936.47 56.535
200 10 1.681 14.6021 3941.11 57.3613
200 10 1.691 14.9675 3956.81 59.8074
200 10 1.701 14.6112 3978.07 60.2293
200 10 1.711 14.9645 3967.03 60.7549
200 10 1.721 14.9874 4000.14 60.861
200 10 1.731 15.1224 4010.39 61.4844
200 10 1.741 15.1156 4017.31 61.5104
200 10 1.751 15.2687 4023.37 61.644
200 10 1.761 15.2156 4031.83 61.9299
200 10 1.771 15.2267 4037.08 61.4308
200 10 1.781 15.4528 4052.41 61.3691
200 10 1.791 15.2432 4057.04 62.3664
200 10 1.801 15.5492 4082.51 63.0217
200 10 1.811 15.6375 4100.33 63.2162
200 10 1.821 15.5049 4092.18 61.5248
200 10 1.831 15.5705 4122.85 63.0586
200 10 1.841 15.7035 4144.92 64.1295
200 10 1.851 15.8879 4147.24 64.7532
200 10 1.861 16.0404 4160.99 63.8053
200 10 1.871 16.175 4172.34 64.6348
200 10 1.881 16.0869 4163.82 63.0508
200 10 1.891 16.1972 4203.34 63.5866
200 10 1.901 16.3057 4211.43 62.1225
200 10 1.911 16.4508 4223.69 62.2302
200 10 1.921 16.5444 4225.58 62.9367
200 10 1.931 16.8129 4239.22 63.762
200 10 1.941 16.924 4261.44 65.4738
200 10 1.951 17.0127 4269.43 64.9647
200 10 1.961 17.1082 4287.93 65.1684
200 10 1.971 17.3205 4305.71 65.8744
200 10 1.981 17.4043 4323.25 65.6501
200 10 1.991 17.4633 4317.73 65.2096
200 20 0.001 49.8165 6724.21 6.5111
200 20 0.011 48.8391 6563.6 6.9096
200 20 0.021 48.7462 6476.21 7.3503
200 20 0.031 49.0325 6422.95 7.925
200 20 0.041 47.5771 6205.28 8.4109
200 20 0.051 47.5572 6108.98 8.9277
200 20 0.061 48.2733 6085.41 9.4481
200 20 0.071 47.6071 5971.72 9.656
200 20 0.081 46.8831 5839.65 10.1706
200 20 0.091 47.3872 5784.02 11.7886
200 20 0.101 45.4644 5595.93 13.7675
200 20 0.111 44.2319 5453.8 12.9454
200 20 0.121 43.3775 5308.38 13.613
200 20 0.131 43.3726 5285.6 14.5706
200 20 0.141 43.1107 5169.73 12.9909
200 20 0.151 42.9207 5118.02 12.7452
200 20 0.161 41.3739 4974.54 13.8418
200 20 0.171 40.4513 4854.6 14.252
200 20 0.181 39.0856 4722.59 14.608
200 20 0.191 39.4147 4750 14.8863
200 20 0.201 37.8248 4613.87 15.2192
200 20 0.211 36.4458 4481.37 15.8556
200 20 0.221 35.4225 4417.4 16.6022
200 20 0.231 35.4345 4347.24 17.532
200 20 0.241 36.0007 4338.33 20.1377
200 20 0.251 33.9002 4256.12 20.4015
200 20 0.261 34.1524 4232.1 19.3242
200 20 0.271 33.0634 4185.21 18.6023
200 20 0.281 31.7992 4077.9 19.9276
200 20 0.291 31.6349 4038.01 22.4686
200 20 0.301 31.9326 4014.67 21.1491
200 20 0.311 30.5235 3967.87 24.1529
200 20 0.321 30.0998 3923.81 24.2551
200 20 0.331 29.87 3928.02 24.6638
200 20 0.341 29.2543 3859.04 22.0366
200 20 0.351 28.9882 3820.58 20.934
200 20 0.361 28.4458 3807.75 21.4599
200 20 0.371 27.0822 3746.27 21.674
200 20 0.381 25.9428 3727.99 21.6105
200 20 0.391 26.8772 3714.84 22.5145
200 20 0.401 26.4567 3695.08 23.0808
200 20 0.411 24.7154 3672.97 22.7129
200 20 0.421 23.9341 3611.87 23.1614
200 20 0.431 23.8555 3606.78 23.3699
200 20 0.441 23.0256 3610.12 23.707
200 20 0.451 23.097 3585.22 24.2978
200 20 0.461 22.9217 3584.47 29.3901
200 20 0.471 22.1861 3545.53 31.9096
200 20 0.481 20.9173 3547.58 29.8285
200 20 0.491 21.4191 3525.54 25.6692
200 20 0.501 21.3042 3525.68 26.3098
200 20 0.511 20.7264 3539.37 27.1284
200 20 0.521 20.1024 3540.75 28.5327
200 20 0.531 19.4733 3504.43 33.8811
200 20 0.541 20.1044 3505.62 34.4065
200 20 0.551 18.9778 3481.73 34.6391
200 20 0.561 18.6367 3463.99 31.5921
200 20 0.571 18.2222 3469.84 29.0618
200 20 0.581 18.3003 3465.21 29.4398
200 20 0.591 18.3351 3475.4 31.5229
200 20 0.601 16.9891 3449.62 30.5222
200 20 0.611 16.9466 3422.77 31.0284
200 20 0.621 16.8661 3448.53 31.2508
200 20 0.631 16.1876 3440.79 32.1866
200 20 0.641 15.8475 3447.93 31.6052
200 20 0.651 15.9499 3429.74 32.0189
200 20 0.661 15.4576 3436.62 30.047
200 20 0.671 15.7615 3436.88 30.5944
200 20 0.681 15.5277 3461.89 33.4532
200 20 0.691 14.9806 3438.74 33.6734
200 20 0.701 14.4957 3427.94 34.0338
200 20 0.711 14.8996 3432.36 34.6773
200 20 0.721 13.962 3436.4 34.3699
200 20 0.731 13.8745 3423.32 33.72
200 20 0.741 13.51 3400.4 33.4217
200 20 0.751 13.5878 3429.69 34.0802
200 20 0.761 13.3785 3449.36 37.2429
200 20 0.771 13.2697 3420.81 38.9532
200 20 0.781 13.2419 3407.52 37.485
200 20 0.791 13.2386 3449.22 37.9341
200 20 0.801 12.8529 3415.06 36.3936
200 20 0.811 13.0152 3477.2 36.3843
200 20 0.821 12.5451 3448.74 36.4565
200 20 0.831 12.3609 3413.76 36.7116
200 20 0.841 12.0508 3396.95 36.5426
200 20 0.851 12.1654 3415.91 42.1981
200 20 0.861 11.9875 3423.9 39.6466
200 20 0.871 11.5995 3434.27 37.8456
200 20 0.881 11.6229 3404.28 38.09
200 20 0.891 11.2847 3417.4 38.5193
200 20 0.901 11.0442 3433.52 38.818
200 20 0.911 11.0039 3390.69 38.7932
200 20 0.921 11.0845 3408.18 39.3594
200 20 0.931 10.8673 3430.1 39.8087
200 20 0.941 10.9639 3423.55 44.3416
200 20 0.951 10.591 3406.69 44.4016
200 20 0.961 11.0051 3408.52 41.9515
200 20 0.971 10.2682 3429.12 41.1184
200 20 0.981 10.5642 3393 42.3137
200 20 0.991 10.1342 3395.62 45.7779
200 20 1.001 10.3054 3396.79 43.4845
200 20 1.011 10.4666 3436.6 41.514
200 20 1.021 9.7808 3388.7 45.9846
200 20 1.031 10.1809 3397.39 47.961
200 20 1.041 9.853 3395.5 42.8226
200 20 1.051 9.9004 3400.45 42.6102
200 20 1.061 9.8157 3403.84 42.9494
200 20 1.071 9.7984 3394.3 43.0688
200 20 1.081 9.6508 3403.64 45.3252
200 20 1.091 9.6609 3401.31 43.5771
200 20 1.101 9.6428 3423.22 43.8083
200 20 1.111 9.4192 3403.08 43.4482
200 20 1.121 9.319 3405.77 47.6787
200 20 1.131 9.6023 3407.09 47.8756
200 20 1.141 9.4136 3432.47 46.0832
200 20 1.151 9.3941 3433.92 46.8742
200 20 1.161 9.4335 3421.57 46.5836
200 20 1.171 9.4342 3446.53 46.3791
200 20 1.181 9.5225 3436.64 46.9747
200 20 1.191 9.4477 3431.1 48.6137
200 20 1.201 9.1132 3453.94 47.9684
200 20 1.211 9.3259 3456.1 48.6482
200 20 1.221 9.5192 3455.5 47.811
200 20 1.231 9.1285 3439.65 44.8298
200 20 1.241 9.3584 3443.73 45.0929
200 20 1.251 9.3563 3484.95 45.3789
200 20 1.261 9.2484 3472.21 45.1732
200 20 1.271 9.5071 3496.59 45.6482
200 20 1.281 9.2499 3495.2 46.6923
200 20 1.291 9.1553 3464.02 46.7557
200 20 1.301 9.097 3490.82 46.3479
200 20 1.311 9.3576 3483.75 46.997
200 20 1.321 9.2175 3510.28 47.176
200 20 1.331 9.5677 3531.38 47.4937
200 20 1.341 9.1936 3523.02 47.0677
200 20 1.351 9.1712 3526.57 46.6587
200 20 1.361 9.534 3533.28 47.4245
200 20 1.371 9.5178 3555.82 47.4749
200 20 1.381 9.3623 3531.44 47.4224
200 20 1.391 9.5144 3548.33 47.5194
200 20 1.401 9.4302 3542.47 47.3551
200 20 1.411 9.3143 3548.85 47.3807
200 20 1.421 9.5179 3553.62 47.7699
200 20 1.431 9.4244 3552.28 47.7964
200 20 1.441 9.5506 3570.22 48.0163
200 20 1.451 9.5732 3584.95 49.4202
200 20 1.461 9.4114 3581.66 47.8181
200 20 1.471 9.4727 3591.96 47.9287
200 20 1.481 9.5177 3586.04 47.982
200 20 1.491 9.581 3618.67 48.0081
200 20 1.501 9.5678 3600.32 48.0476
200 20 1.511 9.7083 3618.88 48.4866
200 20 1.521 9.6578 3611.52 48.2973
200 20 1.531 9.7739 3622.94 48.4309
200 20 1.541 9.8063 3638.09 48.6484
200 20 1.551 9.851 3640.4 48.388
200 20 1.561 9.6836 3638.65 47.9852
200 20 1.571 9.9009 3659.69 48.5804
200 20 1.581 9.855 3664.98 48.1357
200 20 1.591 9.9585 3659.29 48.4417
200 20 1.601 9.9835 3692 48.8166
200 20 1.611 10.0467 3699.89 48.9502
200 20 1.621 10.1242 3718.08 50.0997
200 20 1.631 10.1431 3724.29 50.9982
200 20 1.641 10.2079 3736.29 51.8371
200 20 1.651 10.1939 3752.95 52.5658
200 20 1.661 10.4451 3784.27 53.0266
200 20 1.671 10.4447 3800.25 53.3026
200 20 1.681 10.4405 3817.44 53.448
200 20 1.691 10.642 3856.48 52.9407
200 20 1.701 10.6301 3848.9 53.8649
200 20 1.711 10.7692 3857.38 52.8007
200 20 1.721 10.7413 3871.91 50.3226
200 20 1.731 11.064 3907.11 52.1316
200 20 1.741 11.0515 3924.48 53.6244
200 20 1.751 11.3016 3941.54 50.3232
200 20 1.761 11.209 3944.57 51.4591
200 20 1.771 11.3851 3967.67 52.4782
200 20 1.781 11.4019 3986.11 52.3848
200 20 1.791 11.6038 4004.81 52.3359
200 20 1.801 11.5817 4033.42 50.5138
200 20 1.811 11.5743 4034.49 50.9054
200 20 1.821 11.9178 4062 50.7847
200 20 1.831 12.0184 4062.16 51.139
200 20 1.841 12.0875 4094.36 52.7535
200 20 1.851 12.2114 4114.14 51.4263
200 20 1.861 12.3482 4139.57 51.6587
200 20 1.871 12.345 4110.02 51.6117
200 20 1.881 12.5401 4163.14 52.997
200 20 1.891 12.6753 4191.91 53.7043
200 20 1.901 12.7018 4211.57 51.6189
200 20 1.911 12.8956 4199.46 51.8745
200 20 1.921 12.9983 4233.39 51.8543
200 20 1.931 13.2349 4269.76 52.0829
200 20 1.941 13.3503 4268.35 52.6638
200 20 1.951 13.4077 4261.97 54.945
200 20 1.961 13.5515 4295.39 55.3962
200 20 1.971 13.7533 4314.22 54.4399
200 20 1.981 13.8063 4317.55 54.0727
200 20 1.991 14.0181 4329.74 54.094
200 30 0.001 50.6621 7056.52 6.7541
200 30 0.011 50.1543 6904.34 7.1767
200 30 0.021 48.3115 6649.02 7.8877
200 30 0.031 47.5891 6451.93 8.7151
200 30 0.041 47.3589 6319.5 9.5008
200 30 0.051 46.0828 6137.66 10.0468
200 30 0.061 46.0981 6009.41 11.2064
200 30 0.071 44.7421 5788.27 11.853
200 30 0.081 44.8725 5741.6 12.3935
200 30 0.091 44.0539 5590.83 13.3341
200 30 0.101 42.4074 5427.19 14.2009
200 30 0.111 40.3173 5241.28 14.8762
200 30 0.121 39.8825 5137.17 14.4343
200 30 0.131 39.0148 5025.52 13.7094
200 30 0.141 38.0933 4894.77 14.0479
200 30 0.151 38.178 4843.63 13.7348
200 30 0.161 36.4843 4729.17 14.1536
200 30 0.171 35.2338 4661.26 15.7133
200 30 0.181 35.4786 4612.28 15.8366
200 30 0.191 33.6086 4495.76 15.9857
200 30 0.201 32.6805 4368.04 16.7576
200 30 0.211 31.1175 4293.26 20.8105
200 30 0.221 31.2954 4273.32 21.9469
200 30 0.231 30.0826 4234.35 22.187
200 30 0.241 28.9737 4180.14 21.2412
200 30 0.251 28.5953 4098.38 21.9322
200 30 0.261 28.0829 4074.1 20.7475
200 30 0.271 27.3799 4049.39 20.9396
200 30 0.281 27.4191 4046.57 21.4973
200 30 0.291 25.9918 3995.75 21.9621
200 30 0.301 26.0762 3960.36 22.3593
200 30 0.311 23.8672 3874.21 22.4028
200 30 0.321 24.8117 3914.69 26.8964
200 30 0.331 23.7042 3865.16 27.5025
200 30 0.341 22.6644 3845.78 27.7092
200 30 0.351 22.1271 3801.67 28.8949
200 30 0.361 21.2366 3789.1 28.772
200 30 0.371 20.669 3771.42 29.0574
200 30 0.381 20.4002 3790.86 29.9036
200 30 0.391 19.7034 3760.63 29.582
200 30 0.401 19.4813 3762.5 29.3733
200 30 0.411 19.0349 3754.38 25.7996
200 30 0.421 18.6893 3751.32 25.4213
200 30 0.431 17.5576 3717.41 25.7986
200 30 0.441 17.6728 3703.1 26.4669
200 30 0.451 17.2894 3709.69 29.4554
200 30 0.461 17.2607 3720.7 28.2593
200 30 0.471 16.5303 3692.68 27.2175
200 30 0.481 16.4585 3709.53 27.6847
200 30 0.491 15.9457 3724.83 27.5306
200 30 0.501 15.7847 3698.79 28.1017
200 30 0.511 15.6805 3694.99 28.4761
200 30 0.521 15.2076 3703.82 28.7512
200 30 0.531 14.5055 3680.86 28.9218
200 30 0.541 14.3667 3677.1 29.1166
200 30 0.551 14.0065 3677.76 29.5369
200 30 0.561 14.3025 3699.74 29.9992
200 30 0.571 13.2681 3664.61 33.5402
200 30 0.581 13.4856 3678.75 36.0428
200 30 0.591 13.3386 3697.92 34.3313
200 30 0.601 13.0697 3674.9 32.8054
200 30 0.611 13.0699 3698.94 33.2487
200 30 0.621 12.4446 3675.3 33.4481
200 30 0.631 12.2769 3664.91 33.5871
200 30 0.641 12.0001 3674.59 34.0293
200 30 0.651 11.6969 3675.09 35.9132
200 30 0.661 11.4629 3672.74 35.1601
200 30 0.671 11.1179 3672.13 38.6566
200 30 0.681 11.618 3671.7 38.2952
200 30 0.691 10.9971 3667.63 39.8425
200 30 0.701 11.0188 3663.99 40.0237
200 30 0.711 11.0735 3681.88 34.5264
200 30 0.721 10.5361 3651.34 36.2451
200 30 0.731 10.5733 3687.13 35.6355
200 30 0.741 10.2378 3656.66 36.3974
200 30 0.751 10.1562 3687.42 36.5349
200 30 0.761 9.9884 3674.21 36.8704
200 30 0.771 9.6937 3658.97 36.8909
200 30 0.781 10.1375 3676.75 37.5636
200 30 0.791 9.8245 3674.47 37.8045
200 30 0.801 9.5557 3679.92 37.9117
200 30 0.811 9.3469 3676.46 41.9666
200 30 0.821 9.2532 3661.17 44.1141
200 30 0.831 9.3524 3696.31 44.478
200 30 0.841 9.1327 3667.97 44.4136
200 30 0.851 9.369 3658.5 45.4541
200 30 0.861 9.0247 3672.33 41.0372
200 30 0.871 9.0605 3662.19 41.3715
200 30 0.881 8.9025 3690.59 45.4739
200 30 0.891 8.8073 3685.29 46.8296
200 30 0.901 8.6905 3671.49 45.8601
200 30 0.911 8.4361 3654.75 41.7448
200 30 0.921 8.5711 3671.66 41.9674
200 30 0.931 8.3965 3639.77 41.852
200 30 0.941 8.4688 3650.48 42.3771
200 30 0.951 7.9962 3658.43 42.2032
200 30 0.961 8.3345 3684.26 43.4356
200 30 0.971 8.1534 3655.59 43.139
200 30 0.981 7.7886 3633.95 42.7772
200 30 0.991 7.9625 3667.03 43.7255
200 30 1.001 7.7769 3652.86 43.9351
200 30 1.011 7.6445 3601.08 44.3456
200 30 1.021 7.7181 3627.02 44.9747
200 30 1.031 7.7438 3637.44 45.3578
200 30 1.041 7.6135 3635.55 45.3692
200 30 1.051 7.5465 3623.27 45.5534
200 30 1.061 7.5316 3623.88 45.6351
200 30 1.071 7.5564 3617.95 49.1734
200 30 1.081 7.5764 3631.66 46.244
200 30 1.091 7.6567 3626.61 45.3539
200 30 1.101 7.5822 3633.43 45.0782
200 30 1.111 7.4199 3640.02 45.3659
200 30 1.121 7.5464 3646.4 45.7715
200 30 1.131 7.2712 3646.46 45.7509
200 30 1.141 7.4045 3647.1 45.7542
200 30 1.151 7.4195 3644.15 50.7663
200 30 1.161 7.3891 3639.25 50.9385
200 30 1.171 7.396 3654.1 50.5194
200 30 1.181 7.4466 3649.44 48.4012
200 30 1.191 7.4415 3688.33 48.7703
200 30 1.201 7.388 3677.04 48.5771
200 30 1.211 7.5498 3700.6 51.4107
200 30 1.221 7.3836 3686.09 51.3147
200 30 1.231 7.4648 3699.94 50.0072
200 30 1.241 7.3804 3697.5 47.1406
200 30 1.251 7.5459 3693 47.23
200 30 1.261 7.49 3699.56 46.9788
200 30 1.271 7.5656 3718.66 47.3397
200 30 1.281 7.3429 3713.13 49.4455
200 30 1.291 7.6628 3718.25 50.1842
200 30 1.301 7.4881 3727.85 50.0077
200 30 1.311 7.2615 3720.53 49.4282
200 30 1.321 7.3431 3722.66 49.4145
200 30 1.331 7.5486 3747.58 49.6312
200 30 1.341 7.4275 3756.56 49.2492
200 30 1.351 7.483 3752.51 49.4837
200 30 1.361 7.5519 3757.37 49.4692
200 30 1.371 7.6541 3771.53 50.754
200 30 1.381 7.6787 3779.82 52.1263
200 30 1.391 7.6018 3778.12 49.6686
200 30 1.401 7.7507 3808.04 50.688
200 30 1.411 7.4855 3775.92 50.4209
200 30 1.421 7.6879 3796.33 48.8009
200 30 1.431 7.5956 3807.65 50.9322
200 30 1.441 7.6325 3793.18 51.7579
200 30 1.451 7.7163 3801.32 51.0875
200 30 1.461 7.7705 3818.02 51.1568
200 30 1.471 7.762 3801.54 52.3663
200 30 1.481 7.8831 3838.07 48.0309
200 30 1.491 7.8147 3826.32 47.8072
200 30 1.501 7.7881 3840.2 47.6933
200 30 1.511 7.7269 3841.48 47.3762
200 30 1.521 7.8752 3847.19 48.3025
200 30 1.531 7.8526 3830.47 48.479
200 30 1.541 7.9073 3855.67 48.5515
200 30 1.551 7.9122 3851.22 48.5333
200 30 1.561 8.1088 3857.36 48.6463
200 30 1.571 8.0709 3888.01 48.4732
200 30 1.581 8.1409 3875.68 48.2082
200 30 1.591 8.1479 3904.94 48.3688
200 30 1.601 8.2421 3907.25 48.3811
200 30 1.611 8.3017 3929.7 48.6015
200 30 1.621 8.3495 3955.47 48.8736
200 30 1.631 8.3894 3967.06 48.6217
200 30 1.641 8.468 4001.51 48.773
200 30 1.651 8.6886 3999.88 48.7772
200 30 1.661 8.7503 4052.95 49.9288
200 30 1.671 8.781 4054.01 49.9129
200 30 1.681 8.7812 4058.04 51.5033
200 30 1.691 9.008 4099.56 51.9374
200 30 1.701 9.1107 4106.99 49.7071
200 30 1.711 9.0484 4124.14 50.7809
200 30 1.721 9.2287 4151.61 50.89
200 30 1.731 9.2526 4177.17 50.0541
200 30 1.741 9.4106 4193.37 51.2292
200 30 1.751 9.4921 4213.22 49.3286
200 30 1.761 9.4525 4227.28 50.5013
200 30 1.771 9.6237 4260.89 50.643
200 30 1.781 9.7964 4251.08 49.6487
200 30 1.791 9.9351 4290.3 49.8365
200 30 1.801 10.0088 4297.8 49.8483
200 30 1.811 10.1537 4320.03 50.1433
200 30 1.821 10.1415 4361.28 50.093
200 30 1.831 10.2949 4356.71 50.2326
200 30 1.841 10.4097 4377.86 51.2369
200 30 1.851 10.595 4386.19 50.5639
200 30 1.861 10.6177 4388.08 50.2284
200 30 1.871 10.8858 4432.05 50.3257
200 30 1.881 10.9425 4431.25 50.2976
200 30 1.891 11.0427 4460.57 50.2386
200 30 1.901 11.0544 4457.18 50.3326
200 30 1.911 11.2307 4482.61 50.1766
200 30 1.921 11.3667 4500.66 50.3543
200 30 1.931 11.517 4532.47 50.2016
200 30 1.941 11.6016 4531.05 50.2446
200 30 1.951 11.7257 4530.21 50.1803
200 30 1.961 11.8763 4554.31 50.005
200 30 1.971 11.9771 4561.23 49.9167
200 30 1.981 12.0891 4572.06 50.1076
200 30 1.991 12.1604 4582.24 49.8591
200 40 0.001 49.5363 7786.92 7.6774
200 40 0.011 48.8386 7573.08 9.1735
200 40 0.021 48.6178 7390.6 10.327
200 40 0.031 48.6709 7228.74 11.012
200 40 0.041 46.3848 6932.29 11.5086
200 40 0.051 46.2519 6752.1 11.1649
200 40 0.061 44.7679 6486.74 13.6257
200 40 0.071 43.7576 6318.97 13.9982
200 40 0.081 41.0799 6076.14 14.528
200 40 0.091 39.6431 5883.76 13.0643
200 40 0.101 38.2678 5720.81 13.2108
200 40 0.111 37.9691 5573.54 13.8396
200 40 0.121 38.1292 5524.63 16.2303
200 40 0.131 35.5042 5337.14 18.0651
200 40 0.141 34.7961 5203.57 16.5069
200 40 0.151 34.0145 5101.73 15.41
200 40 0.161 32.8189 5063.23 15.9206
200 40 0.171 31.122 4940.82 16.4413
200 40 0.181 30.373 4826.15 16.7967
200 40 0.191 29.6557 4784.69 17.1569
200 40 0.201 28.4175 4740.5 17.6484
200 40 0.211 27.3151 4659.94 18.1755
200 40 0.221 25.8268 4576.76 18.5414
200 40 0.231 25.0273 4520.43 18.9368
200 40 0.241 24.1988 4519.23 19.2031
200 40 0.251 23.6272 4468.86 19.7849
200 40 0.261 23.4948 4455.84 20.0303
200 40 0.271 22.5351 4426.55 20.5142
200 40 0.281 21.9891 4375.6 20.7698
200 40 0.291 20.9834 4344.23 21.3386
200 40 0.301 21.1304 4362.46 21.7661
200 40 0.311 20.3748 4323.33 22.3094
200 40 0.321 19.5063 4293.21 22.372
200 40 0.331 18.1471 4272.58 25.0112
200 40 0.341 18.4355 4288.61 24.249
200 40 0.351 17.5554 4248.96 24.4246
200 40 0.361 16.9022 4255 24.6537
200 40 0.371 16.7529 4258.12 25.2791
200 40 0.381 16.4843 4253.56 25.2159
200 40 0.391 15.7406 4223.86 25.5262
200 40 0.401 16.4025 4216.31 26.1098
200 40 0.411 15.0832 4208.67 26.3497
200 40 0.421 15.0699 4212.5 27.0949
200 40 0.431 14.3123 4215.16 27.6131
200 40 0.441 14.5038 4216.08 28.2131
200 40 0.451 14.0217 4212.01 28.4749
200 40 0.461 14.2055 4206.09 29.0527
200 40 0.471 13.1649 4212.17 29.2844
200 40 0.481 13.0741 4186.47 30.0355
200 40 0.491 12.9155 4224.39 35.8753
200 40 0.501 12.5105 4163.53 34.7441
200 40 0.511 12.2818 4200.13 30.7232
200 40 0.521 12.3889 4203.96 31.2462
200 40 0.531 11.5797 4217.44 32.2235
200 40 0.541 11.8533 4198.29 33.2648
200 40 0.551 11.9159 4200.25 32.111
200 40 0.561 11.4301 4189.09 32.4596
200 40 0.571 11.0579 4169.02 34.5788
200 40 0.581 10.7147 4155.78 32.9539
200 40 0.591 10.7917 4172.14 33.3653
200 40 0.601 10.5398 4167.15 33.4919
200 40 0.611 9.9675 4180.6 33.9273
200 40 0.621 10.1926 4186.31 34.4169
200 40 0.631 9.9116 4169.2 34.7448
200 40 0.641 9.8492 4186.1 35.4003
200 40 0.651 9.6907 4177.56 35.7109
200 40 0.661 9.5661 4158.73 35.4963
200 40 0.671 8.949 4169.42 39.0456
200 40 0.681 9.2165 4183.86 70.0298
200 40 0.691 9.0637 4184.05 37.6138
200 40 0.701 8.9343 4170.43 37.7749
200 40 0.711 8.5619 4180.97 41.8938
200 40 0.721 8.7069 4164.83 63.103
200 40 0.731 8.8954 4173 39.6461
200 40 0.741 8.4204 4181.53 41.3073
200 40 0.751 8.3713 4155.26 46.0243
200 40 0.761 8.465 4141.89 46.1737
200 40 0.771 8.0651 4171.46 44.6849
200 40 0.781 8.1607 4158.04 39.9765
200 40 0.791 8.0326 4178.77 40.3366
200 40 0.801 8.188 4148.69 43.6986
200 40 0.811 7.5449 4151.07 40.9209
200 40 0.821 7.5643 4157.51 41.559
200 40 0.831 7.6889 4164.93 41.9402
200 40 0.841 7.4961 4176.03 42.1245
200 40 0.851 7.6253 4155.93 42.6587
200 40 0.861 7.5166 4180.27 43.7367
200 40 0.871 7.3707 4152.02 47.9539
200 40 0.881 7.4392 4157.59 45.2468
200 40 0.891 7.1373 4166.18 45.4253
200 40 0.901 7.202 4134.35 49.7308
200 40 0.911 7.4636 4126.61 50.4331
200 40 0.921 7.1683 4146.81 49.0887
200 40 0.931 6.908 4127.06 46.7849
200 40 0.941 6.8596 4128.49 46.8469
200 40 0.951 6.7254 4125.78 47.2133
200 40 0.961 6.795 4131.81 48.047
200 40 0.971 6.8676 4113.46 48.1302
200 40 0.981 6.7687 4133.17 48.9688
200 40 0.991 6.5283 4105.52 51.1025
200 40 1.001 6.7734 4101.04 52.9419
200 40 1.011 6.5423 4114.95 53.2971
200 40 1.021 6.5486 4121.65 54.685
200 40 1.031 6.4842 4109.08 51.8771
200 40 1.041 6.3377 4086.47 52.1338
200 40 1.051 6.2611 4066.08 51.4822
200 40 1.061 6.389 4084.73 54.6327
200 40 1.071 6.3127 4078.14 54.9138
200 40 1.081 6.4286 4093.03 52.4064
200 40 1.091 6.2253 4053.38 52.1375
200 40 1.101 6.4152 4078.28 52.6709
200 40 1.111 6.297 4070.47 52.9156
200 40 1.121 6.3277 4117.48 51.0924
200 40 1.131 6.4254 4104.03 51.4287
200 40 1.141 6.3419 4125.98 51.4645
200 40 1.151 6.2696 4137.48 51.2083
200 40 1.161 6.2089 4099.97 51.3948
200 40 1.171 6.104 4108.36 51.3248
200 40 1.181 6.3886 4113.3 51.6057
200 40 1.191 6.2781 4117.14 51.8814
200 40 1.201 6.0113 4120.34 53.9357
200 40 1.211 6.1464 4110.89 56.7665
200 40 1.221 6.2528 4130.73 56.1263
200 40 1.231 6.3087 4152.5 56.2249
200 40 1.241 6.301 4145.37 52.1968
200 40 1.251 6.3607 4164.39 52.2427
200 40 1.261 6.3773 4156.52 53.4567
200 40 1.271 6.2239 4158.89 56.3421
200 40 1.281 6.4206 4161.83 56.1241
200 40 1.291 6.2558 4162.21 57.4396
200 40 1.301 6.225 4178.59 57.52
200 40 1.311 6.2753 4176.56 55.6887
200 40 1.321 6.4329 4176.53 55.1389
200 40 1.331 6.3838 4205.41 53.1814
200 40 1.341 6.4017 4194.12 52.8018
200 40 1.351 6.5839 4215.19 52.8881
200 40 1.361 6.3407 4190.47 54.6735
200 40 1.371 6.4224 4211.08 52.0935
200 40 1.381 6.5538 4222.45 52.5059
200 40 1.391 6.5057 4207.05 55.736
200 40 1.401 6.474 4206.29 56.1312
200 40 1.411 6.4816 4231.29 52.2655
200 40 1.421 6.5394 4252.66 53.1456
200 40 1.431 6.5308 4247.8 51.9503
200 40 1.441 6.5501 4232.56 54.4492
200 40 1.451 6.5275 4242.85 54.4681
200 40 1.461 6.6663 4254.48 53.5519
200 40 1.471 6.7306 4277.98 53.9557
200 40 1.481 6.7184 4262.83 53.7213
200 40 1.491 6.7693 4275.72 53.5187
200 40 1.501 6.8642 4288.21 53.9956
200 40 1.511 6.8792 4283.63 56.4363
200 40 1.521 6.7709 4287.86 53.266
200 40 1.531 6.9534 4303.94 55.24
200 40 1.541 6.8741 4282.88 55.4752
200 40 1.551 6.9948 4309.03 55.7207
200 40 1.561 7.0592 4284.68 55.8575
200 40 1.571 6.9908 4285.67 54.6191
200 40 1.581 7.0015 4314.81 51.5228
200 40 1.591 7.1341 4315.88 51.4091
200 40 1.601 7.1864 4339.25 51.6307
200 40 1.611 7.3041 4362.88 51.7393
200 40 1.621 7.3069 4376.15 51.7024
200 40 1.631 7.3653 4396.26 55.058
200 40 1.641 7.5364 4425.52 55.6118
200 40 1.651 7.6183 4453.74 53.6387
200 40 1.661 7.5859 4479.05 51.9821
200 40 1.671 7.6169 4478.76 51.8492
200 40 1.681 7.7288 4532.6 51.8568
200 40 1.691 7.9574 4555.44 52.4205
200 40 1.701 7.8882 4558.03 52.7519
200 40 1.711 8.0815 4571.91 55.7829
200 40 1.721 8.1264 4609.57 56.2343
200 40 1.731 8.3681 4642.73 56.8274
200 40 1.741 8.3981 4642.6 56.9182
200 40 1.751 8.543 4675.38 53.3532
200 40 1.761 8.6241 4674.81 53.9566
200 40 1.771 8.7118 4704.01 53.691
200 40 1.781 8.7227 4727.45 54.6146
200 40 1.791 8.7612 4748.93 56.0039
200 40 1.801 8.8686 4748.93 55.2686
200 40 1.811 9.0601 4775.02 53.824
200 40 1.821 9.2399 4794.46 52.5453
200 40 1.831 9.1893 4810.07 52.1997
200 40 1.841 9.3915 4829.91 52.335
200 40 1.851 9.4299 4835.26 52.0763
200 40 1.861 9.6215 4857.89 53.3462
200 40 1.871 9.6288 4877.47 52.7135
200 40 1.881 9.755 4881.23 52.7989
200 40 1.891 9.8929 4902.31 52.7178
200 40 1.901 10.0061 4915.63 52.792
200 40 1.911 10.1055 4909.69 52.3646
200 40 1.921 10.1483 4928.2 52.1788
200 40 1.931 10.3129 4973.41 52.327
200 40 1.941 10.3698 4951.11 52.082
200 40 1.951 10.4727 4977.42 51.9753
200 40 1.961 10.6849 4989.02 53.3239
200 40 1.971 10.6609 4987.84 53.7611
200 40 1.981 10.7685 4980.55 52.1533
200 40 1.991 10.9281 4999.97 51.4588
300 10 0.001 75.3482 8909.6 3.4941
300 10 0.011 75.5301 8881 3.7919
300 10 0.021 74.5489 8765.44 4.1629
300 10 0.031 72.5333 8574.25 4.3733
300 10 0.041 73.5901 8575.6 4.7195
300 10 0.051 71.9768 8405.64 4.9626
300 10 0.061 73.6891 8474.66 7.6626
300 10 0.071 71.6889 8310.89 8.058
300 10 0.081 72.4937 8317.6 8.3545
300 10 0.091 70.4554 8078.55 7.0025
300 10 0.101 71.0414 8070.46 6.7507
300 10 0.111 70.456 7986.82 6.9531
300 10 0.121 71.5408 8018.68 7.2412
300 10 0.131 70.5326 7892.57 7.6029
300 10 0.141 71.8814 7969.28 7.9502
300 10 0.151 68.3721 7640.22 8.2604
300 10 0.161 66.0293 7477.17 8.8046
300 10 0.171 66.4248 7496.6 9.3506
300 10 0.181 64.2211 7260.49 9.7836
300 10 0.191 67.2264 7432.97 11.1497
300 10 0.201 65.4136 7282.5 11.6287
300 10 0.211 66.4494 7263.3 13.9965
300 10 0.221 65.1323 7164.71 14.1583
300 10 0.231 64.2134 7124.39 12.7209
300 10 0.241 63.1244 7009.8 16.5682
300 10 0.251 62.8715 6939.1 17.2454
300 10 0.261 62.1744 6881 17.4132
300 10 0.271 60.664 6730.94 18.0325
300 10 0.281 61.3103 6747.18 16.7247
300 10 0.291 61.1217 6682.5 15.8313
300 10 0.301 58.2543 6498.01 16.098
300 10 0.311 58.1227 6485.34 16.7874
300 10 0.321 58.0993 6428.52 17.5924
300 10 0.331 58.1112 6477.57 17.7866
300 10 0.341 57.0673 6323.95 18.3329
300 10 0.351 57.3186 6307.41 19.0815
300 10 0.361 54.6498 6192.78 19.2587
300 10 0.371 54.2957 6190.12 20.1036
300 10 0.381 54.0041 6154.36 20.6078
300 10 0.391 53.9269 6142.47 21.1973
300 10 0.401 53.4078 6004.63 21.526
300 10 0.411 49.1399 5870.39 21.3959
300 10 0.421 50.5426 5931.09 22.5915
300 10 0.431 50.5172 5907.13 23.2293
300 10 0.441 50.1253 5820.86 23.6817
300 10 0.451 48.1895 5714.28 23.986
300 10 0.461 49.1822 5760.96 26.6444
300 10 0.471 48.4028 5721.95 29.5213
300 10 0.481 48.2608 5706.16 30.8468
300 10 0.491 47.9692 5637.9 30.9708
300 10 0.501 46.2117 5661.82 31.2003
300 10 0.511 45.2592 5606.86 32.1015
300 10 0.521 46.3369 5588.75 33.0814
300 10 0.531 45.441 5554.11 30.8114
300 10 0.541 44.7142 5536.6 31.6987
300 10 0.551 44.2392 5481.68 34.7951
300 10 0.561 42.302 5456.59 30.7026
300 10 0.571 42.0146 5385.43 30.3084
300 10 0.581 40.2172 5359.55 31.0531
300 10 0.591 40.9165 5341.46 31.6782
300 10 0.601 39.4053 5285.23 31.8073
300 10 0.611 39.6877 5286.34 32.5906
300 10 0.621 40.4509 5387.97 33.5539
300 10 0.631 38.7648 5270.44 33.2943
300 10 0.641 37.8081 5250.97 33.8149
300 10 0.651 38.5399 5231.69 34.7446
300 10 0.661 36.8196 5203.42 35.1608
300 10 0.671 36.6974 5171.98 35.6973
300 10 0.681 36.6157 5256.39 36.5684
300 10 0.691 36.7419 5178.82 39.21
300 10 0.701 35.3714 5151.77 42.2081
300 10 0.711 34.8001 5149.88 42.1992
300 10 0.721 34.0384 5155.56 42.627
300 10 0.731 33.8826 5116.47 43.7328
300 10 0.741 33.6282 5108.44 40.3864
300 10 0.751 32.4898 5071.05 40.2191
300 10 0.761 32.9024 5079.29 41.0336
300 10 0.771 32.04 5065.36 41.2492
300 10 0.781 31.8594 5045.89 42.1657
300 10 0.791 31.5742 5033.89 42.3389
300 10 0.801 31.8203 5080.69 43.4697
300 10 0.811 30.9081 5064.59 43.3708
300 10 0.821 30.296 5021.4 43.6542
300 10 0.831 30.3236 5046.22 44.6129
300 10 0.841 29.5597 5048.68 45.197
300 10 0.851 28.9491 4995.43 44.8864
300 10 0.861 29.1942 5007.33 45.721
300 10 0.871 28.1589 5031.28 46.1173
300 10 0.881 28.5027 4990.01 49.5306
300 10 0.891 27.5333 4986.77 50.4177
300 10 0.901 27.8446 5011.39 51.0032
300 10 0.911 28.0142 5015.96 51.9787
300 10 0.921 27.026 5014.75 52.0428
300 10 0.931 26.4932 4963.02 52.0478
300 10 0.941 26.3383 5013.09 52.9499
300 10 0.951 26.0265 4948.01 52.6197
300 10 0.961 26.3478 4969.88 52.5658
300 10 0.971 25.7164 5027.42 53.8142
300 10 0.981 25.8173 4994.12 54.4456
300 10 0.991 24.7752 4984.32 55.0613
300 10 1.001 25.3575 4989.5 55.6769
300 10 1.011 24.5118 4925.48 55.2612
300 10 1.021 24.3638 4943.58 55.5598
300 10 1.031 23.9614 4985.2 52.7137
300 10 1.041 23.5247 4994.03 52.8576
300 10 1.051 23.8573 4914.91 53.0118
300 10 1.061 23.9629 4945.57 54.3866
300 10 1.071 23.5111 4963.19 56.835
300 10 1.081 23.7629 5000.46 56.2445
300 10 1.091 22.8749 4963.24 55.9684
300 10 1.101 23.2942 4970.75 59.3589
300 10 1.111 22.8178 4973.68 60.112
300 10 1.121 22.1998 4937.44 58.6528
300 10 1.131 22.6152 5001.63 60.1351
300 10 1.141 22.5331 4989.31 60.4779
300 10 1.151 22.5933 4983.79 61.3901
300 10 1.161 22.3517 4994.51 61.522
300 10 1.171 22.2684 4962.9 61.889
300 10 1.181 22.5056 5008.18 59.959
300 10 1.191 22.2475 5011.23 59.9811
300 10 1.201 22.0035 5004.11 61.96
300 10 1.211 21.9709 5027.9 62.9896
300 10 1.221 22.1292 5035.15 63.8056
300 10 1.231 21.8619 5009.15 61.1669
300 10 1.241 21.7364 5047.09 60.8468
300 10 1.251 21.8349 5048.1 61.249
300 10 1.261 22.0627 5055.73 61.9019
300 10 1.271 22.0404 5067.24 61.8999
300 10 1.281 21.9225 5072.57 62.4285
300 10 1.291 21.756 5066.85 62.6569
300 10 1.301 21.6868 5072.63 62.9391
300 10 1.311 21.4325 5074.06 63.6682
300 10 1.321 21.5769 5097.28 63.0925
300 10 1.331 21.4363 5076.1 64.8203
300 10 1.341 21.3439 5108.24 66.8347
300 10 1.351 21.4102 5130.97 65.912
300 10 1.361 21.2752 5118.73 66.9273
300 10 1.371 21.1757 5112.81 65.6382
300 10 1.381 21.4314 5169.45 65.9234
300 10 1.391 21.5079 5153.36 66.014
300 10 1.401 21.6251 5169.59 66.406
300 10 1.411 21.9298 5192.04 67.4495
300 10 1.421 20.9529 5183.34 66.8019
300 10 1.431 21.5216 5193.46 67.975
300 10 1.441 21.6262 5208.57 68.2958
300 10 1.451 21.137 5203.6 66.8079
300 10 1.461 21.4438 5185.08 67.2034
300 10 1.471 21.2632 5204.3 67.5777
300 10 1.481 21.4591 5252.42 68.0617
300 10 1.491 21.8457 5218.14 68.6057
300 10 1.501 21.473 5228.33 68.8247
300 10 1.511 21.4102 5241.81 69.5494
300 10 1.521 21.5256 5285.54 72.795
300 10 1.531 21.2479 5252.21 70.8158
300 10 1.541 21.6483 5279.06 71.4467
300 10 1.551 21.1911 5288.15 71.3163
300 10 1.561 21.8058 5294.91 72.778
300 10 1.571 21.6334 5308.58 74.8563
300 10 1.581 21.8058 5312.16 75.9251
300 10 1.591 21.6955 5309.78 75.1248
300 10 1.601 22.2943 5374.72 76.0639
300 10 1.611 21.9031 5359.84 75.3472
300 10 1.621 21.7757 5359.73 75.7606
300 10 1.631 22.2212 5382.18 76.6979
300 10 1.641 22.1234 5410.27 76.6833
300 10 1.651 22.2486 5430.73 76.8379
300 10 1.661 22.3002 5437.9 77.1104
300 10 1.671 22.3021 5441.91 77.3674
300 10 1.681 22.4694 5461.32 77.8051
300 10 1.691 22.4437 5486.74 78.3401
300 10 1.701 22.4142 5497.1 79.0464
300 10 1.711 22.5516 5506.51 80.8854
300 10 1.721 22.5829 5521.36 79.9076
300 10 1.731 22.7685 5570.52 81.8294
300 10 1.741 22.8195 5559.95 82.6217
300 10 1.751 23.0555 5591.6 81.4233
300 10 1.761 23.2145 5581.58 82.055
300 10 1.771 23.1764 5615.56 81.8425
300 10 1.781 23.3963 5655.97 82.8633
300 10 1.791 23.5437 5664.68 83.2432
300 10 1.801 23.3887 5680.31 83.4291
300 10 1.811 23.7295 5694.95 85.5159
300 10 1.821 23.7867 5728.67 86.0714
300 10 1.831 23.8764 5733.29 86.6823
300 10 1.841 24.1004 5760.59 87.2953
300 10 1.851 24.004 5739.68 86.7247
300 10 1.861 24.3233 5794.14 87.7736
300 10 1.871 24.3694 5807.4 86.2501
300 10 1.881 24.4932 5824.06 85.3381
300 10 1.891 24.8964 5848.47 85.9818
300 10 1.901 25.203 5880.28 86.588
300 10 1.911 25.0053 5888.07 87.1729
300 10 1.921 25.2247 5915.68 87.7647
300 10 1.931 25.2223 5916.32 87.6757
300 10 1.941 25.7075 5949.12 88.5958
300 10 1.951 25.7442 5987.05 88.9659
300 10 1.961 25.8543 5976.97 89.6466
300 10 1.971 26.0491 6007.86 89.8268
300 10 1.981 26.2565 6015.73 90.9381
300 10 1.991 26.3174 6043.11 91.1802
300 20 0.001 76.2457 9476.83 6.5422
300 20 0.011 74.381 9189.14 5.9492
300 20 0.021 75.8893 9164.57 6.5282
300 20 0.031 72.7094 8764.73 7.5779
300 20 0.041 71.0597 8536.43 7.9933
300 20 0.051 73.7123 8592.98 8.2705
300 20 0.061 70.8568 8259.22 7.9943
300 20 0.071 70.071 8032.02 9.1162
300 20 0.081 68.5013 7819.93 9.5854
300 20 0.091 67.1909 7621.23 10.1202
300 20 0.101 68.9151 7594.24 13.0693
300 20 0.111 67.5422 7446.45 13.0182
300 20 0.121 68.0052 7313.41 12.0214
300 20 0.131 64.3471 6995.29 12.4495
300 20 0.141 62.4556 6841.12 12.7942
300 20 0.151 60.1518 6634.66 13.2558
300 20 0.161 61.0242 6582.92 13.9132
300 20 0.171 62.3586 6525.33 14.7693
300 20 0.181 61.453 6463.68 15.1492
300 20 0.191 59.2999 6246.29 15.2944
300 20 0.201 59.2756 6147.32 15.7344
300 20 0.211 57.2414 5983.2 16.5681
300 20 0.221 56.409 5927.25 17.2703
300 20 0.231 54.097 5758.41 17.8449
300 20 0.241 54.8453 5670.18 18.4325
300 20 0.251 52.4774 5578.95 18.7223
300 20 0.261 52.2684 5496.05 19.3581
300 20 0.271 51.2937 5474.36 19.9148
300 20 0.281 49.3087 5313.99 20.1798
300 20 0.291 49.0555 5263.66 20.7563
300 20 0.301 47.8779 5183.99 21.8322
300 20 0.311 44.9736 5045.92 22.1873
300 20 0.321 44.95 5057.39 22.58
300 20 0.331 44.6761 5030.72 22.7476
300 20 0.341 43.7616 4952.55 23.4702
300 20 0.351 43.972 4909.41 24.6284
300 20 0.361 42.3588 4837.65 28.3877
300 20 0.371 42.221 4877.99 26.7577
300 20 0.381 40.6874 4786.82 26.6164
300 20 0.391 39.0603 4710.43 25.4845
300 20 0.401 38.6948 4704.26 26.0339
300 20 0.411 38.2445 4642.8 27.2522
300 20 0.421 37.0964 4600.37 27.7174
300 20 0.431 36.127 4611.91 28.3288
300 20 0.441 36.1133 4576.6 28.7629
300 20 0.451 34.9839 4611.5 28.8125
300 20 0.461 34.8762 4563.1 29.5794
300 20 0.471 34.1879 4553.78 30.0171
300 20 0.481 32.0981 4468.89 29.8892
300 20 0.491 32.8895 4485.79 30.5049
300 20 0.501 31.779 4481.6 30.2401
300 20 0.511 31.6447 4478.28 30.4735
300 20 0.521 30.1882 4408.21 30.5369
300 20 0.531 29.9268 4416.06 31.448
300 20 0.541 28.9865 4403.86 32.0986
300 20 0.551 29.4213 4461.27 33.226
300 20 0.561 28.338 4416.18 33.4395
300 20 0.571 27.794 4409.23 33.7125
300 20 0.581 26.9462 4358.67 33.9009
300 20 0.591 27.2993 4385.26 34.6476
300 20 0.601 26.9428 4414.82 35.0074
300 20 0.611 26.1387 4379.34 35.2087
300 20 0.621 24.6212 4372.49 34.9644
300 20 0.631 24.2045 4400.82 35.9014
300 20 0.641 24.3071 4388.96 36.0226
300 20 0.651 24.4175 4374.6 37.015
300 20 0.661 23.8105 4367.55 36.9922
300 20 0.671 22.9794 4403.95 38.764
300 20 0.681 23.6324 4340.22 40.0199
300 20 0.691 23.0871 4367.34 40.2398
300 20 0.701 22.6463 4408.56 41.2247
300 20 0.711 22.5993 4384.79 38.5386
300 20 0.721 21.3264 4413.49 38.721
300 20 0.731 21.6043 4339.84 39.0295
300 20 0.741 21.7663 4413.96 44.5963
300 20 0.751 21.0353 4343.32 44.4932
300 20 0.761 20.4987 4345.38 41.3472
300 20 0.771 21.0665 4360.04 42.1608
300 20 0.781 20.7223 4373.83 43.5882
300 20 0.791 20.0377 4349.61 43.0184
300 20 0.801 19.1759 4355.11 43.6626
300 20 0.811 19.138 4384.93 46.2867
300 20 0.821 19.0629 4357.3 44.5565
300 20 0.831 18.8017 4384.25 44.2966
300 20 0.841 19.217 4331.56 43.9527
300 20 0.851 18.0918 4366.04 43.5747
300 20 0.861 17.9551 4394.02 49.6718
300 20 0.871 17.5903 4362.48 50.0818
300 20 0.881 18.0368 4396.9 51.6715
300 20 0.891 17.3362 4372.8 51.2029
300 20 0.901 17.0294 4381.97 48.3076
300 20 0.911 17.1514 4359.98 48.0396
300 20 0.921 17.0965 4376.14 47.3246
300 20 0.931 16.8797 4364.52 47.026
300 20 0.941 15.9061 4396.54 47.1243
300 20 0.951 15.8088 4344.96 47.1265
300 20 0.961 16.4684 4376.11 48.4985
300 20 0.971 15.9349 4364.28 48.0906
300 20 0.981 15.8678 4360.25 48.5146
300 20 0.991 15.9432 4362.16 49.2215
300 20 1.001 15.9648 4389.75 49.9659
300 20 1.011 15.3375 4329.42 49.754
300 20 1.021 15.3614 4351.93 50.289
300 20 1.031 15.1487 4335.83 50.4669
300 20 1.041 15.3968 4332.07 53.3281
300 20 1.051 14.558 4346.68 54.0875
300 20 1.061 14.9678 4370.34 54.9551
300 20 1.071 15.2094 4389.59 55.6532
300 20 1.081 14.8182 4385.23 53.7522
300 20 1.091 14.669 4357.75 55.282
300 20 1.101 14.5921 4370.04 54.3928
300 20 1.111 14.5911 4395.48 54.3967
300 20 1.121 14.4405 4423.94 55.3907
300 20 1.131 14.5298 4376.71 53.7325
300 20 1.141 14.1785 4386.83 53.8684
300 20 1.151 14.4102 4388.52 54.1867
300 20 1.161 14.0956 4390.83 54.2297
300 20 1.171 14.1862 4408.85 54.6604
300 20 1.181 14.2412 4435 54.8344
300 20 1.191 14.2982 4419.81 55.1176
300 20 1.201 14.5687 4436.53 58.0584
300 20 1.211 14.2135 4455.97 58.2533
300 20 1.221 14.1184 4452.95 55.7998
300 20 1.231 14.2219 4490.2 55.8591
300 20 1.241 14.4728 4490.62 55.9007
300 20 1.251 14.7454 4537.59 57.017
300 20 1.261 14.2409 4500.26 56.3668
300 20 1.271 14.0555 4507.27 56.258
300 20 1.281 14.4043 4541.3 57.1947
300 20 1.291 14.3473 4555.92 57.489
300 20 1.301 14.2872 4496.71 58.0178
300 20 1.311 14.3552 4519.09 58.7482
300 20 1.321 14.2997 4536.92 59.0244
300 20 1.331 14.4106 4561.12 59.1521
300 20 1.341 14.358 4572.31 59.42
300 20 1.351 14.579 4595.23 60.0637
300 20 1.361 14.1176 4595.28 59.8419
300 20 1.371 14.2547 4619.75 59.0597
300 20 1.381 14.3707 4608.84 58.4056
300 20 1.391 14.5296 4605.83 58.7973
300 20 1.401 14.3225 4604.78 58.8926
300 20 1.411 14.2082 4624.9 61.1613
300 20 1.421 14.3224 4658.82 62.6971
300 20 1.431 14.3882 4644.85 59.5937
300 20 1.441 14.4539 4674.9 59.5447
300 20 1.451 14.4162 4698.99 60.3012
300 20 1.461 14.2026 4698.63 62.344
300 20 1.471 14.9933 4722.61 64.0702
300 20 1.481 14.5239 4730.83 63.8885
300 20 1.491 14.666 4713.14 64.1469
300 20 1.501 14.808 4746.1 64.1249
300 20 1.511 14.9282 4759 64.5916
300 20 1.521 15.3115 4767.29 64.1045
300 20 1.531 15.1441 4756.41 63.0572
300 20 1.541 15.0205 4759.25 64.5243
300 20 1.551 15.0658 4736.89 62.041
300 20 1.561 14.9575 4802.8 64.0588
300 20 1.571 15.2827 4823.77 64.0633
300 20 1.581 15.2797 4840.09 62.5466
300 20 1.591 15.2707 4848.89 62.7877
300 20 1.601 15.1011 4854.2 62.3425
300 20 1.611 15.5589 4871.74 63.1643
300 20 1.621 15.7398 4917.57 63.4569
300 20 1.631 15.7432 4944.95 63.6322
300 20 1.641 15.5604 4910.49 63.4331
300 20 1.651 15.9129 5025.95 64.1683
300 20 1.661 15.8292 4993.47 63.8054
300 20 1.671 16.0991 5022.54 64.6032
300 20 1.681 16.3487 5062.68 65.0232
300 20 1.691 16.3225 5080.76 65.2023
300 20 1.701 16.5886 5099.52 65.7463
300 20 1.711 16.6471 5131.8 65.9067
300 20 1.721 16.6486 5184.8 66.0505
300 20 1.731 16.6371 5202.73 66.2655
300 20 1.741 17.043 5222.77 66.8298
300 20 1.751 17.1337 5201.58 67.1341
300 20 1.761 17.0512 5277.22 67.2315
300 20 1.771 17.3821 5310.46 67.7944
300 20 1.781 17.3492 5327.08 67.7029
300 20 1.791 17.7651 5364.82 68.741
300 20 1.801 18.0858 5398.99 68.736
300 20 1.811 18.2736 5439.15 71.0743
300 20 1.821 18.1281 5448.61 71.4629
300 20 1.831 18.4895 5487.24 71.0922
300 20 1.841 18.4612 5466.61 69.9249
300 20 1.851 18.9456 5527.98 70.39
300 20 1.861 18.6668 5538.76 72.9412
300 20 1.871 19.0585 5575.05 71.651
300 20 1.881 19.0557 5585.48 70.5927
300 20 1.891 19.4838 5646.32 70.827
300 20 1.901 19.7249 5670.79 70.7379
300 20 1.911 19.9849 5682.23 74.5218
300 20 1.921 20.1688 5718.15 74.2516
300 20 1.931 20.0867 5698.24 71.5078
300 20 1.941 20.4465 5759.62 71.9828
300 20 1.951 20.5672 5786.88 72.1795
300 20 1.961 20.9678 5828.32 72.6058
300 20 1.971 21.0631 5837.72 72.8276
300 20 1.981 21.3924 5868.79 73.1579
300 20 1.991 21.5955 5917.53 73.5713
300 30 0.001 75.3357 9600.72 6.7471
300 30 0.011 73.1156 9233.12 7.2747
300 30 0.021 74.6313 9170.51 7.7949
300 30 0.031 74.0899 8893.61 8.7186
300 30 0.041 70.5049 8451.47 8.8398
300 30 0.051 70.2909 8271.28 10.8536
300 30 0.061 69.4545 8016.83 9.6542
300 30 0.071 68.8739 7834.99 10.1557
300 30 0.081 66.5519 7506.24 10.6502
300 30 0.091 65.5286 7310.96 11.4458
300 30 0.101 65.081 7128.42 12.3583
300 30 0.111 62.8324 6811.4 12.6516
300 30 0.121 61.4063 6681.52 13.4283
300 30 0.131 60.0995 6465.7 14.0188
300 30 0.141 59.3568 6372.9 16.1357
300 30 0.151 57.6847 6236.52 17.7307
300 30 0.161 54.6579 5946.23 19.7206
300 30 0.171 53.7118 5863 17.8193
300 30 0.181 51.9946 5680.7 17.9856
300 30 0.191 51.2818 5638.11 18.4133
300 30 0.201 51.3184 5590.76 21.8071
300 30 0.211 48.5934 5401.95 22.89
300 30 0.221 45.835 5260.93 23.3857
300 30 0.231 47.6639 5297.54 24.4842
300 30 0.241 46.1117 5166.54 23.5749
300 30 0.251 43.7864 5063.85 20.6184
300 30 0.261 42.7861 4993.8 21.1879
300 30 0.271 41.4713 4925.78 22.205
300 30 0.281 40.4163 4906.22 24.6196
300 30 0.291 38.4434 4837.48 27.3222
300 30 0.301 38.3044 4805.36 26.2157
300 30 0.311 36.9753 4737.72 28.4885
300 30 0.321 36.435 4736.61 27.639
300 30 0.331 34.8851 4657.53 28.8996
300 30 0.341 35.8177 4694.13 30.691
300 30 0.351 33.8272 4615.77 30.5424
300 30 0.361 33.4818 4619.7 30.6704
300 30 0.371 33.2461 4614.87 31.0919
300 30 0.381 31.6773 4595 30.8107
300 30 0.391 31.0969 4531.78 28.9115
300 30 0.401 30.8325 4538.5 30.1034
300 30 0.411 28.6658 4545 30.616
300 30 0.421 29.557 4522.27 32.1178
300 30 0.431 27.0672 4496.58 31.1199
300 30 0.441 28.121 4542.63 34.311
300 30 0.451 26.5096 4499.71 34.3838
300 30 0.461 26.9781 4498.94 34.0099
300 30 0.471 25.4264 4499.54 31.3068
300 30 0.481 26.0072 4503.02 32.134
300 30 0.491 25.5704 4518.13 32.7261
300 30 0.501 24.4381 4468.8 32.5479
300 30 0.511 24.3374 4466.04 33.0812
300 30 0.521 22.9494 4453.07 33.1671
300 30 0.531 22.5872 4419.67 34.7016
300 30 0.541 22.2858 4453.97 38.8215
300 30 0.551 22.5459 4478.62 39.3693
300 30 0.561 20.9201 4470.93 39.2284
300 30 0.571 22.0487 4480.95 36.5272
300 30 0.581 20.7438 4484.59 39.0982
300 30 0.591 20.3453 4468.68 38.4906
300 30 0.601 19.9876 4467.42 40.1813
300 30 0.611 20.414 4466.79 41.6914
300 30 0.621 19.3701 4455.14 41.6687
300 30 0.631 19.2562 4451.69 39.2073
300 30 0.641 18.6913 4453.63 38.8944
300 30 0.651 18.832 4488.71 39.4113
300 30 0.661 18.0474 4471.79 39.6197
300 30 0.671 18.5086 4492.83 39.8034
300 30 0.681 17.7178 4472.82 39.3884
300 30 0.691 17.3361 4475.47 39.796
300 30 0.701 17.1863 4481.03 40.4583
300 30 0.711 16.3233 4418.31 41.6005
300 30 0.721 16.4168 4461.48 44.3257
300 30 0.731 16.2083 4459.38 41.789
300 30 0.741 16.8038 4502.25 42.5836
300 30 0.751 16.0316 4482.03 42.5878
300 30 0.761 16.1878 4497.16 42.9558
300 30 0.771 15.3894 4474.21 43.0361
300 30 0.781 14.9003 4483.06 43.6119
300 30 0.791 15.1349 4499.95 43.8046
300 30 0.801 14.9179 4465.79 43.9166
300 30 0.811 14.573 4483.25 44.5499
300 30 0.821 14.6869 4468.97 44.8626
300 30 0.831 14.2953 4483.67 44.8743
300 30 0.841 14.5322 4510.41 45.6825
300 30 0.851 14.0728 4456.81 45.8353
300 30 0.861 13.7523 4513.68 46.3009
300 30 0.871 13.4291 4477.35 46.2325
300 30 0.881 13.779 4495.85 46.8125
300 30 0.891 13.2693 4493.4 46.9745
300 30 0.901 13.5843 4509.17 47.0772
300 30 0.911 13.548 4501.27 52.275
300 30 0.921 12.7972 4516.35 51.6394
300 30 0.931 12.684 4477.62 48.9331
300 30 0.941 12.9705 4510.68 49.7182
300 30 0.951 12.5888 4451.99 50.2717
300 30 0.961 12.2475 4464.84 50.329
300 30 0.971 12.3655 4469.35 50.6202
300 30 0.981 12.763 4491.56 51.3982
300 30 0.991 12.4747 4474.47 51.3788
300 30 1.001 12.4642 4472.91 52.1588
300 30 1.011 12.2189 4470.19 52.5601
300 30 1.021 12.0233 4483.23 52.8849
300 30 1.031 12.0902 4448.94 53.3142
300 30 1.041 12.1264 4439.96 53.955
300 30 1.051 12.2931 4462.58 56.9128
300 30 1.061 11.5606 4450.9 54.107
300 30 1.071 11.9464 4474.56 54.2691
300 30 1.081 11.907 4488.2 54.3
300 30 1.091 11.6718 4481.63 54.3516
300 30 1.101 11.6605 4477.65 54.7725
300 30 1.111 11.7849 4525.49 54.9878
300 30 1.121 11.7456 4485.6 54.5191
300 30 1.131 11.8195 4517.91 54.0243
300 30 1.141 11.5927 4483.94 53.5959
300 30 1.151 11.557 4495.85 55.28
300 30 1.161 11.9485 4536.18 55.8047
300 30 1.171 11.6363 4504.48 58.4014
300 30 1.181 11.5963 4514.3 56.3598
300 30 1.191 11.3739 4509.76 54.5645
300 30 1.201 11.5805 4560.34 56.6739
300 30 1.211 11.842 4557.75 55.7123
300 30 1.221 11.5148 4549.26 55.452
300 30 1.231 11.4988 4568.43 55.5813
300 30 1.241 11.3786 4578.08 55.7676
300 30 1.251 11.5375 4571.4 55.7004
300 30 1.261 11.5957 4643.82 56.3233
300 30 1.271 11.5487 4625.84 56.4943
300 30 1.281 11.5817 4602.74 56.4241
300 30 1.291 11.1979 4594.97 56.3074
300 30 1.301 11.4208 4612.36 56.6246
300 30 1.311 11.5428 4661.09 56.4595
300 30 1.321 11.5779 4660.7 56.8614
300 30 1.331 11.7246 4690.57 57.0752
300 30 1.341 11.4964 4653.98 56.9098
300 30 1.351 11.635 4691.66 57.0526
300 30 1.361 11.5979 4699.27 57.1708
300 30 1.371 11.6736 4733.46 61.1565
300 30 1.381 11.5071 4718.36 60.7385
300 30 1.391 11.8189 4725.15 57.6366
300 30 1.401 12.0237 4754.22 57.8416
300 30 1.411 11.5427 4732.86 57.6542
300 30 1.421 11.9041 4763.39 58.0768
300 30 1.431 12.0139 4773.58 58.1304
300 30 1.441 12.079 4797.38 57.8603
300 30 1.451 11.8849 4776.61 58.356
300 30 1.461 11.9024 4790.19 61.4559
300 30 1.471 12.1281 4834.26 62.1598
300 30 1.481 12.0415 4819.82 62.3161
300 30 1.491 11.8996 4833.83 58.5432
300 30 1.501 12.105 4800.89 58.377
300 30 1.511 12.1228 4827.32 58.2494
300 30 1.521 12.2905 4865.04 59.9046
300 30 1.531 12.4597 4863.16 60.9472
300 30 1.541 12.1991 4880.41 60.7582
300 30 1.551 12.4627 4923.43 60.7124
300 30 1.561 12.6286 4915.34 61.0334
300 30 1.571 12.3181 4890.8 60.4514
300 30 1.581 12.3982 4896.88 60.4534
300 30 1.591 12.7676 4951.04 61.3154
300 30 1.601 12.8091 4971.45 61.4784
300 30 1.611 12.8446 5012.51 62.6066
300 30 1.621 13.0087 5048.06 61.1642
300 30 1.631 13.2349 5068.75 59.7553
300 30 1.641 13.3181 5083.3 60.2486
300 30 1.651 13.3431 5107.55 60.3505
300 30 1.661 13.4211 5165.29 62.7669
300 30 1.671 13.73 5212.35 60.9375
300 30 1.681 13.8517 5227.82 61.1429
300 30 1.691 13.925 5264.71 61.5893
300 30 1.701 13.9308 5285.01 61.5412
300 30 1.711 14.2772 5339.11 61.956
300 30 1.721 14.3482 5388.52 62.1055
300 30 1.731 14.5103 5403.89 63.6434
300 30 1.741 14.5517 5439.56 65.6129
300 30 1.751 14.8307 5448.12 66.3455
300 30 1.761 15.1237 5525.31 66.399
300 30 1.771 15.1638 5520 66.4649
300 30 1.781 15.3938 5526.17 66.3552
300 30 1.791 15.4405 5580.94 67.1598
300 30 1.801 15.7895 5611.4 66.7542
300 30 1.811 15.9125 5615.69 67.1506
300 30 1.821 16.1886 5684.82 67.3102
300 30 1.831 16.0727 5686.1 67.3151
300 30 1.841 16.4171 5762.27 66.9636
300 30 1.851 16.5007 5753.01 65.149
300 30 1.861 16.503 5787.66 65.3754
300 30 1.871 16.7711 5817.31 65.4955
300 30 1.881 17.1258 5837.78 65.4525
300 30 1.891 17.1469 5857.53 65.5072
300 30 1.901 17.4064 5880.72 66.0065
300 30 1.911 17.6183 5915.67 65.8836
300 30 1.921 17.6713 5921.32 68.2815
300 30 1.931 17.8702 5951.72 68.8795
300 30 1.941 18.0933 5980.59 68.9429
300 30 1.951 18.3822 5990.84 66.682
300 30 1.961 18.5613 6005.77 68.477
300 30 1.971 18.6793 6031.96 69.1649
300 30 1.981 19.0533 6071.98 67.9302
300 30 1.991 19.1991 6080.33 67.6602
300 40 0.001 74.6057 10475.7 7.838
300 40 0.011 77.5454 10468.1 8.4666
300 40 0.021 74.1472 9921.18 9.0791
300 40 0.031 72.1032 9509.44 9.5231
300 40 0.041 70.6852 9133.76 10.2356
300 40 0.051 68.664 8703.36 10.9815
300 40 0.061 66.8895 8313.87 11.7281
300 40 0.071 66.3498 8109.29 12.469
300 40 0.081 63.4493 7778.96 13.1027
300 40 0.091 62.6717 7436.82 14.9475
300 40 0.101 59.6647 7155.98 16.8211
300 40 0.111 59.82 7033.38 17.9668
300 40 0.121 56.8622 6797.16 16.5744
300 40 0.131 54.2635 6495.76 16.4416
300 40 0.141 51.69 6284.73 19.491
300 40 0.151 52.0419 6246.9 20.8132
300 40 0.161 50.3989 6052.57 21.8565
300 40 0.171 48.1623 5867.71 21.5554
300 40 0.181 46.7848 5767.37 20.2254
300 40 0.191 46.5071 5773.91 23.6673
300 40 0.201 44.1466 5583.3 22.4251
300 40 0.211 42.0125 5489.29 24.4092
300 40 0.221 41.8726 5441.07 25.3387
300 40 0.231 39.7363 5402.92 25.5519
300 40 0.241 40.2845 5349.52 25.939
300 40 0.251 37.4622 5214.56 25.4367
300 40 0.261 35.8771 5158.37 27.0025
300 40 0.271 35.2615 5214.75 27.7093
300 40 0.281 34.9917 5141.84 28.5794
300 40 0.291 32.2437 5058.49 28.822
300 40 0.301 32.0862 5005.19 29.7458
300 40 0.311 30.8962 5022.94 29.5795
300 40 0.321 29.7629 5000.71 28.6809
300 40 0.331 29.6402 4985.77 27.19
300 40 0.341 28.1514 4917.53 27.2145
300 40 0.351 27.5391 4951.8 28.1234
300 40 0.361 26.5787 4922.63 31.5684
300 40 0.371 26.2416 4951.33 29.6075
300 40 0.381 26.2387 4924.41 28.1188
300 40 0.391 25.2692 4940.48 28.6629
300 40 0.401 25.0034 4911.46 29.244
300 40 0.411 24.6822 4888.23 29.482
300 40 0.421 23.0936 4886.78 29.789
300 40 0.431 23.006 4919.12 30.5744
300 40 0.441 22.7535 4860.56 30.9644
300 40 0.451 22.4685 4889.1 31.1212
300 40 0.461 22.0272 4907.37 31.8802
300 40 0.471 21.3732 4879.67 33.1603
300 40 0.481 20.5338 4894.22 37.906
300 40 0.491 20.6044 4898 38.1217
300 40 0.501 19.3358 4905.52 38.3713
300 40 0.511 19.1007 4911.19 39.3515
300 40 0.521 18.9543 4933.3 40.7222
300 40 0.531 17.8051 4887.13 40.3137
300 40 0.541 18.1972 4914.18 41.2399
300 40 0.551 17.7228 4913.77 40.8366
300 40 0.561 17.1943 4901.86 41.2459
300 40 0.571 17.6521 4898.63 37.6872
300 40 0.581 17.1026 4879.43 37.654
300 40 0.591 16.9056 4929.99 37.9546
300 40 0.601 16.4252 4912.67 38.775
300 40 0.611 15.8931 4952.75 39.4787
300 40 0.621 15.3 4926.34 39.5964
300 40 0.631 15.3123 4889.81 40.7314
300 40 0.641 14.9665 4890.87 42.9856
300 40 0.651 15.1386 4907.57 41.0536
300 40 0.661 14.711 4920.7 41.7815
300 40 0.671 15.3934 4958.63 46.8329
300 40 0.681 14.6236 4908.76 46.9974
300 40 0.691 14.7933 4956.73 47.9889
300 40 0.701 13.9522 4929.45 47.8115
300 40 0.711 13.9909 4941.4 48.6139
300 40 0.721 13.8738 4878.49 48.9408
300 40 0.731 13.7074 4916.03 49.1745
300 40 0.741 13.6605 4956.08 45.537
300 40 0.751 13.3047 4953.77 44.4851
300 40 0.761 13.0307 4923.97 44.7169
300 40 0.771 12.9481 4918.43 45.103
300 40 0.781 12.6176 4911.84 45.0039
300 40 0.791 12.4671 4926.3 45.7782
300 40 0.801 12.3435 4945.75 45.998
300 40 0.811 12.5051 4952.18 46.9071
300 40 0.821 12.1932 4919.46 46.8333
300 40 0.831 12.0816 4962.41 51.3686
300 40 0.841 11.9519 4945.36 48.2239
300 40 0.851 11.4045 4961.75 48.4378
300 40 0.861 12.1223 4969.25 49.3951
300 40 0.871 11.4091 4934.33 48.9545
300 40 0.881 11.6948 4959.56 50.2865
300 40 0.891 11.5792 4968.13 50.5627
300 40 0.901 11.3265 4987.47 50.7024
300 40 0.911 10.9458 4969.9 51.2304
300 40 0.921 11.0268 4953.04 51.5388
300 40 0.931 10.9428 4948.87 51.7038
300 40 0.941 11.2011 4953.9 52.3335
300 40 0.951 11.1373 4971.3 53.0747
300 40 0.961 10.8347 4952.24 53.2077
300 40 0.971 10.6931 4952.67 56.0238
300 40 0.981 10.5598 4913.46 58.1943
300 40 0.991 10.6642 4934.88 59.3333
300 40 1.001 10.177 4903.15 59.1713
300 40 1.011 10.4448 4920.1 59.8223
300 40 1.021 10.1661 4894.91 57.8252
300 40 1.031 10.3281 4905.87 60.1672
300 40 1.041 9.9843 4887.07 58.883
300 40 1.051 10.0019 4895.76 60.2437
300 40 1.061 9.9879 4881.34 61.2422
300 40 1.071 9.9786 4913.94 61.931
300 40 1.081 10.2772 4949.09 59.8044
300 40 1.091 10.0794 4897.01 57.8905
300 40 1.101 9.9314 4952.85 58.2128
300 40 1.111 9.9042 4919.16 61.4363
300 40 1.121 9.7971 4919.56 58.3688
300 40 1.131 10.2431 4972.64 58.9639
300 40 1.141 9.7976 4938.83 61.1377
300 40 1.151 9.9432 4971.11 62.8555
300 40 1.161 9.817 4954.7 60.4026
300 40 1.171 10.0082 4983.78 59.3452
300 40 1.181 9.9024 5024.48 60.0078
300 40 1.191 9.9915 4963.65 60.46
300 40 1.201 9.7721 4976.9 60.5177
300 40 1.211 10.075 5015.98 60.6053
300 40 1.221 10.0747 5014.64 60.9797
300 40 1.231 9.9546 5048.35 61.0886
300 40 1.241 9.9021 5049.63 61.1735
300 40 1.251 10.1248 5042.28 61.5097
300 40 1.261 10.0264 5083.71 61.6768
300 40 1.271 9.9618 5082.8 64.2869
300 40 1.281 9.9015 5083.41 65.321
300 40 1.291 10.1799 5099.21 65.4445
300 40 1.301 10.0446 5066.39 64.4653
300 40 1.311 10.1222 5124.83 65.5017
300 40 1.321 10.0808 5120.58 64.8158
300 40 1.331 10.0771 5124.56 65.5412
300 40 1.341 10.343 5142.4 64.8371
300 40 1.351 10.0878 5140.84 63.7789
300 40 1.361 10.1316 5177.22 65.8015
300 40 1.371 10.1939 5147.1 65.986
300 40 1.381 10.3903 5151.08 66.0555
300 40 1.391 10.4367 5190.39 66.1876
300 40 1.401 10.4732 5201.11 64.1623
300 40 1.411 10.3976 5233.78 62.8245
300 40 1.421 10.5268 5180.37 63.7615
300 40 1.431 10.2895 5189.1 65.9153
300 40 1.441 10.4586 5207.33 66.2454
300 40 1.451 10.3601 5246.47 63.3527
300 40 1.461 10.7206 5244.97 63.2053
300 40 1.471 10.5588 5272.49 62.8678
300 40 1.481 10.5078 5254.51 63.0472
300 40 1.491 10.8416 5296.43 64.2462
300 40 1.501 10.844 5304.3 66.1281
300 40 1.511 10.6189 5295 66.3009
300 40 1.521 10.8463 5332.92 64.0423
300 40 1.531 10.9184 5339.75 66.1601
300 40 1.541 10.7313 5319.83 63.0443
300 40 1.551 10.8634 5333.73 62.8032
300 40 1.561 10.9156 5336.24 62.9877
300 40 1.571 11.0353 5362.41 62.9415
300 40 1.581 11.0518 5367.3 62.9645
300 40 1.591 11.4509 5384.99 63.4029
300 40 1.601 11.4571 5430.26 63.5929
300 40 1.611 11.5463 5479.83 63.909
300 40 1.621 11.5593 5491.38 63.5458
300 40 1.631 11.7486 5552.88 64.4004
300 40 1.641 12.0379 5593.23 67.2871
300 40 1.651 12.0246 5598.27 65.7514
300 40 1.661 12.1932 5643.25 65.7721
300 40 1.671 12.2676 5667.72 66.8088
300 40 1.681 12.3986 5720.1 67.8324
300 40 1.691 12.4146 5722.62 68.3455
300 40 1.701 12.557 5764.34 68.6947
300 40 1.711 12.8596 5785.47 68.3746
300 40 1.721 13.2705 5885.96 67.9523
300 40 1.731 13.1916 5895.52 69.8904
300 40 1.741 13.471 5921.33 68.1701
300 40 1.751 13.4113 5956.39 67.7962
300 40 1.761 13.4894 5969.25 68.2955
300 40 1.771 13.7264 6016.84 67.344
300 40 1.781 13.9435 6067.8 68.6325
300 40 1.791 14.1139 6097.13 67.7177
300 40 1.801 14.1538 6111.65 67.5724
300 40 1.811 14.3312 6129.84 70.5153
300 40 1.821 14.5249 6177.9 71.2397
300 40 1.831 14.7242 6199.57 70.1187
300 40 1.841 14.9713 6241.67 68.721
300 40 1.851 14.998 6243.71 68.5256
300 40 1.861 15.1404 6268.61 68.5586
300 40 1.871 15.436 6286.06 68.8285
300 40 1.881 15.6877 6320.39 69.1529
300 40 1.891 15.7748 6343.19 68.7371
300 40 1.901 15.949 6374.57 69.3298
300 40 1.911 15.9944 6387.11 71.0886
300 40 1.921 16.2608 6443.49 69.3328
300 40 1.931 16.4231 6429.73 68.9712
300 40 1.941 16.5136 6454.36 68.8678
300 40 1.951 16.8114 6494.19 69.2781
300 40 1.961 16.9796 6495.9 69.2752
300 40 1.971 17.1275 6496.73 69.3961
300 40 1.981 17.3097 6534.13 70.418
300 40 1.991 17.4187 6543.99 70.4996
400 10 0.001 97.3938 11313.8 3.8287
400 10 0.011 103.79 11702.6 4.0073
400 10 0.021 99.8664 11389.3 4.3531
400 10 0.031 102.048 11461.8 4.6913
400 10 0.041 100.991 11246.7 5.1704
400 10 0.051 96.0268 10892.2 5.3064
400 10 0.061 99.525 11033.9 5.8788
400 10 0.071 94.7547 10618 6.1876
400 10 0.081 95.2775 10634.8 6.4892
400 10 0.091 94.1891 10439.7 6.876
400 10 0.101 92.7523 10320.1 7.4551
400 10 0.111 93.5203 10273.1 7.9102
400 10 0.121 90.1767 9987.32 10.8407
400 10 0.131 93.9323 10182.2 12.0775
400 10 0.141 93.5791 10088.7 11.5023
400 10 0.151 94.6876 10053.9 10.9269
400 10 0.161 93.3885 9907.32 11.2584
400 10 0.171 91.2364 9756.41 11.7905
400 10 0.181 90.0637 9577.51 12.5384
400 10 0.191 88.6237 9452.15 13.986
400 10 0.201 86.9624 9327.71 15.7283
400 10 0.211 87.336 9329.36 15.0483
400 10 0.221 84.5227 9136.87 15.0602
400 10 0.231 83.7701 8985.86 15.6052
400 10 0.241 81.9484 8831.02 16.1144
400 10 0.251 82.4311 8818.87 17.0855
400 10 0.261 84.8229 8888.06 17.4065
400 10 0.271 80.8307 8595.27 18.1457
400 10 0.281 81.8607 8647.79 18.908
400 10 0.291 82.0053 8520.87 18.3742
400 10 0.301 79.3724 8400.49 18.8196
400 10 0.311 77.7202 8252.97 19.4364
400 10 0.321 77.4946 8273.96 19.9238
400 10 0.331 78.8928 8278.39 20.5602
400 10 0.341 75.5033 8137.76 22.4119
400 10 0.351 75.1716 8039.53 21.6772
400 10 0.361 73.3766 7913.96 22.4793
400 10 0.371 73.8514 7952.07 23.1507
400 10 0.381 72.0911 7764.93 23.9126
400 10 0.391 71.45 7765.7 24.8089
400 10 0.401 72.1051 7688.21 25.4873
400 10 0.411 69.9241 7648.65 26.0825
400 10 0.421 66.7923 7503.58 26.5367
400 10 0.431 67.6972 7523.15 27.2565
400 10 0.441 69.7876 7546.94 27.9653
400 10 0.451 66.4067 7370.67 28.4321
400 10 0.461 63.884 7211.24 28.8395
400 10 0.471 66.4255 7358.42 30.0438
400 10 0.481 63.2778 7252.29 30.0502
400 10 0.491 62.818 7188.24 32.4934
400 10 0.501 62.6696 7144.29 35.4802
400 10 0.511 61.1971 7165.76 36.1579
400 10 0.521 60.4196 7106.25 32.6294
400 10 0.531 60.5896 7080.11 33.1898
400 10 0.541 59.8467 6978.16 33.7123
400 10 0.551 55.4487 6923.05 33.8845
400 10 0.561 58.1039 6944.5 35.4001
400 10 0.571 56.6078 6829.42 35.5613
400 10 0.581 54.8191 6805.3 36.1135
400 10 0.591 54.2963 6775.39 38.6799
400 10 0.601 53.76 6754.14 41.8946
400 10 0.611 51.613 6680.82 40.3411
400 10 0.621 53.1974 6793.78 40.0171
400 10 0.631 53.1906 6674.49 40.6189
400 10 0.641 51.7394 6725.79 45.2038
400 10 0.651 48.871 6580.94 46.1022
400 10 0.661 49.4857 6592.83 43.615
400 10 0.671 48.9581 6574.79 43.2952
400 10 0.681 47.8694 6545.63 44.004
400 10 0.691 48.1441 6537.5 45.1664
400 10 0.701 46.9545 6509.54 45.2594
400 10 0.711 47.1287 6517.29 46.4217
400 10 0.721 45.2046 6446.68 46.31
400 10 0.731 45.7401 6510.52 47.213
400 10 0.741 44.5803 6469.45 47.4259
400 10 0.751 42.8608 6428.99 48.036
400 10 0.761 42.932 6459.32 48.6919
400 10 0.771 43.5547 6458.21 51.515
400 10 0.781 42.6651 6393.77 50.9775
400 10 0.791 40.7448 6394.9 48.5034
400 10 0.801 40.9511 6413.1 54.3581
400 10 0.811 41.0385 6365.66 51.46
400 10 0.821 39.4 6354.42 55.2793
400 10 0.831 39.5918 6315.71 56.9997
400 10 0.841 39.1337 6332.68 56.9223
400 10 0.851 38.0596 6321.07 56.2145
400 10 0.861 38.2138 6329.61 57.0406
400 10 0.871 37.8632 6330.11 52.5699
400 10 0.881 37.2405 6359.26 55.6643
400 10 0.891 37.7064 6300.33 59.3507
400 10 0.901 37.6662 6350.64 57.439
400 10 0.911 36.9526 6377.03 58.0805
400 10 0.921 36.8586 6346.25 59.0444
400 10 0.931 36.0525 6342.76 58.998
400 10 0.941 36.3825 6304.48 59.8166
400 10 0.951 34.8168 6296.37 59.7993
400 10 0.961 35.8656 6365.31 61.0794
400 10 0.971 33.8572 6251.15 60.5298
400 10 0.981 34.7303 6300.32 62.3396
400 10 0.991 34.1185 6333.28 62.8253
400 10 1.001 32.6188 6278.72 62.1939
400 10 1.011 33.0324 6338.12 63.7884
400 10 1.021 32.6214 6305.3 63.9131
400 10 1.031 33.0388 6323.35 65.226
400 10 1.041 32.0237 6298.35 64.8518
400 10 1.051 31.5858 6319.15 67.8186
400 10 1.061 31.4403 6280.22 66.4291
400 10 1.071 31.4137 6273.07 66.0699
400 10 1.081 30.9911 6303.86 66.2092
400 10 1.091 30.8797 6262.14 69.5717
400 10 1.101 30.9748 6282.12 69.0459
400 10 1.111 31.0912 6287.59 70.4513
400 10 1.121 30.6418 6296.07 70.1454
400 10 1.131 29.3711 6306.61 66.4286
400 10 1.141 30.2663 6256.21 67.3582
400 10 1.151 29.9183 6311.39 67.6468
400 10 1.161 30.0719 6316.47 68.5903
400 10 1.171 30.244 6322.81 69.2855
400 10 1.181 29.565 6324.83 69.2332
400 10 1.191 29.3693 6337.87 69.8515
400 10 1.201 29.5754 6392.38 70.7834
400 10 1.211 29.4088 6363.63 71.2768
400 10 1.221 29.6045 6361.48 75.0819
400 10 1.231 29.1534 6399.83 75.0435
400 10 1.241 29.862 6398.29 74.7239
400 10 1.251 29.1671 6412.43 74.8555
400 10 1.261 29.0374 6432.83 75.4795
400 10 1.271 28.9831 6456.16 76.0947
400 10 1.281 29.1383 6415.7 76.2541
400 10 1.291 29.3245 6465.85 77.276
400 10 1.301 28.7688 6451.54 76.7154
400 10 1.311 28.5648 6497.43 77.914
400 10 1.321 29.0163 6455.66 77.7884
400 10 1.331 28.8899 6471.89 78.676
400 10 1.341 29.1263 6482.77 78.7541
400 10 1.351 28.666 6513 79.2151
400 10 1.361 28.4256 6505.92 79.0882
400 10 1.371 28.6321 6524.45 80.4037
400 10 1.381 29.0966 6555.55 81.1564
400 10 1.391 28.4963 6562.63 81.0227
400 10 1.401 29.2564 6574.15 82.175
400 10 1.411 28.3781 6590.07 81.9485
400 10 1.421 29.2828 6637.63 84.4581
400 10 1.431 28.916 6592.24 83.2921
400 10 1.441 28.8114 6604.94 82.105
400 10 1.451 28.3642 6575.43 81.9089
400 10 1.461 28.6084 6621.16 84.1802
400 10 1.471 29.3708 6652.02 84.4612
400 10 1.481 28.4035 6647.26 83.7244
400 10 1.491 28.5322 6650.63 84.3893
400 10 1.501 28.8557 6684.96 85.4612
400 10 1.511 28.9998 6692.38 87.2603
400 10 1.521 28.9946 6715.24 90.569
400 10 1.531 28.5426 6714.84 89.2612
400 10 1.541 29.3103 6766.85 90.8147
400 10 1.551 29.2496 6748.32 92.1727
400 10 1.561 29.3496 6769.95 92.4213
400 10 1.571 29.2683 6740.72 93.1321
400 10 1.581 29.4785 6801.54 92.7463
400 10 1.591 29.376 6798.1 91.4303
400 10 1.601 29.6149 6811.12 91.9552
400 10 1.611 29.1972 6830.65 91.9582
400 10 1.621 29.7417 6888.9 94.8194
400 10 1.631 29.7439 6858.06 96.3516
400 10 1.641 29.7157 6882.23 96.646
400 10 1.651 29.9851 6931.09 97.6761
400 10 1.661 30.1624 6928.85 98.1156
400 10 1.671 29.8481 6950.72 98.8001
400 10 1.681 30.1536 6964.83 95.7422
400 10 1.691 29.8346 6997.96 95.3679
400 10 1.701 30.0646 7015.81 96.1403
400 10 1.711 30.4572 7025.56 96.8251
400 10 1.721 30.6481 7079.15 97.4608
400 10 1.731 30.8791 7118.85 98.6772
400 10 1.741 30.7648 7101.78 98.6921
400 10 1.751 31.0673 7154.29 99.9442
400 10 1.761 30.9407 7188.53 100.622
400 10 1.771 31.2406 7192.48 101.954
400 10 1.781 31.298 7227.32 102.775
400 10 1.791 31.3015 7271.1 103.199
400 10 1.801 31.6167 7246.02 102.292
400 10 1.811 31.4166 7269.17 103.003
400 10 1.821 31.9403 7336.21 106.327
400 10 1.831 32.0718 7347.04 105.459
400 10 1.841 31.8736 7350.73 105.85
400 10 1.851 32.279 7375.76 106.573
400 10 1.861 32.5179 7417.64 106.518
400 10 1.871 32.8543 7457.47 107.347
400 10 1.881 32.9675 7484.44 108.437
400 10 1.891 33.4593 7530.46 110.95
400 10 1.901 33.319 7538.9 112.524
400 10 1.911 33.3702 7537.44 113.567
400 10 1.921 34.0223 7616.96 115.056
400 10 1.931 33.9161 7585.94 114.794
400 10 1.941 34.1535 7619.76 115.508
400 10 1.951 34.5223 7686.02 116.635
400 10 1.961 34.8013 7712.61 117.658
400 10 1.971 35.0009 7721.2 118.233
400 10 1.981 35.328 7763.43 119.117
400 10 1.991 35.4686 7784.09 119.897
400 20 0.001 97.2079 11764.8 7.0036
400 20 0.011 99.679 11794.6 7.6719
400 20 0.021 98.3623 11507.3 8.3025
400 20 0.031 97.3944 11199.3 8.909
400 20 0.041 98.1637 11109.2 9.1678
400 20 0.051 94.5868 10670.8 8.9201
400 20 0.061 95.6731 10584.9 9.578
400 20 0.071 94.3653 10370.8 10.8932
400 20 0.081 97.0268 10353.2 11.5385
400 20 0.091 92.5923 9831.05 12.1166
400 20 0.101 93.8045 9687.09 13.6519
400 20 0.111 87.8512 9226.2 13.9153
400 20 0.121 86.5005 8928.78 15.465
400 20 0.131 88.5818 8987.27 16.3025
400 20 0.141 87.1745 8654.94 17.0537
400 20 0.151 83.4126 8490.4 17.2094
400 20 0.161 81.5402 8215.18 18.3666
400 20 0.171 82.5171 8114.62 19.3042
400 20 0.181 81.7362 7981.24 18.3353
400 20 0.191 79.6899 7829.15 16.875
400 20 0.201 75.3335 7543.61 17.2058
400 20 0.211 74.469 7399.43 18.428
400 20 0.221 76.8116 7361.86 19.6124
400 20 0.231 75.7481 7224.54 20.3937
400 20 0.241 71.368 7000.91 20.3866
400 20 0.251 71.0746 6985.65 21.2007
400 20 0.261 68.1426 6771.57 21.502
400 20 0.271 68.3528 6676.53 22.7043
400 20 0.281 65.4213 6571.17 22.6605
400 20 0.291 64.1805 6405.24 23.6633
400 20 0.301 64.852 6379.31 24.3891
400 20 0.311 62.5746 6248.61 25.141
400 20 0.321 61.0197 6176.65 29.2607
400 20 0.331 61.0005 6159.65 28.689
400 20 0.341 58.6691 6073.65 27.9486
400 20 0.351 60.9021 6105.01 29.0617
400 20 0.361 56.5978 5917.91 28.9891
400 20 0.371 54.9255 5869.92 30.0552
400 20 0.381 54.9133 5841.82 30.5654
400 20 0.391 53.1228 5792.62 30.5764
400 20 0.401 52.2036 5690.48 31.2594
400 20 0.411 50.3243 5649.87 31.7201
400 20 0.421 49.1842 5613.71 32.1883
400 20 0.431 48.5761 5552.28 33.0676
400 20 0.441 47.9699 5586.44 33.4618
400 20 0.451 47.7218 5548.5 34.3731
400 20 0.461 47.1654 5539.29 35.0057
400 20 0.471 45.2053 5454.02 35.0247
400 20 0.481 44.4339 5469.2 38.0174
400 20 0.491 44.4983 5433.22 39.4626
400 20 0.501 42.3747 5406.72 38.8674
400 20 0.511 42.8332 5426.54 40.0381
400 20 0.521 41.3306 5448.43 38.7726
400 20 0.531 41.1627 5370.64 40.9361
400 20 0.541 40.7694 5390.64 41.5197
400 20 0.551 40.034 5340.55 40.1869
400 20 0.561 38.1915 5344.74 38.2907
400 20 0.571 38.1163 5317.67 39.1221
400 20 0.581 37.3949 5345.6 41.3055
400 20 0.591 35.7872 5316.67 43.2615
400 20 0.601 35.3207 5298.89 44.1753
400 20 0.611 35.6851 5323.19 43.2517
400 20 0.621 34.8315 5303.85 40.8713
400 20 0.631 33.7968 5320.09 41.0317
400 20 0.641 33.1811 5353.12 42.4928
400 20 0.651 32.4647 5305.38 46.1497
400 20 0.661 33.1322 5339.99 46.2485
400 20 0.671 32.5391 5273.98 44.5505
400 20 0.681 32.4038 5332.81 47.2989
400 20 0.691 30.3494 5251.81 42.8303
400 20 0.701 30.5503 5362.47 43.996
400 20 0.711 30.0932 5297.1 44.2849
400 20 0.721 29.7451 5333.65 45.206
400 20 0.731 28.572 5296.33 47.2052
400 20 0.741 28.6688 5355.13 48.6299
400 20 0.751 28.4682 5297.79 51.6615
400 20 0.761 27.0474 5294.69 52.2044
400 20 0.771 26.6081 5287.85 52.4695
400 20 0.781 27.0262 5281.66 51.3389
400 20 0.791 25.9294 5310.07 48.2519
400 20 0.801 26.2903 5335.14 48.6194
400 20 0.811 26.3357 5343.31 49.4124
400 20 0.821 25.5631 5310.09 49.248
400 20 0.831 24.802 5279.59 49.1017
400 20 0.841 24.7995 5319.56 51.7553
400 20 0.851 25.4034 5339.1 55.2853
400 20 0.861 23.9075 5321.35 53.8652
400 20 0.871 23.4519 5306.67 52.998
400 20 0.881 23.9636 5309.18 53.4555
400 20 0.891 23.3268 5277.04 53.9842
400 20 0.901 23.6709 5326.3 55.06
400 20 0.911 23.7357 5335.41 55.5613
400 20 0.921 22.5966 5341.42 55.3252
400 20 0.931 22.8271 5341.24 55.8234
400 20 0.941 22.4793 5351.62 56.5142
400 20 0.951 21.9695 5328.38 56.5996
400 20 0.961 22.1319 5311.03 57.2988
400 20 0.971 21.4863 5358.32 57.3459
400 20 0.981 21.8519 5351.66 58.3115
400 20 0.991 21.3295 5338.94 58.5983
400 20 1.001 21.2351 5378.77 59.274
400 20 1.011 20.7406 5299.81 59.3315
400 20 1.021 20.4446 5250.79 61.3267
400 20 1.031 20.6784 5331.14 61.693
400 20 1.041 20.3079 5325.33 61.353
400 20 1.051 19.815 5288.96 61.0004
400 20 1.061 20.3949 5366.3 61.4253
400 20 1.071 20.1015 5343.03 59.8344
400 20 1.081 19.8873 5354.39 60.3462
400 20 1.091 19.8446 5343.86 60.391
400 20 1.101 19.5329 5320.38 60.2299
400 20 1.111 19.7677 5361.51 61.2391
400 20 1.121 19.5181 5350.42 61.0779
400 20 1.131 19.3461 5354.24 60.0042
400 20 1.141 19.359 5324.98 60.1761
400 20 1.151 19.9059 5405.43 61.1824
400 20 1.161 19.5901 5403.12 61.1978
400 20 1.171 19.7727 5391.87 61.7044
400 20 1.181 19.525 5419.69 65.65
400 20 1.191 19.0587 5442.96 63.4901
400 20 1.201 19.1984 5452 64.0963
400 20 1.211 19.1238 5431.53 64.2148
400 20 1.221 19.1522 5448.39 64.2987
400 20 1.231 19.4846 5409.79 65.4632
400 20 1.241 19.4513 5500.71 65.652
400 20 1.251 19.2473 5514.77 67.4973
400 20 1.261 18.9184 5553.43 65.3079
400 20 1.271 19.5896 5579.27 66.0297
400 20 1.281 19.3312 5591.67 66.9068
400 20 1.291 19.4355 5599.3 70.1411
400 20 1.301 19.2337 5585.45 71.3091
400 20 1.311 19.2943 5626.1 71.4847
400 20 1.321 19.723 5642.25 72.6429
400 20 1.331 19.4333 5640.27 72.34
400 20 1.341 19.2019 5661.55 71.866
400 20 1.351 19.016 5627.27 69.1886
400 20 1.361 19.4434 5655.45 70.2207
400 20 1.371 19.0876 5693.42 69.8558
400 20 1.381 19.3052 5678.93 70.1312
400 20 1.391 19.3699 5642.17 70.436
400 20 1.401 19.6313 5722.63 70.8208
400 20 1.411 19.568 5752.67 71.2827
400 20 1.421 19.4527 5728.51 71.0432
400 20 1.431 19.7526 5822.05 72.1027
400 20 1.441 20.0106 5812.41 73.0199
400 20 1.451 19.9293 5813.51 72.5121
400 20 1.461 19.7892 5779.88 72.6385
400 20 1.471 20.0759 5812.87 72.714
400 20 1.481 19.7244 5846.45 72.6282
400 20 1.491 19.9597 5884.86 73.2861
400 20 1.501 19.7404 5832.94 73.12
400 20 1.511 20.061 5851.69 74.5916
400 20 1.521 19.7867 5883.39 72.2318
400 20 1.531 20.0533 5889.71 72.4018
400 20 1.541 20.3523 5892.56 75.1401
400 20 1.551 20.2085 5894.11 76.5912
400 20 1.561 20.3594 5913.34 78.4877
400 20 1.571 20.5482 5957.01 78.8402
400 20 1.581 20.5075 5976.31 77.3904
400 20 1.591 20.7043 5994.97 76.1337
400 20 1.601 20.6836 6009.3 79.7214
400 20 1.611 20.6777 6037.46 79.6694
400 20 1.621 21.1656 6096.33 80.9341
400 20 1.631 20.7711 6113.93 79.8704
400 20 1.641 21.0959 6147.74 80.9569
400 20 1.651 21.573 6215.08 81.6469
400 20 1.661 21.224 6210.23 81.4317
400 20 1.671 21.47 6279.55 80.7008
400 20 1.681 21.8839 6293.23 82.495
400 20 1.691 21.9664 6316.96 81.3873
400 20 1.701 22.5005 6389.48 81.4016
400 20 1.711 22.3078 6414.47 83.029
400 20 1.721 22.6452 6450.51 84.2502
400 20 1.731 22.9034 6520.26 85.0892
400 20 1.741 22.8106 6491.71 84.0226
400 20 1.751 23.0187 6584.78 85.915
400 20 1.761 23.2064 6617.63 85.8381
400 20 1.771 23.4012 6626.29 86.4944
400 20 1.781 23.7719 6705.93 87.1136
400 20 1.791 24.0849 6702.75 87.5489
400 20 1.801 23.9703 6724.85 87.3533
400 20 1.811 24.5544 6822.77 88.4143
400 20 1.821 24.4131 6785.54 84.9969
400 20 1.831 24.9476 6889.67 85.4196
400 20 1.841 25.1465 6919.85 85.8109
400 20 1.851 25.4858 6919.22 86.6947
400 20 1.861 25.4687 6976.6 89.4728
400 20 1.871 25.8451 7053.06 89.1609
400 20 1.881 25.9239 7043.65 90.771
400 20 1.891 26.2035 7124.63 91.3436
400 20 1.901 26.5544 7137.41 91.2689
400 20 1.911 26.8604 7140.79 91.89
400 20 1.921 27.1058 7196.53 91.6683
400 20 1.931 27.2616 7226.86 89.7219
400 20 1.941 27.5069 7258.6 90.392
400 20 1.951 27.8195 7307.33 90.5597
400 20 1.961 28.0424 7341.31 91.2788
400 20 1.971 28.7165 7393.48 92.0251
400 20 1.981 28.6125 7362.13 92.1168
400 20 1.991 28.9438 7418.72 92.6298
400 30 0.001 102.151 12279.2 6.4828
400 30 0.011 101.146 11880.8 6.9384
400 30 0.021 98.8625 11457.3 7.4464
400 30 0.031 98.5063 11173.7 8.4178
400 30 0.041 98.7619 10849.2 8.8078
400 30 0.051 95.3435 10417.3 9.4967
400 30 0.061 90.95 9862.52 11.5685
400 30 0.071 92.2433 9667.5 12.4328
400 30 0.081 91.1437 9376.2 12.9995
400 30 0.091 88.2247 8959.07 14.236
400 30 0.101 86.1874 8603.27 14.8783
400 30 0.111 83.0727 8364.48 15.5268
400 30 0.121 82.4834 8160.48 16.2756
400 30 0.131 81.8621 7865.76 17.1629
400 30 0.141 80.5809 7789.07 17.9184
400 30 0.151 77.2978 7409.6 18.5404
400 30 0.161 75.9892 7322.64 19.4761
400 30 0.171 75.0713 7119.55 20.4222
400 30 0.181 72.2661 6894.5 21.5146
400 30 0.191 70.2442 6779.94 21.6
400 30 0.201 68.9291 6609.25 22.6249
400 30 0.211 70.478 6570.53 23.7714
400 30 0.221 64.5426 6341.78 23.0337
400 30 0.231 63.3276 6258.12 22.4734
400 30 0.241 61.0278 6137.58 23.3816
400 30 0.251 60.0856 6049.29 23.9778
400 30 0.261 58.3657 5900.05 24.7797
400 30 0.271 58.5128 5898.78 25.3878
400 30 0.281 52.7415 5711.53 25.9077
400 30 0.291 53.3117 5669.51 26.3853
400 30 0.301 52.7216 5682.11 27.4178
400 30 0.311 49.1468 5546.2 26.9781
400 30 0.321 48.9702 5527.31 28.8097
400 30 0.331 48.0778 5530.61 30.0477
400 30 0.341 47.1874 5432.98 30.1815
400 30 0.351 47.6446 5472.18 31.5427
400 30 0.361 45.0836 5381.17 33.8195
400 30 0.371 43.1871 5371.14 33.881
400 30 0.381 43.429 5336.28 34.2388
400 30 0.391 41.7088 5323.14 30.6485
400 30 0.401 41.1977 5291.48 31.1657
400 30 0.411 40.4346 5333.62 32.1642
400 30 0.421 40.5588 5316.96 32.5739
400 30 0.431 37.8455 5279.1 34.79
400 30 0.441 37.7522 5225.26 34.3008
400 30 0.451 36.1882 5279.86 35.1494
400 30 0.461 36.9418 5303.26 36.2058
400 30 0.471 36.5846 5258.94 36.297
400 30 0.481 33.7745 5209.42 36.2877
400 30 0.491 33.9982 5269.65 36.7765
400 30 0.501 32.7559 5203.35 37.1425
400 30 0.511 32.157 5196.83 37.8038
400 30 0.521 31.1098 5243.17 38.1904
400 30 0.531 31.6591 5235.03 38.8333
400 30 0.541 29.6085 5220.76 38.7491
400 30 0.551 29.9009 5253.33 39.6349
400 30 0.561 28.7306 5220.07 40.5144
400 30 0.571 28.3699 5207.69 43.4727
400 30 0.581 27.7425 5282.81 43.5085
400 30 0.591 27.2717 5224.76 40.0183
400 30 0.601 27.4625 5236.73 40.7828
400 30 0.611 25.8147 5178.17 41.9315
400 30 0.621 26.1193 5245.77 46.168
400 30 0.631 25.8071 5264.58 46.1274
400 30 0.641 24.9513 5174.62 45.6632
400 30 0.651 25.0711 5276.15 44.0099
400 30 0.661 25.6605 5313.2 42.9338
400 30 0.671 23.9246 5276.75 42.8343
400 30 0.681 23.7613 5254.93 43.7106
400 30 0.691 24.585 5293.34 44.6306
400 30 0.701 22.9691 5250.36 47.3103
400 30 0.711 22.6354 5241.66 49.3003
400 30 0.721 22.7516 5275.68 50.3411
400 30 0.731 23.1926 5263.76 50.8503
400 30 0.741 22.0599 5316.24 51.4202
400 30 0.751 20.6448 5274.35 47.3674
400 30 0.761 21.056 5294.73 50.4215
400 30 0.771 21.0943 5241.57 50.5569
400 30 0.781 20.8122 5333.37 53.1639
400 30 0.791 20.0862 5302.09 52.4013
400 30 0.801 20.517 5344.44 51.2032
400 30 0.811 19.7882 5277.49 49.3213
400 30 0.821 19.5795 5330.81 49.5621
400 30 0.831 19.9448 5332.46 50.5013
400 30 0.841 19.7655 5304.06 50.373
400 30 0.851 18.7421 5337.26 50.4966
400 30 0.861 19.1868 5311.72 51.5375
400 30 0.871 18.6721 5286.87 53.2375
400 30 0.881 18.9606 5286.77 56.8619
400 30 0.891 18.0495 5305.02 56.9727
400 30 0.901 18.1041 5277.75 53.5256
400 30 0.911 18.154 5333.29 55.1878
400 30 0.921 17.9149 5332.92 53.544
400 30 0.931 17.0893 5290.68 52.9033
400 30 0.941 17.4122 5303.13 53.9341
400 30 0.951 17.1641 5339.86 56.6982
400 30 0.961 16.8792 5275.17 59.7361
400 30 0.971 16.9538 5337.21 60.0757
400 30 0.981 16.6714 5288.72 60.2176
400 30 0.991 16.6986 5287.76 60.2516
400 30 1.001 16.8212 5305.23 57.7495
400 30 1.011 16.8687 5310.76 58.1141
400 30 1.021 16.143 5301.71 58.2194
400 30 1.031 16.3077 5308.58 58.7246
400 30 1.041 16.3253 5318.55 59.419
400 30 1.051 15.8467 5291.91 59.6871
400 30 1.061 16.0909 5294.05 59.9489
400 30 1.071 15.7788 5295.45 60.225
400 30 1.081 15.4795 5280.63 60.3357
400 30 1.091 15.8754 5308.96 60.3526
400 30 1.101 15.3644 5305.14 60.2782
400 30 1.111 15.4378 5345.8 60.6577
400 30 1.121 15.6943 5398.24 61.2065
400 30 1.131 16.0095 5298.24 61.574
400 30 1.141 16.001 5359 61.9218
400 30 1.151 15.6263 5375.25 61.8094
400 30 1.161 15.8107 5394.93 62.4112
400 30 1.171 15.7888 5418.27 62.8189
400 30 1.181 15.4344 5370.19 65.017
400 30 1.191 15.7101 5430.27 67.1544
400 30 1.201 15.6302 5389.58 67.2264
400 30 1.211 15.9955 5452.76 67.9437
400 30 1.221 15.8224 5453.72 67.5407
400 30 1.231 15.7755 5474.69 67.5237
400 30 1.241 15.8587 5512.36 64.7256
400 30 1.251 15.5434 5475.25 64.3497
400 30 1.261 15.8898 5486.94 66.0181
400 30 1.271 15.3434 5524.86 65.4224
400 30 1.281 15.639 5578.9 65.6844
400 30 1.291 15.9592 5518.59 65.9149
400 30 1.301 15.7433 5556.14 66.3806
400 30 1.311 15.7469 5540.57 66.0308
400 30 1.321 15.6346 5588.99 66.5065
400 30 1.331 15.8985 5643.43 66.7389
400 30 1.341 15.9257 5592.35 66.7639
400 30 1.351 15.7896 5633 67.3902
400 30 1.361 15.9621 5681.68 67.5216
400 30 1.371 15.8734 5693.19 67.5693
400 30 1.381 15.6473 5690.65 67.2447
400 30 1.391 16.0356 5709.02 67.734
400 30 1.401 16.2259 5737.11 68.0387
400 30 1.411 16.2937 5749.37 68.1509
400 30 1.421 15.9924 5738.69 67.995
400 30 1.431 16.6488 5777 68.7687
400 30 1.441 16.1924 5773.36 68.5371
400 30 1.451 16.256 5804.82 69.6013
400 30 1.461 16.0166 5796.56 69.4686
400 30 1.471 16.5151 5807.57 69.5868
400 30 1.481 16.4479 5825.09 70.9945
400 30 1.491 16.4984 5847.01 73.3989
400 30 1.501 16.5866 5898.34 73.2373
400 30 1.511 16.8295 5870.63 70.3532
400 30 1.521 16.5466 5846.33 72.5833
400 30 1.531 16.7605 5899.25 73.7213
400 30 1.541 16.6555 5883.93 73.0397
400 30 1.551 16.9712 5951.12 73.7814
400 30 1.561 16.9258 5961.16 73.4345
400 30 1.571 16.9654 5932.6 72.8074
400 30 1.581 17.0158 5950.15 71.5442
400 30 1.591 17.1874 5969.37 71.5386
400 30 1.601 17.3526 6004.26 71.1634
400 30 1.611 17.4558 6056.32 72.735
400 30 1.621 17.6712 6157.88 72.3477
400 30 1.631 18.0197 6165.45 72.3488
400 30 1.641 18.0171 6229.9 73.0256
400 30 1.651 18.3903 6336.92 73.6677
400 30 1.661 18.5114 6326.05 73.5615
400 30 1.671 18.3788 6341.95 74.3387
400 30 1.681 18.5083 6387.45 76.4727
400 30 1.691 19.2201 6442.18 77.0545
400 30 1.701 19.377 6519.48 77.5085
400 30 1.711 19.4209 6525.18 75.8347
400 30 1.721 19.6878 6552.84 75.5408
400 30 1.731 19.6704 6624.07 76.872
400 30 1.741 19.8556 6685.54 76.68
400 30 1.751 20.0497 6733.99 76.9377
400 30 1.761 20.2918 6731.54 77.1921
400 30 1.771 20.6469 6783.63 77.462
400 30 1.781 20.6199 6842.67 77.6645
400 30 1.791 21.0808 6879.26 78.3133
400 30 1.801 21.3775 6891.53 78.6947
400 30 1.811 21.5341 6949.05 79.403
400 30 1.821 21.7371 7042.2 82.1305
400 30 1.831 21.9136 7037.5 82.5724
400 30 1.841 22.3123 7079.76 81.7484
400 30 1.851 22.4604 7123.37 81.2982
400 30 1.861 22.7716 7141.72 81.7082
400 30 1.871 22.9202 7211.27 82.4599
400 30 1.881 23.1827 7219.39 83.3095
400 30 1.891 23.54 7278.02 83.0146
400 30 1.901 23.6347 7312.6 83.2492
400 30 1.911 23.8774 7338.89 83.5221
400 30 1.921 24.3067 7342.47 83.4933
400 30 1.931 24.2735 7379.54 84.0752
400 30 1.941 24.822 7449.87 84.8254
400 30 1.951 24.9239 7449.45 84.6439
400 30 1.961 25.2323 7503.38 85.2266
400 30 1.971 25.4428 7515.12 85.5275
400 30 1.981 25.787 7558.12 85.8353
400 30 1.991 25.9988 7568.97 86.598
400 40 0.001 100.083 13267.3 8.3666
400 40 0.011 102.917 13155.7 9.0433
400 40 0.021 98.2766 12283.6 9.6613
400 40 0.031 96.8137 11793.2 10.3893
400 40 0.041 96.4309 11411.9 11.1457
400 40 0.051 92.4324 10772.7 11.7956
400 40 0.061 90.7936 10417.7 12.7354
400 40 0.071 88.5066 9915 14.0057
400 40 0.081 87.9533 9572.05 14.0415
400 40 0.091 84.0436 9094.86 14.5381
400 40 0.101 84.0082 8962.84 15.3087
400 40 0.111 77.9885 8312.8 17.249
400 40 0.121 75.2708 8088.56 17.8554
400 40 0.131 74.8194 7852.27 18.6618
400 40 0.141 74.6916 7666.18 20.0997
400 40 0.151 69.5516 7352.94 21.6678
400 40 0.161 64.4763 7010.29 19.4642
400 40 0.171 64.0644 6942.3 23.2441
400 40 0.181 64.0055 6760.1 22.1746
400 40 0.191 63.8761 6764.44 24.382
400 40 0.201 58.033 6519.25 22.8446
400 40 0.211 56.6516 6361.98 26.6316
400 40 0.221 57.0714 6358.29 25.0791
400 40 0.231 55.3057 6224.21 26.367
400 40 0.241 54.2123 6195.21 28.1863
400 40 0.251 51.7966 6049.22 29.0719
400 40 0.261 50.4699 6042.53 30.1267
400 40 0.271 48.0197 5923.77 26.4393
400 40 0.281 46.656 5888.08 26.487
400 40 0.291 45.5249 5798.31 26.9471
400 40 0.301 43.7132 5799.95 27.5038
400 40 0.311 42.2222 5783.13 27.9211
400 40 0.321 42.3595 5775.97 29.204
400 40 0.331 40.0221 5660.4 33.2944
400 40 0.341 39.6842 5720.85 34.2096
400 40 0.351 38.179 5705.28 34.8059
400 40 0.361 37.2649 5676.29 33.8347
400 40 0.371 37.1971 5687.78 32.6328
400 40 0.381 34.8282 5613.43 30.8305
400 40 0.391 34.709 5647.34 31.7411
400 40 0.401 34.2076 5637.12 32.3587
400 40 0.411 33.6756 5628.31 34.823
400 40 0.421 31.9498 5621.8 39.6392
400 40 0.431 30.7013 5656.29 39.6495
400 40 0.441 31.1132 5621.98 36.4751
400 40 0.451 30.9794 5612.21 34.9986
400 40 0.461 29.6333 5633.86 35.332
400 40 0.471 29.4921 5605.44 36.0678
400 40 0.481 27.7619 5621.78 36.0879
400 40 0.491 28.1175 5629.74 40.4514
400 40 0.501 26.752 5614.67 41.9745
400 40 0.511 25.6914 5646.05 42.6678
400 40 0.521 26.0293 5661.11 39.5521
400 40 0.531 25.5842 5664.3 44.2643
400 40 0.541 25.704 5664.61 45.9033
400 40 0.551 24.2227 5595.84 45.7196
400 40 0.561 24.2114 5625.81 45.6504
400 40 0.571 22.6695 5691.32 41.3512
400 40 0.581 23.068 5695.41 45.8867
400 40 0.591 23.0921 5686.07 46.1377
400 40 0.601 22.6767 5628.78 46.9388
400 40 0.611 21.2356 5655.73 47.2441
400 40 0.621 21.2366 5650.82 48.206
400 40 0.631 21.587 5641.51 45.3865
400 40 0.641 21.53 5670.92 44.3164
400 40 0.651 20.4454 5622.41 44.1198
400 40 0.661 20.1509 5686.45 44.7185
400 40 0.671 19.6046 5678.87 44.9151
400 40 0.681 20.5974 5678.96 46.1222
400 40 0.691 19.0427 5703.74 46.5098
400 40 0.701 19.0066 5711.96 52.2127
400 40 0.711 19.2761 5739.4 52.0457
400 40 0.721 18.96 5712.93 49.9328
400 40 0.731 18.2498 5735.63 48.9809
400 40 0.741 18.5008 5765.14 50.3231
400 40 0.751 18.0195 5722.85 50.0469
400 40 0.761 18.0474 5704.09 50.5294
400 40 0.771 18.2696 5752.61 51.255
400 40 0.781 17.728 5745.46 51.5506
400 40 0.791 17.1933 5757.11 51.6359
400 40 0.801 17.2416 5726.61 52.4301
400 40 0.811 16.5408 5699.5 52.7692
400 40 0.821 16.7706 5759.66 53.4794
400 40 0.831 16.615 5719.73 54.1752
400 40 0.841 16.2527 5735.25 54.5567
400 40 0.851 16.1329 5727.57 59.4133
400 40 0.861 16.3508 5704.32 60.9347
400 40 0.871 16.168 5791.3 57.8028
400 40 0.881 15.5121 5724.98 56.3092
400 40 0.891 15.6801 5726.72 58.3811
400 40 0.901 15.2296 5754.85 57.0198
400 40 0.911 15.4431 5761.58 62.0401
400 40 0.921 15.1784 5758.97 61.4986
400 40 0.931 15.082 5753.57 59.5164
400 40 0.941 14.8667 5729.68 62.8155
400 40 0.951 15.1104 5717.51 62.3374
400 40 0.961 15.0907 5785.44 61.8112
400 40 0.971 14.4094 5723.98 61.4206
400 40 0.981 14.6451 5804.08 61.1903
400 40 0.991 14.1335 5742.97 60.1006
400 40 1.001 14.6432 5750.69 61.1258
400 40 1.011 14.0154 5725.33 60.7202
400 40 1.021 14.2671 5722.62 61.6889
400 40 1.031 14.5314 5739.27 62.5436
400 40 1.041 13.642 5735.8 62.4113
400 40 1.051 13.729 5757.46 62.7833
400 40 1.061 13.6782 5719.18 63.2919
400 40 1.071 13.7479 5724.35 63.6447
400 40 1.081 13.5122 5704.46 63.9985
400 40 1.091 13.4959 5736.99 64.2498
400 40 1.101 13.6128 5719.14 64.8408
400 40 1.111 14.0209 5799.97 65.3623
400 40 1.121 13.4669 5821.62 65.6995
400 40 1.131 13.6782 5777.11 67.2218
400 40 1.141 13.6849 5774.45 70.3753
400 40 1.151 13.8039 5789.82 68.9019
400 40 1.161 13.6489 5814.14 68.6701
400 40 1.171 13.3567 5789.07 68.6908
400 40 1.181 13.157 5799.96 68.5199
400 40 1.191 13.4553 5863.26 69.8761
400 40 1.201 13.4741 5867.75 67.6425
400 40 1.211 13.6514 5893.92 67.6361
400 40 1.221 13.5423 5886.81 67.6948
400 40 1.231 13.6368 5898.1 68.1546
400 40 1.241 13.7772 5898.72 68.6271
400 40 1.251 13.5831 5904.5 68.0902
400 40 1.261 13.4363 5914.01 68.6406
400 40 1.271 13.7408 5991.58 69.0573
400 40 1.281 13.7426 5986.46 72.9376
400 40 1.291 13.6433 5975.65 69.7285
400 40 1.301 13.9859 5989.25 70.889
400 40 1.311 14.0509 6011.55 70.3764
400 40 1.321 14.2058 6054.5 70.5668
400 40 1.331 13.9707 6061.72 70.8437
400 40 1.341 13.9333 6063.25 70.9597
400 40 1.351 14.0355 6079.28 72.4237
400 40 1.361 14.5013 6142.32 71.9566
400 40 1.371 13.7609 6094.88 71.0435
400 40 1.381 14.1581 6140.34 71.866
400 40 1.391 14.318 6143.67 72.867
400 40 1.401 13.9317 6142.36 71.7461
400 40 1.411 13.9723 6138.65 74.7971
400 40 1.421 14.268 6179.92 75.5871
400 40 1.431 14.5089 6203.38 73.4133
400 40 1.441 14.2125 6210.53 74.9505
400 40 1.451 14.73 6283.8 74.4918
400 40 1.461 14.3336 6238.62 74.0352
400 40 1.471 14.3181 6253.02 74.2369
400 40 1.481 14.4222 6289.37 74.1773
400 40 1.491 14.7257 6270.42 74.4809
400 40 1.501 15.1832 6364.57 75.1018
400 40 1.511 14.6906 6272.69 74.0227
400 40 1.521 14.8247 6355.88 76.0851
400 40 1.531 14.8095 6350 76.571
400 40 1.541 14.8259 6311.27 73.9755
400 40 1.551 15.1164 6396.53 73.4507
400 40 1.561 14.8247 6388.16 73.2365
400 40 1.571 15.006 6392.14 72.8219
400 40 1.581 15.2455 6397.53 73.0573
400 40 1.591 15.2486 6432.38 73.2934
400 40 1.601 15.3611 6532.16 73.9373
400 40 1.611 15.8517 6582.59 74.5042
400 40 1.621 15.8475 6583.05 74.5897
400 40 1.631 16.0915 6668.26 75.4382
400 40 1.641 16.1685 6696.08 75.3862
400 40 1.651 16.575 6782.71 79.6543
400 40 1.661 16.4115 6815.14 77.9038
400 40 1.671 16.7188 6829.59 76.9647
400 40 1.681 16.8937 6893.22 77.745
400 40 1.691 17.2754 6988 80.7247
400 40 1.701 17.532 6996.04 80.1602
400 40 1.711 17.4986 7075.09 78.4736
400 40 1.721 17.8582 7126.97 79.4415
400 40 1.731 17.9422 7123.52 81.2095
400 40 1.741 18.1374 7188.84 81.0973
400 40 1.751 18.4203 7264.93 81.6252
400 40 1.761 18.8335 7320.92 82.6623
400 40 1.771 18.8794 7373.6 82.6521
400 40 1.781 18.8932 7393.94 82.3822
400 40 1.791 19.3198 7397.82 83.0411
400 40 1.801 19.5409 7491.06 83.4211
400 40 1.811 19.7962 7541.55 84.0807
400 40 1.821 19.9727 7563.53 84.4806
400 40 1.831 20.189 7600 84.9377
400 40 1.841 20.3627 7592.04 84.9811
400 40 1.851 20.7067 7666.32 85.6081
400 40 1.861 21.164 7729.04 85.7552
400 40 1.871 21.0846 7729.38 84.5817
400 40 1.881 21.429 7798.86 84.9743
400 40 1.891 21.6571 7833.04 85.2978
400 40 1.901 21.6787 7799.96 85.1004
400 40 1.911 22.1872 7872.74 85.4751
400 40 1.921 22.3108 7906.71 85.6099
400 40 1.931 22.521 7919.59 86.3245
400 40 1.941 22.7268 7953.04 86.3122
400 40 1.951 23.0478 7999.69 86.5796
400 40 1.961 23.3561 8007.19 86.658
400 40 1.971 23.4495 8030.45 86.5326
400 40 1.981 23.6796 8067.21 86.6726
400 40 1.991 23.9826 8073.03 86.3487
