200 10 0.001 481.405 1.8266e-06
200 10 0.011 468.536 2.1931e-06
200 10 0.021 461.504 2.2711e-06
200 10 0.031 450.046 2.2435e-06
200 10 0.041 450.73 2.2538e-06
200 10 0.051 442.061 2.2458e-06
200 10 0.061 423.842 2.1879e-06
200 10 0.071 412.508 2.1542e-06
200 10 0.081 406.055 2.1326e-06
200 10 0.091 411.048 2.1748e-06
200 10 0.101 405.176 2.1622e-06
200 10 0.111 401.363 1.7911e-06
200 10 0.121 381.643 1.4288e-06
200 10 0.131 385.671 1.4435e-06
200 10 0.141 373.162 1.3951e-06
200 10 0.151 362.992 1.4275e-06
200 10 0.161 354.294 1.6527e-06
200 10 0.171 343.853 2.0303e-06
200 10 0.181 338.351 2.016e-06
200 10 0.191 314.273 1.4411e-06
200 10 0.201 328.743 1.3502e-06
200 10 0.211 317.415 1.3425e-06
200 10 0.221 304.205 1.5614e-06
200 10 0.231 288.133 1.5417e-06
200 10 0.241 296.197 1.3284e-06
200 10 0.251 287.874 1.3134e-06
200 10 0.261 274.149 1.3057e-06
200 10 0.271 256.588 1.2868e-06
200 10 0.281 254.993 1.5839e-06
200 10 0.291 239.574 1.8024e-06
200 10 0.301 239.615 1.8044e-06
200 10 0.311 242.257 1.5787e-06
200 10 0.321 230.961 1.7489e-06
200 10 0.331 223.579 1.7518e-06
200 10 0.341 214.188 1.7029e-06
200 10 0.351 216.979 1.7191e-06
200 10 0.361 205.365 1.678e-06
200 10 0.371 205.969 1.6845e-06
200 10 0.381 194.476 1.6543e-06
200 10 0.391 185.717 1.5791e-06
200 10 0.401 179.295 1.6597e-06
200 10 0.411 175.285 1.6569e-06
200 10 0.421 166.008 1.6256e-06
200 10 0.431 168.334 1.6312e-06
200 10 0.441 161.378 1.6177e-06
200 10 0.451 159.164 1.5912e-06
200 10 0.461 149.182 1.5498e-06
200 10 0.471 154.461 1.5691e-06
200 10 0.481 139.123 1.5327e-06
200 10 0.491 131.676 1.5015e-06
200 10 0.501 131 1.5043e-06
200 10 0.511 122.869 1.4821e-06
200 10 0.521 120.793 1.1764e-06
200 10 0.531 112.877 1.1131e-06
200 10 0.541 110.622 1.2378e-06
200 10 0.551 106.312 1.467e-06
200 10 0.561 102.239 1.4561e-06
200 10 0.571 100.124 1.2099e-06
200 10 0.581 99.6581 1.0989e-06
200 10 0.591 92.489 1.0819e-06
200 10 0.601 87.7244 1.2063e-06
200 10 0.611 86.9456 1.0758e-06
200 10 0.621 80.416 1.1038e-06
200 10 0.631 78.4105 1.4573e-06
200 10 0.641 78.8398 1.2717e-06
200 10 0.651 73.6037 1.203e-06
200 10 0.661 71.1122 1.267e-06
200 10 0.671 66.1269 1.0763e-06
200 10 0.681 63.9973 1.1581e-06
200 10 0.691 60.9294 1.2254e-06
200 10 0.701 57.284 1.1556e-06
200 10 0.711 53.8398 1.0171e-06
200 10 0.721 53.4447 1.0215e-06
200 10 0.731 52.909 1.0492e-06
200 10 0.741 50.3049 1.0163e-06
200 10 0.751 48.8097 1.1734e-06
200 10 0.761 45.3304 1.2434e-06
200 10 0.771 44.5179 1.2486e-06
200 10 0.781 39.594 1.1062e-06
200 10 0.791 39.2868 1.0646e-06
200 10 0.801 37.6676 1.0577e-06
200 10 0.811 34.5343 9.793e-07
200 10 0.821 32.5859 9.886e-07
200 10 0.831 33.0108 9.894e-07
200 10 0.841 30.8728 1.1097e-06
200 10 0.851 30.8687 1.1797e-06
200 10 0.861 27.589 1.1713e-06
200 10 0.871 27.0564 1.1669e-06
200 10 0.881 24.5087 1.1618e-06
200 10 0.891 23.2537 1.1132e-06
200 10 0.901 21.1478 9.316e-07
200 10 0.911 21.938 9.758e-07
200 10 0.921 20.6056 1.0652e-06
200 10 0.931 18.3112 1.1611e-06
200 10 0.941 17.6501 1.1248e-06
200 10 0.951 16.7753 1.1143e-06
200 10 0.961 15.2501 1.1037e-06
200 10 0.971 14.7269 1.106e-06
200 10 0.981 13.9129 9.563e-07
200 10 0.991 12.9177 1.0319e-06
200 10 1.001 12.5693 1.0818e-06
200 10 1.011 10.0769 1.055e-06
200 10 1.021 10.5141 1.0753e-06
200 10 1.031 9.5046 1.0601e-06
200 10 1.041 8.2819 1.0512e-06
200 10 1.051 8.3638 1.0638e-06
200 10 1.061 7.5306 1.0455e-06
200 10 1.071 6.9934 9.683e-07
200 10 1.081 6.5533 1.048e-06
200 10 1.091 6.097 1.0498e-06
200 10 1.101 5.5803 1.0118e-06
200 10 1.111 5.8627 9.715e-07
200 10 1.121 5.1209 9.62e-07
200 10 1.131 5.2151 1.0395e-06
200 10 1.141 4.632 1.0294e-06
200 10 1.151 4.1391 1.0284e-06
200 10 1.161 4.3002 1.031e-06
200 10 1.171 4.2127 1.0386e-06
200 10 1.181 3.7161 1.0517e-06
200 10 1.191 3.8542 1.0362e-06
200 10 1.201 3.5538 1.0311e-06
200 10 1.211 3.2692 1.0371e-06
200 10 1.221 3.1385 1.0194e-06
200 10 1.231 3.1019 1.038e-06
200 10 1.241 2.7621 1.0387e-06
200 10 1.251 2.685 1.0188e-06
200 10 1.261 2.5632 1.0063e-06
200 10 1.271 2.6019 1.036e-06
200 10 1.281 2.3634 1.0127e-06
200 10 1.291 2.2487 8.492e-07
200 10 1.301 2.1907 9.998e-07
200 10 1.311 1.8252 8.801e-07
200 10 1.321 2.0063 8.299e-07
200 10 1.331 1.7775 9.397e-07
200 10 1.341 1.7301 9.122e-07
200 10 1.351 1.5755 9.954e-07
200 10 1.361 1.5492 1.0097e-06
200 10 1.371 1.4734 1.0132e-06
200 10 1.381 1.5026 1.0062e-06
200 10 1.391 1.3501 1.0064e-06
200 10 1.401 1.2416 1.0039e-06
200 10 1.411 1.2333 1.002e-06
200 10 1.421 1.1753 1.0065e-06
200 10 1.431 1.1609 1.0585e-06
200 10 1.441 1.0038 1.0811e-06
200 10 1.451 0.9847 1.0818e-06
200 10 1.461 0.9981 1.0801e-06
200 10 1.471 0.897 1.088e-06
200 10 1.481 0.864 1.0684e-06
200 10 1.491 0.8208 1.0734e-06
200 10 1.501 0.7954 1.06e-06
200 10 1.511 0.7613 9.991e-07
200 10 1.521 0.7166 9.997e-07
200 10 1.531 0.6793 8.337e-07
200 10 1.541 0.6462 9.562e-07
200 10 1.551 0.6184 9.878e-07
200 10 1.561 0.5748 9.724e-07
200 10 1.571 0.547 9.855e-07
200 10 1.581 0.5391 9.793e-07
200 10 1.591 0.5616 9.708e-07
200 10 1.601 0.496 9.867e-07
200 10 1.611 0.5059 9.783e-07
200 10 1.621 0.4929 1.0038e-06
200 10 1.631 0.463 9.898e-07
200 10 1.641 0.4447 1.0046e-06
200 10 1.651 0.4721 1.0176e-06
200 10 1.661 0.4127 1.0131e-06
200 10 1.671 0.4317 8.092e-07
200 10 1.681 0.4114 7.97e-07
200 10 1.691 0.4064 8.514e-07
200 10 1.701 0.3854 8.343e-07
200 10 1.711 0.3893 8.685e-07
200 10 1.721 0.3859 9.568e-07
200 10 1.731 0.3389 9.576e-07
200 10 1.741 0.3252 9.565e-07
200 10 1.751 0.3433 9.657e-07
200 10 1.761 0.3071 9.625e-07
200 10 1.771 0.3091 9.618e-07
200 10 1.781 0.3037 9.52e-07
200 10 1.791 0.2977 9.58e-07
200 10 1.801 0.3039 9.045e-07
200 10 1.811 0.2766 9.677e-07
200 10 1.821 0.2898 9.704e-07
200 10 1.831 0.2711 9.616e-07
200 10 1.841 0.2653 9.723e-07
200 10 1.851 0.2623 9.688e-07
200 10 1.861 0.2589 9.721e-07
200 10 1.871 0.2521 9.681e-07
200 10 1.881 0.2575 9.696e-07
200 10 1.891 0.2424 9.658e-07
200 10 1.901 0.2469 9.744e-07
200 10 1.911 0.2353 9.681e-07
200 10 1.921 0.2239 9.776e-07
200 10 1.931 0.2196 9.72e-07
200 10 1.941 0.2313 9.749e-07
200 10 1.951 0.2268 9.708e-07
200 10 1.961 0.212 9.702e-07
200 10 1.971 0.215 9.687e-07
200 10 1.981 0.2181 9.655e-07
200 10 1.991 0.2211 9.511e-07
200 20 0.001 911.619 2.751e-06
200 20 0.011 872.566 1.8756e-06
200 20 0.021 898.943 1.9291e-06
200 20 0.031 804.369 1.8163e-06
200 20 0.041 808.48 2.2001e-06
200 20 0.051 801.843 2.8354e-06
200 20 0.061 755.054 2.7567e-06
200 20 0.071 717.009 2.6674e-06
200 20 0.081 698.152 2.6299e-06
200 20 0.091 668.966 2.5857e-06
200 20 0.101 617.973 2.4639e-06
200 20 0.111 608.38 2.4488e-06
200 20 0.121 599.135 1.9759e-06
200 20 0.131 542.163 1.5638e-06
200 20 0.141 523.339 1.5473e-06
200 20 0.151 524.649 1.5557e-06
200 20 0.161 475.809 2.0758e-06
200 20 0.171 475.37 1.4978e-06
200 20 0.181 453.941 1.4632e-06
200 20 0.191 436.383 1.6164e-06
200 20 0.201 400.856 1.665e-06
200 20 0.211 384.743 1.3969e-06
200 20 0.221 378.746 1.8339e-06
200 20 0.231 365.16 1.9932e-06
200 20 0.241 345.601 1.9395e-06
200 20 0.251 334.157 1.9058e-06
200 20 0.261 300.964 1.8476e-06
200 20 0.271 292.896 1.8177e-06
200 20 0.281 283.331 1.8156e-06
200 20 0.291 247.945 1.7323e-06
200 20 0.301 248.595 1.7623e-06
200 20 0.311 230.245 1.697e-06
200 20 0.321 228.999 1.6871e-06
200 20 0.331 199.989 1.6153e-06
200 20 0.341 196.267 1.6056e-06
200 20 0.351 184.142 1.5527e-06
200 20 0.361 183.518 1.5633e-06
200 20 0.371 169.753 1.5421e-06
200 20 0.381 153.993 1.5216e-06
200 20 0.391 153.346 1.5242e-06
200 20 0.401 143.288 1.4921e-06
200 20 0.411 130.242 1.4664e-06
200 20 0.421 125.496 1.4256e-06
200 20 0.431 111.238 1.3959e-06
200 20 0.441 102.263 1.3638e-06
200 20 0.451 103.741 1.3636e-06
200 20 0.461 95.9479 1.3407e-06
200 20 0.471 92.4884 1.1141e-06
200 20 0.481 77.9326 1.0323e-06
200 20 0.491 81.9336 1.0159e-06
200 20 0.501 77.4967 1.2463e-06
200 20 0.511 72.773 1.288e-06
200 20 0.521 65.8752 1.2687e-06
200 20 0.531 62.4656 1.2728e-06
200 20 0.541 54.0413 1.2492e-06
200 20 0.551 53.2229 1.2379e-06
200 20 0.561 49.5569 1.1352e-06
200 20 0.571 45.7582 9.943e-07
200 20 0.581 42.5609 9.337e-07
200 20 0.591 37.5757 9.31e-07
200 20 0.601 37.1166 1.1543e-06
200 20 0.611 37.3788 1.1719e-06
200 20 0.621 31.7101 1.1572e-06
200 20 0.631 31.6401 1.1538e-06
200 20 0.641 27.9795 1.0308e-06
200 20 0.651 26.0012 1.1317e-06
200 20 0.661 24.1274 1.1322e-06
200 20 0.671 21.5327 1.1398e-06
200 20 0.681 20.1817 1.063e-06
200 20 0.691 18.9545 9.46e-07
200 20 0.701 17.0238 1.0931e-06
200 20 0.711 16.1648 1.1041e-06
200 20 0.721 15.0554 1.0993e-06
200 20 0.731 13.3499 9.382e-07
200 20 0.741 12.9383 8.837e-07
200 20 0.751 12.0451 1.0422e-06
200 20 0.761 11.1502 1.1564e-06
200 20 0.771 9.2434 1.1483e-06
200 20 0.781 8.641 9.881e-07
200 20 0.791 8.204 8.554e-07
200 20 0.801 7.9959 8.619e-07
200 20 0.811 7.5215 1.0485e-06
200 20 0.821 5.8199 1.0347e-06
200 20 0.831 5.7577 1.0253e-06
200 20 0.841 4.6386 1.0341e-06
200 20 0.851 4.8992 1.0388e-06
200 20 0.861 4.3878 1.0446e-06
200 20 0.871 3.6089 1.0392e-06
200 20 0.881 3.6834 1.0384e-06
200 20 0.891 3.7962 1.0389e-06
200 20 0.901 2.9774 1.0253e-06
200 20 0.911 2.6122 1.0244e-06
200 20 0.921 2.5954 9.659e-07
200 20 0.931 2.1727 9.893e-07
200 20 0.941 2.1786 1.0137e-06
200 20 0.951 1.844 1.0925e-06
200 20 0.961 1.6283 1.0637e-06
200 20 0.971 1.3442 1.0667e-06
200 20 0.981 1.3131 1.0528e-06
200 20 0.991 0.9499 1.0401e-06
200 20 1.001 1.1909 9.106e-07
200 20 1.011 0.9793 8.177e-07
200 20 1.021 0.7409 8.109e-07
200 20 1.031 0.7109 8.08e-07
200 20 1.041 0.7169 8.272e-07
200 20 1.051 0.6273 8.116e-07
200 20 1.061 0.3966 8.091e-07
200 20 1.071 0.4237 8.09e-07
200 20 1.081 0.4588 9.425e-07
200 20 1.091 0.3625 9.892e-07
200 20 1.101 0.3123 9.479e-07
200 20 1.111 0.3054 8.083e-07
200 20 1.121 0.2413 1.0337e-06
200 20 1.131 0.2556 1.0719e-06
200 20 1.141 0.2427 1.0718e-06
200 20 1.151 0.1578 1.0723e-06
200 20 1.161 0.1768 1.0746e-06
200 20 1.171 0.1429 1.089e-06
200 20 1.181 0.1298 1.0709e-06
200 20 1.191 0.1309 9.098e-07
200 20 1.201 0.0917 8.026e-07
200 20 1.211 0.1092 9.228e-07
200 20 1.221 0.0855 9.986e-07
200 20 1.231 0.0856 1.0017e-06
200 20 1.241 0.072 9.958e-07
200 20 1.251 0.0829 9.951e-07
200 20 1.261 0.0613 9.984e-07
200 20 1.271 0.054 9.947e-07
200 20 1.281 0.0604 9.958e-07
200 20 1.291 0.0436 9.942e-07
200 20 1.301 0.0509 9.912e-07
200 20 1.311 0.0308 8e-07
200 20 1.321 0.0411 8.9e-07
200 20 1.331 0.0266 9.811e-07
200 20 1.341 0.0206 9.931e-07
200 20 1.351 0.0214 9.832e-07
200 20 1.361 0.0249 9.859e-07
200 20 1.371 0.0259 9.396e-07
200 20 1.381 0.0297 8.197e-07
200 20 1.391 0.0186 9.79e-07
200 20 1.401 0.0179 9.938e-07
200 20 1.411 0.0196 9.812e-07
200 20 1.421 0.0163 8.358e-07
200 20 1.431 0.0118 7.985e-07
200 20 1.441 0.0066 8.061e-07
200 20 1.451 0.0089 9.434e-07
200 20 1.461 0.0097 9.813e-07
200 20 1.471 0.0068 9.946e-07
200 20 1.481 0.0048 9.989e-07
200 20 1.491 0.0045 1.004e-06
200 20 1.501 0.0092 9.528e-07
200 20 1.511 0.0053 9.146e-07
200 20 1.521 0.0048 9.929e-07
200 20 1.531 0.0034 9.439e-07
200 20 1.541 0.0017 8.426e-07
200 20 1.551 0.004 1.0619e-06
200 20 1.561 0.003 1.0364e-06
200 20 1.571 0.0019 1.0037e-06
200 20 1.581 0.0025 9.974e-07
200 20 1.591 0.0036 9.86e-07
200 20 1.601 0.0018 8.697e-07
200 20 1.611 0.0026 9.767e-07
200 20 1.621 0.0024 8.234e-07
200 20 1.631 0.0015 8.051e-07
200 20 1.641 0.0007 8.578e-07
200 20 1.651 0.0014 8.026e-07
200 20 1.661 0.0025 9.038e-07
200 20 1.671 0.0011 8.282e-07
200 20 1.681 0.0015 8.293e-07
200 20 1.691 0.0009 8.561e-07
200 20 1.701 0.0011 8.468e-07
200 20 1.711 0.0004 9.001e-07
200 20 1.721 0.0001 9.766e-07
200 20 1.731 0.0009 9.901e-07
200 20 1.741 0.0001 9.801e-07
200 20 1.751 0.0006 9.666e-07
200 20 1.761 0.0002 9.923e-07
200 20 1.771 0.0004 9.85e-07
200 20 1.781 0.0002 9.71e-07
200 20 1.791 0.0002 9.666e-07
200 20 1.801 0.0008 9.604e-07
200 20 1.811 0.0003 9.596e-07
200 20 1.821 0.0001 9.608e-07
200 20 1.831 0.0002 9.591e-07
200 20 1.841 0.0004 9.223e-07
200 20 1.851 0 9.937e-07
200 20 1.861 0.0003 9.878e-07
200 20 1.871 0.0003 9.729e-07
200 20 1.881 0 9.811e-07
200 20 1.891 0.0002 9.793e-07
200 20 1.901 0.0003 8.48e-07
200 20 1.911 0.0003 7.844e-07
200 20 1.921 0 7.92e-07
200 20 1.931 0 7.93e-07
200 20 1.941 0.0004 7.883e-07
200 20 1.951 0.0003 9.3e-07
200 20 1.961 0.0007 8.493e-07
200 20 1.971 0.001 7.796e-07
200 20 1.981 0 7.892e-07
200 20 1.991 0.0003 7.825e-07
200 30 0.001 1286.57 3.2795e-06
200 30 0.011 1235.74 3.5767e-06
200 30 0.021 1153.82 2.2827e-06
200 30 0.031 1186.18 2.1715e-06
200 30 0.041 1066.33 3.1943e-06
200 30 0.051 1014.25 3.1474e-06
200 30 0.061 976.96 3.0801e-06
200 30 0.071 912.475 2.9618e-06
200 30 0.081 865.481 2.8721e-06
200 30 0.091 843.895 2.8271e-06
200 30 0.101 782.872 2.7263e-06
200 30 0.111 747.749 2.6634e-06
200 30 0.121 694.566 2.553e-06
200 30 0.131 616.971 2.3976e-06
200 30 0.141 613.21 2.4003e-06
200 30 0.151 553.892 2.2459e-06
200 30 0.161 535.482 1.8883e-06
200 30 0.171 486.557 2.1837e-06
200 30 0.181 462.817 2.1377e-06
200 30 0.191 437.676 2.1027e-06
200 30 0.201 412.949 1.8024e-06
200 30 0.211 387.464 1.4064e-06
200 30 0.221 356.852 1.6152e-06
200 30 0.231 318.168 1.2936e-06
200 30 0.241 298.944 1.524e-06
200 30 0.251 283.277 1.753e-06
200 30 0.261 263.707 1.7088e-06
200 30 0.271 234.478 1.6498e-06
200 30 0.281 222.185 1.6611e-06
200 30 0.291 198.924 1.5718e-06
200 30 0.301 186.044 1.5405e-06
200 30 0.311 172.897 1.176e-06
200 30 0.321 154.945 1.1059e-06
200 30 0.331 151.349 1.1062e-06
200 30 0.341 136.867 1.3017e-06
200 30 0.351 125.454 1.4212e-06
200 30 0.361 115.424 1.3908e-06
200 30 0.371 106.963 1.3887e-06
200 30 0.381 96.6766 1.3407e-06
200 30 0.391 89.4184 1.3387e-06
200 30 0.401 80.3396 1.3021e-06
200 30 0.411 75.9045 1.2851e-06
200 30 0.421 71.1771 1.2669e-06
200 30 0.431 65.4518 1.2028e-06
200 30 0.441 58.1988 9.95e-07
200 30 0.451 55.4671 9.714e-07
200 30 0.461 46.2094 1.1254e-06
200 30 0.471 45.3336 1.0817e-06
200 30 0.481 40.5959 1.1837e-06
200 30 0.491 38.4837 1.1761e-06
200 30 0.501 34.7252 1.1587e-06
200 30 0.511 33.0511 1.1546e-06
200 30 0.521 27.6387 1.0846e-06
200 30 0.531 23.795 9.143e-07
200 30 0.541 23.1232 8.862e-07
200 30 0.551 19.4749 1.1418e-06
200 30 0.561 19.4612 1.1604e-06
200 30 0.571 16.9429 1.0029e-06
200 30 0.581 13.8598 1.1058e-06
200 30 0.591 13.2699 1.0938e-06
200 30 0.601 12.0902 1.1003e-06
200 30 0.611 12.146 1.0963e-06
200 30 0.621 9.306 1.0591e-06
200 30 0.631 9.4373 1.0601e-06
200 30 0.641 9.3759 1.0586e-06
200 30 0.651 7.0876 1.0468e-06
200 30 0.661 6.6056 1.0483e-06
200 30 0.671 6.1197 1.036e-06
200 30 0.681 5.245 1.0304e-06
200 30 0.691 4.6808 1.0353e-06
200 30 0.701 4.5722 1.0378e-06
200 30 0.711 3.5552 1.049e-06
200 30 0.721 3.4719 1.0341e-06
200 30 0.731 2.8472 1.0454e-06
200 30 0.741 2.6491 1.0221e-06
200 30 0.751 2.7234 1.0357e-06
200 30 0.761 1.9295 1.0311e-06
200 30 0.771 1.8033 1.0162e-06
200 30 0.781 1.6523 1.0225e-06
200 30 0.791 1.481 1.0177e-06
200 30 0.801 1.2729 1.0202e-06
200 30 0.811 1.1628 1.0218e-06
200 30 0.821 1.107 1.0171e-06
200 30 0.831 0.9942 1.0192e-06
200 30 0.841 0.8783 9.381e-07
200 30 0.851 0.6897 8.765e-07
200 30 0.861 0.7338 9.452e-07
200 30 0.871 0.5688 8.207e-07
200 30 0.881 0.4126 9.3e-07
200 30 0.891 0.4097 1.0399e-06
200 30 0.901 0.4226 1.0283e-06
200 30 0.911 0.3211 9.845e-07
200 30 0.921 0.3499 8.489e-07
200 30 0.931 0.3269 8.269e-07
200 30 0.941 0.3072 8.483e-07
200 30 0.951 0.2134 8.052e-07
200 30 0.961 0.1999 8.183e-07
200 30 0.971 0.1832 9.661e-07
200 30 0.981 0.1032 9.127e-07
200 30 0.991 0.0843 9.039e-07
200 30 1.001 0.081 9.051e-07
200 30 1.011 0.0461 1.0439e-06
200 30 1.021 0.0594 1.038e-06
200 30 1.031 0.0518 1.0299e-06
200 30 1.041 0.0251 1.0046e-06
200 30 1.051 0.0348 9.969e-07
200 30 1.061 0.0353 8.991e-07
200 30 1.071 0.0394 9.09e-07
200 30 1.081 0.0463 1.0229e-06
200 30 1.091 0.0192 1.038e-06
200 30 1.101 0.0256 1.0362e-06
200 30 1.111 0.0126 1.037e-06
200 30 1.121 0.0157 1.0389e-06
200 30 1.131 0.0266 1.0401e-06
200 30 1.141 0.0046 1.0411e-06
200 30 1.151 0.0085 1.0379e-06
200 30 1.161 0.0029 1.0368e-06
200 30 1.171 0.0078 1.029e-06
200 30 1.181 0.0077 1.0318e-06
200 30 1.191 0.0046 1.0436e-06
200 30 1.201 0.0036 1.0428e-06
200 30 1.211 0.0053 1.0422e-06
200 30 1.221 0.0021 1.0406e-06
200 30 1.231 0.0019 1.0258e-06
200 30 1.241 0.0028 1.0105e-06
200 30 1.251 0.0018 1.0146e-06
200 30 1.261 0.0006 1.0136e-06
200 30 1.271 0.0005 1.0161e-06
200 30 1.281 0.0002 1.0239e-06
200 30 1.291 0.0008 9.302e-07
200 30 1.301 0.0007 8.987e-07
200 30 1.311 0.0002 1.0353e-06
200 30 1.321 0.0006 1.0365e-06
200 30 1.331 0.0012 1.0357e-06
200 30 1.341 0.0007 1.04e-06
200 30 1.351 0.0001 1.0383e-06
200 30 1.361 0.0014 1.0407e-06
200 30 1.371 0.0004 1.0314e-06
200 30 1.381 0.0009 9.794e-07
200 30 1.391 0.0005 9.574e-07
200 30 1.401 0 1.0159e-06
200 30 1.411 0 9.996e-07
200 30 1.421 0 8.256e-07
200 30 1.431 0 8.799e-07
200 30 1.441 0 1.01e-06
200 30 1.451 0.0001 1.0314e-06
200 30 1.461 0.0005 1.0124e-06
200 30 1.471 0 1.0122e-06
200 30 1.481 0 8.451e-07
200 30 1.491 0 8.554e-07
200 30 1.501 0 9.133e-07
200 30 1.511 0 8.315e-07
200 30 1.521 0 8.224e-07
200 30 1.531 0 8.666e-07
200 30 1.541 0 1.0609e-06
200 30 1.551 0 1.0661e-06
200 30 1.561 0 1.0784e-06
200 30 1.571 0 1.0616e-06
200 30 1.581 0.0001 1.0701e-06
200 30 1.591 0 1.0622e-06
200 30 1.601 0.0001 1.0656e-06
200 30 1.611 0.0002 9.439e-07
200 30 1.621 0 8.342e-07
200 30 1.631 0 1.0132e-06
200 30 1.641 0 1.0553e-06
200 30 1.651 0 1.0181e-06
200 30 1.661 0 1.0156e-06
200 30 1.671 0 9.207e-07
200 30 1.681 0 9.362e-07
200 30 1.691 0 8.656e-07
200 30 1.701 0 8.507e-07
200 30 1.711 0 8.309e-07
200 30 1.721 0 9.14e-07
200 30 1.731 0 1.008e-06
200 30 1.741 0 9.324e-07
200 30 1.751 0 1.0063e-06
200 30 1.761 0 1.005e-06
200 30 1.771 0 9.298e-07
200 30 1.781 0 8.162e-07
200 30 1.791 0 8.55e-07
200 30 1.801 0 8.557e-07
200 30 1.811 0 9.713e-07
200 30 1.821 0 1.0125e-06
200 30 1.831 0 1.0141e-06
200 30 1.841 0 1.0173e-06
200 30 1.851 0 1.0112e-06
200 30 1.861 0 1.0103e-06
200 30 1.871 0 1.0128e-06
200 30 1.881 0 1.0081e-06
200 30 1.891 0 1.0087e-06
200 30 1.901 0 1.0107e-06
200 30 1.911 0 1.009e-06
200 30 1.921 0 1.0111e-06
200 30 1.931 0 1.0139e-06
200 30 1.941 0 1.0095e-06
200 30 1.951 0 9.608e-07
200 30 1.961 0 8.162e-07
200 30 1.971 0 8.092e-07
200 30 1.981 0 8.141e-07
200 30 1.991 0 7.984e-07
200 40 0.001 1583.32 2.5646e-06
200 40 0.011 1513.98 3.079e-06
200 40 0.021 1450.18 4.0037e-06
200 40 0.031 1405.4 3.9155e-06
200 40 0.041 1300.3 3.7113e-06
200 40 0.051 1211.06 3.543e-06
200 40 0.061 1154.61 3.4237e-06
200 40 0.071 1100.05 3.3338e-06
200 40 0.081 1017.23 3.1677e-06
200 40 0.091 949.688 3.0299e-06
200 40 0.101 900.298 2.9139e-06
200 40 0.111 849.057 2.8174e-06
200 40 0.121 782.326 2.69e-06
200 40 0.131 732.638 2.5887e-06
200 40 0.141 663.131 2.4431e-06
200 40 0.151 653.052 2.4405e-06
200 40 0.161 565.678 2.2542e-06
200 40 0.171 534.642 2.1928e-06
200 40 0.181 478.198 2.0752e-06
200 40 0.191 454.844 2.0353e-06
200 40 0.201 419.35 1.9579e-06
200 40 0.211 402.365 1.9156e-06
200 40 0.221 365.686 1.8086e-06
200 40 0.231 328.334 1.7244e-06
200 40 0.241 296.274 1.6778e-06
200 40 0.251 293.895 1.5685e-06
200 40 0.261 257.216 1.0922e-06
200 40 0.271 228.76 1.1614e-06
200 40 0.281 217.436 1.46e-06
200 40 0.291 209.23 1.2289e-06
200 40 0.301 176.851 1.3883e-06
200 40 0.311 169.845 1.328e-06
200 40 0.321 156.629 1.2846e-06
200 40 0.331 139.789 1.1402e-06
200 40 0.341 129.938 1.0466e-06
200 40 0.351 117.063 1.2373e-06
200 40 0.361 107.957 1.1095e-06
200 40 0.371 102.527 1.1107e-06
200 40 0.381 81.2104 8.949e-07
200 40 0.391 82.635 8.481e-07
200 40 0.401 70.9327 8.267e-07
200 40 0.411 67.2545 8.233e-07
200 40 0.421 57.2276 8.002e-07
200 40 0.431 56.6294 1.0852e-06
200 40 0.441 48.8614 1.0013e-06
200 40 0.451 47.3064 9.018e-07
200 40 0.461 39.7942 8.204e-07
200 40 0.471 38.0536 8.797e-07
200 40 0.481 34.0024 9.906e-07
200 40 0.491 29.0141 1.0078e-06
200 40 0.501 29.5488 8.848e-07
200 40 0.511 21.6503 2.8063e-06
200 40 0.521 22.7238 2.3171e-06
200 40 0.531 20.0146 1.2646e-06
200 40 0.541 19.46 1.287e-06
200 40 0.551 15.8189 1.0226e-06
200 40 0.561 13.614 9.57e-07
200 40 0.571 12.717 9.594e-07
200 40 0.581 12.1345 9.336e-07
200 40 0.591 10.8378 9.194e-07
200 40 0.601 10.1797 9.211e-07
200 40 0.611 8.6324 9.341e-07
200 40 0.621 7.9275 9.482e-07
200 40 0.631 6.737 9.299e-07
200 40 0.641 5.6862 9.378e-07
200 40 0.651 5.4123 9.375e-07
200 40 0.661 5.2697 9.208e-07
200 40 0.671 4.4451 9.039e-07
200 40 0.681 3.884 9.167e-07
200 40 0.691 4.1306 9.024e-07
200 40 0.701 3.6872 9.28e-07
200 40 0.711 3.1861 9.244e-07
200 40 0.721 2.5598 9.173e-07
200 40 0.731 2.0143 9.1e-07
200 40 0.741 1.9673 9.243e-07
200 40 0.751 1.8704 9.112e-07
200 40 0.761 1.3752 8.863e-07
200 40 0.771 1.4093 9e-07
200 40 0.781 1.3532 9.023e-07
200 40 0.791 1.1325 8.993e-07
200 40 0.801 0.87 8.174e-07
200 40 0.811 0.9532 7.239e-07
200 40 0.821 0.7131 6.95e-07
200 40 0.831 0.6846 7.168e-07
200 40 0.841 0.4418 7.833e-07
200 40 0.851 0.4393 6.925e-07
200 40 0.861 0.4921 6.858e-07
200 40 0.871 0.326 8.93e-07
200 40 0.881 0.2586 9.244e-07
200 40 0.891 0.2372 9.038e-07
200 40 0.901 0.1757 9.063e-07
200 40 0.911 0.233 8.951e-07
200 40 0.921 0.1826 9.276e-07
200 40 0.931 0.1462 9.293e-07
200 40 0.941 0.1472 9.297e-07
200 40 0.951 0.0967 9.29e-07
200 40 0.961 0.0857 9.28e-07
200 40 0.971 0.0689 9.257e-07
200 40 0.981 0.0756 9.18e-07
200 40 0.991 0.0425 9.127e-07
200 40 1.001 0.0446 9.275e-07
200 40 1.011 0.0547 9.299e-07
200 40 1.021 0.0226 9.282e-07
200 40 1.031 0.027 8.996e-07
200 40 1.041 0.0238 6.725e-07
200 40 1.051 0.019 6.828e-07
200 40 1.061 0.0198 8.324e-07
200 40 1.071 0.0255 7.279e-07
200 40 1.081 0.0077 7.246e-07
200 40 1.091 0.0179 7.922e-07
200 40 1.101 0.015 8.725e-07
200 40 1.111 0.012 7.666e-07
200 40 1.121 0.0136 6.752e-07
200 40 1.131 0.0054 6.762e-07
200 40 1.141 0.0018 9.118e-07
200 40 1.151 0.0045 9.036e-07
200 40 1.161 0.0045 9.04e-07
200 40 1.171 0.0013 9.062e-07
200 40 1.181 0.0036 7.782e-07
200 40 1.191 0.0009 6.648e-07
200 40 1.201 0.0032 6.976e-07
200 40 1.211 0.0004 8.923e-07
200 40 1.221 0.0003 8.93e-07
200 40 1.231 0.0007 7.326e-07
200 40 1.241 0.0005 6.719e-07
200 40 1.251 0.0001 7.59e-07
200 40 1.261 0.0004 8.82e-07
200 40 1.271 0.0009 8.92e-07
200 40 1.281 0 8.593e-07
200 40 1.291 0.0024 6.843e-07
200 40 1.301 0.0004 6.718e-07
200 40 1.311 0.0001 6.94e-07
200 40 1.321 0.0007 8.974e-07
200 40 1.331 0 8.95e-07
200 40 1.341 0 6.813e-07
200 40 1.351 0.0003 6.712e-07
200 40 1.361 0.0004 8.275e-07
200 40 1.371 0 7.446e-07
200 40 1.381 0.0003 7.881e-07
200 40 1.391 0.0011 9.155e-07
200 40 1.401 0 7.841e-07
200 40 1.411 0 6.732e-07
200 40 1.421 0 6.709e-07
200 40 1.431 0 6.99e-07
200 40 1.441 0 8.016e-07
200 40 1.451 0 6.703e-07
200 40 1.461 0.0001 9.325e-07
200 40 1.471 0 1.0318e-06
200 40 1.481 0 8.718e-07
200 40 1.491 0 8.208e-07
200 40 1.501 0 9.525e-07
200 40 1.511 0 7.79e-07
200 40 1.521 0 6.604e-07
200 40 1.531 0 8.835e-07
200 40 1.541 0 9.184e-07
200 40 1.551 0 9.23e-07
200 40 1.561 0 8.387e-07
200 40 1.571 0 8.984e-07
200 40 1.581 0 8.861e-07
200 40 1.591 0 9.005e-07
200 40 1.601 0 8.934e-07
200 40 1.611 0 9.046e-07
200 40 1.621 0 8.942e-07
200 40 1.631 0 9.028e-07
200 40 1.641 0 9.087e-07
200 40 1.651 0 9.07e-07
200 40 1.661 0 9.068e-07
200 40 1.671 0 9.048e-07
200 40 1.681 0 8.876e-07
200 40 1.691 0 8.994e-07
200 40 1.701 0 8.887e-07
200 40 1.711 0 8.992e-07
200 40 1.721 0 8.809e-07
200 40 1.731 0 8.848e-07
200 40 1.741 0 8.695e-07
200 40 1.751 0 8.69e-07
200 40 1.761 0 8.941e-07
200 40 1.771 0 8.894e-07
200 40 1.781 0 8.853e-07
200 40 1.791 0 8.061e-07
200 40 1.801 0 7.724e-07
200 40 1.811 0 6.821e-07
200 40 1.821 0 6.591e-07
200 40 1.831 0 8.459e-07
200 40 1.841 0 8.85e-07
200 40 1.851 0 8.868e-07
200 40 1.861 0 8.712e-07
200 40 1.871 0 8.807e-07
200 40 1.881 0 8.796e-07
200 40 1.891 0 8.99e-07
200 40 1.901 0 8.915e-07
200 40 1.911 0 8.813e-07
200 40 1.921 0 9.044e-07
200 40 1.931 0 8.786e-07
200 40 1.941 0 8.726e-07
200 40 1.951 0 8.662e-07
200 40 1.961 0 8.511e-07
200 40 1.971 0 7.327e-07
200 40 1.981 0 8.842e-07
200 40 1.991 0 8.872e-07
300 10 0.001 744.112 3.2116e-06
300 10 0.011 721.336 3.1449e-06
300 10 0.021 720.018 3.1548e-06
300 10 0.031 671.224 3.0304e-06
300 10 0.041 696.775 3.107e-06
300 10 0.051 677.959 3.0652e-06
300 10 0.061 671.635 3.0533e-06
300 10 0.071 658.304 3.025e-06
300 10 0.081 610.422 2.9042e-06
300 10 0.091 634.892 2.9716e-06
300 10 0.101 625.258 2.9521e-06
300 10 0.111 598.969 2.893e-06
300 10 0.121 594.852 2.8842e-06
300 10 0.131 576.841 2.839e-06
300 10 0.141 559.772 2.7793e-06
300 10 0.151 542.423 2.7344e-06
300 10 0.161 542.255 2.7474e-06
300 10 0.171 536.895 2.3752e-06
300 10 0.181 508.997 2.4799e-06
300 10 0.191 511.813 2.6638e-06
300 10 0.201 480.408 2.5884e-06
300 10 0.211 475.519 2.5636e-06
300 10 0.221 466.715 2.5547e-06
300 10 0.231 446.907 2.5015e-06
300 10 0.241 436.724 2.4926e-06
300 10 0.251 431.771 2.479e-06
300 10 0.261 417.152 2.4578e-06
300 10 0.271 410.624 2.4368e-06
300 10 0.281 399.364 2.4133e-06
300 10 0.291 382.227 2.3651e-06
300 10 0.301 374.222 1.8119e-06
300 10 0.311 357.238 1.6054e-06
300 10 0.321 348.728 1.593e-06
300 10 0.331 349.371 1.5974e-06
300 10 0.341 330.178 1.8678e-06
300 10 0.351 331.965 1.8969e-06
300 10 0.361 306.663 2.2068e-06
300 10 0.371 307.697 2.2272e-06
300 10 0.381 290.442 2.1689e-06
300 10 0.391 284.416 2.1714e-06
300 10 0.401 270.392 2.1196e-06
300 10 0.411 271.144 2.1361e-06
300 10 0.421 263.897 2.1025e-06
300 10 0.431 240.126 2.0409e-06
300 10 0.441 240.429 2.0413e-06
300 10 0.451 237.426 2.045e-06
300 10 0.461 232.76 1.6297e-06
300 10 0.471 214.627 1.8342e-06
300 10 0.481 209.118 1.9532e-06
300 10 0.491 206.457 1.9654e-06
300 10 0.501 203.421 1.9583e-06
300 10 0.511 191.337 1.833e-06
300 10 0.521 179.743 1.3834e-06
300 10 0.531 177.298 1.3948e-06
300 10 0.541 170.361 1.7331e-06
300 10 0.551 162.548 1.8802e-06
300 10 0.561 163.076 1.8858e-06
300 10 0.571 151.808 1.8403e-06
300 10 0.581 146.401 1.8334e-06
300 10 0.591 145.522 1.8388e-06
300 10 0.601 141.002 1.8129e-06
300 10 0.611 127.316 1.6818e-06
300 10 0.621 125.994 1.479e-06
300 10 0.631 121.941 1.3467e-06
300 10 0.641 114.03 1.3077e-06
300 10 0.651 113.896 1.5371e-06
300 10 0.661 106.563 1.7293e-06
300 10 0.671 102.954 1.7207e-06
300 10 0.681 98.5051 1.7136e-06
300 10 0.691 94.2161 1.6349e-06
300 10 0.701 85.2846 1.58e-06
300 10 0.711 85.7804 1.6034e-06
300 10 0.721 85.3192 1.5885e-06
300 10 0.731 77.6424 1.5655e-06
300 10 0.741 74.0039 1.5666e-06
300 10 0.751 70.1275 1.5421e-06
300 10 0.761 69.3539 1.5501e-06
300 10 0.771 64.8778 1.5307e-06
300 10 0.781 60.2948 1.5131e-06
300 10 0.791 59.3679 1.5086e-06
300 10 0.801 55.1582 1.4964e-06
300 10 0.811 51.6198 1.4954e-06
300 10 0.821 52.1433 1.4838e-06
300 10 0.831 50.1903 1.4907e-06
300 10 0.841 48.5327 1.4781e-06
300 10 0.851 45.5984 1.4784e-06
300 10 0.861 39.9167 1.4353e-06
300 10 0.871 39.4631 1.4329e-06
300 10 0.881 37.0723 1.4297e-06
300 10 0.891 35.4814 1.4022e-06
300 10 0.901 34.7984 1.3936e-06
300 10 0.911 30.836 1.1272e-06
300 10 0.921 29.8758 1.3247e-06
300 10 0.931 29.0351 1.3825e-06
300 10 0.941 25.4615 1.3704e-06
300 10 0.951 24.6755 1.3682e-06
300 10 0.961 23.5604 1.3615e-06
300 10 0.971 22.2976 1.3697e-06
300 10 0.981 19.8715 1.3427e-06
300 10 0.991 19.9262 1.1097e-06
300 10 1.001 17.2853 1.3171e-06
300 10 1.011 16.4434 1.3278e-06
300 10 1.021 14.0306 1.3426e-06
300 10 1.031 14.3416 1.3678e-06
300 10 1.041 12.5575 1.3593e-06
300 10 1.051 11.8187 1.3447e-06
300 10 1.061 12.1036 1.039e-06
300 10 1.071 11.0939 1.0417e-06
300 10 1.081 10.2103 1.0728e-06
300 10 1.091 9.8152 1.2296e-06
300 10 1.101 9.2967 1.2296e-06
300 10 1.111 8.9061 1.241e-06
300 10 1.121 7.8797 1.216e-06
300 10 1.131 7.4911 1.1191e-06
300 10 1.141 7.1867 1.1728e-06
300 10 1.151 6.9808 1.1621e-06
300 10 1.161 6.7489 1.063e-06
300 10 1.171 6.3455 1.0838e-06
300 10 1.181 5.6854 1.082e-06
300 10 1.191 5.4048 1.1638e-06
300 10 1.201 5.0715 1.015e-06
300 10 1.211 5.1487 1.1695e-06
300 10 1.221 4.9291 1.2287e-06
300 10 1.231 4.3669 1.2144e-06
300 10 1.241 4.1844 1.2238e-06
300 10 1.251 4.2404 1.2191e-06
300 10 1.261 4.0444 1.2093e-06
300 10 1.271 4.1486 1.1805e-06
300 10 1.281 3.589 1.2964e-06
300 10 1.291 3.5357 1.2887e-06
300 10 1.301 3.1858 1.2931e-06
300 10 1.311 3.1406 1.1495e-06
300 10 1.321 2.9665 1.148e-06
300 10 1.331 2.8553 1.1709e-06
300 10 1.341 2.5539 9.833e-07
300 10 1.351 2.6337 1.1273e-06
300 10 1.361 2.4389 1.1897e-06
300 10 1.371 2.2415 1.1835e-06
300 10 1.381 2.1731 1.1776e-06
300 10 1.391 2.2554 1.1931e-06
300 10 1.401 2.1606 1.1939e-06
300 10 1.411 1.8359 1.1849e-06
300 10 1.421 1.714 1.175e-06
300 10 1.431 1.7987 1.1058e-06
300 10 1.441 1.6001 9.627e-07
300 10 1.451 1.6357 9.732e-07
300 10 1.461 1.4599 1.1099e-06
300 10 1.471 1.4463 1.1746e-06
300 10 1.481 1.3069 1.1879e-06
300 10 1.491 1.2785 1.1759e-06
300 10 1.501 1.133 1.117e-06
300 10 1.511 1.2056 1.1361e-06
300 10 1.521 1.0354 1.0935e-06
300 10 1.531 1.0932 9.616e-07
300 10 1.541 1.0152 9.697e-07
300 10 1.551 0.9157 1.0219e-06
300 10 1.561 0.856 1.1011e-06
300 10 1.571 0.9121 1.0387e-06
300 10 1.581 0.8206 1.0901e-06
300 10 1.591 0.7665 1.2277e-06
300 10 1.601 0.7716 1.2105e-06
300 10 1.611 0.7259 1.0412e-06
300 10 1.621 0.7027 1.1504e-06
300 10 1.631 0.6745 1.1549e-06
300 10 1.641 0.6852 1.166e-06
300 10 1.651 0.6907 1.1192e-06
300 10 1.661 0.6217 9.497e-07
300 10 1.671 0.6239 1.093e-06
300 10 1.681 0.6018 1.1014e-06
300 10 1.691 0.5857 1.1524e-06
300 10 1.701 0.5739 1.1438e-06
300 10 1.711 0.5422 1.1475e-06
300 10 1.721 0.5228 1.1214e-06
300 10 1.731 0.537 1.1248e-06
300 10 1.741 0.493 1.1406e-06
300 10 1.751 0.5084 1.1498e-06
300 10 1.761 0.4774 1.0102e-06
300 10 1.771 0.4581 1.0525e-06
300 10 1.781 0.47 1.1349e-06
300 10 1.791 0.4653 1.1303e-06
300 10 1.801 0.4471 1.1285e-06
300 10 1.811 0.4308 1.1222e-06
300 10 1.821 0.3989 1.1283e-06
300 10 1.831 0.4055 1.1326e-06
300 10 1.841 0.3756 1.1309e-06
300 10 1.851 0.3961 1.1312e-06
300 10 1.861 0.4017 1.1373e-06
300 10 1.871 0.3819 1.1354e-06
300 10 1.881 0.3769 1.1285e-06
300 10 1.891 0.3558 1.1315e-06
300 10 1.901 0.3585 1.1263e-06
300 10 1.911 0.3569 1.1294e-06
300 10 1.921 0.3572 1.1332e-06
300 10 1.931 0.3385 1.0841e-06
300 10 1.941 0.3256 1.013e-06
300 10 1.951 0.3366 1.077e-06
300 10 1.961 0.3428 1.1327e-06
300 10 1.971 0.3312 1.1371e-06
300 10 1.981 0.319 1.1325e-06
300 10 1.991 0.3347 1.1241e-06
300 20 0.001 1369.7 4.1529e-06
300 20 0.011 1355.32 3.7697e-06
300 20 0.021 1357.28 4.1618e-06
300 20 0.031 1256.78 3.9578e-06
300 20 0.041 1249.14 3.9573e-06
300 20 0.051 1168.69 3.7969e-06
300 20 0.061 1161.42 3.8012e-06
300 20 0.071 1098.34 3.6744e-06
300 20 0.081 1033.3 3.5224e-06
300 20 0.091 1036.08 3.5387e-06
300 20 0.101 1009.58 2.7064e-06
300 20 0.111 928.76 2.1858e-06
300 20 0.121 971.137 3.2538e-06
300 20 0.131 888.968 3.295e-06
300 20 0.141 812.889 3.1003e-06
300 20 0.151 811.357 2.1507e-06
300 20 0.161 772.735 2.0266e-06
300 20 0.171 741.197 1.9975e-06
300 20 0.181 691.746 1.931e-06
300 20 0.191 660.423 1.9036e-06
300 20 0.201 637.921 1.8797e-06
300 20 0.211 614.156 1.8526e-06
300 20 0.221 566.948 2.6089e-06
300 20 0.231 570.222 2.6744e-06
300 20 0.241 540.15 2.6146e-06
300 20 0.251 514.183 2.5552e-06
300 20 0.261 470.418 1.9311e-06
300 20 0.271 453.181 1.705e-06
300 20 0.281 425.328 1.914e-06
300 20 0.291 402.264 1.9029e-06
300 20 0.301 375.633 1.5858e-06
300 20 0.311 360.679 1.5613e-06
300 20 0.321 342.283 1.541e-06
300 20 0.331 338.296 1.5326e-06
300 20 0.341 310.13 1.6094e-06
300 20 0.351 294.213 1.596e-06
300 20 0.361 293.743 1.4932e-06
300 20 0.371 262.189 1.7946e-06
300 20 0.381 248.644 1.9541e-06
300 20 0.391 225.296 1.6545e-06
300 20 0.401 216.017 1.5885e-06
300 20 0.411 201.461 1.853e-06
300 20 0.421 186.966 1.8182e-06
300 20 0.431 181.615 1.8107e-06
300 20 0.441 167.417 1.7701e-06
300 20 0.451 155.727 1.734e-06
300 20 0.461 162.295 1.7604e-06
300 20 0.471 135.919 1.6903e-06
300 20 0.481 133.777 1.6714e-06
300 20 0.491 126.927 1.6588e-06
300 20 0.501 116.21 1.6262e-06
300 20 0.511 106.183 1.5955e-06
300 20 0.521 100.967 1.5866e-06
300 20 0.531 94.6829 1.5749e-06
300 20 0.541 85.6401 1.5363e-06
300 20 0.551 82.4821 1.501e-06
300 20 0.561 75.0163 1.472e-06
300 20 0.571 73.1946 1.4628e-06
300 20 0.581 67.4769 1.4489e-06
300 20 0.591 61.6169 1.4143e-06
300 20 0.601 56.8814 1.4007e-06
300 20 0.611 52.35 1.3784e-06
300 20 0.621 47.1769 1.3587e-06
300 20 0.631 45.4211 1.3482e-06
300 20 0.641 43.9608 1.302e-06
300 20 0.651 39.5727 1.078e-06
300 20 0.661 35.9976 1.3211e-06
300 20 0.671 35.4024 1.2046e-06
300 20 0.681 31.8027 1.059e-06
300 20 0.691 28.4199 1.0568e-06
300 20 0.701 27.6297 1.1276e-06
300 20 0.711 25.8789 1.0684e-06
300 20 0.721 23.0164 1.3254e-06
300 20 0.731 20.478 1.3056e-06
300 20 0.741 20.7746 1.2925e-06
300 20 0.751 17.3618 1.2795e-06
300 20 0.761 16.8442 1.2715e-06
300 20 0.771 14.4801 1.2654e-06
300 20 0.781 13.9623 1.2503e-06
300 20 0.791 12.8973 1.2616e-06
300 20 0.801 12.1174 1.2358e-06
300 20 0.811 9.9085 1.1299e-06
300 20 0.821 10.6556 1.2585e-06
300 20 0.831 8.3294 1.2447e-06
300 20 0.841 8.0381 1.3007e-06
300 20 0.851 7.9386 1.1388e-06
300 20 0.861 6.9448 1.0285e-06
300 20 0.871 6.7193 1.1867e-06
300 20 0.881 5.8739 1.1856e-06
300 20 0.891 5.4581 1.1839e-06
300 20 0.901 5.0735 1.122e-06
300 20 0.911 4.1313 9.67e-07
300 20 0.921 3.9647 9.724e-07
300 20 0.931 3.3334 1.1653e-06
300 20 0.941 3.2998 1.1966e-06
300 20 0.951 2.7153 1.1948e-06
300 20 0.961 2.3731 1.1919e-06
300 20 0.971 2.2525 1.1928e-06
300 20 0.981 1.9817 1.1762e-06
300 20 0.991 1.7878 9.698e-07
300 20 1.001 1.7754 1.0493e-06
300 20 1.011 1.3026 1.1822e-06
300 20 1.021 1.4058 1.1838e-06
300 20 1.031 1.2391 1.1836e-06
300 20 1.041 0.9648 1.1808e-06
300 20 1.051 0.8631 1.1782e-06
300 20 1.061 0.927 1.1818e-06
300 20 1.071 0.7094 1.1727e-06
300 20 1.081 0.5504 9.868e-07
300 20 1.091 0.5668 1.142e-06
300 20 1.101 0.5233 9.515e-07
300 20 1.111 0.4656 9.553e-07
300 20 1.121 0.3903 9.612e-07
300 20 1.131 0.3836 9.756e-07
300 20 1.141 0.3248 1.0122e-06
300 20 1.151 0.3293 1.1568e-06
300 20 1.161 0.3062 1.1765e-06
300 20 1.171 0.2536 1.1525e-06
300 20 1.181 0.2624 1.1583e-06
300 20 1.191 0.2028 1.1123e-06
300 20 1.201 0.1838 1.168e-06
300 20 1.211 0.1497 1.1762e-06
300 20 1.221 0.135 1.1781e-06
300 20 1.231 0.1425 1.1687e-06
300 20 1.241 0.118 9.903e-07
300 20 1.251 0.1305 1.0447e-06
300 20 1.261 0.11 1.1622e-06
300 20 1.271 0.1043 1.0386e-06
300 20 1.281 0.0629 9.637e-07
300 20 1.291 0.0764 9.462e-07
300 20 1.301 0.073 1.0319e-06
300 20 1.311 0.0641 1.232e-06
300 20 1.321 0.0499 1.2445e-06
300 20 1.331 0.0539 1.2361e-06
300 20 1.341 0.0351 1.2314e-06
300 20 1.351 0.0503 1.2394e-06
300 20 1.361 0.0355 1.2289e-06
300 20 1.371 0.0227 1.1545e-06
300 20 1.381 0.0258 1.0324e-06
300 20 1.391 0.0302 1.0019e-06
300 20 1.401 0.0214 1.0719e-06
300 20 1.411 0.0207 1.0406e-06
300 20 1.421 0.019 1.209e-06
300 20 1.431 0.0216 1.2154e-06
300 20 1.441 0.0135 1.2194e-06
300 20 1.451 0.0149 1.2067e-06
300 20 1.461 0.0121 1.2054e-06
300 20 1.471 0.0105 1.2219e-06
300 20 1.481 0.0136 1.206e-06
300 20 1.491 0.0087 1.1993e-06
300 20 1.501 0.008 1.208e-06
300 20 1.511 0.0038 1.1595e-06
300 20 1.521 0.0087 1.1614e-06
300 20 1.531 0.0047 1.1404e-06
300 20 1.541 0.0077 1.1079e-06
300 20 1.551 0.0056 1.1522e-06
300 20 1.561 0.0057 1.1719e-06
300 20 1.571 0.0038 1.1831e-06
300 20 1.581 0.0012 1.1842e-06
300 20 1.591 0.0046 1.1612e-06
300 20 1.601 0.0035 1.1651e-06
300 20 1.611 0.0025 1.1697e-06
300 20 1.621 0.0048 1.1674e-06
300 20 1.631 0.0042 1.1633e-06
300 20 1.641 0.0024 1.1744e-06
300 20 1.651 0.0026 1.1646e-06
300 20 1.661 0.0013 1.1595e-06
300 20 1.671 0.0031 1.1597e-06
300 20 1.681 0.0018 1.166e-06
300 20 1.691 0.0015 1.1606e-06
300 20 1.701 0.0019 1.1587e-06
300 20 1.711 0.0021 1.1785e-06
300 20 1.721 0.0007 1.174e-06
300 20 1.731 0.0008 1.1636e-06
300 20 1.741 0.0007 1.1607e-06
300 20 1.751 0.0006 1.1646e-06
300 20 1.761 0.0013 1.1578e-06
300 20 1.771 0.0015 1.1711e-06
300 20 1.781 0.0011 1.1599e-06
300 20 1.791 0.0016 1.0738e-06
300 20 1.801 0.0008 9.679e-07
300 20 1.811 0.0009 9.508e-07
300 20 1.821 0.0001 9.44e-07
300 20 1.831 0.0001 1.0039e-06
300 20 1.841 0 1.0802e-06
300 20 1.851 0.0005 1.0517e-06
300 20 1.861 0.0003 1.1378e-06
300 20 1.871 0.0005 9.875e-07
300 20 1.881 0 9.454e-07
300 20 1.891 0.0003 9.424e-07
300 20 1.901 0.0003 1.1252e-06
300 20 1.911 0 1.1531e-06
300 20 1.921 0.0004 1.1385e-06
300 20 1.931 0.001 1.146e-06
300 20 1.941 0.0006 1.1093e-06
300 20 1.951 0.0003 1.0539e-06
300 20 1.961 0.0001 1.153e-06
300 20 1.971 0 1.1913e-06
300 20 1.981 0.0001 1.147e-06
300 20 1.991 0.0003 9.269e-07
300 30 0.001 2018.13 3.178e-06
300 30 0.011 1935.09 3.3078e-06
300 30 0.021 1834.95 3.0148e-06
300 30 0.031 1773.88 2.9687e-06
300 30 0.041 1708.88 2.9126e-06
300 30 0.051 1663.4 4.3059e-06
300 30 0.061 1549.81 4.4798e-06
300 30 0.071 1403.06 4.1983e-06
300 30 0.081 1372.6 4.1572e-06
300 30 0.091 1329.79 4.1011e-06
300 30 0.101 1195.86 3.8096e-06
300 30 0.111 1153.06 3.7439e-06
300 30 0.121 1095.17 3.071e-06
300 30 0.131 1019.45 3.2072e-06
300 30 0.141 971.126 2.2221e-06
300 30 0.151 890.417 2.1196e-06
300 30 0.161 840.929 2.0674e-06
300 30 0.171 800.858 3.0216e-06
300 30 0.181 720.219 2.8571e-06
300 30 0.191 658.237 2.7314e-06
300 30 0.201 656.816 2.7457e-06
300 30 0.211 575.333 2.5769e-06
300 30 0.221 541.441 2.5026e-06
300 30 0.231 509.187 2.4427e-06
300 30 0.241 476.339 2.3637e-06
300 30 0.251 427.154 2.2651e-06
300 30 0.261 417.217 2.2566e-06
300 30 0.271 377.483 2.1796e-06
300 30 0.281 332.596 2.0794e-06
300 30 0.291 325.817 2.0594e-06
300 30 0.301 301.61 2.005e-06
300 30 0.311 274.186 1.9449e-06
300 30 0.321 247.875 1.7459e-06
300 30 0.331 248.128 1.7865e-06
300 30 0.341 207.074 1.7803e-06
300 30 0.351 198.723 1.7614e-06
300 30 0.361 186.31 1.7203e-06
300 30 0.371 175.531 1.7012e-06
300 30 0.381 158.28 1.575e-06
300 30 0.391 139.988 1.2489e-06
300 30 0.401 127.051 1.2604e-06
300 30 0.411 118.996 1.5573e-06
300 30 0.421 110.3 1.5322e-06
300 30 0.431 97.8664 1.5147e-06
300 30 0.441 90.2568 1.1834e-06
300 30 0.451 84.9891 1.1442e-06
300 30 0.461 71.1668 1.1242e-06
300 30 0.471 71.3425 1.2355e-06
300 30 0.481 64.6885 1.4111e-06
300 30 0.491 52.9841 1.3781e-06
300 30 0.501 52.863 1.3787e-06
300 30 0.511 49.7073 1.3589e-06
300 30 0.521 46.6346 1.359e-06
300 30 0.531 38.8137 1.1349e-06
300 30 0.541 34.4807 1.0542e-06
300 30 0.551 32.8095 1.0462e-06
300 30 0.561 33.2574 1.2689e-06
300 30 0.571 28.3213 1.1901e-06
300 30 0.581 23.9877 1.2771e-06
300 30 0.591 21.1671 1.2885e-06
300 30 0.601 20.6486 1.2915e-06
300 30 0.611 19.2189 1.1345e-06
300 30 0.621 17.5242 1.0379e-06
300 30 0.631 13.3737 1.2168e-06
300 30 0.641 13.325 1.2542e-06
300 30 0.651 11.5891 1.2546e-06
300 30 0.661 10.8911 1.25e-06
300 30 0.671 9.867 1.2465e-06
300 30 0.681 8.6377 1.2388e-06
300 30 0.691 7.6252 1.2499e-06
300 30 0.701 6.9259 1.2402e-06
300 30 0.711 7.1577 1.2366e-06
300 30 0.721 5.1472 1.2277e-06
300 30 0.731 5.3507 1.2193e-06
300 30 0.741 4.5243 1.2324e-06
300 30 0.751 4.1779 1.2205e-06
300 30 0.761 3.6298 1.2378e-06
300 30 0.771 2.8496 1.2317e-06
300 30 0.781 2.4288 1.2202e-06
300 30 0.791 2.5591 1.2309e-06
300 30 0.801 2.0593 1.2294e-06
300 30 0.811 2.1057 1.2335e-06
300 30 0.821 1.6909 1.2316e-06
300 30 0.831 1.6817 1.2148e-06
300 30 0.841 1.389 1.2236e-06
300 30 0.851 0.9588 1.2138e-06
300 30 0.861 0.9941 1.2198e-06
300 30 0.871 0.9496 1.2186e-06
300 30 0.881 0.6784 1.2228e-06
300 30 0.891 0.7466 1.0441e-06
300 30 0.901 0.5835 1.1577e-06
300 30 0.911 0.5154 9.85e-07
300 30 0.921 0.4354 9.598e-07
300 30 0.931 0.4169 9.561e-07
300 30 0.941 0.391 9.738e-07
300 30 0.951 0.3389 1.1993e-06
300 30 0.961 0.2109 1.1896e-06
300 30 0.971 0.2709 1.149e-06
300 30 0.981 0.1657 1.1017e-06
300 30 0.991 0.2124 9.698e-07
300 30 1.001 0.1687 1.0135e-06
300 30 1.011 0.1006 1.0215e-06
300 30 1.021 0.1326 1.2386e-06
300 30 1.031 0.0607 1.236e-06
300 30 1.041 0.0541 1.2497e-06
300 30 1.051 0.0833 1.0046e-06
300 30 1.061 0.0499 1.0034e-06
300 30 1.071 0.0381 9.625e-07
300 30 1.081 0.043 9.68e-07
300 30 1.091 0.0281 9.696e-07
300 30 1.101 0.028 1.0942e-06
300 30 1.111 0.0157 1.1976e-06
300 30 1.121 0.0201 1.1907e-06
300 30 1.131 0.0087 1.1776e-06
300 30 1.141 0.0233 1.1861e-06
300 30 1.151 0.0124 1.2192e-06
300 30 1.161 0.0106 1.0453e-06
300 30 1.171 0.0044 9.973e-07
300 30 1.181 0.0115 1.1651e-06
300 30 1.191 0.0107 1.211e-06
300 30 1.201 0.0078 1.2119e-06
300 30 1.211 0.0053 1.2103e-06
300 30 1.221 0.0039 1.2059e-06
300 30 1.231 0.0064 1.2049e-06
300 30 1.241 0.0037 1.2085e-06
300 30 1.251 0.0004 1.0101e-06
300 30 1.261 0.0041 1.0427e-06
300 30 1.271 0.0034 1.2291e-06
300 30 1.281 0.0021 1.2448e-06
300 30 1.291 0.0049 1.1024e-06
300 30 1.301 0.0004 9.881e-07
300 30 1.311 0.0014 1.1324e-06
300 30 1.321 0.0005 1.2143e-06
300 30 1.331 0.0022 1.2144e-06
300 30 1.341 0.001 1.2206e-06
300 30 1.351 0.0001 1.2111e-06
300 30 1.361 0.0001 1.2077e-06
300 30 1.371 0.0001 1.2176e-06
300 30 1.381 0.0001 1.213e-06
300 30 1.391 0.0012 1.2115e-06
300 30 1.401 0.0004 1.1847e-06
300 30 1.411 0 1.1759e-06
300 30 1.421 0.0002 1.1892e-06
300 30 1.431 0 1.1627e-06
300 30 1.441 0 1.1624e-06
300 30 1.451 0 1.1974e-06
300 30 1.461 0.0003 1.2039e-06
300 30 1.471 0.0011 9.727e-07
300 30 1.481 0.0012 1.1669e-06
300 30 1.491 0 1.1792e-06
300 30 1.501 0 1.1176e-06
300 30 1.511 0.0002 1.223e-06
300 30 1.521 0.0002 1.1772e-06
300 30 1.531 0.0001 1.1843e-06
300 30 1.541 0 1.2232e-06
300 30 1.551 0 1.2046e-06
300 30 1.561 0 1.2184e-06
300 30 1.571 0 1.2135e-06
300 30 1.581 0 1.2146e-06
300 30 1.591 0 1.2171e-06
300 30 1.601 0 1.2154e-06
300 30 1.611 0 1.2033e-06
300 30 1.621 0.0002 1.1958e-06
300 30 1.631 0 1.1958e-06
300 30 1.641 0 1.1956e-06
300 30 1.651 0 1.1935e-06
300 30 1.661 0 1.1993e-06
300 30 1.671 0 1.2069e-06
300 30 1.681 0 1.1469e-06
300 30 1.691 0 9.635e-07
300 30 1.701 0 1.1042e-06
300 30 1.711 0 1.0882e-06
300 30 1.721 0 1.1022e-06
300 30 1.731 0 1.0237e-06
300 30 1.741 0 9.674e-07
300 30 1.751 0 1.1399e-06
300 30 1.761 0 1.1985e-06
300 30 1.771 0 1.1935e-06
300 30 1.781 0 1.1918e-06
300 30 1.791 0 1.1801e-06
300 30 1.801 0 1.1912e-06
300 30 1.811 0 1.187e-06
300 30 1.821 0 1.0659e-06
300 30 1.831 0 1.0527e-06
300 30 1.841 0 1.0493e-06
300 30 1.851 0 1.0488e-06
300 30 1.861 0 1.1648e-06
300 30 1.871 0 1.1981e-06
300 30 1.881 0 1.1882e-06
300 30 1.891 0 1.1666e-06
300 30 1.901 0 1.1678e-06
300 30 1.911 0 1.1887e-06
300 30 1.921 0 1.1892e-06
300 30 1.931 0 1.1876e-06
300 30 1.941 0 1.191e-06
300 30 1.951 0 1.067e-06
300 30 1.961 0 1.0735e-06
300 30 1.971 0 9.714e-07
300 30 1.981 0 9.532e-07
300 30 1.991 0 9.689e-07
300 40 0.001 2625.39 5.255e-06
300 40 0.011 2500.24 6.1702e-06
300 40 0.021 2343.15 5.9335e-06
300 40 0.031 2300.73 5.8331e-06
300 40 0.041 2187.2 5.6236e-06
300 40 0.051 2044.91 5.3446e-06
300 40 0.061 1895.67 5.0647e-06
300 40 0.071 1728.23 4.7393e-06
300 40 0.081 1634.69 4.5467e-06
300 40 0.091 1475.18 4.2119e-06
300 40 0.101 1454.49 4.2095e-06
300 40 0.111 1352.54 3.9927e-06
300 40 0.121 1238.38 3.7652e-06
300 40 0.131 1147.4 2.7824e-06
300 40 0.141 1105.05 3.4837e-06
300 40 0.151 1032.18 2.15e-06
300 40 0.161 892.476 1.9518e-06
300 40 0.171 892.14 1.9333e-06
300 40 0.181 810.584 2.196e-06
300 40 0.191 734.855 2.7077e-06
300 40 0.201 671.984 2.5621e-06
300 40 0.211 609.637 2.4167e-06
300 40 0.221 571.57 2.3468e-06
300 40 0.231 517.804 2.2563e-06
300 40 0.241 467.12 2.1304e-06
300 40 0.251 454.835 2.1313e-06
300 40 0.261 422.704 2.0578e-06
300 40 0.271 376.211 1.3105e-06
300 40 0.281 339.774 1.4596e-06
300 40 0.291 322.753 1.7608e-06
300 40 0.301 310.807 1.2944e-06
300 40 0.311 279.651 1.2133e-06
300 40 0.321 248.541 1.2168e-06
300 40 0.331 232.059 1.1758e-06
300 40 0.341 197.662 1.4063e-06
300 40 0.351 196.478 1.5338e-06
300 40 0.361 165.044 1.4671e-06
300 40 0.371 164.902 1.4582e-06
300 40 0.381 132.237 1.3803e-06
300 40 0.391 139.67 1.222e-06
300 40 0.401 112.124 1.3781e-06
300 40 0.411 110.443 1.3767e-06
300 40 0.421 103.881 1.3453e-06
300 40 0.431 92.0595 1.3103e-06
300 40 0.441 83.3957 1.2786e-06
300 40 0.451 72.7491 1.2421e-06
300 40 0.461 69.7985 1.2423e-06
300 40 0.471 55.8183 1.1033e-06
300 40 0.481 56.2573 9.102e-07
300 40 0.491 48.7858 1.1304e-06
300 40 0.501 42.5412 1.1602e-06
300 40 0.511 40.5551 1.0212e-06
300 40 0.521 37.152 1.1399e-06
300 40 0.531 31.9864 1.1061e-06
300 40 0.541 30.7729 1.0582e-06
300 40 0.551 27.7788 8.961e-07
300 40 0.561 23.096 9.119e-07
300 40 0.571 21.2957 7.997e-07
300 40 0.581 20.8718 8.676e-07
300 40 0.591 16.7176 1.0602e-06
300 40 0.601 15.6097 1.062e-06
300 40 0.611 12.7421 1.0682e-06
300 40 0.621 12.0066 1.0558e-06
300 40 0.631 12.5992 1.0616e-06
300 40 0.641 10.1628 1.0547e-06
300 40 0.651 8.0293 1.048e-06
300 40 0.661 8.4484 1.0485e-06
300 40 0.671 7.2725 1.0201e-06
300 40 0.681 6.315 1.0111e-06
300 40 0.691 5.214 1.0007e-06
300 40 0.701 5.6587 1.0252e-06
300 40 0.711 4.6859 1.0017e-06
300 40 0.721 3.8654 1.0111e-06
300 40 0.731 3.4458 1.0169e-06
300 40 0.741 2.9844 1.0128e-06
300 40 0.751 3.0717 1.0107e-06
300 40 0.761 2.8091 1.0043e-06
300 40 0.771 2.2127 1.0112e-06
300 40 0.781 2.1279 1.0155e-06
300 40 0.791 1.8365 1.0028e-06
300 40 0.801 1.4398 9.999e-07
300 40 0.811 1.223 1.0026e-06
300 40 0.821 1.1328 1.0021e-06
300 40 0.831 1.0937 9.988e-07
300 40 0.841 0.8948 9.994e-07
300 40 0.851 0.691 9.739e-07
300 40 0.861 0.6841 9.648e-07
300 40 0.871 0.5396 9.803e-07
300 40 0.881 0.5451 9.936e-07
300 40 0.891 0.432 9.914e-07
300 40 0.901 0.3698 9.939e-07
300 40 0.911 0.4278 9.892e-07
300 40 0.921 0.3 9.973e-07
300 40 0.931 0.2084 9.832e-07
300 40 0.941 0.2568 9.895e-07
300 40 0.951 0.1696 9.985e-07
300 40 0.961 0.141 9.93e-07
300 40 0.971 0.1221 9.992e-07
300 40 0.981 0.1105 9.919e-07
300 40 0.991 0.0893 9.955e-07
300 40 1.001 0.0712 9.873e-07
300 40 1.011 0.084 9.985e-07
300 40 1.021 0.0367 9.929e-07
300 40 1.031 0.0362 1.0011e-06
300 40 1.041 0.0319 1.0011e-06
300 40 1.051 0.0423 9.985e-07
300 40 1.061 0.0363 1.0143e-06
300 40 1.071 0.0299 9.893e-07
300 40 1.081 0.0221 1.0022e-06
300 40 1.091 0.0265 9.007e-07
300 40 1.101 0.0149 9.878e-07
300 40 1.111 0.0289 7.618e-07
300 40 1.121 0.0209 8.197e-07
300 40 1.131 0.0075 8.986e-07
300 40 1.141 0.0035 9.949e-07
300 40 1.151 0.0146 9.853e-07
300 40 1.161 0.0017 8.857e-07
300 40 1.171 0.0067 7.493e-07
300 40 1.181 0.0026 7.868e-07
300 40 1.191 0.0041 9.938e-07
300 40 1.201 0.0016 9.973e-07
300 40 1.211 0.0021 9.974e-07
300 40 1.221 0.003 9.989e-07
300 40 1.231 0.0025 9.303e-07
300 40 1.241 0.0043 7.445e-07
300 40 1.251 0.0013 7.583e-07
300 40 1.261 0.0003 9.904e-07
300 40 1.271 0.0001 1.0086e-06
300 40 1.281 0.0022 1.0114e-06
300 40 1.291 0.0009 1.0081e-06
300 40 1.301 0.0002 1.0055e-06
300 40 1.311 0.0001 1.0133e-06
300 40 1.321 0.0001 1.0059e-06
300 40 1.331 0.0005 1.0092e-06
300 40 1.341 0.0016 1.0046e-06
300 40 1.351 0.0016 9.985e-07
300 40 1.361 0.0004 1.0015e-06
300 40 1.371 0 9.964e-07
300 40 1.381 0.0008 1.0003e-06
300 40 1.391 0.0013 9.984e-07
300 40 1.401 0 1.0012e-06
300 40 1.411 0 9.898e-07
300 40 1.421 0.0005 9.825e-07
300 40 1.431 0 9.967e-07
300 40 1.441 0.0001 1.0004e-06
300 40 1.451 0 9.161e-07
300 40 1.461 0 7.402e-07
300 40 1.471 0.0001 8.838e-07
300 40 1.481 0 1.003e-06
300 40 1.491 0.0003 1.0058e-06
300 40 1.501 0 9.664e-07
300 40 1.511 0 7.894e-07
300 40 1.521 0 8.358e-07
300 40 1.531 0 7.984e-07
300 40 1.541 0 7.611e-07
300 40 1.551 0 7.453e-07
300 40 1.561 0 7.455e-07
300 40 1.571 0 7.307e-07
300 40 1.581 0 1.0027e-06
300 40 1.591 0 7.504e-07
300 40 1.601 0 8.441e-07
300 40 1.611 0 9.645e-07
300 40 1.621 0 9.856e-07
300 40 1.631 0 9.979e-07
300 40 1.641 0 9.915e-07
300 40 1.651 0 9.906e-07
300 40 1.661 0 9.9e-07
300 40 1.671 0 9.624e-07
300 40 1.681 0 9.825e-07
300 40 1.691 0 9.96e-07
300 40 1.701 0 9.929e-07
300 40 1.711 0 9.254e-07
300 40 1.721 0 7.994e-07
300 40 1.731 0 7.895e-07
300 40 1.741 0 9.26e-07
300 40 1.751 0 9.592e-07
300 40 1.761 0 9.701e-07
300 40 1.771 0 9.839e-07
300 40 1.781 0 9.811e-07
300 40 1.791 0 9.728e-07
300 40 1.801 0 9.84e-07
300 40 1.811 0 9.862e-07
300 40 1.821 0 9.844e-07
300 40 1.831 0 9.83e-07
300 40 1.841 0 9.862e-07
300 40 1.851 0 9.558e-07
300 40 1.861 0 7.283e-07
300 40 1.871 0 7.371e-07
300 40 1.881 0 8.879e-07
300 40 1.891 0 9.81e-07
300 40 1.901 0 9.808e-07
300 40 1.911 0 9.8e-07
300 40 1.921 0 9.849e-07
300 40 1.931 0 9.76e-07
300 40 1.941 0 9.779e-07
300 40 1.951 0 9.805e-07
300 40 1.961 0 9.728e-07
300 40 1.971 0 9.722e-07
300 40 1.981 0 9.688e-07
300 40 1.991 0 9.644e-07
400 10 0.001 951.013 3.8846e-06
400 10 0.011 980.223 3.9769e-06
400 10 0.021 954.901 3.9136e-06
400 10 0.031 923.587 3.84e-06
400 10 0.041 934.3 3.8891e-06
400 10 0.051 877.238 3.7458e-06
400 10 0.061 895.612 3.808e-06
400 10 0.071 875.861 3.7474e-06
400 10 0.081 887.332 3.8134e-06
400 10 0.091 849.027 3.7227e-06
400 10 0.101 828.621 3.6765e-06
400 10 0.111 813.42 3.6476e-06
400 10 0.121 802.933 3.6157e-06
400 10 0.131 771.263 3.5324e-06
400 10 0.141 770.271 3.5434e-06
400 10 0.151 737.929 3.4773e-06
400 10 0.161 729.713 3.4535e-06
400 10 0.171 691.659 3.3568e-06
400 10 0.181 703.796 3.4002e-06
400 10 0.191 656.387 3.2686e-06
400 10 0.201 657.345 2.3551e-06
400 10 0.211 638.725 2.238e-06
400 10 0.221 634.296 3.2598e-06
400 10 0.231 599.546 3.1619e-06
400 10 0.241 600.9 3.1809e-06
400 10 0.251 584.591 3.1493e-06
400 10 0.261 561.156 3.0767e-06
400 10 0.271 541.204 2.7793e-06
400 10 0.281 521.04 2.7017e-06
400 10 0.291 507.918 2.9366e-06
400 10 0.301 496.628 2.9248e-06
400 10 0.311 477.793 2.8773e-06
400 10 0.321 478.015 2.8782e-06
400 10 0.331 442.218 2.7963e-06
400 10 0.341 450.474 2.812e-06
400 10 0.351 416.286 2.718e-06
400 10 0.361 419.104 2.7501e-06
400 10 0.371 408.85 2.7207e-06
400 10 0.381 406.567 2.525e-06
400 10 0.391 383.259 2.6418e-06
400 10 0.401 389.235 2.6696e-06
400 10 0.411 348.435 2.5509e-06
400 10 0.421 359.795 2.6123e-06
400 10 0.431 325.271 2.4978e-06
400 10 0.441 324.969 2.5092e-06
400 10 0.451 318.542 2.4981e-06
400 10 0.461 315.697 1.8515e-06
400 10 0.471 288.683 1.7474e-06
400 10 0.481 279.327 1.7309e-06
400 10 0.491 273.173 2.3307e-06
400 10 0.501 252.946 2.315e-06
400 10 0.511 259.152 2.3424e-06
400 10 0.521 245.245 2.3152e-06
400 10 0.531 244.064 2.3203e-06
400 10 0.541 233.051 2.2953e-06
400 10 0.551 222.562 1.8464e-06
400 10 0.561 212.045 2.0839e-06
400 10 0.571 210.261 2.2316e-06
400 10 0.581 200.934 2.1962e-06
400 10 0.591 195.529 2.1942e-06
400 10 0.601 187.266 2.1476e-06
400 10 0.611 179.456 2.1496e-06
400 10 0.621 169.094 2.1261e-06
400 10 0.631 162.878 2.1018e-06
400 10 0.641 144.733 2.0433e-06
400 10 0.651 149.078 2.0596e-06
400 10 0.661 144.97 2.0383e-06
400 10 0.671 134.012 2.0107e-06
400 10 0.681 125.874 1.6448e-06
400 10 0.691 130.131 1.5225e-06
400 10 0.701 126.307 1.5251e-06
400 10 0.711 112.247 1.8716e-06
400 10 0.721 108.808 1.8989e-06
400 10 0.731 108.228 1.7409e-06
400 10 0.741 98.6428 1.8766e-06
400 10 0.751 99.212 1.885e-06
400 10 0.761 89.7496 1.8493e-06
400 10 0.771 86.4474 1.8395e-06
400 10 0.781 81.509 1.8124e-06
400 10 0.791 83.3703 1.8269e-06
400 10 0.801 74.9623 1.7791e-06
400 10 0.811 75.3138 1.7923e-06
400 10 0.821 69.3349 1.7566e-06
400 10 0.831 66.1413 1.3932e-06
400 10 0.841 60.5707 1.7105e-06
400 10 0.851 56.8786 1.4233e-06
400 10 0.861 54.8627 1.3592e-06
400 10 0.871 56.187 1.5377e-06
400 10 0.881 49.439 1.3632e-06
400 10 0.891 45.7723 1.3386e-06
400 10 0.901 45.1322 1.6076e-06
400 10 0.911 41.4467 1.6515e-06
400 10 0.921 37.9155 1.6355e-06
400 10 0.931 39.0831 1.6452e-06
400 10 0.941 35.9959 1.635e-06
400 10 0.951 32.2228 1.6107e-06
400 10 0.961 33.9926 1.6266e-06
400 10 0.971 30.8797 1.607e-06
400 10 0.981 26.2877 1.4267e-06
400 10 0.991 24.8603 1.2614e-06
400 10 1.001 22.3941 1.3662e-06
400 10 1.011 21.7082 1.5395e-06
400 10 1.021 20.1575 1.3993e-06
400 10 1.031 18.8983 1.4967e-06
400 10 1.041 16.9889 1.4785e-06
400 10 1.051 17.1076 1.482e-06
400 10 1.061 15.1408 1.458e-06
400 10 1.071 14.4951 1.4611e-06
400 10 1.081 12.8768 1.4409e-06
400 10 1.091 12.8103 1.4218e-06
400 10 1.101 12.4406 1.3955e-06
400 10 1.111 10.9049 1.4297e-06
400 10 1.121 10.1038 1.5159e-06
400 10 1.131 9.727 1.5114e-06
400 10 1.141 9.3323 1.508e-06
400 10 1.151 9.4799 1.5065e-06
400 10 1.161 8.4231 1.4334e-06
400 10 1.171 8.1875 1.368e-06
400 10 1.181 7.6855 1.4109e-06
400 10 1.191 7.2391 1.3988e-06
400 10 1.201 7.355 1.4044e-06
400 10 1.211 6.515 1.3708e-06
400 10 1.221 6.8865 1.3351e-06
400 10 1.231 6.4166 1.3898e-06
400 10 1.241 5.9933 1.3117e-06
400 10 1.251 5.6014 1.3929e-06
400 10 1.261 5.099 1.3822e-06
400 10 1.271 5.1387 1.3765e-06
400 10 1.281 4.6944 1.3847e-06
400 10 1.291 4.6004 1.3919e-06
400 10 1.301 4.1962 1.3817e-06
400 10 1.311 4.2529 1.3822e-06
400 10 1.321 3.9211 1.284e-06
400 10 1.331 3.6986 1.3569e-06
400 10 1.341 3.4142 1.3586e-06
400 10 1.351 3.3662 1.3515e-06
400 10 1.361 3.2541 1.3653e-06
400 10 1.371 3.0326 1.3639e-06
400 10 1.381 3.04 1.3499e-06
400 10 1.391 2.9561 1.3568e-06
400 10 1.401 2.5586 1.3483e-06
400 10 1.411 2.5707 1.3448e-06
400 10 1.421 2.1906 1.3458e-06
400 10 1.431 2.4677 1.3557e-06
400 10 1.441 2.2541 1.185e-06
400 10 1.451 2.1544 1.1965e-06
400 10 1.461 2.0144 1.316e-06
400 10 1.471 1.793 1.3276e-06
400 10 1.481 1.8428 1.2377e-06
400 10 1.491 1.7339 1.136e-06
400 10 1.501 1.5623 1.1425e-06
400 10 1.511 1.5105 1.1632e-06
400 10 1.521 1.4863 1.373e-06
400 10 1.531 1.3916 1.3633e-06
400 10 1.541 1.3595 1.3658e-06
400 10 1.551 1.251 1.358e-06
400 10 1.561 1.2027 1.3553e-06
400 10 1.571 1.0865 1.3512e-06
400 10 1.581 1.1502 1.3479e-06
400 10 1.591 1.1243 1.3407e-06
400 10 1.601 0.9954 1.3454e-06
400 10 1.611 1.0198 1.2645e-06
400 10 1.621 1.0064 1.2656e-06
400 10 1.631 0.9693 1.3419e-06
400 10 1.641 0.947 1.3115e-06
400 10 1.651 0.8784 1.3263e-06
400 10 1.661 0.8726 1.3368e-06
400 10 1.671 0.8307 1.2371e-06
400 10 1.681 0.8375 1.3351e-06
400 10 1.691 0.7968 1.3316e-06
400 10 1.701 0.7723 1.3311e-06
400 10 1.711 0.7469 1.3313e-06
400 10 1.721 0.6954 1.3332e-06
400 10 1.731 0.708 1.1948e-06
400 10 1.741 0.6673 1.244e-06
400 10 1.751 0.6807 1.2873e-06
400 10 1.761 0.6385 1.2842e-06
400 10 1.771 0.6364 1.2884e-06
400 10 1.781 0.6214 1.2345e-06
400 10 1.791 0.5978 1.2847e-06
400 10 1.801 0.6065 1.1672e-06
400 10 1.811 0.5577 1.105e-06
400 10 1.821 0.5358 1.1332e-06
400 10 1.831 0.5484 1.1204e-06
400 10 1.841 0.5167 1.1518e-06
400 10 1.851 0.505 1.2995e-06
400 10 1.861 0.5245 1.3032e-06
400 10 1.871 0.5057 1.3023e-06
400 10 1.881 0.4684 1.2998e-06
400 10 1.891 0.5031 1.2952e-06
400 10 1.901 0.4631 1.3003e-06
400 10 1.911 0.4895 1.1993e-06
400 10 1.921 0.4623 1.0996e-06
400 10 1.931 0.4801 1.2562e-06
400 10 1.941 0.4631 1.3065e-06
400 10 1.951 0.4642 1.304e-06
400 10 1.961 0.4501 1.2581e-06
400 10 1.971 0.4498 1.1298e-06
400 10 1.981 0.4449 1.1362e-06
400 10 1.991 0.4524 1.299e-06
400 20 0.001 1945.97 3.447e-06
400 20 0.011 1855.74 3.3534e-06
400 20 0.021 1826.72 3.3336e-06
400 20 0.031 1822.98 3.3475e-06
400 20 0.041 1697.65 3.2058e-06
400 20 0.051 1657.87 3.1588e-06
400 20 0.061 1555.28 3.0505e-06
400 20 0.071 1506.28 3.0097e-06
400 20 0.081 1449.98 2.9449e-06
400 20 0.091 1392.74 2.8906e-06
400 20 0.101 1327.38 2.8238e-06
400 20 0.111 1328.52 2.8476e-06
400 20 0.121 1200.81 2.6774e-06
400 20 0.131 1202.71 2.7013e-06
400 20 0.141 1159.01 2.6565e-06
400 20 0.151 1075.27 2.5781e-06
400 20 0.161 1067.71 2.5656e-06
400 20 0.171 978.86 2.4785e-06
400 20 0.181 941.257 2.4624e-06
400 20 0.191 908.576 2.4247e-06
400 20 0.201 880.994 2.3754e-06
400 20 0.211 835.76 2.8516e-06
400 20 0.221 811.682 2.6569e-06
400 20 0.231 743.847 2.716e-06
400 20 0.241 720.571 2.2114e-06
400 20 0.251 669.804 2.1369e-06
400 20 0.261 649.597 2.0927e-06
400 20 0.271 610.162 2.0599e-06
400 20 0.281 584.132 2.0344e-06
400 20 0.291 538.214 2.274e-06
400 20 0.301 528.04 2.8038e-06
400 20 0.311 512.547 2.767e-06
400 20 0.321 464.107 2.6468e-06
400 20 0.331 434.141 2.5863e-06
400 20 0.341 418.12 2.294e-06
400 20 0.351 389.372 1.9625e-06
400 20 0.361 370.133 2.4347e-06
400 20 0.371 358.732 1.8786e-06
400 20 0.381 319.684 2.14e-06
400 20 0.391 306.57 2.2946e-06
400 20 0.401 286.24 2.2502e-06
400 20 0.411 273.408 1.8315e-06
400 20 0.421 265.015 1.6232e-06
400 20 0.431 241.886 1.7836e-06
400 20 0.441 234.069 2.1376e-06
400 20 0.451 223.045 2.0877e-06
400 20 0.461 191.557 1.9995e-06
400 20 0.471 184.766 1.9769e-06
400 20 0.481 181.855 1.9986e-06
400 20 0.491 166.86 1.9575e-06
400 20 0.501 163.593 1.9443e-06
400 20 0.511 148.254 1.9132e-06
400 20 0.521 139.755 1.8844e-06
400 20 0.531 132.071 1.852e-06
400 20 0.541 114.925 1.8084e-06
400 20 0.551 109.651 1.784e-06
400 20 0.561 100.686 1.7541e-06
400 20 0.571 99.6289 1.7584e-06
400 20 0.581 93.0187 1.7282e-06
400 20 0.591 83.2921 1.6942e-06
400 20 0.601 79.9934 1.6885e-06
400 20 0.611 76.0724 1.5744e-06
400 20 0.621 63.5118 1.2873e-06
400 20 0.631 61.2427 1.289e-06
400 20 0.641 60.5657 1.5578e-06
400 20 0.651 51.4865 1.6048e-06
400 20 0.661 51.323 1.5962e-06
400 20 0.671 47.4997 1.5631e-06
400 20 0.681 41.5069 1.5353e-06
400 20 0.691 40.0496 1.5361e-06
400 20 0.701 35.7783 1.5211e-06
400 20 0.711 35.6562 1.516e-06
400 20 0.721 31.6556 1.5011e-06
400 20 0.731 29.292 1.4922e-06
400 20 0.741 26.4372 1.3787e-06
400 20 0.751 25.7361 1.4441e-06
400 20 0.761 23.2666 1.4633e-06
400 20 0.771 21.3997 1.4485e-06
400 20 0.781 18.8039 1.4253e-06
400 20 0.791 16.8694 1.4055e-06
400 20 0.801 16.9628 1.4128e-06
400 20 0.811 15.5724 1.4078e-06
400 20 0.821 14.0818 1.4055e-06
400 20 0.831 12.5379 1.2693e-06
400 20 0.841 10.5541 1.1642e-06
400 20 0.851 9.7167 1.1461e-06
400 20 0.861 9.342 1.175e-06
400 20 0.871 8.6299 1.3952e-06
400 20 0.881 7.6314 1.3906e-06
400 20 0.891 7.4778 1.3697e-06
400 20 0.901 5.9624 1.1306e-06
400 20 0.911 6.007 1.2009e-06
400 20 0.921 5.1781 1.4444e-06
400 20 0.931 4.7161 1.4456e-06
400 20 0.941 4.1948 1.4464e-06
400 20 0.951 3.8536 1.2796e-06
400 20 0.961 3.6765 1.2671e-06
400 20 0.971 2.8657 1.1199e-06
400 20 0.981 2.7879 1.1671e-06
400 20 0.991 2.6556 1.3618e-06
400 20 1.001 2.1356 1.365e-06
400 20 1.011 2.1129 1.3621e-06
400 20 1.021 1.7423 1.3614e-06
400 20 1.031 1.3033 1.3521e-06
400 20 1.041 1.5145 1.3555e-06
400 20 1.051 1.2467 1.3481e-06
400 20 1.061 1.0982 1.3488e-06
400 20 1.071 0.9487 1.3308e-06
400 20 1.081 0.8309 1.3241e-06
400 20 1.091 0.7537 1.2447e-06
400 20 1.101 0.7224 1.2451e-06
400 20 1.111 0.559 1.1047e-06
400 20 1.121 0.4907 1.2143e-06
400 20 1.131 0.5818 1.3509e-06
400 20 1.141 0.4232 1.336e-06
400 20 1.151 0.375 1.3302e-06
400 20 1.161 0.421 1.341e-06
400 20 1.171 0.2824 1.3433e-06
400 20 1.181 0.2623 1.3333e-06
400 20 1.191 0.2971 1.3349e-06
400 20 1.201 0.249 1.3529e-06
400 20 1.211 0.2235 1.351e-06
400 20 1.221 0.2124 1.3467e-06
400 20 1.231 0.1812 1.3414e-06
400 20 1.241 0.1843 1.339e-06
400 20 1.251 0.163 1.3349e-06
400 20 1.261 0.1412 1.3191e-06
400 20 1.271 0.121 1.3349e-06
400 20 1.281 0.1031 1.3338e-06
400 20 1.291 0.1055 1.3321e-06
400 20 1.301 0.0882 1.3143e-06
400 20 1.311 0.0786 1.3229e-06
400 20 1.321 0.0979 1.1562e-06
400 20 1.331 0.0748 1.1205e-06
400 20 1.341 0.0736 1.1032e-06
400 20 1.351 0.0506 1.1047e-06
400 20 1.361 0.0444 1.3162e-06
400 20 1.371 0.0519 1.3318e-06
400 20 1.381 0.0404 1.3297e-06
400 20 1.391 0.0309 1.3289e-06
400 20 1.401 0.0292 1.3397e-06
400 20 1.411 0.022 1.3126e-06
400 20 1.421 0.0211 1.3074e-06
400 20 1.431 0.0248 1.3165e-06
400 20 1.441 0.0207 1.3121e-06
400 20 1.451 0.0181 1.3035e-06
400 20 1.461 0.0119 1.3206e-06
400 20 1.471 0.0128 1.3314e-06
400 20 1.481 0.0133 1.2411e-06
400 20 1.491 0.0136 1.3091e-06
400 20 1.501 0.012 1.3155e-06
400 20 1.511 0.0128 1.2585e-06
400 20 1.521 0.0104 1.1316e-06
400 20 1.531 0.0101 1.2166e-06
400 20 1.541 0.0084 1.3372e-06
400 20 1.551 0.0082 1.1926e-06
400 20 1.561 0.0064 1.3303e-06
400 20 1.571 0.0068 1.1914e-06
400 20 1.581 0.0051 1.2304e-06
400 20 1.591 0.0064 1.1032e-06
400 20 1.601 0.0034 1.1657e-06
400 20 1.611 0.0051 1.2085e-06
400 20 1.621 0.0039 1.0993e-06
400 20 1.631 0.0047 1.1047e-06
400 20 1.641 0.0024 1.2142e-06
400 20 1.651 0.0029 1.2575e-06
400 20 1.661 0.0026 1.2481e-06
400 20 1.671 0.0026 1.3291e-06
400 20 1.681 0.0024 1.3224e-06
400 20 1.691 0.0013 1.3205e-06
400 20 1.701 0.0014 1.2356e-06
400 20 1.711 0.0016 1.4148e-06
400 20 1.721 0.0021 1.1458e-06
400 20 1.731 0.0007 1.0984e-06
400 20 1.741 0.0008 1.1007e-06
400 20 1.751 0.0009 1.0995e-06
400 20 1.761 0.0013 1.0982e-06
400 20 1.771 0.0009 1.1006e-06
400 20 1.781 0.0013 1.105e-06
400 20 1.791 0.0021 1.2609e-06
400 20 1.801 0.0006 1.2556e-06
400 20 1.811 0.0007 1.2721e-06
400 20 1.821 0.0007 1.3056e-06
400 20 1.831 0.0009 1.3066e-06
400 20 1.841 0.0017 1.3134e-06
400 20 1.851 0.0013 1.3201e-06
400 20 1.861 0.0004 1.3138e-06
400 20 1.871 0.0011 1.31e-06
400 20 1.881 0.0009 1.2942e-06
400 20 1.891 0.0008 1.2971e-06
400 20 1.901 0.0006 1.2079e-06
400 20 1.911 0.0015 1.0992e-06
400 20 1.921 0.0001 1.1217e-06
400 20 1.931 0.0001 1.2981e-06
400 20 1.941 0.0014 1.3066e-06
400 20 1.951 0.0005 1.3019e-06
400 20 1.961 0.0007 1.2919e-06
400 20 1.971 0.0009 1.2906e-06
400 20 1.981 0.0005 1.3128e-06
400 20 1.991 0.0005 1.3007e-06
400 30 0.001 2884.45 7.2371e-06
400 30 0.011 2636.09 6.753e-06
400 30 0.021 2627.46 6.7932e-06
400 30 0.031 2439.19 6.4434e-06
400 30 0.041 2351.66 6.2776e-06
400 30 0.051 2130.91 5.8528e-06
400 30 0.061 2133.38 5.9022e-06
400 30 0.071 2004.64 5.6555e-06
400 30 0.081 1906.98 5.4895e-06
400 30 0.091 1791.2 5.261e-06
400 30 0.101 1700.04 5.1e-06
400 30 0.111 1536.79 4.7748e-06
400 30 0.121 1458.99 4.6221e-06
400 30 0.131 1441.79 4.6188e-06
400 30 0.141 1318.85 3.5503e-06
400 30 0.151 1182.42 3.1468e-06
400 30 0.161 1171.38 3.8151e-06
400 30 0.171 1046.81 2.4694e-06
400 30 0.181 1013.87 3.7127e-06
400 30 0.191 944.827 3.597e-06
400 30 0.201 865.902 3.4318e-06
400 30 0.211 779.91 3.2241e-06
400 30 0.221 742.404 3.1816e-06
400 30 0.231 708.642 3.0697e-06
400 30 0.241 657.515 2.9695e-06
400 30 0.251 610.769 2.879e-06
400 30 0.261 550.174 2.7502e-06
400 30 0.271 506.015 2.6394e-06
400 30 0.281 495.558 2.624e-06
400 30 0.291 433.119 2.4936e-06
400 30 0.301 412.393 2.4533e-06
400 30 0.311 394.797 2.4163e-06
400 30 0.321 367.653 2.3558e-06
400 30 0.331 324.408 2.2405e-06
400 30 0.341 304.46 2.2031e-06
400 30 0.351 281.484 2.1367e-06
400 30 0.361 264.794 2.1022e-06
400 30 0.371 225.919 2.0055e-06
400 30 0.381 212.179 1.9784e-06
400 30 0.391 186.183 1.9159e-06
400 30 0.401 175.238 1.8856e-06
400 30 0.411 152.004 1.8271e-06
400 30 0.421 147.253 1.615e-06
400 30 0.431 136.004 1.8048e-06
400 30 0.441 127.673 1.7829e-06
400 30 0.451 108.183 1.7252e-06
400 30 0.461 113.406 1.7417e-06
400 30 0.471 97.0668 1.6991e-06
400 30 0.481 90.4992 1.5472e-06
400 30 0.491 74.998 1.2843e-06
400 30 0.501 77.3516 1.2891e-06
400 30 0.511 69.232 1.5204e-06
400 30 0.521 61.1432 1.5865e-06
400 30 0.531 51.476 1.5628e-06
400 30 0.541 46.4683 1.3479e-06
400 30 0.551 43.8399 1.2308e-06
400 30 0.561 42.5326 1.5464e-06
400 30 0.571 36.01 1.5244e-06
400 30 0.581 32.0593 1.5083e-06
400 30 0.591 32.0379 1.5091e-06
400 30 0.601 27.5022 1.4892e-06
400 30 0.611 24.641 1.4796e-06
400 30 0.621 21.509 1.3079e-06
400 30 0.631 20.1865 1.3973e-06
400 30 0.641 17.3509 1.3549e-06
400 30 0.651 17.2201 1.1664e-06
400 30 0.661 15.4327 1.1616e-06
400 30 0.671 12.7825 1.1468e-06
400 30 0.681 10.749 1.3256e-06
400 30 0.691 11.1975 1.2866e-06
400 30 0.701 10.4379 1.2742e-06
400 30 0.711 8.6593 1.2408e-06
400 30 0.721 7.3563 1.1783e-06
400 30 0.731 7.4337 1.1358e-06
400 30 0.741 5.8247 1.1739e-06
400 30 0.751 5.0277 1.1738e-06
400 30 0.761 5.1038 1.4106e-06
400 30 0.771 4.0982 1.4201e-06
400 30 0.781 4.0571 1.4387e-06
400 30 0.791 3.0449 1.4211e-06
400 30 0.801 3.2594 1.4202e-06
400 30 0.811 3.0353 1.4162e-06
400 30 0.821 2.3265 1.4177e-06
400 30 0.831 2.1393 1.4009e-06
400 30 0.841 1.8443 1.2873e-06
400 30 0.851 1.5197 1.4137e-06
400 30 0.861 1.2317 1.4104e-06
400 30 0.871 1.3238 1.4109e-06
400 30 0.881 1.2117 1.4051e-06
400 30 0.891 0.9549 1.2741e-06
400 30 0.901 0.7669 1.3738e-06
400 30 0.911 0.6341 1.3958e-06
400 30 0.921 0.6804 1.4019e-06
400 30 0.931 0.531 1.3853e-06
400 30 0.941 0.5503 1.3654e-06
400 30 0.951 0.3349 1.3782e-06
400 30 0.961 0.4027 1.3838e-06
400 30 0.971 0.2351 1.3727e-06
400 30 0.981 0.2501 1.2777e-06
400 30 0.991 0.1815 1.2441e-06
400 30 1.001 0.239 1.2003e-06
400 30 1.011 0.169 1.1164e-06
400 30 1.021 0.1466 1.3081e-06
400 30 1.031 0.0879 1.3375e-06
400 30 1.041 0.1169 1.3346e-06
400 30 1.051 0.1077 1.3376e-06
400 30 1.061 0.0893 1.2853e-06
400 30 1.071 0.0478 1.3393e-06
400 30 1.081 0.071 1.3556e-06
400 30 1.091 0.0583 1.3614e-06
400 30 1.101 0.0508 1.3415e-06
400 30 1.111 0.0345 1.3326e-06
400 30 1.121 0.0339 1.3616e-06
400 30 1.131 0.0299 1.3513e-06
400 30 1.141 0.031 1.3612e-06
400 30 1.151 0.0203 1.2974e-06
400 30 1.161 0.0161 1.1363e-06
400 30 1.171 0.0075 1.1321e-06
400 30 1.181 0.0172 1.1267e-06
400 30 1.191 0.0153 1.1287e-06
400 30 1.201 0.0159 1.125e-06
400 30 1.211 0.011 1.1476e-06
400 30 1.221 0.0054 1.3447e-06
400 30 1.231 0.0066 1.3512e-06
400 30 1.241 0.0042 1.3659e-06
400 30 1.251 0.0052 1.35e-06
400 30 1.261 0.0056 1.3528e-06
400 30 1.271 0.0007 1.3618e-06
400 30 1.281 0.0041 1.1828e-06
400 30 1.291 0.0023 1.2108e-06
400 30 1.301 0.0003 1.1813e-06
400 30 1.311 0.0038 1.1238e-06
400 30 1.321 0.003 1.1257e-06
400 30 1.331 0.0005 1.1231e-06
400 30 1.341 0.0022 1.133e-06
400 30 1.351 0.0031 1.1338e-06
400 30 1.361 0.0006 1.1279e-06
400 30 1.371 0.0011 1.1359e-06
400 30 1.381 0.0003 1.1987e-06
400 30 1.391 0.0001 1.2782e-06
400 30 1.401 0 1.1404e-06
400 30 1.411 0.0004 1.2381e-06
400 30 1.421 0 1.3289e-06
400 30 1.431 0.0009 1.1991e-06
400 30 1.441 0 1.1819e-06
400 30 1.451 0.0001 1.1767e-06
400 30 1.461 0.0008 1.3264e-06
400 30 1.471 0 1.3602e-06
400 30 1.481 0.0007 1.3565e-06
400 30 1.491 0 1.3602e-06
400 30 1.501 0 1.3591e-06
400 30 1.511 0 1.3649e-06
400 30 1.521 0.0002 1.3718e-06
400 30 1.531 0.0001 1.3045e-06
400 30 1.541 0 1.3328e-06
400 30 1.551 0.0003 1.3216e-06
400 30 1.561 0 1.3306e-06
400 30 1.571 0 1.3255e-06
400 30 1.581 0 1.3139e-06
400 30 1.591 0 1.3055e-06
400 30 1.601 0 1.3316e-06
400 30 1.611 0 1.328e-06
400 30 1.621 0 1.3286e-06
400 30 1.631 0 1.3311e-06
400 30 1.641 0 1.3359e-06
400 30 1.651 0 1.3211e-06
400 30 1.661 0 1.3279e-06
400 30 1.671 0 1.3342e-06
400 30 1.681 0 1.2599e-06
400 30 1.691 0 1.3158e-06
400 30 1.701 0 1.3351e-06
400 30 1.711 0 1.3224e-06
400 30 1.721 0 1.325e-06
400 30 1.731 0 1.3088e-06
400 30 1.741 0 1.3031e-06
400 30 1.751 0 1.3103e-06
400 30 1.761 0 1.3068e-06
400 30 1.771 0 1.3004e-06
400 30 1.781 0 1.3121e-06
400 30 1.791 0 1.3008e-06
400 30 1.801 0 1.322e-06
400 30 1.811 0 1.3131e-06
400 30 1.821 0 1.3252e-06
400 30 1.831 0 1.3345e-06
400 30 1.841 0 1.3353e-06
400 30 1.851 0 1.3191e-06
400 30 1.861 0 1.3143e-06
400 30 1.871 0 1.3286e-06
400 30 1.881 0 1.3188e-06
400 30 1.891 0 1.3241e-06
400 30 1.901 0 1.3177e-06
400 30 1.911 0 1.331e-06
400 30 1.921 0 1.3315e-06
400 30 1.931 0 1.318e-06
400 30 1.941 0 1.328e-06
400 30 1.951 0 1.3284e-06
400 30 1.961 0 1.3212e-06
400 30 1.971 0 1.3198e-06
400 30 1.981 0 1.3112e-06
400 30 1.991 0 1.3157e-06
400 40 0.001 3624.9 8.5819e-06
400 40 0.011 3448.03 8.2487e-06
400 40 0.021 3279.52 7.9247e-06
400 40 0.031 3044.96 7.4684e-06
400 40 0.041 2988.86 7.3713e-06
400 40 0.051 2731.35 5.4837e-06
400 40 0.061 2633.06 5.0383e-06
400 40 0.071 2431.78 5.2476e-06
400 40 0.081 2310.61 3.6519e-06
400 40 0.091 2106.83 3.4197e-06
400 40 0.101 2073.73 3.4126e-06
400 40 0.111 1904.77 3.2174e-06
400 40 0.121 1785.08 3.0798e-06
400 40 0.131 1652.16 2.9223e-06
400 40 0.141 1523.03 2.9314e-06
400 40 0.151 1399.87 4.2456e-06
400 40 0.161 1284.02 3.9988e-06
400 40 0.171 1172.67 3.761e-06
400 40 0.181 1160.89 3.7306e-06
400 40 0.191 989.337 3.34e-06
400 40 0.201 967.232 3.3589e-06
400 40 0.211 856.121 3.129e-06
400 40 0.221 769.227 2.9212e-06
400 40 0.231 751.594 2.8869e-06
400 40 0.241 699.002 2.7751e-06
400 40 0.251 641.442 2.6664e-06
400 40 0.261 577.137 2.5217e-06
400 40 0.271 551.36 2.4865e-06
400 40 0.281 465.645 2.2887e-06
400 40 0.291 425.11 2.1986e-06
400 40 0.301 421.905 2.1904e-06
400 40 0.311 364.591 2.064e-06
400 40 0.321 350.599 2.024e-06
400 40 0.331 293.22 1.8962e-06
400 40 0.341 275.67 1.8565e-06
400 40 0.351 261.716 1.8227e-06
400 40 0.361 244.669 1.7801e-06
400 40 0.371 217.88 1.7097e-06
400 40 0.381 188.837 1.644e-06
400 40 0.391 177.699 1.2014e-06
400 40 0.401 167.706 1.1427e-06
400 40 0.411 146.091 1.458e-06
400 40 0.421 136.265 1.5378e-06
400 40 0.431 128.481 1.5186e-06
400 40 0.441 115.02 1.4853e-06
400 40 0.451 102.058 1.4426e-06
400 40 0.461 92.4396 1.4253e-06
400 40 0.471 85.2437 1.3998e-06
400 40 0.481 72.3493 1.3553e-06
400 40 0.491 71.1778 1.363e-06
400 40 0.501 60.391 1.3293e-06
400 40 0.511 57.1729 1.3223e-06
400 40 0.521 48.9559 1.2973e-06
400 40 0.531 43.2003 1.2814e-06
400 40 0.541 43.5462 1.2872e-06
400 40 0.551 38.8066 1.1299e-06
400 40 0.561 33.819 1.2343e-06
400 40 0.571 30.9665 1.2482e-06
400 40 0.581 29.4857 1.233e-06
400 40 0.591 22.8896 1.2073e-06
400 40 0.601 22.0032 1.2105e-06
400 40 0.611 17.9547 1.1952e-06
400 40 0.621 18.6007 1.1972e-06
400 40 0.631 16.3251 1.1908e-06
400 40 0.641 13.7646 1.1851e-06
400 40 0.651 10.4401 1.1679e-06
400 40 0.661 10.4815 1.1645e-06
400 40 0.671 9.9758 1.1674e-06
400 40 0.681 8.7229 1.1617e-06
400 40 0.691 8.1955 1.1643e-06
400 40 0.701 6.7542 1.1486e-06
400 40 0.711 6.47 1.1439e-06
400 40 0.721 4.8418 1.1404e-06
400 40 0.731 5.1272 1.1369e-06
400 40 0.741 4.2153 1.1341e-06
400 40 0.751 3.6566 1.137e-06
400 40 0.761 2.9966 1.1328e-06
400 40 0.771 2.9102 8.471e-07
400 40 0.781 2.7643 8.902e-07
400 40 0.791 2.3896 1.0993e-06
400 40 0.801 2.156 1.0913e-06
400 40 0.811 1.6937 1.0905e-06
400 40 0.821 1.8396 1.1135e-06
400 40 0.831 1.3477 1.106e-06
400 40 0.841 1.2303 1.1012e-06
400 40 0.851 1.1039 1.0561e-06
400 40 0.861 0.9568 8.099e-07
400 40 0.871 0.9197 8.109e-07
400 40 0.881 0.883 1.1146e-06
400 40 0.891 0.7406 1.1201e-06
400 40 0.901 0.5428 1.0795e-06
400 40 0.911 0.4613 9.276e-07
400 40 0.921 0.4005 8.638e-07
400 40 0.931 0.3203 8.902e-07
400 40 0.941 0.3623 1.1789e-06
400 40 0.951 0.24 8.291e-07
400 40 0.961 0.2195 1.0204e-06
400 40 0.971 0.2255 1.0951e-06
400 40 0.981 0.2058 1.0796e-06
400 40 0.991 0.1232 1.0795e-06
400 40 1.001 0.1288 1.0956e-06
400 40 1.011 0.1029 9.689e-07
400 40 1.021 0.0629 8.014e-07
400 40 1.031 0.073 8.701e-07
400 40 1.041 0.0789 8.649e-07
400 40 1.051 0.0413 8.015e-07
400 40 1.061 0.0344 1.0666e-06
400 40 1.071 0.0322 1.0968e-06
400 40 1.081 0.02 1.0121e-06
400 40 1.091 0.0267 8.052e-07
400 40 1.101 0.0103 1.0637e-06
400 40 1.111 0.0129 1.1099e-06
400 40 1.121 0.0104 1.083e-06
400 40 1.131 0.0058 1.0855e-06
400 40 1.141 0.0142 9.484e-07
400 40 1.151 0.0063 1.0301e-06
400 40 1.161 0.0067 1.1324e-06
400 40 1.171 0.0066 1.1314e-06
400 40 1.181 0.0078 1.1287e-06
400 40 1.191 0.0065 1.1317e-06
400 40 1.201 0.002 1.135e-06
400 40 1.211 0.0031 1.1167e-06
400 40 1.221 0.0017 1.1035e-06
400 40 1.231 0.0039 1.1004e-06
400 40 1.241 0.0018 1.0943e-06
400 40 1.251 0.0047 1.0842e-06
400 40 1.261 0.0026 1.0962e-06
400 40 1.271 0.0002 1.0815e-06
400 40 1.281 0.0023 1.1076e-06
400 40 1.291 0.0002 1.0916e-06
400 40 1.301 0.0004 1.0967e-06
400 40 1.311 0.0008 1.1005e-06
400 40 1.321 0.003 1.1e-06
400 40 1.331 0 1.1096e-06
400 40 1.341 0.0007 1.0008e-06
400 40 1.351 0 9.054e-07
400 40 1.361 0 9.967e-07
400 40 1.371 0 1.1017e-06
400 40 1.381 0.0008 1.1022e-06
400 40 1.391 0.0003 1.1041e-06
400 40 1.401 0 1.1102e-06
400 40 1.411 0.0001 9.791e-07
400 40 1.421 0.0004 1.1017e-06
400 40 1.431 0 1.022e-06
400 40 1.441 0 1.1214e-06
400 40 1.451 0 1.1965e-06
400 40 1.461 0 1.1638e-06
400 40 1.471 0 8.079e-07
400 40 1.481 0 8.877e-07
400 40 1.491 0 8.608e-07
400 40 1.501 0 8.613e-07
400 40 1.511 0 8.672e-07
400 40 1.521 0.0004 8.319e-07
400 40 1.531 0 8.286e-07
400 40 1.541 0 8.428e-07
400 40 1.551 0 8.262e-07
400 40 1.561 0 8.095e-07
400 40 1.571 0 8.469e-07
400 40 1.581 0 7.981e-07
400 40 1.591 0 7.883e-07
400 40 1.601 0 7.839e-07
400 40 1.611 0 7.937e-07
400 40 1.621 0 7.956e-07
400 40 1.631 0 7.933e-07
400 40 1.641 0 7.92e-07
400 40 1.651 0.0001 7.896e-07
400 40 1.661 0 7.794e-07
400 40 1.671 0 7.917e-07
400 40 1.681 0 7.859e-07
400 40 1.691 0 7.888e-07
400 40 1.701 0 7.849e-07
400 40 1.711 0 7.805e-07
400 40 1.721 0 7.782e-07
400 40 1.731 0 7.882e-07
400 40 1.741 0 7.847e-07
400 40 1.751 0 7.919e-07
400 40 1.761 0 7.831e-07
400 40 1.771 0 7.86e-07
400 40 1.781 0 7.765e-07
400 40 1.791 0 7.833e-07
400 40 1.801 0 7.764e-07
400 40 1.811 0 7.66e-07
400 40 1.821 0 7.769e-07
400 40 1.831 0 7.744e-07
400 40 1.841 0 7.744e-07
400 40 1.851 0 7.655e-07
400 40 1.861 0 7.731e-07
400 40 1.871 0 7.755e-07
400 40 1.881 0 7.733e-07
400 40 1.891 0 7.724e-07
400 40 1.901 0 7.775e-07
400 40 1.911 0 7.69e-07
400 40 1.921 0 7.671e-07
400 40 1.931 0 7.756e-07
400 40 1.941 0 7.729e-07
400 40 1.951 0 7.724e-07
400 40 1.961 0 7.726e-07
400 40 1.971 0 7.636e-07
400 40 1.981 0 7.71e-07
400 40 1.991 0 7.689e-07
