200 10 0.001 481.482 1.9299e-06
200 10 0.011 469.911 1.4302e-06
200 10 0.021 464.634 1.4364e-06
200 10 0.031 455.125 2.1921e-06
200 10 0.041 457.846 2.208e-06
200 10 0.051 451.395 2.2132e-06
200 10 0.061 435.562 2.1859e-06
200 10 0.071 426.24 2.1567e-06
200 10 0.081 421.205 2.1309e-06
200 10 0.091 428.684 2.1547e-06
200 10 0.101 424.031 2.1124e-06
200 10 0.111 422.087 2.1223e-06
200 10 0.121 405.063 2.12e-06
200 10 0.131 411.284 2.151e-06
200 10 0.141 400.16 2.1334e-06
200 10 0.151 393.453 2.1368e-06
200 10 0.161 385.746 2.1178e-06
200 10 0.171 377.233 2.1048e-06
200 10 0.181 372.78 2.0935e-06
200 10 0.191 349.43 2.034e-06
200 10 0.201 366.128 2.1032e-06
200 10 0.211 357.164 2.0945e-06
200 10 0.221 344.171 2.0738e-06
200 10 0.231 329.356 2.0343e-06
200 10 0.241 342.29 2.1019e-06
200 10 0.251 335.965 2.0897e-06
200 10 0.261 322.635 2.0661e-06
200 10 0.271 304.623 2.0209e-06
200 10 0.281 304.102 2.0282e-06
200 10 0.291 288.831 1.7125e-06
200 10 0.301 291.764 1.6587e-06
200 10 0.311 297.943 1.6771e-06
200 10 0.321 287.004 1.4572e-06
200 10 0.331 279.985 1.7029e-06
200 10 0.341 271.818 2.0668e-06
200 10 0.351 277.671 2.0912e-06
200 10 0.361 261.147 2.0429e-06
200 10 0.371 266.424 1.7383e-06
200 10 0.381 254.347 1.8539e-06
200 10 0.391 246.112 1.9779e-06
200 10 0.401 239.378 1.963e-06
200 10 0.411 239.847 1.9641e-06
200 10 0.421 228.711 1.9264e-06
200 10 0.431 232.933 1.9877e-06
200 10 0.441 226.767 1.9907e-06
200 10 0.451 226.728 1.8417e-06
200 10 0.461 214.85 2.0026e-06
200 10 0.471 222.278 1.492e-06
200 10 0.481 207.3 1.4294e-06
200 10 0.491 199.003 1.4201e-06
200 10 0.501 198.618 1.706e-06
200 10 0.511 188.602 1.9549e-06
200 10 0.521 187.628 2.0381e-06
200 10 0.531 180.265 1.776e-06
200 10 0.541 179.438 1.9196e-06
200 10 0.551 175.349 1.6076e-06
200 10 0.561 169.554 1.934e-06
200 10 0.571 171.674 1.9732e-06
200 10 0.581 171.253 1.9781e-06
200 10 0.591 161.821 1.9493e-06
200 10 0.601 155.531 1.9376e-06
200 10 0.611 157.835 1.9599e-06
200 10 0.621 148.686 1.9265e-06
200 10 0.631 144.315 1.9072e-06
200 10 0.641 148.349 1.9668e-06
200 10 0.651 141.523 1.9595e-06
200 10 0.661 138.938 1.9645e-06
200 10 0.671 133.458 1.9573e-06
200 10 0.681 129.612 1.9188e-06
200 10 0.691 126.989 1.9036e-06
200 10 0.701 122.672 1.9172e-06
200 10 0.711 118.067 1.902e-06
200 10 0.721 117.455 1.9244e-06
200 10 0.731 118.397 1.9313e-06
200 10 0.741 115.468 1.925e-06
200 10 0.751 113.819 1.9459e-06
200 10 0.761 110.661 1.9312e-06
200 10 0.771 108.109 1.4832e-06
200 10 0.781 99.7252 1.4815e-06
200 10 0.791 102.881 1.8899e-06
200 10 0.801 101.458 1.9637e-06
200 10 0.811 94.5535 1.964e-06
200 10 0.821 92.9031 1.9496e-06
200 10 0.831 92.1318 1.9839e-06
200 10 0.841 92.6792 2.0089e-06
200 10 0.851 92.6962 2.0035e-06
200 10 0.861 87.7776 1.9764e-06
200 10 0.871 88.019 1.9981e-06
200 10 0.881 82.5653 1.9925e-06
200 10 0.891 80.8297 1.9919e-06
200 10 0.901 75.9179 1.8451e-06
200 10 0.911 77.5808 1.9635e-06
200 10 0.921 75.7149 1.9609e-06
200 10 0.931 72.0621 1.9467e-06
200 10 0.941 70.2226 1.9042e-06
200 10 0.951 69.2651 1.9529e-06
200 10 0.961 67.8331 1.9658e-06
200 10 0.971 66.7775 1.9895e-06
200 10 0.981 64.9058 1.9637e-06
200 10 0.991 60.7783 1.9347e-06
200 10 1.001 63.3796 1.9739e-06
200 10 1.011 58.2767 1.9537e-06
200 10 1.021 58.0797 1.9617e-06
200 10 1.031 55.9333 1.96e-06
200 10 1.041 54.7853 1.9442e-06
200 10 1.051 55.0015 1.9611e-06
200 10 1.061 51.2761 1.9488e-06
200 10 1.071 50.3293 1.9417e-06
200 10 1.081 50.0339 1.9636e-06
200 10 1.091 49.833 1.9673e-06
200 10 1.101 48.401 1.9602e-06
200 10 1.111 49.4197 1.9672e-06
200 10 1.121 47.6362 1.9646e-06
200 10 1.131 47.1312 1.972e-06
200 10 1.141 44.8185 1.9521e-06
200 10 1.151 44.0784 1.9448e-06
200 10 1.161 44.6434 1.9498e-06
200 10 1.171 43.7856 1.8485e-06
200 10 1.181 42.0879 1.6164e-06
200 10 1.191 43.0919 1.6081e-06
200 10 1.201 43.3544 1.5831e-06
200 10 1.211 40.5884 1.7658e-06
200 10 1.221 41.3953 1.9819e-06
200 10 1.231 40.5184 1.9807e-06
200 10 1.241 40.0606 1.997e-06
200 10 1.251 38.8056 1.7128e-06
200 10 1.261 39.7795 1.6102e-06
200 10 1.271 39.7884 1.6281e-06
200 10 1.281 37.9996 1.6736e-06
200 10 1.291 37.8533 1.7564e-06
200 10 1.301 38.3539 1.7467e-06
200 10 1.311 36.0357 1.8341e-06
200 10 1.321 37.2046 1.839e-06
200 10 1.331 35.5557 1.7663e-06
200 10 1.341 35.2045 1.6175e-06
200 10 1.351 35.6053 1.8946e-06
200 10 1.361 35.1306 1.9962e-06
200 10 1.371 34.606 1.5859e-06
200 10 1.381 34.5487 1.8105e-06
200 10 1.391 33.901 1.7902e-06
200 10 1.401 33.4092 1.6019e-06
200 10 1.411 34.3568 1.6733e-06
200 10 1.421 32.7794 1.5862e-06
200 10 1.431 33.6718 1.666e-06
200 10 1.441 33.1869 1.8866e-06
200 10 1.451 32.9173 1.8882e-06
200 10 1.461 32.7071 1.8026e-06
200 10 1.471 31.7187 1.9553e-06
200 10 1.481 31.4697 1.8553e-06
200 10 1.491 31.5755 1.6107e-06
200 10 1.501 31.1631 1.6122e-06
200 10 1.511 31.0856 1.6416e-06
200 10 1.521 30.1898 1.6391e-06
200 10 1.531 30.5559 1.8064e-06
200 10 1.541 30.6597 2.0324e-06
200 10 1.551 30.1944 2.0027e-06
200 10 1.561 29.4401 1.986e-06
200 10 1.571 29.3044 1.9892e-06
200 10 1.581 29.1755 1.9983e-06
200 10 1.591 29.5156 1.7086e-06
200 10 1.601 29.1499 1.5898e-06
200 10 1.611 29.1782 1.5993e-06
200 10 1.621 28.8969 1.6002e-06
200 10 1.631 28.8705 1.8756e-06
200 10 1.641 28.4991 1.9954e-06
200 10 1.651 28.645 1.9976e-06
200 10 1.661 28.238 1.9975e-06
200 10 1.671 28.4407 1.997e-06
200 10 1.681 28.3441 1.9965e-06
200 10 1.691 28.0516 1.9919e-06
200 10 1.701 27.788 1.9907e-06
200 10 1.711 28.3266 1.9978e-06
200 10 1.721 27.8548 1.8457e-06
200 10 1.731 27.8048 1.5977e-06
200 10 1.741 27.8587 1.878e-06
200 10 1.751 27.809 1.9664e-06
200 10 1.761 27.5283 1.964e-06
200 10 1.771 27.6243 1.755e-06
200 10 1.781 27.0637 1.7196e-06
200 10 1.791 27.4406 1.9794e-06
200 10 1.801 27.2511 1.9917e-06
200 10 1.811 26.9599 1.6124e-06
200 10 1.821 26.9147 2.0087e-06
200 10 1.831 26.8823 1.679e-06
200 10 1.841 27.1799 1.6106e-06
200 10 1.851 26.8806 1.6644e-06
200 10 1.861 26.7103 2.0129e-06
200 10 1.871 26.9649 2.0378e-06
200 10 1.881 26.5463 1.9845e-06
200 10 1.891 26.8846 1.9937e-06
200 10 1.901 26.6887 1.9754e-06
200 10 1.911 26.8002 1.9799e-06
200 10 1.921 26.6974 1.976e-06
200 10 1.931 26.7454 1.9702e-06
200 10 1.941 26.4567 1.9622e-06
200 10 1.951 26.5884 1.9679e-06
200 10 1.961 26.4782 1.9503e-06
200 10 1.971 26.4882 1.9548e-06
200 10 1.981 26.5885 1.9537e-06
200 10 1.991 26.5771 1.9512e-06
200 20 0.001 911.94 2.9967e-06
200 20 0.011 878.259 2.9102e-06
200 20 0.021 909.392 3.0106e-06
200 20 0.031 822.966 2.8184e-06
200 20 0.041 830.293 2.3472e-06
200 20 0.051 831.257 1.7816e-06
200 20 0.061 788.017 2.766e-06
200 20 0.071 756.31 2.8018e-06
200 20 0.081 741.41 2.7941e-06
200 20 0.091 719.036 2.7613e-06
200 20 0.101 672.683 2.6535e-06
200 20 0.111 670.438 2.6794e-06
200 20 0.121 665.413 2.6884e-06
200 20 0.131 611.746 2.571e-06
200 20 0.141 593.231 2.5466e-06
200 20 0.151 598.309 2.5739e-06
200 20 0.161 554.552 2.4879e-06
200 20 0.171 561.946 2.519e-06
200 20 0.181 537.104 2.466e-06
200 20 0.191 527.293 2.466e-06
200 20 0.201 494.431 2.4135e-06
200 20 0.211 476.21 2.3619e-06
200 20 0.221 477.136 2.342e-06
200 20 0.231 464.651 1.5443e-06
200 20 0.241 445.914 1.9196e-06
200 20 0.251 439.343 2.2033e-06
200 20 0.261 402.363 2.1155e-06
200 20 0.271 396.009 2.1053e-06
200 20 0.281 393.969 2.1475e-06
200 20 0.291 353.36 2.0306e-06
200 20 0.301 355.488 2.0439e-06
200 20 0.311 334.856 1.4499e-06
200 20 0.321 340.607 1.4992e-06
200 20 0.331 304.967 1.4262e-06
200 20 0.341 303.64 1.7991e-06
200 20 0.351 288.173 1.9197e-06
200 20 0.361 289.919 1.4877e-06
200 20 0.371 277.382 1.8631e-06
200 20 0.381 255.774 1.7025e-06
200 20 0.391 259.756 1.3989e-06
200 20 0.401 248.199 1.5074e-06
200 20 0.411 235.915 1.791e-06
200 20 0.421 228.596 1.8394e-06
200 20 0.431 209.039 1.7686e-06
200 20 0.441 201.703 1.7614e-06
200 20 0.451 200.496 1.7687e-06
200 20 0.461 190.594 1.7378e-06
200 20 0.471 189.379 1.7449e-06
200 20 0.481 168.377 1.6672e-06
200 20 0.491 178.625 1.7318e-06
200 20 0.501 172.835 1.7224e-06
200 20 0.511 164.706 1.684e-06
200 20 0.521 152.122 1.6433e-06
200 20 0.531 148.29 1.6341e-06
200 20 0.541 139.047 1.621e-06
200 20 0.551 136.041 1.6076e-06
200 20 0.561 129.498 1.5788e-06
200 20 0.571 124.63 1.5787e-06
200 20 0.581 118.582 1.551e-06
200 20 0.591 108.16 1.4517e-06
200 20 0.601 110.673 1.2405e-06
200 20 0.611 107.991 1.3066e-06
200 20 0.621 102.382 1.4954e-06
200 20 0.631 103.769 1.4986e-06
200 20 0.641 94.3132 1.4359e-06
200 20 0.651 89.2869 1.4282e-06
200 20 0.661 89.9676 1.432e-06
200 20 0.671 82.3017 1.4059e-06
200 20 0.681 78.5258 1.3975e-06
200 20 0.691 75.9562 1.4058e-06
200 20 0.701 71.1161 1.3871e-06
200 20 0.711 73.3505 1.4035e-06
200 20 0.721 68.7263 1.322e-06
200 20 0.731 65.8122 1.3861e-06
200 20 0.741 62.5967 1.3643e-06
200 20 0.751 61.9079 1.3602e-06
200 20 0.761 58.5961 1.3474e-06
200 20 0.771 53.0518 1.3189e-06
200 20 0.781 51.9213 1.325e-06
200 20 0.791 50.4839 1.3097e-06
200 20 0.801 49.0133 1.3053e-06
200 20 0.811 47.5637 1.3131e-06
200 20 0.821 44.4656 1.2936e-06
200 20 0.831 42.1298 1.2863e-06
200 20 0.841 38.7493 1.0205e-06
200 20 0.851 39.4963 1.019e-06
200 20 0.861 36.3789 1.0174e-06
200 20 0.871 34.8133 1.1374e-06
200 20 0.881 34.1093 1.2367e-06
200 20 0.891 33.2469 1.22e-06
200 20 0.901 30.8587 1.2114e-06
200 20 0.911 29.6898 1.1994e-06
200 20 0.921 28.6254 1.1898e-06
200 20 0.931 27.2849 1.1884e-06
200 20 0.941 25.8575 1.2573e-06
200 20 0.951 24.2521 1.2537e-06
200 20 0.961 23.042 1.2314e-06
200 20 0.971 21.7278 1.2349e-06
200 20 0.981 20.2422 1.2194e-06
200 20 0.991 19.243 1.2164e-06
200 20 1.001 19.171 1.2122e-06
200 20 1.011 17.3095 1.1921e-06
200 20 1.021 16.6044 1.1892e-06
200 20 1.031 15.3974 1.1953e-06
200 20 1.041 15.6435 1.2087e-06
200 20 1.051 14.4099 1.1811e-06
200 20 1.061 12.9289 1.1644e-06
200 20 1.071 12.742 1.0448e-06
200 20 1.081 12.3912 1.058e-06
200 20 1.091 11.3018 1.0602e-06
200 20 1.101 11.1488 1.0592e-06
200 20 1.111 10.5858 1.0501e-06
200 20 1.121 10.5441 1.0505e-06
200 20 1.131 9.8078 1.0443e-06
200 20 1.141 10.0883 1.0364e-06
200 20 1.151 9.2315 1.0366e-06
200 20 1.161 8.9931 1.0336e-06
200 20 1.171 8.7407 1.027e-06
200 20 1.181 8.0484 1.0181e-06
200 20 1.191 8.1509 1.034e-06
200 20 1.201 7.6554 1.0186e-06
200 20 1.211 7.3756 1.0234e-06
200 20 1.221 7.3326 1.0276e-06
200 20 1.231 6.8203 9.993e-07
200 20 1.241 7.028 9.877e-07
200 20 1.251 6.4936 9.86e-07
200 20 1.261 6.6171 1.0058e-06
200 20 1.271 6.1808 9.589e-07
200 20 1.281 5.9029 8.366e-07
200 20 1.291 5.8132 9.95e-07
200 20 1.301 5.5275 9.894e-07
200 20 1.311 5.5661 9.858e-07
200 20 1.321 5.2905 9.775e-07
200 20 1.331 4.9435 9.716e-07
200 20 1.341 4.7594 9.638e-07
200 20 1.351 4.7934 9.739e-07
200 20 1.361 4.754 9.845e-07
200 20 1.371 4.5464 9.696e-07
200 20 1.381 4.3775 9.691e-07
200 20 1.391 4.2268 8.594e-07
200 20 1.401 4.0428 9.349e-07
200 20 1.411 3.9814 9.635e-07
200 20 1.421 3.8429 9.654e-07
200 20 1.431 3.8133 9.373e-07
200 20 1.441 3.6145 9.64e-07
200 20 1.451 3.4812 9.678e-07
200 20 1.461 3.4194 9.564e-07
200 20 1.471 3.3293 9.467e-07
200 20 1.481 3.2469 9.211e-07
200 20 1.491 2.9882 9.141e-07
200 20 1.501 3.0197 9.48e-07
200 20 1.511 3.0437 9.522e-07
200 20 1.521 2.887 8.773e-07
200 20 1.531 2.7992 9.437e-07
200 20 1.541 2.7985 9.439e-07
200 20 1.551 2.7258 9.399e-07
200 20 1.561 2.718 9.445e-07
200 20 1.571 2.5727 9.351e-07
200 20 1.581 2.4469 9.326e-07
200 20 1.591 2.4373 9.099e-07
200 20 1.601 2.4196 9.043e-07
200 20 1.611 2.2957 8.886e-07
200 20 1.621 2.3111 8.742e-07
200 20 1.631 2.2826 8.88e-07
200 20 1.641 2.2586 9.136e-07
200 20 1.651 2.2037 8.515e-07
200 20 1.661 2.1367 9.243e-07
200 20 1.671 2.1215 9.208e-07
200 20 1.681 2.0694 9.152e-07
200 20 1.691 2.1037 7.468e-07
200 20 1.701 2.0635 8.815e-07
200 20 1.711 2.103 7.762e-07
200 20 1.721 1.9901 8.939e-07
200 20 1.731 1.9988 7.865e-07
200 20 1.741 1.9799 7.383e-07
200 20 1.751 1.8716 7.878e-07
200 20 1.761 1.9003 7.396e-07
200 20 1.771 1.8714 7.375e-07
200 20 1.781 1.8 8.834e-07
200 20 1.791 1.8777 9.07e-07
200 20 1.801 1.8105 9.033e-07
200 20 1.811 1.8163 9.02e-07
200 20 1.821 1.7743 9.021e-07
200 20 1.831 1.7641 9.051e-07
200 20 1.841 1.6773 8.979e-07
200 20 1.851 1.7369 9.009e-07
200 20 1.861 1.7269 8.993e-07
200 20 1.871 1.6791 9.012e-07
200 20 1.881 1.6508 9.008e-07
200 20 1.891 1.6358 8.969e-07
200 20 1.901 1.6581 9.029e-07
200 20 1.911 1.6367 8.989e-07
200 20 1.921 1.6119 8.994e-07
200 20 1.931 1.6239 8.951e-07
200 20 1.941 1.6146 9.006e-07
200 20 1.951 1.6124 7.591e-07
200 20 1.961 1.5795 8.913e-07
200 20 1.971 1.6184 8.982e-07
200 20 1.981 1.6062 8.919e-07
200 20 1.991 1.5731 8.895e-07
200 30 0.001 1287.09 3.6582e-06
200 30 0.011 1246.38 3.6143e-06
200 30 0.021 1174.85 3.4828e-06
200 30 0.031 1218.58 3.6104e-06
200 30 0.041 1108.85 3.4099e-06
200 30 0.051 1067.83 3.3416e-06
200 30 0.061 1038.35 2.4931e-06
200 30 0.071 982.769 1.9859e-06
200 30 0.081 940.824 1.9608e-06
200 30 0.091 931.265 2.3584e-06
200 30 0.101 885.133 2.1568e-06
200 30 0.111 855.852 1.9398e-06
200 30 0.121 806.481 2.9052e-06
200 30 0.131 732.733 2.7265e-06
200 30 0.141 735.217 2.7768e-06
200 30 0.151 676.966 2.6665e-06
200 30 0.161 660.601 2.6474e-06
200 30 0.171 612.362 2.5251e-06
200 30 0.181 599.81 2.5147e-06
200 30 0.191 580.876 1.7251e-06
200 30 0.201 554.947 2.3447e-06
200 30 0.211 532.782 2.0941e-06
200 30 0.221 498.466 1.6079e-06
200 30 0.231 455.065 2.2562e-06
200 30 0.241 440.913 2.2273e-06
200 30 0.251 426.299 2.2153e-06
200 30 0.261 407.789 2.1898e-06
200 30 0.271 375.952 2.1005e-06
200 30 0.281 358.421 2.079e-06
200 30 0.291 335.45 2.0169e-06
200 30 0.301 319.869 1.9833e-06
200 30 0.311 304.586 1.9354e-06
200 30 0.321 282.959 1.8809e-06
200 30 0.331 279.956 1.8732e-06
200 30 0.341 261.268 1.822e-06
200 30 0.351 252.272 1.8119e-06
200 30 0.361 236.365 1.7522e-06
200 30 0.371 231.301 1.7565e-06
200 30 0.381 213.279 1.7187e-06
200 30 0.391 205.333 1.6828e-06
200 30 0.401 194.829 1.6655e-06
200 30 0.411 185.299 1.6344e-06
200 30 0.421 178.902 1.612e-06
200 30 0.431 168.605 1.5831e-06
200 30 0.441 155.637 1.5737e-06
200 30 0.451 152.459 1.5658e-06
200 30 0.461 137.144 1.5268e-06
200 30 0.471 136.644 1.5312e-06
200 30 0.481 127.993 1.4962e-06
200 30 0.491 126.913 1.5268e-06
200 30 0.501 113.682 1.4629e-06
200 30 0.511 116.621 1.4749e-06
200 30 0.521 105.064 1.4343e-06
200 30 0.531 95.6741 1.3972e-06
200 30 0.541 93.9125 1.2466e-06
200 30 0.551 84.9696 1.1031e-06
200 30 0.561 86.7343 1.2783e-06
200 30 0.571 82.8674 1.3361e-06
200 30 0.581 74.3664 1.2905e-06
200 30 0.591 72.9669 1.2876e-06
200 30 0.601 67.7517 1.2762e-06
200 30 0.611 65.368 1.2785e-06
200 30 0.621 61.3068 1.2515e-06
200 30 0.631 56.8212 1.0876e-06
200 30 0.641 58.7941 1.0279e-06
200 30 0.651 51.3004 9.972e-07
200 30 0.661 49.9041 1.2484e-06
200 30 0.671 46.7059 1.1128e-06
200 30 0.681 44.66 1.1822e-06
200 30 0.691 41.3157 1.1615e-06
200 30 0.701 40.2239 1.1677e-06
200 30 0.711 37.6239 1.1557e-06
200 30 0.721 36.8557 1.149e-06
200 30 0.731 32.9061 1.135e-06
200 30 0.741 31.1418 1.1218e-06
200 30 0.751 32.1306 1.1186e-06
200 30 0.761 29.035 1.1049e-06
200 30 0.771 26.9669 1.0995e-06
200 30 0.781 25.7077 1.0939e-06
200 30 0.791 24.8862 1.067e-06
200 30 0.801 22.6528 9.593e-07
200 30 0.811 21.6137 1.0596e-06
200 30 0.821 20.594 1.0486e-06
200 30 0.831 20.0286 1.0798e-06
200 30 0.841 18.4416 9.263e-07
200 30 0.851 17.1049 1.0683e-06
200 30 0.861 16.7798 1.0367e-06
200 30 0.871 14.9805 8.703e-07
200 30 0.881 14.6127 1.0306e-06
200 30 0.891 13.6901 1.0247e-06
200 30 0.901 12.9417 1.0319e-06
200 30 0.911 11.7355 1.0373e-06
200 30 0.921 11.3166 1.0318e-06
200 30 0.931 10.4334 1.0188e-06
200 30 0.941 10.0564 1.0159e-06
200 30 0.951 9.1682 1.0131e-06
200 30 0.961 8.9883 9.953e-07
200 30 0.971 8.092 9.607e-07
200 30 0.981 7.1232 9.554e-07
200 30 0.991 7.1048 9.651e-07
200 30 1.001 6.4638 9.444e-07
200 30 1.011 5.6023 9.379e-07
200 30 1.021 5.3723 9.384e-07
200 30 1.031 5.2637 9.359e-07
200 30 1.041 4.6222 9.348e-07
200 30 1.051 4.5571 7.748e-07
200 30 1.061 3.8646 7.377e-07
200 30 1.071 3.6664 7.32e-07
200 30 1.081 3.6686 8.407e-07
200 30 1.091 3.2664 9.087e-07
200 30 1.101 3.0933 8.988e-07
200 30 1.111 3.0766 9.041e-07
200 30 1.121 2.588 8.995e-07
200 30 1.131 2.5285 7.603e-07
200 30 1.141 2.5409 8.897e-07
200 30 1.151 2.494 8.879e-07
200 30 1.161 2.0842 8.792e-07
200 30 1.171 2.1049 8.843e-07
200 30 1.181 1.8106 8.789e-07
200 30 1.191 1.8234 8.813e-07
200 30 1.201 1.7401 8.716e-07
200 30 1.211 1.624 8.742e-07
200 30 1.221 1.5591 8.726e-07
200 30 1.231 1.4968 8.739e-07
200 30 1.241 1.3506 8.703e-07
200 30 1.251 1.3159 8.632e-07
200 30 1.261 1.298 8.582e-07
200 30 1.271 1.0684 8.623e-07
200 30 1.281 1.0874 8.666e-07
200 30 1.291 1.1153 8.632e-07
200 30 1.301 1.0448 8.588e-07
200 30 1.311 0.9509 8.611e-07
200 30 1.321 0.9238 8.541e-07
200 30 1.331 0.9226 8.56e-07
200 30 1.341 0.7949 8.512e-07
200 30 1.351 0.7155 8.483e-07
200 30 1.361 0.7454 8.695e-07
200 30 1.371 0.7147 8.574e-07
200 30 1.381 0.6487 8.534e-07
200 30 1.391 0.6421 8.526e-07
200 30 1.401 0.6129 8.761e-07
200 30 1.411 0.5752 8.652e-07
200 30 1.421 0.5167 8.264e-07
200 30 1.431 0.5078 8.245e-07
200 30 1.441 0.4564 8.26e-07
200 30 1.451 0.4535 8.22e-07
200 30 1.461 0.4257 8.219e-07
200 30 1.471 0.4178 6.818e-07
200 30 1.481 0.3975 8.239e-07
200 30 1.491 0.3803 8.233e-07
200 30 1.501 0.3506 8.216e-07
200 30 1.511 0.3612 8.263e-07
200 30 1.521 0.3175 8.251e-07
200 30 1.531 0.3141 8.172e-07
200 30 1.541 0.2847 8.13e-07
200 30 1.551 0.2851 8.133e-07
200 30 1.561 0.2959 8.177e-07
200 30 1.571 0.2515 8.241e-07
200 30 1.581 0.2492 8.24e-07
200 30 1.591 0.2354 6.534e-07
200 30 1.601 0.2102 8.492e-07
200 30 1.611 0.2153 8.552e-07
200 30 1.621 0.2066 8.137e-07
200 30 1.631 0.2093 8.064e-07
200 30 1.641 0.2099 8.073e-07
200 30 1.651 0.1957 8.093e-07
200 30 1.661 0.1949 7.272e-07
200 30 1.671 0.19 6.636e-07
200 30 1.681 0.1789 7.723e-07
200 30 1.691 0.1716 8.312e-07
200 30 1.701 0.1605 8.255e-07
200 30 1.711 0.1616 8.245e-07
200 30 1.721 0.1487 8.141e-07
200 30 1.731 0.1438 8.149e-07
200 30 1.741 0.1473 8.121e-07
200 30 1.751 0.1437 8.175e-07
200 30 1.761 0.1348 8.153e-07
200 30 1.771 0.1379 8.088e-07
200 30 1.781 0.1421 8.148e-07
200 30 1.791 0.1363 8.103e-07
200 30 1.801 0.1283 8.166e-07
200 30 1.811 0.1219 8.219e-07
200 30 1.821 0.1231 8.187e-07
200 30 1.831 0.1106 8.108e-07
200 30 1.841 0.1121 8.089e-07
200 30 1.851 0.1135 8.153e-07
200 30 1.861 0.1095 8.162e-07
200 30 1.871 0.108 8.188e-07
200 30 1.881 0.1082 8.161e-07
200 30 1.891 0.1194 8.09e-07
200 30 1.901 0.0996 8.023e-07
200 30 1.911 0.0949 8.14e-07
200 30 1.921 0.0887 8.13e-07
200 30 1.931 0.1019 7.915e-07
200 30 1.941 0.0923 7.885e-07
200 30 1.951 0.098 7.96e-07
200 30 1.961 0.0954 8.11e-07
200 30 1.971 0.0899 8.218e-07
200 30 1.981 0.0929 7.836e-07
200 30 1.991 0.0944 7.807e-07
200 40 0.001 1584.66 4.0587e-06
200 40 0.011 1524.9 3.9378e-06
200 40 0.021 1476.36 3.8642e-06
200 40 0.031 1440.35 3.8173e-06
200 40 0.041 1349.1 3.6427e-06
200 40 0.051 1269.91 3.4938e-06
200 40 0.061 1228.6 3.4316e-06
200 40 0.071 1184.91 3.3896e-06
200 40 0.081 1106.84 2.1317e-06
200 40 0.091 1050.28 2.2718e-06
200 40 0.101 1006.11 3.0745e-06
200 40 0.111 961.34 2.9927e-06
200 40 0.121 905.517 2.7372e-06
200 40 0.131 857.748 2.7948e-06
200 40 0.141 794.039 2.6653e-06
200 40 0.151 783.377 2.6699e-06
200 40 0.161 705.902 2.485e-06
200 40 0.171 678.66 1.9249e-06
200 40 0.181 622.197 1.6327e-06
200 40 0.191 603.659 1.5719e-06
200 40 0.201 567.242 1.5395e-06
200 40 0.211 550.279 1.5164e-06
200 40 0.221 511.863 1.5463e-06
200 40 0.231 479.452 2.0395e-06
200 40 0.241 442.552 1.9782e-06
200 40 0.251 443.475 1.9711e-06
200 40 0.261 413.457 1.9346e-06
200 40 0.271 377.258 1.8607e-06
200 40 0.281 366.967 3.767e-06
200 40 0.291 352.021 2.833e-06
200 40 0.301 318.204 2.4316e-06
200 40 0.311 308.079 1.6911e-06
200 40 0.321 292.414 1.6983e-06
200 40 0.331 273.329 1.6607e-06
200 40 0.341 262.463 1.6527e-06
200 40 0.351 249.731 1.214e-06
200 40 0.361 238.977 1.5944e-06
200 40 0.371 232.796 1.2253e-06
200 40 0.381 195.252 1.1572e-06
200 40 0.391 202.833 1.1838e-06
200 40 0.401 184.902 1.1473e-06
200 40 0.411 179.571 1.1467e-06
200 40 0.421 163.068 1.212e-06
200 40 0.431 162.01 1.3741e-06
200 40 0.441 150.185 1.3524e-06
200 40 0.451 145.206 1.05e-06
200 40 0.461 134.715 1.3239e-06
200 40 0.471 131.504 1.3334e-06
200 40 0.481 121.525 1.1578e-06
200 40 0.491 111.214 9.994e-07
200 40 0.501 113.06 9.902e-07
200 40 0.511 101.008 9.71e-07
200 40 0.521 101.695 1.2507e-06
200 40 0.531 95.1972 1.2313e-06
200 40 0.541 88.1355 9.56e-07
200 40 0.551 83.1673 9.365e-07
200 40 0.561 78.0816 1.1608e-06
200 40 0.571 73.8288 1.1587e-06
200 40 0.581 73.3244 1.1562e-06
200 40 0.591 65.8248 1.1308e-06
200 40 0.601 65.4938 9.933e-07
200 40 0.611 59.5522 1.0422e-06
200 40 0.621 59.8262 1.118e-06
200 40 0.631 58.513 1.1084e-06
200 40 0.641 51.4721 1.0129e-06
200 40 0.651 50.076 1.0823e-06
200 40 0.661 47.9365 1.0777e-06
200 40 0.671 44.3693 9.113e-07
200 40 0.681 43.0161 8.452e-07
200 40 0.691 41.9984 8.474e-07
200 40 0.701 39.6132 8.462e-07
200 40 0.711 36.8139 9.063e-07
200 40 0.721 33.473 1.0104e-06
200 40 0.731 31.9696 1.0082e-06
200 40 0.741 30.762 1.0034e-06
200 40 0.751 28.41 9.912e-07
200 40 0.761 26.685 8.999e-07
200 40 0.771 26.397 1.0177e-06
200 40 0.781 25.8443 9.243e-07
200 40 0.791 23.109 8.415e-07
200 40 0.801 20.0618 9.744e-07
200 40 0.811 21.6336 9.922e-07
200 40 0.821 20.034 9.833e-07
200 40 0.831 18.7185 9.867e-07
200 40 0.841 16.0096 9.585e-07
200 40 0.851 15.8098 9.649e-07
200 40 0.861 15.9332 9.701e-07
200 40 0.871 13.9266 8.559e-07
200 40 0.881 13.5383 9.183e-07
200 40 0.891 12.5135 9.111e-07
200 40 0.901 11.6038 8.493e-07
200 40 0.911 11.1182 7.293e-07
200 40 0.921 10.6051 7.201e-07
200 40 0.931 9.8368 8.902e-07
200 40 0.941 9.3618 8.339e-07
200 40 0.951 8.5231 9.139e-07
200 40 0.961 7.7023 8.891e-07
200 40 0.971 7.0868 8.196e-07
200 40 0.981 7.0606 7.043e-07
200 40 0.991 6.138 6.85e-07
200 40 1.001 5.7891 6.808e-07
200 40 1.011 4.9396 6.824e-07
200 40 1.021 4.8521 7.701e-07
200 40 1.031 4.4508 6.716e-07
200 40 1.041 4.0561 8.39e-07
200 40 1.051 4.0898 8.454e-07
200 40 1.061 3.4751 8.396e-07
200 40 1.071 3.4196 8.414e-07
200 40 1.081 3.0274 8.293e-07
200 40 1.091 3.0647 8.286e-07
200 40 1.101 3.0897 7.386e-07
200 40 1.111 2.6468 7.371e-07
200 40 1.121 2.7741 8.154e-07
200 40 1.131 2.3824 8.118e-07
200 40 1.141 2.1708 8.047e-07
200 40 1.151 2.1035 8.158e-07
200 40 1.161 2.0907 8.102e-07
200 40 1.171 1.901 8.092e-07
200 40 1.181 1.7951 8.09e-07
200 40 1.191 1.6592 8.071e-07
200 40 1.201 1.4962 8.066e-07
200 40 1.211 1.5621 8.166e-07
200 40 1.221 1.3818 7.98e-07
200 40 1.231 1.3266 8.033e-07
200 40 1.241 1.282 7.974e-07
200 40 1.251 1.2653 8.009e-07
200 40 1.261 1.2025 7.957e-07
200 40 1.271 1.1443 7.327e-07
200 40 1.281 1.0591 7.892e-07
200 40 1.291 1.0185 7.924e-07
200 40 1.301 0.9179 7.9e-07
200 40 1.311 0.9323 7.828e-07
200 40 1.321 0.886 7.931e-07
200 40 1.331 0.8037 7.873e-07
200 40 1.341 0.7625 7.117e-07
200 40 1.351 0.7701 7.836e-07
200 40 1.361 0.7263 7.767e-07
200 40 1.371 0.705 7.722e-07
200 40 1.381 0.6157 7.741e-07
200 40 1.391 0.5857 7.726e-07
200 40 1.401 0.5724 7.72e-07
200 40 1.411 0.5346 7.801e-07
200 40 1.421 0.5169 7.649e-07
200 40 1.431 0.4694 7.74e-07
200 40 1.441 0.46 6.527e-07
200 40 1.451 0.4286 6.831e-07
200 40 1.461 0.3904 7.305e-07
200 40 1.471 0.4125 7.644e-07
200 40 1.481 0.3754 7.641e-07
200 40 1.491 0.38 6.704e-07
200 40 1.501 0.3493 6.12e-07
200 40 1.511 0.3193 7.131e-07
200 40 1.521 0.319 7.642e-07
200 40 1.531 0.2781 7.677e-07
200 40 1.541 0.2674 7.833e-07
200 40 1.551 0.2612 7.769e-07
200 40 1.561 0.2512 7.696e-07
200 40 1.571 0.2522 7.62e-07
200 40 1.581 0.2256 7.467e-07
200 40 1.591 0.228 7.419e-07
200 40 1.601 0.2047 7.751e-07
200 40 1.611 0.2005 7.652e-07
200 40 1.621 0.1775 7.684e-07
200 40 1.631 0.195 7.679e-07
200 40 1.641 0.182 6.024e-07
200 40 1.651 0.1888 6.143e-07
200 40 1.661 0.1795 5.92e-07
200 40 1.671 0.1677 7.375e-07
200 40 1.681 0.1794 7.549e-07
200 40 1.691 0.1495 7.826e-07
200 40 1.701 0.1527 7.621e-07
200 40 1.711 0.163 7.652e-07
200 40 1.721 0.1408 7.679e-07
200 40 1.731 0.1474 7.758e-07
200 40 1.741 0.1389 7.628e-07
200 40 1.751 0.138 7.837e-07
200 40 1.761 0.137 8.417e-07
200 40 1.771 0.1267 8.468e-07
200 40 1.781 0.1241 8.268e-07
200 40 1.791 0.1282 6.959e-07
200 40 1.801 0.1195 6.278e-07
200 40 1.811 0.1205 5.876e-07
200 40 1.821 0.1129 6.453e-07
200 40 1.831 0.1064 7.333e-07
200 40 1.841 0.1072 7.084e-07
200 40 1.851 0.1055 7.211e-07
200 40 1.861 0.1007 7.593e-07
200 40 1.871 0.0999 6.996e-07
200 40 1.881 0.1033 6.333e-07
200 40 1.891 0.0935 6.584e-07
200 40 1.901 0.0954 5.868e-07
200 40 1.911 0.0879 5.839e-07
200 40 1.921 0.0926 6.066e-07
200 40 1.931 0.0838 7.608e-07
200 40 1.941 0.0853 7.641e-07
200 40 1.951 0.0909 7.624e-07
200 40 1.961 0.0879 7.743e-07
200 40 1.971 0.085 7.59e-07
200 40 1.981 0.088 7.569e-07
200 40 1.991 0.0849 7.46e-07
300 10 0.001 744.223 3.059e-06
300 10 0.011 723.503 3.0186e-06
300 10 0.021 725.943 3.0471e-06
300 10 0.031 680.316 2.9197e-06
300 10 0.041 707.22 3.0275e-06
300 10 0.051 691.787 3.005e-06
300 10 0.061 688.568 2.3441e-06
300 10 0.071 679.345 2.9392e-06
300 10 0.081 632.608 2.8754e-06
300 10 0.091 659.999 2.9878e-06
300 10 0.101 655.277 2.3403e-06
300 10 0.111 631.435 2.5604e-06
300 10 0.121 629.17 2.7282e-06
300 10 0.131 616.418 1.8329e-06
300 10 0.141 600.753 1.8197e-06
300 10 0.151 585.857 1.8066e-06
300 10 0.161 590.413 2.7539e-06
300 10 0.171 586.255 2.9569e-06
300 10 0.181 561.872 2.947e-06
300 10 0.191 567.062 2.9488e-06
300 10 0.201 536.182 2.1885e-06
300 10 0.211 534.997 1.8196e-06
300 10 0.221 527.531 1.8198e-06
300 10 0.231 511.253 1.8085e-06
300 10 0.241 504.206 2.2925e-06
300 10 0.251 499.946 2.7587e-06
300 10 0.261 491.041 2.1577e-06
300 10 0.271 486.271 1.8252e-06
300 10 0.281 474.39 1.8185e-06
300 10 0.291 462.172 1.9205e-06
300 10 0.301 453.635 1.8088e-06
300 10 0.311 437.221 2.2793e-06
300 10 0.321 430.412 2.7285e-06
300 10 0.331 437.895 2.776e-06
300 10 0.341 418.773 2.7543e-06
300 10 0.351 421.847 2.777e-06
300 10 0.361 396.901 2.7235e-06
300 10 0.371 400.872 2.7542e-06
300 10 0.381 381.663 2.6766e-06
300 10 0.391 379.474 2.7188e-06
300 10 0.401 362.184 2.6553e-06
300 10 0.411 365.869 2.7009e-06
300 10 0.421 364.432 2.72e-06
300 10 0.431 339.399 2.3859e-06
300 10 0.441 341.122 1.8595e-06
300 10 0.451 338.214 2.0109e-06
300 10 0.461 338.251 2.7209e-06
300 10 0.471 314.506 2.6532e-06
300 10 0.481 308.405 2.6394e-06
300 10 0.491 309.584 2.6997e-06
300 10 0.501 310.403 2.3582e-06
300 10 0.511 295.696 2.6014e-06
300 10 0.521 282.468 2.5783e-06
300 10 0.531 282.732 2.606e-06
300 10 0.541 274.521 2.6026e-06
300 10 0.551 265.796 2.5819e-06
300 10 0.561 269.229 2.6173e-06
300 10 0.571 255.733 2.568e-06
300 10 0.581 251.836 2.5978e-06
300 10 0.591 250.506 2.27e-06
300 10 0.601 248.673 2.6427e-06
300 10 0.611 231.215 1.9014e-06
300 10 0.621 232.201 1.9139e-06
300 10 0.631 226.455 1.9018e-06
300 10 0.641 218.904 1.8953e-06
300 10 0.651 220.824 1.9082e-06
300 10 0.661 209.485 2.394e-06
300 10 0.671 208.433 2.6765e-06
300 10 0.681 200.957 2.6446e-06
300 10 0.691 196.784 2.6043e-06
300 10 0.701 185.256 2.5494e-06
300 10 0.711 188.324 2.5955e-06
300 10 0.721 185.45 2.3582e-06
300 10 0.731 180.263 1.8783e-06
300 10 0.741 172.707 2.5284e-06
300 10 0.751 168.779 2.5684e-06
300 10 0.761 166.255 2.555e-06
300 10 0.771 160.448 2.5509e-06
300 10 0.781 154.591 2.5229e-06
300 10 0.791 156.859 2.5656e-06
300 10 0.801 147.775 2.5308e-06
300 10 0.811 142.032 2.5253e-06
300 10 0.821 144.945 2.5525e-06
300 10 0.831 146.844 2.6028e-06
300 10 0.841 143.639 2.6004e-06
300 10 0.851 136.493 2.5696e-06
300 10 0.861 124.695 2.4833e-06
300 10 0.871 127.858 2.4993e-06
300 10 0.881 124.956 2.5154e-06
300 10 0.891 120.054 2.1641e-06
300 10 0.901 122.795 1.9355e-06
300 10 0.911 116.183 2.1055e-06
300 10 0.921 111.742 1.9081e-06
300 10 0.931 109.086 2.4323e-06
300 10 0.941 106.142 2.556e-06
300 10 0.951 104.798 2.5532e-06
300 10 0.961 103.142 2.5531e-06
300 10 0.971 100.819 2.551e-06
300 10 0.981 98.5903 2.5727e-06
300 10 0.991 94.7498 2.5463e-06
300 10 1.001 91.0342 2.4521e-06
300 10 1.011 91.7797 2.4326e-06
300 10 1.021 85.7878 2.556e-06
300 10 1.031 86.4904 2.5992e-06
300 10 1.041 80.9249 2.5869e-06
300 10 1.051 81.2418 2.6079e-06
300 10 1.061 80.3379 2.5903e-06
300 10 1.071 76.8579 2.5978e-06
300 10 1.081 76.333 2.5986e-06
300 10 1.091 75.9839 2.5996e-06
300 10 1.101 76.3917 2.6337e-06
300 10 1.111 76.1513 2.6401e-06
300 10 1.121 71.6851 2.6042e-06
300 10 1.131 70.4591 2.6126e-06
300 10 1.141 69.6342 2.4613e-06
300 10 1.151 69.411 2.0121e-06
300 10 1.161 71.0609 2.043e-06
300 10 1.171 66.9441 2.0159e-06
300 10 1.181 66.3681 2.4009e-06
300 10 1.191 65.2343 2.6011e-06
300 10 1.201 65.003 2.5868e-06
300 10 1.211 64.281 2.5929e-06
300 10 1.221 63.5669 2.5737e-06
300 10 1.231 60.9585 2.5575e-06
300 10 1.241 61.9723 2.6189e-06
300 10 1.251 61.8119 2.6141e-06
300 10 1.261 59.95 2.602e-06
300 10 1.271 60.3853 2.6111e-06
300 10 1.281 59.0553 2.5928e-06
300 10 1.291 57.8249 2.0999e-06
300 10 1.301 57.058 2.0888e-06
300 10 1.311 56.8802 2.0861e-06
300 10 1.321 57.1244 2.103e-06
300 10 1.331 56.33 2.1038e-06
300 10 1.341 53.9595 2.0326e-06
300 10 1.351 54.9975 2.3074e-06
300 10 1.361 53.9626 2.6458e-06
300 10 1.371 53.2645 2.2993e-06
300 10 1.381 53.6716 2.2981e-06
300 10 1.391 53.0342 2.5488e-06
300 10 1.401 52.669 2.629e-06
300 10 1.411 51.8812 2.6271e-06
300 10 1.421 50.6458 2.5958e-06
300 10 1.431 51.8567 2.6023e-06
300 10 1.441 50.5849 2.5801e-06
300 10 1.451 50.7072 2.5926e-06
300 10 1.461 49.1333 2.5738e-06
300 10 1.471 49.0226 2.5832e-06
300 10 1.481 47.8038 2.5644e-06
300 10 1.491 47.9015 2.5974e-06
300 10 1.501 46.4043 2.3808e-06
300 10 1.511 47.0798 2.5792e-06
300 10 1.521 45.9486 2.5674e-06
300 10 1.531 46.355 2.5814e-06
300 10 1.541 46.257 2.5857e-06
300 10 1.551 45.6646 2.5833e-06
300 10 1.561 45.1272 2.5708e-06
300 10 1.571 45.8341 2.2547e-06
300 10 1.581 44.9668 2.3643e-06
300 10 1.591 44.5307 2.3045e-06
300 10 1.601 44.5705 2.0664e-06
300 10 1.611 44.0948 2.6105e-06
300 10 1.621 43.7209 2.6294e-06
300 10 1.631 43.5172 2.6303e-06
300 10 1.641 43.3142 2.3464e-06
300 10 1.651 43.7697 2.3063e-06
300 10 1.661 43.6694 2.6169e-06
300 10 1.671 42.952 2.6087e-06
300 10 1.681 42.4912 2.6025e-06
300 10 1.691 43.6134 2.6346e-06
300 10 1.701 43.2752 2.1876e-06
300 10 1.711 42.7054 2.0788e-06
300 10 1.721 42.7891 2.0824e-06
300 10 1.731 41.7273 2.0761e-06
300 10 1.741 42.2 2.5485e-06
300 10 1.751 42.4491 2.5928e-06
300 10 1.761 42.0582 2.5811e-06
300 10 1.771 41.8077 2.593e-06
300 10 1.781 42.337 2.6163e-06
300 10 1.791 41.7176 2.6008e-06
300 10 1.801 41.6315 2.598e-06
300 10 1.811 41.6721 2.1703e-06
300 10 1.821 41.3722 2.0979e-06
300 10 1.831 41.1322 2.6786e-06
300 10 1.841 41.0422 2.6823e-06
300 10 1.851 41.3667 2.691e-06
300 10 1.861 41.2315 2.674e-06
300 10 1.871 40.5011 2.6666e-06
300 10 1.881 41.0595 2.6704e-06
300 10 1.891 41.0177 2.6634e-06
300 10 1.901 41.0761 2.4636e-06
300 10 1.911 40.6519 2.0509e-06
300 10 1.921 40.4008 2.0595e-06
300 10 1.931 40.4475 2.0896e-06
300 10 1.941 40.7466 2.5954e-06
300 10 1.951 40.8806 2.6014e-06
300 10 1.961 40.5121 2.5897e-06
300 10 1.971 40.5406 2.5879e-06
300 10 1.981 40.5861 2.5781e-06
300 10 1.991 40.4606 2.5637e-06
300 20 0.001 1370.16 4.0911e-06
300 20 0.011 1365.12 4.1074e-06
300 20 0.021 1373.63 4.1509e-06
300 20 0.031 1283.78 3.9649e-06
300 20 0.041 1284.57 3.9918e-06
300 20 0.051 1215.85 3.8725e-06
300 20 0.061 1217.27 3.916e-06
300 20 0.071 1158.93 3.8091e-06
300 20 0.081 1097 3.6828e-06
300 20 0.091 1112.99 3.7558e-06
300 20 0.101 1093.44 3.7373e-06
300 20 0.111 1013.62 3.3256e-06
300 20 0.121 1069.97 3.0905e-06
300 20 0.131 1001.72 2.7549e-06
300 20 0.141 921.856 3.4318e-06
300 20 0.151 928.623 3.3461e-06
300 20 0.161 900.347 2.1314e-06
300 20 0.171 871.899 3.2496e-06
300 20 0.181 821.567 3.2731e-06
300 20 0.191 795.175 3.2215e-06
300 20 0.201 783.561 3.2136e-06
300 20 0.211 764.324 3.197e-06
300 20 0.221 718.264 3.0897e-06
300 20 0.231 726.735 3.1283e-06
300 20 0.241 692.083 3.0733e-06
300 20 0.251 675.205 3.045e-06
300 20 0.261 630.23 2.9493e-06
300 20 0.271 621.577 2.9534e-06
300 20 0.281 593.482 2.8897e-06
300 20 0.291 569.937 2.8279e-06
300 20 0.301 538.042 2.758e-06
300 20 0.311 525.637 2.7379e-06
300 20 0.321 510.095 2.7148e-06
300 20 0.331 509.9 2.7404e-06
300 20 0.341 478.887 2.6787e-06
300 20 0.351 459.816 2.6139e-06
300 20 0.361 466.202 2.6616e-06
300 20 0.371 431.174 2.5632e-06
300 20 0.381 419.446 2.1341e-06
300 20 0.391 391.606 1.7666e-06
300 20 0.401 374.144 2.228e-06
300 20 0.411 363.719 2.4339e-06
300 20 0.421 339.846 2.3642e-06
300 20 0.431 340.13 2.3888e-06
300 20 0.441 320.295 2.3297e-06
300 20 0.451 308.527 2.3123e-06
300 20 0.461 318.664 2.3466e-06
300 20 0.471 281.747 2.1967e-06
300 20 0.481 280.475 2.2087e-06
300 20 0.491 276.977 2.2089e-06
300 20 0.501 254.369 2.1283e-06
300 20 0.511 242.899 2.1111e-06
300 20 0.521 236.394 2.0123e-06
300 20 0.531 230.294 1.5525e-06
300 20 0.541 210.379 1.8592e-06
300 20 0.551 213.459 2.0652e-06
300 20 0.561 201.164 1.9971e-06
300 20 0.571 195.032 1.9754e-06
300 20 0.581 188.315 1.5187e-06
300 20 0.591 178.736 1.7357e-06
300 20 0.601 170.815 1.5391e-06
300 20 0.611 164.104 1.4653e-06
300 20 0.621 152.41 1.4196e-06
300 20 0.631 149.086 1.4226e-06
300 20 0.641 148.518 1.4282e-06
300 20 0.651 139.586 1.4093e-06
300 20 0.661 129.551 1.6748e-06
300 20 0.671 130.027 1.8244e-06
300 20 0.681 124.389 1.7956e-06
300 20 0.691 117.573 1.7832e-06
300 20 0.701 117.616 1.7933e-06
300 20 0.711 110.223 1.7469e-06
300 20 0.721 104.673 1.7294e-06
300 20 0.731 98.5852 1.7046e-06
300 20 0.741 100.692 1.7347e-06
300 20 0.751 93.4164 1.695e-06
300 20 0.761 89.1474 1.4759e-06
300 20 0.771 83.2559 1.3134e-06
300 20 0.781 83.05 1.28e-06
300 20 0.791 78.8068 1.2634e-06
300 20 0.801 75.2856 1.5894e-06
300 20 0.811 66.1286 1.5336e-06
300 20 0.821 69.5064 1.568e-06
300 20 0.831 64.234 1.557e-06
300 20 0.841 62.9284 1.5417e-06
300 20 0.851 59.4927 1.5151e-06
300 20 0.861 58.0686 1.5108e-06
300 20 0.871 55.8402 1.4982e-06
300 20 0.881 52.7785 1.4731e-06
300 20 0.891 51.6277 1.4037e-06
300 20 0.901 49.9479 1.2151e-06
300 20 0.911 45.1264 1.1568e-06
300 20 0.921 44.3013 1.299e-06
300 20 0.931 40.681 1.4071e-06
300 20 0.941 40.3843 1.4475e-06
300 20 0.951 36.8797 1.4148e-06
300 20 0.961 36.1424 1.1849e-06
300 20 0.971 33.0483 1.0986e-06
300 20 0.981 31.9609 1.1593e-06
300 20 0.991 30.152 1.3763e-06
300 20 1.001 29.8015 1.3801e-06
300 20 1.011 25.3682 1.3426e-06
300 20 1.021 26.1601 1.1561e-06
300 20 1.031 24.6326 1.1752e-06
300 20 1.041 23.2 1.098e-06
300 20 1.051 22.5295 1.0978e-06
300 20 1.061 21.1281 1.1186e-06
300 20 1.071 20.4654 1.2726e-06
300 20 1.081 17.9149 1.2589e-06
300 20 1.091 18.4619 1.2545e-06
300 20 1.101 17.8459 1.003e-06
300 20 1.111 16.6084 1.0147e-06
300 20 1.121 16.1868 1.2047e-06
300 20 1.131 16.2694 1.12e-06
300 20 1.141 15.5272 1.0705e-06
300 20 1.151 14.2937 1.2077e-06
300 20 1.161 14.1002 1.2135e-06
300 20 1.171 13.5822 1.2218e-06
300 20 1.181 12.9774 1.2069e-06
300 20 1.191 12.2342 1.2036e-06
300 20 1.201 11.5562 1.1977e-06
300 20 1.211 11.0761 1.1885e-06
300 20 1.221 11.1711 1.1611e-06
300 20 1.231 10.6239 9.462e-07
300 20 1.241 10.9137 1.0879e-06
300 20 1.251 10.6316 1.1411e-06
300 20 1.261 9.7863 1.2359e-06
300 20 1.271 10.1667 9.571e-07
300 20 1.281 8.936 1.0006e-06
300 20 1.291 8.8188 9.335e-07
300 20 1.301 8.8201 9.52e-07
300 20 1.311 8.2165 9.273e-07
300 20 1.321 8.1756 9.34e-07
300 20 1.331 7.7054 9.939e-07
300 20 1.341 7.4739 1.0383e-06
300 20 1.351 7.8304 1.1345e-06
300 20 1.361 7.2743 1.1186e-06
300 20 1.371 6.768 1.1033e-06
300 20 1.381 6.7043 1.1064e-06
300 20 1.391 6.5514 1.0982e-06
300 20 1.401 6.4159 1.1038e-06
300 20 1.411 6.0086 9.54e-07
300 20 1.421 6.001 1.1222e-06
300 20 1.431 5.7372 1.1079e-06
300 20 1.441 5.6753 1.1079e-06
300 20 1.451 5.5322 9.729e-07
300 20 1.461 5.2811 9.239e-07
300 20 1.471 5.1124 1.0883e-06
300 20 1.481 4.9863 1.0839e-06
300 20 1.491 4.8422 1.0812e-06
300 20 1.501 4.6427 1.08e-06
300 20 1.511 4.8061 1.0802e-06
300 20 1.521 4.5018 1.0733e-06
300 20 1.531 4.3143 1.0721e-06
300 20 1.541 4.2776 1.0718e-06
300 20 1.551 4.1005 1.0648e-06
300 20 1.561 3.9574 1.0584e-06
300 20 1.571 3.7996 9.809e-07
300 20 1.581 3.8029 1.069e-06
300 20 1.591 3.6886 1.05e-06
300 20 1.601 3.7043 9.936e-07
300 20 1.611 3.5603 9.021e-07
300 20 1.621 3.5228 8.421e-07
300 20 1.631 3.5804 8.469e-07
300 20 1.641 3.4847 1.0662e-06
300 20 1.651 3.3902 1.0369e-06
300 20 1.661 3.374 8.773e-07
300 20 1.671 3.3748 9.363e-07
300 20 1.681 3.2842 9.099e-07
300 20 1.691 3.3055 9.899e-07
300 20 1.701 3.1822 1.0626e-06
300 20 1.711 3.1188 8.435e-07
300 20 1.721 3.0735 1.0303e-06
300 20 1.731 2.9604 8.423e-07
300 20 1.741 3.0004 8.386e-07
300 20 1.751 2.9785 1.018e-06
300 20 1.761 2.974 8.393e-07
300 20 1.771 2.8456 9.873e-07
300 20 1.781 2.8429 1.0149e-06
300 20 1.791 2.7646 9.524e-07
300 20 1.801 2.7886 9.978e-07
300 20 1.811 2.7351 1.0127e-06
300 20 1.821 2.6559 1.062e-06
300 20 1.831 2.7471 1.009e-06
300 20 1.841 2.7422 8.162e-07
300 20 1.851 2.606 8.838e-07
300 20 1.861 2.6272 1.0135e-06
300 20 1.871 2.6336 1.0091e-06
300 20 1.881 2.5607 9.989e-07
300 20 1.891 2.5439 1.0168e-06
300 20 1.901 2.5401 1.0052e-06
300 20 1.911 2.5217 1.0083e-06
300 20 1.921 2.5293 1.0009e-06
300 20 1.931 2.5129 9.983e-07
300 20 1.941 2.4976 1.0001e-06
300 20 1.951 2.439 1.067e-06
300 20 1.961 2.4268 1.0595e-06
300 20 1.971 2.4522 1.0355e-06
300 20 1.981 2.4458 1.0345e-06
300 20 1.991 2.4424 1.0232e-06
300 30 0.001 2018.87 5.2811e-06
300 30 0.011 1952.52 5.1815e-06
300 30 0.021 1867.29 5.0276e-06
300 30 0.031 1822.57 4.9907e-06
300 30 0.041 1776.42 4.9457e-06
300 30 0.051 1747.24 4.2302e-06
300 30 0.061 1648.04 3.9035e-06
300 30 0.071 1517.96 4.4056e-06
300 30 0.081 1494.94 4.3791e-06
300 30 0.091 1476.61 2.6847e-06
300 30 0.101 1347.27 2.5453e-06
300 30 0.111 1319.43 3.2461e-06
300 30 0.121 1271.43 2.5713e-06
300 30 0.131 1205 2.4776e-06
300 30 0.141 1160.61 2.4387e-06
300 30 0.151 1090.56 2.3775e-06
300 30 0.161 1045.41 2.3448e-06
300 30 0.171 1018.99 2.3131e-06
300 30 0.181 927.611 2.2144e-06
300 30 0.191 863.035 2.5796e-06
300 30 0.201 880.585 3.1026e-06
300 30 0.211 796.269 2.8239e-06
300 30 0.221 765.374 2.2902e-06
300 30 0.231 733.322 2.6605e-06
300 30 0.241 700.58 2.408e-06
300 30 0.251 650.916 1.9656e-06
300 30 0.261 633.753 1.9506e-06
300 30 0.271 598.973 2.4782e-06
300 30 0.281 555.518 2.7081e-06
300 30 0.291 541.439 2.6728e-06
300 30 0.301 521.466 2.6456e-06
300 30 0.311 486.207 2.547e-06
300 30 0.321 460.448 2.5055e-06
300 30 0.331 459.269 2.5122e-06
300 30 0.341 404.505 2.365e-06
300 30 0.351 394.024 2.3531e-06
300 30 0.361 380.543 2.3177e-06
300 30 0.371 369.119 2.3204e-06
300 30 0.381 343.104 2.2319e-06
300 30 0.391 326.167 2.1941e-06
300 30 0.401 304.538 2.1168e-06
300 30 0.411 292.2 2.0981e-06
300 30 0.421 279.423 2.0757e-06
300 30 0.431 262.632 2.0544e-06
300 30 0.441 245.215 1.9915e-06
300 30 0.451 244.879 1.9923e-06
300 30 0.461 218.085 1.9253e-06
300 30 0.471 217.161 1.9016e-06
300 30 0.481 205.019 1.9001e-06
300 30 0.491 183.431 1.7926e-06
300 30 0.501 184.475 1.822e-06
300 30 0.511 176.838 1.7885e-06
300 30 0.521 164.264 1.7352e-06
300 30 0.531 157.77 1.7508e-06
300 30 0.541 144.259 1.6994e-06
300 30 0.551 141.336 1.6583e-06
300 30 0.561 140.806 1.6792e-06
300 30 0.571 131.763 1.6468e-06
300 30 0.581 119.477 1.5985e-06
300 30 0.591 112.03 1.5599e-06
300 30 0.601 110.873 1.5873e-06
300 30 0.611 105.047 1.5391e-06
300 30 0.621 98.3645 1.5111e-06
300 30 0.631 89.7644 1.5228e-06
300 30 0.641 91.0351 1.546e-06
300 30 0.651 82.1116 1.5005e-06
300 30 0.661 76.6454 1.4623e-06
300 30 0.671 75.3683 1.4879e-06
300 30 0.681 71.4001 1.456e-06
300 30 0.691 67.5089 1.4457e-06
300 30 0.701 64.8768 1.4368e-06
300 30 0.711 61.5572 1.3775e-06
300 30 0.721 56.5745 1.3618e-06
300 30 0.731 56.1712 1.358e-06
300 30 0.741 53.1457 1.2129e-06
300 30 0.751 49.1666 1.0661e-06
300 30 0.761 46.3752 1.0454e-06
300 30 0.771 41.5652 1.0283e-06
300 30 0.781 40.621 1.0302e-06
300 30 0.791 39.2557 1.1538e-06
300 30 0.801 36.9941 1.2696e-06
300 30 0.811 36.6325 1.2737e-06
300 30 0.821 31.9239 1.2346e-06
300 30 0.831 33.122 1.2498e-06
300 30 0.841 30.2536 1.233e-06
300 30 0.851 26.8067 1.1977e-06
300 30 0.861 24.8396 1.1915e-06
300 30 0.871 23.4011 1.1729e-06
300 30 0.881 22.3329 1.0589e-06
300 30 0.891 21.796 1.1727e-06
300 30 0.901 19.6117 1.1447e-06
300 30 0.911 18.2446 1.1182e-06
300 30 0.921 18.0091 1.1189e-06
300 30 0.931 16.2573 1.1005e-06
300 30 0.941 14.2756 1.0882e-06
300 30 0.951 14.8916 1.0911e-06
300 30 0.961 12.4699 1.0687e-06
300 30 0.971 12.797 8.89e-07
300 30 0.981 11.3965 8.974e-07
300 30 0.991 11.4988 9.223e-07
300 30 1.001 10.3258 8.52e-07
300 30 1.011 9.7455 8.422e-07
300 30 1.021 8.7287 1.0314e-06
300 30 1.031 7.3832 9.051e-07
300 30 1.041 7.339 8.946e-07
300 30 1.051 6.4716 9.62e-07
300 30 1.061 6.4741 1.0753e-06
300 30 1.071 5.5393 1.0598e-06
300 30 1.081 5.5406 1.0639e-06
300 30 1.091 5.0269 1.0581e-06
300 30 1.101 4.9442 1.0432e-06
300 30 1.111 4.5318 1.0454e-06
300 30 1.121 4.3184 1.0397e-06
300 30 1.131 4.0239 8.847e-07
300 30 1.141 3.8402 9.194e-07
300 30 1.151 3.4791 9.915e-07
300 30 1.161 3.2986 8.204e-07
300 30 1.171 3.0677 7.618e-07
300 30 1.181 2.9877 8.536e-07
300 30 1.191 2.8924 9.909e-07
300 30 1.201 2.655 8.857e-07
300 30 1.211 2.8225 9.601e-07
300 30 1.221 2.3364 9.556e-07
300 30 1.231 2.4382 9.578e-07
300 30 1.241 2.119 9.422e-07
300 30 1.251 2.0103 9.138e-07
300 30 1.261 2.0003 9.026e-07
300 30 1.271 1.9849 9.659e-07
300 30 1.281 1.8167 9.694e-07
300 30 1.291 1.5907 8.812e-07
300 30 1.301 1.6319 9.9e-07
300 30 1.311 1.5159 9.518e-07
300 30 1.321 1.4354 9.301e-07
300 30 1.331 1.3087 9.229e-07
300 30 1.341 1.3506 7.759e-07
300 30 1.351 1.3236 7.289e-07
300 30 1.361 1.1487 7.452e-07
300 30 1.371 1.1671 8.878e-07
300 30 1.381 1.1096 9.124e-07
300 30 1.391 1.0153 9.084e-07
300 30 1.401 0.9403 9.102e-07
300 30 1.411 0.9216 9.029e-07
300 30 1.421 0.8947 9.134e-07
300 30 1.431 0.8283 9.113e-07
300 30 1.441 0.7721 9.061e-07
300 30 1.451 0.7512 9.009e-07
300 30 1.461 0.7317 9.028e-07
300 30 1.471 0.661 9.073e-07
300 30 1.481 0.6473 9.041e-07
300 30 1.491 0.5717 8.014e-07
300 30 1.501 0.5394 7.914e-07
300 30 1.511 0.5411 9.226e-07
300 30 1.521 0.5222 9.14e-07
300 30 1.531 0.5034 8.529e-07
300 30 1.541 0.4847 8.969e-07
300 30 1.551 0.4351 8.98e-07
300 30 1.561 0.4236 8.871e-07
300 30 1.571 0.4155 8.791e-07
300 30 1.581 0.3787 9.379e-07
300 30 1.591 0.3686 9.614e-07
300 30 1.601 0.367 9.148e-07
300 30 1.611 0.332 9.067e-07
300 30 1.621 0.3421 9.05e-07
300 30 1.631 0.3339 8.258e-07
300 30 1.641 0.3038 7.065e-07
300 30 1.651 0.2977 7.103e-07
300 30 1.661 0.3012 9.011e-07
300 30 1.671 0.2789 8.999e-07
300 30 1.681 0.2752 9.001e-07
300 30 1.691 0.2772 8.984e-07
300 30 1.701 0.2485 8.193e-07
300 30 1.711 0.2619 8.502e-07
300 30 1.721 0.25 8.923e-07
300 30 1.731 0.2459 9.035e-07
300 30 1.741 0.2411 8.616e-07
300 30 1.751 0.2257 6.955e-07
300 30 1.761 0.2394 6.909e-07
300 30 1.771 0.2235 6.939e-07
300 30 1.781 0.2215 7.714e-07
300 30 1.791 0.1998 8.911e-07
300 30 1.801 0.2045 8.636e-07
300 30 1.811 0.192 8.7e-07
300 30 1.821 0.1949 8.764e-07
300 30 1.831 0.1876 8.215e-07
300 30 1.841 0.1843 7.856e-07
300 30 1.851 0.1767 8.282e-07
300 30 1.861 0.1813 8.928e-07
300 30 1.871 0.158 9.022e-07
300 30 1.881 0.1709 8.902e-07
300 30 1.891 0.1632 8.89e-07
300 30 1.901 0.1653 8.807e-07
300 30 1.911 0.1574 8.847e-07
300 30 1.921 0.1493 8.913e-07
300 30 1.931 0.1576 8.805e-07
300 30 1.941 0.1584 8.756e-07
300 30 1.951 0.1563 8.644e-07
300 30 1.961 0.1606 8.611e-07
300 30 1.971 0.1434 8.596e-07
300 30 1.981 0.1495 8.638e-07
300 30 1.991 0.1541 8.648e-07
300 40 0.001 2626.58 6.2445e-06
300 40 0.011 2520.84 4.9349e-06
300 40 0.021 2382.34 5.8219e-06
300 40 0.031 2361.59 5.8621e-06
300 40 0.041 2263.94 5.6774e-06
300 40 0.051 2136.81 5.4265e-06
300 40 0.061 2013.07 5.2164e-06
300 40 0.071 1855.22 4.9105e-06
300 40 0.081 1787.59 4.7966e-06
300 40 0.091 1630.47 4.4835e-06
300 40 0.101 1627.08 4.399e-06
300 40 0.111 1533.63 2.6655e-06
300 40 0.121 1437.54 2.5579e-06
300 40 0.131 1351.37 2.4813e-06
300 40 0.141 1324.95 2.4697e-06
300 40 0.151 1246.08 2.3757e-06
300 40 0.161 1115.64 2.2208e-06
300 40 0.171 1132.72 2.2771e-06
300 40 0.181 1046.23 2.1828e-06
300 40 0.191 966.916 2.0771e-06
300 40 0.201 914.414 2.031e-06
300 40 0.211 852.217 2.3571e-06
300 40 0.221 817.13 2.0011e-06
300 40 0.231 752.787 1.8805e-06
300 40 0.241 696.541 1.9178e-06
300 40 0.251 702.162 2.7703e-06
300 40 0.261 666.558 2.7061e-06
300 40 0.271 621.362 2.6212e-06
300 40 0.281 578.837 2.521e-06
300 40 0.291 557.616 2.3981e-06
300 40 0.301 549.275 1.7112e-06
300 40 0.311 512.743 1.6724e-06
300 40 0.321 471.709 1.6143e-06
300 40 0.331 457.108 1.6094e-06
300 40 0.341 408.23 1.6183e-06
300 40 0.351 410.365 1.6214e-06
300 40 0.361 377.984 2.0363e-06
300 40 0.371 371.112 2.0389e-06
300 40 0.381 323.091 1.9081e-06
300 40 0.391 336.541 1.6931e-06
300 40 0.401 295.875 1.5638e-06
300 40 0.411 291.838 1.8692e-06
300 40 0.421 284.618 1.8544e-06
300 40 0.431 261.76 1.789e-06
300 40 0.441 247.971 1.7564e-06
300 40 0.451 229.969 1.7021e-06
300 40 0.461 232.902 1.722e-06
300 40 0.471 205.592 1.6487e-06
300 40 0.481 199.198 1.6368e-06
300 40 0.491 186.803 1.5901e-06
300 40 0.501 173.108 1.568e-06
300 40 0.511 169.264 1.5774e-06
300 40 0.521 161.525 1.5433e-06
300 40 0.531 149.11 1.4917e-06
300 40 0.541 151.444 1.5279e-06
300 40 0.551 140.509 1.4803e-06
300 40 0.561 127.725 1.4427e-06
300 40 0.571 121.359 1.4149e-06
300 40 0.581 122.233 1.4302e-06
300 40 0.591 109.482 1.3125e-06
300 40 0.601 106.022 1.3833e-06
300 40 0.611 99.039 1.1599e-06
300 40 0.621 93.7112 1.0348e-06
300 40 0.631 93.2847 1.036e-06
300 40 0.641 84.0414 1.1117e-06
300 40 0.651 80.6875 1.2958e-06
300 40 0.661 74.435 1.0746e-06
300 40 0.671 72.0438 1.032e-06
300 40 0.681 68.8186 1.0234e-06
300 40 0.691 63.2624 1.1912e-06
300 40 0.701 63.5747 1.2106e-06
300 40 0.711 59.9541 1.2139e-06
300 40 0.721 54.6232 1.1557e-06
300 40 0.731 52.8209 1.1677e-06
300 40 0.741 51.7711 1.1746e-06
300 40 0.751 48.0625 1.1409e-06
300 40 0.761 45.375 1.1196e-06
300 40 0.771 42.3502 1.1116e-06
300 40 0.781 40.4697 1.112e-06
300 40 0.791 38.3033 1.1308e-06
300 40 0.801 36.305 1.0943e-06
300 40 0.811 33.1073 9.107e-07
300 40 0.821 32.4442 9.15e-07
300 40 0.831 30.2133 9.043e-07
300 40 0.841 27.4857 9.164e-07
300 40 0.851 25.8207 1.0383e-06
300 40 0.861 25.2763 9.071e-07
300 40 0.871 22.0984 8.729e-07
300 40 0.881 22.2944 1.008e-06
300 40 0.891 20.0649 1.0339e-06
300 40 0.901 19.4438 1.0403e-06
300 40 0.911 17.8747 1.0162e-06
300 40 0.921 16.7367 1.0057e-06
300 40 0.931 15.7337 9.168e-07
300 40 0.941 15.2161 1.0176e-06
300 40 0.951 13.8549 1.0017e-06
300 40 0.961 13.4225 7.968e-07
300 40 0.971 12.2744 9.061e-07
300 40 0.981 10.8185 9.612e-07
300 40 0.991 9.7338 9.527e-07
300 40 1.001 9.5975 9.539e-07
300 40 1.011 8.9521 9.432e-07
300 40 1.021 7.9086 7.677e-07
300 40 1.031 7.626 7.428e-07
300 40 1.041 6.5889 7.283e-07
300 40 1.051 6.2869 7.347e-07
300 40 1.061 5.7936 8.333e-07
300 40 1.071 5.6307 7.125e-07
300 40 1.081 5.2693 7.206e-07
300 40 1.091 4.9663 7.834e-07
300 40 1.101 4.5923 6.983e-07
300 40 1.111 4.4022 7.019e-07
300 40 1.121 4.2532 8.163e-07
300 40 1.131 3.6854 8.948e-07
300 40 1.141 3.8298 8.909e-07
300 40 1.151 3.6278 8.951e-07
300 40 1.161 3.3504 8.874e-07
300 40 1.171 3.0814 8.913e-07
300 40 1.181 3.2503 8.927e-07
300 40 1.191 2.8556 8.801e-07
300 40 1.201 2.576 8.671e-07
300 40 1.211 2.5432 8.119e-07
300 40 1.221 2.3317 8.672e-07
300 40 1.231 2.3207 8.711e-07
300 40 1.241 2.0625 8.585e-07
300 40 1.251 1.9254 8.513e-07
300 40 1.261 1.8365 8.622e-07
300 40 1.271 1.8059 7.82e-07
300 40 1.281 1.6667 8.699e-07
300 40 1.291 1.5977 8.317e-07
300 40 1.301 1.5061 7.513e-07
300 40 1.311 1.3489 8.51e-07
300 40 1.321 1.3943 8.481e-07
300 40 1.331 1.3457 8.488e-07
300 40 1.341 1.2284 8.452e-07
300 40 1.351 1.2075 8.521e-07
300 40 1.361 1.1383 8.442e-07
300 40 1.371 1.0464 8.514e-07
300 40 1.381 1.0291 8.356e-07
300 40 1.391 0.8642 8.396e-07
300 40 1.401 0.8474 8.45e-07
300 40 1.411 0.9291 7.935e-07
300 40 1.421 0.7837 8.292e-07
300 40 1.431 0.7965 8.28e-07
300 40 1.441 0.7352 8.237e-07
300 40 1.451 0.6964 8.437e-07
300 40 1.461 0.6418 8.361e-07
300 40 1.471 0.6678 8.343e-07
300 40 1.481 0.5595 7.555e-07
300 40 1.491 0.5665 8.218e-07
300 40 1.501 0.5701 8.178e-07
300 40 1.511 0.5039 8.342e-07
300 40 1.521 0.4638 6.437e-07
300 40 1.531 0.4872 7.095e-07
300 40 1.541 0.4376 7.421e-07
300 40 1.551 0.4412 7.509e-07
300 40 1.561 0.4176 6.592e-07
300 40 1.571 0.4031 6.271e-07
300 40 1.581 0.362 8.165e-07
300 40 1.591 0.3393 8.057e-07
300 40 1.601 0.3457 6.933e-07
300 40 1.611 0.3435 6.46e-07
300 40 1.621 0.3344 6.769e-07
300 40 1.631 0.3178 6.274e-07
300 40 1.641 0.3038 6.285e-07
300 40 1.651 0.2969 7.578e-07
300 40 1.661 0.2793 8.235e-07
300 40 1.671 0.301 8.238e-07
300 40 1.681 0.2716 8.196e-07
300 40 1.691 0.2595 8.256e-07
300 40 1.701 0.2622 8.308e-07
300 40 1.711 0.2304 8.213e-07
300 40 1.721 0.2404 8.211e-07
300 40 1.731 0.223 7.593e-07
300 40 1.741 0.2107 6.325e-07
300 40 1.751 0.216 6.317e-07
300 40 1.761 0.2231 6.339e-07
300 40 1.771 0.2023 6.461e-07
300 40 1.781 0.2044 8.111e-07
300 40 1.791 0.2002 7.935e-07
300 40 1.801 0.1971 6.326e-07
300 40 1.811 0.1818 6.387e-07
300 40 1.821 0.1892 6.367e-07
300 40 1.831 0.1692 6.176e-07
300 40 1.841 0.1747 6.186e-07
300 40 1.851 0.1621 6.226e-07
300 40 1.861 0.1621 6.142e-07
300 40 1.871 0.1576 6.157e-07
300 40 1.881 0.1525 6.221e-07
300 40 1.891 0.1654 6.165e-07
300 40 1.901 0.1406 6.683e-07
300 40 1.911 0.1518 6.087e-07
300 40 1.921 0.1522 6.158e-07
300 40 1.931 0.1436 6.288e-07
300 40 1.941 0.1571 6.234e-07
300 40 1.951 0.1453 6.045e-07
300 40 1.961 0.1353 6.083e-07
300 40 1.971 0.1432 5.976e-07
300 40 1.981 0.1441 6.069e-07
300 40 1.991 0.136 7.972e-07
400 10 0.001 951.239 3.6646e-06
400 10 0.011 983.667 3.7912e-06
400 10 0.021 962.625 3.7426e-06
400 10 0.031 934.978 3.6849e-06
400 10 0.041 950.274 3.758e-06
400 10 0.051 896.216 3.6172e-06
400 10 0.061 919.086 3.7067e-06
400 10 0.071 901.919 3.6861e-06
400 10 0.081 918.567 3.7603e-06
400 10 0.091 886.373 3.6965e-06
400 10 0.101 866.046 3.6643e-06
400 10 0.111 857.652 3.6493e-06
400 10 0.121 851.697 3.6683e-06
400 10 0.131 821.585 3.605e-06
400 10 0.141 824.724 3.6172e-06
400 10 0.151 798.627 3.5689e-06
400 10 0.161 791.85 3.5658e-06
400 10 0.171 757.212 3.538e-06
400 10 0.181 776.645 2.7654e-06
400 10 0.191 733.274 2.2253e-06
400 10 0.201 737.016 2.2526e-06
400 10 0.211 719.946 2.4707e-06
400 10 0.221 716.884 3.5402e-06
400 10 0.231 687.055 3.4705e-06
400 10 0.241 695.246 3.5482e-06
400 10 0.251 677.334 3.4852e-06
400 10 0.261 662.407 3.465e-06
400 10 0.271 642.979 3.029e-06
400 10 0.281 621.196 3.141e-06
400 10 0.291 607.381 3.3762e-06
400 10 0.301 603.913 3.3868e-06
400 10 0.311 587.842 3.3787e-06
400 10 0.321 589.566 3.3877e-06
400 10 0.331 553.752 3.311e-06
400 10 0.341 563.028 3.3669e-06
400 10 0.351 532.686 3.2829e-06
400 10 0.361 541.19 3.3478e-06
400 10 0.371 533.269 3.3603e-06
400 10 0.381 536.48 2.7441e-06
400 10 0.391 506.232 2.2015e-06
400 10 0.401 516.705 2.2328e-06
400 10 0.411 480.639 2.2059e-06
400 10 0.421 491.909 2.2439e-06
400 10 0.431 451.154 2.2027e-06
400 10 0.441 458.189 2.5611e-06
400 10 0.451 456.418 3.3452e-06
400 10 0.461 454.965 2.6992e-06
400 10 0.471 424.497 2.7627e-06
400 10 0.481 413.804 3.2051e-06
400 10 0.491 414 3.2434e-06
400 10 0.501 389.085 3.1639e-06
400 10 0.511 395.832 3.2175e-06
400 10 0.521 385.601 2.4895e-06
400 10 0.531 387.626 2.2359e-06
400 10 0.541 378.666 2.309e-06
400 10 0.551 365.119 2.2514e-06
400 10 0.561 352.746 2.2308e-06
400 10 0.571 349.145 2.4655e-06
400 10 0.581 344.298 2.2824e-06
400 10 0.591 335.851 2.2391e-06
400 10 0.601 331.043 2.2526e-06
400 10 0.611 320.9 2.2589e-06
400 10 0.621 313.673 2.3411e-06
400 10 0.631 300.107 2.3212e-06
400 10 0.641 279.097 2.1989e-06
400 10 0.651 291.935 2.5694e-06
400 10 0.661 284.12 2.296e-06
400 10 0.671 271.889 2.2931e-06
400 10 0.681 261.748 2.291e-06
400 10 0.691 264.721 2.2973e-06
400 10 0.701 267.463 3.0861e-06
400 10 0.711 247.733 3.0965e-06
400 10 0.721 245.762 2.2971e-06
400 10 0.731 245.72 2.8626e-06
400 10 0.741 232.512 3.1893e-06
400 10 0.751 231.47 3.1214e-06
400 10 0.761 219.901 2.274e-06
400 10 0.771 214.712 2.2728e-06
400 10 0.781 211.216 2.3172e-06
400 10 0.791 217.215 3.1764e-06
400 10 0.801 200.518 3.1318e-06
400 10 0.811 201.502 3.1213e-06
400 10 0.821 194.091 3.1102e-06
400 10 0.831 195.17 3.1583e-06
400 10 0.841 179.792 3.0899e-06
400 10 0.851 177.369 3.0934e-06
400 10 0.861 172.161 2.3881e-06
400 10 0.871 178.65 3.1743e-06
400 10 0.881 168.027 3.1324e-06
400 10 0.891 164.647 3.1365e-06
400 10 0.901 159.707 3.1226e-06
400 10 0.911 155.059 3.1203e-06
400 10 0.921 149.021 3.1343e-06
400 10 0.931 151.03 3.15e-06
400 10 0.941 146.958 3.157e-06
400 10 0.951 139.467 3.1252e-06
400 10 0.961 144.924 3.2254e-06
400 10 0.971 134.476 3.155e-06
400 10 0.981 129.474 3.1246e-06
400 10 0.991 125.02 3.1195e-06
400 10 1.001 121.413 2.9708e-06
400 10 1.011 119.494 2.4067e-06
400 10 1.021 118.698 2.4324e-06
400 10 1.031 117.186 2.4324e-06
400 10 1.041 110.971 3.1638e-06
400 10 1.051 110.751 3.2236e-06
400 10 1.061 105.987 3.1919e-06
400 10 1.071 105.556 3.1934e-06
400 10 1.081 103.085 3.2186e-06
400 10 1.091 104.633 2.9389e-06
400 10 1.101 101.999 2.9112e-06
400 10 1.111 97.8807 2.6537e-06
400 10 1.121 95.4672 2.4502e-06
400 10 1.131 91.431 2.4344e-06
400 10 1.141 92.5512 2.4649e-06
400 10 1.151 92.6584 2.7221e-06
400 10 1.161 90.5268 3.151e-06
400 10 1.171 90.1146 2.7259e-06
400 10 1.181 88.7038 2.5617e-06
400 10 1.191 87.1796 2.9805e-06
400 10 1.201 85.5309 2.465e-06
400 10 1.211 84.8062 2.4785e-06
400 10 1.221 85.4882 2.4953e-06
400 10 1.231 84.8316 2.7557e-06
400 10 1.241 84.828 2.5723e-06
400 10 1.251 82.678 3.1682e-06
400 10 1.261 79.6034 3.171e-06
400 10 1.271 80.7251 3.2023e-06
400 10 1.281 79.7327 3.2012e-06
400 10 1.291 76.6164 3.2051e-06
400 10 1.301 76.268 3.2208e-06
400 10 1.311 77.333 3.2455e-06
400 10 1.321 74.8897 2.8921e-06
400 10 1.331 74.5005 2.5241e-06
400 10 1.341 74.255 2.6888e-06
400 10 1.351 72.3 2.5385e-06
400 10 1.361 72.1264 3.0246e-06
400 10 1.371 71.1425 2.6969e-06
400 10 1.381 72.3078 3.2162e-06
400 10 1.391 70.9976 2.8013e-06
400 10 1.401 69.236 3.1015e-06
400 10 1.411 69.5692 3.2544e-06
400 10 1.421 67.8198 3.2277e-06
400 10 1.431 67.7795 2.807e-06
400 10 1.441 67.4541 3.2308e-06
400 10 1.451 67.1095 3.011e-06
400 10 1.461 67.1228 3.2333e-06
400 10 1.471 65.0512 3.2264e-06
400 10 1.481 65.0612 3.2204e-06
400 10 1.491 63.9594 3.2238e-06
400 10 1.501 63.2256 3.2057e-06
400 10 1.511 63.5284 2.7981e-06
400 10 1.521 63.5459 2.5684e-06
400 10 1.531 62.8714 2.764e-06
400 10 1.541 61.7612 3.2437e-06
400 10 1.551 61.3525 3.241e-06
400 10 1.561 61.2013 3.2498e-06
400 10 1.571 59.4629 3.2377e-06
400 10 1.581 61.4232 2.9166e-06
400 10 1.591 60.4154 2.6049e-06
400 10 1.601 59.2874 2.6127e-06
400 10 1.611 59.9029 2.6231e-06
400 10 1.621 60.0555 2.6308e-06
400 10 1.631 59.2765 2.5663e-06
400 10 1.641 59.1437 3.2008e-06
400 10 1.651 57.9538 3.1899e-06
400 10 1.661 57.8341 2.6071e-06
400 10 1.671 57.8935 2.7153e-06
400 10 1.681 57.9903 3.3121e-06
400 10 1.691 58.4283 3.3086e-06
400 10 1.701 57.8614 3.0042e-06
400 10 1.711 57.1672 2.8808e-06
400 10 1.721 57.0822 3.043e-06
400 10 1.731 57.3549 3.2919e-06
400 10 1.741 55.5615 3.2746e-06
400 10 1.751 56.5911 3.2882e-06
400 10 1.761 56.6516 3.2951e-06
400 10 1.771 56.5366 3.2811e-06
400 10 1.781 56.166 3.2815e-06
400 10 1.791 55.5058 2.97e-06
400 10 1.801 56.5044 3.2992e-06
400 10 1.811 55.4738 3.2917e-06
400 10 1.821 55.6817 3.298e-06
400 10 1.831 55.5459 3.2861e-06
400 10 1.841 55.1589 3.2808e-06
400 10 1.851 55.3133 3.2837e-06
400 10 1.861 55.505 3.2869e-06
400 10 1.871 55.2966 3.2835e-06
400 10 1.881 54.8505 3.2726e-06
400 10 1.891 55.0308 2.6762e-06
400 10 1.901 55.2944 3.1542e-06
400 10 1.911 55.0733 3.2148e-06
400 10 1.921 54.6023 2.6828e-06
400 10 1.931 54.7087 2.5707e-06
400 10 1.941 54.8514 2.5648e-06
400 10 1.951 54.3699 2.5503e-06
400 10 1.961 54.5585 2.5596e-06
400 10 1.971 54.6394 2.5587e-06
400 10 1.981 54.6019 3.0692e-06
400 10 1.991 54.5589 3.2347e-06
400 20 0.001 1946.5 5.528e-06
400 20 0.011 1867.85 5.3692e-06
400 20 0.021 1848.01 5.3667e-06
400 20 0.031 1861.51 5.4449e-06
400 20 0.041 1743.11 5.1959e-06
400 20 0.051 1714.59 5.1688e-06
400 20 0.061 1624.16 4.4668e-06
400 20 0.071 1587.75 4.1871e-06
400 20 0.081 1545.71 4.8871e-06
400 20 0.091 1499.43 4.8108e-06
400 20 0.101 1444.85 3.5132e-06
400 20 0.111 1451.67 4.7325e-06
400 20 0.121 1328.44 4.4465e-06
400 20 0.131 1349.1 4.556e-06
400 20 0.141 1309.45 4.4865e-06
400 20 0.151 1234.61 4.3372e-06
400 20 0.161 1238.14 4.4089e-06
400 20 0.171 1149.08 4.1982e-06
400 20 0.181 1127.71 4.1865e-06
400 20 0.191 1100.81 4.1391e-06
400 20 0.201 1072.34 4.1005e-06
400 20 0.211 1039.31 4.0025e-06
400 20 0.221 1018.03 3.9752e-06
400 20 0.231 953.061 3.8346e-06
400 20 0.241 939.502 3.8372e-06
400 20 0.251 882.742 3.7021e-06
400 20 0.261 865.705 3.6882e-06
400 20 0.271 829.498 3.6316e-06
400 20 0.281 803.188 3.5605e-06
400 20 0.291 752.77 3.4519e-06
400 20 0.301 754.121 2.8213e-06
400 20 0.311 746.625 2.7611e-06
400 20 0.321 689.197 3.3449e-06
400 20 0.331 651.267 3.1413e-06
400 20 0.341 642.376 2.8063e-06
400 20 0.351 600.713 3.1628e-06
400 20 0.361 592.533 3.1646e-06
400 20 0.371 583.737 3.1955e-06
400 20 0.381 542.046 2.9831e-06
400 20 0.391 528.318 2.1105e-06
400 20 0.401 505.179 2.0844e-06
400 20 0.411 489.205 2.882e-06
400 20 0.421 485.176 2.9868e-06
400 20 0.431 453.558 2.8849e-06
400 20 0.441 444.484 2.4638e-06
400 20 0.451 429.732 2.8303e-06
400 20 0.461 389.666 2.7068e-06
400 20 0.471 378.132 2.6929e-06
400 20 0.481 383.053 2.7389e-06
400 20 0.491 363.51 2.6763e-06
400 20 0.501 354.514 1.9578e-06
400 20 0.511 333.79 2.2303e-06
400 20 0.521 327.966 2.6354e-06
400 20 0.531 313.99 2.5944e-06
400 20 0.541 296.171 2.1601e-06
400 20 0.551 283.985 1.8287e-06
400 20 0.561 268.401 2.3465e-06
400 20 0.571 267.743 2.3673e-06
400 20 0.581 257.565 1.8e-06
400 20 0.591 239.509 1.7488e-06
400 20 0.601 234.214 1.7591e-06
400 20 0.611 227.841 1.7337e-06
400 20 0.621 207.507 1.7045e-06
400 20 0.631 206.679 2.0216e-06
400 20 0.641 202.965 1.7511e-06
400 20 0.651 184.119 1.6593e-06
400 20 0.661 186.445 1.6984e-06
400 20 0.671 177.673 1.678e-06
400 20 0.681 167.122 1.8269e-06
400 20 0.691 160.724 1.9218e-06
400 20 0.701 155.616 1.8662e-06
400 20 0.711 151.803 2.0965e-06
400 20 0.721 144.035 2.0717e-06
400 20 0.731 140.955 2.0752e-06
400 20 0.741 131.541 1.9971e-06
400 20 0.751 129.869 1.9925e-06
400 20 0.761 121.314 1.9923e-06
400 20 0.771 115.444 1.9403e-06
400 20 0.781 113.704 1.9675e-06
400 20 0.791 106.175 1.9155e-06
400 20 0.801 106.221 1.9114e-06
400 20 0.811 97.1039 1.8794e-06
400 20 0.821 94.0133 1.8755e-06
400 20 0.831 89.8129 1.8531e-06
400 20 0.841 82.9383 1.7933e-06
400 20 0.851 77.3042 1.7982e-06
400 20 0.861 78.5533 1.8085e-06
400 20 0.871 74.8619 1.544e-06
400 20 0.881 69.6126 1.6955e-06
400 20 0.891 71.4184 1.8432e-06
400 20 0.901 61.0777 1.7623e-06
400 20 0.911 63.0355 1.8023e-06
400 20 0.921 57.6546 1.7513e-06
400 20 0.931 56.6043 1.7379e-06
400 20 0.941 53.5228 1.6444e-06
400 20 0.951 51.9561 1.6716e-06
400 20 0.961 49.1185 1.6574e-06
400 20 0.971 45.8007 1.6315e-06
400 20 0.981 43.1925 1.6111e-06
400 20 0.991 41.1559 1.596e-06
400 20 1.001 39.2165 1.5969e-06
400 20 1.011 38.0017 1.5676e-06
400 20 1.021 35.6204 1.5622e-06
400 20 1.031 31.2228 1.4938e-06
400 20 1.041 31.718 1.5017e-06
400 20 1.051 30.1181 1.4938e-06
400 20 1.061 29.102 1.4196e-06
400 20 1.071 26.7863 1.1699e-06
400 20 1.081 25.5416 1.1821e-06
400 20 1.091 24.833 1.1789e-06
400 20 1.101 23.8215 1.1594e-06
400 20 1.111 22.4242 1.2617e-06
400 20 1.121 21.2282 1.3108e-06
400 20 1.131 22.1933 1.4316e-06
400 20 1.141 19.9695 1.4107e-06
400 20 1.151 18.4874 1.3904e-06
400 20 1.161 19.0879 1.3965e-06
400 20 1.171 17.477 1.3847e-06
400 20 1.181 16.6296 1.3715e-06
400 20 1.191 17.3651 1.3905e-06
400 20 1.201 16.769 1.3743e-06
400 20 1.211 15.7863 1.3635e-06
400 20 1.221 15.0539 1.3688e-06
400 20 1.231 14.4386 1.3783e-06
400 20 1.241 14.2855 1.3699e-06
400 20 1.251 14.1606 1.3523e-06
400 20 1.261 13.3745 1.1708e-06
400 20 1.271 13.2339 1.3828e-06
400 20 1.281 12.8183 1.4114e-06
400 20 1.291 12.382 1.4199e-06
400 20 1.301 11.7091 1.3926e-06
400 20 1.311 11.1053 1.3248e-06
400 20 1.321 11.3902 1.0705e-06
400 20 1.331 11.0821 1.2937e-06
400 20 1.341 10.901 1.294e-06
400 20 1.351 9.7812 1.267e-06
400 20 1.361 9.5422 1.2726e-06
400 20 1.371 9.0514 1.2525e-06
400 20 1.381 9.1875 1.257e-06
400 20 1.391 8.7571 1.2614e-06
400 20 1.401 8.6291 1.2499e-06
400 20 1.411 8.1137 1.2354e-06
400 20 1.421 8.3324 1.0788e-06
400 20 1.431 7.9462 1.0612e-06
400 20 1.441 7.6359 1.0541e-06
400 20 1.451 7.3066 1.2087e-06
400 20 1.461 6.9838 1.2545e-06
400 20 1.471 7.0094 1.1794e-06
400 20 1.481 6.8652 1.057e-06
400 20 1.491 6.6503 1.0036e-06
400 20 1.501 6.3352 9.893e-07
400 20 1.511 6.2837 9.763e-07
400 20 1.521 6.1928 9.768e-07
400 20 1.531 5.8882 9.75e-07
400 20 1.541 5.7081 1.1184e-06
400 20 1.551 5.4845 1.1647e-06
400 20 1.561 5.337 9.61e-07
400 20 1.571 5.2751 1.0288e-06
400 20 1.581 5.2856 9.877e-07
400 20 1.591 5.015 1.1404e-06
400 20 1.601 5.068 1.0598e-06
400 20 1.611 4.8529 9.798e-07
400 20 1.621 4.822 1.1186e-06
400 20 1.631 4.922 1.1815e-06
400 20 1.641 4.7877 1.1814e-06
400 20 1.651 4.6391 1.1648e-06
400 20 1.661 4.5635 1.17e-06
400 20 1.671 4.4664 1.0661e-06
400 20 1.681 4.463 9.408e-07
400 20 1.691 4.321 1.1309e-06
400 20 1.701 4.3512 1.1576e-06
400 20 1.711 4.2309 1.1573e-06
400 20 1.721 4.1965 1.1558e-06
400 20 1.731 4.131 1.1486e-06
400 20 1.741 4.0739 1.1484e-06
400 20 1.751 4.0135 1.1404e-06
400 20 1.761 3.9271 1.1325e-06
400 20 1.771 3.8845 1.1343e-06
400 20 1.781 3.9015 1.1397e-06
400 20 1.791 3.8724 1.1347e-06
400 20 1.801 3.7341 1.1357e-06
400 20 1.811 3.8102 1.1455e-06
400 20 1.821 3.6899 1.145e-06
400 20 1.831 3.6869 1.0284e-06
400 20 1.841 3.6478 9.255e-07
400 20 1.851 3.6322 9.259e-07
400 20 1.861 3.526 9.164e-07
400 20 1.871 3.5354 1.1177e-06
400 20 1.881 3.4672 1.1274e-06
400 20 1.891 3.468 1.1238e-06
400 20 1.901 3.4539 9.424e-07
400 20 1.911 3.456 1.0011e-06
400 20 1.921 3.4045 9.108e-07
400 20 1.931 3.3543 9.105e-07
400 20 1.941 3.3726 9.142e-07
400 20 1.951 3.3356 9.076e-07
400 20 1.961 3.3545 9.043e-07
400 20 1.971 3.2984 1.1438e-06
400 20 1.981 3.3062 1.1571e-06
400 20 1.991 3.3636 1.1546e-06
400 30 0.001 2886.3 7.2781e-06
400 30 0.011 2660.38 6.8525e-06
400 30 0.021 2677.3 5.7845e-06
400 30 0.031 2502.49 3.7352e-06
400 30 0.041 2441.34 5.4096e-06
400 30 0.051 2243.66 4.0797e-06
400 30 0.061 2263.63 3.6032e-06
400 30 0.071 2156.18 3.5193e-06
400 30 0.081 2079.83 3.486e-06
400 30 0.091 1982.96 3.4001e-06
400 30 0.101 1917.05 3.38e-06
400 30 0.111 1758.44 4.8842e-06
400 30 0.121 1696.11 5.2482e-06
400 30 0.131 1688.2 5.3371e-06
400 30 0.141 1585.07 5.1382e-06
400 30 0.151 1447.27 4.7939e-06
400 30 0.161 1445.65 4.805e-06
400 30 0.171 1325.15 4.5593e-06
400 30 0.181 1305.92 4.5607e-06
400 30 0.191 1240.99 4.4581e-06
400 30 0.201 1162.59 4.3133e-06
400 30 0.211 1072.18 4.0916e-06
400 30 0.221 1042.76 3.9168e-06
400 30 0.231 1019.05 2.5774e-06
400 30 0.241 968.053 2.5321e-06
400 30 0.251 922.169 2.488e-06
400 30 0.261 850.205 2.4137e-06
400 30 0.271 808.948 2.5798e-06
400 30 0.281 802.545 2.3607e-06
400 30 0.291 719.999 2.2815e-06
400 30 0.301 705.105 2.2742e-06
400 30 0.311 695.423 2.3287e-06
400 30 0.321 659.734 2.3774e-06
400 30 0.331 603.187 3.1476e-06
400 30 0.341 581.702 3.1101e-06
400 30 0.351 553.644 3.0371e-06
400 30 0.361 534.06 3.0084e-06
400 30 0.371 482.052 2.8683e-06
400 30 0.381 476.125 2.3932e-06
400 30 0.391 426.572 1.9077e-06
400 30 0.401 417.942 1.917e-06
400 30 0.411 387.33 2.1523e-06
400 30 0.421 373.119 2.1134e-06
400 30 0.431 361.099 1.8374e-06
400 30 0.441 344.294 1.8659e-06
400 30 0.451 315.709 1.7826e-06
400 30 0.461 326.605 2.2467e-06
400 30 0.471 291.641 1.725e-06
400 30 0.481 291.857 1.7812e-06
400 30 0.491 250.88 1.661e-06
400 30 0.501 266.092 2.1321e-06
400 30 0.511 243.698 2.2237e-06
400 30 0.521 230.339 2.1765e-06
400 30 0.531 209.921 2.1073e-06
400 30 0.541 199.194 2.0783e-06
400 30 0.551 194.736 2.0827e-06
400 30 0.561 189.174 1.8366e-06
400 30 0.571 172.082 1.9834e-06
400 30 0.581 164.185 1.9399e-06
400 30 0.591 161.712 1.7485e-06
400 30 0.601 151.619 1.8967e-06
400 30 0.611 136.658 1.8369e-06
400 30 0.621 129.873 1.7894e-06
400 30 0.631 129.67 1.8241e-06
400 30 0.641 117.158 1.7621e-06
400 30 0.651 116.568 1.7614e-06
400 30 0.661 112.185 1.7501e-06
400 30 0.671 101.458 1.7115e-06
400 30 0.681 94.7949 1.6842e-06
400 30 0.691 93.2681 1.5586e-06
400 30 0.701 89.3166 1.6397e-06
400 30 0.711 82.9363 1.6371e-06
400 30 0.721 76.3955 1.5958e-06
400 30 0.731 76.9332 1.3717e-06
400 30 0.741 70.218 1.341e-06
400 30 0.751 67.0804 1.3536e-06
400 30 0.761 63.2754 1.4552e-06
400 30 0.771 59.3305 1.4973e-06
400 30 0.781 57.7894 1.4798e-06
400 30 0.791 52.9861 1.2309e-06
400 30 0.801 52.3201 1.22e-06
400 30 0.811 48.3499 1.429e-06
400 30 0.821 42.9499 1.4079e-06
400 30 0.831 43.8863 1.4369e-06
400 30 0.841 39.3423 1.3968e-06
400 30 0.851 36.64 1.3833e-06
400 30 0.861 32.8831 1.161e-06
400 30 0.871 32.8021 1.0947e-06
400 30 0.881 31.6385 1.0714e-06
400 30 0.891 29.6082 1.0579e-06
400 30 0.901 27.7064 1.048e-06
400 30 0.911 24.6179 1.0353e-06
400 30 0.921 24.2293 1.0939e-06
400 30 0.931 22.059 1.0135e-06
400 30 0.941 21.7898 1.0138e-06
400 30 0.951 19.5464 1.2586e-06
400 30 0.961 18.465 1.2404e-06
400 30 0.971 17.4088 1.0679e-06
400 30 0.981 15.7312 1.1188e-06
400 30 0.991 14.9089 1.1939e-06
400 30 1.001 14.4129 1.1782e-06
400 30 1.011 12.5865 1.0806e-06
400 30 1.021 11.0528 1.1661e-06
400 30 1.031 10.812 1.1614e-06
400 30 1.041 9.8315 1.147e-06
400 30 1.051 9.4546 1.148e-06
400 30 1.061 8.4824 1.1338e-06
400 30 1.071 8.1869 1.1374e-06
400 30 1.081 7.4237 1.1195e-06
400 30 1.091 6.9441 1.1127e-06
400 30 1.101 6.491 1.107e-06
400 30 1.111 6.1235 1.0935e-06
400 30 1.121 5.9044 1.096e-06
400 30 1.131 5.7732 1.0913e-06
400 30 1.141 5.2846 1.0863e-06
400 30 1.151 5.0865 1.0853e-06
400 30 1.161 4.5969 1.0667e-06
400 30 1.171 4.4156 1.069e-06
400 30 1.181 4.2396 1.0688e-06
400 30 1.191 4.2626 1.0645e-06
400 30 1.201 3.8464 1.0586e-06
400 30 1.211 3.5069 9.101e-07
400 30 1.221 3.3421 1.0027e-06
400 30 1.231 3.2835 1.0305e-06
400 30 1.241 2.9524 1.0509e-06
400 30 1.251 2.8308 8.68e-07
400 30 1.261 2.7181 8.61e-07
400 30 1.271 2.435 9.607e-07
400 30 1.281 2.2809 1.0018e-06
400 30 1.291 2.3522 1.011e-06
400 30 1.301 2.3617 1.0112e-06
400 30 1.311 2.2227 1.0104e-06
400 30 1.321 1.9356 1.0044e-06
400 30 1.331 1.8731 9.243e-07
400 30 1.341 1.7769 1.0001e-06
400 30 1.351 1.7654 1.0009e-06
400 30 1.361 1.5489 1.0019e-06
400 30 1.371 1.4737 9.931e-07
400 30 1.381 1.4885 9.22e-07
400 30 1.391 1.3802 8.102e-07
400 30 1.401 1.3012 8.458e-07
400 30 1.411 1.2387 8.205e-07
400 30 1.421 1.1704 9.824e-07
400 30 1.431 1.1152 9.808e-07
400 30 1.441 1.0607 9.753e-07
400 30 1.451 1.0534 9.782e-07
400 30 1.461 0.9381 9.761e-07
400 30 1.471 0.8893 8.79e-07
400 30 1.481 0.8765 7.721e-07
400 30 1.491 0.8215 9.132e-07
400 30 1.501 0.7248 9.957e-07
400 30 1.511 0.7536 9.942e-07
400 30 1.521 0.6776 9.862e-07
400 30 1.531 0.6736 9.898e-07
400 30 1.541 0.6339 9.893e-07
400 30 1.551 0.5884 9.82e-07
400 30 1.561 0.5392 9.892e-07
400 30 1.571 0.5131 9.859e-07
400 30 1.581 0.5181 9.003e-07
400 30 1.591 0.5039 9.63e-07
400 30 1.601 0.4766 9.551e-07
400 30 1.611 0.4866 9.547e-07
400 30 1.621 0.4593 9.578e-07
400 30 1.631 0.4332 9.557e-07
400 30 1.641 0.4265 9.528e-07
400 30 1.651 0.4351 9.623e-07
400 30 1.661 0.409 9.619e-07
400 30 1.671 0.4328 9.618e-07
400 30 1.681 0.395 9.574e-07
400 30 1.691 0.3571 9.545e-07
400 30 1.701 0.354 9.54e-07
400 30 1.711 0.3619 9.591e-07
400 30 1.721 0.3274 7.878e-07
400 30 1.731 0.3426 9.765e-07
400 30 1.741 0.3123 9.825e-07
400 30 1.751 0.3075 9.785e-07
400 30 1.761 0.2837 9.834e-07
400 30 1.771 0.2908 9.751e-07
400 30 1.781 0.2984 9.689e-07
400 30 1.791 0.2838 9.778e-07
400 30 1.801 0.278 8.871e-07
400 30 1.811 0.2527 8.494e-07
400 30 1.821 0.2522 9.324e-07
400 30 1.831 0.2536 9.337e-07
400 30 1.841 0.2403 9.38e-07
400 30 1.851 0.2367 9.378e-07
400 30 1.861 0.2413 9.383e-07
400 30 1.871 0.225 9.317e-07
400 30 1.881 0.2303 9.352e-07
400 30 1.891 0.2239 9.289e-07
400 30 1.901 0.2268 9.35e-07
400 30 1.911 0.2135 9.231e-07
400 30 1.921 0.2027 9.279e-07
400 30 1.931 0.2089 9.323e-07
400 30 1.941 0.203 9.311e-07
400 30 1.951 0.209 9.19e-07
400 30 1.961 0.2058 9.239e-07
400 30 1.971 0.1907 9.263e-07
400 30 1.981 0.1985 9.154e-07
400 30 1.991 0.2016 9.182e-07
400 40 0.001 3626.86 7.2e-06
400 40 0.011 3474.43 8.0621e-06
400 40 0.021 3330.24 7.8059e-06
400 40 0.031 3124.59 7.477e-06
400 40 0.041 3097.71 7.5188e-06
400 40 0.051 2863.49 7.0733e-06
400 40 0.061 2791.02 6.9626e-06
400 40 0.071 2615.91 6.6436e-06
400 40 0.081 2509.62 6.4463e-06
400 40 0.091 2323.72 6.091e-06
400 40 0.101 2307.61 6.1044e-06
400 40 0.111 2165.41 5.8277e-06
400 40 0.121 2055.13 5.6233e-06
400 40 0.131 1934.75 5.3959e-06
400 40 0.141 1818 5.1733e-06
400 40 0.151 1703.77 3.7746e-06
400 40 0.161 1602.93 4.6793e-06
400 40 0.171 1490.72 4.4429e-06
400 40 0.181 1490.8 4.4709e-06
400 40 0.191 1315.06 4.0787e-06
400 40 0.201 1304.32 4.074e-06
400 40 0.211 1198.61 3.8585e-06
400 40 0.221 1109.2 3.1538e-06
400 40 0.231 1098.26 2.3888e-06
400 40 0.241 1039.43 2.8615e-06
400 40 0.251 980.196 2.2648e-06
400 40 0.261 897.419 2.1468e-06
400 40 0.271 888.159 3.1598e-06
400 40 0.281 793.054 2.2222e-06
400 40 0.291 753.288 2.0114e-06
400 40 0.301 742.086 1.9899e-06
400 40 0.311 684.249 2.3582e-06
400 40 0.321 660.27 1.9244e-06
400 40 0.331 589.754 1.8244e-06
400 40 0.341 566.778 1.7784e-06
400 40 0.351 544.662 1.8246e-06
400 40 0.361 524.425 2.2813e-06
400 40 0.371 496.706 1.9284e-06
400 40 0.381 458.69 2.3739e-06
400 40 0.391 441.826 2.3356e-06
400 40 0.401 422.889 2.3082e-06
400 40 0.411 401 2.2545e-06
400 40 0.421 369.198 2.1774e-06
400 40 0.431 361.78 2.2116e-06
400 40 0.441 336.839 1.8333e-06
400 40 0.451 315.12 1.4981e-06
400 40 0.461 304.1 1.9517e-06
400 40 0.471 290.285 1.9965e-06
400 40 0.481 269.106 1.9462e-06
400 40 0.491 265.509 1.9583e-06
400 40 0.501 241.67 1.8898e-06
400 40 0.511 232.487 1.8597e-06
400 40 0.521 222.744 1.8452e-06
400 40 0.531 203.193 1.7748e-06
400 40 0.541 204.75 1.7937e-06
400 40 0.551 194.285 1.4185e-06
400 40 0.561 189.388 1.3486e-06
400 40 0.571 173.757 1.3139e-06
400 40 0.581 168.298 1.2714e-06
400 40 0.591 147.924 1.2199e-06
400 40 0.601 148.279 1.223e-06
400 40 0.611 134.352 1.198e-06
400 40 0.621 134.645 1.2167e-06
400 40 0.631 126.262 1.4274e-06
400 40 0.641 117.95 1.4217e-06
400 40 0.651 105.406 1.4405e-06
400 40 0.661 102.32 1.4711e-06
400 40 0.671 100.696 1.4614e-06
400 40 0.681 93.8025 1.4331e-06
400 40 0.691 89.1388 1.4334e-06
400 40 0.701 87.6554 1.299e-06
400 40 0.711 83.0663 1.2275e-06
400 40 0.721 72.9433 1.3714e-06
400 40 0.731 72.2619 1.3677e-06
400 40 0.741 65.6598 1.3242e-06
400 40 0.751 63.0427 1.3248e-06
400 40 0.761 60.0982 1.3218e-06
400 40 0.771 59.1309 1.306e-06
400 40 0.781 53.4985 1.292e-06
400 40 0.791 51.4606 1.2831e-06
400 40 0.801 50.2109 1.278e-06
400 40 0.811 44.3558 1.2375e-06
400 40 0.821 42.8384 1.243e-06
400 40 0.831 41.6476 1.2307e-06
400 40 0.841 38.8725 1.2236e-06
400 40 0.851 35.6405 1.1957e-06
400 40 0.861 33.6113 1.1824e-06
400 40 0.871 32.4268 9.146e-07
400 40 0.881 31.8287 9.135e-07
400 40 0.891 29.5899 9.003e-07
400 40 0.901 26.1625 9.521e-07
400 40 0.911 24.646 8.684e-07
400 40 0.921 22.507 9.835e-07
400 40 0.931 21.7785 9.073e-07
400 40 0.941 21.7528 9.719e-07
400 40 0.951 19.3369 1.1135e-06
400 40 0.961 17.6822 1.0951e-06
400 40 0.971 16.7383 1.0867e-06
400 40 0.981 15.1819 1.0726e-06
400 40 0.991 14.3522 1.0639e-06
400 40 1.001 13.3539 1.0294e-06
400 40 1.011 12.1859 9.778e-07
400 40 1.021 10.842 1.0362e-06
400 40 1.031 10.5553 1.0371e-06
400 40 1.041 10.0379 1.0243e-06
400 40 1.051 9.4895 9.815e-07
400 40 1.061 7.9193 7.76e-07
400 40 1.071 7.6234 8.885e-07
400 40 1.081 7.4483 9.751e-07
400 40 1.091 7.231 7.676e-07
400 40 1.101 6.1883 7.538e-07
400 40 1.111 6.2649 7.723e-07
400 40 1.121 5.3945 7.455e-07
400 40 1.131 5.3576 7.547e-07
400 40 1.141 4.941 7.414e-07
400 40 1.151 4.6913 8.78e-07
400 40 1.161 4.6899 8.132e-07
400 40 1.171 4.4099 9.571e-07
400 40 1.181 4.0809 8.585e-07
400 40 1.191 3.8855 8.045e-07
400 40 1.201 3.2675 7.227e-07
400 40 1.211 3.526 7.274e-07
400 40 1.221 3.2432 7.181e-07
400 40 1.231 3.1294 8.506e-07
400 40 1.241 2.9092 9.298e-07
400 40 1.251 2.8873 9.566e-07
400 40 1.261 2.6395 9.956e-07
400 40 1.271 2.3318 9.835e-07
400 40 1.281 2.3634 9.852e-07
400 40 1.291 2.163 7.217e-07
400 40 1.301 2.0746 7.448e-07
400 40 1.311 2.0817 7.329e-07
400 40 1.321 1.9545 7.004e-07
400 40 1.331 1.6337 6.936e-07
400 40 1.341 1.8098 7.786e-07
400 40 1.351 1.5934 9.193e-07
400 40 1.361 1.5957 9.186e-07
400 40 1.371 1.515 8.959e-07
400 40 1.381 1.4405 8.434e-07
400 40 1.391 1.4182 8.156e-07
400 40 1.401 1.281 7.998e-07
400 40 1.411 1.2494 7.272e-07
400 40 1.421 1.2383 7.077e-07
400 40 1.431 1.0698 7.94e-07
400 40 1.441 1.0261 7.24e-07
400 40 1.451 0.9868 7.337e-07
400 40 1.461 0.9206 8.845e-07
400 40 1.471 0.8922 8.979e-07
400 40 1.481 0.8511 8.986e-07
400 40 1.491 0.7854 7.565e-07
400 40 1.501 0.8499 9.028e-07
400 40 1.511 0.7107 8.315e-07
400 40 1.521 0.6769 6.817e-07
400 40 1.531 0.6511 7.407e-07
400 40 1.541 0.6461 6.934e-07
400 40 1.551 0.5251 6.632e-07
400 40 1.561 0.5632 8.933e-07
400 40 1.571 0.5587 8.892e-07
400 40 1.581 0.518 6.943e-07
400 40 1.591 0.4985 7.564e-07
400 40 1.601 0.5042 8.693e-07
400 40 1.611 0.4492 8.631e-07
400 40 1.621 0.4353 8.537e-07
400 40 1.631 0.4741 8.598e-07
400 40 1.641 0.4388 8.65e-07
400 40 1.651 0.4032 8.348e-07
400 40 1.661 0.3935 6.821e-07
400 40 1.671 0.3959 6.534e-07
400 40 1.681 0.3776 6.466e-07
400 40 1.691 0.3689 6.523e-07
400 40 1.701 0.3553 6.571e-07
400 40 1.711 0.3588 6.839e-07
400 40 1.721 0.3358 6.61e-07
400 40 1.731 0.3433 6.534e-07
400 40 1.741 0.3006 6.388e-07
400 40 1.751 0.3012 6.656e-07
400 40 1.761 0.2928 6.449e-07
400 40 1.771 0.2954 6.46e-07
400 40 1.781 0.2765 6.33e-07
400 40 1.791 0.2642 6.31e-07
400 40 1.801 0.2841 6.298e-07
400 40 1.811 0.2618 6.327e-07
400 40 1.821 0.2451 6.425e-07
400 40 1.831 0.2628 6.374e-07
400 40 1.841 0.2428 6.26e-07
400 40 1.851 0.2298 6.286e-07
400 40 1.861 0.238 6.307e-07
400 40 1.871 0.2161 6.154e-07
400 40 1.881 0.2191 6.37e-07
400 40 1.891 0.2105 6.32e-07
400 40 1.901 0.2243 6.241e-07
400 40 1.911 0.2176 6.275e-07
400 40 1.921 0.2069 6.243e-07
400 40 1.931 0.1942 6.2e-07
400 40 1.941 0.2014 6.204e-07
400 40 1.951 0.203 6.261e-07
400 40 1.961 0.2005 6.188e-07
400 40 1.971 0.2056 6.115e-07
400 40 1.981 0.203 6.102e-07
400 40 1.991 0.2069 6.119e-07
