200 10 0.001 466.234 6296 2.4366
200 10 0.011 469.032 6329.26 2.6823
200 10 0.021 469.111 6331.2 2.6478
200 10 0.031 451.902 6133.88 2.8865
200 10 0.041 459.02 6215.79 3.0624
200 10 0.051 434.011 5928.64 3.3039
200 10 0.061 444.403 6049.57 3.4966
200 10 0.071 428.673 5869.42 3.5974
200 10 0.081 406.841 5620.04 3.7953
200 10 0.091 407.571 5629.34 4.0059
200 10 0.101 400.364 5547.3 4.289
200 10 0.111 393.854 5473.01 4.3687
200 10 0.121 382.322 5341.78 4.9878
200 10 0.131 372.832 5234.91 4.8381
200 10 0.141 364.47 5137.64 5.1576
200 10 0.151 343.688 4901.38 5.5011
200 10 0.161 337.538 4831.59 5.7824
200 10 0.171 341.239 4875.37 5.9981
200 10 0.181 331.262 4760.67 5.8673
200 10 0.191 307.863 4495.57 5.0379
200 10 0.201 305.562 4467.5 5.2137
200 10 0.211 308.163 4500 5.6386
200 10 0.221 286.831 4257.33 5.6987
200 10 0.231 284.199 4228.13 5.9651
200 10 0.241 281.235 4191.95 7.1421
200 10 0.251 277.534 4151.45 8.8466
200 10 0.261 262.486 3981.9 8.9261
200 10 0.271 264.019 3999.54 9.1378
200 10 0.281 248.204 3819.89 9.5305
200 10 0.291 244.487 3778.47 9.6554
200 10 0.301 235.097 3671.52 9.9697
200 10 0.311 222.6 3529.5 9.9415
200 10 0.321 225.753 3565.5 9.6657
200 10 0.331 212.074 3412.17 8.8261
200 10 0.341 204.939 3331.78 9.5865
200 10 0.351 204.168 3322.92 9.776
200 10 0.361 189.463 3159.38 9.8174
200 10 0.371 193.381 3203.13 10.1096
200 10 0.381 188.699 3150 9.6816
200 10 0.391 180.994 3062.23 9.8887
200 10 0.401 169.793 2934.21 9.977
200 10 0.411 162.276 2850.97 9.9698
200 10 0.421 154.933 2767.15 10.1848
200 10 0.431 152.901 2746.05 10.6093
200 10 0.441 154.994 2770.74 10.887
200 10 0.451 142.477 2627.12 11.0153
200 10 0.461 146.194 2671.31 11.3069
200 10 0.471 135.179 2546.02 11.2791
200 10 0.481 131.222 2501.94 11.9247
200 10 0.491 125.206 2437.5 12.4024
200 10 0.501 130.357 2494.88 12.5191
200 10 0.511 118.814 2362.8 12.7731
200 10 0.521 114.353 2316.18 12.5081
200 10 0.531 111.388 2282.52 11.6217
200 10 0.541 107.844 2242.67 11.8
200 10 0.551 106.283 2224.37 11.8577
200 10 0.561 102.858 2189.39 11.9998
200 10 0.571 101.294 2170.85 12.2092
200 10 0.581 96.6573 2120.67 12.535
200 10 0.591 96.0186 2114.69 13.012
200 10 0.601 92.92 2078.83 13.5948
200 10 0.611 86.6575 2005.21 14.1406
200 10 0.621 82.3183 1958.16 14.2681
200 10 0.631 82.1267 1959.61 14.7332
200 10 0.641 77.4773 1908.18 14.7352
200 10 0.651 72.8707 1854.93 13.9457
200 10 0.661 73.6048 1862.67 14.543
200 10 0.671 68.2986 1805.19 14.4761
200 10 0.681 68.3978 1807.68 15.208
200 10 0.691 67.377 1797.21 15.514
200 10 0.701 63.7583 1754.44 14.9422
200 10 0.711 61.3266 1729.33 14.7315
200 10 0.721 60.6908 1724.98 15.0964
200 10 0.731 58.2185 1697.17 15.0265
200 10 0.741 58.5348 1700.44 15.2039
200 10 0.751 54.5174 1654.94 15.1121
200 10 0.761 51.6908 1624.64 15.8107
200 10 0.771 53.021 1639.53 16.3889
200 10 0.781 51.6437 1627.09 16.3863
200 10 0.791 48.9031 1596.09 16.5589
200 10 0.801 48.6744 1590.77 15.4116
200 10 0.811 46.0183 1562.97 15.1595
200 10 0.821 42.8293 1526.31 15.0825
200 10 0.831 43.7661 1541.55 15.4783
200 10 0.841 43.1665 1534.78 15.6292
200 10 0.851 42.5162 1530.84 15.8553
200 10 0.861 38.7286 1483.58 15.4992
200 10 0.871 39.8375 1497.86 15.889
200 10 0.881 37.7446 1477.23 16.943
200 10 0.891 37.459 1471.64 17.3445
200 10 0.901 35.9973 1455.6 17.158
200 10 0.911 35.4745 1453.49 17.6358
200 10 0.921 34.7109 1445.66 17.0683
200 10 0.931 34.6982 1444.07 16.9376
200 10 0.941 32.7378 1421.9 16.6636
200 10 0.951 32.4264 1420.31 16.5562
200 10 0.961 31.1752 1406.69 16.4357
200 10 0.971 29.8516 1391.34 16.4645
200 10 0.981 30.3884 1400.51 16.7947
200 10 0.991 29.2563 1387.85 16.735
200 10 1.001 28.3115 1376.66 16.7397
200 10 1.011 28.234 1375.91 16.9178
200 10 1.021 28.0068 1374.93 17.1028
200 10 1.031 27.9813 1376.38 17.4613
200 10 1.041 27.6829 1371.99 17.5514
200 10 1.051 26.3685 1357.41 17.3634
200 10 1.061 25.8708 1351.31 17.3537
200 10 1.071 27.1971 1369.15 18.1034
200 10 1.081 25.8289 1352.66 18.5491
200 10 1.091 25.8163 1354.28 18.2853
200 10 1.101 25.6326 1351.58 19.1091
200 10 1.111 24.9169 1343.19 19.0493
200 10 1.121 24.7592 1343.29 19.3335
200 10 1.131 24.6245 1343.02 18.1896
200 10 1.141 24.3187 1337.28 18.0472
200 10 1.151 24.4714 1339.49 18.2325
200 10 1.161 24.3824 1342.78 18.25
200 10 1.171 24.0435 1340.23 18.2796
200 10 1.181 23.7973 1334.23 18.8824
200 10 1.191 23.8634 1335.35 19.4375
200 10 1.201 23.4078 1335.47 19.481
200 10 1.211 23.6412 1335.1 19.3798
200 10 1.221 23.2392 1332.37 18.4626
200 10 1.231 23.4254 1335.28 18.6006
200 10 1.241 23.3902 1336.69 18.5827
200 10 1.251 23.3048 1334.64 18.6397
200 10 1.261 22.7952 1328.9 18.5214
200 10 1.271 23.0459 1334.46 18.6546
200 10 1.281 23.0513 1334.77 18.7511
200 10 1.291 22.7401 1330.93 19.4413
200 10 1.301 22.8985 1334.48 19.1529
200 10 1.311 23.0463 1338.66 19.4038
200 10 1.321 22.7451 1335.78 19.2967
200 10 1.331 22.2643 1328.13 19.1996
200 10 1.341 22.8231 1338.69 19.4885
200 10 1.351 22.0488 1327.96 19.6662
200 10 1.361 22.7008 1336.25 20.9445
200 10 1.371 22.3547 1333.47 19.9823
200 10 1.381 22.3516 1335.71 19.8007
200 10 1.391 22.4046 1336.42 19.9656
200 10 1.401 21.9947 1331.29 20.168
200 10 1.411 22.1159 1334.34 19.8659
200 10 1.421 22.1004 1334.73 19.691
200 10 1.431 21.9534 1333.6 19.671
200 10 1.441 22.0926 1335.42 19.7612
200 10 1.451 21.9878 1335.21 20.0085
200 10 1.461 22.1967 1339.85 20.6542
200 10 1.471 22.4972 1345.29 20.9063
200 10 1.481 22.0858 1340.18 20.7871
200 10 1.491 21.8963 1337.24 20.6492
200 10 1.501 22.0856 1342.47 20.9259
200 10 1.511 21.876 1340.96 20.7677
200 10 1.521 21.8832 1340.75 20.9092
200 10 1.531 21.8927 1343.1 21.0583
200 10 1.541 21.8469 1342.31 20.996
200 10 1.551 22.0553 1347.12 21.0871
200 10 1.561 21.8485 1343.72 21.0645
200 10 1.571 22.1306 1348.21 21.6623
200 10 1.581 21.7412 1344.09 21.0574
200 10 1.591 22.1434 1350.08 21.788
200 10 1.601 21.7473 1345.9 20.5278
200 10 1.611 22.3082 1356.06 21.0454
200 10 1.621 22.0635 1353.72 20.9647
200 10 1.631 22.2237 1357.92 20.9876
200 10 1.641 21.9174 1351.72 20.851
200 10 1.651 22.0875 1357.96 20.9408
200 10 1.661 22.3138 1361.91 21.3013
200 10 1.671 22.3284 1361.6 21.368
200 10 1.681 22.0174 1359.32 21.0606
200 10 1.691 22.4204 1365.72 21.566
200 10 1.701 22.0738 1361.43 21.0827
200 10 1.711 22.3302 1366.11 21.4196
200 10 1.721 22.3257 1368.74 21.4015
200 10 1.731 22.5146 1373.02 22.4816
200 10 1.741 22.4492 1373.05 21.9086
200 10 1.751 22.6342 1376.19 22.0149
200 10 1.761 22.483 1375.28 21.9639
200 10 1.771 22.4196 1374.84 22
200 10 1.781 22.64 1380.04 22.3163
200 10 1.791 22.6014 1380.43 22.2346
200 10 1.801 22.6762 1383.69 22.262
200 10 1.811 22.8199 1386.5 23.0583
200 10 1.821 22.7196 1385.41 23.1912
200 10 1.831 22.7405 1388.92 23.2305
200 10 1.841 22.8696 1392.29 21.9549
200 10 1.851 23.0153 1394.16 23.1636
200 10 1.861 23.1559 1397.41 22.8245
200 10 1.871 23.2555 1401.15 23.085
200 10 1.881 23.2489 1400.3 23.1663
200 10 1.891 23.2257 1403.11 23.1478
200 10 1.901 23.4932 1407.87 24.0516
200 10 1.911 23.4983 1408.75 24.939
200 10 1.921 23.6248 1411.11 24.0781
200 10 1.931 23.7457 1414.73 22.4222
200 10 1.941 23.9246 1419.03 22.39
200 10 1.951 24.022 1420.33 22.3998
200 10 1.961 23.9862 1422.08 22.2867
200 10 1.971 24.1538 1425.66 22.564
200 10 1.981 24.2721 1430.49 22.4444
200 10 1.991 24.3098 1430.47 22.7076
200 20 0.001 120.59 2291.8 4.1914
200 20 0.011 118.095 2267.87 4.0658
200 20 0.021 118.009 2268.45 4.3173
200 20 0.031 118.158 2272.6 4.6007
200 20 0.041 114.846 2239.98 4.6728
200 20 0.051 117.416 2267.74 4.8941
200 20 0.061 117.859 2274.13 4.2776
200 20 0.071 116.787 2265.6 4.5432
200 20 0.081 115.591 2256.82 5.6553
200 20 0.091 115.722 2259.11 6.0435
200 20 0.101 112.57 2229.17 5.6066
200 20 0.111 109.851 2204.25 5.8971
200 20 0.121 107.754 2182.51 5.5321
200 20 0.131 107.727 2185.26 5.5676
200 20 0.141 108.632 2195.22 6.0614
200 20 0.151 106.119 2170.41 6.3441
200 20 0.161 102.324 2135.51 6.1764
200 20 0.171 99.7089 2109.97 6.3128
200 20 0.181 96.0738 2074.75 6.4601
200 20 0.191 97.0283 2087.88 6.4576
200 20 0.201 94.1021 2059.02 6.543
200 20 0.211 92.4489 2042.59 7.207
200 20 0.221 85.916 1981.05 7.0444
200 20 0.231 89.0044 2009.12 7.044
200 20 0.241 89.0378 2012.2 7.3956
200 20 0.251 82.5047 1948.84 7.5834
200 20 0.261 84.1933 1967.64 8.0439
200 20 0.271 80.7724 1934.76 7.6363
200 20 0.281 77.3737 1900.44 7.6202
200 20 0.291 75.9501 1885.85 8.4505
200 20 0.301 74.668 1876.72 8.7252
200 20 0.311 72.7063 1857.34 8.9781
200 20 0.321 71.6609 1847.96 9.1306
200 20 0.331 69.8824 1832.58 9.3577
200 20 0.341 67.4744 1807.63 9.46
200 20 0.351 66.7095 1800.72 9.6009
200 20 0.361 65.6576 1792.56 9.6358
200 20 0.371 61.9092 1754.06 9.7474
200 20 0.381 58.7913 1723.99 9.6278
200 20 0.391 60.5374 1742.48 9.8941
200 20 0.401 59.1302 1730.84 10.1072
200 20 0.411 55.1512 1691.18 10.0503
200 20 0.421 52.7881 1666.34 10.0035
200 20 0.431 52.5033 1665.61 10.1306
200 20 0.441 50.5041 1648.16 10.1828
200 20 0.451 50.8434 1650.42 10.3522
200 20 0.461 48.7278 1631.18 10.1526
200 20 0.471 48.2638 1624.94 10.4886
200 20 0.481 44.8668 1593.12 10.3164
200 20 0.491 45.6458 1601.41 10.5765
200 20 0.501 43.8268 1583.95 10.5608
200 20 0.511 43.7263 1585.18 10.1561
200 20 0.521 41.4805 1563.65 10.6238
200 20 0.531 40.0004 1548.43 10.5007
200 20 0.541 40.2987 1551.94 10.6108
200 20 0.551 38.3684 1532.99 10.5467
200 20 0.561 37.5483 1524.46 10.5696
200 20 0.571 36.8087 1518.42 9.7869
200 20 0.581 37.1475 1521.9 10.9796
200 20 0.591 36.91 1520.89 11.0596
200 20 0.601 33.2346 1484.46 10.4705
200 20 0.611 33.1355 1481.44 9.7651
200 20 0.621 32.8837 1481.27 10.44
200 20 0.631 32.1723 1474.64 10.4486
200 20 0.641 30.4769 1459.69 10.357
200 20 0.651 30.8394 1462.29 10.4466
200 20 0.661 29.9197 1453.7 10.553
200 20 0.671 30.2667 1457.6 10.8948
200 20 0.681 29.7039 1454.66 10.0658
200 20 0.691 28.7944 1443.78 9.689
200 20 0.701 28.2794 1438.87 10.411
200 20 0.711 27.8265 1435.63 10.3083
200 20 0.721 26.8906 1426.63 11.0516
200 20 0.731 26.2786 1420.39 11.5233
200 20 0.741 25.7022 1413.79 11.1758
200 20 0.751 25.7736 1416.99 11.2582
200 20 0.761 25.6936 1418.13 11.3476
200 20 0.771 25.1903 1410.87 11.9451
200 20 0.781 25.2875 1411.56 12.1217
200 20 0.791 25.0146 1412.15 12.1432
200 20 0.801 24.3426 1403.68 12.0397
200 20 0.811 24.5628 1410.76 12.2433
200 20 0.821 23.9784 1402.93 11.5201
200 20 0.831 23.6818 1398.59 11.4256
200 20 0.841 22.9652 1390.82 11.2999
200 20 0.851 23.255 1395.17 11.9062
200 20 0.861 22.6884 1390.16 11.8032
200 20 0.871 22.0831 1386.23 12.1513
200 20 0.881 22.2702 1385.2 12.3484
200 20 0.891 21.4858 1379.17 11.8905
200 20 0.901 21.256 1378.01 10.9261
200 20 0.911 21.3426 1376.31 10.6313
200 20 0.921 21.0887 1375.2 10.6991
200 20 0.931 20.774 1374.4 10.7779
200 20 0.941 20.7979 1374.59 10.9241
200 20 0.951 20.5997 1372.17 10.8421
200 20 0.961 20.8801 1375.08 11.1815
200 20 0.971 20.1887 1370.13 11.7222
200 20 0.981 20.275 1369.07 11.4587
200 20 0.991 19.9102 1364.41 11.4683
200 20 1.001 20.0374 1366.85 11.8003
200 20 1.011 20.0657 1369.91 11.9039
200 20 1.021 19.2814 1359.03 12.0293
200 20 1.031 19.4851 1361.68 12.5321
200 20 1.041 19.254 1359.76 12.5486
200 20 1.051 19.0961 1358.64 11.4855
200 20 1.061 19.0755 1359.06 11.3691
200 20 1.071 18.9262 1357.11 11.3211
200 20 1.081 18.8289 1357.21 11.3087
200 20 1.091 18.819 1357.2 11.2859
200 20 1.101 18.8167 1359.29 11.4791
200 20 1.111 18.4536 1354.16 11.3097
200 20 1.121 18.4943 1354.45 11.4452
200 20 1.131 18.6492 1357.79 11.5518
200 20 1.141 18.4892 1357.03 11.5197
200 20 1.151 18.419 1356.66 11.6133
200 20 1.161 18.5554 1357.44 11.8384
200 20 1.171 18.5513 1359.76 11.8756
200 20 1.181 18.4349 1357.67 11.9584
200 20 1.191 18.371 1357.08 11.8223
200 20 1.201 18.0374 1355.19 11.7803
200 20 1.211 18.3511 1359.36 13.1209
200 20 1.221 18.5632 1361.65 13.3786
200 20 1.231 18.0966 1355.56 12.8727
200 20 1.241 18.2537 1358.32 13.1383
200 20 1.251 18.2746 1361.48 13.2777
200 20 1.261 17.9596 1358.12 13.1648
200 20 1.271 18.3337 1363.95 13.3353
200 20 1.281 18.0351 1359.63 13.2249
200 20 1.291 18.0446 1358.84 13.3027
200 20 1.301 17.9537 1360.31 13.2924
200 20 1.311 18.1154 1361.5 13.429
200 20 1.321 18.1396 1364.43 12.91
200 20 1.331 18.2307 1366.35 13.7261
200 20 1.341 17.961 1362.46 13.0747
200 20 1.351 17.9877 1364.01 13.4077
200 20 1.361 18.1028 1365.23 12.591
200 20 1.371 18.0839 1366.91 12.5964
200 20 1.381 18.0792 1365.2 12.5222
200 20 1.391 18.0395 1366.88 12.5967
200 20 1.401 18.0265 1366.83 12.7565
200 20 1.411 17.8825 1365.73 12.6058
200 20 1.421 18.0478 1368.59 12.7237
200 20 1.431 17.9005 1365.71 12.7152
200 20 1.441 18.0043 1369.11 12.8488
200 20 1.451 17.9081 1369.25 12.7674
200 20 1.461 17.7853 1368.63 12.7784
200 20 1.471 17.9885 1371.45 12.7932
200 20 1.481 17.8691 1369.66 14.1194
200 20 1.491 17.8735 1371.84 13.8817
200 20 1.501 17.9425 1371.97 14.1805
200 20 1.511 18.1215 1375.33 13.1851
200 20 1.521 17.9418 1372.43 13.2719
200 20 1.531 18.0946 1375.46 14.7475
200 20 1.541 17.9657 1374.84 14.5271
200 20 1.551 18.0096 1375.87 14.8754
200 20 1.561 17.897 1374.88 14.1188
200 20 1.571 17.9976 1377.94 13.4544
200 20 1.581 17.928 1377.69 13.3634
200 20 1.591 18.0291 1377.42 13.4534
200 20 1.601 17.8793 1378.6 13.5419
200 20 1.611 17.9731 1380.3 13.5628
200 20 1.621 18.0332 1382.11 13.6106
200 20 1.631 18.0264 1383.28 13.7135
200 20 1.641 18.0858 1385.54 14.9735
200 20 1.651 17.9235 1385.1 14.5932
200 20 1.661 18.1594 1388.91 14.4618
200 20 1.671 18.0608 1389.49 15.5992
200 20 1.681 18.1401 1391.74 14.4244
200 20 1.691 18.2015 1395.11 14.5385
200 20 1.701 18.098 1393.3 14.5522
200 20 1.711 18.1389 1394.05 15.313
200 20 1.721 18.1363 1395.71 15.3908
200 20 1.731 18.2859 1399.56 15.8831
200 20 1.741 18.1263 1398.92 15.4313
200 20 1.751 18.349 1403.5 14.9815
200 20 1.761 18.2124 1401.81 14.7952
200 20 1.771 18.333 1404.78 15.5474
200 20 1.781 18.3671 1406.2 16.2852
200 20 1.791 18.3982 1407.6 15.1917
200 20 1.801 18.3595 1409.23 15.1103
200 20 1.811 18.3301 1409.13 15.1385
200 20 1.821 18.6461 1414.38 15.3768
200 20 1.831 18.4754 1413.06 15.2653
200 20 1.841 18.3912 1413.48 15.3685
200 20 1.851 18.5271 1416.49 17.0653
200 20 1.861 18.7994 1421.14 17.4368
200 20 1.871 18.7008 1418.21 17.2995
200 20 1.881 18.7871 1422.17 16.9577
200 20 1.891 18.91 1425.33 15.5984
200 20 1.901 18.7986 1425.48 17.6671
200 20 1.911 18.8283 1425.06 16.9415
200 20 1.921 18.7894 1427.28 16.1965
200 20 1.931 18.8607 1428.99 16.3377
200 20 1.941 19.0186 1431.7 16.4012
200 20 1.951 19.0659 1432.13 17.464
200 20 1.961 19.1541 1434.67 17.7099
200 20 1.971 19.2936 1436.88 17.8423
200 20 1.981 19.1164 1435.74 16.683
200 20 1.991 19.171 1437.04 16.4333
200 30 0.001 69.1888 2012.31 3.9918
200 30 0.011 71.426 2035.83 4.3822
200 30 0.021 73.4269 2057.08 4.4083
200 30 0.031 75.1775 2076.19 5.371
200 30 0.041 75.8856 2086.15 5.8214
200 30 0.051 82.2534 2149.75 6.243
200 30 0.061 80.9347 2139.21 6.367
200 30 0.071 89.2133 2221.15 7.3007
200 30 0.081 84.6943 2180.11 7.1428
200 30 0.091 87.5672 2210.22 7.2578
200 30 0.101 87.0112 2206.09 7.5437
200 30 0.111 81.9275 2158.18 7.5957
200 30 0.121 84.7244 2187.39 7.1375
200 30 0.131 82.7438 2170.8 6.9453
200 30 0.141 85.2003 2195.03 6.8371
200 30 0.151 84.965 2195.74 7.0342
200 30 0.161 84.408 2190.57 8.4949
200 30 0.171 76.2758 2114.71 7.0909
200 30 0.181 79.4859 2148.17 7.7728
200 30 0.191 75.4555 2109.34 7.8958
200 30 0.201 77.4293 2129.39 8.2517
200 30 0.211 72.7549 2086.83 7.9621
200 30 0.221 73.8767 2099.45 10.4873
200 30 0.231 69.7823 2062.13 10.4207
200 30 0.241 69.4197 2059.28 10.4496
200 30 0.251 67.8548 2044.45 10.5343
200 30 0.261 64.4815 2012.95 10.5704
200 30 0.271 63.5416 2006.36 10.638
200 30 0.281 61.8485 1991.2 10.7734
200 30 0.291 60.8974 1984.66 10.8349
200 30 0.301 60.5257 1979.82 10.8775
200 30 0.311 53.8659 1914.71 10.7004
200 30 0.321 56.0851 1940.05 10.2177
200 30 0.331 53.6948 1916.66 9.5045
200 30 0.341 51.9166 1900.13 10.1243
200 30 0.351 50.4016 1885.51 10.181
200 30 0.361 47.2261 1856.51 10.1714
200 30 0.371 46.5305 1850.27 10.2098
200 30 0.381 45.5959 1843.69 9.8415
200 30 0.391 45.4546 1842.48 9.4053
200 30 0.401 43.3778 1823.86 9.6061
200 30 0.411 41.4595 1806.48 9.8196
200 30 0.421 41.3646 1805.14 9.335
200 30 0.431 38.5203 1778.36 9.4566
200 30 0.441 37.7084 1770.19 9.6052
200 30 0.451 37.4422 1769.16 9.6475
200 30 0.461 37.0401 1766.33 9.6631
200 30 0.471 35.4305 1749.72 9.6684
200 30 0.481 35.3592 1751.55 9.7628
200 30 0.491 34.1645 1741.09 9.6323
200 30 0.501 33.5133 1734.32 9.7518
200 30 0.511 32.9863 1730.53 9.754
200 30 0.521 31.8908 1721.14 9.7763
200 30 0.531 30.6231 1708.12 9.7007
200 30 0.541 30.5512 1708.33 9.7057
200 30 0.551 29.6824 1700.44 9.2943
200 30 0.561 29.6513 1700.83 9.5235
200 30 0.571 28.2605 1686.24 9.5807
200 30 0.581 28.3364 1689.32 9.6493
200 30 0.591 27.9797 1686.38 9.6627
200 30 0.601 27.0125 1676.17 9.6284
200 30 0.611 27.1514 1679.82 9.66
200 30 0.621 26.4179 1672.7 9.6518
200 30 0.631 25.961 1667.36 9.6231
200 30 0.641 25.9245 1668.81 9.2781
200 30 0.651 25.0559 1660.09 9.3425
200 30 0.661 24.9706 1659.53 9.8117
200 30 0.671 24.0543 1651.24 9.1844
200 30 0.681 24.6625 1658.43 9.2183
200 30 0.691 23.8404 1650.02 9.0999
200 30 0.701 23.7442 1649.15 9.1046
200 30 0.711 23.7803 1650.62 9.457
200 30 0.721 22.8966 1641.27 9.1728
200 30 0.731 22.8232 1642.82 10.0472
200 30 0.741 22.354 1636.72 10.19
200 30 0.751 22.331 1638.82 10.0627
200 30 0.761 21.9465 1634.48 10.0337
200 30 0.771 21.6207 1630.69 8.7867
200 30 0.781 21.9566 1635.07 8.9508
200 30 0.791 21.7501 1633.2 9.8716
200 30 0.801 21.3579 1630.58 9.6791
200 30 0.811 20.8371 1625.54 9.7229
200 30 0.821 20.7427 1624.3 9.7823
200 30 0.831 20.8219 1627.65 9.8728
200 30 0.841 20.5693 1623.01 10.0486
200 30 0.851 20.6844 1623.88 10.2204
200 30 0.861 20.5739 1625.08 10.0026
200 30 0.871 20.1853 1619.83 9.9981
200 30 0.881 20.2364 1622.33 9.9647
200 30 0.891 19.9348 1619.16 10.0013
200 30 0.901 19.8059 1617.06 10.0658
200 30 0.911 19.4911 1614.56 10.0694
200 30 0.921 19.5959 1616.24 10.1907
200 30 0.931 19.2573 1611.91 10.8807
200 30 0.941 19.4166 1613.63 9.8261
200 30 0.951 18.93 1609.7 10.6155
200 30 0.961 18.9609 1612.28 11.3942
200 30 0.971 19.0762 1611.96 10.5938
200 30 0.981 18.5514 1604.94 9.6957
200 30 0.991 18.8127 1609.83 9.8848
200 30 1.001 18.449 1605.9 9.8541
200 30 1.011 18.3789 1602.58 9.8795
200 30 1.021 18.2801 1603.15 9.9822
200 30 1.031 18.3672 1605.11 10.2797
200 30 1.041 18.0173 1601.71 11.0273
200 30 1.051 18.291 1604.79 11.2712
200 30 1.061 18.0118 1601.41 11.0306
200 30 1.071 18.0055 1600.58 11.1982
200 30 1.081 17.7423 1598.89 11.0908
200 30 1.091 17.8544 1600.22 11.2514
200 30 1.101 17.8581 1600.64 11.2355
200 30 1.111 17.7341 1600.54 10.9239
200 30 1.121 17.9736 1602.42 10.8872
200 30 1.131 17.7167 1601.83 10.474
200 30 1.141 17.7402 1602.07 10.4821
200 30 1.151 17.7172 1601.91 10.5542
200 30 1.161 17.6262 1600.49 10.5099
200 30 1.171 17.672 1602.1 10.5715
200 30 1.181 17.6304 1601.67 11.1774
200 30 1.191 17.6269 1604.26 11.1508
200 30 1.201 17.4245 1600.67 11.245
200 30 1.211 17.5345 1604.57 11.3618
200 30 1.221 17.3883 1602.14 11.2587
200 30 1.231 17.4132 1603.54 11.4337
200 30 1.241 17.4024 1603.3 11.4318
200 30 1.251 17.2595 1601.21 11.4105
200 30 1.261 17.3128 1602.97 11.4903
200 30 1.271 17.206 1603.1 11.5595
200 30 1.281 17.1646 1603.22 10.9247
200 30 1.291 17.0736 1602.3 11.2233
200 30 1.301 17.2524 1604.19 11.2469
200 30 1.311 16.9543 1601.84 11.0947
200 30 1.321 17.1115 1603.45 11.7919
200 30 1.331 17.1255 1604.5 11.7712
200 30 1.341 17.0758 1605.68 12.1451
200 30 1.351 16.939 1604.09 11.973
200 30 1.361 16.9378 1604.27 11.5032
200 30 1.371 16.986 1605.23 11.6759
200 30 1.381 17.1266 1607.12 11.7487
200 30 1.391 17.0359 1607.24 11.5367
200 30 1.401 17.0563 1609.48 11.7674
200 30 1.411 16.7296 1603.73 11.5925
200 30 1.421 16.9637 1607.15 12.0647
200 30 1.431 16.8042 1607.37 12.0895
200 30 1.441 16.8244 1605.99 11.8196
200 30 1.451 16.7933 1606.83 11.8137
200 30 1.461 16.7741 1607.32 11.5189
200 30 1.471 16.5718 1604.67 11.1094
200 30 1.481 16.6689 1607.09 11.1204
200 30 1.491 16.6768 1607.7 11.2092
200 30 1.501 16.6328 1607.6 11.1824
200 30 1.511 16.6416 1607.89 11.5994
200 30 1.521 16.6422 1609.05 11.241
200 30 1.531 16.9678 1611.42 12.0551
200 30 1.541 16.4232 1607.65 11.6361
200 30 1.551 16.47 1607.62 11.6437
200 30 1.561 16.6536 1609.97 11.7718
200 30 1.571 16.5651 1610.27 11.6613
200 30 1.581 16.4812 1608.95 11.9188
200 30 1.591 16.4925 1610.49 12.2382
200 30 1.601 16.3294 1608.89 11.7307
200 30 1.611 16.4009 1610.79 11.6826
200 30 1.621 16.2756 1611.7 11.7127
200 30 1.631 16.463 1614.65 11.7586
200 30 1.641 16.3183 1614.79 11.7587
200 30 1.651 16.3243 1614.29 11.9912
200 30 1.661 16.1187 1615.15 12.0479
200 30 1.671 16.2862 1617.25 12.1389
200 30 1.681 16.1094 1616 12.0251
200 30 1.691 16.1343 1619.03 12.1563
200 30 1.701 16.1478 1618.19 12.801
200 30 1.711 16.1151 1619.52 13.1208
200 30 1.721 16.0198 1618.99 13.1895
200 30 1.731 16.0818 1621.63 13.3086
200 30 1.741 16.0038 1621.34 13.6696
200 30 1.751 16.1094 1623.34 13.7358
200 30 1.761 15.9266 1623.42 13.6553
200 30 1.771 15.9485 1624.39 13.8144
200 30 1.781 15.9747 1624.17 13.8931
200 30 1.791 15.8067 1623.59 13.4537
200 30 1.801 15.8487 1624.51 13.9046
200 30 1.811 15.9438 1626.26 14.1191
200 30 1.821 15.7298 1626.79 13.8326
200 30 1.831 15.6774 1625.23 14.1662
200 30 1.841 15.8545 1628.39 14.039
200 30 1.851 15.7944 1627.46 14.2931
200 30 1.861 15.823 1629 14.4314
200 30 1.871 15.8627 1630.4 14.5327
200 30 1.881 15.9332 1631.56 14.9267
200 30 1.891 15.808 1631.4 14.5138
200 30 1.901 15.9681 1632.68 14.5261
200 30 1.911 15.9292 1632.93 14.0683
200 30 1.921 15.7592 1631.14 14.5311
200 30 1.931 15.873 1634.04 14.5317
200 30 1.941 15.8474 1633.6 14.5439
200 30 1.951 15.802 1632.59 14.4803
200 30 1.961 15.7134 1632.89 14.123
200 30 1.971 15.9799 1636.17 14.1429
200 30 1.981 15.8586 1635.23 13.8843
200 30 1.991 15.862 1635.36 13.7008
200 40 0.001 86.4653 2150.46 6.2454
200 40 0.011 88.1168 2168.39 6.4862
200 40 0.021 91.7434 2204.63 6.5906
200 40 0.031 95.4885 2243.65 6.7348
200 40 0.041 93.9412 2231.43 6.8741
200 40 0.051 98.1456 2273.84 6.9029
200 40 0.061 103.656 2328.61 8.7237
200 40 0.071 103.067 2326.18 8.8287
200 40 0.081 97.1108 2271.05 8.815
200 40 0.091 98.4356 2284.62 8.9037
200 40 0.101 96.8143 2271.79 8.995
200 40 0.111 97.2712 2277.96 9.214
200 40 0.121 101.454 2320.39 9.3595
200 40 0.131 98.6546 2294.28 9.2852
200 40 0.141 97.3075 2284.14 9.4877
200 40 0.151 100.74 2320.5 9.5634
200 40 0.161 95.4358 2269.97 9.5785
200 40 0.171 93.264 2248.71 9.5762
200 40 0.181 91.0749 2231.16 9.714
200 40 0.191 89.3099 2214.97 9.0504
200 40 0.201 87.2351 2197.8 8.594
200 40 0.211 83.2144 2160.24 8.6915
200 40 0.221 76.9082 2100.33 8.7382
200 40 0.231 77.779 2111.39 8.5642
200 40 0.241 76.128 2096.36 8.7169
200 40 0.251 74.4067 2079.89 9.1112
200 40 0.261 72.5807 2064.29 8.9376
200 40 0.271 71.1539 2052.37 8.2677
200 40 0.281 67.8555 2019.58 8.1743
200 40 0.291 65.1251 1997.34 8.2127
200 40 0.301 62.758 1974.53 8.4227
200 40 0.311 62.8776 1978.88 8.5773
200 40 0.321 59.3833 1943.51 8.6207
200 40 0.331 56.7493 1918.8 8.5411
200 40 0.341 54.9949 1902.84 8.3435
200 40 0.351 52.7833 1883.88 8.3747
200 40 0.361 51.7736 1876.64 8.3766
200 40 0.371 49.6548 1854.07 8.4714
200 40 0.381 47.956 1840.42 8.5617
200 40 0.391 47.4996 1837.14 8.5384
200 40 0.401 46.6184 1827.43 8.7166
200 40 0.411 44.3165 1807.52 8.6357
200 40 0.421 43.8051 1803.46 8.6637
200 40 0.431 42.4196 1790.41 8.7003
200 40 0.441 40.5111 1772.93 8.8024
200 40 0.451 39.972 1768.27 8.8824
200 40 0.461 39.3709 1764.05 8.9541
200 40 0.471 37.9433 1751.57 8.9147
200 40 0.481 37.4898 1745.82 9.7677
200 40 0.491 36.5468 1739.45 10.925
200 40 0.501 35.2691 1726.26 10.8028
200 40 0.511 34.2026 1717.57 9.6866
200 40 0.521 33.7572 1714.18 10.0782
200 40 0.531 32.6853 1703.37 10.7725
200 40 0.541 32.9851 1707.84 10.9718
200 40 0.551 32.3503 1702.6 11.0684
200 40 0.561 31.4939 1693.79 10.1482
200 40 0.571 30.4621 1685.88 10.0876
200 40 0.581 29.6876 1677.86 10.1967
200 40 0.591 29.437 1675.24 10.1776
200 40 0.601 29.144 1673.85 10.4872
200 40 0.611 27.7134 1660.13 10.3532
200 40 0.621 28.392 1666.24 14.8267
200 40 0.631 27.5399 1659.65 18.7648
200 40 0.641 27.235 1657.24 10.3398
200 40 0.651 26.2663 1648.98 10.8877
200 40 0.661 26.62 1650.65 13.3487
200 40 0.671 25.9232 1644.67 10.0926
200 40 0.681 25.8402 1645.2 9.9102
200 40 0.691 25.3329 1640.45 9.4742
200 40 0.701 24.9773 1639.3 9.4696
200 40 0.711 24.4158 1633.71 10.185
200 40 0.721 24.2613 1632.44 10.3767
200 40 0.731 24.396 1634.82 10.4521
200 40 0.741 23.8371 1628.05 10.2119
200 40 0.751 23.8014 1628.38 9.7984
200 40 0.761 23.6346 1626.95 9.8641
200 40 0.771 23.2035 1623.05 9.7641
200 40 0.781 22.9016 1620.75 9.8111
200 40 0.791 22.5442 1617.93 10.0414
200 40 0.801 22.6614 1618.96 10.3999
200 40 0.811 21.9457 1612.15 10.345
200 40 0.821 22.1963 1616.82 10.2291
200 40 0.831 22.2434 1616.46 10.259
200 40 0.841 21.7481 1611.54 10.6937
200 40 0.851 21.4424 1608.68 10.7653
200 40 0.861 21.2779 1608.27 10.5674
200 40 0.871 21.1244 1605.94 10.7055
200 40 0.881 20.9261 1604.64 10.9812
200 40 0.891 20.5225 1601.39 10.9936
200 40 0.901 21.0653 1604.71 10.8246
200 40 0.911 20.8012 1603.25 10.7963
200 40 0.921 20.4096 1600.03 10.2266
200 40 0.931 20.275 1598.98 10.5986
200 40 0.941 20.2905 1600.82 10.3633
200 40 0.951 19.9482 1596.16 10.0989
200 40 0.961 19.8538 1596.32 10.3273
200 40 0.971 19.6658 1593.91 10.6343
200 40 0.981 19.6859 1593.79 10.971
200 40 0.991 19.528 1592.7 10.9472
200 40 1.001 19.4724 1592.97 11.2344
200 40 1.011 19.2662 1590.66 11.0894
200 40 1.021 19.1903 1588.95 10.3682
200 40 1.031 19.2323 1589.35 10.2911
200 40 1.041 19.0654 1588.33 10.295
200 40 1.051 18.9614 1586.42 10.3061
200 40 1.061 19.0469 1588.99 10.4102
200 40 1.071 18.6918 1585.63 11.1813
200 40 1.081 18.8609 1587.58 10.6964
200 40 1.091 18.4817 1583.1 10.6338
200 40 1.101 18.7216 1586.1 10.729
200 40 1.111 18.2284 1581.4 10.7327
200 40 1.121 18.3318 1582.95 10.7767
200 40 1.131 18.2986 1585.18 10.8114
200 40 1.141 18.12 1582.53 11.0501
200 40 1.151 17.7419 1579.33 11.0432
200 40 1.161 17.9517 1580.83 10.8265
200 40 1.171 17.8908 1580.68 10.9895
200 40 1.181 17.8604 1582.03 11.2803
200 40 1.191 17.6846 1580.13 11.6156
200 40 1.201 17.4873 1578.69 11.4321
200 40 1.211 17.49 1580.13 11.6338
200 40 1.221 17.468 1578.96 11.4172
200 40 1.231 17.327 1579.82 11.3799
200 40 1.241 17.2566 1577.47 11.6318
200 40 1.251 17.0603 1577.53 11.8594
200 40 1.261 17.2644 1579.59 11.808
200 40 1.271 17.0253 1576.22 11.7359
200 40 1.281 16.831 1576.57 11.8829
200 40 1.291 16.7396 1575.85 11.8214
200 40 1.301 16.6562 1575.03 11.8301
200 40 1.311 16.7761 1577.11 11.7942
200 40 1.321 16.9098 1578.56 11.3079
200 40 1.331 16.6405 1577.93 11.3166
200 40 1.341 16.6036 1576.37 11.327
200 40 1.351 16.6038 1578.52 11.4682
200 40 1.361 16.5146 1576.87 11.8868
200 40 1.371 16.5112 1577.12 11.9008
200 40 1.381 16.647 1578.44 11.1805
200 40 1.391 16.37 1576.89 11.2511
200 40 1.401 16.1223 1574.84 11.2604
200 40 1.411 16.1389 1574.74 11.3064
200 40 1.421 16.0816 1575.22 11.6803
200 40 1.431 16.1598 1576.86 11.987
200 40 1.441 16.1473 1577.15 12.0575
200 40 1.451 16.0566 1576.83 12.0951
200 40 1.461 15.8298 1574.59 11.9839
200 40 1.471 15.8842 1576.29 12.1222
200 40 1.481 15.8846 1576.17 12.1595
200 40 1.491 15.9453 1576.68 12.2616
200 40 1.501 15.8636 1577.82 12.2806
200 40 1.511 15.7862 1575.18 12.2799
200 40 1.521 15.7473 1577 12.2955
200 40 1.531 15.7503 1575.69 12.4719
200 40 1.541 15.7469 1575.4 12.9629
200 40 1.551 15.687 1577.24 13.0174
200 40 1.561 15.7784 1577.38 12.9129
200 40 1.571 15.6577 1576.49 12.9051
200 40 1.581 15.6149 1576.92 12.4629
200 40 1.591 15.4326 1575.22 12.261
200 40 1.601 15.4773 1576.02 12.5215
200 40 1.611 15.3785 1577.49 12.2727
200 40 1.621 15.2271 1577.17 12.4924
200 40 1.631 15.1986 1577.72 12.9757
200 40 1.641 15.1923 1578.2 12.9478
200 40 1.651 15.0234 1578.17 13.064
200 40 1.661 14.8184 1577.35 12.2443
200 40 1.671 14.7611 1577.03 12.155
200 40 1.681 14.8011 1578.56 12.1782
200 40 1.691 14.5917 1577.16 12.3126
200 40 1.701 14.5492 1578.09 12.2616
200 40 1.711 14.4517 1577.94 12.3149
200 40 1.721 14.3984 1578.43 12.3489
200 40 1.731 14.4816 1580.67 12.3875
200 40 1.741 14.4691 1580.38 12.4544
200 40 1.751 14.2976 1578.81 12.8831
200 40 1.761 14.2121 1579.74 13.375
200 40 1.771 14.1568 1580.02 12.4953
200 40 1.781 14.1958 1581.36 12.5625
200 40 1.791 13.9965 1578.67 12.5698
200 40 1.801 13.9759 1579.93 12.4617
200 40 1.811 14.2408 1584.2 12.5476
200 40 1.821 13.9897 1581.72 12.635
200 40 1.831 13.9838 1582.84 13.5075
200 40 1.841 13.8948 1581.67 14.1392
200 40 1.851 13.9337 1582.75 13.8033
200 40 1.861 13.842 1581.66 12.7508
200 40 1.871 14.0184 1584.81 12.8462
200 40 1.881 13.7865 1583.41 12.948
200 40 1.891 13.6548 1581.26 12.8864
200 40 1.901 13.6671 1582.67 12.9375
200 40 1.911 13.9187 1584.76 12.9637
200 40 1.921 13.6712 1583.16 12.9436
200 40 1.931 13.7158 1583.8 13.011
200 40 1.941 13.7337 1583.82 13.0027
200 40 1.951 13.7222 1584.08 13.0224
200 40 1.961 13.6992 1584.6 13.1116
200 40 1.971 13.5939 1582.8 13.0481
200 40 1.981 13.5727 1583.49 13.0966
200 40 1.991 13.6406 1584.36 12.9999
300 10 0.001 730.958 9410.53 1.8357
300 10 0.011 726.317 9357.49 1.9867
300 10 0.021 706.975 9137.42 2.2094
300 10 0.031 680.747 8836.26 2.4131
300 10 0.041 679.155 8818.64 2.6974
300 10 0.051 656.189 8554.96 3.833
300 10 0.061 661.53 8619.24 4.68
300 10 0.071 637.544 8343.81 4.8462
300 10 0.081 634.13 8307.3 4.8026
300 10 0.091 602.5 7944.28 5.282
300 10 0.101 597.399 7888.22 5.6977
300 10 0.111 582.269 7717.11 6.0406
300 10 0.121 587.743 7779.02 6.0136
300 10 0.131 569.175 7567.8 6.2659
300 10 0.141 574.71 7633.15 6.6271
300 10 0.151 534.076 7165.02 6.1092
300 10 0.161 504.822 6833.83 5.6369
300 10 0.171 502.632 6811.88 5.9693
300 10 0.181 473.432 6476.55 6.3115
300 10 0.191 489.456 6663.88 6.4104
300 10 0.201 470.688 6447.24 6.7102
300 10 0.211 468.643 6424.01 7.1146
300 10 0.221 450.614 6219.62 7.3107
300 10 0.231 444.896 6154.28 7.3635
300 10 0.241 422.838 5907.18 8.5129
300 10 0.251 413.113 5795.53 9.5703
300 10 0.261 403.206 5683.12 9.5122
300 10 0.271 385.333 5478.18 9.3859
300 10 0.281 379.669 5419.23 9.858
300 10 0.291 373.023 5341.78 10.0848
300 10 0.301 349.116 5066.14 10.0271
300 10 0.311 342.328 4992.71 10.5876
300 10 0.321 333.905 4899 11.5177
300 10 0.331 330.617 4866.01 11.6006
300 10 0.341 316.875 4705.82 11.8361
300 10 0.351 313.979 4672.95 12.3538
300 10 0.361 294.639 4455.32 12.3755
300 10 0.371 284.3 4342.52 12.5971
300 10 0.381 279.831 4291.48 12.6479
300 10 0.391 274.105 4229.17 12.3324
300 10 0.401 265.568 4125.75 13.3152
300 10 0.411 238.509 3820.75 12.7704
300 10 0.421 243.224 3877.6 13.376
300 10 0.431 236.886 3809.03 13.818
300 10 0.441 228.572 3711.35 14.311
300 10 0.451 216.448 3573.74 14.5034
300 10 0.461 214.747 3560.56 15.0494
300 10 0.471 209.123 3495.87 14.471
300 10 0.481 201.345 3411.37 14.5192
300 10 0.491 197.055 3359.76 14.7084
300 10 0.501 192.045 3306.8 14.6363
300 10 0.511 181.681 3191.82 14.9566
300 10 0.521 182.778 3203.8 15.3509
300 10 0.531 175.281 3120.56 16.4784
300 10 0.541 168.594 3046.77 16.0913
300 10 0.551 165.711 3011.51 15.9797
300 10 0.561 152.697 2867.72 15.9199
300 10 0.571 150.457 2839.97 16.1373
300 10 0.581 134.604 2666.01 16.188
300 10 0.591 139.238 2715.81 16.5051
300 10 0.601 131.309 2624.59 16.3828
300 10 0.611 128.027 2590.95 16.843
300 10 0.621 130.08 2622.2 17.2585
300 10 0.631 123.051 2536.13 17.1236
300 10 0.641 115.598 2455.72 17.316
300 10 0.651 116.167 2462.38 17.7991
300 10 0.661 107.723 2368.86 17.7041
300 10 0.671 103.173 2317.97 18.3657
300 10 0.681 104.039 2335.68 19.0952
300 10 0.691 101.585 2304.09 18.6991
300 10 0.701 94.9357 2228.79 18.6778
300 10 0.711 92.5287 2201.47 19.5156
300 10 0.721 86.4563 2139.48 19.8634
300 10 0.731 86.7497 2141.44 20.09
300 10 0.741 83.0183 2098.47 19.4367
300 10 0.751 80.5282 2069.43 19.2847
300 10 0.761 79.3573 2059.66 19.4942
300 10 0.771 76.73 2030.59 20.2422
300 10 0.781 72.2814 1982 21.106
300 10 0.791 73.5737 1994.01 20.8986
300 10 0.801 72.5486 1987.89 21.555
300 10 0.811 69.2096 1951.44 21.5118
300 10 0.821 65.6253 1908.85 21.1226
300 10 0.831 64.1275 1897.87 21.3827
300 10 0.841 60.8239 1860.52 21.3734
300 10 0.851 59.8278 1848.13 21.4957
300 10 0.861 59.1916 1843.57 21.8064
300 10 0.871 56.0505 1810.69 21.9719
300 10 0.881 55.686 1804.67 22.5878
300 10 0.891 53.462 1780.57 21.7367
300 10 0.901 53.4926 1783.22 21.736
300 10 0.911 52.8718 1778.02 22.3167
300 10 0.921 49.9439 1745.44 23.0563
300 10 0.931 48.5509 1728.28 22.4356
300 10 0.941 47.8193 1725.01 22.482
300 10 0.951 46.0154 1701.26 22.4617
300 10 0.961 46.4633 1709.18 22.7845
300 10 0.971 44.9098 1697.36 22.8592
300 10 0.981 44.3074 1688.01 22.8483
300 10 0.991 42.3858 1665.6 22.7913
300 10 1.001 43.0847 1676.82 23.2642
300 10 1.011 41.0127 1649.44 23.3502
300 10 1.021 40.4558 1645.18 23.3438
300 10 1.031 39.3303 1635.73 23.5136
300 10 1.041 37.8923 1622.15 24.1892
300 10 1.051 38.1253 1618.78 23.9744
300 10 1.061 38.2178 1624.94 24.0915
300 10 1.071 37.358 1617.52 24.4085
300 10 1.081 37.3523 1620.77 25.7027
300 10 1.091 35.8372 1599.23 25.1694
300 10 1.101 36.3256 1607.87 25.3843
300 10 1.111 35.6056 1598.85 24.3468
300 10 1.121 34.2864 1582.99 24.6875
300 10 1.131 35.0373 1595.79 25.8953
300 10 1.141 34.6219 1592.23 26.0828
300 10 1.151 34.4411 1589.89 26.3302
300 10 1.161 34.2461 1589.1 26.353
300 10 1.171 33.7841 1581.35 26.2892
300 10 1.181 34.1441 1588.85 25.4599
300 10 1.191 33.5887 1584.87 25.3713
300 10 1.201 33.2511 1581.08 25.201
300 10 1.211 33.1795 1583.29 25.7489
300 10 1.221 33.2895 1584.28 26.4354
300 10 1.231 32.6812 1577.89 25.6763
300 10 1.241 32.5334 1578.25 26.013
300 10 1.251 32.4968 1579.61 26.5072
300 10 1.261 32.861 1585.16 27.2798
300 10 1.271 32.5857 1583.67 26.8379
300 10 1.281 32.4486 1582.84 27.3258
300 10 1.291 32.3147 1580.98 27.4612
300 10 1.301 32.0387 1578.32 27.5372
300 10 1.311 31.6704 1576.04 27.3329
300 10 1.321 31.946 1579.85 27.6667
300 10 1.331 31.5532 1574.78 27.5388
300 10 1.341 31.1462 1574.55 27.6959
300 10 1.351 31.3703 1578.81 27.7292
300 10 1.361 31.0001 1574.32 27.2805
300 10 1.371 31.1262 1575.85 26.9764
300 10 1.381 31.1863 1581.15 27.1345
300 10 1.391 31.3335 1581.7 27.3306
300 10 1.401 31.2764 1583.58 27.3832
300 10 1.411 31.4796 1589.18 27.8051
300 10 1.421 30.5101 1577.24 27.2002
300 10 1.431 31.1166 1585.41 27.7753
300 10 1.441 30.998 1585.7 27.7411
300 10 1.451 30.6008 1580.48 27.5646
300 10 1.461 30.7787 1582.93 27.6492
300 10 1.471 30.5819 1582.35 27.5931
300 10 1.481 30.7611 1588.43 27.9062
300 10 1.491 31.2883 1593.77 28.4225
300 10 1.501 30.7592 1588.75 28.1492
300 10 1.511 30.6013 1587.2 29.5588
300 10 1.521 30.7545 1593.14 29.8667
300 10 1.531 30.3337 1585.78 29.3732
300 10 1.541 30.8264 1596.11 30.078
300 10 1.551 30.1717 1588 29.8653
300 10 1.561 30.8533 1597.89 29.4983
300 10 1.571 30.613 1598.03 29.2775
300 10 1.581 30.9244 1602.83 30.1002
300 10 1.591 30.7062 1600.17 29.0498
300 10 1.601 31.3088 1611.74 29.4904
300 10 1.611 30.8086 1604.5 29.8447
300 10 1.621 30.6148 1603.54 30.8093
300 10 1.631 31.0537 1611.73 30.4845
300 10 1.641 31.0364 1614.09 29.6663
300 10 1.651 31.0342 1616.37 29.7352
300 10 1.661 31.0522 1618.73 29.776
300 10 1.671 31.108 1620.38 29.9931
300 10 1.681 31.3865 1624.36 30.5618
300 10 1.691 31.1316 1625.66 31.1788
300 10 1.701 31.1133 1625.21 31.0722
300 10 1.711 31.2221 1629.66 31.1115
300 10 1.721 31.4083 1631.96 30.0953
300 10 1.731 31.3506 1636.56 30.0711
300 10 1.741 31.4191 1636.74 30.9894
300 10 1.751 31.5747 1642.26 30.7127
300 10 1.761 31.7729 1644.27 30.6842
300 10 1.771 31.837 1648.04 32.0999
300 10 1.781 32.0394 1654.16 32.3136
300 10 1.791 32.0058 1655.15 32.4279
300 10 1.801 31.8908 1655.12 32.2501
300 10 1.811 32.2163 1661.79 32.741
300 10 1.821 32.1179 1664.29 32.2262
300 10 1.831 32.372 1667.59 32.5293
300 10 1.841 32.4891 1671.11 32.8354
300 10 1.851 32.2772 1669.01 31.4828
300 10 1.861 32.6612 1679.04 31.5974
300 10 1.871 32.808 1682.16 31.6842
300 10 1.881 32.8881 1685.45 33.4246
300 10 1.891 33.1652 1690.45 33.8313
300 10 1.901 33.3752 1697.06 34.2135
300 10 1.911 33.2141 1694.54 33.8617
300 10 1.921 33.3971 1700.22 33.4352
300 10 1.931 33.5521 1704.31 33.1552
300 10 1.941 33.8888 1710.56 34.1901
300 10 1.951 33.8836 1714.66 34.2937
300 10 1.961 34.0324 1715.7 33.1859
300 10 1.971 34.1805 1720.91 33.3915
300 10 1.981 34.3789 1724.68 34.4486
300 10 1.991 34.5755 1728.12 34.3275
300 20 0.001 184.009 2966.83 3.9376
300 20 0.011 180.518 2933.88 4.2134
300 20 0.021 185.453 2986.82 4.38
300 20 0.031 178.633 2920.38 4.7914
300 20 0.041 177.739 2914.8 5.3409
300 20 0.051 181.037 2949.73 5.2611
300 20 0.061 173.271 2874.95 5.2194
300 20 0.071 174.74 2891.2 5.7691
300 20 0.081 172.789 2874.62 5.7402
300 20 0.091 166.732 2815.72 5.8321
300 20 0.101 169.816 2851.47 6.1563
300 20 0.111 167.093 2826.08 6.9611
300 20 0.121 165.429 2811.41 7.7211
300 20 0.131 158.864 2747.24 8.0385
300 20 0.141 153.807 2700.82 8.2225
300 20 0.151 150.69 2670.19 8.2514
300 20 0.161 148.839 2653.77 8.6177
300 20 0.171 156.279 2730.37 8.1699
300 20 0.181 148.979 2659.34 8.3232
300 20 0.191 145.179 2624.78 8.513
300 20 0.201 147.116 2646.73 8.8969
300 20 0.211 142.906 2605.74 9.0547
300 20 0.221 137.911 2558.28 9.3226
300 20 0.231 136.304 2543.08 9.5064
300 20 0.241 134.625 2525.38 10.0618
300 20 0.251 130.594 2489.76 10.2088
300 20 0.261 124.894 2432.51 10.3702
300 20 0.271 120.626 2394.94 10.5608
300 20 0.281 115.061 2337.91 10.6962
300 20 0.291 117.478 2363.37 10.612
300 20 0.301 111.716 2305.94 10.8426
300 20 0.311 105.22 2243.98 10.8141
300 20 0.321 105.25 2245.64 10.8876
300 20 0.331 102.753 2224.98 11.0691
300 20 0.341 98.6547 2183.41 11.0937
300 20 0.351 99.8099 2193.11 11.5105
300 20 0.361 95.6422 2158.16 11.8643
300 20 0.371 95.7284 2159 11.5919
300 20 0.381 90.0782 2102.72 11.8106
300 20 0.391 84.9296 2053.03 11.7841
300 20 0.401 83.8024 2043.3 11.9367
300 20 0.411 87.249 2076.43 11.893
300 20 0.421 79.0151 1994.17 11.7922
300 20 0.431 77.6972 1986.61 11.8361
300 20 0.441 78.0547 1990.52 11.7772
300 20 0.451 74.1518 1954.26 11.9234
300 20 0.461 72.5031 1938.32 12.0658
300 20 0.471 70.2214 1917.39 12.1225
300 20 0.481 66.0317 1872.01 11.8347
300 20 0.491 68.0358 1895.17 11.9886
300 20 0.501 64.5758 1861.61 12.0219
300 20 0.511 62.4047 1842.22 12.1238
300 20 0.521 60.2701 1818.43 12.0112
300 20 0.531 59.1974 1809.77 11.9246
300 20 0.541 57.0415 1788.9 11.8711
300 20 0.551 55.8368 1781.67 12.0994
300 20 0.561 55.25 1775.85 12.208
300 20 0.571 52.655 1749.13 12.0735
300 20 0.581 51.811 1739.29 12.2583
300 20 0.591 52.5287 1749.23 13.1771
300 20 0.601 50.1276 1729.65 13.1536
300 20 0.611 48.5876 1713.95 13.2345
300 20 0.621 45.3385 1680.76 12.7496
300 20 0.631 44.9453 1680.12 12.9884
300 20 0.641 44.0931 1671.66 13.1319
300 20 0.651 44.3336 1673.18 12.695
300 20 0.661 43.1809 1663.62 12.6524
300 20 0.671 41.5189 1649.2 12.6854
300 20 0.681 41.9443 1649.43 12.9384
300 20 0.691 40.3814 1637.37 12.878
300 20 0.701 40.3224 1639.1 13.0089
300 20 0.711 40.0504 1635.69 13.118
300 20 0.721 37.7525 1614.54 12.9269
300 20 0.731 37.7842 1612.77 12.9157
300 20 0.741 37.6032 1614.49 13.6455
300 20 0.751 36.3046 1598.11 13.8312
300 20 0.761 35.7393 1595.35 13.4627
300 20 0.771 36.2796 1600.36 13.1203
300 20 0.781 35.0304 1590.73 13.1348
300 20 0.791 34.2946 1581.6 13.0965
300 20 0.801 32.8682 1568.83 13.2561
300 20 0.811 32.693 1569.46 13.5377
300 20 0.821 32.6769 1567.58 13.2283
300 20 0.831 31.857 1561.74 13.3899
300 20 0.841 32.5362 1565.59 13.8237
300 20 0.851 31.0042 1553.01 14.2525
300 20 0.861 30.9077 1553.98 13.8483
300 20 0.871 30.2934 1547.14 13.9037
300 20 0.881 30.6309 1552.14 14.1717
300 20 0.891 29.8137 1543.29 14.0572
300 20 0.901 28.9459 1535.55 13.8749
300 20 0.911 29.164 1537.02 14.0511
300 20 0.921 29.1128 1537.2 14.2009
300 20 0.931 28.7408 1533.36 14.1761
300 20 0.941 27.7266 1525.91 14.0838
300 20 0.951 27.3107 1519.79 14.1753
300 20 0.961 27.9396 1526.25 14.4546
300 20 0.971 27.2219 1519.27 14.3499
300 20 0.981 26.9255 1517.45 14.5407
300 20 0.991 27.1627 1520.58 14.6694
300 20 1.001 26.8067 1518.91 14.9203
300 20 1.011 26.3304 1510.66 14.7868
300 20 1.021 26.2968 1511.45 15.016
300 20 1.031 25.8875 1506.39 15.015
300 20 1.041 25.7408 1505.2 15.1809
300 20 1.051 25.0236 1499.8 15.0273
300 20 1.061 25.4306 1505.47 15.6864
300 20 1.071 25.5341 1506.9 15.8167
300 20 1.081 25.0496 1503.94 14.935
300 20 1.091 25.0301 1502.32 15.0503
300 20 1.101 24.9746 1503.08 15.1322
300 20 1.111 24.7531 1502.62 15.3496
300 20 1.121 24.6711 1502.89 15.1481
300 20 1.131 24.5233 1498.07 15.2756
300 20 1.141 24.1701 1497.23 15.3414
300 20 1.151 24.2927 1499.01 15.5032
300 20 1.161 24.0379 1496.54 16.5592
300 20 1.171 24.171 1498.78 16.6222
300 20 1.181 24.313 1501.92 16.1015
300 20 1.191 24.0156 1498.86 15.7895
300 20 1.201 24.3915 1503.89 15.9617
300 20 1.211 23.9918 1500.98 16.034
300 20 1.221 24.1799 1503.44 17.3168
300 20 1.231 23.7296 1501.43 16.3565
300 20 1.241 24.2704 1508.82 16.4909
300 20 1.251 24.4264 1513.42 16.6316
300 20 1.261 23.9585 1505.59 17.2479
300 20 1.271 23.6756 1503.57 17.3332
300 20 1.281 23.8892 1509.28 17.718
300 20 1.291 23.8941 1509.39 16.5076
300 20 1.301 23.8897 1507.23 16.5828
300 20 1.311 23.9057 1508.71 17.2897
300 20 1.321 23.702 1507.69 17.8982
300 20 1.331 23.7739 1510.53 18.0571
300 20 1.341 23.5885 1510.17 17.9643
300 20 1.351 23.793 1513.6 17.4146
300 20 1.361 23.6826 1513.25 17.02
300 20 1.371 23.5843 1513.17 17.0476
300 20 1.381 23.5637 1513.47 16.9326
300 20 1.391 23.7102 1515.72 17.9899
300 20 1.401 23.5905 1514.36 18.3602
300 20 1.411 23.5191 1516.19 18.4534
300 20 1.421 23.6449 1518.83 18.1369
300 20 1.431 23.5558 1516.99 17.9038
300 20 1.441 23.5856 1519.9 17.9694
300 20 1.451 23.5274 1521.16 18.4583
300 20 1.461 23.315 1518.7 18.3394
300 20 1.471 23.8858 1527.34 18.9058
300 20 1.481 23.5043 1523.75 18.6858
300 20 1.491 23.6553 1524.32 18.8833
300 20 1.501 23.6305 1526.67 18.8081
300 20 1.511 23.6523 1528.23 19.019
300 20 1.521 24.0919 1533.26 19.6464
300 20 1.531 23.9574 1532.59 19.6614
300 20 1.541 23.6908 1529.84 19.5009
300 20 1.551 23.7242 1528.75 19.8231
300 20 1.561 23.7565 1533.46 19.5202
300 20 1.571 23.9845 1536.62 19.7416
300 20 1.581 23.952 1537.39 19.9244
300 20 1.591 23.7546 1536.03 19.7221
300 20 1.601 23.692 1537.22 19.6548
300 20 1.611 23.9821 1541.57 20.3817
300 20 1.621 24.2876 1547.99 20.7032
300 20 1.631 23.9986 1546.82 20.3363
300 20 1.641 23.7742 1543.23 19.5806
300 20 1.651 24.1077 1554.64 20.012
300 20 1.661 24.1256 1552.74 20.0698
300 20 1.671 24.1381 1555.07 20.176
300 20 1.681 24.3036 1558.57 20.184
300 20 1.691 24.3633 1561.53 20.5208
300 20 1.701 24.3826 1563.27 21.122
300 20 1.711 24.408 1565.78 20.2032
300 20 1.721 24.4602 1569.94 19.9431
300 20 1.731 24.2665 1568.04 20.1022
300 20 1.741 24.7065 1574.59 20.3289
300 20 1.751 24.7532 1573.99 20.5242
300 20 1.761 24.5193 1577.21 20.436
300 20 1.771 24.7377 1580.94 20.5759
300 20 1.781 24.6392 1581.76 20.5156
300 20 1.791 24.9481 1587.91 20.7455
300 20 1.801 25.1604 1591.77 20.9106
300 20 1.811 25.2557 1594.72 21.0225
300 20 1.821 25.038 1594 20.9069
300 20 1.831 25.2832 1599.11 21.1166
300 20 1.841 25.2932 1598.47 21.2766
300 20 1.851 25.6189 1605.21 21.5234
300 20 1.861 25.4058 1604.3 21.4261
300 20 1.871 25.6741 1609.47 21.487
300 20 1.881 25.6264 1609.65 22.8039
300 20 1.891 25.7466 1613.45 23.4545
300 20 1.901 26.0008 1618.86 23.417
300 20 1.911 26.0873 1620.58 23.5576
300 20 1.921 26.2195 1623.25 23.5269
300 20 1.931 26.3053 1623.9 23.4195
300 20 1.941 26.4616 1628.74 23.53
300 20 1.951 26.443 1629.82 23.2203
300 20 1.961 26.7052 1634.84 24.2048
300 20 1.971 26.8364 1637.41 24.1132
300 20 1.981 27.065 1641.25 24.2609
300 20 1.991 27.0287 1642.8 23.049
300 30 0.001 83.9029 2177.78 5.6396
300 30 0.011 88.2098 2222.46 5.8555
300 30 0.021 95.139 2292.82 6.2827
300 30 0.031 101.77 2360.37 6.408
300 30 0.041 96.8262 2315.81 6.4218
300 30 0.051 110.355 2450.87 6.7889
300 30 0.061 112.604 2474.81 7.0426
300 30 0.071 113.332 2487.62 7.1253
300 30 0.081 117.196 2525.61 7.3185
300 30 0.091 115.863 2516.29 7.5803
300 30 0.101 119.42 2553.42 8.2114
300 30 0.111 120.802 2569.56 8.3549
300 30 0.121 116.86 2534.71 8.0954
300 30 0.131 122.904 2595.36 7.9942
300 30 0.141 119.325 2565.29 8.461
300 30 0.151 112.588 2498.94 9.7387
300 30 0.161 112.948 2507.79 9.7227
300 30 0.171 108.995 2472.03 9.1057
300 30 0.181 114.318 2525.96 8.7024
300 30 0.191 107.582 2462.94 8.7726
300 30 0.201 102.561 2416.06 9.0902
300 30 0.211 105.194 2442.55 9.5083
300 30 0.221 101.757 2413.67 9.9295
300 30 0.231 101.348 2412.6 9.9616
300 30 0.241 101.192 2410.42 9.3002
300 30 0.251 97.6972 2378.73 9.3651
300 30 0.261 90.9379 2313.4 9.2402
300 30 0.271 88.1304 2288.85 9.9413
300 30 0.281 88.652 2296.68 10.2698
300 30 0.291 79.8268 2214.18 10.2484
300 30 0.301 80.4871 2220.6 10.2573
300 30 0.311 76.0942 2177.64 10.4112
300 30 0.321 73.1602 2153.41 10.7798
300 30 0.331 71.08 2131.19 10.6716
300 30 0.341 72.1869 2146.48 10.8456
300 30 0.351 68.0259 2107.69 10.6573
300 30 0.361 66.9264 2098.96 10.7379
300 30 0.371 66.2474 2093.31 10.8011
300 30 0.381 62.462 2059.25 10.7372
300 30 0.391 61.0729 2043.72 10.8397
300 30 0.401 58.9251 2025.93 10.949
300 30 0.411 56.2862 2003.69 10.8612
300 30 0.421 56.8105 2006.32 10.7697
300 30 0.431 52.9889 1971.79 10.5533
300 30 0.441 52.9858 1975.76 10.9055
300 30 0.451 49.986 1945.53 10.8115
300 30 0.461 49.3615 1940.47 11.1649
300 30 0.471 47.9394 1927.58 11.0263
300 30 0.481 48.0343 1930.42 11.3209
300 30 0.491 46.9977 1922.87 11.3021
300 30 0.501 44.8176 1898.77 11.3576
300 30 0.511 44.2163 1892.91 11.3577
300 30 0.521 42.2528 1875.2 11.2427
300 30 0.531 41.3467 1864.37 11.2924
300 30 0.541 40.5548 1860.78 11.4929
300 30 0.551 40.8356 1865.57 11.6336
300 30 0.561 38.2386 1841.61 11.5203
300 30 0.571 39.1734 1850.89 11.7718
300 30 0.581 37.8358 1839.46 11.3816
300 30 0.591 36.5019 1826.58 10.7037
300 30 0.601 35.8092 1820.45 10.7075
300 30 0.611 36.2813 1824.76 10.8782
300 30 0.621 35.0582 1812.79 10.8279
300 30 0.631 34.6017 1809.95 11.3588
300 30 0.641 33.5646 1799.13 11.3113
300 30 0.651 33.7355 1803.99 11.3914
300 30 0.661 32.4155 1791.32 11.2754
300 30 0.671 32.6865 1795.57 11.9097
300 30 0.681 31.8212 1786.13 13.3095
300 30 0.691 31.0584 1779.36 13.5424
300 30 0.701 30.5586 1776.51 13.5543
300 30 0.711 29.9434 1766.54 13.4137
300 30 0.721 29.7269 1767.8 13.5345
300 30 0.731 29.8631 1769.04 13.6229
300 30 0.741 30.0033 1773.01 13.8728
300 30 0.751 28.9492 1762.25 13.7293
300 30 0.761 28.8086 1761.11 12.3178
300 30 0.771 27.9322 1752.87 11.6019
300 30 0.781 27.8011 1752.63 11.654
300 30 0.791 27.5768 1752.2 11.7345
300 30 0.801 27.2017 1746.8 11.6933
300 30 0.811 26.7731 1744.2 11.7497
300 30 0.821 26.9095 1744.31 12.33
300 30 0.831 26.6377 1741.8 12.3166
300 30 0.841 26.6337 1744.93 12.575
300 30 0.851 25.9911 1735.8 13.3936
300 30 0.861 25.6347 1736.19 13.409
300 30 0.871 25.0386 1729.47 13.5645
300 30 0.881 25.5372 1734.86 13.2384
300 30 0.891 24.7768 1727.49 12.1647
300 30 0.901 24.9423 1729.55 12.79
300 30 0.911 25.0807 1730.53 13.1234
300 30 0.921 24.2196 1725.38 13.1454
300 30 0.931 24.1582 1722.18 13.1516
300 30 0.941 24.2343 1725.29 13.2968
300 30 0.951 23.9255 1718.12 13.5602
300 30 0.961 23.7359 1718.01 13.7412
300 30 0.971 23.6107 1717.05 13.7711
300 30 0.981 23.5669 1717.79 14.0754
300 30 0.991 23.5786 1717.71 14.0215
300 30 1.001 23.5401 1717.55 14.272
300 30 1.011 23.1288 1713.66 14.127
300 30 1.021 23.0682 1714.4 14.1664
300 30 1.031 22.9025 1711.26 12.829
300 30 1.041 22.9523 1711.25 13.649
300 30 1.051 23.1311 1713.88 12.7519
300 30 1.061 22.4839 1708.21 12.4615
300 30 1.071 22.2137 1706.74 13.3494
300 30 1.081 22.668 1712.17 13.428
300 30 1.091 22.2818 1708.67 13.5271
300 30 1.101 22.171 1707.65 13.8618
300 30 1.111 22.3541 1711.39 14.0313
300 30 1.121 22.4293 1711.23 14.0322
300 30 1.131 22.1864 1710.51 14.356
300 30 1.141 21.912 1705.23 14.3072
300 30 1.151 22.0895 1707.7 13.9726
300 30 1.161 22.2636 1711.82 13.2835
300 30 1.171 22.1365 1710.21 13.1565
300 30 1.181 22.0415 1711.11 13.1775
300 30 1.191 21.9053 1708.84 13.2417
300 30 1.201 21.7125 1709.58 13.5071
300 30 1.211 22.016 1712.03 13.2041
300 30 1.221 21.7646 1709.72 13.1874
300 30 1.231 21.7088 1711.08 13.1857
300 30 1.241 21.656 1711.48 14.5015
300 30 1.251 21.6608 1711.06 14.9403
300 30 1.261 21.5681 1714.12 13.8077
300 30 1.271 21.638 1713.45 13.3402
300 30 1.281 21.3755 1709.7 13.454
300 30 1.291 21.1367 1708.39 13.222
300 30 1.301 21.6087 1713.63 13.3687
300 30 1.311 21.5409 1716.53 13.5898
300 30 1.321 21.6457 1717.36 13.6211
300 30 1.331 21.5644 1718.7 13.7709
300 30 1.341 21.2134 1714.54 13.7269
300 30 1.351 21.2924 1716.22 13.7766
300 30 1.361 21.4559 1718.95 13.8524
300 30 1.371 21.3917 1719.67 13.9167
300 30 1.381 21.169 1718.97 13.8418
300 30 1.391 21.5162 1720.82 14.0334
300 30 1.401 21.4457 1722.07 14.178
300 30 1.411 21.1892 1718.71 15.1137
300 30 1.421 21.2128 1719.96 15.5415
300 30 1.431 21.508 1723.39 15.6773
300 30 1.441 21.2747 1723.78 15.8034
300 30 1.451 21.1638 1721.35 15.8162
300 30 1.461 21.0835 1721.28 15.64
300 30 1.471 21.2428 1725.76 15.4308
300 30 1.481 21.2023 1724.27 15.9049
300 30 1.491 21.1239 1726.28 15.783
300 30 1.501 21.2717 1725.69 15.705
300 30 1.511 21.3022 1728.18 16.1073
300 30 1.521 21.3458 1729.35 16.4763
300 30 1.531 21.2999 1727.8 16.5919
300 30 1.541 21.3895 1730.83 15.5857
300 30 1.551 21.276 1731.4 15.9642
300 30 1.561 21.4557 1733.4 15.6715
300 30 1.571 21.2117 1730.2 15.143
300 30 1.581 21.2142 1730.17 15.0546
300 30 1.591 21.2202 1732.5 15.1901
300 30 1.601 21.3434 1735.73 15.3841
300 30 1.611 21.2965 1736.52 15.5146
300 30 1.621 21.1362 1737.17 15.668
300 30 1.631 21.1274 1739.28 15.6237
300 30 1.641 21.3303 1742.65 15.7574
300 30 1.651 21.3323 1742.35 15.5682
300 30 1.661 21.1845 1745.28 15.5631
300 30 1.671 21.1085 1746.41 15.7542
300 30 1.681 21.3112 1748.02 15.6849
300 30 1.691 21.0177 1748.24 15.8071
300 30 1.701 21.2834 1752.27 15.8165
300 30 1.711 21.2941 1753.94 15.9411
300 30 1.721 21.0217 1754.3 15.9821
300 30 1.731 21.1692 1756.8 15.9334
300 30 1.741 21.1283 1758.08 16.0238
300 30 1.751 21.3458 1759.61 16.2645
300 30 1.761 21.3807 1764.62 16.5828
300 30 1.771 21.2424 1762.17 16.4447
300 30 1.781 21.2376 1763.57 16.9119
300 30 1.791 21.2182 1764.86 18.1201
300 30 1.801 21.5971 1769.67 18.3712
300 30 1.811 21.5253 1769.24 18.8944
300 30 1.821 21.5572 1772.75 18.7701
300 30 1.831 21.4659 1771.49 18.6588
300 30 1.841 21.4431 1774.18 19.166
300 30 1.851 21.7139 1777.21 18.866
300 30 1.861 21.4048 1775.6 19.0811
300 30 1.871 21.3652 1775.18 19.3873
300 30 1.881 21.657 1778.79 18.8209
300 30 1.891 21.5696 1779.2 18.0341
300 30 1.901 21.8017 1782.98 18.0686
300 30 1.911 22.0419 1786.08 18.2913
300 30 1.921 21.8728 1784.15 18.1623
300 30 1.931 21.9545 1786.6 18.3611
300 30 1.941 22.0882 1788.99 18.3295
300 30 1.951 21.9206 1786.3 18.3569
300 30 1.961 22.06 1789.04 18.3809
300 30 1.971 22.2378 1791.84 18.1156
300 30 1.981 22.1746 1792.05 18.0485
300 30 1.991 22.4842 1795.09 18.1398
300 40 0.001 113.737 2438.1 7.3942
300 40 0.011 123.407 2533.22 7.6753
300 40 0.021 122.747 2530.61 7.6085
300 40 0.031 131.247 2615.96 7.5614
300 40 0.041 131.972 2625.94 7.2135
300 40 0.051 132.463 2633.56 7.7581
300 40 0.061 134.873 2659.66 7.9159
300 40 0.071 141.86 2732.39 8.2166
300 40 0.081 137.461 2690.58 8.0501
300 40 0.091 147.276 2789.29 7.9912
300 40 0.101 140.335 2724.56 7.9667
300 40 0.111 144.876 2771.07 8.3532
300 40 0.121 140.555 2734.05 8.7836
300 40 0.131 138.977 2719.58 9.0161
300 40 0.141 134.914 2685 9.1076
300 40 0.151 134.187 2678.66 9.3158
300 40 0.161 138.969 2729.2 9.2859
300 40 0.171 133.167 2675.01 9.3118
300 40 0.181 127.513 2621.69 9.4313
300 40 0.191 133.403 2679.73 9.8692
300 40 0.201 122.045 2575.08 9.9221
300 40 0.211 117.751 2534.36 9.8195
300 40 0.221 118.699 2545.42 10.2458
300 40 0.231 112.098 2483.67 10.3224
300 40 0.241 111.173 2476.02 10.7169
300 40 0.251 105.521 2425.02 10.6002
300 40 0.261 101.208 2382.84 10.4923
300 40 0.271 99.435 2369.4 10.3791
300 40 0.281 99.4515 2372.92 10.2796
300 40 0.291 88.8717 2270.22 10.1437
300 40 0.301 87.6461 2260.39 10.3309
300 40 0.311 85.8411 2244.04 10.821
300 40 0.321 82.3258 2213.64 10.8265
300 40 0.331 81.2721 2202.51 11.0034
300 40 0.341 74.1599 2138.07 10.8891
300 40 0.351 73.7967 2134.26 11.0282
300 40 0.361 69.7588 2097.67 10.9647
300 40 0.371 70.3583 2102.96 11.174
300 40 0.381 68.5561 2084.87 11.0926
300 40 0.391 64.3045 2047.82 10.6617
300 40 0.401 62.6045 2031.59 10.7293
300 40 0.411 61.1039 2020.71 11.1182
300 40 0.421 59.3423 2002.05 11.1254
300 40 0.431 56.7864 1981.88 11.415
300 40 0.441 57.5297 1988.85 11.6475
300 40 0.451 54.7797 1962.64 11.1444
300 40 0.461 52.8046 1944.29 10.9838
300 40 0.471 52.1695 1940.61 11.6253
300 40 0.481 48.5916 1906.09 11.6161
300 40 0.491 48.0877 1903.48 11.7681
300 40 0.501 45.7702 1882.06 11.5074
300 40 0.511 44.8192 1871.15 11.234
300 40 0.521 43.5718 1863.1 11.2574
300 40 0.531 41.7434 1843.91 11.1161
300 40 0.541 42.1936 1852.9 11.3182
300 40 0.551 41.4621 1840.91 11.2723
300 40 0.561 40.0085 1828.16 11.124
300 40 0.571 39.98 1829.01 11.3555
300 40 0.581 38.6312 1818.08 11.3962
300 40 0.591 37.7872 1811.88 11.809
300 40 0.601 37.4039 1808.28 11.3229
300 40 0.611 36.7671 1803.5 11.1996
300 40 0.621 34.7739 1782.65 10.9813
300 40 0.631 34.8722 1784.79 11.0632
300 40 0.641 33.9941 1778.59 11.0662
300 40 0.651 33.9199 1776.77 11.1971
300 40 0.661 32.8948 1768.09 11.805
300 40 0.671 33.7673 1777.57 12.1747
300 40 0.681 32.7852 1768.56 11.9212
300 40 0.691 32.5198 1768.84 11.8999
300 40 0.701 31.6126 1757.76 11.9012
300 40 0.711 31.3745 1757.33 11.8955
300 40 0.721 30.4517 1748.33 11.5978
300 40 0.731 30.4127 1749.98 11.5811
300 40 0.741 30.518 1750.34 11.6334
300 40 0.751 29.7792 1742.82 11.6417
300 40 0.761 28.8872 1737.96 11.6606
300 40 0.771 29.055 1738.28 11.8097
300 40 0.781 28.2592 1732.81 11.7179
300 40 0.791 28.0591 1729.29 11.6666
300 40 0.801 28.1026 1728.51 12.3614
300 40 0.811 27.6787 1726.36 12.4947
300 40 0.821 27.1569 1722.09 12.2766
300 40 0.831 27.0838 1723.73 11.9537
300 40 0.841 26.7146 1720.21 11.9412
300 40 0.851 26.0966 1713.19 11.7911
300 40 0.861 26.7232 1720.52 12.061
300 40 0.871 25.9297 1709.62 11.9493
300 40 0.881 26.1172 1716.33 12.1251
300 40 0.891 25.7254 1711.01 12.3095
300 40 0.901 25.2193 1707.8 12.1411
300 40 0.911 24.8814 1703.82 12.0848
300 40 0.921 24.7105 1703.56 12.1442
300 40 0.931 24.6589 1702.33 12.215
300 40 0.941 24.7695 1703.04 12.3122
300 40 0.951 24.7748 1702.3 12.3758
300 40 0.961 24.1336 1697.16 12.2655
300 40 0.971 23.9472 1694.97 12.3728
300 40 0.981 24.0302 1695.81 12.4391
300 40 0.991 24.0954 1697.49 13.1182
300 40 1.001 23.461 1689.01 12.5206
300 40 1.011 23.4045 1690.72 12.6164
300 40 1.021 23.1455 1687.51 12.4912
300 40 1.031 23.5321 1689.21 12.8337
300 40 1.041 22.7925 1683.78 12.5342
300 40 1.051 22.7367 1684.98 12.751
300 40 1.061 22.4161 1680.06 12.6832
300 40 1.071 22.3434 1682.74 13.8871
300 40 1.081 22.6115 1685.19 14.0902
300 40 1.091 22.212 1681.6 13.8748
300 40 1.101 22.3312 1682.37 13.8756
300 40 1.111 22.1318 1679.48 13.9064
300 40 1.121 21.9202 1678.39 13.5111
300 40 1.131 22.0498 1683.41 13.3869
300 40 1.141 21.7882 1679.72 13.2368
300 40 1.151 21.8079 1679.23 13.9752
300 40 1.161 21.7136 1679.64 13.9299
300 40 1.171 21.5983 1679.49 14.5697
300 40 1.181 21.423 1678 14.4234
300 40 1.191 21.4967 1678.88 14.3201
300 40 1.201 21.3494 1679.72 14.2953
300 40 1.211 21.4756 1681.43 14.323
300 40 1.221 21.2926 1681.27 14.1927
300 40 1.231 21.1426 1680.9 14.5699
300 40 1.241 21.0333 1679.03 13.6258
300 40 1.251 21.1567 1680.47 13.6792
300 40 1.261 20.9615 1681.98 13.629
300 40 1.271 20.9039 1680.81 14.499
300 40 1.281 20.7308 1678.07 14.5772
300 40 1.291 20.7933 1680.76 14.6469
300 40 1.301 20.6405 1680.73 14.253
300 40 1.311 20.483 1679.65 14.2549
300 40 1.321 20.6994 1682.44 14.8918
300 40 1.331 20.7147 1683.39 15.028
300 40 1.341 20.5948 1681.05 15.1044
300 40 1.351 20.3157 1680.1 14.774
300 40 1.361 20.4853 1683.65 14.2343
300 40 1.371 20.0777 1680.22 14.2384
300 40 1.381 20.3932 1683.72 14.8847
300 40 1.391 20.3641 1683.81 15.4141
300 40 1.401 20.3659 1685.22 15.4503
300 40 1.411 20.3871 1686.79 15.3033
300 40 1.421 20.085 1684.49 15.2179
300 40 1.431 20.0185 1681.74 15.4191
300 40 1.441 20.1068 1684.23 15.7794
300 40 1.451 20.1265 1685.73 15.6424
300 40 1.461 20.301 1688.38 15.8019
300 40 1.471 20.0018 1684.62 15.6942
300 40 1.481 20.0087 1685.56 15.7456
300 40 1.491 20.0654 1688.03 15.5668
300 40 1.501 19.977 1686.73 15.6583
300 40 1.511 19.7332 1685.7 15.8469
300 40 1.521 19.9439 1687.37 15.996
300 40 1.531 20.0266 1689.86 16.2734
300 40 1.541 19.863 1686.04 16.3217
300 40 1.551 19.6877 1687.29 15.1616
300 40 1.561 19.8529 1688.22 15.1742
300 40 1.571 19.8417 1690.13 15.2756
300 40 1.581 20.0405 1691.32 16.4309
300 40 1.591 20.0016 1693.78 15.989
300 40 1.601 19.8532 1693.19 15.8907
300 40 1.611 19.9761 1696.36 16.3544
300 40 1.621 19.6026 1693.5 16.1932
300 40 1.631 19.8463 1697.21 16.4594
300 40 1.641 19.6668 1699.7 16.1533
300 40 1.651 19.8405 1701.16 16.1767
300 40 1.661 19.8561 1702.86 16.363
300 40 1.671 19.3026 1700.59 17.2518
300 40 1.681 19.4904 1701.83 17.104
300 40 1.691 19.4651 1702.79 17.1505
300 40 1.701 19.3798 1704.25 16.9197
300 40 1.711 19.4614 1706.89 17.1747
300 40 1.721 19.3602 1707.94 17.2758
300 40 1.731 19.4629 1709.42 17.135
300 40 1.741 19.3421 1710.02 16.2843
300 40 1.751 19.3265 1712.14 16.8822
300 40 1.761 19.1724 1710.21 17.0887
300 40 1.771 19.1518 1711.94 17.2007
300 40 1.781 19.2727 1714.5 17.3129
300 40 1.791 19.3393 1716.21 16.6459
300 40 1.801 19.2006 1716.06 17.4549
300 40 1.811 19.3293 1718.5 18.0699
300 40 1.821 19.2571 1718.4 18.1781
300 40 1.831 19.2802 1719.94 18.0966
300 40 1.841 19.4173 1722.1 17.8298
300 40 1.851 19.2684 1721.91 17.9891
300 40 1.861 19.465 1724.81 18.4844
300 40 1.871 19.3113 1723.66 18.5699
300 40 1.881 19.3574 1725.35 18.4933
300 40 1.891 19.4563 1726.86 18.6967
300 40 1.901 19.5754 1728.98 18.743
300 40 1.911 19.5022 1728.87 18.0545
300 40 1.921 19.6102 1730.58 18.062
300 40 1.931 19.46 1728.72 18.1509
300 40 1.941 19.5699 1730.64 18.5035
300 40 1.951 19.6346 1731.53 18.3255
300 40 1.961 19.6392 1732.45 18.3208
300 40 1.971 19.7634 1732.83 18.2768
300 40 1.981 19.7027 1733.12 18.1214
300 40 1.991 19.8579 1735.97 18.1981
400 10 0.001 952.279 12024.9 3.2869
400 10 0.011 1002.03 12599 3.6969
400 10 0.021 954.888 12059.1 4.0956
400 10 0.031 963.178 12155.7 4.3066
400 10 0.041 934.259 11823.5 4.7194
400 10 0.051 882.752 11232.6 4.5385
400 10 0.061 898.741 11418.9 5.0049
400 10 0.071 838.348 10727.1 5.2139
400 10 0.081 839.208 10737.9 5.2552
400 10 0.091 814.89 10456.8 5.5339
400 10 0.101 787.402 10148 5.7686
400 10 0.111 782.481 10090.5 6.1193
400 10 0.121 744.258 9651.86 6.2778
400 10 0.131 759.989 9839.02 6.6789
400 10 0.141 747.787 9700.44 7.877
400 10 0.151 741.958 9633.63 8.5869
400 10 0.161 721.501 9399.21 8.7518
400 10 0.171 691.145 9056.99 9.0979
400 10 0.181 666.946 8780.86 9.2623
400 10 0.191 655.435 8643.59 9.3232
400 10 0.201 627.852 8334.49 9.6197
400 10 0.211 622.695 8277.83 10.1442
400 10 0.221 590.762 7915.97 10.3471
400 10 0.231 573.764 7718.4 10.5964
400 10 0.241 552.89 7480.2 10.9311
400 10 0.251 546.787 7413.6 11.3581
400 10 0.261 547.57 7427.84 11.2871
400 10 0.271 509.037 6986 11.46
400 10 0.281 511.325 7017.18 11.4111
400 10 0.291 495.159 6832.56 11.7394
400 10 0.301 475.62 6608.94 11.9225
400 10 0.311 458.149 6407.88 12.3628
400 10 0.321 449.091 6311.27 12.6925
400 10 0.331 449.887 6324.48 12.0112
400 10 0.341 427.057 6061.71 12.0874
400 10 0.351 417.231 5948.82 12.5489
400 10 0.361 391.348 5659.57 12.9939
400 10 0.371 392.262 5671.6 13.5886
400 10 0.381 372.58 5443.73 13.9486
400 10 0.391 362.774 5339.97 14.6603
400 10 0.401 355.887 5259.94 15.3321
400 10 0.411 341.793 5103.36 15.5866
400 10 0.421 315.889 4812.45 16.294
400 10 0.431 316.118 4816.26 16.839
400 10 0.441 321.428 4878.02 17.1246
400 10 0.451 298.023 4610.48 17.1853
400 10 0.461 278.109 4381.48 17.4421
400 10 0.471 285.378 4474.44 18.0645
400 10 0.481 271.022 4309.66 16.9862
400 10 0.491 260.975 4197.36 17.9964
400 10 0.501 252.181 4097.81 18.5263
400 10 0.511 243.321 4005.02 18.9288
400 10 0.521 237.744 3941.14 19.0181
400 10 0.531 233.746 3894.91 18.1696
400 10 0.541 225.634 3802.76 19.5965
400 10 0.551 205.025 3572.4 18.1707
400 10 0.561 209.74 3627.95 19.0145
400 10 0.571 198.199 3494.85 20.2039
400 10 0.581 187.376 3376.67 20.4604
400 10 0.591 181.831 3314.74 20.6018
400 10 0.601 177.775 3270.64 21.2265
400 10 0.611 165.265 3127.34 21.0709
400 10 0.621 168.456 3173.8 21.7443
400 10 0.631 166.282 3142.89 21.5561
400 10 0.641 156.823 3045.61 22.5343
400 10 0.651 142.556 2879.87 22.2688
400 10 0.661 143.865 2894.12 22.5712
400 10 0.671 138.286 2834.75 22.646
400 10 0.681 134.924 2795.41 22.827
400 10 0.691 129.607 2740.41 23.5649
400 10 0.701 124.747 2685.01 23.6808
400 10 0.711 120.909 2647.7 24.0987
400 10 0.721 116.653 2593.03 23.8854
400 10 0.731 115.689 2589.83 24.1626
400 10 0.741 110.447 2531.18 23.5173
400 10 0.751 102.933 2448.58 23.7345
400 10 0.761 100.982 2427.64 23.5337
400 10 0.771 101.733 2441.37 24.3627
400 10 0.781 96.0834 2374.36 24.1655
400 10 0.791 91.1184 2319.11 23.8934
400 10 0.801 90.5525 2317.27 24.4273
400 10 0.811 88.8193 2295.96 24.7696
400 10 0.821 84.1003 2244.87 24.6852
400 10 0.831 81.3387 2211.37 24.9168
400 10 0.841 80.1755 2200.51 25.292
400 10 0.851 76.9396 2165.31 25.09
400 10 0.861 74.4795 2140.75 25.5678
400 10 0.871 75.5001 2151.45 26.0344
400 10 0.881 71.5857 2113.66 26.4329
400 10 0.891 71.1448 2106.18 27.6077
400 10 0.901 70.6757 2106.06 27.4192
400 10 0.911 67.4609 2075.12 27.164
400 10 0.921 66.9478 2067.84 27.4094
400 10 0.931 64.6196 2042.49 27.6264
400 10 0.941 64.8905 2043.75 28.0574
400 10 0.951 60.4184 1994.98 27.705
400 10 0.961 61.5416 2013.74 28.5017
400 10 0.971 58.1463 1966.75 27.9961
400 10 0.981 58.2578 1975.37 28.7965
400 10 0.991 55.8446 1951.56 29.214
400 10 1.001 53.6767 1923.41 28.6609
400 10 1.011 53.2176 1924.41 29.3193
400 10 1.021 51.5132 1903.98 30.1788
400 10 1.031 52.2537 1916.74 30.7484
400 10 1.041 50.4308 1895.23 30.1155
400 10 1.051 48.9043 1879.44 30.5939
400 10 1.061 48.3711 1871.72 30.8021
400 10 1.071 48.4901 1873.09 30.5372
400 10 1.081 47.2214 1859.87 30.5246
400 10 1.091 47.3954 1860.07 30.7344
400 10 1.101 46.7972 1857.6 30.9657
400 10 1.111 46.9154 1862.7 31.8881
400 10 1.121 45.6886 1849.11 32.1144
400 10 1.131 43.9524 1829.07 31.0641
400 10 1.141 44.8648 1837.32 32.2805
400 10 1.151 44.4414 1837.83 32.4524
400 10 1.161 44.4605 1840.73 32.4054
400 10 1.171 44.0259 1837.17 32.7589
400 10 1.181 43.4572 1828.86 32.6216
400 10 1.191 43.1588 1829.55 32.8145
400 10 1.201 42.8164 1829.66 32.8968
400 10 1.211 42.6396 1826.51 33.0302
400 10 1.221 42.8119 1832.07 33.5426
400 10 1.231 42.4834 1828.36 33.3614
400 10 1.241 42.8982 1836.45 33.5864
400 10 1.251 42.1698 1827.97 33.5458
400 10 1.261 41.3811 1820.77 33.3971
400 10 1.271 41.433 1824.87 33.8313
400 10 1.281 41.7104 1826.44 33.4192
400 10 1.291 41.4092 1826.47 33.4144
400 10 1.301 40.7543 1818.3 33.8863
400 10 1.311 40.5887 1819.38 34.2559
400 10 1.321 41.0099 1823.92 34.7016
400 10 1.331 40.7818 1822.15 34.5856
400 10 1.341 40.8938 1824.56 34.9642
400 10 1.351 40.5285 1825.95 34.7952
400 10 1.361 39.6915 1816.75 34.5389
400 10 1.371 40.0736 1820.31 34.8741
400 10 1.381 40.347 1829.78 34.9114
400 10 1.391 39.9667 1825.52 34.7747
400 10 1.401 40.5273 1833.13 35.2474
400 10 1.411 39.5326 1822.66 35.3211
400 10 1.421 40.5578 1839.87 35.6081
400 10 1.431 40.1042 1831.44 34.7269
400 10 1.441 39.9363 1832.89 35.2582
400 10 1.451 39.4395 1826.04 34.5512
400 10 1.461 39.2806 1828.39 34.8753
400 10 1.471 40.1586 1840.98 35.3932
400 10 1.481 39.3837 1832.64 36.7496
400 10 1.491 39.1593 1831.6 36.3564
400 10 1.501 39.4945 1837.71 36.5709
400 10 1.511 39.8019 1843.33 37.1673
400 10 1.521 39.5727 1842.99 37.035
400 10 1.531 39.0946 1837.27 36.9878
400 10 1.541 39.7319 1850.56 37.0143
400 10 1.551 39.7191 1850.6 36.9323
400 10 1.561 39.9115 1855.15 37.0865
400 10 1.571 39.6312 1850.85 37.4441
400 10 1.581 39.8712 1858.85 38.1989
400 10 1.591 39.7499 1857.14 37.7896
400 10 1.601 39.8551 1860.6 38.3096
400 10 1.611 39.3168 1854.41 38.2298
400 10 1.621 40.0114 1869.39 38.4096
400 10 1.631 40.0472 1868.99 38.6255
400 10 1.641 40.083 1873.59 38.9912
400 10 1.651 40.2176 1879.45 39.2459
400 10 1.661 40.3652 1881.31 39.4917
400 10 1.671 39.8207 1877.71 38.7774
400 10 1.681 40.0952 1882.36 39.3675
400 10 1.691 39.8733 1881.17 38.8907
400 10 1.701 40.1897 1889.07 39.3127
400 10 1.711 40.4122 1892.63 38.4941
400 10 1.721 40.8756 1902.71 38.5881
400 10 1.731 40.9227 1906.81 38.6697
400 10 1.741 40.6654 1904.17 38.7285
400 10 1.751 41.0509 1913.98 39.0209
400 10 1.761 40.7683 1914.04 38.934
400 10 1.771 41.1449 1920.88 39.4565
400 10 1.781 41.0218 1920.69 39.16
400 10 1.791 41.2091 1928.31 39.5324
400 10 1.801 41.2363 1927.53 39.5283
400 10 1.811 41.3095 1930.75 39.4624
400 10 1.821 41.7612 1943.64 40.0274
400 10 1.831 41.679 1943.84 39.9287
400 10 1.841 41.5148 1943.47 40.0107
400 10 1.851 41.9086 1950.36 40.3347
400 10 1.861 42.179 1957.17 40.4029
400 10 1.871 42.4937 1965.61 40.7375
400 10 1.881 42.5534 1969.46 40.8343
400 10 1.891 43.1137 1979.76 41.2445
400 10 1.901 42.8751 1979.87 41.1652
400 10 1.911 42.9128 1980.56 41.2988
400 10 1.921 43.5351 1994.44 41.807
400 10 1.931 43.3466 1991.74 41.6733
400 10 1.941 43.7248 1998.27 41.8536
400 10 1.951 44.0457 2009.21 42.2053
400 10 1.961 44.1599 2013.73 42.2816
400 10 1.971 44.4325 2020.37 42.5776
400 10 1.981 44.7995 2027.43 43.5485
400 10 1.991 44.7498 2028.09 44.0914
400 20 0.001 238.986 3557.3 3.8497
400 20 0.011 245.265 3623.77 4.3829
400 20 0.021 241.121 3584.76 4.4905
400 20 0.031 242.34 3600.5 4.6718
400 20 0.041 241.413 3594.21 4.8448
400 20 0.051 233.668 3519.56 5.2156
400 20 0.061 233.844 3527.81 5.427
400 20 0.071 225.983 3450.46 6.8417
400 20 0.081 238.535 3582.21 7.7758
400 20 0.091 234.142 3541.95 7.9634
400 20 0.101 235.549 3556.19 8.5344
400 20 0.111 223.927 3444.76 8.5081
400 20 0.121 219.934 3407.17 8.0347
400 20 0.131 215.758 3366.27 8.3367
400 20 0.141 217.317 3386.85 8.712
400 20 0.151 206.515 3280.71 9.2854
400 20 0.161 201.782 3238.1 9.8563
400 20 0.171 213.933 3360.57 10.3847
400 20 0.181 203.538 3259.36 10.7058
400 20 0.191 198.921 3218.66 10.6721
400 20 0.201 182.633 3056.19 10.1943
400 20 0.211 180.703 3039.81 10.3405
400 20 0.221 192.368 3159.77 11.0127
400 20 0.231 186.007 3099.42 10.8116
400 20 0.241 176.707 3006.15 9.9997
400 20 0.251 172.579 2971.7 10.1453
400 20 0.261 162.069 2864.17 10.9405
400 20 0.271 164.192 2889.27 11.4646
400 20 0.281 153.69 2785.85 11.4094
400 20 0.291 150.729 2757.76 11.6048
400 20 0.301 154.241 2794.67 11.8478
400 20 0.311 148.56 2737.26 11.9136
400 20 0.321 141.413 2670.07 12.2158
400 20 0.331 141.078 2671.58 12.315
400 20 0.341 134.74 2610.18 12.2456
400 20 0.351 135.021 2614.92 12.7563
400 20 0.361 124.32 2505.25 12.4602
400 20 0.371 124.279 2511.99 12.8537
400 20 0.381 123.153 2500.88 13.0881
400 20 0.391 116.007 2431.29 12.9401
400 20 0.401 115.443 2423.5 13.278
400 20 0.411 106.809 2340.17 13.3353
400 20 0.421 103.909 2312.91 13.3882
400 20 0.431 101.574 2289.83 13.5007
400 20 0.441 102.549 2303.99 13.6785
400 20 0.451 99.0136 2270.68 14.5231
400 20 0.461 97.9886 2262.77 14.4847
400 20 0.471 91.8816 2200 14.2006
400 20 0.481 89.6434 2180.79 14.2656
400 20 0.491 88.5648 2171.27 14.9244
400 20 0.501 86.2704 2148.22 14.9042
400 20 0.511 83.9104 2127.1 14.7511
400 20 0.521 80.7572 2099.12 14.5952
400 20 0.531 76.9299 2058.84 14.7499
400 20 0.541 77.8993 2072.47 15.1668
400 20 0.551 74.731 2039.93 15.4449
400 20 0.561 71.2514 2008.31 15.2713
400 20 0.571 70.6303 2000.81 15.2023
400 20 0.581 69.7288 1994.62 14.8199
400 20 0.591 65.7312 1955.38 14.9856
400 20 0.601 64.2143 1940.69 14.7026
400 20 0.611 63.9049 1939.91 14.8918
400 20 0.621 61.737 1918.91 14.8349
400 20 0.631 59.5635 1898.54 14.9787
400 20 0.641 58.6345 1894.32 14.9442
400 20 0.651 56.7215 1873.42 14.9309
400 20 0.661 56.5076 1874.65 15.2516
400 20 0.671 55.9321 1865.75 15.353
400 20 0.681 55.0729 1860.71 15.5212
400 20 0.691 51.3594 1818.65 15.1625
400 20 0.701 51.4311 1829.85 15.632
400 20 0.711 50.7387 1819.17 15.5828
400 20 0.721 50.1628 1815.44 15.7461
400 20 0.731 47.9204 1791.57 16.275
400 20 0.741 47.6031 1794.21 16.5014
400 20 0.751 46.9288 1784.83 16.4289
400 20 0.761 44.8668 1765.68 16.4164
400 20 0.771 43.7579 1753.16 16.5416
400 20 0.781 43.9971 1756.23 16.7889
400 20 0.791 42.5761 1742.57 16.5219
400 20 0.801 42.9528 1750.04 16.9108
400 20 0.811 42.5774 1747.12 17.2236
400 20 0.821 41.4371 1734.36 16.9651
400 20 0.831 40.3891 1722.71 16.9264
400 20 0.841 39.9312 1720.75 17.1491
400 20 0.851 40.5099 1729.35 17.5776
400 20 0.861 38.352 1707.68 17.223
400 20 0.871 37.7237 1700.36 17.247
400 20 0.881 38.0815 1705.97 17.3739
400 20 0.891 37.4855 1697.63 17.2324
400 20 0.901 37.4554 1701.15 17.5784
400 20 0.911 37.4813 1702.47 18.0242
400 20 0.921 36.0651 1689.59 17.5545
400 20 0.931 36.019 1688.24 16.7344
400 20 0.941 35.8512 1688.12 18.1338
400 20 0.951 34.8292 1676.59 18.1877
400 20 0.961 34.7372 1675.26 17.5597
400 20 0.971 34.0211 1671.96 17.4971
400 20 0.981 34.2626 1674.63 18.7019
400 20 0.991 33.697 1668.37 18.7019
400 20 1.001 33.5089 1669.84 18.2408
400 20 1.011 32.6507 1656.27 18.5621
400 20 1.021 32.3874 1650.51 18.8068
400 20 1.031 32.5148 1656.59 19.2993
400 20 1.041 32.0831 1653.08 19.3121
400 20 1.051 31.4815 1645.29 18.8385
400 20 1.061 32.0236 1656.86 19.6292
400 20 1.071 31.3031 1646.74 19.5987
400 20 1.081 31.2799 1649.31 19.4992
400 20 1.091 31.085 1646.62 19.6904
400 20 1.101 30.8965 1643.79 19.722
400 20 1.111 30.88 1645.38 20.3626
400 20 1.121 30.6392 1643.54 20.2546
400 20 1.131 30.4057 1641.95 20.1166
400 20 1.141 30.193 1638.71 20.0609
400 20 1.151 30.9272 1650.57 20.4699
400 20 1.161 30.3137 1644.36 20.3637
400 20 1.171 30.6124 1649.02 20.6577
400 20 1.181 30.2604 1647.94 20.6261
400 20 1.191 29.8321 1644.62 20.5437
400 20 1.201 29.8864 1645.87 20.4215
400 20 1.211 29.7108 1643.31 20.6645
400 20 1.221 29.8451 1646.83 20.9451
400 20 1.231 30.0828 1646.98 21.2776
400 20 1.241 29.5503 1646.5 21.3414
400 20 1.251 29.3846 1648.37 20.8273
400 20 1.261 29.5716 1651.34 20.0469
400 20 1.271 29.8531 1656.43 20.4527
400 20 1.281 29.5591 1654.64 20.3983
400 20 1.291 29.6513 1656.95 20.662
400 20 1.301 29.6458 1658.1 21.6888
400 20 1.311 29.3171 1656.93 21.2445
400 20 1.321 29.7539 1661.42 21.0112
400 20 1.331 29.7719 1662.53 21.0198
400 20 1.341 29.2921 1658.56 20.8875
400 20 1.351 29.2662 1657.23 20.998
400 20 1.361 29.5025 1662.92 21.3477
400 20 1.371 29.253 1662.62 21.2193
400 20 1.381 29.1967 1661.24 21.2891
400 20 1.391 29.2446 1659.7 21.3692
400 20 1.401 29.3918 1667.92 21.6897
400 20 1.411 29.5097 1670.18 21.7731
400 20 1.421 29.2585 1668.18 21.7818
400 20 1.431 29.3836 1674.41 21.8949
400 20 1.441 29.68 1678.5 22.2614
400 20 1.451 29.4486 1676.33 22.2249
400 20 1.461 29.2964 1671.82 22.1785
400 20 1.471 29.7349 1679.36 22.441
400 20 1.481 29.3245 1677.04 22.2283
400 20 1.491 29.4811 1680.7 22.3678
400 20 1.501 29.2587 1676.33 22.4053
400 20 1.511 29.4911 1681.11 22.6546
400 20 1.521 29.2739 1681.44 22.5506
400 20 1.531 29.4738 1683.81 22.8015
400 20 1.541 29.6508 1687.28 22.9381
400 20 1.551 29.3562 1682.87 22.9234
400 20 1.561 29.6296 1688.23 24.2085
400 20 1.571 29.6497 1691.51 23.6752
400 20 1.581 29.7167 1694.04 24.1092
400 20 1.591 29.6616 1694.02 24.2042
400 20 1.601 29.7514 1698.26 24.342
400 20 1.611 29.5583 1696.41 24.2205
400 20 1.621 30.0626 1706.55 24.6543
400 20 1.631 29.7874 1705.8 24.6351
400 20 1.641 29.7998 1706.68 25.41
400 20 1.651 30.1903 1715.9 26.0373
400 20 1.661 29.792 1712.16 25.5274
400 20 1.671 29.8946 1717.25 25.4221
400 20 1.681 30.4713 1724.91 25.6276
400 20 1.691 30.3318 1726.22 25.7599
400 20 1.701 30.7269 1735.3 25.8036
400 20 1.711 30.6836 1736.49 25.7639
400 20 1.721 30.8367 1740.41 26.0888
400 20 1.731 30.9993 1747.53 26.2726
400 20 1.741 30.8515 1745.04 26.6463
400 20 1.751 31.1136 1752.56 27.1829
400 20 1.761 31.0576 1754.94 25.5851
400 20 1.771 31.3349 1758.34 25.5316
400 20 1.781 31.3068 1762.37 27.3754
400 20 1.791 31.7956 1769.13 27.7435
400 20 1.801 31.5677 1768.62 26.8364
400 20 1.811 31.9044 1776.33 25.9742
400 20 1.821 31.7835 1774.43 25.8826
400 20 1.831 31.9416 1782.05 26.1058
400 20 1.841 32.2686 1787 26.3955
400 20 1.851 32.4365 1789.69 26.6737
400 20 1.861 32.5368 1794.45 27.0892
400 20 1.871 32.6435 1799.53 28.7748
400 20 1.881 32.8009 1801.08 28.6524
400 20 1.891 32.9783 1807.33 27.6733
400 20 1.901 33.2612 1811.88 29.4453
400 20 1.911 33.3528 1813.52 29.5149
400 20 1.921 33.553 1818.15 27.91
400 20 1.931 33.7286 1822.68 28.0154
400 20 1.941 33.8369 1824.72 28.075
400 20 1.951 34.0679 1830.7 28.2831
400 20 1.961 34.2777 1834.14 29.8308
400 20 1.971 34.5456 1840.51 30.1387
400 20 1.981 34.5996 1840.43 30.2754
400 20 1.991 34.8446 1845.96 30.1154
400 30 0.001 131.479 2652.05 6.7321
400 30 0.011 140.424 2742.46 7.6397
400 30 0.021 141.402 2755.79 7.8856
400 30 0.031 146.97 2814.03 8.2463
400 30 0.041 154.326 2887.83 8.6783
400 30 0.051 157.456 2922.24 8.7218
400 30 0.061 159.675 2951.23 8.3279
400 30 0.071 171.875 3074.86 8.6304
400 30 0.081 162.823 2989.91 9.4337
400 30 0.091 180.505 3166.06 9.425
400 30 0.101 179.056 3154.24 9.295
400 30 0.111 171.484 3084.87 9.19
400 30 0.121 168.595 3062.67 9.3652
400 30 0.131 174.171 3117.4 9.6663
400 30 0.141 169.574 3077.7 10.0542
400 30 0.151 163.451 3021.83 10.301
400 30 0.161 169.989 3089.32 10.4205
400 30 0.171 162.119 3012.77 10.8648
400 30 0.181 164.83 3048.08 10.8593
400 30 0.191 159.675 2997.33 10.9971
400 30 0.201 155.022 2956.51 10.9503
400 30 0.211 158.802 2998.22 11.1684
400 30 0.221 148.885 2903.73 11.2051
400 30 0.231 141.97 2839.63 11.2675
400 30 0.241 133.527 2760.2 11.5218
400 30 0.251 135.521 2784.02 11.2045
400 30 0.261 129.043 2723.03 10.9577
400 30 0.271 129.762 2730.71 11.106
400 30 0.281 118.101 2622.12 10.7592
400 30 0.291 118.395 2624.68 11.4594
400 30 0.301 113.298 2582.28 11.7015
400 30 0.311 111.119 2560.52 11.5628
400 30 0.321 104.706 2498.34 11.7975
400 30 0.331 102.451 2480.75 12.0057
400 30 0.341 102.652 2484.64 12.0831
400 30 0.351 99.3669 2454.56 12.218
400 30 0.361 94.5599 2409.48 12.0686
400 30 0.371 89.6766 2366.04 12.0674
400 30 0.381 90.2494 2371.71 11.4303
400 30 0.391 85.8121 2331.53 12.5591
400 30 0.401 83.2687 2305.77 12.856
400 30 0.411 80.8354 2287.07 13.0439
400 30 0.421 78.9468 2270.87 13.1586
400 30 0.431 75.1624 2236.75 12.9351
400 30 0.441 74.82 2230.72 12.934
400 30 0.451 70.0993 2191.5 12.8792
400 30 0.461 70.7509 2199.35 12.8565
400 30 0.471 69.4111 2185.52 12.8493
400 30 0.481 63.6722 2128.93 12.2775
400 30 0.491 64.0137 2136.76 12.2192
400 30 0.501 61.4189 2110.77 12.2697
400 30 0.511 60.5835 2102.01 12.8536
400 30 0.521 57.9198 2080.16 12.8226
400 30 0.531 57.3637 2077.75 13.078
400 30 0.541 54.9112 2054.42 12.7852
400 30 0.551 54.2374 2050.47 13.0579
400 30 0.561 52.667 2033.24 13.117
400 30 0.571 51.0865 2017.27 13.3449
400 30 0.581 50.5058 2018.16 13.5721
400 30 0.591 49.0114 2001.7 13.5157
400 30 0.601 48.9371 2001.44 12.7634
400 30 0.611 46.4951 1975.69 12.0576
400 30 0.621 45.9544 1974.74 13.2162
400 30 0.631 45.4107 1969.14 12.8502
400 30 0.641 44.6814 1959.1 13.1708
400 30 0.651 44.344 1964.15 13.3968
400 30 0.661 44.2389 1965.51 12.6915
400 30 0.671 42.5801 1948.64 12.2979
400 30 0.681 41.7597 1939.58 12.5355
400 30 0.691 42.0838 1945.69 14.8111
400 30 0.701 40.1508 1926.09 14.6024
400 30 0.711 39.9204 1923.1 14.5561
400 30 0.721 39.908 1924.74 13.7653
400 30 0.731 39.9455 1924.47 13.9636
400 30 0.741 38.471 1914.54 13.971
400 30 0.751 36.7117 1897.14 13.3191
400 30 0.761 37.09 1900.24 13.9674
400 30 0.771 36.9918 1896.06 13.9763
400 30 0.781 36.2777 1895.26 13.9433
400 30 0.791 35.2372 1885.83 14.0402
400 30 0.801 35.9645 1895.16 14.3829
400 30 0.811 34.7312 1879.4 14.2503
400 30 0.821 34.5219 1881.21 14.4851
400 30 0.831 34.4566 1880.34 14.4939
400 30 0.841 34.4388 1880.83 14.498
400 30 0.851 33.2066 1871.75 15.3683
400 30 0.861 33.5767 1874.27 15.7946
400 30 0.871 32.6581 1863.3 16.2931
400 30 0.881 33.3106 1869.46 16.2807
400 30 0.891 31.8148 1856.01 15.9621
400 30 0.901 31.597 1853.4 15.9801
400 30 0.911 31.9791 1859.69 16.2107
400 30 0.921 31.4889 1855.75 16.3432
400 30 0.931 30.6686 1846.3 15.6064
400 30 0.941 30.9169 1850 14.8832
400 30 0.951 30.4643 1848.71 14.9269
400 30 0.961 30.3748 1843.34 14.6727
400 30 0.971 30.2449 1846.15 14.9791
400 30 0.981 29.5192 1836.19 14.8063
400 30 0.991 29.6889 1837.63 14.955
400 30 1.001 29.6272 1839.33 14.7613
400 30 1.011 29.3424 1837.01 14.6844
400 30 1.021 28.6769 1830.04 14.6873
400 30 1.031 28.7227 1830.44 14.7382
400 30 1.041 28.811 1832.76 14.8822
400 30 1.051 28.2802 1824.99 15.0143
400 30 1.061 28.5303 1830.28 15.1226
400 30 1.071 28.1744 1827.12 15.6812
400 30 1.081 27.6346 1820.5 15.1578
400 30 1.091 27.5999 1822.41 15.0947
400 30 1.101 27.1934 1817.1 14.9969
400 30 1.111 27.515 1824.4 15.1546
400 30 1.121 27.2376 1824.84 15.4491
400 30 1.131 27.515 1821.39 15.4371
400 30 1.141 27.4551 1823.05 15.5303
400 30 1.151 27.0222 1822 15.5254
400 30 1.161 26.934 1822.07 15.5612
400 30 1.171 27.0013 1823.85 15.5757
400 30 1.181 26.9913 1822.35 15.5841
400 30 1.191 26.6922 1821.82 16.9742
400 30 1.201 26.7564 1821.58 16.9963
400 30 1.211 27.0767 1829.2 17.2076
400 30 1.221 26.5371 1823.28 16.6713
400 30 1.231 26.5505 1825 16.4475
400 30 1.241 26.7477 1828.59 16.6019
400 30 1.251 26.3983 1823.77 16.5772
400 30 1.261 26.5148 1825.72 16.7755
400 30 1.271 25.7061 1821.67 16.7642
400 30 1.281 26.4162 1830.59 16.7619
400 30 1.291 26.3768 1826.88 17.0043
400 30 1.301 26.1575 1828.1 17.0207
400 30 1.311 26.0471 1826.83 16.9751
400 30 1.321 26.0009 1829.17 17.0834
400 30 1.331 26.1925 1833.2 17.3327
400 30 1.341 25.9166 1828.11 17.2277
400 30 1.351 26.0244 1832.95 17.3527
400 30 1.361 26.0605 1834.84 17.5266
400 30 1.371 25.7471 1834.23 17.5666
400 30 1.381 25.6771 1833.32 17.4496
400 30 1.391 25.832 1834.26 17.7569
400 30 1.401 25.9019 1837.05 18.3756
400 30 1.411 25.9287 1838.1 18.4961
400 30 1.421 25.5197 1834.4 18.3709
400 30 1.431 26.1958 1842.38 18.7175
400 30 1.441 25.6323 1837.27 18.4396
400 30 1.451 25.7677 1841.61 18.4345
400 30 1.461 25.9106 1842.67 18.3592
400 30 1.471 25.811 1841.53 18.5977
400 30 1.481 25.8401 1842.37 18.7244
400 30 1.491 25.8281 1844.66 18.8436
400 30 1.501 25.6971 1846.14 18.424
400 30 1.511 25.9411 1846.69 18.568
400 30 1.521 25.7897 1845.25 18.4199
400 30 1.531 25.8509 1848.18 18.61
400 30 1.541 25.7722 1846.32 18.5738
400 30 1.551 25.7377 1849.62 18.7199
400 30 1.561 25.7782 1850.69 18.7483
400 30 1.571 25.9413 1851.33 18.9719
400 30 1.581 25.682 1850.15 18.832
400 30 1.591 25.8852 1853.52 19.1301
400 30 1.601 25.8269 1855.57 19.0764
400 30 1.611 26.0455 1860.39 19.1203
400 30 1.621 25.8285 1863.8 19.344
400 30 1.631 26.0788 1864.78 19.3381
400 30 1.641 26.1035 1869.13 19.4061
400 30 1.651 26.0139 1873.82 19.6427
400 30 1.661 26.0094 1873.34 19.8258
400 30 1.671 26.056 1877.28 19.7622
400 30 1.681 26.0737 1879.21 19.8521
400 30 1.691 26.3884 1882.63 20.184
400 30 1.701 26.4591 1888.15 20.2495
400 30 1.711 26.3846 1887.44 21.6023
400 30 1.721 26.2288 1887.24 22.0074
400 30 1.731 26.3736 1891.58 21.8835
400 30 1.741 26.2034 1892.36 22.0869
400 30 1.751 26.3535 1896.74 22.129
400 30 1.761 26.4947 1899.29 22.161
400 30 1.771 26.635 1901.72 22.3351
400 30 1.781 26.4858 1902.92 22.2887
400 30 1.791 26.7435 1906.51 22.6326
400 30 1.801 26.6485 1905.61 22.794
400 30 1.811 27.082 1913.19 22.7056
400 30 1.821 26.9599 1915.59 22.6145
400 30 1.831 26.9676 1916.05 22.8275
400 30 1.841 27.3787 1921.57 23.1566
400 30 1.851 27.38 1925.33 23.056
400 30 1.861 27.4151 1924.05 23.2901
400 30 1.871 27.2789 1925.92 22.8632
400 30 1.881 27.5235 1928.4 21.8518
400 30 1.891 27.6024 1930.67 21.7335
400 30 1.901 27.6427 1932.47 21.7494
400 30 1.911 27.7995 1934.23 21.9357
400 30 1.921 27.839 1936.66 22.0296
400 30 1.931 28.0496 1938.96 22.0229
400 30 1.941 28.1573 1941.83 22.1428
400 30 1.951 28.228 1942.53 22.4287
400 30 1.961 28.2922 1944.6 22.3616
400 30 1.971 28.5386 1946.95 22.8211
400 30 1.981 28.5401 1949.64 22.759
400 30 1.991 28.8393 1951.59 22.7513
400 40 0.001 142.309 2738.29 7.3941
400 40 0.011 152.053 2835.6 7.6028
400 40 0.021 157.228 2890.38 7.7636
400 40 0.031 159.455 2916.29 8.4454
400 40 0.041 165.685 2977.46 8.5053
400 40 0.051 175.802 3081.79 8.2842
400 40 0.061 174.842 3076.19 8.8865
400 40 0.071 178.475 3114.47 8.8869
400 40 0.081 191.5 3245.7 8.9148
400 40 0.091 186.833 3205.05 9.3351
400 40 0.101 188.811 3223.4 9.9121
400 40 0.111 177.673 3126.35 9.6294
400 40 0.121 187.885 3222.58 9.8621
400 40 0.131 182.568 3174.6 9.6586
400 40 0.141 183.482 3192.36 10.0399
400 40 0.151 183.34 3189.21 10.0641
400 40 0.161 168.278 3048.59 10.3435
400 40 0.171 165.217 3023.04 10.7432
400 40 0.181 170.792 3081.55 10.8445
400 40 0.191 163.052 3011.6 11.0553
400 40 0.201 155.624 2936.09 11.1434
400 40 0.211 152.514 2910.5 11.5533
400 40 0.221 154.014 2926.7 11.9414
400 40 0.231 146.75 2862.33 11.9597
400 40 0.241 143.892 2836.46 11.9692
400 40 0.251 141.11 2810.63 12.3222
400 40 0.261 141.514 2818.49 12.1809
400 40 0.271 128.739 2696.22 11.8974
400 40 0.281 122.476 2637.67 12.0819
400 40 0.291 119.688 2614.98 12.1729
400 40 0.301 113.294 2555.02 12.2264
400 40 0.311 108.93 2513.76 12.6489
400 40 0.321 109.604 2522.56 12.6057
400 40 0.331 102.593 2452.83 12.3213
400 40 0.341 102.117 2457.93 12.5182
400 40 0.351 94.8202 2382.85 12.5588
400 40 0.361 92.3176 2363.64 12.987
400 40 0.371 89.6923 2338.32 13.1575
400 40 0.381 83.2107 2276.18 12.7772
400 40 0.391 82.8125 2277.29 13.1505
400 40 0.401 80.684 2255.76 13.006
400 40 0.411 76.225 2214.75 13.0932
400 40 0.421 73.1337 2183.18 12.9354
400 40 0.431 71.6319 2171.37 13.06
400 40 0.441 71.1919 2169.31 12.686
400 40 0.451 68.5563 2148.67 12.6688
400 40 0.461 64.2499 2105.83 13.2095
400 40 0.471 63.6212 2100.15 13.3758
400 40 0.481 60.0032 2067.35 13.1404
400 40 0.491 59.9444 2070.14 13.4664
400 40 0.501 58.0727 2052.65 13.2245
400 40 0.511 55.224 2025.47 13.2168
400 40 0.521 55.9027 2030.23 12.873
400 40 0.531 53.3689 2012.2 12.8672
400 40 0.541 52.7873 2003.13 13.5272
400 40 0.551 49.5329 1974.65 13.2796
400 40 0.561 48.9962 1971.59 13.1555
400 40 0.571 47.1169 1957.07 12.6247
400 40 0.581 47.4797 1958.22 12.7461
400 40 0.591 46.8259 1954.12 12.8377
400 40 0.601 45.0745 1939.06 13.3627
400 40 0.611 43.3702 1922.19 13.318
400 40 0.621 42.8505 1917.48 13.342
400 40 0.631 42.6618 1916.69 13.5719
400 40 0.641 42.9224 1918.05 13.5292
400 40 0.651 40.498 1895.26 13.4595
400 40 0.661 40.4895 1899.17 13.7411
400 40 0.671 39.0503 1885.27 12.8435
400 40 0.681 39.6889 1894.94 12.8965
400 40 0.691 37.591 1873.65 12.6527
400 40 0.701 37.5001 1873.78 12.9323
400 40 0.711 37.7622 1875.63 13.2209
400 40 0.721 37.0977 1870.75 13.2887
400 40 0.731 36.2047 1862.94 14.0697
400 40 0.741 35.9192 1862.83 14.2568
400 40 0.751 35.1656 1853.8 13.8124
400 40 0.761 34.9491 1851.85 14.281
400 40 0.771 34.9764 1854.93 14.5997
400 40 0.781 34.275 1848.99 14.262
400 40 0.791 33.7559 1840.56 13.6136
400 40 0.801 33.3377 1838.85 13.7158
400 40 0.811 32.6898 1833.57 13.7205
400 40 0.821 32.9806 1837.31 14.0181
400 40 0.831 32.4163 1831.97 14.1606
400 40 0.841 31.6735 1825.61 14.0271
400 40 0.851 31.6972 1824.42 14.0709
400 40 0.861 31.6586 1825.65 14.6112
400 40 0.871 31.209 1821.1 15.0224
400 40 0.881 30.2004 1814.34 14.3775
400 40 0.891 30.1762 1815.8 14.0312
400 40 0.901 30.0869 1813.69 14.1492
400 40 0.911 29.9471 1812.41 14.2093
400 40 0.921 29.5691 1807 14.1614
400 40 0.931 29.3271 1808.43 14.3309
400 40 0.941 28.9471 1804.2 14.3771
400 40 0.951 28.8589 1801.94 14.5586
400 40 0.961 28.8471 1803.1 14.6091
400 40 0.971 27.9576 1794.26 14.3875
400 40 0.981 27.9981 1795.72 14.7122
400 40 0.991 27.6837 1792.85 14.7231
400 40 1.001 28.064 1792.47 14.7995
400 40 1.011 27.1209 1785.58 14.6615
400 40 1.021 27.32 1788.56 15.3416
400 40 1.031 27.4879 1788.45 16.1737
400 40 1.041 26.7624 1784.9 15.8098
400 40 1.051 26.6922 1780.94 15.9394
400 40 1.061 26.5139 1781.97 15.6317
400 40 1.071 26.6128 1779.82 15.7479
400 40 1.081 26.1184 1778.02 15.8348
400 40 1.091 26.2964 1779.17 15.5523
400 40 1.101 25.8886 1779.94 16.1906
400 40 1.111 26.1703 1781.77 15.6332
400 40 1.121 25.873 1780.2 16.3639
400 40 1.131 25.7671 1778.06 16.7657
400 40 1.141 25.7115 1780.96 16.8044
400 40 1.151 25.7881 1781.29 16.7688
400 40 1.161 25.5509 1780.11 16.8754
400 40 1.171 25.3491 1778.69 16.7232
400 40 1.181 25.0734 1776.48 16.8541
400 40 1.191 25.3362 1781.83 17.3479
400 40 1.201 25.0649 1781.3 17.2156
400 40 1.211 25.335 1781.11 16.7709
400 40 1.221 25.3169 1782.8 16.8482
400 40 1.231 25.1633 1782.86 16.8746
400 40 1.241 24.9422 1778.92 17
400 40 1.251 24.9231 1782.15 17.0145
400 40 1.261 24.5892 1780.49 17.0231
400 40 1.271 24.6904 1780.55 17.1755
400 40 1.281 24.6809 1784.19 17.1839
400 40 1.291 24.6678 1782.73 17.3481
400 40 1.301 24.818 1787.91 17.5208
400 40 1.311 24.9118 1788.24 17.5741
400 40 1.321 24.6177 1786.5 17.58
400 40 1.331 24.4777 1787.76 17.6987
400 40 1.341 24.7336 1790.1 17.9064
400 40 1.351 24.7216 1790.51 17.674
400 40 1.361 24.5846 1793.01 17.3841
400 40 1.371 24.2465 1788.66 17.2909
400 40 1.381 24.4375 1793.47 17.5177
400 40 1.391 24.3031 1789.43 18.2612
400 40 1.401 24.3662 1790.4 17.9833
400 40 1.411 24.1875 1788.07 18.0977
400 40 1.421 24.4099 1794.89 18.7534
400 40 1.431 24.3097 1793.91 18.4482
400 40 1.441 24.3612 1795.14 18.4415
400 40 1.451 24.4008 1798.49 18.5937
400 40 1.461 24.1047 1792.59 18.3779
400 40 1.471 24.1518 1794.76 18.6912
400 40 1.481 24.222 1797.06 18.6158
400 40 1.491 24.2939 1798.76 18.8276
400 40 1.501 24.3475 1803.06 18.8409
400 40 1.511 24.0378 1797.51 18.8112
400 40 1.521 24.1516 1798.66 19.0044
400 40 1.531 24.0989 1799.98 18.9861
400 40 1.541 24.1188 1800.59 18.9151
400 40 1.551 24.2218 1804.56 19.3354
400 40 1.561 24.036 1801.81 19.6837
400 40 1.571 24.1284 1802.1 19.008
400 40 1.581 24.0083 1802.46 19.932
400 40 1.591 24.0765 1804.44 19.1494
400 40 1.601 24.0273 1809.35 19.2792
400 40 1.611 24.2513 1813.97 19.0918
400 40 1.621 24.02 1810.88 19.3054
400 40 1.631 24.0157 1814.67 19.2528
400 40 1.641 24.0481 1815.1 19.9924
400 40 1.651 23.9721 1819.48 19.8623
400 40 1.661 24.1179 1821.84 19.34
400 40 1.671 24.3596 1825.03 21.1509
400 40 1.681 24.2102 1828.31 21.0658
400 40 1.691 24.1107 1829.06 20.3428
400 40 1.701 24.3049 1832.26 20.4237
400 40 1.711 24.2364 1833.06 20.5182
400 40 1.721 24.1529 1835.72 20.6931
400 40 1.731 24.2719 1836.34 20.7701
400 40 1.741 24.2157 1840.38 20.8399
400 40 1.751 24.3663 1841.92 21.7379
400 40 1.761 24.3553 1846.68 22.218
400 40 1.771 24.2924 1846.86 22.2409
400 40 1.781 24.3477 1847.87 22.4427
400 40 1.791 24.5828 1851.97 22.5132
400 40 1.801 24.4369 1852.8 22.4979
400 40 1.811 24.5474 1855.21 21.7532
400 40 1.821 24.6056 1858.1 21.2238
400 40 1.831 24.5439 1857.03 21.3064
400 40 1.841 24.7502 1859.88 22.3178
400 40 1.851 24.7379 1861.53 22.4104
400 40 1.861 24.9951 1865.25 22.6475
400 40 1.871 24.9223 1866.74 22.7405
400 40 1.881 25.1092 1869.22 22.868
400 40 1.891 25.0881 1870.68 22.8511
400 40 1.901 25.3965 1873.5 23.0426
400 40 1.911 25.2801 1872.95 22.6687
400 40 1.921 25.4494 1876.68 21.8758
400 40 1.931 25.3957 1876.62 21.9674
400 40 1.941 25.699 1880.17 22.0789
400 40 1.951 25.6914 1881.04 22.2403
400 40 1.961 25.7715 1881.69 22.1667
400 40 1.971 25.7831 1881.61 22.7714
400 40 1.981 25.8904 1885.05 23.3931
400 40 1.991 26.1296 1887.58 23.0939
