200 10 0.001 372.864 6737.88 1.4038
200 10 0.011 375.367 6776.15 1.4486
200 10 0.021 375.47 6776.49 1.5573
200 10 0.031 362.316 6568.92 1.5954
200 10 0.041 366.725 6635.88 1.7425
200 10 0.051 346.112 6309.9 1.808
200 10 0.061 355.366 6454.69 1.9526
200 10 0.071 341.77 6237.36 2.1405
200 10 0.081 324.322 5961.56 2.1639
200 10 0.091 325.104 5972.24 2.2804
200 10 0.101 319.294 5881.02 2.4036
200 10 0.111 314.267 5799.37 2.5489
200 10 0.121 303.885 5633.64 2.7701
200 10 0.131 297.481 5532.99 4.1981
200 10 0.141 287.678 5373.37 3.7964
200 10 0.151 275.346 5182.26 3.9224
200 10 0.161 269.011 5078.3 3.4268
200 10 0.171 271.302 5114.03 3.6621
200 10 0.181 262.895 4978.76 3.7625
200 10 0.191 244.674 4691.37 3.8262
200 10 0.201 242.094 4648.73 3.943
200 10 0.211 243.687 4670.33 5.2773
200 10 0.221 227.695 4418.12 5.6661
200 10 0.231 225.536 4382.68 5.9693
200 10 0.241 222.482 4334.7 5.699
200 10 0.251 217.121 4246.21 5.5012
200 10 0.261 206.632 4080.53 6.0309
200 10 0.271 208.65 4113.79 6.1901
200 10 0.281 193.61 3871.22 6.6566
200 10 0.291 192.255 3850.17 6.7374
200 10 0.301 185.055 3735.87 6.8506
200 10 0.311 175.181 3578.33 6.9068
200 10 0.321 176.565 3598.52 7.2777
200 10 0.331 165.625 3425.3 7.3999
200 10 0.341 160.94 3351.21 6.871
200 10 0.351 158.26 3307.63 6.4437
200 10 0.361 149.604 3170.54 6.7646
200 10 0.371 150.788 3188.78 7.0383
200 10 0.381 146.723 3124.74 7.8355
200 10 0.391 138.016 2980.96 7.5056
200 10 0.401 129.697 2850.45 7.7707
200 10 0.411 124.738 2775.96 8.523
200 10 0.421 117.618 2660.26 8.6428
200 10 0.431 115.873 2631.59 8.5768
200 10 0.441 118.154 2666.64 9.2637
200 10 0.451 105.037 2455.56 9.2653
200 10 0.461 110.913 2550.89 8.7818
200 10 0.471 101.878 2411.53 8.2401
200 10 0.481 98.8763 2362.87 8.44
200 10 0.491 94.6314 2294.09 8.6885
200 10 0.501 98.2081 2350.19 9.4335
200 10 0.511 88.1233 2192.75 9.22
200 10 0.521 85.7002 2150.22 8.9283
200 10 0.531 82.965 2109.91 9.6581
200 10 0.541 78.8792 2042.11 10.4132
200 10 0.551 78.0531 2028.81 9.4149
200 10 0.561 75.3743 1988.32 9.4205
200 10 0.571 73.174 1951.66 9.6238
200 10 0.581 69.9222 1900.57 9.7638
200 10 0.591 69.2452 1887.4 10.1623
200 10 0.601 66.0474 1836.67 10.0337
200 10 0.611 60.7287 1757.53 9.6602
200 10 0.621 56.9746 1695.39 9.9021
200 10 0.631 57.8616 1710.28 10.1706
200 10 0.641 53.5542 1640.58 10.2545
200 10 0.651 49.3234 1577.03 10.1056
200 10 0.661 50.7483 1599.02 11.2861
200 10 0.671 45.9109 1522.5 9.9021
200 10 0.681 45.969 1523.82 10.2647
200 10 0.691 44.8809 1502.75 10.5912
200 10 0.701 43.0179 1480.96 10.0819
200 10 0.711 39.9608 1429.16 10.3374
200 10 0.721 38.5785 1405.09 10.9559
200 10 0.731 37.9557 1397.69 10.4359
200 10 0.741 37.4906 1391.15 10.5222
200 10 0.751 34.128 1341.16 10.09
200 10 0.761 31.7737 1301.9 10.3999
200 10 0.771 32.2541 1310.16 10.3633
200 10 0.781 31.6434 1301.49 10.5122
200 10 0.791 28.467 1249.23 10.4116
200 10 0.801 28.6449 1253.72 10.3168
200 10 0.811 26.9533 1227.62 10.3623
200 10 0.821 24.0971 1185.18 10.2833
200 10 0.831 24.9831 1198.73 10.4645
200 10 0.841 24.4227 1189.09 11.0924
200 10 0.851 24.0777 1183.57 11.1397
200 10 0.861 20.4205 1131.84 9.6962
200 10 0.871 20.8978 1137.26 9.9908
200 10 0.881 19.7398 1119.31 9.8893
200 10 0.891 19.0397 1108.05 9.8325
200 10 0.901 18.0965 1097.46 9.5012
200 10 0.911 17.1509 1079.21 9.9558
200 10 0.921 17.1364 1081.41 10.1523
200 10 0.931 16.6233 1073.59 9.7271
200 10 0.941 14.698 1044.47 9.169
200 10 0.951 14.5453 1042.41 9.1269
200 10 0.961 13.5779 1028.41 8.9641
200 10 0.971 12.6881 1017.59 8.656
200 10 0.981 12.9079 1019.24 9.3455
200 10 0.991 11.7987 1003.92 8.8391
200 10 1.001 11.4417 999.129 8.3404
200 10 1.011 11.2821 996.635 8.7916
200 10 1.021 10.5415 985.52 8.1719
200 10 1.031 10.3963 983.931 8.0552
200 10 1.041 9.8351 975.067 7.8166
200 10 1.051 9.0066 964.628 7.8211
200 10 1.061 8.8216 962.278 8.0894
200 10 1.071 9.3146 967.668 7.938
200 10 1.081 8.3396 956.004 7.8999
200 10 1.091 8.2926 954.872 7.8216
200 10 1.101 7.9849 951.698 7.1467
200 10 1.111 7.3507 941.992 7.2462
200 10 1.121 7.3045 941.783 6.748
200 10 1.131 7.1209 939.708 6.9461
200 10 1.141 6.8234 935.917 6.8705
200 10 1.151 6.7339 933.818 6.7349
200 10 1.161 6.6891 933.771 7.048
200 10 1.171 6.6459 932.675 7.0016
200 10 1.181 6.1752 927.248 6.5231
200 10 1.191 6.3175 928.694 6.1983
200 10 1.201 5.9468 924.17 5.9995
200 10 1.211 5.9165 923.743 6.1623
200 10 1.221 5.7225 921.67 5.7597
200 10 1.231 5.4408 917.646 5.5583
200 10 1.241 5.5255 919.12 5.6417
200 10 1.251 5.3471 916.721 5.6194
200 10 1.261 5.1576 915.134 5.5769
200 10 1.271 5.1929 914.999 5.3401
200 10 1.281 5.1133 913.814 5.2319
200 10 1.291 4.7176 909.264 5.3348
200 10 1.301 4.713 909.258 5.7754
200 10 1.311 4.8274 910.963 5.787
200 10 1.321 4.4972 907.068 4.975
200 10 1.331 4.3111 904.769 4.6253
200 10 1.341 4.5051 906.767 4.8238
200 10 1.351 4.1213 902.766 5.1415
200 10 1.361 4.3824 905.715 5.1019
200 10 1.371 4.1955 903.318 5.0157
200 10 1.381 3.9608 900.986 4.3508
200 10 1.391 4.0454 901.785 4.4112
200 10 1.401 3.8114 899.47 4.2195
200 10 1.411 3.8159 899.317 4.2045
200 10 1.421 3.7487 898.475 4.1902
200 10 1.431 3.6207 897.34 4.7324
200 10 1.441 3.5888 896.898 4.5836
200 10 1.451 3.4482 895.606 4.198
200 10 1.461 3.4963 895.958 4.1077
200 10 1.471 3.5037 895.968 4.6294
200 10 1.481 3.4014 894.903 4.5204
200 10 1.491 3.2719 893.531 4.199
200 10 1.501 3.2005 892.788 3.9886
200 10 1.511 3.1894 892.628 4.267
200 10 1.521 3.0791 891.6 3.6557
200 10 1.531 3.099 891.732 3.8408
200 10 1.541 3.0135 890.875 3.8788
200 10 1.551 2.9897 890.616 3.5266
200 10 1.561 2.8679 889.381 3.3675
200 10 1.571 2.9133 889.796 3.8112
200 10 1.581 2.7718 888.343 3.6911
200 10 1.591 2.8383 889.104 3.4943
200 10 1.601 2.7057 887.696 3.1043
200 10 1.611 2.793 888.59 3.436
200 10 1.621 2.7312 887.904 3.2963
200 10 1.631 2.6103 886.763 3.1755
200 10 1.641 2.6348 886.976 3.1866
200 10 1.651 2.5894 886.57 3.1447
200 10 1.661 2.6667 887.225 3.1279
200 10 1.671 2.5264 885.937 2.9857
200 10 1.681 2.4816 885.534 2.9475
200 10 1.691 2.5795 886.438 3.1387
200 10 1.701 2.4704 885.359 2.9775
200 10 1.711 2.4456 885.118 2.8824
200 10 1.721 2.401 884.738 2.8417
200 10 1.731 2.4732 885.401 2.9134
200 10 1.741 2.3269 884.001 2.8185
200 10 1.751 2.349 884.189 2.9392
200 10 1.761 2.3697 884.37 2.9404
200 10 1.771 2.2687 883.43 3.0167
200 10 1.781 2.2668 883.434 3.0279
200 10 1.791 2.19 882.674 2.8873
200 10 1.801 2.2053 882.855 2.8986
200 10 1.811 2.2142 882.895 2.8201
200 10 1.821 2.2205 882.981 2.8523
200 10 1.831 2.1527 882.294 2.838
200 10 1.841 2.1725 882.418 2.8647
200 10 1.851 2.1576 882.329 2.6732
200 10 1.861 2.1359 882.131 2.6502
200 10 1.871 2.1295 882.116 2.6513
200 10 1.881 2.1272 882.039 2.6145
200 10 1.891 2.0779 881.593 2.5755
200 10 1.901 2.0849 881.675 2.8613
200 10 1.911 2.083 881.595 2.8969
200 10 1.921 2.0859 881.66 2.8818
200 10 1.931 2.0454 881.222 2.8098
200 10 1.941 2.0848 881.65 2.8566
200 10 1.951 2.053 881.336 2.8183
200 10 1.961 2.0247 881.028 2.8128
200 10 1.971 2.0665 881.45 2.8512
200 10 1.981 2.0585 881.394 2.8316
200 10 1.991 2.0296 881.166 2.7849
200 20 0.001 810.644 13078 2.8602
200 20 0.011 776.125 12544.1 2.4105
200 20 0.021 755.522 12225.5 2.3501
200 20 0.031 739.685 11979.9 2.6491
200 20 0.041 694.197 11276.3 3.2778
200 20 0.051 670.699 10910.8 3.3551
200 20 0.061 662.649 10784.8 3.3662
200 20 0.071 634.957 10356.4 3.9682
200 20 0.081 604.07 9876.85 4.0804
200 20 0.091 587.745 9623.31 3.9912
200 20 0.101 547.254 8997.45 4.0473
200 20 0.111 515.619 8507.87 4.2685
200 20 0.121 487.392 8070.46 4.2233
200 20 0.131 478.623 7934.1 4.5405
200 20 0.141 449.431 7478.62 4.914
200 20 0.151 439.232 7323.4 4.9621
200 20 0.161 406.546 6815.1 5.0549
200 20 0.171 382.184 6438.38 5.2629
200 20 0.181 347.639 5903.96 5.1483
200 20 0.191 347.711 5904.62 5.381
200 20 0.201 319.963 5473.5 5.4909
200 20 0.211 292.233 5043.81 5.8599
200 20 0.221 271.994 4732.47 6.0493
200 20 0.231 264.472 4613.06 6.2102
200 20 0.241 257.664 4504.54 6.5377
200 20 0.251 235.243 4161.87 6.7905
200 20 0.261 226.126 4016.92 6.4964
200 20 0.271 217.117 3880.01 6.2459
200 20 0.281 195.62 3548.08 6.3367
200 20 0.291 187.353 3418.49 6.5493
200 20 0.301 177.324 3258.97 6.7874
200 20 0.311 166.543 3094.06 6.6419
200 20 0.321 157.075 2948.61 6.7575
200 20 0.331 149.913 2837.29 6.9447
200 20 0.341 138.348 2657.82 7.0903
200 20 0.351 128.226 2499.31 7.1751
200 20 0.361 123.465 2425.12 7.2657
200 20 0.371 110.113 2221.24 7.0521
200 20 0.381 105.988 2159.12 7.0722
200 20 0.391 103.312 2114.42 7.4306
200 20 0.401 91.3386 1926.43 7.6177
200 20 0.411 85.9822 1847.79 7.2431
200 20 0.421 79.9209 1755.48 7.2171
200 20 0.431 74.7312 1674.05 7.2983
200 20 0.441 69.0835 1587.91 7.2043
200 20 0.451 67.7517 1566.42 7.3616
200 20 0.461 64.3097 1513.63 7.3413
200 20 0.471 58.2928 1421.27 7.3359
200 20 0.481 54.4896 1365.4 7.1587
200 20 0.491 50.992 1309.12 8.2784
200 20 0.501 52.8016 1337.78 7.9868
200 20 0.511 47.9482 1261.18 8.4777
200 20 0.521 44.1251 1204.46 8.287
200 20 0.531 39.778 1138.13 8.1322
200 20 0.541 39.4406 1132.35 8.3086
200 20 0.551 35.8369 1077.52 7.5602
200 20 0.561 32.8567 1032.3 7.5791
200 20 0.571 31.874 1019.46 7.8109
200 20 0.581 31.2294 1006.78 8.1522
200 20 0.591 29.5921 981.04 8.1586
200 20 0.601 25.9031 928.376 7.7765
200 20 0.611 25.685 926.491 7.714
200 20 0.621 23.8467 896.867 7.8439
200 20 0.631 22.7999 880.952 7.6627
200 20 0.641 21.7335 867.155 7.6786
200 20 0.651 21.5698 864.064 7.7893
200 20 0.661 19.2221 828.438 7.3268
200 20 0.671 19.3209 828.761 7.5752
200 20 0.681 18.8004 821.784 7.7483
200 20 0.691 17.913 809.78 7.5597
200 20 0.701 16.9437 797.439 7.6244
200 20 0.711 16.5366 789.066 7.5839
200 20 0.721 15.1303 769.071 7.4489
200 20 0.731 14.163 756.293 7.3548
200 20 0.741 13.4911 746.839 7.0496
200 20 0.751 13.6967 748.635 7.1842
200 20 0.761 13.5881 748.031 7.0283
200 20 0.771 12.5237 732.383 7.0305
200 20 0.781 12.208 726.304 7.0711
200 20 0.791 12.0714 724.625 7.1341
200 20 0.801 11.619 718.857 7.0866
200 20 0.811 11.6077 718.392 7.2158
200 20 0.821 11.107 712.089 7.0595
200 20 0.831 10.6426 705.916 6.9379
200 20 0.841 9.9738 697.359 6.7873
200 20 0.851 10.1803 699.089 7.2516
200 20 0.861 9.64 692.366 6.8541
200 20 0.871 9.0998 686.012 6.687
200 20 0.881 8.9822 683.766 6.3948
200 20 0.891 8.5202 678.351 5.9529
200 20 0.901 8.2329 675.564 5.7082
200 20 0.911 8.3207 676.673 5.6444
200 20 0.921 7.9989 671.405 5.9973
200 20 0.931 7.6317 666.85 6.2608
200 20 0.941 7.6791 667.036 6.4127
200 20 0.951 7.4213 664.398 6.331
200 20 0.961 7.3251 663.026 6.2809
200 20 0.971 6.9256 658.21 6.1226
200 20 0.981 6.8657 657.387 6.1278
200 20 0.991 6.4932 652.982 5.5804
200 20 1.001 6.5554 653.654 5.441
200 20 1.011 6.5899 653.93 5.6059
200 20 1.021 5.9752 647.022 5.233
200 20 1.031 6.0416 647.46 5.3809
200 20 1.041 5.8048 644.54 5.164
200 20 1.051 5.7493 643.608 4.827
200 20 1.061 5.5515 641.88 4.7615
200 20 1.071 5.4464 640.607 4.8543
200 20 1.081 5.3137 638.904 5.4851
200 20 1.091 5.2619 638.392 5.499
200 20 1.101 5.1474 636.98 5.4111
200 20 1.111 4.8927 634.422 5.154
200 20 1.121 4.9511 634.654 4.6716
200 20 1.131 4.8573 633.606 4.4434
200 20 1.141 4.726 632.259 4.7107
200 20 1.151 4.6575 631.614 4.6915
200 20 1.161 4.6443 631.239 4.3305
200 20 1.171 4.5941 630.712 4.2444
200 20 1.181 4.456 629.356 4.1655
200 20 1.191 4.4223 628.978 4.1701
200 20 1.201 4.2289 626.898 4.0593
200 20 1.211 4.2183 626.803 4.2697
200 20 1.221 4.3537 628.021 4.8091
200 20 1.231 4.0456 625.113 4.6006
200 20 1.241 4.1516 625.892 4.6646
200 20 1.251 4.0767 625.137 4.6143
200 20 1.261 3.862 622.961 4.3682
200 20 1.271 4.0041 624.162 4.4562
200 20 1.281 3.7708 622.099 4.3368
200 20 1.291 3.7538 621.773 4.3055
200 20 1.301 3.671 621.023 4.2721
200 20 1.311 3.6956 621.342 4.3144
200 20 1.321 3.6525 620.735 4.2322
200 20 1.331 3.6498 620.748 4.2694
200 20 1.341 3.4222 618.416 4.063
200 20 1.351 3.4691 618.954 4.1018
200 20 1.361 3.4711 618.849 3.9269
200 20 1.371 3.4176 618.213 4.0436
200 20 1.381 3.3215 617.397 3.9005
200 20 1.391 3.3019 617.219 3.8989
200 20 1.401 3.1946 616.12 3.5278
200 20 1.411 3.1092 615.341 3.2136
200 20 1.421 3.2844 616.908 3.3566
200 20 1.431 3.0247 614.396 3.0873
200 20 1.441 3.0959 615.02 3.1433
200 20 1.451 3.0225 614.299 3.0955
200 20 1.461 2.9267 613.426 3.0464
200 20 1.471 2.9269 613.38 3.0059
200 20 1.481 2.849 612.626 2.8526
200 20 1.491 2.8865 612.996 2.9085
200 20 1.501 2.806 612.226 2.8078
200 20 1.511 2.8207 612.313 2.9497
200 20 1.521 2.7944 612.111 2.9031
200 20 1.531 2.6595 610.812 2.6448
200 20 1.541 2.6168 610.311 2.621
200 20 1.551 2.6334 610.527 2.6195
200 20 1.561 2.5244 609.529 2.4855
200 20 1.571 2.5884 610.109 2.6484
200 20 1.581 2.4899 609.16 2.4771
200 20 1.591 2.4857 609.112 2.4627
200 20 1.601 2.5122 609.351 2.5059
200 20 1.611 2.3984 608.247 2.4633
200 20 1.621 2.4416 608.671 2.4671
200 20 1.631 2.4051 608.344 2.5581
200 20 1.641 2.3825 608.171 2.944
200 20 1.651 2.3596 607.872 2.4658
200 20 1.661 2.3452 607.758 2.4261
200 20 1.671 2.3148 607.5 2.6385
200 20 1.681 2.3141 607.439 2.585
200 20 1.691 2.3363 607.672 2.4275
200 20 1.701 2.2455 606.858 2.3661
200 20 1.711 2.2337 606.699 2.3372
200 20 1.721 2.2182 606.552 2.324
200 20 1.731 2.2184 606.545 2.3383
200 20 1.741 2.2202 606.593 2.3279
200 20 1.751 2.1798 606.183 2.4658
200 20 1.761 2.1468 605.875 2.6696
200 20 1.771 2.1591 605.979 2.6893
200 20 1.781 2.1127 605.55 2.8125
200 20 1.791 2.097 605.456 2.9072
200 20 1.801 2.0463 604.934 2.8603
200 20 1.811 2.0634 605.103 2.8583
200 20 1.821 2.1097 605.515 2.8898
200 20 1.831 2.0708 605.169 2.8665
200 20 1.841 2.0737 605.219 2.8886
200 20 1.851 2.0513 604.967 2.8495
200 20 1.861 2.0241 604.701 2.8521
200 20 1.871 2.006 604.54 2.9419
200 20 1.881 1.9616 604.122 2.381
200 20 1.891 1.9743 604.274 2.2295
200 20 1.901 1.9828 604.35 2.0955
200 20 1.911 2.0155 604.633 2.132
200 20 1.921 1.9839 604.353 2.0957
200 20 1.931 1.9738 604.256 2.0953
200 20 1.941 1.956 604.078 2.1055
200 20 1.951 1.9708 604.203 2.0639
200 20 1.961 1.9649 604.181 2.2061
200 20 1.971 1.993 604.421 2.5521
200 20 1.981 1.9613 604.125 2.9073
200 20 1.991 1.9506 604.01 2.6439
200 30 0.001 1210.21 19110 2.6675
200 30 0.011 1156.92 18294.2 3.3774
200 30 0.021 1073.56 17018.6 3.4537
200 30 0.031 1006.46 15990.6 3.6082
200 30 0.041 955.561 15210.2 3.8013
200 30 0.051 894.71 14277.5 3.9583
200 30 0.061 847.895 13560.2 4.2109
200 30 0.071 774.218 12430.6 4.3064
200 30 0.081 752.181 12090.7 4.3577
200 30 0.091 699.616 11286.1 4.5508
200 30 0.101 644.744 10446.4 4.8114
200 30 0.111 585.606 9542.03 4.7477
200 30 0.121 548.31 8968.29 4.8838
200 30 0.131 503.871 8286.4 4.9173
200 30 0.141 465.001 7690.75 5.0054
200 30 0.151 437.804 7269.99 5.2389
200 30 0.161 413.113 6894.19 5.3884
200 30 0.171 378.26 6363.26 5.3015
200 30 0.181 354.893 6000.75 5.6107
200 30 0.191 322.094 5499.35 5.5527
200 30 0.201 282.79 4896.36 5.6746
200 30 0.211 252.544 4432.69 5.6704
200 30 0.221 241.706 4265.65 5.902
200 30 0.231 225.324 4015.94 5.9702
200 30 0.241 207.454 3743.94 6.0619
200 30 0.251 183.134 3368.97 6.3021
200 30 0.261 173.025 3214.71 6.2129
200 30 0.271 159.986 3015.94 6.2178
200 30 0.281 152.713 2902.56 6.4397
200 30 0.291 128.293 2528.63 6.4927
200 30 0.301 123.553 2456.16 7.2487
200 30 0.311 104.295 2164.64 7.5188
200 30 0.321 100.219 2097.34 7.7363
200 30 0.331 90.9257 1957.54 7.4001
200 30 0.341 84.7002 1863.56 7.5524
200 30 0.351 74.1858 1703.01 7.3534
200 30 0.361 70.2332 1644.23 6.4887
200 30 0.371 65.4653 1572.01 6.4664
200 30 0.381 59.6718 1483.26 6.5034
200 30 0.391 56.4791 1435.43 6.4149
200 30 0.401 49.2104 1323.37 6.4738
200 30 0.411 45.1505 1262.11 6.5219
200 30 0.421 45.392 1268.04 6.4646
200 30 0.431 37.2505 1145.7 6.3246
200 30 0.441 36.4356 1132.51 6.4503
200 30 0.451 33.8359 1094.11 6.3758
200 30 0.461 33.327 1084.68 6.4941
200 30 0.471 28.0953 1005.81 6.4596
200 30 0.481 29.2471 1023.66 6.4534
200 30 0.491 26.054 975.305 6.3543
200 30 0.501 26.7548 987.682 6.79
200 30 0.511 23.2162 933.188 6.5585
200 30 0.521 21.9154 914.404 6.4286
200 30 0.531 20.1979 889.537 6.373
200 30 0.541 19.0975 872.509 6.45
200 30 0.551 18.4827 865.075 6.1178
200 30 0.561 17.6769 851.455 6.8305
200 30 0.571 16.03 829.473 6.5542
200 30 0.581 15.9052 825.789 6.4921
200 30 0.591 15.246 817.465 6.3892
200 30 0.601 14.7076 810.97 6.5119
200 30 0.611 14.0273 799.336 7.1352
200 30 0.621 12.9326 784.273 6.6892
200 30 0.631 12.8013 783.377 6.8172
200 30 0.641 12.6121 779.796 6.4313
200 30 0.651 11.8718 771.543 6.0739
200 30 0.661 11.7123 769.62 6.4342
200 30 0.671 10.8389 756.508 6.3034
200 30 0.681 11.0276 757.6 6.3033
200 30 0.691 10.8983 758.883 6.1579
200 30 0.701 10.5422 752.341 6.2441
200 30 0.711 10.3562 749.473 6.1364
200 30 0.721 9.6 739.934 6.0332
200 30 0.731 9.4503 737.516 6.0026
200 30 0.741 8.9463 732.165 5.9514
200 30 0.751 8.938 731.733 5.9724
200 30 0.761 8.835 730.96 5.9565
200 30 0.771 8.249 723.191 5.7355
200 30 0.781 8.5592 726.326 5.8264
200 30 0.791 8.4152 724.381 6.4768
200 30 0.801 7.9989 719.923 6.2753
200 30 0.811 7.722 716.237 5.8303
200 30 0.821 7.4424 713.128 5.7115
200 30 0.831 7.4991 713.283 5.8287
200 30 0.841 7.2457 710.681 5.7901
200 30 0.851 7.3274 711.142 5.7492
200 30 0.861 7.1282 708.862 5.8184
200 30 0.871 6.7895 704.709 5.7262
200 30 0.881 6.8329 705.199 5.7014
200 30 0.891 6.556 701.449 5.6251
200 30 0.901 6.4425 700.784 5.6504
200 30 0.911 6.1628 697.476 5.565
200 30 0.921 6.2512 698.167 5.697
200 30 0.931 5.994 695.268 5.7306
200 30 0.941 5.8992 694.244 5.633
200 30 0.951 5.6509 691.633 5.4658
200 30 0.961 5.6062 690.731 5.5589
200 30 0.971 5.5063 689.63 5.6189
200 30 0.981 5.0898 685.201 5.4209
200 30 0.991 5.3158 687.291 5.5206
200 30 1.001 5.1621 685.618 5.5258
200 30 1.011 4.8454 682.099 5.3372
200 30 1.021 4.8272 681.89 5.4453
200 30 1.031 4.8421 682.045 5.4218
200 30 1.041 4.551 678.862 5.3265
200 30 1.051 4.7278 680.588 5.3468
200 30 1.061 4.4912 678.021 5.339
200 30 1.071 4.4646 677.88 5.2592
200 30 1.081 4.3172 676.151 5.2491
200 30 1.091 4.3253 676.162 5.2268
200 30 1.101 4.3183 675.874 5.1741
200 30 1.111 4.2317 675.115 5.2143
200 30 1.121 4.1469 674.179 5.1638
200 30 1.131 4.0169 672.843 5.0899
200 30 1.141 4.0384 673.051 5.1454
200 30 1.151 3.8876 671.537 5.0628
200 30 1.161 3.8952 671.459 5.1215
200 30 1.171 3.8843 671.398 4.8624
200 30 1.181 3.788 670.447 4.5378
200 30 1.191 3.7963 670.453 4.9697
200 30 1.201 3.6586 669.025 4.8304
200 30 1.211 3.766 670.044 4.9599
200 30 1.221 3.6304 668.749 4.9176
200 30 1.231 3.6724 668.998 4.8712
200 30 1.241 3.5848 668.217 4.8387
200 30 1.251 3.4977 667.305 4.9024
200 30 1.261 3.5086 667.421 4.7074
200 30 1.271 3.3432 665.73 4.2286
200 30 1.281 3.255 664.882 4.1648
200 30 1.291 3.3896 666.109 4.3223
200 30 1.301 3.2526 664.788 4.1797
200 30 1.311 3.0868 663.182 4.015
200 30 1.321 3.1215 663.503 4.1393
200 30 1.331 3.1604 663.805 4.0977
200 30 1.341 3.1179 663.411 4.0252
200 30 1.351 3.0585 662.796 4.086
200 30 1.361 3.0172 662.432 4.3116
200 30 1.371 2.9764 661.961 4.2442
200 30 1.381 3.0661 662.802 4.2294
200 30 1.391 2.9453 661.627 3.8585
200 30 1.401 2.9104 661.281 3.8562
200 30 1.411 2.7856 660.144 3.7636
200 30 1.421 2.8491 660.705 3.839
200 30 1.431 2.7187 659.508 4.1752
200 30 1.441 2.7129 659.317 4.1226
200 30 1.451 2.7871 660.028 4.4354
200 30 1.461 2.6661 658.883 4.2865
200 30 1.471 2.631 658.499 4.2637
200 30 1.481 2.6781 658.959 3.9255
200 30 1.491 2.6458 658.665 3.8849
200 30 1.501 2.495 657.208 4.1972
200 30 1.511 2.5276 657.521 3.87
200 30 1.521 2.5138 657.348 3.7771
200 30 1.531 2.5452 657.623 3.5002
200 30 1.541 2.422 656.509 3.3948
200 30 1.551 2.3764 656.037 3.6677
200 30 1.561 2.4426 656.647 3.4796
200 30 1.571 2.3951 656.235 3.2808
200 30 1.581 2.3517 655.79 3.5407
200 30 1.591 2.3446 655.71 3.4405
200 30 1.601 2.3261 655.54 3.6105
200 30 1.611 2.2963 655.236 3.6094
200 30 1.621 2.293 655.262 3.6229
200 30 1.631 2.3413 655.667 3.3934
200 30 1.641 2.2758 655.061 3.154
200 30 1.651 2.2573 654.865 3.5431
200 30 1.661 2.2168 654.498 3.2151
200 30 1.671 2.2345 654.635 3.4912
200 30 1.681 2.1724 654.064 3.272
200 30 1.691 2.2201 654.508 3.5241
200 30 1.701 2.1878 654.233 3.4481
200 30 1.711 2.1357 653.73 3.3214
200 30 1.721 2.128 653.613 3.1228
200 30 1.731 2.1042 653.439 3.3774
200 30 1.741 2.1261 653.63 3.2984
200 30 1.751 2.0953 653.366 3.1787
200 30 1.761 2.0659 653.056 3.2379
200 30 1.771 2.0438 652.857 3.4679
200 30 1.781 2.0635 653.032 3.4471
200 30 1.791 2.0528 652.939 3.2543
200 30 1.801 2.0459 652.871 2.925
200 30 1.811 2.0311 652.719 3.0722
200 30 1.821 2.0126 652.552 3.1241
200 30 1.831 2.0196 652.628 3.0276
200 30 1.841 2.0345 652.737 2.9206
200 30 1.851 2.0159 652.581 3.0012
200 30 1.861 1.9933 652.352 3.0881
200 30 1.871 2.0185 652.588 3.1389
200 30 1.881 1.9631 652.078 3.0168
200 30 1.891 1.9869 652.294 3.0031
200 30 1.901 2.0173 652.536 2.889
200 30 1.911 1.9553 651.975 2.9546
200 30 1.921 1.965 652.092 2.9951
200 30 1.931 1.9401 651.853 2.9994
200 30 1.941 1.9511 651.963 2.8867
200 30 1.951 1.9678 652.079 3.0506
200 30 1.961 1.9764 652.17 2.7769
200 30 1.971 1.9612 652.033 2.8634
200 30 1.981 1.96 652.018 2.9152
200 30 1.991 1.9849 652.239 2.8673
200 40 0.001 1586.85 23043.1 6.9473
200 40 0.011 1507.3 21927 8.2741
200 40 0.021 1440.54 20995.6 9.1622
200 40 0.031 1384.28 20215.6 9.3879
200 40 0.041 1261.7 18483.8 8.116
200 40 0.051 1201.05 17635.8 10.2808
200 40 0.061 1093.22 16117.1 9.4046
200 40 0.071 1033.96 15287 9.5785
200 40 0.081 938.164 13935.3 8.747
200 40 0.091 854.279 12738.8 9.0014
200 40 0.101 784.685 11756.7 9.7147
200 40 0.111 724.923 10914.9 8.9839
200 40 0.121 712.39 10747.6 9.2777
200 40 0.131 630.179 9579.11 8.3984
200 40 0.141 561.615 8592.05 8.1692
200 40 0.151 525.132 8079.7 9.2055
200 40 0.161 492.411 7608.77 8.9876
200 40 0.171 435.638 6798.44 8.2981
200 40 0.181 392.402 6188.9 7.3008
200 40 0.191 369.976 5863.95 7.4967
200 40 0.201 336.006 5374.35 8.5722
200 40 0.211 304.975 4938.2 8.4236
200 40 0.221 255.899 4233.09 8.2191
200 40 0.231 239.317 3991.79 8.2379
200 40 0.241 225.65 3792.1 8.4302
200 40 0.251 198.313 3400.44 7.6195
200 40 0.261 192.26 3311.43 6.828
200 40 0.271 177.213 3102.1 6.5715
200 40 0.281 151.943 2731.7 6.3818
200 40 0.291 132.703 2453.28 6.247
200 40 0.301 130.924 2428.42 6.4813
200 40 0.311 113.278 2174.57 6.1528
200 40 0.321 99.6141 1975.6 6.1523
200 40 0.331 92.5079 1873.26 5.9069
200 40 0.341 86.6138 1783.91 6.029
200 40 0.351 73.1989 1593.74 6.8122
200 40 0.361 67.9795 1516.6 6.1449
200 40 0.371 63.3327 1448.86 6.2069
200 40 0.381 58.3508 1376.09 6.8607
200 40 0.391 50.1041 1258.09 6.5607
200 40 0.401 48.1731 1226.17 7.2626
200 40 0.411 42.909 1154.51 6.7471
200 40 0.421 43.2676 1159.3 6.4462
200 40 0.431 34.9106 1035.93 6.3177
200 40 0.441 35.9947 1051.93 6.3491
200 40 0.451 31.3891 985.497 6.2635
200 40 0.461 31.3795 985.586 6.2684
200 40 0.471 27.7116 933.145 6.7553
200 40 0.481 27.748 934.688 6.7852
200 40 0.491 23.5909 872.183 6.6998
200 40 0.501 21.8761 848.356 6.0539
200 40 0.511 20.8791 835.226 6.8634
200 40 0.521 20.0959 823.477 15.7462
200 40 0.531 17.6426 788.562 7.8743
200 40 0.541 17.9567 791.868 6.2617
200 40 0.551 18.1278 794.274 6.3131
200 40 0.561 16.1254 766.859 6.6189
200 40 0.571 15.4396 758.475 5.3209
200 40 0.581 14.5989 745.571 5.2988
200 40 0.591 14.1855 740.105 5.3108
200 40 0.601 13.2502 726.857 5.2353
200 40 0.611 12.0346 710.999 5.1447
200 40 0.621 12.6189 718.275 5.2619
200 40 0.631 12.0238 710.66 5.6073
200 40 0.641 11.5821 704.068 5.4629
200 40 0.651 10.7526 693.331 5.32
200 40 0.661 11.1556 698.61 5.3675
200 40 0.671 10.0063 684.222 5.1161
200 40 0.681 10.1006 684.889 5.3193
200 40 0.691 9.9658 682.973 5.3048
200 40 0.701 9.4959 677.67 5.2083
200 40 0.711 9.1256 672.492 5.6767
200 40 0.721 9.0029 670.441 5.7088
200 40 0.731 9.0531 670.532 5.1331
200 40 0.741 8.6306 665.439 4.9288
200 40 0.751 8.3951 662.278 5.6699
200 40 0.761 8.3281 662.02 5.6758
200 40 0.771 7.9784 658.269 5.5659
200 40 0.781 7.8306 655.795 5.4902
200 40 0.791 7.4859 651.692 4.9221
200 40 0.801 7.5757 652.383 5.4587
200 40 0.811 6.985 645.725 5.1247
200 40 0.821 7.0093 645.502 5.3703
200 40 0.831 7.1881 647.889 5.4856
200 40 0.841 6.8981 644.383 4.7978
200 40 0.851 6.5189 639.608 4.739
200 40 0.861 6.5169 639.619 4.7585
200 40 0.871 6.1509 635.168 4.6776
200 40 0.881 6.2363 636.025 4.7841
200 40 0.891 5.7958 631.086 4.6268
200 40 0.901 5.942 632.784 4.6662
200 40 0.911 6.0336 633.305 4.8215
200 40 0.921 5.7023 629.773 5.2343
200 40 0.931 5.4755 627.375 5.0128
200 40 0.941 5.3881 626.075 4.5371
200 40 0.951 5.1972 624.119 4.4928
200 40 0.961 5.0804 622.534 4.5344
200 40 0.971 5.0207 621.639 4.5084
200 40 0.981 4.9083 620.48 4.9015
200 40 0.991 4.7396 618.476 5.0408
200 40 1.001 4.7724 618.765 5.112
200 40 1.011 4.6073 616.815 5.0305
200 40 1.021 4.5537 616.149 4.4706
200 40 1.031 4.3921 614.281 4.3828
200 40 1.041 4.2457 612.727 4.2937
200 40 1.051 4.0618 610.71 4.2301
200 40 1.061 4.1692 611.781 4.4944
200 40 1.071 3.9943 609.886 4.925
200 40 1.081 4.0128 609.895 4.9495
200 40 1.091 3.7802 607.846 4.405
200 40 1.101 3.8788 608.61 4.8481
200 40 1.111 3.7491 607.059 4.7054
200 40 1.121 3.7047 606.7 4.8344
200 40 1.131 3.8793 608.53 4.857
200 40 1.141 3.6725 606.194 4.3109
200 40 1.151 3.5696 605.153 4.253
200 40 1.161 3.4634 604.113 4.1268
200 40 1.171 3.4546 603.798 4.4019
200 40 1.181 3.4895 604.174 4.5029
200 40 1.191 3.3958 603.113 4.1167
200 40 1.201 3.2923 602.214 4.029
200 40 1.211 3.2535 601.763 4.3338
200 40 1.221 3.2826 601.993 4.5135
200 40 1.231 3.2061 601.264 4.014
200 40 1.241 3.1737 600.906 3.8448
200 40 1.251 3.105 600.141 3.9868
200 40 1.261 3.1552 600.618 3.9941
200 40 1.271 2.9985 599.061 3.8483
200 40 1.281 3.0336 599.394 3.8996
200 40 1.291 2.9104 598.176 3.8038
200 40 1.301 2.8911 597.846 3.7794
200 40 1.311 2.8974 598.006 3.8115
200 40 1.321 2.861 597.681 4.1684
200 40 1.331 2.8648 597.669 4.2396
200 40 1.341 2.7747 596.747 3.7264
200 40 1.351 2.86 597.529 3.7054
200 40 1.361 2.7168 596.122 3.6548
200 40 1.371 2.7372 596.324 3.9391
200 40 1.381 2.7335 596.213 3.7573
200 40 1.391 2.6946 595.906 3.4694
200 40 1.401 2.6139 595.162 3.4058
200 40 1.411 2.5438 594.44 3.2959
200 40 1.421 2.5705 594.637 3.3099
200 40 1.431 2.4836 593.867 3.2424
200 40 1.441 2.5333 594.293 3.2986
200 40 1.451 2.5033 593.996 3.265
200 40 1.461 2.4341 593.32 3.2777
200 40 1.471 2.4621 593.59 3.2459
200 40 1.481 2.4228 593.17 3.7585
200 40 1.491 2.3979 592.951 3.6662
200 40 1.501 2.3831 592.807 3.7486
200 40 1.511 2.3546 592.541 3.6342
200 40 1.521 2.2979 591.977 3.2793
200 40 1.531 2.3133 592.088 3.2938
200 40 1.541 2.2401 591.403 3.1616
200 40 1.551 2.2518 591.514 3.1567
200 40 1.561 2.1861 590.889 3.0565
200 40 1.571 2.1729 590.755 3.0328
200 40 1.581 2.1854 590.911 3.0467
200 40 1.591 2.1193 590.204 3.0027
200 40 1.601 2.0843 589.918 2.9626
200 40 1.611 2.0705 589.824 3.005
200 40 1.621 2.1265 590.248 2.9932
200 40 1.631 2.106 590.105 2.9578
200 40 1.641 2.1528 590.521 2.9659
200 40 1.651 2.1074 590.075 3.0676
200 40 1.661 2.043 589.526 3.4407
200 40 1.671 2.0126 589.191 3.2858
200 40 1.681 2.0222 589.296 3.3236
200 40 1.691 2.0452 589.51 3.4028
200 40 1.701 2.014 589.203 3.227
200 40 1.711 1.9763 588.92 3.2016
200 40 1.721 1.9817 588.92 2.9574
200 40 1.731 1.9734 588.844 3.3193
200 40 1.741 1.9735 588.865 3.0902
200 40 1.751 1.9509 588.621 3.0029
200 40 1.761 1.935 588.486 3.0319
200 40 1.771 1.9732 588.811 3.2027
200 40 1.781 1.9274 588.423 3.1667
200 40 1.791 1.9226 588.36 3.0821
200 40 1.801 1.9167 588.273 3.0292
200 40 1.811 1.9196 588.28 3.0162
200 40 1.821 1.8556 587.724 2.9285
200 40 1.831 1.8864 587.978 2.9564
200 40 1.841 1.8925 588.064 2.9115
200 40 1.851 1.8658 587.808 2.7995
200 40 1.861 1.8186 587.39 2.7896
200 40 1.871 1.868 587.801 2.7685
200 40 1.881 1.8492 587.698 3.0812
200 40 1.891 1.8384 587.518 3.064
200 40 1.901 1.877 587.902 3.1204
200 40 1.911 1.8156 587.322 3.0114
200 40 1.921 1.8456 587.619 3.0233
200 40 1.931 1.8309 587.464 3.0266
200 40 1.941 1.8269 587.415 3.0251
200 40 1.951 1.8388 587.504 2.9933
200 40 1.961 1.8253 587.417 2.9597
200 40 1.971 1.8461 587.604 2.865
200 40 1.981 1.8211 587.405 2.814
200 40 1.991 1.8519 587.638 2.755
300 10 0.001 584.682 10338.1 1.6693
300 10 0.011 580.722 10274.4 1.7377
300 10 0.021 566.414 10047 2.3215
300 10 0.031 544.162 9694.05 2.0745
300 10 0.041 542.66 9668.28 2.1001
300 10 0.051 524.472 9379.32 2.6906
300 10 0.061 528.571 9441.49 3.0903
300 10 0.071 510.291 9153.32 3.3349
300 10 0.081 506.965 9098.62 3.3819
300 10 0.091 480.508 8674.99 3.5028
300 10 0.101 478.577 8643.78 3.8895
300 10 0.111 464.98 8427.59 3.3371
300 10 0.121 469.22 8492.89 3.5907
300 10 0.131 453.225 8236.66 4.0307
300 10 0.141 459.705 8339.05 3.8546
300 10 0.151 424.258 7776.4 3.9752
300 10 0.161 401.744 7417.73 4.2386
300 10 0.171 403.046 7437.74 4.4244
300 10 0.181 377.385 7029.2 4.8464
300 10 0.191 389.059 7210.25 5.1026
300 10 0.201 375.751 7001.55 5.1252
300 10 0.211 369.819 6902.88 5.6358
300 10 0.221 357.3 6705.7 6.0608
300 10 0.231 354.511 6665.05 6.1215
300 10 0.241 337.459 6389.76 6.1561
300 10 0.251 326.433 6210.12 6.3544
300 10 0.261 320.266 6113.47 6.5558
300 10 0.271 303.81 5847.45 6.83
300 10 0.281 299.487 5779.71 7.1608
300 10 0.291 292.879 5671.33 7.4156
300 10 0.301 271.132 5326.97 8.1109
300 10 0.311 269.04 5292.04 8.5712
300 10 0.321 260.635 5158.36 8.7558
300 10 0.331 259.716 5144.98 9.1183
300 10 0.341 246.334 4926.93 8.8976
300 10 0.351 242.764 4870.7 8.5933
300 10 0.361 230.13 4672.04 8.5996
300 10 0.371 221.303 4530.52 9.5344
300 10 0.381 217.082 4463.3 9.7436
300 10 0.391 215.066 4430.69 10.0353
300 10 0.401 204.633 4262.23 10.164
300 10 0.411 183.478 3931.84 10.3369
300 10 0.421 186.828 3982.47 10.9051
300 10 0.431 184.072 3935.34 10.8576
300 10 0.441 173.17 3760.6 10.8657
300 10 0.451 163.732 3610.43 11.0386
300 10 0.461 162.543 3590.8 11.741
300 10 0.471 159.862 3548.19 11.8637
300 10 0.481 152.42 3428.01 12.054
300 10 0.491 149.061 3375.46 12.2953
300 10 0.501 145.021 3313.19 12.2891
300 10 0.511 137.577 3197.38 12.3337
300 10 0.521 136.165 3169.06 12.6439
300 10 0.531 129.549 3064.42 12.3561
300 10 0.541 126.679 3020.53 12.4768
300 10 0.551 121.481 2938.28 12.7401
300 10 0.561 112.246 2794.19 12.5263
300 10 0.571 110.05 2759.68 12.7844
300 10 0.581 98.6281 2575.28 12.936
300 10 0.591 101.072 2613.94 13.148
300 10 0.601 94.6384 2517.13 12.9198
300 10 0.611 91.7002 2466.48 14.2362
300 10 0.621 93.7042 2499.13 14.9005
300 10 0.631 85.948 2378.67 13.9872
300 10 0.641 80.1964 2286.38 14.2
300 10 0.651 82.1692 2318.37 14.8164
300 10 0.661 73.5449 2179.52 14.3837
300 10 0.671 70.5979 2131.92 14.4335
300 10 0.681 70.9568 2141.7 14.2158
300 10 0.691 69.2573 2111.66 15.3913
300 10 0.701 63.8006 2027.21 15.3594
300 10 0.711 62.1748 2003.81 15.2197
300 10 0.721 56.3605 1912.57 14.7118
300 10 0.731 55.8577 1904.47 14.6998
300 10 0.741 52.7167 1856.15 15.2499
300 10 0.751 51.7682 1843.48 15.0124
300 10 0.761 50.738 1826.48 15.0403
300 10 0.771 48.3518 1789.96 15.1246
300 10 0.781 44.445 1724.76 15.0076
300 10 0.791 45.2888 1742.95 14.5444
300 10 0.801 44.4973 1729.14 14.8637
300 10 0.811 41.6636 1685.52 14.7222
300 10 0.821 39.1838 1649.19 14.614
300 10 0.831 37.3032 1620.89 14.53
300 10 0.841 34.8407 1580.77 14.3076
300 10 0.851 34.5355 1581.13 13.7642
300 10 0.861 33.1775 1555.61 14.0599
300 10 0.871 30.6618 1521.07 13.4822
300 10 0.881 29.8447 1505.91 13.7269
300 10 0.891 28.3406 1485.29 13.3442
300 10 0.901 27.9956 1476.89 13.7912
300 10 0.911 26.9555 1462.03 13.5116
300 10 0.921 25.547 1443.25 13.1837
300 10 0.931 23.4063 1412.68 12.5164
300 10 0.941 23.087 1406.91 12.6518
300 10 0.951 21.4648 1384.33 12.3216
300 10 0.961 21.5172 1382.64 12.6719
300 10 0.971 20.1352 1363.35 12.2918
300 10 0.981 19.1596 1345.54 12.8382
300 10 0.991 18.0709 1332.75 12.2158
300 10 1.001 18.0507 1333.25 12.2181
300 10 1.011 16.1326 1306.13 11.4763
300 10 1.021 15.8479 1303.21 11.4639
300 10 1.031 15.0804 1288.86 11.6398
300 10 1.041 13.916 1273.69 10.6985
300 10 1.051 13.8217 1273.15 10.6136
300 10 1.061 13.4909 1268.93 10.922
300 10 1.071 13.0746 1262.85 11.1208
300 10 1.081 12.5563 1254.58 10.9384
300 10 1.091 11.9231 1248.29 10.8729
300 10 1.101 11.9093 1247.47 10.4903
300 10 1.111 11.3226 1239.24 10.0511
300 10 1.121 10.44 1228.84 9.1155
300 10 1.131 10.7054 1232.26 8.9946
300 10 1.141 10.2066 1225.1 8.7628
300 10 1.151 10.0565 1222.24 9.1699
300 10 1.161 9.8127 1219.62 9.3019
300 10 1.171 9.5885 1217.39 9.0145
300 10 1.181 9.6918 1218.67 9.0269
300 10 1.191 9.1383 1211.12 8.9163
300 10 1.201 8.7384 1206.46 8.6065
300 10 1.211 8.6465 1205.58 8.5194
300 10 1.221 8.5964 1205.16 8.5115
300 10 1.231 8.1911 1201.01 8.0026
300 10 1.241 8.0088 1197.29 8.1126
300 10 1.251 7.6652 1193.4 7.9006
300 10 1.261 7.9819 1196.5 8.2749
300 10 1.271 7.7208 1194.06 8.0065
300 10 1.281 7.486 1191.02 7.91
300 10 1.291 7.4165 1190.49 7.7616
300 10 1.301 7.0105 1185.54 7.5018
300 10 1.311 6.8937 1184.49 7.1966
300 10 1.321 6.7708 1182.4 6.6393
300 10 1.331 6.5705 1180.11 6.4591
300 10 1.341 6.3487 1177.44 6.2669
300 10 1.351 6.298 1177.67 6.8483
300 10 1.361 6.0357 1175.02 6.9768
300 10 1.371 6.0408 1174.7 6.6788
300 10 1.381 6.0178 1174.07 6.6831
300 10 1.391 5.9618 1173.62 6.7096
300 10 1.401 5.7919 1171.38 6.4414
300 10 1.411 5.7281 1170.53 6.298
300 10 1.421 5.3204 1166.55 6.1195
300 10 1.431 5.3359 1166.79 6.0472
300 10 1.441 5.2105 1165.49 6.0048
300 10 1.451 5.0597 1163.65 5.7681
300 10 1.461 5.0053 1163.06 5.7685
300 10 1.471 4.8855 1161.54 5.5786
300 10 1.481 4.9346 1162.27 5.2216
300 10 1.491 4.8467 1161 4.8945
300 10 1.501 4.6614 1159.33 4.9447
300 10 1.511 4.5847 1158.51 4.8791
300 10 1.521 4.547 1157.97 4.6248
300 10 1.531 4.2997 1155.56 4.4539
300 10 1.541 4.3729 1155.91 4.4823
300 10 1.551 4.1978 1154.48 4.3385
300 10 1.561 4.2597 1155.04 4.4119
300 10 1.571 4.0551 1152.91 4.2236
300 10 1.581 4.0801 1153.05 4.2399
300 10 1.591 3.9401 1151.55 4.0662
300 10 1.601 4.0251 1152.43 4.1586
300 10 1.611 3.9756 1152.03 4.1409
300 10 1.621 3.9184 1151.36 4.0949
300 10 1.631 3.8035 1150.2 3.9691
300 10 1.641 3.7257 1149.36 3.9013
300 10 1.651 3.7366 1149.45 3.9009
300 10 1.661 3.6736 1148.84 3.9848
300 10 1.671 3.6352 1148.51 4.0265
300 10 1.681 3.6181 1148.33 4.3013
300 10 1.691 3.5461 1147.54 4.2257
300 10 1.701 3.4226 1146.23 3.8346
300 10 1.711 3.532 1147.37 4.2028
300 10 1.721 3.5292 1147.33 3.9433
300 10 1.731 3.3537 1145.64 3.8525
300 10 1.741 3.3597 1145.7 4.3322
300 10 1.751 3.3601 1145.65 3.9508
300 10 1.761 3.3976 1146.08 4.227
300 10 1.771 3.2276 1144.35 3.9615
300 10 1.781 3.2533 1144.61 3.4968
300 10 1.791 3.2257 1144.28 3.436
300 10 1.801 3.1163 1143.24 3.7888
300 10 1.811 3.1625 1143.71 3.8318
300 10 1.821 3.1943 1144.05 3.829
300 10 1.831 3.1742 1143.74 3.5343
300 10 1.841 3.0515 1142.62 3.4113
300 10 1.851 3.0507 1142.62 3.4107
300 10 1.861 3.0779 1142.83 3.4293
300 10 1.871 3.0738 1142.8 3.4116
300 10 1.881 2.995 1142.07 3.3604
300 10 1.891 2.9834 1141.92 3.354
300 10 1.901 3.0225 1142.25 3.3642
300 10 1.911 2.9872 1141.93 3.347
300 10 1.921 3.0066 1142.08 3.327
300 10 1.931 2.9524 1141.63 3.5133
300 10 1.941 2.9125 1141.19 3.5498
300 10 1.951 2.9426 1141.49 3.5298
300 10 1.961 2.8893 1140.97 3.4781
300 10 1.971 2.9228 1141.27 3.4798
300 10 1.981 2.9207 1141.22 3.4649
300 10 1.991 2.9065 1141.16 3.4379
300 20 0.001 1283.87 20492 3.0919
300 20 0.011 1220.97 19518.9 2.8962
300 20 0.021 1208.35 19320.9 4.2858
300 20 0.031 1123.05 18002.6 4.4327
300 20 0.041 1071.89 17210.9 4.5487
300 20 0.051 1077.51 17295.4 4.8122
300 20 0.061 1001.78 16124.6 4.8178
300 20 0.071 953.641 15377.6 5.1018
300 20 0.081 904.132 14611.2 5.4345
300 20 0.091 857.566 13890.6 5.4965
300 20 0.101 845.718 13703.1 5.8126
300 20 0.111 812.401 13185.8 5.7524
300 20 0.121 778.603 12659.7 6.1152
300 20 0.131 711.391 11622.4 6.1695
300 20 0.141 673.836 11041.7 6.105
300 20 0.151 628.447 10337.8 6.4073
300 20 0.161 614.086 10114.5 6.7487
300 20 0.171 594.755 9809.02 7.1415
300 20 0.181 578.097 9551.86 7.323
300 20 0.191 529.979 8803.56 7.4657
300 20 0.201 504.016 8400.35 7.7385
300 20 0.211 468.246 7847.29 7.7644
300 20 0.221 448.113 7534.94 8.099
300 20 0.231 412.912 6989 8.0741
300 20 0.241 400.378 6792.12 8.49
300 20 0.251 371.17 6341.66 8.4139
300 20 0.261 352.633 6053.06 8.7694
300 20 0.271 332.273 5737.37 8.8475
300 20 0.281 309.949 5394.58 8.9184
300 20 0.291 295.095 5160.89 9.1908
300 20 0.301 277.195 4885.19 9.0302
300 20 0.311 241.784 4337.8 8.5344
300 20 0.321 237.58 4271.61 8.7237
300 20 0.331 228.517 4130.09 8.8712
300 20 0.341 210.468 3850.37 9.6071
300 20 0.351 210.284 3848.69 9.9147
300 20 0.361 178.725 3355.27 10.2267
300 20 0.371 183.819 3436.51 10.195
300 20 0.381 167.973 3193.59 10.0808
300 20 0.391 146.739 2862.44 10.1451
300 20 0.401 145.241 2842.07 10.038
300 20 0.411 133.263 2654.16 10.1178
300 20 0.421 124.491 2518.67 10.1043
300 20 0.431 116.187 2390.89 10.236
300 20 0.441 107.302 2250.34 10.5264
300 20 0.451 106.626 2244.71 10.3786
300 20 0.461 97.527 2102.7 10.7257
300 20 0.471 91.99 2018.57 10.4809
300 20 0.481 81.4479 1859.45 10.2202
300 20 0.491 81.0821 1850.42 10.3464
300 20 0.501 76.3868 1779.52 10.0107
300 20 0.511 69.7171 1674.56 10.6229
300 20 0.521 63.9085 1588.68 10.2976
300 20 0.531 61.0358 1543.91 10.4231
300 20 0.541 57.4738 1490.67 9.1915
300 20 0.551 56.8725 1479.42 9.57
300 20 0.561 50.5184 1382.85 9.1773
300 20 0.571 48.3352 1350.11 9.2775
300 20 0.581 45.4374 1306.43 9.1531
300 20 0.591 45.3422 1304.32 9.4852
300 20 0.601 42.47 1259.75 9.364
300 20 0.611 38.3202 1196.68 9.3987
300 20 0.621 36.0718 1168.99 9.005
300 20 0.631 33.5605 1129.53 9.8636
300 20 0.641 32.9229 1120.6 9.8403
300 20 0.651 32.7918 1117.41 9.9999
300 20 0.661 29.7009 1070.33 9.8953
300 20 0.671 27.706 1042.46 9.7255
300 20 0.681 28.538 1053.04 9.9013
300 20 0.691 26.6763 1026.61 9.9405
300 20 0.701 25.5629 1008.79 9.8081
300 20 0.711 25.3661 1005.8 10.0003
300 20 0.721 23.7092 986.408 9.5529
300 20 0.731 23.0272 973.018 9.5963
300 20 0.741 21.8882 954.86 9.8547
300 20 0.751 20.7096 940.514 9.5716
300 20 0.761 19.5841 925.093 9.5129
300 20 0.771 20.3218 932.995 9.7304
300 20 0.781 18.549 908.351 9.5422
300 20 0.791 17.9583 901.486 9.354
300 20 0.801 16.7975 886.333 9.1606
300 20 0.811 16.4377 881.104 9.2106
300 20 0.821 16.3534 879.547 9.2881
300 20 0.831 15.3772 865.331 9.1911
300 20 0.841 15.5574 867.758 9.3282
300 20 0.851 14.284 851.724 9.012
300 20 0.861 14.3658 852.725 9.1958
300 20 0.871 13.7356 843.343 8.9711
300 20 0.881 13.8255 843.737 9.0779
300 20 0.891 13.2804 838.533 8.6971
300 20 0.901 12.5335 830.246 8.7625
300 20 0.911 12.4096 827.111 9.2748
300 20 0.921 12.0224 821.718 9.1068
300 20 0.931 11.8001 818.526 8.7925
300 20 0.941 11.2812 813.53 8.416
300 20 0.951 10.5586 804.656 8.0266
300 20 0.961 10.9925 809.016 8.3729
300 20 0.971 10.5766 803.992 8.3431
300 20 0.981 10.0669 798.825 8.3436
300 20 0.991 10.2877 800.364 8.2609
300 20 1.001 9.7205 793.453 8.1967
300 20 1.011 9.53 791.699 8.4226
300 20 1.021 9.1598 787.131 8.5307
300 20 1.031 8.9453 784.484 8.532
300 20 1.041 8.659 781.28 8.4116
300 20 1.051 8.1509 775.776 8.0695
300 20 1.061 8.2233 776.281 7.5818
300 20 1.071 8.2345 775.824 7.2559
300 20 1.081 7.9504 772.956 7.2579
300 20 1.091 7.7553 770.659 7.0583
300 20 1.101 7.6979 769.843 7.108
300 20 1.111 7.4986 767.711 6.999
300 20 1.121 7.3411 765.8 6.9488
300 20 1.131 7.0877 763.127 6.8003
300 20 1.141 6.9242 761.35 6.6382
300 20 1.151 6.9314 761.439 6.6659
300 20 1.161 6.7345 759.468 6.5683
300 20 1.171 6.7392 759.35 6.4908
300 20 1.181 6.7015 758.581 6.5882
300 20 1.191 6.4622 756.355 6.4572
300 20 1.201 6.7483 758.966 6.3707
300 20 1.211 6.2527 754.177 5.8618
300 20 1.221 6.3111 754.568 5.9639
300 20 1.231 5.9513 751.04 5.6542
300 20 1.241 6.1675 753.002 5.852
300 20 1.251 6.0562 751.891 5.7989
300 20 1.261 5.9337 750.571 5.6754
300 20 1.271 5.7216 748.419 5.5204
300 20 1.281 5.8598 749.715 5.6582
300 20 1.291 5.6474 747.626 5.4538
300 20 1.301 5.5144 746.405 5.3768
300 20 1.311 5.5491 746.565 5.4179
300 20 1.321 5.4689 745.61 5.3092
300 20 1.331 5.2066 743.097 5.103
300 20 1.341 5.1263 742.305 5.1369
300 20 1.351 5.0974 741.947 5.3338
300 20 1.361 5.0239 741.204 5.2659
300 20 1.371 4.9587 740.517 5.4242
300 20 1.381 4.9087 740.097 5.3683
300 20 1.391 4.7936 738.869 5.2036
300 20 1.401 4.7332 738.311 5.1502
300 20 1.411 4.6438 737.407 5.028
300 20 1.421 4.5582 736.533 4.7115
300 20 1.431 4.4877 735.873 4.8699
300 20 1.441 4.5649 736.485 4.7526
300 20 1.451 4.4712 735.582 4.6886
300 20 1.461 4.2809 733.693 4.6787
300 20 1.471 4.3871 734.701 4.7847
300 20 1.481 4.1547 732.508 4.5581
300 20 1.491 4.1581 732.558 4.636
300 20 1.501 4.1241 732.159 4.481
300 20 1.511 4.046 731.449 4.308
300 20 1.521 4.0537 731.501 4.3416
300 20 1.531 3.9619 730.615 4.1652
300 20 1.541 3.9962 730.893 4.4462
300 20 1.551 3.8226 729.269 4.1087
300 20 1.561 3.8117 729.112 4.1334
300 20 1.571 3.7852 728.833 4.0649
300 20 1.581 3.7102 728.155 4.0145
300 20 1.591 3.66 727.699 3.6955
300 20 1.601 3.555 726.682 3.7598
300 20 1.611 3.5714 726.844 3.8371
300 20 1.621 3.5876 726.959 3.7007
300 20 1.631 3.518 726.342 3.5999
300 20 1.641 3.3855 725.119 3.9168
300 20 1.651 3.4895 726.052 4.0427
300 20 1.661 3.417 725.377 3.4591
300 20 1.671 3.3782 725.033 3.4098
300 20 1.681 3.3698 724.906 3.5328
300 20 1.691 3.3144 724.415 3.5133
300 20 1.701 3.2719 724.009 4.1582
300 20 1.711 3.3516 724.713 4.464
300 20 1.721 3.253 723.828 3.6787
300 20 1.731 3.1704 723.059 3.6286
300 20 1.741 3.1676 723.073 3.702
300 20 1.751 3.2119 723.381 3.8068
300 20 1.761 3.0791 722.22 3.7465
300 20 1.771 3.1134 722.538 3.6027
300 20 1.781 3.0458 721.878 3.5173
300 20 1.791 3.0952 722.362 3.3486
300 20 1.801 3.0949 722.359 3.5605
300 20 1.811 3.0974 722.305 3.641
300 20 1.821 3.037 721.758 3.3849
300 20 1.831 3.0156 721.576 3.4926
300 20 1.841 2.9643 721.092 3.4227
300 20 1.851 2.9593 721.09 3.5079
300 20 1.861 2.9264 720.738 3.5467
300 20 1.871 2.9351 720.808 3.4875
300 20 1.881 3.01 721.515 3.4869
300 20 1.891 2.8821 720.343 3.4291
300 20 1.901 2.9052 720.55 3.3067
300 20 1.911 2.8769 720.276 3.7003
300 20 1.921 2.9273 720.73 3.7463
300 20 1.931 2.8556 720.052 3.6825
300 20 1.941 2.9019 720.502 3.2721
300 20 1.951 2.8627 720.132 3.2656
300 20 1.961 2.8486 719.986 3.6332
300 20 1.971 2.8727 720.203 3.6669
300 20 1.981 2.8751 720.244 3.6347
300 20 1.991 2.8228 719.755 3.5221
300 30 0.001 1899.22 29707.8 3.0078
300 30 0.011 1776.16 27824 2.6639
300 30 0.021 1742.39 27303.3 3.5954
300 30 0.031 1645.73 25822.7 3.5802
300 30 0.041 1501.95 23622.1 3.6253
300 30 0.051 1428.43 22494.1 4.2906
300 30 0.061 1346.02 21230.1 4.1197
300 30 0.071 1270.04 20063.5 4.5639
300 30 0.081 1166.69 18481.6 4.7048
300 30 0.091 1094.39 17372.8 4.9587
300 30 0.101 1025.79 16319 5.1448
300 30 0.111 923.342 14746.3 5.552
300 30 0.121 869.714 13926.2 5.4337
300 30 0.131 799.562 12848.3 5.7086
300 30 0.141 748.673 12063.9 5.8843
300 30 0.151 713.919 11538.2 5.8445
300 30 0.161 607.307 9901.91 6.0974
300 30 0.171 575.437 9412.35 6.0856
300 30 0.181 516.33 8504.11 6.3052
300 30 0.191 495.299 8183.98 6.5407
300 30 0.201 474.48 7862.24 6.6935
300 30 0.211 416.007 6966.09 6.6754
300 30 0.221 354.124 6016.32 6.7669
300 30 0.231 360.266 6109.16 7.0556
300 30 0.241 321.803 5518.31 7.16
300 30 0.251 283.916 4938.73 6.99
300 30 0.261 265.166 4653.18 7.2567
300 30 0.271 238.601 4246.62 7.1553
300 30 0.281 225.371 4044.56 8.321
300 30 0.291 193.67 3558.9 8.4694
300 30 0.301 188.904 3486.96 7.729
300 30 0.311 169.034 3183.56 7.6519
300 30 0.321 151.639 2915.73 7.7542
300 30 0.331 142.155 2774.81 7.4727
300 30 0.341 134.062 2645.34 7.864
300 30 0.351 111.094 2295.52 7.8137
300 30 0.361 106.777 2228.54 7.8421
300 30 0.371 101.546 2148.69 8.0128
300 30 0.381 94.009 2037.33 7.8374
300 30 0.391 85.5894 1908.32 7.7534
300 30 0.401 79.0458 1808.94 7.8758
300 30 0.411 67.8701 1640.82 7.9462
300 30 0.421 68.0591 1640.76 7.8128
300 30 0.431 58.8846 1505.84 7.3405
300 30 0.441 55.5671 1451.66 7.8263
300 30 0.451 50.443 1377.92 7.4946
300 30 0.461 51.6029 1393.86 8.2103
300 30 0.471 45.4557 1303.77 8.4671
300 30 0.481 43.0756 1264 8.7377
300 30 0.491 40.0883 1219.01 8.0659
300 30 0.501 36.4751 1166.94 7.8467
300 30 0.511 35.6813 1155.04 7.8011
300 30 0.521 32.2779 1104.25 7.6917
300 30 0.531 30.978 1086.97 7.5618
300 30 0.541 28.3155 1045.86 7.8029
300 30 0.551 28.6033 1050.72 7.4211
300 30 0.561 25.6061 1008.58 7.1018
300 30 0.571 25.9486 1010.41 7.4078
300 30 0.581 24.1241 985.41 7.4221
300 30 0.591 22.1343 957.407 7.9572
300 30 0.601 20.7007 934.855 7.7553
300 30 0.611 21.5316 946.1 7.8741
300 30 0.621 19.8486 923.611 7.8107
300 30 0.631 19.4396 917.263 7.8611
300 30 0.641 18.7264 910.395 7.7173
300 30 0.651 18.1271 899.36 7.8121
300 30 0.661 17.1935 887.968 7.7286
300 30 0.671 17.2789 888.743 7.3077
300 30 0.681 16.4983 878.707 7.2236
300 30 0.691 15.5561 865.446 7.2722
300 30 0.701 15.4043 863.763 7.7039
300 30 0.711 14.5158 853.133 7.2649
300 30 0.721 14.053 846.93 7.6301
300 30 0.731 14.3315 849.784 7.9095
300 30 0.741 14.2722 848.193 7.7091
300 30 0.751 13.6555 841.467 7.7901
300 30 0.761 13.15 834.322 7.7478
300 30 0.771 12.482 826.372 7.5034
300 30 0.781 12.376 824.98 7.5182
300 30 0.791 12.0534 820.411 7.5672
300 30 0.801 11.6322 815.393 7.4927
300 30 0.811 11.2921 811.003 6.8664
300 30 0.821 11.3082 811.801 6.6386
300 30 0.831 10.9296 806.361 6.6456
300 30 0.841 11.0778 808.179 6.8038
300 30 0.851 10.2648 798.404 6.8977
300 30 0.861 10.137 797.409 6.4041
300 30 0.871 9.7822 793.215 6.3465
300 30 0.881 10.0618 795.487 6.7725
300 30 0.891 9.1145 785.023 6.715
300 30 0.901 9.4968 789.339 6.8903
300 30 0.911 9.2677 786.039 6.7568
300 30 0.921 8.624 779.166 6.7355
300 30 0.931 8.5498 777.824 6.8189
300 30 0.941 8.5544 778.002 6.9789
300 30 0.951 8.1705 773.573 6.7595
300 30 0.961 8.0223 771.962 6.2505
300 30 0.971 7.9056 770.28 6.5879
300 30 0.981 7.855 769.945 6.4535
300 30 0.991 7.7203 767.911 6.3387
300 30 1.001 7.7407 767.973 6.4254
300 30 1.011 7.1657 761.863 6.2119
300 30 1.021 7.2375 762.302 6.2461
300 30 1.031 7.0263 760.084 6.1154
300 30 1.041 6.7268 756.517 5.9985
300 30 1.051 6.8079 757.202 6.1722
300 30 1.061 6.5072 754.216 6.0793
300 30 1.071 6.3908 752.714 6.2139
300 30 1.081 6.4197 753.22 6.4374
300 30 1.091 6.2042 750.8 6.3262
300 30 1.101 6.1507 750.376 6.0054
300 30 1.111 6.0393 748.898 6.0545
300 30 1.121 6.0954 749.257 6.2905
300 30 1.131 5.9497 747.662 6.2583
300 30 1.141 5.6449 744.441 6.069
300 30 1.151 5.6773 744.875 6.184
300 30 1.161 5.849 746.472 6.2815
300 30 1.171 5.5559 743.494 6.0337
300 30 1.181 5.5102 742.936 5.7556
300 30 1.191 5.5562 743.266 5.7538
300 30 1.201 5.2572 740.079 5.595
300 30 1.211 5.3439 741.187 5.7102
300 30 1.221 5.1055 738.746 5.5154
300 30 1.231 5.0155 737.58 5.5349
300 30 1.241 4.9251 736.802 5.8119
300 30 1.251 4.821 735.744 5.634
300 30 1.261 4.9129 736.615 5.4419
300 30 1.271 4.8233 735.569 5.3436
300 30 1.281 4.6969 734.334 5.251
300 30 1.291 4.4449 731.709 5.4101
300 30 1.301 4.5429 732.767 5.3963
300 30 1.311 4.5761 732.932 5.329
300 30 1.321 4.5489 732.64 5.4529
300 30 1.331 4.5253 732.297 5.0414
300 30 1.341 4.2962 730.103 5.0461
300 30 1.351 4.296 729.898 4.9439
300 30 1.361 4.0871 727.914 4.8355
300 30 1.371 4.1946 728.953 4.923
300 30 1.381 4.0593 727.657 4.7909
300 30 1.391 4.1897 728.861 4.9227
300 30 1.401 4.183 728.726 4.9189
300 30 1.411 3.9618 726.604 4.751
300 30 1.421 3.9895 726.672 4.7508
300 30 1.431 3.9202 726.121 4.703
300 30 1.441 3.8579 725.395 4.6613
300 30 1.451 3.905 725.849 4.7102
300 30 1.461 3.7168 723.835 4.5658
300 30 1.471 3.7372 723.946 4.5455
300 30 1.481 3.6741 723.363 4.4816
300 30 1.491 3.5889 722.604 4.4333
300 30 1.501 3.543 722.123 4.4045
300 30 1.511 3.4428 721.1 4.2802
300 30 1.521 3.5287 721.776 4.3522
300 30 1.531 3.452 721.237 4.3004
300 30 1.541 3.4027 720.727 4.266
300 30 1.551 3.4328 720.837 4.2693
300 30 1.561 3.3677 720.253 4.2219
300 30 1.571 3.2511 719.14 4.1678
300 30 1.581 3.2418 719.039 4.777
300 30 1.591 3.1824 718.483 4.2395
300 30 1.601 3.231 718.92 4.2708
300 30 1.611 3.1832 718.442 4.2512
300 30 1.621 3.1306 717.947 4.1694
300 30 1.631 3.1668 718.235 4.2495
300 30 1.641 3.1507 718.035 4.1653
300 30 1.651 3.1366 717.945 4.0141
300 30 1.661 3.0597 717.226 4.0282
300 30 1.671 3.0851 717.333 4.0592
300 30 1.681 3.0571 717.224 3.9865
300 30 1.691 2.9801 716.327 4.0212
300 30 1.701 2.9464 716.092 4.182
300 30 1.711 2.9316 715.859 3.6989
300 30 1.721 2.9379 716.052 3.6809
300 30 1.731 2.9625 716.184 3.6984
300 30 1.741 2.8693 715.17 3.6312
300 30 1.751 2.9339 715.825 3.6592
300 30 1.761 2.9208 715.862 3.6721
300 30 1.771 2.854 715.052 3.6377
300 30 1.781 2.8367 714.885 3.9536
300 30 1.791 2.8229 714.783 3.9157
300 30 1.801 2.8162 714.623 3.8007
300 30 1.811 2.7984 714.475 3.9201
300 30 1.821 2.781 714.398 3.9864
300 30 1.831 2.7881 714.398 4.0042
300 30 1.841 2.7786 714.339 3.9631
300 30 1.851 2.7648 714.124 3.9526
300 30 1.861 2.6939 713.544 3.7157
300 30 1.871 2.6952 713.493 3.5278
300 30 1.881 2.6817 713.376 3.5362
300 30 1.891 2.6947 713.464 3.5537
300 30 1.901 2.6694 713.221 3.5148
300 30 1.911 2.7066 713.581 3.5465
300 30 1.921 2.681 713.361 3.5248
300 30 1.931 2.6855 713.385 3.56
300 30 1.941 2.6979 713.536 3.5587
300 30 1.951 2.629 712.803 3.4937
300 30 1.961 2.6492 713.062 3.5003
300 30 1.971 2.6536 713.072 3.478
300 30 1.981 2.6661 713.159 3.4871
300 30 1.991 2.71 713.589 3.5049
300 40 0.001 2536.5 36595.1 10.7828
300 40 0.011 2538.82 36644.5 12.7628
300 40 0.021 2332.11 33738.9 12.1251
300 40 0.031 2177.88 31572.8 11.8495
300 40 0.041 2033.14 29533.1 11.5584
300 40 0.051 1863.99 27147.4 11.7404
300 40 0.061 1726.35 25229 11.3671
300 40 0.071 1645.31 24081.8 11.8269
300 40 0.081 1494.89 21945.8 11.3297
300 40 0.091 1359.98 20052.7 11.1608
300 40 0.101 1253.62 18550.1 11.1303
300 40 0.111 1184.51 17558.2 11.0854
300 40 0.121 1087.6 16197.8 10.764
300 40 0.131 969.775 14520.6 10.1462
300 40 0.141 865.065 13029.1 10.2948
300 40 0.151 842.851 12703.8 10.3071
300 40 0.161 738.291 11213.3 9.9114
300 40 0.171 663.582 10148.9 9.5634
300 40 0.181 617.028 9477.28 9.6256
300 40 0.191 595.7 9170.66 9.7103
300 40 0.201 524.934 8167.02 9.9762
300 40 0.211 454.906 7157.04 10.2476
300 40 0.221 424.919 6731.87 10.2517
300 40 0.231 402.096 6403.49 10.1635
300 40 0.241 362.512 5826.3 10.1714
300 40 0.251 308.471 5053.75 9.899
300 40 0.261 279.994 4644.72 10.1738
300 40 0.271 277.528 4607.74 10.0255
300 40 0.281 244.706 4134.01 9.876
300 40 0.291 211.886 3658.84 9.7389
300 40 0.301 182.28 3230.72 9.6587
300 40 0.311 174.17 3118.45 9.3384
300 40 0.321 155.422 2844.25 8.185
300 40 0.331 143.604 2667.77 8.3387
300 40 0.341 124.794 2402.16 8.1048
300 40 0.351 113.1 2227.89 8.0101
300 40 0.361 103.109 2082.81 7.9229
300 40 0.371 99.5329 2032.67 8.1631
300 40 0.381 91.8838 1921.15 9.1614
300 40 0.391 87.7629 1860.25 9.1159
300 40 0.401 74.1314 1661.82 9.0348
300 40 0.411 69.6118 1596.12 7.814
300 40 0.421 60.3433 1461.75 7.4619
300 40 0.431 62.8167 1499.6 7.4487
300 40 0.441 53.252 1356.17 7.5097
300 40 0.451 47.8649 1275.4 7.405
300 40 0.461 47.9659 1278.92 7.4732
300 40 0.471 40.498 1168.61 7.329
300 40 0.481 37.9747 1135.77 7.183
300 40 0.491 37.8687 1134.71 7.3019
300 40 0.501 33.0508 1067.91 7.0109
300 40 0.511 30.8249 1033.34 6.9915
300 40 0.521 30.8107 1035.12 7.0028
300 40 0.531 27.762 992.944 6.9006
300 40 0.541 27.3655 983.949 8.3129
300 40 0.551 25.4922 957.827 7.7214
300 40 0.561 23.7211 933.763 6.875
300 40 0.571 23.9794 934.496 7.1193
300 40 0.581 22.9984 922.081 7.1877
300 40 0.591 21.6154 903.339 8.0607
300 40 0.601 20.7064 890.785 7.9898
300 40 0.611 20.1871 883.269 7.9423
300 40 0.621 18.1028 855.958 7.1006
300 40 0.631 18.3016 858.906 7.5329
300 40 0.641 16.9907 839.793 6.85
300 40 0.651 16.9193 838.29 6.9527
300 40 0.661 15.7531 823.655 6.8591
300 40 0.671 16.5428 832.107 7.3438
300 40 0.681 15.5712 819.347 7.2204
300 40 0.691 15.6264 820.778 7.2701
300 40 0.701 14.6113 807.739 7.011
300 40 0.711 14.5064 806.697 7.136
300 40 0.721 13.9349 800.397 7.0684
300 40 0.731 13.6261 794.795 7.0144
300 40 0.741 13.6181 794.604 6.9456
300 40 0.751 12.9752 787.226 6.8945
300 40 0.761 12.6562 782.864 6.746
300 40 0.771 12.4201 779.699 6.7685
300 40 0.781 11.7789 772.667 7.1495
300 40 0.791 11.5427 769.319 6.9043
300 40 0.801 11.3816 767.365 6.5657
300 40 0.811 11.3504 767.111 7.096
300 40 0.821 10.7599 759.547 7.0749
300 40 0.831 10.8036 759.815 6.9646
300 40 0.841 10.4177 755.541 6.8484
300 40 0.851 9.6806 747.285 6.8079
300 40 0.861 10.3414 754.219 6.8021
300 40 0.871 9.6412 746.128 6.1641
300 40 0.881 9.7059 746.625 6.2528
300 40 0.891 9.2965 742.081 6.5737
300 40 0.901 9.0438 739.13 6.8084
300 40 0.911 8.6177 734.571 6.7167
300 40 0.921 8.6221 733.848 6.7467
300 40 0.931 8.322 731.451 6.8005
300 40 0.941 8.5504 733.183 6.9132
300 40 0.951 8.3969 731.248 7.0391
300 40 0.961 7.8752 725.724 6.2592
300 40 0.971 7.7533 724.261 5.9963
300 40 0.981 7.748 723.944 6.15
300 40 0.991 7.718 723.756 6.8038
300 40 1.001 7.2197 718.318 6.1383
300 40 1.011 7.2599 718.433 6.1273
300 40 1.021 6.9892 715.564 6.0067
300 40 1.031 7.0083 715.304 6.0621
300 40 1.041 6.5313 710.401 5.8553
300 40 1.051 6.533 710.249 5.9225
300 40 1.061 6.2893 707.809 5.7835
300 40 1.071 6.3126 707.593 5.897
300 40 1.081 6.3696 708.244 5.8882
300 40 1.091 6.2261 706.919 5.7939
300 40 1.101 6.0099 704.637 5.7415
300 40 1.111 5.9931 704.277 6.0865
300 40 1.121 5.8474 702.806 5.911
300 40 1.131 5.8739 703.004 5.8429
300 40 1.141 5.7253 701.575 5.7245
300 40 1.151 5.6094 700.382 5.6329
300 40 1.161 5.6599 700.656 5.654
300 40 1.171 5.6358 700.231 5.7417
300 40 1.181 5.5004 698.968 6.1066
300 40 1.191 5.4121 698.202 5.6651
300 40 1.201 5.1238 695.27 5.3438
300 40 1.211 5.395 697.793 5.6275
300 40 1.221 5.2286 696.206 5.5969
300 40 1.231 5.0436 694.312 5.371
300 40 1.241 5.0628 694.435 5.3736
300 40 1.251 4.9356 693.126 5.282
300 40 1.261 4.911 692.961 5.2895
300 40 1.271 4.8429 692.112 5.2415
300 40 1.281 4.7948 691.667 5.236
300 40 1.291 4.7555 691.225 5.3803
300 40 1.301 4.6062 689.692 5.5369
300 40 1.311 4.6033 689.683 5.6266
300 40 1.321 4.5261 688.934 5.2419
300 40 1.331 4.428 687.973 4.8914
300 40 1.341 4.4476 688.184 5.1894
300 40 1.351 4.3086 686.825 5.187
300 40 1.361 4.3413 687.079 5.0995
300 40 1.371 4.2276 685.879 4.9981
300 40 1.381 4.3004 686.628 5.0595
300 40 1.391 4.2566 686.191 5.0224
300 40 1.401 4.2045 685.673 5.0251
300 40 1.411 4.1415 684.969 4.9666
300 40 1.421 4.0541 684.211 4.9802
300 40 1.431 3.9956 683.603 5.3018
300 40 1.441 4.0343 683.972 4.8432
300 40 1.451 3.8547 682.233 4.6672
300 40 1.461 3.9405 683.047 4.7698
300 40 1.471 3.7522 681.288 4.595
300 40 1.481 3.8388 681.974 4.6912
300 40 1.491 3.7395 681.052 4.588
300 40 1.501 3.685 680.499 4.5796
300 40 1.511 3.563 679.381 4.6792
300 40 1.521 3.582 679.571 4.3353
300 40 1.531 3.6137 679.775 4.3283
300 40 1.541 3.4353 678.137 4.218
300 40 1.551 3.4207 677.97 4.1739
300 40 1.561 3.4894 678.586 4.2309
300 40 1.571 3.3711 677.493 4.0971
300 40 1.581 3.3978 677.658 4.1063
300 40 1.591 3.4567 678.242 4.3291
300 40 1.601 3.425 677.95 4.5482
300 40 1.611 3.3102 676.842 4.3586
300 40 1.621 3.3221 677.01 4.2679
300 40 1.631 3.2934 676.705 4.2647
300 40 1.641 3.2949 676.722 4.2779
300 40 1.651 3.2883 676.623 4.2841
300 40 1.661 3.3871 677.542 4.3638
300 40 1.671 3.1681 675.593 4.251
300 40 1.681 3.1652 675.447 4.2057
300 40 1.691 3.1063 674.919 4.167
300 40 1.701 3.0276 674.231 4.0902
300 40 1.711 3.1478 675.275 4.2924
300 40 1.721 3.1407 675.263 4.1239
300 40 1.731 3.0689 674.614 3.9232
300 40 1.741 3.0885 674.726 3.9291
300 40 1.751 3.0512 674.34 3.9255
300 40 1.761 2.9668 673.633 3.9656
300 40 1.771 2.9504 673.479 4.1729
300 40 1.781 2.9989 673.947 4.1931
300 40 1.791 2.9625 673.586 4.0972
300 40 1.801 2.9793 673.745 4.0664
300 40 1.811 2.958 673.536 3.9878
300 40 1.821 2.9407 673.322 4.0553
300 40 1.831 2.8675 672.654 4.0149
300 40 1.841 2.9239 673.17 4.1538
300 40 1.851 2.8966 672.914 4.1361
300 40 1.861 2.8619 672.583 3.7886
300 40 1.871 2.8491 672.517 3.6108
300 40 1.881 2.8354 672.366 3.6027
300 40 1.891 2.8697 672.686 3.6326
300 40 1.901 2.8242 672.276 3.5799
300 40 1.911 2.8159 672.183 3.5741
300 40 1.921 2.823 672.265 3.5862
300 40 1.931 2.7962 672.006 3.5674
300 40 1.941 2.7653 671.705 3.5291
300 40 1.951 2.8175 672.173 3.8319
300 40 1.961 2.8465 672.425 3.9229
300 40 1.971 2.7951 671.965 3.7759
300 40 1.981 2.8307 672.229 3.7601
300 40 1.991 2.8656 672.639 3.7146
400 10 0.001 761.728 13389.9 1.9644
400 10 0.011 800.541 13999.1 2.1337
400 10 0.021 764.802 13435.4 2.4182
400 10 0.031 771.289 13534.6 2.4651
400 10 0.041 744.044 13097.4 2.8219
400 10 0.051 707.632 12525.7 2.5965
400 10 0.061 718.133 12685.9 2.9833
400 10 0.071 671.08 11940.8 3.9575
400 10 0.081 671.019 11938.7 3.7425
400 10 0.091 648.865 11584.9 3.883
400 10 0.101 627.484 11244.6 4.012
400 10 0.111 625.359 11209.9 4.1471
400 10 0.121 591.658 10673.6 4.4547
400 10 0.131 607.379 10919 5.2569
400 10 0.141 596.064 10735.9 5.2837
400 10 0.151 588.77 10615.6 5.6099
400 10 0.161 574.28 10385.8 4.9467
400 10 0.171 553.029 10048.2 5.0996
400 10 0.181 532.43 9717.83 5.4104
400 10 0.191 520.126 9525.45 5.4699
400 10 0.201 496.408 9146.7 5.8074
400 10 0.211 496.99 9155.88 7.0858
400 10 0.221 469.905 8724 7.5496
400 10 0.231 452.279 8440.43 7.4869
400 10 0.241 442.238 8285.93 7.7969
400 10 0.251 432.773 8129.94 8.2049
400 10 0.261 434.776 8157.31 8.6281
400 10 0.271 401.045 7621.64 8.9565
400 10 0.281 401.36 7621.11 9.3018
400 10 0.291 386.27 7372.47 9.813
400 10 0.301 374.976 7202.09 9.375
400 10 0.311 359.818 6960.69 9.0898
400 10 0.321 355.824 6897.12 9.3354
400 10 0.331 351.58 6822.96 9.9837
400 10 0.341 335.423 6574.29 9.8587
400 10 0.351 324.718 6399.43 10.237
400 10 0.361 306.171 6103.22 10.7286
400 10 0.371 310.378 6171.19 11.0189
400 10 0.381 290.453 5851.84 11.3952
400 10 0.391 284.744 5760.45 11.8271
400 10 0.401 277.56 5639.73 12.263
400 10 0.411 262.421 5401.35 12.3718
400 10 0.421 241.293 5067.09 12.2808
400 10 0.431 246.794 5153.82 12.8722
400 10 0.441 249.63 5195.05 13.5126
400 10 0.451 228.667 4859.85 13.5421
400 10 0.461 209.972 4564.08 13.4019
400 10 0.471 218.141 4694.02 14.2927
400 10 0.481 209.983 4571.9 14.2979
400 10 0.491 200.078 4410.49 14.9449
400 10 0.501 189.952 4244.04 15.3964
400 10 0.511 182.314 4122.87 15.6797
400 10 0.521 178.687 4067.73 15.4479
400 10 0.531 177.426 4046.9 15.9313
400 10 0.541 167.449 3884.59 16.0151
400 10 0.551 154.662 3696.32 15.2809
400 10 0.561 153.238 3660.5 16.3176
400 10 0.571 144.44 3522.98 16.4234
400 10 0.581 138.679 3434.69 16.7151
400 10 0.591 131.228 3312.45 16.7282
400 10 0.601 128.672 3273.77 16.9544
400 10 0.611 120.034 3141.4 16.974
400 10 0.621 122.952 3182.16 18.375
400 10 0.631 117.677 3098.81 18.3286
400 10 0.641 110.97 2991.09 18.0838
400 10 0.651 97.8532 2787.25 17.9514
400 10 0.661 100.899 2837.26 17.6007
400 10 0.671 97.5053 2786.24 18.4322
400 10 0.681 92.4053 2703.42 18.4062
400 10 0.691 87.8092 2628.44 18.3471
400 10 0.701 83.489 2563.49 18.3292
400 10 0.711 81.3971 2525.52 19.1479
400 10 0.721 78.2846 2483.29 18.5234
400 10 0.731 77.7923 2472.75 19.0037
400 10 0.741 72.6794 2396.08 18.3454
400 10 0.751 66.7032 2304.14 18.1628
400 10 0.761 65.6266 2286.44 18.3653
400 10 0.771 64.2234 2261.49 19.002
400 10 0.781 60.5048 2206.33 18.667
400 10 0.791 56.0645 2142.85 17.8132
400 10 0.801 56.7609 2150.24 18.2046
400 10 0.811 54.2168 2111.52 18.2111
400 10 0.821 50.0459 2047.65 17.5711
400 10 0.831 47.632 2009.93 18.0557
400 10 0.841 45.7727 1980.13 17.8957
400 10 0.851 44.0675 1954.88 17.5773
400 10 0.861 41.9757 1924.42 17.5329
400 10 0.871 42.2315 1932.22 17.5317
400 10 0.881 38.8821 1877.36 17.1616
400 10 0.891 37.8414 1861.01 17.1778
400 10 0.901 37.4332 1855.11 17.3065
400 10 0.911 34.6146 1813.46 17.1088
400 10 0.921 34.935 1817.28 17.3824
400 10 0.931 32.5999 1782.24 16.9779
400 10 0.941 31.7923 1770.42 16.5552
400 10 0.951 28.8168 1729.98 15.9301
400 10 0.961 29.0169 1726.3 16.4987
400 10 0.971 26.8799 1702.84 15.621
400 10 0.981 26.2962 1692.47 15.8127
400 10 0.991 24.2074 1661.1 15.4899
400 10 1.001 22.789 1642.76 14.7954
400 10 1.011 22.1739 1632.57 14.9362
400 10 1.021 20.869 1613.61 14.8333
400 10 1.031 20.5243 1605.91 14.6887
400 10 1.041 19.8293 1600.91 14.1085
400 10 1.051 18.3815 1578.63 13.8957
400 10 1.061 17.3238 1565.07 13.2377
400 10 1.071 17.1193 1562.48 13.5028
400 10 1.081 16.6125 1555.03 13.0854
400 10 1.091 16.5708 1554.36 13.2189
400 10 1.101 15.6255 1541.1 12.7626
400 10 1.111 15.0282 1533.04 12.52
400 10 1.121 14.2229 1522.81 12.2123
400 10 1.131 13.6854 1517.27 11.8231
400 10 1.141 13.783 1517.49 12.0511
400 10 1.151 13.1726 1509.91 11.435
400 10 1.161 13.5478 1514.83 11.288
400 10 1.171 12.551 1500.76 10.9885
400 10 1.181 12.421 1500.43 11.3701
400 10 1.191 12.0788 1496.53 10.9374
400 10 1.201 11.7263 1491.33 10.7398
400 10 1.211 11.3512 1486.99 10.1534
400 10 1.221 11.1343 1483.81 10.2611
400 10 1.231 11.2712 1486.9 10.4432
400 10 1.241 11.0338 1482.43 9.7617
400 10 1.251 10.5595 1477.24 9.4512
400 10 1.261 9.937 1470.09 9.0927
400 10 1.271 10.1169 1471.93 9.0641
400 10 1.281 9.91 1469.14 9.4617
400 10 1.291 9.6409 1466.09 9.0828
400 10 1.301 9.1189 1459.43 8.6887
400 10 1.311 8.8522 1457.28 8.3636
400 10 1.321 8.8674 1456.41 8.4166
400 10 1.331 8.6143 1453.78 8.4184
400 10 1.341 8.4825 1452.25 8.82
400 10 1.351 8.3818 1451.52 7.7981
400 10 1.361 7.8635 1445.79 7.5215
400 10 1.371 8.0714 1447.8 7.6597
400 10 1.381 7.8918 1445.76 7.3744
400 10 1.391 7.6306 1442.79 7.6201
400 10 1.401 7.6745 1443.02 7.162
400 10 1.411 7.0834 1436.78 6.6944
400 10 1.421 7.3879 1440.27 6.9473
400 10 1.431 7.0269 1436.33 6.5985
400 10 1.441 6.9695 1435.08 6.5348
400 10 1.451 6.5533 1431.55 6.2302
400 10 1.461 6.5489 1431.45 6.5817
400 10 1.471 6.6578 1432.42 7.0448
400 10 1.481 6.4246 1429.69 6.6537
400 10 1.491 6.2267 1427.38 6.4813
400 10 1.501 6.2006 1427.14 6.5161
400 10 1.511 6.1269 1426.32 6.5925
400 10 1.521 5.8323 1423.34 6.2629
400 10 1.531 5.7013 1422.1 5.9168
400 10 1.541 5.6897 1421.68 5.4425
400 10 1.551 5.6194 1420.93 5.3968
400 10 1.561 5.571 1420.56 5.3533
400 10 1.571 5.407 1418.79 5.2035
400 10 1.581 5.3644 1418.33 5.2751
400 10 1.591 5.1356 1415.98 5.6292
400 10 1.601 5.1044 1415.73 5.5295
400 10 1.611 4.9883 1414.5 5.4406
400 10 1.621 5.1838 1416.31 5.6472
400 10 1.631 4.9647 1414.07 4.8936
400 10 1.641 4.8687 1413.07 4.998
400 10 1.651 4.8442 1412.79 5.1642
400 10 1.661 4.8651 1412.91 5.2695
400 10 1.671 4.7326 1411.69 5.1558
400 10 1.681 4.754 1411.89 5.1697
400 10 1.691 4.6836 1411.24 4.9209
400 10 1.701 4.5468 1409.86 4.9975
400 10 1.711 4.5478 1409.73 5.0008
400 10 1.721 4.6079 1410.3 5.0064
400 10 1.731 4.4683 1408.87 4.9749
400 10 1.741 4.4243 1408.39 4.8321
400 10 1.751 4.3862 1408.09 4.8852
400 10 1.761 4.2822 1406.94 4.6971
400 10 1.771 4.2714 1407.06 4.4483
400 10 1.781 4.1818 1406.06 4.3049
400 10 1.791 4.2164 1406.34 4.3392
400 10 1.801 4.1108 1405.32 4.2024
400 10 1.811 4.1003 1405.09 4.2241
400 10 1.821 4.1188 1405.23 4.3138
400 10 1.831 4.0199 1404.23 4.4052
400 10 1.841 4.0148 1404.21 4.3955
400 10 1.851 4.0057 1403.98 4.3718
400 10 1.861 3.9764 1403.81 4.3466
400 10 1.871 3.9102 1403.07 4.2827
400 10 1.881 3.8738 1402.69 4.2516
400 10 1.891 3.9867 1403.77 4.0559
400 10 1.901 3.8551 1402.41 3.8636
400 10 1.911 3.828 1402.2 4.04
400 10 1.921 3.8687 1402.59 4.2027
400 10 1.931 3.7711 1401.61 4.0279
400 10 1.941 3.7888 1401.76 3.8097
400 10 1.951 3.8435 1402.35 3.851
400 10 1.961 3.7848 1401.68 3.7969
400 10 1.971 3.7676 1401.54 3.7759
400 10 1.981 3.79 1401.7 3.7906
400 10 1.991 3.7645 1401.46 3.78
400 20 0.001 1664.85 26483.6 2.941
400 20 0.011 1663.37 26457.5 3.1453
400 20 0.021 1599.33 25466.5 2.8215
400 20 0.031 1528.01 24360.3 3.8371
400 20 0.041 1502.64 23966.8 4.3964
400 20 0.051 1406.21 22474.9 4.5372
400 20 0.061 1380.67 22076.6 4.6988
400 20 0.071 1330.48 21303.2 4.6711
400 20 0.081 1314.22 21043.8 5.6856
400 20 0.091 1198.8 19255.1 5.8264
400 20 0.101 1166.82 18756.5 5.4016
400 20 0.111 1063.12 17153.4 5.4808
400 20 0.121 1000.81 16188.9 5.7191
400 20 0.131 1004.26 16239.4 6.2362
400 20 0.141 929.505 15073.6 6.7742
400 20 0.151 890.382 14476.1 7.0586
400 20 0.161 824.381 13450.3 7.3003
400 20 0.171 801.966 13096.8 8.166
400 20 0.181 762.987 12494.1 8.417
400 20 0.191 720.316 11833.5 7.9425
400 20 0.201 660.731 10912.9 7.7443
400 20 0.211 624.68 10353.1 8.6428
400 20 0.221 611.856 10145.7 9.6183
400 20 0.231 577.357 9608.12 10.0384
400 20 0.241 527.69 8842.51 9.583
400 20 0.251 508.631 8546.53 10.0041
400 20 0.261 477.838 8074.8 9.0789
400 20 0.271 443.432 7533.58 10.5824
400 20 0.281 417.389 7139.55 10.4553
400 20 0.291 383.934 6612.69 10.3067
400 20 0.301 372.78 6435.54 10.7543
400 20 0.311 352.347 6124.19 11.0896
400 20 0.321 320.973 5635 11.1823
400 20 0.331 305.364 5390.11 11.5301
400 20 0.341 284.088 5062.76 11.5817
400 20 0.351 288.019 5118.82 11.991
400 20 0.361 249.482 4528.6 11.4509
400 20 0.371 223.95 4132.27 12.0783
400 20 0.381 217.935 4036.36 12.4597
400 20 0.391 207.733 3884.05 11.8864
400 20 0.401 194.443 3676 11.6558
400 20 0.411 177.573 3420.14 12.4087
400 20 0.421 166.146 3241.75 12.4079
400 20 0.431 153.562 3048.81 12.4766
400 20 0.441 151.421 3013.42 12.5796
400 20 0.451 140.103 2831.98 12.9915
400 20 0.461 133.144 2725.85 13.0072
400 20 0.471 120.616 2537.15 12.879
400 20 0.481 115.148 2452.03 12.8496
400 20 0.491 103.784 2275.12 13.2353
400 20 0.501 98.7788 2200.75 12.9614
400 20 0.511 95.6438 2150.62 13.093
400 20 0.521 90.0839 2068.47 12.8943
400 20 0.531 85.1862 1992.57 13.0423
400 20 0.541 80.807 1925.09 12.9866
400 20 0.551 76.1043 1851.44 13.2119
400 20 0.561 68.8026 1743.97 13.0813
400 20 0.571 66.4859 1706.47 12.9067
400 20 0.581 65.5722 1693.34 12.7511
400 20 0.591 57.6374 1576.34 12.1001
400 20 0.601 53.504 1511.53 11.9624
400 20 0.611 54.6986 1531.26 13.0516
400 20 0.621 50.0834 1460.1 12.696
400 20 0.631 48.8924 1445.59 12.5961
400 20 0.641 46.0779 1403.18 12.7412
400 20 0.651 42.2515 1345.07 12.5992
400 20 0.661 41.9625 1337.47 12.9265
400 20 0.671 38.9475 1292.67 12.8753
400 20 0.681 38.8678 1288.94 13.0391
400 20 0.691 35.5489 1247.19 12.3812
400 20 0.701 34.9906 1237.24 12.718
400 20 0.711 32.3611 1196.38 12.4928
400 20 0.721 31.5129 1186.24 12.5373
400 20 0.731 29.303 1153.34 12.2461
400 20 0.741 28.5165 1141.48 12.2121
400 20 0.751 28.0087 1136.82 12.3474
400 20 0.761 26.2339 1113.11 12.0404
400 20 0.771 24.486 1087.82 11.5459
400 20 0.781 24.6396 1089.3 11.6536
400 20 0.791 23.4519 1073.62 11.4168
400 20 0.801 23.5792 1073.38 11.7075
400 20 0.811 23.039 1064.03 11.8869
400 20 0.821 21.901 1050.34 11.6517
400 20 0.831 20.6954 1036.37 11.2157
400 20 0.841 19.9021 1022.48 11.2737
400 20 0.851 20.0831 1024.79 11.1992
400 20 0.861 18.446 1004.97 10.8923
400 20 0.871 17.6217 992.664 10.5949
400 20 0.881 17.9441 997.797 11.1203
400 20 0.891 17.6041 992.12 11.0148
400 20 0.901 17.2593 987.455 11.1793
400 20 0.911 17.2168 985.603 11.2296
400 20 0.921 16.1122 973.456 10.8155
400 20 0.931 15.9062 971.124 10.7558
400 20 0.941 15.3707 963.218 10.8039
400 20 0.951 14.6496 956.082 10.4013
400 20 0.961 14.6806 955.43 10.6531
400 20 0.971 13.7815 944.928 10.2378
400 20 0.981 13.9652 946.518 10.5598
400 20 0.991 13.155 937.097 10.2189
400 20 1.001 13.0423 935.583 10.1792
400 20 1.011 12.1802 925.659 9.4385
400 20 1.021 11.9848 923.387 9.4386
400 20 1.031 12.0593 923.362 9.5868
400 20 1.041 11.3903 916.442 9.1096
400 20 1.051 11.2093 914.168 9.0007
400 20 1.061 11.4745 916.677 9.2231
400 20 1.071 10.7781 909.011 8.76
400 20 1.081 10.66 907.302 8.7456
400 20 1.091 10.2742 903.51 8.7434
400 20 1.101 10.2329 902.757 8.5794
400 20 1.111 10.3044 903.198 8.7888
400 20 1.121 9.8499 898.176 8.4349
400 20 1.131 9.5942 895.737 8.2209
400 20 1.141 9.3039 892.342 8.147
400 20 1.151 9.4406 893.385 8.1652
400 20 1.161 9.1764 890.651 8.2877
400 20 1.171 9.1155 890.192 8.9852
400 20 1.181 8.8387 887.164 8.8071
400 20 1.191 8.782 886.399 8.7736
400 20 1.201 8.5072 883.467 8.5725
400 20 1.211 8.3327 881.557 7.4553
400 20 1.221 8.4185 882.701 7.712
400 20 1.231 8.2562 880.865 7.767
400 20 1.241 7.975 878.007 7.5063
400 20 1.251 7.8151 876.286 7.3806
400 20 1.261 7.8828 876.814 7.5135
400 20 1.271 7.9376 877.237 7.3902
400 20 1.281 7.6223 874.037 7.0695
400 20 1.291 7.7078 874.887 7.1615
400 20 1.301 7.3911 871.645 6.8378
400 20 1.311 7.145 869.24 6.6653
400 20 1.321 7.2546 870.271 6.7653
400 20 1.331 7.2086 869.7 6.468
400 20 1.341 7.05 868.176 6.3592
400 20 1.351 6.7698 865.32 6.1389
400 20 1.361 6.7632 865.332 6.1269
400 20 1.371 6.6489 863.973 5.9981
400 20 1.381 6.6175 863.85 6.011
400 20 1.391 6.3305 861.028 6.0239
400 20 1.401 6.3218 860.945 6.153
400 20 1.411 6.2848 860.38 5.6573
400 20 1.421 6.0746 858.439 5.5155
400 20 1.431 6.0678 858.342 6.1959
400 20 1.441 6.1804 859.397 6.3846
400 20 1.451 5.8944 856.604 6.1503
400 20 1.461 5.6421 854.175 5.7958
400 20 1.471 5.7986 855.565 6.4049
400 20 1.481 5.5682 853.4 6.2144
400 20 1.491 5.5932 853.591 6.2188
400 20 1.501 5.4176 851.962 6.1079
400 20 1.511 5.3474 851.354 6.1413
400 20 1.521 5.295 850.707 6.1407
400 20 1.531 5.2912 850.641 6.0907
400 20 1.541 5.2624 850.405 6.0614
400 20 1.551 5.0222 848.13 5.8902
400 20 1.561 5.1017 848.816 5.9075
400 20 1.571 5.0028 847.821 5.8031
400 20 1.581 4.8462 846.336 5.6533
400 20 1.591 4.7981 845.939 5.6343
400 20 1.601 4.7188 845.168 5.5251
400 20 1.611 4.6032 844.15 5.4401
400 20 1.621 4.7258 845.207 5.5259
400 20 1.631 4.595 844.045 5.4567
400 20 1.641 4.6082 844.087 5.4503
400 20 1.651 4.5273 843.361 5.3766
400 20 1.661 4.4328 842.458 5.2435
400 20 1.671 4.3689 841.868 5.2069
400 20 1.681 4.4828 842.893 5.2142
400 20 1.691 4.4268 842.401 5.1851
400 20 1.701 4.3577 841.727 4.8073
400 20 1.711 4.371 841.861 4.6836
400 20 1.721 4.249 840.73 4.2693
400 20 1.731 4.262 840.841 4.5561
400 20 1.741 4.2584 840.813 5.1671
400 20 1.751 4.305 841.218 4.9123
400 20 1.761 4.137 839.644 4.149
400 20 1.771 4.1292 839.578 4.0741
400 20 1.781 4.14 839.666 4.051
400 20 1.791 4.0999 839.31 4.1149
400 20 1.801 4.0544 838.896 4.196
400 20 1.811 4.1014 839.306 4.251
400 20 1.821 3.9359 837.784 3.8257
400 20 1.831 3.9313 837.714 3.828
400 20 1.841 3.9037 837.437 3.9364
400 20 1.851 3.8676 837.099 3.9909
400 20 1.861 3.8264 836.735 3.9108
400 20 1.871 3.8333 836.822 3.942
400 20 1.881 3.8514 837.002 3.7242
400 20 1.891 3.8375 836.86 3.8644
400 20 1.901 3.8217 836.674 3.8146
400 20 1.911 3.839 836.831 4.0279
400 20 1.921 3.715 835.712 3.8547
400 20 1.931 3.7617 836.138 3.8945
400 20 1.941 3.7506 836.058 3.8277
400 20 1.951 3.7419 835.941 3.7994
400 20 1.961 3.745 835.989 3.8217
400 20 1.971 3.7345 835.874 3.6895
400 20 1.981 3.7405 835.957 3.6586
400 20 1.991 3.7483 835.982 3.623
400 30 0.001 2646.19 41204.5 2.7855
400 30 0.011 2508.8 39098 3.1473
400 30 0.021 2364.66 36892 3.2139
400 30 0.031 2257.98 35257.1 3.8619
400 30 0.041 2147.57 33561.7 4.3591
400 30 0.051 1996.36 31248 4.4065
400 30 0.061 1807.16 28346.7 4.9506
400 30 0.071 1721.18 27024.2 5.1769
400 30 0.081 1623.11 25520.7 5.4407
400 30 0.091 1478.05 23294.7 5.9976
400 30 0.101 1359.22 21471.6 6.5793
400 30 0.111 1277.14 20217.8 6.6463
400 30 0.121 1187.65 18845.2 7.0349
400 30 0.131 1096.9 17445.4 7.0059
400 30 0.141 1053.2 16779.4 7.0607
400 30 0.151 920.444 14742.7 7.4408
400 30 0.161 880.92 14135.2 7.6639
400 30 0.171 818.575 13179.9 7.9305
400 30 0.181 721.619 11688.4 8.5251
400 30 0.191 691.121 11224.2 8.5148
400 30 0.201 620.039 10130.4 9.0574
400 30 0.211 593.077 9711.98 9.4253
400 30 0.221 520.662 8608.45 9.1993
400 30 0.231 489.146 8125.08 9.0972
400 30 0.241 444.562 7443.92 9.3562
400 30 0.251 410.263 6915.25 9.5977
400 30 0.261 356.705 6092.02 9.2433
400 30 0.271 352.013 6023.06 9.3293
400 30 0.281 285.059 4999.64 8.9293
400 30 0.291 273.913 4827.67 9.4974
400 30 0.301 255.222 4538.98 9.7519
400 30 0.311 222.758 4046.3 9.4852
400 30 0.321 216.869 3957.78 9.6151
400 30 0.331 205.752 3788.89 9.6917
400 30 0.341 170.777 3245.81 10.1292
400 30 0.351 173.913 3294.57 10.6734
400 30 0.361 141.361 2797.64 9.7884
400 30 0.371 136.065 2724.95 9.5978
400 30 0.381 125.818 2560.72 9.7831
400 30 0.391 114.63 2395.38 10.7103
400 30 0.401 108.576 2300.66 10.4049
400 30 0.411 102.797 2215.69 10.2048
400 30 0.421 92.2228 2049.54 10.312
400 30 0.431 81.7025 1894.89 9.9965
400 30 0.441 77.9339 1837.03 10.0137
400 30 0.451 67.5993 1680.18 10.0515
400 30 0.461 68.8294 1695.55 10.4282
400 30 0.471 63.8395 1619.63 10.3446
400 30 0.481 54.381 1484.17 9.9407
400 30 0.491 51.967 1443.58 10.1978
400 30 0.501 46.2832 1359.14 10.0447
400 30 0.511 46.9953 1371.66 10.1017
400 30 0.521 42.8877 1310.82 10.0302
400 30 0.531 43.5381 1321.94 10.3773
400 30 0.541 37.8144 1237.3 9.8993
400 30 0.551 37.7115 1234.34 10.0599
400 30 0.561 34.847 1194.86 10.0595
400 30 0.571 32.9197 1167.85 9.9261
400 30 0.581 32.8486 1167.15 10.2888
400 30 0.591 30.6298 1132.82 10.2149
400 30 0.601 29.7942 1121.79 10.1692
400 30 0.611 27.3384 1089.94 9.6594
400 30 0.621 26.3642 1072.01 9.3492
400 30 0.631 26.1566 1071.23 9.69
400 30 0.641 24.4494 1046.21 9.8865
400 30 0.651 24.7556 1050.98 10.0114
400 30 0.661 24.1488 1039.85 10.1039
400 30 0.671 22.5806 1019.39 10.0091
400 30 0.681 21.4699 1006.11 9.744
400 30 0.691 21.8869 1009.82 10.1573
400 30 0.701 20.2209 987.528 8.8902
400 30 0.711 19.5878 981.446 8.8239
400 30 0.721 19.6159 980.534 8.9535
400 30 0.731 19.6461 979.514 9.1692
400 30 0.741 18.5863 966.626 9.6698
400 30 0.751 17.1654 950.702 8.9959
400 30 0.761 17.3022 950.65 9.5397
400 30 0.771 16.7814 943.912 9.0224
400 30 0.781 17.0459 947.357 9.4938
400 30 0.791 15.8498 932.086 8.9176
400 30 0.801 16.0742 934.313 9.1965
400 30 0.811 15.0618 922.258 8.857
400 30 0.821 15.0165 921.299 9.3134
400 30 0.831 14.9461 920.436 9.1929
400 30 0.841 14.5905 916.081 9.098
400 30 0.851 13.944 908.148 8.8003
400 30 0.861 14.0165 909.142 8.9524
400 30 0.871 13.1452 898.374 8.6437
400 30 0.881 13.4118 901.105 8.9336
400 30 0.891 12.5247 891.142 8.9617
400 30 0.901 12.1018 886.129 8.7271
400 30 0.911 12.2886 887.871 8.9643
400 30 0.921 12.1301 886.115 9.071
400 30 0.931 11.4196 878.348 8.7265
400 30 0.941 11.2267 875.995 8.0813
400 30 0.951 11.1042 873.618 8.5824
400 30 0.961 10.7756 870.478 8.6114
400 30 0.971 10.5659 867.834 8.4846
400 30 0.981 10.0613 862.234 7.6729
400 30 0.991 10.057 861.525 7.7022
400 30 1.001 10.0229 861.246 8.1228
400 30 1.011 9.6824 857.547 8.4151
400 30 1.021 9.1268 851.332 8.1117
400 30 1.031 9.1699 851.233 7.9552
400 30 1.041 9.1315 850.608 8.0228
400 30 1.051 8.7299 846.456 7.8016
400 30 1.061 8.8273 847.029 7.9181
400 30 1.071 8.612 844.806 8.0634
400 30 1.081 8.3612 841.815 7.9225
400 30 1.091 8.3051 841.087 7.8997
400 30 1.101 7.8972 837.028 7.6706
400 30 1.111 7.8955 836.916 7.6893
400 30 1.121 7.9184 836.808 7.7481
400 30 1.131 7.8802 836.327 7.7955
400 30 1.141 7.6902 834.42 7.7763
400 30 1.151 7.4896 832.073 7.4836
400 30 1.161 7.3001 830.339 7.426
400 30 1.171 7.441 831.672 7.567
400 30 1.181 7.3772 830.862 7.4826
400 30 1.191 7.1888 828.896 7.3521
400 30 1.201 7.1186 828.027 7.4668
400 30 1.211 7.0636 827.344 7.4872
400 30 1.221 6.8384 825.003 7.1561
400 30 1.231 6.8094 824.731 7.1927
400 30 1.241 6.7496 823.943 7.228
400 30 1.251 6.5107 821.621 7.0284
400 30 1.261 6.495 821.43 7.0649
400 30 1.271 6.2235 818.782 6.8525
400 30 1.281 6.4035 820.281 7.0106
400 30 1.291 6.3651 819.934 7.0266
400 30 1.301 6.2298 818.557 6.784
400 30 1.311 6.16 817.856 6.91
400 30 1.321 6.0752 817.001 6.8753
400 30 1.331 5.9521 815.824 6.7977
400 30 1.341 5.9495 815.571 6.7771
400 30 1.351 5.7869 814.108 6.6842
400 30 1.361 5.7782 813.918 6.855
400 30 1.371 5.6046 812.117 6.5923
400 30 1.381 5.5378 811.681 6.4861
400 30 1.391 5.5701 811.924 6.3402
400 30 1.401 5.4297 810.381 6.18
400 30 1.411 5.3425 809.627 6.2724
400 30 1.421 5.2402 808.533 6.0353
400 30 1.431 5.3701 809.661 6.0718
400 30 1.441 5.1998 808.072 6.0243
400 30 1.451 5.1461 807.473 6.1543
400 30 1.461 5.0015 806.155 5.9302
400 30 1.471 5.0217 806.268 5.9567
400 30 1.481 4.9204 805.383 5.9143
400 30 1.491 4.9236 805.32 5.9015
400 30 1.501 4.8976 804.972 5.9906
400 30 1.511 4.7197 803.288 5.7291
400 30 1.521 4.7083 803.202 5.752
400 30 1.531 4.7451 803.481 5.7611
400 30 1.541 4.6595 802.699 5.8031
400 30 1.551 4.5754 801.908 5.6062
400 30 1.561 4.4386 800.54 5.5927
400 30 1.571 4.4489 800.719 5.4739
400 30 1.581 4.3701 799.934 5.4038
400 30 1.591 4.3918 800.035 5.4891
400 30 1.601 4.352 799.763 5.6916
400 30 1.611 4.3882 800.039 5.5619
400 30 1.621 4.286 799.081 5.3913
400 30 1.631 4.269 798.947 5.3131
400 30 1.641 4.1891 798.189 5.4379
400 30 1.651 4.1981 798.199 5.5862
400 30 1.661 4.1368 797.68 5.4657
400 30 1.671 4.1134 797.421 5.4838
400 30 1.681 4.0034 796.43 5.3947
400 30 1.691 4.1231 797.496 5.1569
400 30 1.701 4.0452 796.779 5.137
400 30 1.711 3.9973 796.296 5.39
400 30 1.721 3.9009 795.47 5.0425
400 30 1.731 4.028 796.561 5.3385
400 30 1.741 3.9523 795.882 5.1353
400 30 1.751 3.8564 794.995 5.1651
400 30 1.761 3.7824 794.286 4.772
400 30 1.771 3.8811 795.183 4.8512
400 30 1.781 3.7228 793.764 4.7156
400 30 1.791 3.7774 794.259 4.9967
400 30 1.801 3.789 794.306 4.7948
400 30 1.811 3.7422 793.883 4.7311
400 30 1.821 3.7117 793.633 4.7617
400 30 1.831 3.6859 793.396 4.8465
400 30 1.841 3.752 793.966 4.7723
400 30 1.851 3.711 793.597 4.6986
400 30 1.861 3.6854 793.326 4.7662
400 30 1.871 3.6196 792.711 4.7408
400 30 1.881 3.7518 793.916 4.8702
400 30 1.891 3.6105 792.668 4.8365
400 30 1.901 3.5846 792.381 4.7948
400 30 1.911 3.6273 792.788 4.6211
400 30 1.921 3.6247 792.76 4.8029
400 30 1.931 3.594 792.493 4.5987
400 30 1.941 3.5851 792.392 4.7776
400 30 1.951 3.5561 792.142 4.8338
400 30 1.961 3.5872 792.377 4.5894
400 30 1.971 3.6036 792.545 4.5935
400 30 1.981 3.6138 792.608 4.4479
400 30 1.991 3.6361 792.829 4.5078
400 40 0.001 3498.38 50304.6 12.9205
400 40 0.011 3472.74 49979.7 17.9295
400 40 0.021 3134.37 45203.5 18.2168
400 40 0.031 2958.09 42744.6 18.6386
400 40 0.041 2810.13 40656.5 18.2827
400 40 0.051 2563.13 37179.4 17.3936
400 40 0.061 2414.02 35075.7 15.8638
400 40 0.071 2221.34 32365.4 15.2745
400 40 0.081 2081.37 30386.4 15.5652
400 40 0.091 1902.11 27869.1 15.1569
400 40 0.101 1819.78 26683 14.8541
400 40 0.111 1569.18 23143.1 14.4826
400 40 0.121 1458.35 21569.4 13.9017
400 40 0.131 1359.39 20156.7 14.0554
400 40 0.141 1268.6 18877 13.8939
400 40 0.151 1106.32 16549 12.8775
400 40 0.161 968.183 14577 11.7962
400 40 0.171 935.47 14111.2 12.6304
400 40 0.181 832.242 12633.3 12.279
400 40 0.191 834.744 12691.6 12.2265
400 40 0.201 717.243 10990.1 11.3602
400 40 0.211 635.187 9812.5 11.1672
400 40 0.221 603.273 9360.33 11.2025
400 40 0.231 522.122 8181.28 10.9645
400 40 0.241 518.935 8140.33 11.1171
400 40 0.251 428.741 6838.79 10.788
400 40 0.261 395.649 6359.47 11.0104
400 40 0.271 356.451 5796.47 10.3515
400 40 0.281 320.097 5264.28 10.3838
400 40 0.291 289.404 4832.25 10.2706
400 40 0.301 262.766 4449.87 10.0073
400 40 0.311 240.744 4125.35 10.7651
400 40 0.321 223.317 3867.01 10.6082
400 40 0.331 196.825 3486.53 9.7653
400 40 0.341 174.355 3165.24 9.6625
400 40 0.351 163.669 3003.15 9.8135
400 40 0.361 145.195 2735.54 9.5616
400 40 0.371 135.647 2593.51 9.6516
400 40 0.381 117.165 2328.27 9.2151
400 40 0.391 112.342 2257.25 9.4677
400 40 0.401 106.248 2168.95 9.4178
400 40 0.411 94.3717 1993.48 9.4772
400 40 0.421 83.8067 1840.13 9.2582
400 40 0.431 77.6079 1749.97 9.2104
400 40 0.441 74.572 1709.46 9.2284
400 40 0.451 67.8558 1607.4 9.2165
400 40 0.461 60.2353 1500.17 9.025
400 40 0.471 60.5914 1507.18 9.2019
400 40 0.481 50.8655 1365.58 8.7684
400 40 0.491 52.6106 1386.82 9.849
400 40 0.501 43.0761 1249.08 9.8105
400 40 0.511 40.525 1216.95 9.7865
400 40 0.521 41.4339 1229.83 9.3778
400 40 0.531 37.9705 1177.79 9.4033
400 40 0.541 37.7391 1174.85 9.3492
400 40 0.551 33.8008 1120.15 9.0506
400 40 0.561 32.28 1096.48 8.7976
400 40 0.571 30.3258 1072.64 8.6529
400 40 0.581 29.5388 1059.78 8.8305
400 40 0.591 27.6821 1031.49 8.7947
400 40 0.601 27.6875 1033.51 8.7438
400 40 0.611 25.6857 1007.8 8.4588
400 40 0.621 25.0645 998.48 8.3455
400 40 0.631 24.5439 989.388 8.7569
400 40 0.641 24.4546 987.492 8.623
400 40 0.651 21.9126 955.941 8.3357
400 40 0.661 22.2264 958.919 8.4076
400 40 0.671 20.6616 938.825 8.2182
400 40 0.681 21.3867 944.883 9.4482
400 40 0.691 19.2713 919.676 8.2133
400 40 0.701 19.2234 919.291 8.8277
400 40 0.711 18.7708 913.157 8.4283
400 40 0.721 18.7288 911.225 8.5445
400 40 0.731 17.3974 895.636 8.1497
400 40 0.741 17.7431 898.175 8.3935
400 40 0.751 16.9819 889.227 8.5563
400 40 0.761 16.3692 882.4 8.1143
400 40 0.771 16.5886 884.001 8.3132
400 40 0.781 15.8975 876.207 8.5246
400 40 0.791 15.2923 868.259 7.9628
400 40 0.801 15.445 869.937 8.1705
400 40 0.811 14.494 859.162 8.3911
400 40 0.821 14.6355 859.705 8.6492
400 40 0.831 14.127 853.625 8.6898
400 40 0.841 13.5834 847.341 8.5102
400 40 0.851 13.5376 846.98 7.7516
400 40 0.861 13.5064 846.32 7.7588
400 40 0.871 12.9455 840.459 7.6176
400 40 0.881 12.0824 829.841 7.6871
400 40 0.891 12.0474 828.682 7.3533
400 40 0.901 11.77 825.787 7.3307
400 40 0.911 11.6583 824.365 7.3549
400 40 0.921 11.3875 821.119 7.3155
400 40 0.931 11.0524 816.696 7.2729
400 40 0.941 10.8659 814.762 7.1834
400 40 0.951 10.8285 814.127 7.3964
400 40 0.961 10.6675 812.262 7.3564
400 40 0.971 9.9802 804.67 7.0119
400 40 0.981 9.9794 804.264 7.1714
400 40 0.991 9.6151 800.526 7.1119
400 40 1.001 9.6681 800.388 7.1489
400 40 1.011 9.0204 793.672 6.9225
400 40 1.021 9.2388 795.583 7.2157
400 40 1.031 9.0911 793.851 7.3067
400 40 1.041 8.5058 787.45 7.3817
400 40 1.051 8.3701 785.77 7.6101
400 40 1.061 8.3158 785.068 7.5694
400 40 1.071 8.4491 786.506 7.2496
400 40 1.081 7.8923 780.785 6.9604
400 40 1.091 7.801 779.846 6.8949
400 40 1.101 7.6443 777.897 6.9294
400 40 1.111 7.6911 778.034 7.0112
400 40 1.121 7.5194 776.448 6.9183
400 40 1.131 7.4321 775.218 7.1248
400 40 1.141 7.3258 774.154 7.3723
400 40 1.151 7.5096 775.906 7.0944
400 40 1.161 7.2023 772.637 6.924
400 40 1.171 6.9898 770.427 6.7954
400 40 1.181 6.8186 768.697 6.7213
400 40 1.191 6.9472 770.09 7.1573
400 40 1.201 6.8185 768.587 7.0627
400 40 1.211 6.7395 767.469 7.0026
400 40 1.221 6.6703 766.971 7.0124
400 40 1.231 6.6508 766.58 7.0103
400 40 1.241 6.4052 764.18 6.8664
400 40 1.251 6.2643 762.809 6.8625
400 40 1.261 6.0126 760.295 6.6248
400 40 1.271 6.1834 761.72 6.7412
400 40 1.281 6.0358 760.413 6.6977
400 40 1.291 6.0881 760.885 6.7548
400 40 1.301 5.9286 759.009 6.7139
400 40 1.311 6.0314 760.006 6.7355
400 40 1.321 5.8358 758.106 6.2044
400 40 1.331 5.6922 756.649 6.132
400 40 1.341 5.6873 756.635 6.1634
400 40 1.351 5.7809 757.563 6.2351
400 40 1.361 5.7396 756.993 6.2105
400 40 1.371 5.4427 754.174 6.1987
400 40 1.381 5.3958 753.685 6.2689
400 40 1.391 5.416 753.851 6.2695
400 40 1.401 5.3276 752.961 5.9534
400 40 1.411 5.2802 752.491 5.7803
400 40 1.421 5.3049 752.717 5.832
400 40 1.431 5.0368 750.192 5.6685
400 40 1.441 5.074 750.395 5.6192
400 40 1.451 5.0977 750.527 5.6984
400 40 1.461 4.7206 746.997 5.6072
400 40 1.471 4.8975 748.592 5.6393
400 40 1.481 4.7995 747.71 5.6822
400 40 1.491 4.7994 747.658 5.8243
400 40 1.501 4.8207 747.847 5.8475
400 40 1.511 4.655 746.286 5.73
400 40 1.521 4.6317 746.041 5.6764
400 40 1.531 4.5871 745.609 5.5013
400 40 1.541 4.4788 744.494 5.284
400 40 1.551 4.5215 744.934 5.2146
400 40 1.561 4.3965 743.725 5.2768
400 40 1.571 4.3502 743.301 5.2699
400 40 1.581 4.2862 742.657 5.1192
400 40 1.591 4.2257 742.181 5.1372
400 40 1.601 4.2601 742.35 5.1081
400 40 1.611 4.2601 742.439 5.1197
400 40 1.621 4.1717 741.552 5.0374
400 40 1.631 4.1433 741.319 5.1446
400 40 1.641 4.1296 741.175 5.2938
400 40 1.651 4.033 740.256 5.2433
400 40 1.661 4.0341 740.254 5.2038
400 40 1.671 3.9858 739.801 5.1641
400 40 1.681 3.9932 739.884 5.0849
400 40 1.691 4.0379 740.292 5.0768
400 40 1.701 3.9805 739.719 4.9888
400 40 1.711 3.8928 738.905 4.7376
400 40 1.721 3.9291 739.225 4.8391
400 40 1.731 3.8698 738.715 4.802
400 40 1.741 3.8428 738.426 4.591
400 40 1.751 3.8391 738.445 4.5262
400 40 1.761 3.8009 738.088 4.5007
400 40 1.771 3.8238 738.279 4.5015
400 40 1.781 3.7576 737.633 4.434
400 40 1.791 3.7731 737.764 4.4328
400 40 1.801 3.7144 737.202 4.3662
400 40 1.811 3.7092 737.197 4.3739
400 40 1.821 3.6923 736.956 4.3384
400 40 1.831 3.665 736.725 4.5519
400 40 1.841 3.7242 737.265 4.5625
400 40 1.851 3.6175 736.304 4.4385
400 40 1.861 3.6689 736.736 4.4835
400 40 1.871 3.5418 735.579 4.3377
400 40 1.881 3.6098 736.238 4.4008
400 40 1.891 3.6104 736.199 4.4504
400 40 1.901 3.5797 735.991 4.3737
400 40 1.911 3.6538 736.627 4.4919
400 40 1.921 3.5957 736.079 4.3738
400 40 1.931 3.567 735.793 4.3302
400 40 1.941 3.5459 735.576 4.3688
400 40 1.951 3.5636 735.739 4.3354
400 40 1.961 3.5602 735.729 4.2457
400 40 1.971 3.568 735.792 4.1846
400 40 1.981 3.5938 736.025 4.1477
400 40 1.991 3.5996 736.043 4.1519
