200 10 0.001 407.284 2.5176e-05
200 10 0.011 397.433 2.50162e-05
200 10 0.021 391.932 2.50006e-05
200 10 0.031 382.203 2.40111e-05
200 10 0.041 382.479 2.38877e-05
200 10 0.051 375.555 2.51385e-05
200 10 0.061 361.255 2.49735e-05
200 10 0.071 350.915 2.50772e-05
200 10 0.081 347.499 2.33137e-05
200 10 0.091 349.326 2.31783e-05
200 10 0.101 344.147 2.29924e-05
200 10 0.111 342.435 2.31202e-05
200 10 0.121 326.805 2.33327e-05
200 10 0.131 331.638 2.41648e-05
200 10 0.141 319.7 2.49146e-05
200 10 0.151 313.218 2.50065e-05
200 10 0.161 304.553 2.50086e-05
200 10 0.171 296.17 2.41253e-05
200 10 0.181 292.144 2.41369e-05
200 10 0.191 271.522 2.51052e-05
200 10 0.201 283.628 2.51344e-05
200 10 0.211 274.663 2.52082e-05
200 10 0.221 263.699 2.51468e-05
200 10 0.231 251.162 2.51325e-05
200 10 0.241 256.787 2.50965e-05
200 10 0.251 249.844 2.51054e-05
200 10 0.261 237.921 2.51616e-05
200 10 0.271 226.828 2.52e-05
200 10 0.281 224.514 2.51683e-05
200 10 0.291 213.076 2.50548e-05
200 10 0.301 211.026 2.50538e-05
200 10 0.311 213.779 2.50668e-05
200 10 0.321 207.066 2.34771e-05
200 10 0.331 200.039 2.32293e-05
200 10 0.341 191.92 2.49503e-05
200 10 0.351 193.453 2.50808e-05
200 10 0.361 185.716 2.50909e-05
200 10 0.371 184.773 2.5114e-05
200 10 0.381 174.843 2.50657e-05
200 10 0.391 170.178 2.51234e-05
200 10 0.401 163.724 2.509e-05
200 10 0.411 160.94 2.50516e-05
200 10 0.421 153.682 2.50556e-05
200 10 0.431 154.242 2.50428e-05
200 10 0.441 149.296 2.49976e-05
200 10 0.451 147.873 2.50135e-05
200 10 0.461 139.841 2.50155e-05
200 10 0.471 142.58 2.49881e-05
200 10 0.481 131.853 2.49383e-05
200 10 0.491 125.231 2.49762e-05
200 10 0.501 125.833 2.49849e-05
200 10 0.511 119.009 2.49672e-05
200 10 0.521 118.41 2.49373e-05
200 10 0.531 111.814 2.48367e-05
200 10 0.541 109.265 2.49009e-05
200 10 0.551 106.93 2.49275e-05
200 10 0.561 102.621 2.49055e-05
200 10 0.571 101.943 2.4977e-05
200 10 0.581 100.208 2.4966e-05
200 10 0.591 96.1028 2.50105e-05
200 10 0.601 92.175 2.48547e-05
200 10 0.611 92.784 2.43605e-05
200 10 0.621 87.5306 2.41225e-05
200 10 0.631 84.5016 2.48809e-05
200 10 0.641 84.4611 2.32055e-05
200 10 0.651 80.4892 2.40481e-05
200 10 0.661 78.7436 2.40991e-05
200 10 0.671 77.1696 2.30308e-05
200 10 0.681 72.8324 2.40887e-05
200 10 0.691 71.1855 2.40152e-05
200 10 0.701 69.7099 2.27518e-05
200 10 0.711 66.335 2.27718e-05
200 10 0.721 66.346 2.2637e-05
200 10 0.731 65.5194 2.40946e-05
200 10 0.741 63.2702 2.45167e-05
200 10 0.751 61.24 2.45266e-05
200 10 0.761 59.1895 2.37037e-05
200 10 0.771 58.8876 2.37416e-05
200 10 0.781 55.506 2.40783e-05
200 10 0.791 54.7527 2.33494e-05
200 10 0.801 54.2634 2.38928e-05
200 10 0.811 52.1491 2.32178e-05
200 10 0.821 50.7407 2.35269e-05
200 10 0.831 50.4164 2.31229e-05
200 10 0.841 49.3724 2.31001e-05
200 10 0.851 48.0832 2.30952e-05
200 10 0.861 46.6227 2.38604e-05
200 10 0.871 46.0366 2.44899e-05
200 10 0.881 44.3218 2.45577e-05
200 10 0.891 43.4285 2.47986e-05
200 10 0.901 42.2179 2.47954e-05
200 10 0.911 41.8565 2.4799e-05
200 10 0.921 41.212 2.48315e-05
200 10 0.931 39.5806 2.46554e-05
200 10 0.941 39.0161 2.46335e-05
200 10 0.951 38.4124 2.43221e-05
200 10 0.961 37.6577 2.37927e-05
200 10 0.971 37.0788 2.31998e-05
200 10 0.981 36.6271 2.35468e-05
200 10 0.991 35.7176 2.41417e-05
200 10 1.001 35.3398 2.31221e-05
200 10 1.011 34.0563 2.32454e-05
200 10 1.021 33.8169 2.31366e-05
200 10 1.031 33.0468 2.32545e-05
200 10 1.041 32.5277 2.46155e-05
200 10 1.051 32.1201 2.45951e-05
200 10 1.061 31.5802 2.45431e-05
200 10 1.071 31.2422 2.46285e-05
200 10 1.081 30.8924 2.45686e-05
200 10 1.091 30.5988 2.42835e-05
200 10 1.101 30.1649 2.38689e-05
200 10 1.111 30.1493 2.39411e-05
200 10 1.121 29.7094 2.46661e-05
200 10 1.131 29.5066 2.36899e-05
200 10 1.141 28.9651 2.42396e-05
200 10 1.151 28.7871 2.46319e-05
200 10 1.161 28.6736 2.42717e-05
200 10 1.171 28.4958 2.45496e-05
200 10 1.181 28.1963 2.3543e-05
200 10 1.191 27.9556 2.48262e-05
200 10 1.201 27.991 2.49014e-05
200 10 1.211 27.6447 2.49092e-05
200 10 1.221 27.482 2.49438e-05
200 10 1.231 27.2834 2.49186e-05
200 10 1.241 27.1275 2.49404e-05
200 10 1.251 26.9663 2.42423e-05
200 10 1.261 26.7847 2.48644e-05
200 10 1.271 26.6891 2.48918e-05
200 10 1.281 26.5134 2.48789e-05
200 10 1.291 26.1501 2.49186e-05
200 10 1.301 26.1595 2.4928e-05
200 10 1.311 25.8015 2.50078e-05
200 10 1.321 25.7801 2.49931e-05
200 10 1.331 25.6472 2.50012e-05
200 10 1.341 25.3478 2.499e-05
200 10 1.351 25.2875 2.49675e-05
200 10 1.361 25.1783 2.49326e-05
200 10 1.371 25.035 2.47548e-05
200 10 1.381 24.9033 2.47978e-05
200 10 1.391 24.7002 2.48723e-05
200 10 1.401 24.6539 2.48598e-05
200 10 1.411 24.5013 2.48212e-05
200 10 1.421 24.3224 2.48442e-05
200 10 1.431 24.1723 2.48283e-05
200 10 1.441 24.033 2.48642e-05
200 10 1.451 23.9777 2.4716e-05
200 10 1.461 23.8887 2.4554e-05
200 10 1.471 23.7267 2.45769e-05
200 10 1.481 23.6856 2.45873e-05
200 10 1.491 23.4553 2.46555e-05
200 10 1.501 23.3399 2.46108e-05
200 10 1.511 23.3042 2.45676e-05
200 10 1.521 23.127 2.45231e-05
200 10 1.531 23.0106 2.45777e-05
200 10 1.541 22.9858 2.45681e-05
200 10 1.551 22.8211 2.44897e-05
200 10 1.561 22.7585 2.44756e-05
200 10 1.571 22.5296 2.4442e-05
200 10 1.581 22.4132 2.41559e-05
200 10 1.591 22.4674 2.35502e-05
200 10 1.601 22.3504 2.38008e-05
200 10 1.611 22.2211 2.43977e-05
200 10 1.621 22.0566 2.33538e-05
200 10 1.631 22.1209 2.36739e-05
200 10 1.641 22.047 2.44666e-05
200 10 1.651 22.0483 2.44006e-05
200 10 1.661 21.8459 2.31615e-05
200 10 1.671 21.8159 2.36595e-05
200 10 1.681 21.7155 2.29323e-05
200 10 1.691 21.7133 2.41489e-05
200 10 1.701 21.612 2.44863e-05
200 10 1.711 21.553 2.44958e-05
200 10 1.721 21.4595 2.45172e-05
200 10 1.731 21.397 2.38585e-05
200 10 1.741 21.3935 2.29781e-05
200 10 1.751 21.1999 2.31101e-05
200 10 1.761 21.1747 2.47844e-05
200 10 1.771 21.0291 2.47799e-05
200 10 1.781 21.0761 2.46939e-05
200 10 1.791 20.9794 2.47243e-05
200 10 1.801 21.008 2.47126e-05
200 10 1.811 20.8664 2.42172e-05
200 10 1.821 20.8908 2.33246e-05
200 10 1.831 20.8085 2.2846e-05
200 10 1.841 20.7053 2.28261e-05
200 10 1.851 20.6954 2.38918e-05
200 10 1.861 20.6438 2.41021e-05
200 10 1.871 20.5612 2.40784e-05
200 10 1.881 20.5146 2.40792e-05
200 10 1.891 20.4626 2.40766e-05
200 10 1.901 20.488 2.40051e-05
200 10 1.911 20.4847 2.40247e-05
200 10 1.921 20.3691 2.40112e-05
200 10 1.931 20.3491 2.40053e-05
200 10 1.941 20.218 2.3973e-05
200 10 1.951 20.231 2.39634e-05
200 10 1.961 20.2438 2.39197e-05
200 10 1.971 20.1267 2.38733e-05
200 10 1.981 20.1814 2.37049e-05
200 10 1.991 20.0809 2.3434e-05
200 20 0.001 834.992 2.7296e-05
200 20 0.011 799.346 2.72306e-05
200 20 0.021 817.545 2.72619e-05
200 20 0.031 731.162 2.74324e-05
200 20 0.041 731.069 2.79498e-05
200 20 0.051 723.905 2.79431e-05
200 20 0.061 677.684 2.77689e-05
200 20 0.071 644.507 2.76034e-05
200 20 0.081 624.23 2.75943e-05
200 20 0.091 596.969 2.75675e-05
200 20 0.101 549.18 2.73524e-05
200 20 0.111 537.007 2.73286e-05
200 20 0.121 525.991 2.73723e-05
200 20 0.131 473.302 2.72983e-05
200 20 0.141 455.531 2.68235e-05
200 20 0.151 455.638 2.69731e-05
200 20 0.161 412.13 2.68559e-05
200 20 0.171 412.861 2.68426e-05
200 20 0.181 387.193 2.66968e-05
200 20 0.191 372.7 2.66631e-05
200 20 0.201 344.481 2.52395e-05
200 20 0.211 325.991 2.42406e-05
200 20 0.221 324.345 2.43264e-05
200 20 0.231 309.696 2.42915e-05
200 20 0.241 292.077 2.43422e-05
200 20 0.251 280.709 2.5304e-05
200 20 0.261 253.479 2.43821e-05
200 20 0.271 247.878 2.56314e-05
200 20 0.281 234.148 2.63564e-05
200 20 0.291 207.94 2.6096e-05
200 20 0.301 206.15 2.55383e-05
200 20 0.311 191.732 2.43378e-05
200 20 0.321 192.704 2.56343e-05
200 20 0.331 166.706 2.61906e-05
200 20 0.341 164.781 2.6498e-05
200 20 0.351 155.09 2.4775e-05
200 20 0.361 151.666 2.38902e-05
200 20 0.371 141.667 2.42724e-05
200 20 0.381 129.361 2.35085e-05
200 20 0.391 131.465 2.44763e-05
200 20 0.401 121.454 2.53372e-05
200 20 0.411 113.332 2.36746e-05
200 20 0.421 108.753 2.62845e-05
200 20 0.431 98.1642 2.65202e-05
200 20 0.441 92.3406 2.59997e-05
200 20 0.451 91.4448 2.45044e-05
200 20 0.461 86.0968 2.39571e-05
200 20 0.471 83.4154 2.39408e-05
200 20 0.481 71.6622 2.39262e-05
200 20 0.491 76.5007 2.47917e-05
200 20 0.501 74.1356 2.60934e-05
200 20 0.511 69.8309 2.61211e-05
200 20 0.521 65.5409 2.60847e-05
200 20 0.531 62.4541 2.60343e-05
200 20 0.541 58.2029 2.61008e-05
200 20 0.551 56.5966 2.60688e-05
200 20 0.561 53.9622 2.59858e-05
200 20 0.571 51.7672 2.59838e-05
200 20 0.581 49.8403 2.60044e-05
200 20 0.591 46.4105 2.61587e-05
200 20 0.601 46.3333 2.62372e-05
200 20 0.611 45.8025 2.62216e-05
200 20 0.621 42.2383 2.6283e-05
200 20 0.631 42.4805 2.47849e-05
200 20 0.641 40.3424 2.56971e-05
200 20 0.651 38.4486 2.56667e-05
200 20 0.661 37.9628 2.57731e-05
200 20 0.671 36.0734 2.57156e-05
200 20 0.681 35.5689 2.57163e-05
200 20 0.691 34.3902 2.57115e-05
200 20 0.701 33.9921 2.56654e-05
200 20 0.711 32.9433 2.56738e-05
200 20 0.721 31.8288 2.56383e-05
200 20 0.731 30.7968 2.48674e-05
200 20 0.741 30.9028 2.58057e-05
200 20 0.751 29.737 2.58084e-05
200 20 0.761 29.5315 2.55076e-05
200 20 0.771 27.8217 2.49783e-05
200 20 0.781 28.0029 2.56978e-05
200 20 0.791 27.4436 2.61347e-05
200 20 0.801 27.0555 2.60793e-05
200 20 0.811 26.7417 2.6123e-05
200 20 0.821 25.8986 2.61083e-05
200 20 0.831 25.4196 2.61037e-05
200 20 0.841 24.9511 2.60965e-05
200 20 0.851 25.1529 2.48436e-05
200 20 0.861 24.3169 2.47438e-05
200 20 0.871 24.046 2.60223e-05
200 20 0.881 23.7625 2.51653e-05
200 20 0.891 23.5747 2.54897e-05
200 20 0.901 22.8926 2.48663e-05
200 20 0.911 22.844 2.59696e-05
200 20 0.921 22.5048 2.52379e-05
200 20 0.931 22.051 2.59915e-05
200 20 0.941 21.8961 2.59847e-05
200 20 0.951 21.5765 2.60436e-05
200 20 0.961 21.1635 2.60019e-05
200 20 0.971 21.0613 2.60369e-05
200 20 0.981 20.7472 2.59929e-05
200 20 0.991 20.4035 2.6017e-05
200 20 1.001 20.1772 2.61454e-05
200 20 1.011 20.0652 2.62209e-05
200 20 1.021 19.8987 2.61701e-05
200 20 1.031 19.4846 2.62467e-05
200 20 1.041 19.3758 2.62306e-05
200 20 1.051 19.272 2.6028e-05
200 20 1.061 18.9038 2.57131e-05
200 20 1.071 18.7656 2.61443e-05
200 20 1.081 18.8082 2.46471e-05
200 20 1.091 18.5825 2.64689e-05
200 20 1.101 18.3821 2.62824e-05
200 20 1.111 18.2554 2.6285e-05
200 20 1.121 18.2325 2.44161e-05
200 20 1.131 17.9861 2.38825e-05
200 20 1.141 17.8982 2.37553e-05
200 20 1.151 17.7077 2.45985e-05
200 20 1.161 17.7593 2.63848e-05
200 20 1.171 17.7125 2.49415e-05
200 20 1.181 17.2774 2.45345e-05
200 20 1.191 17.3673 2.57097e-05
200 20 1.201 17.0765 2.57506e-05
200 20 1.211 16.8578 2.56725e-05
200 20 1.221 17.0017 2.56993e-05
200 20 1.231 16.8164 2.47957e-05
200 20 1.241 16.7815 2.60978e-05
200 20 1.251 16.5482 2.50103e-05
200 20 1.261 16.5702 2.47751e-05
200 20 1.271 16.3826 2.4282e-05
200 20 1.281 16.2137 2.45626e-05
200 20 1.291 16.0499 2.62608e-05
200 20 1.301 15.9669 2.64798e-05
200 20 1.311 15.8302 2.64835e-05
200 20 1.321 15.8073 2.65598e-05
200 20 1.331 15.6343 2.65663e-05
200 20 1.341 15.5239 2.65186e-05
200 20 1.351 15.4216 2.64683e-05
200 20 1.361 15.2774 2.65507e-05
200 20 1.371 15.1257 2.65912e-05
200 20 1.381 15.1071 2.65789e-05
200 20 1.391 15.0883 2.6584e-05
200 20 1.401 14.9125 2.65742e-05
200 20 1.411 14.8086 2.66002e-05
200 20 1.421 14.6333 2.65593e-05
200 20 1.431 14.6536 2.5374e-05
200 20 1.441 14.518 2.55411e-05
200 20 1.451 14.3786 2.63873e-05
200 20 1.461 14.3919 2.60733e-05
200 20 1.471 14.2236 2.51406e-05
200 20 1.481 14.0373 2.49986e-05
200 20 1.491 13.9764 2.45741e-05
200 20 1.501 13.9662 2.44736e-05
200 20 1.511 13.855 2.55975e-05
200 20 1.521 13.8027 2.53961e-05
200 20 1.531 13.7251 2.66921e-05
200 20 1.541 13.5529 2.64416e-05
200 20 1.551 13.5598 2.45347e-05
200 20 1.561 13.4871 2.50528e-05
200 20 1.571 13.2568 2.43633e-05
200 20 1.581 13.1568 2.48875e-05
200 20 1.591 13.2006 2.60291e-05
200 20 1.601 13.05 2.60775e-05
200 20 1.611 12.9535 2.60628e-05
200 20 1.621 12.912 2.54156e-05
200 20 1.631 12.8924 2.60573e-05
200 20 1.641 12.7858 2.60202e-05
200 20 1.651 12.7485 2.57623e-05
200 20 1.661 12.6397 2.44786e-05
200 20 1.671 12.5751 2.49576e-05
200 20 1.681 12.509 2.8908e-05
200 20 1.691 12.4391 2.89077e-05
200 20 1.701 12.2879 2.71492e-05
200 20 1.711 12.3877 2.65503e-05
200 20 1.721 12.3285 2.50522e-05
200 20 1.731 12.0959 2.57894e-05
200 20 1.741 12.1084 2.66806e-05
200 20 1.751 12.0149 2.46472e-05
200 20 1.761 11.9764 2.59939e-05
200 20 1.771 11.8418 2.65734e-05
200 20 1.781 11.7271 2.62867e-05
200 20 1.791 11.8323 2.54065e-05
200 20 1.801 11.7115 2.62379e-05
200 20 1.811 11.7383 2.56721e-05
200 20 1.821 11.6999 2.51142e-05
200 20 1.831 11.5665 2.65285e-05
200 20 1.841 11.5388 2.45936e-05
200 20 1.851 11.5152 2.38031e-05
200 20 1.861 11.5051 2.38007e-05
200 20 1.871 11.4644 2.44097e-05
200 20 1.881 11.3423 2.52217e-05
200 20 1.891 11.4364 2.5435e-05
200 20 1.901 11.2227 2.62397e-05
200 20 1.911 11.3325 2.44366e-05
200 20 1.921 11.17 2.49323e-05
200 20 1.931 11.208 2.49602e-05
200 20 1.941 11.2371 2.64406e-05
200 20 1.951 11.2098 2.64421e-05
200 20 1.961 11.0963 2.64232e-05
200 20 1.971 11.1774 2.63795e-05
200 20 1.981 10.9994 2.62417e-05
200 20 1.991 11.117 2.60084e-05
200 30 0.001 1207.74 3.10281e-05
200 30 0.011 1154.26 3.08371e-05
200 30 0.021 1066.15 3.09903e-05
200 30 0.031 1090.06 3.28612e-05
200 30 0.041 969.996 3.25108e-05
200 30 0.051 912.616 3.23261e-05
200 30 0.061 880.797 3.11462e-05
200 30 0.071 807.641 2.73114e-05
200 30 0.081 765.141 2.95886e-05
200 30 0.091 738.849 2.94793e-05
200 30 0.101 676.767 2.88913e-05
200 30 0.111 637.842 2.8704e-05
200 30 0.121 587.944 2.88363e-05
200 30 0.131 518.205 2.86487e-05
200 30 0.141 509.569 2.85972e-05
200 30 0.151 452.547 2.84941e-05
200 30 0.161 434.114 2.84656e-05
200 30 0.171 396.836 2.8359e-05
200 30 0.181 371.603 2.82386e-05
200 30 0.191 345.995 2.82286e-05
200 30 0.201 325.369 2.81777e-05
200 30 0.211 306.461 2.81587e-05
200 30 0.221 276.589 2.80254e-05
200 30 0.231 246.958 2.75787e-05
200 30 0.241 230.464 2.49609e-05
200 30 0.251 215.408 2.49572e-05
200 30 0.261 198.76 2.50208e-05
200 30 0.271 173.279 2.68042e-05
200 30 0.281 165.263 2.76077e-05
200 30 0.291 149.13 2.7379e-05
200 30 0.301 138.481 2.73594e-05
200 30 0.311 127.05 2.72542e-05
200 30 0.321 110.956 2.72195e-05
200 30 0.331 111.742 2.72664e-05
200 30 0.341 99.7188 2.72581e-05
200 30 0.351 93.0426 2.72529e-05
200 30 0.361 87.6273 2.72488e-05
200 30 0.371 80.4208 2.72369e-05
200 30 0.381 73.0483 2.72148e-05
200 30 0.391 68.2693 2.72203e-05
200 30 0.401 65.0932 2.72037e-05
200 30 0.411 60.9339 2.72534e-05
200 30 0.421 59.286 2.72681e-05
200 30 0.431 54.2907 2.70098e-05
200 30 0.441 50.0031 2.71896e-05
200 30 0.451 48.3246 2.71834e-05
200 30 0.461 42.7256 2.71902e-05
200 30 0.471 41.9159 2.72179e-05
200 30 0.481 39.2372 2.57556e-05
200 30 0.491 39.4229 2.58574e-05
200 30 0.501 35.4255 2.55317e-05
200 30 0.511 35.9202 2.53807e-05
200 30 0.521 32.9706 2.55064e-05
200 30 0.531 30.482 2.74993e-05
200 30 0.541 29.2121 2.75006e-05
200 30 0.551 28.1306 2.68216e-05
200 30 0.561 28.5105 2.75973e-05
200 30 0.571 27.2784 2.76466e-05
200 30 0.581 26.1107 2.76786e-05
200 30 0.591 24.6451 2.76683e-05
200 30 0.601 24.2579 2.76884e-05
200 30 0.611 24.028 2.68343e-05
200 30 0.621 22.1803 2.74508e-05
200 30 0.631 22.091 2.63805e-05
200 30 0.641 22.2457 2.57997e-05
200 30 0.651 21.0419 2.76333e-05
200 30 0.661 20.7345 2.75811e-05
200 30 0.671 20.6043 2.75686e-05
200 30 0.681 20.013 2.74201e-05
200 30 0.691 19.2385 2.57237e-05
200 30 0.701 19.4291 2.54069e-05
200 30 0.711 18.7279 2.67551e-05
200 30 0.721 18.5497 2.83692e-05
200 30 0.731 17.9328 2.56824e-05
200 30 0.741 17.6974 2.80336e-05
200 30 0.751 17.841 2.82857e-05
200 30 0.761 17.2756 2.79765e-05
200 30 0.771 16.9283 2.79934e-05
200 30 0.781 16.752 2.80192e-05
200 30 0.791 16.4835 2.8032e-05
200 30 0.801 16.1 2.80155e-05
200 30 0.811 16.3708 2.80612e-05
200 30 0.821 16.0882 2.80826e-05
200 30 0.831 16.0454 2.75482e-05
200 30 0.841 15.5352 2.7447e-05
200 30 0.851 15.3988 2.79772e-05
200 30 0.861 15.2404 2.7956e-05
200 30 0.871 14.8359 2.78895e-05
200 30 0.881 14.9267 2.77818e-05
200 30 0.891 14.6988 2.79565e-05
200 30 0.901 14.5833 2.79995e-05
200 30 0.911 14.4194 2.78604e-05
200 30 0.921 14.3809 2.77455e-05
200 30 0.931 14.0897 2.78414e-05
200 30 0.941 14.0245 2.78853e-05
200 30 0.951 14.0965 2.80213e-05
200 30 0.961 13.8263 2.80319e-05
200 30 0.971 13.7853 2.81283e-05
200 30 0.981 13.4842 2.81577e-05
200 30 0.991 13.5385 2.78955e-05
200 30 1.001 13.2741 2.81424e-05
200 30 1.011 13.1751 2.81479e-05
200 30 1.021 13.1882 2.68318e-05
200 30 1.031 13.0158 2.61362e-05
200 30 1.041 13.1777 2.76166e-05
200 30 1.051 13.0421 2.77661e-05
200 30 1.061 12.7476 2.77556e-05
200 30 1.071 12.8506 2.77469e-05
200 30 1.081 12.8542 2.72894e-05
200 30 1.091 12.7884 2.77912e-05
200 30 1.101 12.4414 2.77885e-05
200 30 1.111 12.7459 2.74978e-05
200 30 1.121 12.6439 2.76779e-05
200 30 1.131 12.402 2.56696e-05
200 30 1.141 12.4801 2.54253e-05
200 30 1.151 12.3384 2.57373e-05
200 30 1.161 12.2788 2.78182e-05
200 30 1.171 12.4059 2.74667e-05
200 30 1.181 12.2468 2.70451e-05
200 30 1.191 12.3249 2.7726e-05
200 30 1.201 12.2068 2.76942e-05
200 30 1.211 12.2021 2.76748e-05
200 30 1.221 12.1556 2.77305e-05
200 30 1.231 12.1822 2.71171e-05
200 30 1.241 12.0406 2.69951e-05
200 30 1.251 12.179 2.74603e-05
200 30 1.261 12.1715 2.74696e-05
200 30 1.271 11.9979 2.74257e-05
200 30 1.281 11.8756 2.73785e-05
200 30 1.291 12.0358 2.73707e-05
200 30 1.301 11.7778 2.74316e-05
200 30 1.311 11.8963 2.73881e-05
200 30 1.321 11.9841 2.74193e-05
200 30 1.331 11.9683 2.74559e-05
200 30 1.341 11.8221 2.74426e-05
200 30 1.351 11.8497 2.67223e-05
200 30 1.361 11.6525 2.74603e-05
200 30 1.371 11.8554 2.74706e-05
200 30 1.381 11.6367 2.74527e-05
200 30 1.391 11.8724 2.73862e-05
200 30 1.401 11.7786 2.74001e-05
200 30 1.411 11.6573 2.74665e-05
200 30 1.421 11.853 2.74448e-05
200 30 1.431 11.6846 2.7453e-05
200 30 1.441 11.5624 2.74693e-05
200 30 1.451 11.7262 2.74571e-05
200 30 1.461 11.6993 2.74781e-05
200 30 1.471 11.721 2.74867e-05
200 30 1.481 11.7358 2.723e-05
200 30 1.491 11.7538 2.59501e-05
200 30 1.501 11.82 2.7454e-05
200 30 1.511 11.7166 2.75007e-05
200 30 1.521 11.7412 2.75137e-05
200 30 1.531 11.6448 2.74695e-05
200 30 1.541 11.6578 2.75013e-05
200 30 1.551 11.6759 2.74894e-05
200 30 1.561 11.669 2.75352e-05
200 30 1.571 11.6738 2.75649e-05
200 30 1.581 11.8593 2.74884e-05
200 30 1.591 11.8713 2.76254e-05
200 30 1.601 11.8605 2.76054e-05
200 30 1.611 11.7328 2.53499e-05
200 30 1.621 11.8285 2.50294e-05
200 30 1.631 11.9055 2.56934e-05
200 30 1.641 11.6321 2.55765e-05
200 30 1.651 11.8284 2.63492e-05
200 30 1.661 11.7402 2.53053e-05
200 30 1.671 11.7641 2.73349e-05
200 30 1.681 11.7468 2.54192e-05
200 30 1.691 11.9974 2.62481e-05
200 30 1.701 11.6443 2.74429e-05
200 30 1.711 11.6037 2.7065e-05
200 30 1.721 11.7215 2.64323e-05
200 30 1.731 11.7646 2.79033e-05
200 30 1.741 11.4865 2.78732e-05
200 30 1.751 11.5196 2.79302e-05
200 30 1.761 11.2792 2.79213e-05
200 30 1.771 11.5636 2.76695e-05
200 30 1.781 11.3028 2.7038e-05
200 30 1.791 11.4939 2.78505e-05
200 30 1.801 11.2897 2.78893e-05
200 30 1.811 11.4872 2.78805e-05
200 30 1.821 11.3747 2.7884e-05
200 30 1.831 11.3232 2.78907e-05
200 30 1.841 11.2286 2.61336e-05
200 30 1.851 11.0468 2.65115e-05
200 30 1.861 11.0223 2.77361e-05
200 30 1.871 10.9453 2.68396e-05
200 30 1.881 10.9933 2.80998e-05
200 30 1.891 10.8717 2.81234e-05
200 30 1.901 10.7691 2.80714e-05
200 30 1.911 10.5074 2.80384e-05
200 30 1.921 10.5886 2.80473e-05
200 30 1.931 10.4181 2.69041e-05
200 30 1.941 10.4512 2.76875e-05
200 30 1.951 10.2923 2.78616e-05
200 30 1.961 10.0631 2.78157e-05
200 30 1.971 10.0499 2.77657e-05
200 30 1.981 9.888 2.76037e-05
200 30 1.991 9.6405 2.74856e-05
200 40 0.001 1531.08 3.49506e-05
200 40 0.011 1445.99 3.472e-05
200 40 0.021 1354.01 3.4357e-05
200 40 0.031 1296.21 3.40695e-05
200 40 0.041 1174.91 3.35933e-05
200 40 0.051 1074.95 3.31984e-05
200 40 0.061 994.78 3.27807e-05
200 40 0.071 932.814 3.26381e-05
200 40 0.081 844.815 3.22428e-05
200 40 0.091 772.319 3.2003e-05
200 40 0.101 711.279 3.17805e-05
200 40 0.111 659.934 3.1622e-05
200 40 0.121 602.146 3.13956e-05
200 40 0.131 543.29 3.1123e-05
200 40 0.141 484.186 3.09114e-05
200 40 0.151 469.658 3.09117e-05
200 40 0.161 396.909 3.06407e-05
200 40 0.171 368.528 2.99327e-05
200 40 0.181 318.838 2.96019e-05
200 40 0.191 302.29 2.95215e-05
200 40 0.201 274.979 2.94501e-05
200 40 0.211 256.247 2.94458e-05
200 40 0.221 233.944 2.74639e-05
200 40 0.231 205.506 2.70483e-05
200 40 0.241 185.116 2.7531e-05
200 40 0.251 179.212 2.80855e-05
200 40 0.261 155.294 2.75703e-05
200 40 0.271 139.721 2.82915e-05
200 40 0.281 134.082 3.05099e-05
200 40 0.291 128.037 2.89798e-05
200 40 0.301 112.076 2.67086e-05
200 40 0.311 105.66 2.92241e-05
200 40 0.321 102.909 2.88804e-05
200 40 0.331 91.4343 2.88459e-05
200 40 0.341 84.7387 2.8805e-05
200 40 0.351 78.1768 2.93296e-05
200 40 0.361 74.2843 2.94596e-05
200 40 0.371 72.4816 2.94827e-05
200 40 0.381 65.3745 2.94803e-05
200 40 0.391 64.4911 2.94866e-05
200 40 0.401 60.4866 2.89215e-05
200 40 0.411 58.5989 5.17253e-05
200 40 0.421 55.8604 4.84473e-05
200 40 0.431 55.3345 3.70012e-05
200 40 0.441 52.783 2.90945e-05
200 40 0.451 52.2968 2.90502e-05
200 40 0.461 49.9381 2.90727e-05
200 40 0.471 48.3789 2.90971e-05
200 40 0.481 47.4405 2.66438e-05
200 40 0.491 45.8869 2.6257e-05
200 40 0.501 46.2423 2.86049e-05
200 40 0.511 43.3367 2.89888e-05
200 40 0.521 43.9115 2.89981e-05
200 40 0.531 42.7332 2.75257e-05
200 40 0.541 42.6397 2.90664e-05
200 40 0.551 41.2433 2.94282e-05
200 40 0.561 40.6702 2.95178e-05
200 40 0.571 40.6059 3.10321e-05
200 40 0.581 39.8211 3.2139e-05
200 40 0.591 39.8057 3.21398e-05
200 40 0.601 38.8117 3.21198e-05
200 40 0.611 38.3494 3.21374e-05
200 40 0.621 37.8003 3.21641e-05
200 40 0.631 37.5774 3.21689e-05
200 40 0.641 37.2582 3.21618e-05
200 40 0.651 36.7589 3.21895e-05
200 40 0.661 36.2627 3.21702e-05
200 40 0.671 36.1381 3.21628e-05
200 40 0.681 35.7349 2.7583e-05
200 40 0.691 35.3142 2.7423e-05
200 40 0.701 35.3046 2.9543e-05
200 40 0.711 34.5924 2.95269e-05
200 40 0.721 34.296 2.94841e-05
200 40 0.731 33.8663 2.71082e-05
200 40 0.741 33.7793 2.58761e-05
200 40 0.751 33.2469 2.63628e-05
200 40 0.761 32.5886 2.80674e-05
200 40 0.771 32.5133 2.89846e-05
200 40 0.781 32.5208 2.90172e-05
200 40 0.791 32.1582 2.90706e-05
200 40 0.801 31.6713 2.87385e-05
200 40 0.811 31.5757 2.8932e-05
200 40 0.821 31.2143 2.6809e-05
200 40 0.831 30.8487 2.59589e-05
200 40 0.841 30.7841 2.67708e-05
200 40 0.851 30.2326 2.90506e-05
200 40 0.861 30.4202 2.61128e-05
200 40 0.871 29.9702 2.81373e-05
200 40 0.881 29.7976 2.86706e-05
200 40 0.891 29.6725 2.87185e-05
200 40 0.901 28.8991 2.8729e-05
200 40 0.911 28.8015 2.87331e-05
200 40 0.921 28.62 2.8746e-05
200 40 0.931 28.509 2.87598e-05
200 40 0.941 28.5175 2.79129e-05
200 40 0.951 27.7777 2.60167e-05
200 40 0.961 27.902 2.87332e-05
200 40 0.971 27.4126 2.87185e-05
200 40 0.981 27.4456 2.87639e-05
200 40 0.991 26.9793 2.87947e-05
200 40 1.001 27.0667 2.87842e-05
200 40 1.011 26.9323 2.87813e-05
200 40 1.021 26.8527 2.87655e-05
200 40 1.031 26.7219 2.87555e-05
200 40 1.041 26.2857 2.88004e-05
200 40 1.051 26.0331 2.88913e-05
200 40 1.061 26.0057 2.77596e-05
200 40 1.071 25.8761 2.661e-05
200 40 1.081 25.6853 2.84428e-05
200 40 1.091 25.6113 2.87509e-05
200 40 1.101 25.5626 2.8791e-05
200 40 1.111 25.3966 2.87718e-05
200 40 1.121 25.1113 2.88603e-05
200 40 1.131 24.9537 2.89464e-05
200 40 1.141 24.7244 2.89323e-05
200 40 1.151 24.659 2.89761e-05
200 40 1.161 24.1778 2.8978e-05
200 40 1.171 24.2747 2.89987e-05
200 40 1.181 24.152 2.69552e-05
200 40 1.191 24.0191 2.86025e-05
200 40 1.201 23.7128 2.89312e-05
200 40 1.211 23.3789 2.88909e-05
200 40 1.221 23.2592 2.8933e-05
200 40 1.231 23.2591 2.89259e-05
200 40 1.241 23.0902 2.89384e-05
200 40 1.251 22.7817 2.89337e-05
200 40 1.261 22.4612 2.88195e-05
200 40 1.271 22.573 2.73056e-05
200 40 1.281 22.5456 2.87753e-05
200 40 1.291 21.9681 2.95557e-05
200 40 1.301 21.9954 2.95058e-05
200 40 1.311 21.798 2.95247e-05
200 40 1.321 21.8547 2.95231e-05
200 40 1.331 21.527 2.95637e-05
200 40 1.341 21.3257 2.95502e-05
200 40 1.351 20.9198 2.94883e-05
200 40 1.361 20.7318 2.78054e-05
200 40 1.371 20.5755 2.76694e-05
200 40 1.381 20.6682 2.92873e-05
200 40 1.391 20.2855 2.9504e-05
200 40 1.401 20.2178 3.13677e-05
200 40 1.411 20.0507 3.138e-05
200 40 1.421 19.9746 3.13585e-05
200 40 1.431 19.7084 3.13837e-05
200 40 1.441 19.5227 3.09997e-05
200 40 1.451 19.0462 2.65289e-05
200 40 1.461 19.2545 2.71854e-05
200 40 1.471 18.8204 2.93529e-05
200 40 1.481 18.7025 2.93495e-05
200 40 1.491 18.554 2.93347e-05
200 40 1.501 18.3074 2.93293e-05
200 40 1.511 18.1815 2.93135e-05
200 40 1.521 18.1708 2.92942e-05
200 40 1.531 17.9461 2.93212e-05
200 40 1.541 17.2963 2.93126e-05
200 40 1.551 17.8871 2.93103e-05
200 40 1.561 17.4071 2.92711e-05
200 40 1.571 17.0717 2.92823e-05
200 40 1.581 17.055 2.71268e-05
200 40 1.591 16.8049 2.75371e-05
200 40 1.601 16.4639 2.75507e-05
200 40 1.611 16.2606 2.91318e-05
200 40 1.621 16.0411 2.89373e-05
200 40 1.631 16.0709 2.81482e-05
200 40 1.641 15.5844 2.94782e-05
200 40 1.651 15.5985 2.80294e-05
200 40 1.661 15.223 2.74502e-05
200 40 1.671 15.2005 2.81898e-05
200 40 1.681 14.8096 2.93013e-05
200 40 1.691 14.536 2.92694e-05
200 40 1.701 14.2954 2.92533e-05
200 40 1.711 14.0045 2.92526e-05
200 40 1.721 13.8269 2.92404e-05
200 40 1.731 13.4394 2.75813e-05
200 40 1.741 13.2333 2.93433e-05
200 40 1.751 13.1544 2.93586e-05
200 40 1.761 12.7162 2.9388e-05
200 40 1.771 12.8631 2.94014e-05
200 40 1.781 12.3362 2.75127e-05
200 40 1.791 11.8749 2.62609e-05
200 40 1.801 11.6458 2.64985e-05
200 40 1.811 11.4568 2.6877e-05
200 40 1.821 11.2336 2.61757e-05
200 40 1.831 10.9292 2.64663e-05
200 40 1.841 10.9221 2.90954e-05
200 40 1.851 10.6363 2.88637e-05
200 40 1.861 10.4338 2.63642e-05
200 40 1.871 10.1597 2.62667e-05
200 40 1.881 10.0076 2.75043e-05
200 40 1.891 9.5208 2.67837e-05
200 40 1.901 9.1706 2.57725e-05
200 40 1.911 9.1454 2.69094e-05
200 40 1.921 9.1355 2.94071e-05
200 40 1.931 8.8484 2.90817e-05
200 40 1.941 8.4994 2.60721e-05
200 40 1.951 8.442 2.60402e-05
200 40 1.961 8.0068 2.8021e-05
200 40 1.971 7.9379 2.9136e-05
200 40 1.981 7.5688 2.90247e-05
200 40 1.991 7.5028 2.87927e-05
300 10 0.001 624.766 2.36611e-05
300 10 0.011 606.646 2.35078e-05
300 10 0.021 605.798 2.35373e-05
300 10 0.031 565.661 2.34618e-05
300 10 0.041 586.891 2.36202e-05
300 10 0.051 570.585 2.38415e-05
300 10 0.061 566.434 2.5804e-05
300 10 0.071 556.33 2.57474e-05
300 10 0.081 517.946 2.56843e-05
300 10 0.091 537.396 2.57687e-05
300 10 0.101 528.745 2.57261e-05
300 10 0.111 508.057 2.5705e-05
300 10 0.121 503.162 2.56448e-05
300 10 0.131 488.603 2.55598e-05
300 10 0.141 476.767 2.54631e-05
300 10 0.151 460.171 2.55179e-05
300 10 0.161 460.614 2.55918e-05
300 10 0.171 455.541 2.32444e-05
300 10 0.181 434.918 2.27678e-05
300 10 0.191 436.028 2.28117e-05
300 10 0.201 412.949 2.42854e-05
300 10 0.211 406.502 2.50042e-05
300 10 0.221 401.025 2.34035e-05
300 10 0.231 384.093 2.34506e-05
300 10 0.241 376.34 2.3423e-05
300 10 0.251 374.118 2.49187e-05
300 10 0.261 361.003 2.53223e-05
300 10 0.271 355.355 2.53819e-05
300 10 0.281 344.896 2.5393e-05
300 10 0.291 333.999 2.54188e-05
300 10 0.301 325.644 2.53613e-05
300 10 0.311 312.398 2.53036e-05
300 10 0.321 306.049 2.53007e-05
300 10 0.331 305.243 2.5323e-05
300 10 0.341 292.092 2.52938e-05
300 10 0.351 289.764 2.51919e-05
300 10 0.361 271.301 2.51391e-05
300 10 0.371 270.976 2.51492e-05
300 10 0.381 258.298 2.51117e-05
300 10 0.391 254.571 2.51194e-05
300 10 0.401 242.283 2.50783e-05
300 10 0.411 243.851 2.50886e-05
300 10 0.421 235.501 2.51021e-05
300 10 0.431 219.657 2.48851e-05
300 10 0.441 218.903 2.27975e-05
300 10 0.451 216.48 2.2683e-05
300 10 0.461 210.433 2.27235e-05
300 10 0.471 199.552 2.29177e-05
300 10 0.481 193.576 2.33276e-05
300 10 0.491 192.51 2.27533e-05
300 10 0.501 189.429 2.29132e-05
300 10 0.511 179.433 2.38006e-05
300 10 0.521 173.112 2.40905e-05
300 10 0.531 169.319 2.29834e-05
300 10 0.541 163.362 2.26766e-05
300 10 0.551 158.45 2.30234e-05
300 10 0.561 156.64 2.41797e-05
300 10 0.571 148.714 2.50104e-05
300 10 0.581 145.868 2.42262e-05
300 10 0.591 146.559 2.32222e-05
300 10 0.601 140.76 2.3271e-05
300 10 0.611 130.999 2.33121e-05
300 10 0.621 130.437 2.47519e-05
300 10 0.631 126.024 2.47118e-05
300 10 0.641 121.606 2.44187e-05
300 10 0.651 119.67 2.46533e-05
300 10 0.661 113.89 2.47063e-05
300 10 0.671 112.745 2.47085e-05
300 10 0.681 108.824 2.47281e-05
300 10 0.691 106.743 2.46579e-05
300 10 0.701 100.54 2.46522e-05
300 10 0.711 99.1962 2.47263e-05
300 10 0.721 96.631 2.46713e-05
300 10 0.731 94.4774 2.46534e-05
300 10 0.741 91.0195 2.46991e-05
300 10 0.751 88.8951 2.47125e-05
300 10 0.761 86.4232 2.47103e-05
300 10 0.771 83.1707 2.47492e-05
300 10 0.781 80.7316 2.47372e-05
300 10 0.791 80.4338 2.48562e-05
300 10 0.801 77.4008 2.48424e-05
300 10 0.811 74.7242 2.48704e-05
300 10 0.821 74.6765 2.48556e-05
300 10 0.831 73.5175 2.49233e-05
300 10 0.841 71.3764 2.48534e-05
300 10 0.851 69.7076 2.48683e-05
300 10 0.861 65.9746 2.39065e-05
300 10 0.871 65.5246 2.26426e-05
300 10 0.881 63.1863 2.38506e-05
300 10 0.891 62.5481 2.43361e-05
300 10 0.901 60.7084 2.37617e-05
300 10 0.911 58.4939 2.32329e-05
300 10 0.921 57.9419 2.34852e-05
300 10 0.931 57.2964 2.71586e-05
300 10 0.941 54.9258 2.71781e-05
300 10 0.951 55.3134 2.54001e-05
300 10 0.961 53.6457 2.30152e-05
300 10 0.971 53.1316 2.33454e-05
300 10 0.981 51.4229 2.45046e-05
300 10 0.991 50.848 2.43753e-05
300 10 1.001 49.2904 2.43426e-05
300 10 1.011 48.6167 2.43223e-05
300 10 1.021 47.4063 2.30807e-05
300 10 1.031 47.0775 2.49927e-05
300 10 1.041 45.609 2.65712e-05
300 10 1.051 45.5881 2.51059e-05
300 10 1.061 45.0951 2.49539e-05
300 10 1.071 44.6022 2.44108e-05
300 10 1.081 43.8856 2.65946e-05
300 10 1.091 43.5478 2.66226e-05
300 10 1.101 43.1497 2.62827e-05
300 10 1.111 42.8958 2.48857e-05
300 10 1.121 42.0106 2.41252e-05
300 10 1.131 41.597 2.31583e-05
300 10 1.141 41.6579 2.34534e-05
300 10 1.151 41.1848 2.47358e-05
300 10 1.161 40.7233 2.40518e-05
300 10 1.171 40.2837 2.64828e-05
300 10 1.181 40.0223 2.75066e-05
300 10 1.191 39.6594 2.753e-05
300 10 1.201 39.5486 2.754e-05
300 10 1.211 39.3137 2.75373e-05
300 10 1.221 39.3892 2.50075e-05
300 10 1.231 38.6511 2.35715e-05
300 10 1.241 38.5866 2.30198e-05
300 10 1.251 38.2141 2.30748e-05
300 10 1.261 37.9655 2.34939e-05
300 10 1.271 37.9195 2.44595e-05
300 10 1.281 37.5875 2.44939e-05
300 10 1.291 37.336 2.4501e-05
300 10 1.301 37.0108 2.44978e-05
300 10 1.311 36.8064 2.44819e-05
300 10 1.321 36.7095 2.44638e-05
300 10 1.331 36.4198 2.44986e-05
300 10 1.341 36.0702 2.44799e-05
300 10 1.351 35.8958 2.45079e-05
300 10 1.361 35.8175 2.44892e-05
300 10 1.371 35.4585 2.44737e-05
300 10 1.381 35.529 2.432e-05
300 10 1.391 35.18 2.46807e-05
300 10 1.401 35.2295 2.46871e-05
300 10 1.411 34.9204 2.42112e-05
300 10 1.421 34.7348 2.39783e-05
300 10 1.431 34.563 2.38805e-05
300 10 1.441 34.3295 2.36386e-05
300 10 1.451 34.2722 2.46559e-05
300 10 1.461 33.9911 2.3413e-05
300 10 1.471 33.8354 2.30848e-05
300 10 1.481 33.8039 2.3432e-05
300 10 1.491 33.5665 2.50552e-05
300 10 1.501 33.3521 2.50282e-05
300 10 1.511 33.239 2.50615e-05
300 10 1.521 33.1266 2.36763e-05
300 10 1.531 33.0403 2.40102e-05
300 10 1.541 32.8838 2.41702e-05
300 10 1.551 32.6794 2.44836e-05
300 10 1.561 32.3998 2.45004e-05
300 10 1.571 32.3686 2.44291e-05
300 10 1.581 32.1809 2.443e-05
300 10 1.591 32.2042 2.43931e-05
300 10 1.601 32.0785 2.43976e-05
300 10 1.611 32.049 2.43394e-05
300 10 1.621 31.858 2.36637e-05
300 10 1.631 31.8624 2.25795e-05
300 10 1.641 31.7496 2.26356e-05
300 10 1.651 31.6861 2.37664e-05
300 10 1.661 31.5269 2.46994e-05
300 10 1.671 31.3726 2.46766e-05
300 10 1.681 31.4065 2.46687e-05
300 10 1.691 31.2066 2.47018e-05
300 10 1.701 31.2148 2.44746e-05
300 10 1.711 31.0985 2.43355e-05
300 10 1.721 31.0406 2.39977e-05
300 10 1.731 30.96 2.42271e-05
300 10 1.741 30.7706 2.41977e-05
300 10 1.751 30.9246 2.41634e-05
300 10 1.761 30.72 2.41393e-05
300 10 1.771 30.6463 2.41738e-05
300 10 1.781 30.5845 2.41641e-05
300 10 1.791 30.4688 2.41979e-05
300 10 1.801 30.3131 2.41687e-05
300 10 1.811 30.3193 2.41971e-05
300 10 1.821 30.2823 2.37897e-05
300 10 1.831 30.1555 2.37629e-05
300 10 1.841 30.1327 2.26399e-05
300 10 1.851 29.8654 2.34681e-05
300 10 1.861 29.9428 2.47895e-05
300 10 1.871 29.8172 2.48028e-05
300 10 1.881 29.8365 2.47973e-05
300 10 1.891 29.7929 2.45072e-05
300 10 1.901 29.5853 2.48319e-05
300 10 1.911 29.6819 2.48026e-05
300 10 1.921 29.5076 2.48591e-05
300 10 1.931 29.5686 2.48221e-05
300 10 1.941 29.4437 2.31028e-05
300 10 1.951 29.3237 2.28529e-05
300 10 1.961 29.3062 2.27928e-05
300 10 1.971 29.3059 2.30873e-05
300 10 1.981 29.1959 2.31826e-05
300 10 1.991 29.1662 2.23956e-05
300 20 0.001 1247.11 2.60735e-05
300 20 0.011 1229.41 2.60345e-05
300 20 0.021 1227.75 2.85611e-05
300 20 0.031 1133.45 2.91246e-05
300 20 0.041 1122.33 2.9029e-05
300 20 0.051 1047.58 2.77047e-05
300 20 0.061 1038.59 2.85573e-05
300 20 0.071 972.643 2.84601e-05
300 20 0.081 918.143 2.88632e-05
300 20 0.091 910.31 2.89533e-05
300 20 0.101 884.983 2.59694e-05
300 20 0.111 813.249 2.53297e-05
300 20 0.121 842.969 2.53869e-05
300 20 0.131 767.026 2.52742e-05
300 20 0.141 699.179 2.8599e-05
300 20 0.151 694.043 2.7657e-05
300 20 0.161 660.749 2.45625e-05
300 20 0.171 633.851 2.49678e-05
300 20 0.181 585.004 2.76261e-05
300 20 0.191 563.057 2.56408e-05
300 20 0.201 538.629 2.50446e-05
300 20 0.211 517.863 2.52541e-05
300 20 0.221 474.913 2.70032e-05
300 20 0.231 467.587 2.7069e-05
300 20 0.241 446.984 2.67693e-05
300 20 0.251 425.148 2.62031e-05
300 20 0.261 385.451 2.48858e-05
300 20 0.271 374.719 2.47406e-05
300 20 0.281 346.781 2.5849e-05
300 20 0.291 322.467 2.45014e-05
300 20 0.301 307.06 2.49238e-05
300 20 0.311 290.657 2.44451e-05
300 20 0.321 276.884 2.51127e-05
300 20 0.331 270.72 2.5283e-05
300 20 0.341 251.286 2.6296e-05
300 20 0.351 235.028 2.6138e-05
300 20 0.361 233.629 2.61277e-05
300 20 0.371 209.606 2.60742e-05
300 20 0.381 199.796 2.60605e-05
300 20 0.391 179.912 2.60046e-05
300 20 0.401 176.787 2.6e-05
300 20 0.411 164.243 2.592e-05
300 20 0.421 153.433 2.59567e-05
300 20 0.431 148.582 2.59492e-05
300 20 0.441 139.476 2.59624e-05
300 20 0.451 129.679 2.5947e-05
300 20 0.461 133.345 2.59712e-05
300 20 0.471 116.933 2.59781e-05
300 20 0.481 113.78 2.60446e-05
300 20 0.491 109.53 2.6012e-05
300 20 0.501 102.83 2.59094e-05
300 20 0.511 94.8191 2.51894e-05
300 20 0.521 90.6549 2.48834e-05
300 20 0.531 89.1437 2.53623e-05
300 20 0.541 81.6659 2.3952e-05
300 20 0.551 80.7629 2.45778e-05
300 20 0.561 75.4651 2.40035e-05
300 20 0.571 73.4508 2.63068e-05
300 20 0.581 70.1777 2.58306e-05
300 20 0.591 66.7966 2.57776e-05
300 20 0.601 62.4473 2.57929e-05
300 20 0.611 61.1685 2.43605e-05
300 20 0.621 56.9855 2.46878e-05
300 20 0.631 56.5563 2.47169e-05
300 20 0.641 55.5573 2.37668e-05
300 20 0.651 52.9871 2.53999e-05
300 20 0.661 51.122 2.59231e-05
300 20 0.671 49.3056 2.59379e-05
300 20 0.681 46.7814 2.58694e-05
300 20 0.691 45.4279 2.58046e-05
300 20 0.701 45.2721 2.36869e-05
300 20 0.711 43.6497 2.45253e-05
300 20 0.721 42.3206 2.45739e-05
300 20 0.731 40.1783 2.42598e-05
300 20 0.741 40.3814 2.3583e-05
300 20 0.751 38.8815 2.36864e-05
300 20 0.761 38.0662 2.37228e-05
300 20 0.771 36.6994 2.53496e-05
300 20 0.781 35.9839 2.54517e-05
300 20 0.791 35.3663 2.36953e-05
300 20 0.801 34.6875 2.46129e-05
300 20 0.811 33.1476 2.57056e-05
300 20 0.821 33.5291 2.48226e-05
300 20 0.831 32.548 2.36043e-05
300 20 0.841 31.8889 2.3654e-05
300 20 0.851 31.5376 2.36431e-05
300 20 0.861 31.0864 2.74932e-05
300 20 0.871 31.0671 2.59854e-05
300 20 0.881 30.3101 2.47006e-05
300 20 0.891 29.5431 2.63033e-05
300 20 0.901 29.5835 2.58212e-05
300 20 0.911 28.7647 2.40873e-05
300 20 0.921 28.6419 2.42899e-05
300 20 0.931 27.6594 2.64936e-05
300 20 0.941 27.7608 2.6435e-05
300 20 0.951 27.1898 2.64526e-05
300 20 0.961 27.1066 2.64843e-05
300 20 0.971 26.6689 2.64928e-05
300 20 0.981 26.0985 2.64878e-05
300 20 0.991 25.8594 2.64819e-05
300 20 1.001 25.6671 2.64883e-05
300 20 1.011 25.2328 2.65095e-05
300 20 1.021 25.2442 2.6313e-05
300 20 1.031 24.8599 2.43681e-05
300 20 1.041 24.8468 2.43889e-05
300 20 1.051 24.6522 2.43907e-05
300 20 1.061 24.3293 2.60273e-05
300 20 1.071 24.0633 2.64992e-05
300 20 1.081 23.8899 2.64942e-05
300 20 1.091 23.7748 2.64951e-05
300 20 1.101 23.5979 2.64782e-05
300 20 1.111 23.3832 2.65415e-05
300 20 1.121 23.1762 2.65296e-05
300 20 1.131 23.3364 2.65349e-05
300 20 1.141 22.9954 2.6512e-05
300 20 1.151 22.7612 2.64911e-05
300 20 1.161 22.6688 2.47616e-05
300 20 1.171 22.4478 2.63554e-05
300 20 1.181 22.4929 2.6344e-05
300 20 1.191 22.2396 2.47034e-05
300 20 1.201 22.2036 2.41316e-05
300 20 1.211 21.9769 2.41822e-05
300 20 1.221 21.9761 2.58531e-05
300 20 1.231 21.9989 2.62461e-05
300 20 1.241 21.7854 2.6302e-05
300 20 1.251 21.7114 2.6273e-05
300 20 1.261 21.5258 2.63238e-05
300 20 1.271 21.5278 2.62088e-05
300 20 1.281 21.3459 2.4811e-05
300 20 1.291 21.2043 2.51881e-05
300 20 1.301 21.1347 2.65497e-05
300 20 1.311 20.9411 2.65522e-05
300 20 1.321 21.0296 2.6544e-05
300 20 1.331 20.7009 2.65613e-05
300 20 1.341 20.6148 2.65425e-05
300 20 1.351 20.832 2.65433e-05
300 20 1.361 20.6963 2.6511e-05
300 20 1.371 20.5585 2.65465e-05
300 20 1.381 20.3082 2.54447e-05
300 20 1.391 20.327 2.45976e-05
300 20 1.401 20.2753 2.58085e-05
300 20 1.411 20.0993 2.61393e-05
300 20 1.421 20.1091 2.61582e-05
300 20 1.431 20.0766 2.61257e-05
300 20 1.441 19.8402 2.61016e-05
300 20 1.451 19.8325 2.60838e-05
300 20 1.461 19.6874 2.61039e-05
300 20 1.471 19.6183 2.61183e-05
300 20 1.481 19.6186 2.6124e-05
300 20 1.491 19.4582 2.58113e-05
300 20 1.501 19.4743 2.58732e-05
300 20 1.511 19.4381 2.62378e-05
300 20 1.521 19.2849 2.51936e-05
300 20 1.531 19.335 2.38982e-05
300 20 1.541 19.1927 2.39603e-05
300 20 1.551 19.2699 2.57848e-05
300 20 1.561 19.005 2.57428e-05
300 20 1.571 19.1028 2.39397e-05
300 20 1.581 19.0466 2.7194e-05
300 20 1.591 19.0392 2.90698e-05
300 20 1.601 18.7853 2.90371e-05
300 20 1.611 18.8161 2.9036e-05
300 20 1.621 18.8096 2.90446e-05
300 20 1.631 18.6611 2.9052e-05
300 20 1.641 18.7248 2.90373e-05
300 20 1.651 18.5898 2.90386e-05
300 20 1.661 18.4698 2.90161e-05
300 20 1.671 18.5513 2.90598e-05
300 20 1.681 18.2621 2.90513e-05
300 20 1.691 18.2595 2.77208e-05
300 20 1.701 18.2073 2.55119e-05
300 20 1.711 18.1542 2.48103e-05
300 20 1.721 18.012 2.64911e-05
300 20 1.731 17.9537 2.65138e-05
300 20 1.741 17.9962 2.48097e-05
300 20 1.751 17.6546 2.46966e-05
300 20 1.761 17.702 2.64316e-05
300 20 1.771 17.6531 2.64065e-05
300 20 1.781 17.5528 2.63757e-05
300 20 1.791 17.4875 2.53112e-05
300 20 1.801 17.3783 2.47683e-05
300 20 1.811 17.2378 2.65329e-05
300 20 1.821 17.0502 2.69635e-05
300 20 1.831 16.9998 2.69461e-05
300 20 1.841 16.68 2.69011e-05
300 20 1.851 16.7498 2.56575e-05
300 20 1.861 16.5442 2.47308e-05
300 20 1.871 16.5559 2.59321e-05
300 20 1.881 16.2743 2.42616e-05
300 20 1.891 16.2377 2.42235e-05
300 20 1.901 16.1673 2.55001e-05
300 20 1.911 15.8889 2.62884e-05
300 20 1.921 15.8342 2.64359e-05
300 20 1.931 15.6904 2.50427e-05
300 20 1.941 15.5076 2.5141e-05
300 20 1.951 15.5014 2.61736e-05
300 20 1.961 15.1528 2.60375e-05
300 20 1.971 15.1145 2.47952e-05
300 20 1.981 14.9046 2.64563e-05
300 20 1.991 14.8668 2.6235e-05
300 30 0.001 1905.95 3.38742e-05
300 30 0.011 1820.13 3.27116e-05
300 30 0.021 1706.1 2.8641e-05
300 30 0.031 1639.37 2.95992e-05
300 30 0.041 1567.04 3.18627e-05
300 30 0.051 1512.49 2.99081e-05
300 30 0.061 1407.82 2.77669e-05
300 30 0.071 1262.32 2.88784e-05
300 30 0.081 1215.56 2.93031e-05
300 30 0.091 1168.73 2.80169e-05
300 30 0.101 1049.72 2.70936e-05
300 30 0.111 997.772 2.68817e-05
300 30 0.121 935.895 2.67114e-05
300 30 0.131 862.911 2.70467e-05
300 30 0.141 820.326 2.82707e-05
300 30 0.151 736.877 2.94769e-05
300 30 0.161 693.975 2.9317e-05
300 30 0.171 654.314 2.91955e-05
300 30 0.181 589.518 2.89348e-05
300 30 0.191 527.329 2.86829e-05
300 30 0.201 527.054 2.87358e-05
300 30 0.211 449.793 2.85039e-05
300 30 0.221 421.807 2.84777e-05
300 30 0.231 401.734 2.69429e-05
300 30 0.241 369.391 2.61034e-05
300 30 0.251 331.365 2.56052e-05
300 30 0.261 322.995 2.75797e-05
300 30 0.271 289.034 2.8499e-05
300 30 0.281 252.574 2.84308e-05
300 30 0.291 253.309 2.83872e-05
300 30 0.301 227.209 2.83249e-05
300 30 0.311 210.951 2.82483e-05
300 30 0.321 193.974 2.81726e-05
300 30 0.331 189.417 2.8227e-05
300 30 0.341 164.216 2.81455e-05
300 30 0.351 158.572 2.81209e-05
300 30 0.361 148.516 2.81232e-05
300 30 0.371 140.364 2.80851e-05
300 30 0.381 127.617 2.72604e-05
300 30 0.391 117.425 2.786e-05
300 30 0.401 109.848 2.69822e-05
300 30 0.411 103.969 2.60678e-05
300 30 0.421 97.8129 2.61119e-05
300 30 0.431 91.5959 2.52828e-05
300 30 0.441 84.9232 2.52799e-05
300 30 0.451 84.0664 2.52805e-05
300 30 0.461 76.4019 2.61411e-05
300 30 0.471 76.4738 2.76753e-05
300 30 0.481 71.6424 2.76928e-05
300 30 0.491 65.5472 2.76615e-05
300 30 0.501 65.8227 2.52109e-05
300 30 0.511 63.1208 2.50714e-05
300 30 0.521 61.6293 2.51168e-05
300 30 0.531 56.9537 2.51647e-05
300 30 0.541 54.6156 2.64253e-05
300 30 0.551 54.2179 2.77538e-05
300 30 0.561 53.6653 2.76468e-05
300 30 0.571 50.9638 2.51225e-05
300 30 0.581 48.7939 2.5535e-05
300 30 0.591 46.8031 2.77542e-05
300 30 0.601 47.5119 2.69052e-05
300 30 0.611 46.4266 2.77245e-05
300 30 0.621 44.1161 2.76586e-05
300 30 0.631 43.1971 2.76575e-05
300 30 0.641 42.7676 2.65186e-05
300 30 0.651 41.1403 2.56676e-05
300 30 0.661 40.1296 2.76781e-05
300 30 0.671 41.0115 2.76662e-05
300 30 0.681 39.396 2.76994e-05
300 30 0.691 39.0179 2.76777e-05
300 30 0.701 38.5297 2.76862e-05
300 30 0.711 37.4895 2.7671e-05
300 30 0.721 36.4959 2.63399e-05
300 30 0.731 36.5336 2.83543e-05
300 30 0.741 36.1261 2.79609e-05
300 30 0.751 35.5194 2.75386e-05
300 30 0.761 34.9652 2.65559e-05
300 30 0.771 34.0056 2.51143e-05
300 30 0.781 33.9435 2.5213e-05
300 30 0.791 33.0802 2.52044e-05
300 30 0.801 33.2301 2.53047e-05
300 30 0.811 32.8497 2.78689e-05
300 30 0.821 32.0189 2.78528e-05
300 30 0.831 32.1203 2.62239e-05
300 30 0.841 31.6186 2.58613e-05
300 30 0.851 30.8363 2.47701e-05
300 30 0.861 30.4736 2.56001e-05
300 30 0.871 30.3788 2.77992e-05
300 30 0.881 29.9687 2.77782e-05
300 30 0.891 29.5583 2.7667e-05
300 30 0.901 29.1316 2.77223e-05
300 30 0.911 29.0886 2.7699e-05
300 30 0.921 28.7117 2.73228e-05
300 30 0.931 28.1813 2.80358e-05
300 30 0.941 27.7988 2.80202e-05
300 30 0.951 27.7535 2.79992e-05
300 30 0.961 27.2159 2.80125e-05
300 30 0.971 26.9978 2.80191e-05
300 30 0.981 26.705 2.80391e-05
300 30 0.991 26.7295 2.80792e-05
300 30 1.001 26.2177 2.80289e-05
300 30 1.011 26.0489 2.8052e-05
300 30 1.021 25.7503 2.76843e-05
300 30 1.031 25.4264 2.61977e-05
300 30 1.041 25.2015 2.67104e-05
300 30 1.051 25.0697 2.76932e-05
300 30 1.061 24.569 2.7686e-05
300 30 1.071 24.386 2.76957e-05
300 30 1.081 24.2708 2.67357e-05
300 30 1.091 24.1434 2.63418e-05
300 30 1.101 24.1006 2.77493e-05
300 30 1.111 24 2.76871e-05
300 30 1.121 23.6483 2.77386e-05
300 30 1.131 23.4426 2.70127e-05
300 30 1.141 23.2216 2.52381e-05
300 30 1.151 23.1417 2.51768e-05
300 30 1.161 23.0379 2.52658e-05
300 30 1.171 22.7979 2.60038e-05
300 30 1.181 22.356 2.78201e-05
300 30 1.191 22.3896 2.77941e-05
300 30 1.201 21.9758 2.77033e-05
300 30 1.211 22.1455 2.77083e-05
300 30 1.221 21.9006 2.77143e-05
300 30 1.231 21.8828 2.77839e-05
300 30 1.241 21.4263 2.779e-05
300 30 1.251 21.3694 2.77884e-05
300 30 1.261 20.9149 2.72834e-05
300 30 1.271 21.047 2.72621e-05
300 30 1.281 20.7103 2.69849e-05
300 30 1.291 20.6495 2.80629e-05
300 30 1.301 20.6866 2.80709e-05
300 30 1.311 20.3835 2.8074e-05
300 30 1.321 20.1176 2.67848e-05
300 30 1.331 19.9237 2.632e-05
300 30 1.341 19.7662 2.78921e-05
300 30 1.351 19.6041 2.62507e-05
300 30 1.361 19.5036 2.6779e-05
300 30 1.371 19.3607 2.81374e-05
300 30 1.381 19.2709 2.78628e-05
300 30 1.391 19.1089 2.70611e-05
300 30 1.401 18.7369 2.76011e-05
300 30 1.411 18.6406 2.79375e-05
300 30 1.421 18.5015 2.79446e-05
300 30 1.431 18.3042 2.79311e-05
300 30 1.441 17.9368 2.79323e-05
300 30 1.451 17.9815 2.79653e-05
300 30 1.461 17.763 2.79637e-05
300 30 1.471 17.789 2.79613e-05
300 30 1.481 17.4826 2.71218e-05
300 30 1.491 17.2301 2.59979e-05
300 30 1.501 17.1997 2.62911e-05
300 30 1.511 17.0387 2.68772e-05
300 30 1.521 16.8856 2.78748e-05
300 30 1.531 16.6973 2.78297e-05
300 30 1.541 16.6363 2.7806e-05
300 30 1.551 16.3221 2.62893e-05
300 30 1.561 16.2612 2.57133e-05
300 30 1.571 16.1637 2.73783e-05
300 30 1.581 16.0256 2.78099e-05
300 30 1.591 15.9612 2.78133e-05
300 30 1.601 15.6258 2.67174e-05
300 30 1.611 15.4523 2.81077e-05
300 30 1.621 15.3916 2.81933e-05
300 30 1.631 15.1194 2.70477e-05
300 30 1.641 15.0121 2.73983e-05
300 30 1.651 14.9799 2.73802e-05
300 30 1.661 14.7909 2.69079e-05
300 30 1.671 14.523 2.4832e-05
300 30 1.681 14.3918 2.56272e-05
300 30 1.691 14.2389 2.68276e-05
300 30 1.701 14.0412 2.76477e-05
300 30 1.711 13.8875 2.65566e-05
300 30 1.721 13.7963 2.58453e-05
300 30 1.731 13.578 2.57607e-05
300 30 1.741 13.3112 2.53547e-05
300 30 1.751 13.276 2.4818e-05
300 30 1.761 12.9232 2.82008e-05
300 30 1.771 12.7256 2.66297e-05
300 30 1.781 12.7826 2.53671e-05
300 30 1.791 12.6062 2.99742e-05
300 30 1.801 12.3864 2.99061e-05
300 30 1.811 12.3197 2.9906e-05
300 30 1.821 12.199 2.99109e-05
300 30 1.831 11.8944 2.84406e-05
300 30 1.841 11.7763 2.589e-05
300 30 1.851 11.641 3.00092e-05
300 30 1.861 11.5154 2.54345e-05
300 30 1.871 11.3256 2.5927e-05
300 30 1.881 11.3133 2.52897e-05
300 30 1.891 11.0701 2.58277e-05
300 30 1.901 10.9648 2.52577e-05
300 30 1.911 10.884 2.57623e-05
300 30 1.921 10.7815 2.51992e-05
300 30 1.931 10.6824 2.51634e-05
300 30 1.941 10.4096 2.60531e-05
300 30 1.951 10.4235 2.78833e-05
300 30 1.961 10.2883 2.78219e-05
300 30 1.971 10.2205 2.7791e-05
300 30 1.981 10.1281 2.76851e-05
300 30 1.991 9.9601 2.74188e-05
300 40 0.001 2505.77 3.84958e-05
300 40 0.011 2350.38 3.79738e-05
300 40 0.021 2161.46 3.72392e-05
300 40 0.031 2085.73 3.69834e-05
300 40 0.041 1943.5 3.62212e-05
300 40 0.051 1786.68 3.55555e-05
300 40 0.061 1603.9 3.48718e-05
300 40 0.071 1427.31 3.41392e-05
300 40 0.081 1319.94 3.37789e-05
300 40 0.091 1157.84 3.31227e-05
300 40 0.101 1132.29 3.30977e-05
300 40 0.111 1028.77 3.27682e-05
300 40 0.121 907.178 3.22381e-05
300 40 0.131 823.835 3.18781e-05
300 40 0.141 775.68 3.1644e-05
300 40 0.151 714.169 3.13942e-05
300 40 0.161 590.776 3.09733e-05
300 40 0.171 575.635 3.08443e-05
300 40 0.181 518.549 3.06504e-05
300 40 0.191 450.129 3.03434e-05
300 40 0.201 397.582 3.01508e-05
300 40 0.211 354.752 3.00206e-05
300 40 0.221 330.989 2.99418e-05
300 40 0.231 290.545 2.9776e-05
300 40 0.241 255.893 2.9642e-05
300 40 0.251 242.882 2.95819e-05
300 40 0.261 226.219 2.9573e-05
300 40 0.271 189.328 2.94767e-05
300 40 0.281 171.605 2.63973e-05
300 40 0.291 162.447 2.8472e-05
300 40 0.301 157.842 2.90183e-05
300 40 0.311 137.27 2.89034e-05
300 40 0.321 127.934 2.88553e-05
300 40 0.331 112.251 2.88386e-05
300 40 0.341 102.406 2.88592e-05
300 40 0.351 95.5983 2.88682e-05
300 40 0.361 82.554 2.73176e-05
300 40 0.371 84.2489 2.90374e-05
300 40 0.381 70.1205 2.90428e-05
300 40 0.391 75.2925 2.86658e-05
300 40 0.401 63.2865 2.79771e-05
300 40 0.411 61.7593 2.93317e-05
300 40 0.421 59.6418 2.91896e-05
300 40 0.431 55.6986 2.64679e-05
300 40 0.441 53.7167 2.64834e-05
300 40 0.451 49.2 2.86005e-05
300 40 0.461 48.3553 2.86419e-05
300 40 0.471 44.7713 2.86926e-05
300 40 0.481 45.5036 2.87096e-05
300 40 0.491 42.2538 2.86972e-05
300 40 0.501 39.7232 2.87174e-05
300 40 0.511 40.0688 2.83838e-05
300 40 0.521 38.6379 2.61763e-05
300 40 0.531 36.8065 2.63453e-05
300 40 0.541 37.2039 2.71264e-05
300 40 0.551 36.2588 2.70541e-05
300 40 0.561 35.0036 2.62943e-05
300 40 0.571 33.8427 2.63453e-05
300 40 0.581 33.9914 2.63087e-05
300 40 0.591 32.5512 2.63508e-05
300 40 0.601 31.8177 2.6376e-05
300 40 0.611 31.1901 2.63257e-05
300 40 0.621 30.6555 2.64073e-05
300 40 0.631 30.8319 2.63612e-05
300 40 0.641 29.6952 2.63681e-05
300 40 0.651 29.2833 2.77355e-05
300 40 0.661 28.7923 2.64014e-05
300 40 0.671 28.3218 2.63272e-05
300 40 0.681 27.7711 2.62886e-05
300 40 0.691 27.2953 2.74708e-05
300 40 0.701 26.9562 2.62568e-05
300 40 0.711 26.84 2.66695e-05
300 40 0.721 25.9558 2.64358e-05
300 40 0.731 25.5894 2.8384e-05
300 40 0.741 25.764 2.89714e-05
300 40 0.751 25.1788 2.82039e-05
300 40 0.761 24.89 2.6486e-05
300 40 0.771 24.5908 2.61858e-05
300 40 0.781 24.3555 2.89446e-05
300 40 0.791 23.8595 2.89193e-05
300 40 0.801 23.5975 2.89937e-05
300 40 0.811 23.2408 2.90756e-05
300 40 0.821 23.2029 2.89858e-05
300 40 0.831 22.6293 2.89738e-05
300 40 0.841 22.4065 2.89434e-05
300 40 0.851 22.0402 2.89386e-05
300 40 0.861 21.7154 2.88894e-05
300 40 0.871 21.6467 2.88879e-05
300 40 0.881 21.4196 2.89073e-05
300 40 0.891 21.0726 2.89015e-05
300 40 0.901 21.0348 2.89223e-05
300 40 0.911 20.5921 2.89225e-05
300 40 0.921 20.3284 2.89496e-05
300 40 0.931 20.3269 2.89317e-05
300 40 0.941 19.931 2.8961e-05
300 40 0.951 19.7279 2.89242e-05
300 40 0.961 19.5806 2.89089e-05
300 40 0.971 19.382 2.89653e-05
300 40 0.981 19.1391 2.89428e-05
300 40 0.991 18.9101 2.89732e-05
300 40 1.001 18.7816 2.86492e-05
300 40 1.011 18.7435 2.72388e-05
300 40 1.021 18.163 2.76402e-05
300 40 1.031 18.2195 3.12819e-05
300 40 1.041 18.1379 3.13183e-05
300 40 1.051 17.7049 3.1302e-05
300 40 1.061 17.6742 3.13078e-05
300 40 1.071 17.6977 3.0621e-05
300 40 1.081 17.4881 2.92248e-05
300 40 1.091 17.3467 2.92498e-05
300 40 1.101 17.2367 2.92443e-05
300 40 1.111 17.0086 2.92401e-05
300 40 1.121 16.8446 2.92299e-05
300 40 1.131 16.6477 2.92346e-05
300 40 1.141 16.8881 2.92459e-05
300 40 1.151 16.5945 2.929e-05
300 40 1.161 16.4934 2.9292e-05
300 40 1.171 16.1741 2.93094e-05
300 40 1.181 16.1939 2.93174e-05
300 40 1.191 15.827 2.7387e-05
300 40 1.201 15.8419 2.63265e-05
300 40 1.211 15.7551 2.80483e-05
300 40 1.221 15.7347 2.87423e-05
300 40 1.231 15.5917 2.87319e-05
300 40 1.241 15.3041 2.87929e-05
300 40 1.251 15.2111 2.87853e-05
300 40 1.261 15.3067 2.87784e-05
300 40 1.271 15.1386 2.8793e-05
300 40 1.281 14.9576 2.83924e-05
300 40 1.291 14.8254 2.83643e-05
300 40 1.301 14.7644 2.88063e-05
300 40 1.311 14.539 2.6513e-05
300 40 1.321 14.44 2.88852e-05
300 40 1.331 14.5569 2.95375e-05
300 40 1.341 14.301 2.95254e-05
300 40 1.351 14.2181 2.85164e-05
300 40 1.361 14.0571 2.72806e-05
300 40 1.371 13.8903 2.73548e-05
300 40 1.381 13.9516 2.73725e-05
300 40 1.391 13.7389 2.73826e-05
300 40 1.401 13.5337 2.73685e-05
300 40 1.411 13.5265 2.85747e-05
300 40 1.421 13.4304 2.88175e-05
300 40 1.431 13.1415 2.83995e-05
300 40 1.441 13.483 2.96313e-05
300 40 1.451 13.1502 2.96079e-05
300 40 1.461 12.9823 2.95903e-05
300 40 1.471 12.9442 2.96068e-05
300 40 1.481 12.6208 2.95814e-05
300 40 1.491 12.8854 2.79601e-05
300 40 1.501 12.5433 2.74588e-05
300 40 1.511 12.5038 2.72934e-05
300 40 1.521 12.5886 2.69875e-05
300 40 1.531 12.1747 2.81792e-05
300 40 1.541 12.054 2.81247e-05
300 40 1.551 12.1115 2.83599e-05
300 40 1.561 12.0418 2.9233e-05
300 40 1.571 12.0327 2.92104e-05
300 40 1.581 11.966 2.92297e-05
300 40 1.591 11.8381 2.92191e-05
300 40 1.601 11.6656 2.92243e-05
300 40 1.611 11.4853 2.9189e-05
300 40 1.621 11.2432 2.91784e-05
300 40 1.631 11.2944 2.91758e-05
300 40 1.641 11.2016 2.9192e-05
300 40 1.651 11.01 2.92063e-05
300 40 1.661 10.9751 2.82754e-05
300 40 1.671 10.8662 2.61386e-05
300 40 1.681 10.7504 2.76451e-05
300 40 1.691 10.6126 2.90165e-05
300 40 1.701 10.572 2.78668e-05
300 40 1.711 10.3981 2.90458e-05
300 40 1.721 10.4208 2.75265e-05
300 40 1.731 10.2166 2.58341e-05
300 40 1.741 10.0032 2.60916e-05
300 40 1.751 10.0202 2.65805e-05
300 40 1.761 9.9416 2.6342e-05
300 40 1.771 10.0002 2.63549e-05
300 40 1.781 9.8878 2.8737e-05
300 40 1.791 9.7813 2.75837e-05
300 40 1.801 9.7105 2.8528e-05
300 40 1.811 9.4234 2.93853e-05
300 40 1.821 9.4064 2.93969e-05
300 40 1.831 9.2248 2.91348e-05
300 40 1.841 9.2783 2.88068e-05
300 40 1.851 9.1526 2.8841e-05
300 40 1.861 9.1089 2.88754e-05
300 40 1.871 8.9387 2.88317e-05
300 40 1.881 8.9913 2.89554e-05
300 40 1.891 8.9055 2.89617e-05
300 40 1.901 8.8011 2.89441e-05
300 40 1.911 8.7713 2.89292e-05
300 40 1.921 8.7881 2.89058e-05
300 40 1.931 8.7433 2.70855e-05
300 40 1.941 8.6134 2.58943e-05
300 40 1.951 8.5528 2.58445e-05
300 40 1.961 8.4286 2.54403e-05
300 40 1.971 8.4486 2.53275e-05
300 40 1.981 8.4442 2.52371e-05
300 40 1.991 8.4006 2.49456e-05
400 10 0.001 798.268 2.31009e-05
400 10 0.011 821.042 2.32041e-05
400 10 0.021 800.751 2.3197e-05
400 10 0.031 776.324 2.54029e-05
400 10 0.041 784.187 2.57452e-05
400 10 0.051 740.666 2.5729e-05
400 10 0.061 751.129 2.41777e-05
400 10 0.071 736.676 2.32898e-05
400 10 0.081 744.26 2.32541e-05
400 10 0.091 716.328 2.32774e-05
400 10 0.101 698.721 2.501e-05
400 10 0.111 688.906 2.63558e-05
400 10 0.121 676.483 2.63387e-05
400 10 0.131 649.834 2.62133e-05
400 10 0.141 652.598 2.61148e-05
400 10 0.151 625.686 2.61429e-05
400 10 0.161 615.918 2.61612e-05
400 10 0.171 586.801 2.60747e-05
400 10 0.181 598.877 2.61056e-05
400 10 0.191 561.857 2.60338e-05
400 10 0.201 560.733 2.59956e-05
400 10 0.211 543.925 2.59711e-05
400 10 0.221 539.226 2.59167e-05
400 10 0.231 511.408 2.5847e-05
400 10 0.241 512.017 2.57726e-05
400 10 0.251 498.309 2.56787e-05
400 10 0.261 480.501 2.5723e-05
400 10 0.271 466.368 2.5778e-05
400 10 0.281 449.752 2.57657e-05
400 10 0.291 440.758 2.57261e-05
400 10 0.301 430.675 2.57267e-05
400 10 0.311 414.79 2.44439e-05
400 10 0.321 412.932 2.55591e-05
400 10 0.331 386.488 2.54725e-05
400 10 0.341 391.644 2.48198e-05
400 10 0.351 367.263 2.4082e-05
400 10 0.361 369.765 2.50977e-05
400 10 0.371 360.805 2.75586e-05
400 10 0.381 359.346 2.56813e-05
400 10 0.391 340.197 2.49543e-05
400 10 0.401 340.84 2.48138e-05
400 10 0.411 312.985 2.47335e-05
400 10 0.421 318.899 2.48028e-05
400 10 0.431 294.762 2.47263e-05
400 10 0.441 295.109 2.42804e-05
400 10 0.451 286.107 2.47872e-05
400 10 0.461 284.14 2.47984e-05
400 10 0.471 263.132 2.4727e-05
400 10 0.481 256.162 2.47125e-05
400 10 0.491 249.966 2.46917e-05
400 10 0.501 238.236 2.46959e-05
400 10 0.511 240.605 2.42385e-05
400 10 0.521 231.362 2.50437e-05
400 10 0.531 226.501 2.52242e-05
400 10 0.541 221.282 2.52221e-05
400 10 0.551 212.382 2.51821e-05
400 10 0.561 203.549 2.51528e-05
400 10 0.571 201.132 2.51569e-05
400 10 0.581 195.503 2.51592e-05
400 10 0.591 191.159 2.51434e-05
400 10 0.601 185.722 2.51169e-05
400 10 0.611 176.583 2.50785e-05
400 10 0.621 171.934 2.50937e-05
400 10 0.631 166.237 2.51003e-05
400 10 0.641 155.048 2.50624e-05
400 10 0.651 153.758 2.50497e-05
400 10 0.661 151.312 2.50621e-05
400 10 0.671 145.579 2.50388e-05
400 10 0.681 140.48 2.50504e-05
400 10 0.691 140.925 2.49933e-05
400 10 0.701 140.048 2.46784e-05
400 10 0.711 129.875 2.42261e-05
400 10 0.721 124.845 2.44821e-05
400 10 0.731 124.46 2.45639e-05
400 10 0.741 118.303 2.40954e-05
400 10 0.751 118.404 2.31786e-05
400 10 0.761 112.168 2.41941e-05
400 10 0.771 110.278 2.51078e-05
400 10 0.781 106.751 2.50761e-05
400 10 0.791 106.266 2.33563e-05
400 10 0.801 101.233 2.3309e-05
400 10 0.811 101.491 2.34012e-05
400 10 0.821 96.5573 2.41919e-05
400 10 0.831 93.9593 2.52673e-05
400 10 0.841 90.9796 2.53093e-05
400 10 0.851 88.8194 2.53046e-05
400 10 0.861 86.1488 2.43468e-05
400 10 0.871 86.4624 2.47349e-05
400 10 0.881 82.6818 2.50145e-05
400 10 0.891 80.6445 2.51013e-05
400 10 0.901 78.9914 2.50678e-05
400 10 0.911 77.348 2.50639e-05
400 10 0.921 74.8398 2.50714e-05
400 10 0.931 74.7279 2.43214e-05
400 10 0.941 72.9638 2.34599e-05
400 10 0.951 70.9018 2.6879e-05
400 10 0.961 71.7909 2.75204e-05
400 10 0.971 69.3888 2.75173e-05
400 10 0.981 66.5907 2.75114e-05
400 10 0.991 65.1716 2.72069e-05
400 10 1.001 63.9247 2.50526e-05
400 10 1.011 63.1209 2.50942e-05
400 10 1.021 62.0842 2.50532e-05
400 10 1.031 60.9395 2.51313e-05
400 10 1.041 59.6185 2.51252e-05
400 10 1.051 59.5835 2.51154e-05
400 10 1.061 58.0038 2.51282e-05
400 10 1.071 57.6858 2.51185e-05
400 10 1.081 56.4669 2.50596e-05
400 10 1.091 56.5225 2.50996e-05
400 10 1.101 55.7343 2.51748e-05
400 10 1.111 54.9631 2.51195e-05
400 10 1.121 54.5798 2.51668e-05
400 10 1.131 53.3586 2.51185e-05
400 10 1.141 53.425 2.47942e-05
400 10 1.151 53.5015 2.38405e-05
400 10 1.161 52.8383 2.46558e-05
400 10 1.171 52.5177 2.36377e-05
400 10 1.181 51.7873 2.46865e-05
400 10 1.191 51.3034 2.40977e-05
400 10 1.201 51.5581 2.48302e-05
400 10 1.211 50.6384 2.48967e-05
400 10 1.221 51.2651 2.49305e-05
400 10 1.231 50.4966 2.49223e-05
400 10 1.241 50.0854 2.49695e-05
400 10 1.251 49.691 2.495e-05
400 10 1.261 49.4258 2.49417e-05
400 10 1.271 49.1539 2.38344e-05
400 10 1.281 48.7843 2.36733e-05
400 10 1.291 48.3667 2.49498e-05
400 10 1.301 48.059 2.49878e-05
400 10 1.311 48.0229 2.49327e-05
400 10 1.321 47.5563 2.49375e-05
400 10 1.331 47.4051 2.49103e-05
400 10 1.341 46.995 2.49738e-05
400 10 1.351 46.6388 2.49334e-05
400 10 1.361 46.6777 2.4963e-05
400 10 1.371 46.3086 2.49086e-05
400 10 1.381 46.0572 2.49579e-05
400 10 1.391 46.0898 2.49569e-05
400 10 1.401 45.4423 2.38704e-05
400 10 1.411 45.2941 2.44977e-05
400 10 1.421 44.9882 2.4363e-05
400 10 1.431 45.1775 2.38886e-05
400 10 1.441 44.8144 2.2725e-05
400 10 1.451 44.6272 2.39139e-05
400 10 1.461 44.4135 2.36532e-05
400 10 1.471 44.1511 2.41895e-05
400 10 1.481 43.9855 2.4857e-05
400 10 1.491 43.7468 2.4744e-05
400 10 1.501 43.6451 2.47554e-05
400 10 1.511 43.4312 2.32055e-05
400 10 1.521 43.2602 2.36361e-05
400 10 1.531 43.0086 2.42638e-05
400 10 1.541 42.8803 2.42596e-05
400 10 1.551 42.7754 2.45584e-05
400 10 1.561 42.4799 2.47812e-05
400 10 1.571 42.4166 2.47391e-05
400 10 1.581 42.3279 2.4749e-05
400 10 1.591 42.0791 2.47696e-05
400 10 1.601 41.9481 2.47251e-05
400 10 1.611 41.9241 2.47424e-05
400 10 1.621 41.7823 2.43235e-05
400 10 1.631 41.5805 2.50557e-05
400 10 1.641 41.6349 2.50105e-05
400 10 1.651 41.4508 2.50065e-05
400 10 1.661 41.3693 2.3605e-05
400 10 1.671 41.3281 2.45481e-05
400 10 1.681 40.9856 2.50453e-05
400 10 1.691 40.9973 2.43897e-05
400 10 1.701 40.846 2.40936e-05
400 10 1.711 40.7078 2.32628e-05
400 10 1.721 40.5575 2.37501e-05
400 10 1.731 40.5409 2.32395e-05
400 10 1.741 40.5426 2.32845e-05
400 10 1.751 40.3836 2.36123e-05
400 10 1.761 40.2416 2.35834e-05
400 10 1.771 40.2453 2.37311e-05
400 10 1.781 39.8839 2.33915e-05
400 10 1.791 39.8779 2.38432e-05
400 10 1.801 39.7857 2.33841e-05
400 10 1.811 39.7401 2.32651e-05
400 10 1.821 39.5855 2.32703e-05
400 10 1.831 39.5256 2.33366e-05
400 10 1.841 39.3001 2.38051e-05
400 10 1.851 39.3048 2.31902e-05
400 10 1.861 39.1072 2.40555e-05
400 10 1.871 39.1882 2.46977e-05
400 10 1.881 39.0528 2.49602e-05
400 10 1.891 39.0559 2.4968e-05
400 10 1.901 38.7609 2.49887e-05
400 10 1.911 38.7429 2.49556e-05
400 10 1.921 38.6796 2.49449e-05
400 10 1.931 38.5 2.49259e-05
400 10 1.941 38.4693 2.4285e-05
400 10 1.951 38.4113 2.4733e-05
400 10 1.961 38.3474 2.46078e-05
400 10 1.971 38.3815 2.34785e-05
400 10 1.981 38.2518 2.32203e-05
400 10 1.991 38.1075 2.39777e-05
400 20 0.001 1780.55 3.08657e-05
400 20 0.011 1692.81 3.06263e-05
400 20 0.021 1663.77 3.05611e-05
400 20 0.031 1651.79 3.0631e-05
400 20 0.041 1536.65 3.01958e-05
400 20 0.051 1491.36 3.00351e-05
400 20 0.061 1397.93 2.72468e-05
400 20 0.071 1343.51 2.84363e-05
400 20 0.081 1292.69 2.95338e-05
400 20 0.091 1241.53 2.94728e-05
400 20 0.101 1176.46 2.92926e-05
400 20 0.111 1167.23 2.92755e-05
400 20 0.121 1057.86 2.90028e-05
400 20 0.131 1045.8 2.89085e-05
400 20 0.141 1003.32 2.86629e-05
400 20 0.151 931.904 2.63611e-05
400 20 0.161 918.645 2.57506e-05
400 20 0.171 846.427 2.55811e-05
400 20 0.181 802.675 2.54986e-05
400 20 0.191 776.48 2.63431e-05
400 20 0.201 743.851 2.53878e-05
400 20 0.211 709.285 2.87872e-05
400 20 0.221 682.689 2.96736e-05
400 20 0.231 625.966 2.95349e-05
400 20 0.241 604.209 2.94625e-05
400 20 0.251 562.969 2.93121e-05
400 20 0.261 540.123 2.5472e-05
400 20 0.271 501.907 2.54553e-05
400 20 0.281 483.335 2.48853e-05
400 20 0.291 447.446 2.48534e-05
400 20 0.301 436.817 2.48467e-05
400 20 0.311 419.386 2.47884e-05
400 20 0.321 379.117 2.47222e-05
400 20 0.331 358.965 2.47283e-05
400 20 0.341 343.223 2.4931e-05
400 20 0.351 321.68 2.53263e-05
400 20 0.361 305.21 2.6606e-05
400 20 0.371 296.167 2.65559e-05
400 20 0.381 265.108 2.64477e-05
400 20 0.391 259.258 2.64513e-05
400 20 0.401 240.858 2.61044e-05
400 20 0.411 235.684 2.53991e-05
400 20 0.421 225.143 2.62007e-05
400 20 0.431 207.883 2.61595e-05
400 20 0.441 201.706 2.61799e-05
400 20 0.451 191.983 2.62136e-05
400 20 0.461 169.797 2.61818e-05
400 20 0.471 163.393 2.62415e-05
400 20 0.481 161.322 2.62321e-05
400 20 0.491 149.343 2.61695e-05
400 20 0.501 149.39 2.61866e-05
400 20 0.511 139.208 2.6153e-05
400 20 0.521 132.352 2.61352e-05
400 20 0.531 126.884 2.60835e-05
400 20 0.541 117.902 2.61033e-05
400 20 0.551 111.946 2.60888e-05
400 20 0.561 107.495 2.43328e-05
400 20 0.571 105.628 2.5981e-05
400 20 0.581 102.59 2.59777e-05
400 20 0.591 96.1683 2.59522e-05
400 20 0.601 94.0652 2.5984e-05
400 20 0.611 90.6208 2.60039e-05
400 20 0.621 83.8641 2.59935e-05
400 20 0.631 82.0997 2.59868e-05
400 20 0.641 80.5757 2.59713e-05
400 20 0.651 75.9663 2.59825e-05
400 20 0.661 74.9374 2.5994e-05
400 20 0.671 73.1802 2.59838e-05
400 20 0.681 69.1331 2.59893e-05
400 20 0.691 67.8143 2.59327e-05
400 20 0.701 66.3799 2.59408e-05
400 20 0.711 65.1658 2.59814e-05
400 20 0.721 62.1077 2.59561e-05
400 20 0.731 61.9642 2.59341e-05
400 20 0.741 58.7936 2.51071e-05
400 20 0.751 58.4732 2.38255e-05
400 20 0.761 57.3847 2.44401e-05
400 20 0.771 55.8096 2.57113e-05
400 20 0.781 54.4894 2.61375e-05
400 20 0.791 53.1747 2.61181e-05
400 20 0.801 52.7083 2.61148e-05
400 20 0.811 51.9358 2.61396e-05
400 20 0.821 50.6066 2.61575e-05
400 20 0.831 49.3373 2.61866e-05
400 20 0.841 48.7967 2.61536e-05
400 20 0.851 47.2692 2.61702e-05
400 20 0.861 47.591 2.61548e-05
400 20 0.871 46.1218 2.61455e-05
400 20 0.881 45.5891 2.61339e-05
400 20 0.891 45.6459 2.61455e-05
400 20 0.901 43.5928 2.61341e-05
400 20 0.911 44.0665 2.61376e-05
400 20 0.921 42.8607 2.61014e-05
400 20 0.931 42.0081 2.61325e-05
400 20 0.941 41.8516 2.61379e-05
400 20 0.951 41.5208 2.61397e-05
400 20 0.961 41.3602 2.61353e-05
400 20 0.971 40.3836 2.55082e-05
400 20 0.981 40.1585 2.4983e-05
400 20 0.991 39.131 2.55172e-05
400 20 1.001 38.8948 2.38988e-05
400 20 1.011 38.6108 2.39e-05
400 20 1.021 38.2528 2.46605e-05
400 20 1.031 37.5465 2.67614e-05
400 20 1.041 37.1432 2.6775e-05
400 20 1.051 36.706 2.67479e-05
400 20 1.061 36.9287 2.65174e-05
400 20 1.071 36.2037 2.48372e-05
400 20 1.081 35.9296 2.64982e-05
400 20 1.091 35.5587 2.64949e-05
400 20 1.101 34.9817 2.65246e-05
400 20 1.111 35.1754 2.648e-05
400 20 1.121 34.6547 2.65266e-05
400 20 1.131 34.658 2.63857e-05
400 20 1.141 34.4012 2.49707e-05
400 20 1.151 33.8959 2.65844e-05
400 20 1.161 33.9568 2.66049e-05
400 20 1.171 33.5174 2.65621e-05
400 20 1.181 33.4714 2.51862e-05
400 20 1.191 33.5783 2.56168e-05
400 20 1.201 33.0408 2.63736e-05
400 20 1.211 32.9065 2.59255e-05
400 20 1.221 32.5789 2.5987e-05
400 20 1.231 32.2901 2.60341e-05
400 20 1.241 32.0767 2.60998e-05
400 20 1.251 31.7786 2.4906e-05
400 20 1.261 31.7066 2.56589e-05
400 20 1.271 31.3611 2.59098e-05
400 20 1.281 31.2202 2.51262e-05
400 20 1.291 30.9104 2.48578e-05
400 20 1.301 30.6748 2.52063e-05
400 20 1.311 30.4818 2.61508e-05
400 20 1.321 30.2398 2.59778e-05
400 20 1.331 30.2585 2.55126e-05
400 20 1.341 29.9878 2.60867e-05
400 20 1.351 29.4636 2.66932e-05
400 20 1.361 29.4716 2.68086e-05
400 20 1.371 29.03 2.68186e-05
400 20 1.381 28.9681 2.67686e-05
400 20 1.391 28.777 2.68087e-05
400 20 1.401 28.544 2.68184e-05
400 20 1.411 28.2836 2.51622e-05
400 20 1.421 28.1414 2.44498e-05
400 20 1.431 27.9426 2.44245e-05
400 20 1.441 27.7755 2.52772e-05
400 20 1.451 27.4011 2.56291e-05
400 20 1.461 27.3668 2.6336e-05
400 20 1.471 26.9553 2.54847e-05
400 20 1.481 27.0593 2.52057e-05
400 20 1.491 26.7434 2.61073e-05
400 20 1.501 26.4518 2.55149e-05
400 20 1.511 26.3285 2.65905e-05
400 20 1.521 26.1123 2.65843e-05
400 20 1.531 25.904 2.65985e-05
400 20 1.541 25.7102 2.66068e-05
400 20 1.551 25.4161 2.65849e-05
400 20 1.561 25.2836 2.64963e-05
400 20 1.571 25.1811 2.64833e-05
400 20 1.581 25.0287 2.60735e-05
400 20 1.591 24.828 2.49449e-05
400 20 1.601 24.6054 2.58825e-05
400 20 1.611 24.4271 2.6595e-05
400 20 1.621 24.1138 2.66112e-05
400 20 1.631 24.2388 2.66354e-05
400 20 1.641 24.1245 2.65943e-05
400 20 1.651 23.6651 2.57129e-05
400 20 1.661 23.6215 2.52531e-05
400 20 1.671 23.3921 2.52103e-05
400 20 1.681 23.3063 2.52565e-05
400 20 1.691 23.1864 2.61877e-05
400 20 1.701 22.8301 2.6615e-05
400 20 1.711 22.7184 2.65736e-05
400 20 1.721 22.7192 2.65734e-05
400 20 1.731 22.5246 2.56905e-05
400 20 1.741 22.3411 2.51999e-05
400 20 1.751 22.1829 2.52163e-05
400 20 1.761 22.0186 2.52465e-05
400 20 1.771 21.7819 2.57749e-05
400 20 1.781 21.5214 2.64937e-05
400 20 1.791 21.6441 2.65227e-05
400 20 1.801 21.3903 2.6463e-05
400 20 1.811 21.0836 2.64785e-05
400 20 1.821 21.0972 2.63623e-05
400 20 1.831 21.0526 2.4393e-05
400 20 1.841 20.8927 2.43834e-05
400 20 1.851 20.8226 2.43312e-05
400 20 1.861 20.6072 2.47958e-05
400 20 1.871 20.5169 2.64546e-05
400 20 1.881 20.2767 2.6304e-05
400 20 1.891 20.1779 2.62735e-05
400 20 1.901 20.1854 2.63717e-05
400 20 1.911 20.1351 2.63784e-05
400 20 1.921 19.999 2.64054e-05
400 20 1.931 20.0082 2.63824e-05
400 20 1.941 19.9149 2.62913e-05
400 20 1.951 19.7455 2.6292e-05
400 20 1.961 19.5772 2.59425e-05
400 20 1.971 19.7267 2.54266e-05
400 20 1.981 19.5881 2.61227e-05
400 20 1.991 19.6764 2.55231e-05
400 30 0.001 2705.01 3.05563e-05
400 30 0.011 2457.58 2.99715e-05
400 30 0.021 2429 3.22015e-05
400 30 0.031 2247.52 3.40116e-05
400 30 0.041 2135.35 3.35635e-05
400 30 0.051 1924.98 3.30468e-05
400 30 0.061 1915.98 3.29453e-05
400 30 0.071 1774.51 3.26215e-05
400 30 0.081 1674.6 3.22767e-05
400 30 0.091 1557.62 3.20465e-05
400 30 0.101 1473.05 3.17935e-05
400 30 0.111 1309.59 3.12849e-05
400 30 0.121 1238.16 3.10999e-05
400 30 0.131 1211.38 3.09718e-05
400 30 0.141 1101.95 3.05976e-05
400 30 0.151 969.839 3.03241e-05
400 30 0.161 948.85 3.02673e-05
400 30 0.171 842.475 2.99724e-05
400 30 0.181 809.185 2.98636e-05
400 30 0.191 745.412 2.96732e-05
400 30 0.201 677.429 2.81782e-05
400 30 0.211 605.248 2.60984e-05
400 30 0.221 572.336 2.5931e-05
400 30 0.231 528.986 2.89559e-05
400 30 0.241 496.761 2.7695e-05
400 30 0.251 450.701 2.65722e-05
400 30 0.261 405.573 2.63441e-05
400 30 0.271 370.833 2.69225e-05
400 30 0.281 363.869 2.85429e-05
400 30 0.291 319.802 2.84098e-05
400 30 0.301 294.188 2.83342e-05
400 30 0.311 287.782 2.83268e-05
400 30 0.321 264.96 2.84116e-05
400 30 0.331 234.251 2.76667e-05
400 30 0.341 220.982 2.74608e-05
400 30 0.351 205.709 2.74259e-05
400 30 0.361 188.792 2.7389e-05
400 30 0.371 169.424 2.73164e-05
400 30 0.381 156.51 2.72844e-05
400 30 0.391 139.098 2.72381e-05
400 30 0.401 133.191 2.72388e-05
400 30 0.411 119.953 2.71579e-05
400 30 0.421 115.62 2.65066e-05
400 30 0.431 110.772 2.46438e-05
400 30 0.441 105.38 2.59889e-05
400 30 0.451 94.4181 2.52429e-05
400 30 0.461 93.7626 2.53112e-05
400 30 0.471 85.863 2.73602e-05
400 30 0.481 80.3722 2.78651e-05
400 30 0.491 74.5736 2.78163e-05
400 30 0.501 76.1041 2.78349e-05
400 30 0.511 72.1195 2.68695e-05
400 30 0.521 68.138 2.7858e-05
400 30 0.531 62.0261 2.73855e-05
400 30 0.541 59.9714 2.79441e-05
400 30 0.551 59.0184 2.7949e-05
400 30 0.561 58.3343 2.79423e-05
400 30 0.571 53.4402 2.79556e-05
400 30 0.581 52.6271 2.7914e-05
400 30 0.591 51.3621 2.79048e-05
400 30 0.601 48.986 2.78528e-05
400 30 0.611 47.5224 2.78752e-05
400 30 0.621 45.3738 2.79217e-05
400 30 0.631 45.9589 2.79141e-05
400 30 0.641 43.6852 2.63555e-05
400 30 0.651 43.3077 2.59411e-05
400 30 0.661 42.8075 2.52912e-05
400 30 0.671 41.1412 2.52574e-05
400 30 0.681 39.585 2.52792e-05
400 30 0.691 39.5428 2.52775e-05
400 30 0.701 38.4422 2.52074e-05
400 30 0.711 37.3711 2.7153e-05
400 30 0.721 36.5599 2.78097e-05
400 30 0.731 36.34 2.77759e-05
400 30 0.741 35.8182 2.77663e-05
400 30 0.751 34.8996 2.77752e-05
400 30 0.761 34.0296 2.77567e-05
400 30 0.771 34.0053 2.77317e-05
400 30 0.781 33.3175 2.78041e-05
400 30 0.791 32.7617 2.78359e-05
400 30 0.801 32.7929 2.7827e-05
400 30 0.811 31.8042 2.7823e-05
400 30 0.821 30.6555 2.66352e-05
400 30 0.831 31.0999 2.56638e-05
400 30 0.841 30.5166 2.73405e-05
400 30 0.851 30.5239 2.52659e-05
400 30 0.861 29.4873 2.62351e-05
400 30 0.871 29.223 2.7657e-05
400 30 0.881 29.2721 2.76683e-05
400 30 0.891 28.6581 2.76595e-05
400 30 0.901 28.3634 2.76998e-05
400 30 0.911 27.9538 2.76696e-05
400 30 0.921 27.7624 2.76477e-05
400 30 0.931 27.0688 2.76272e-05
400 30 0.941 26.9608 2.65837e-05
400 30 0.951 26.5021 2.76799e-05
400 30 0.961 26.3088 2.7674e-05
400 30 0.971 26.3793 2.76645e-05
400 30 0.981 25.6716 2.76796e-05
400 30 0.991 25.531 2.82472e-05
400 30 1.001 25.4814 3.03598e-05
400 30 1.011 25.0536 3.03515e-05
400 30 1.021 24.5144 3.03351e-05
400 30 1.031 24.4966 3.03632e-05
400 30 1.041 24.238 2.99023e-05
400 30 1.051 24.3031 2.59078e-05
400 30 1.061 23.9486 2.61921e-05
400 30 1.071 23.8132 2.62526e-05
400 30 1.081 23.6057 2.50836e-05
400 30 1.091 23.581 2.51371e-05
400 30 1.101 23.3143 2.518e-05
400 30 1.111 23.2065 2.51077e-05
400 30 1.121 22.8565 2.5118e-05
400 30 1.131 23.2069 2.53336e-05
400 30 1.141 23.0434 2.56562e-05
400 30 1.151 22.6382 2.71059e-05
400 30 1.161 22.6322 2.79048e-05
400 30 1.171 22.4047 2.58248e-05
400 30 1.181 22.4117 2.66835e-05
400 30 1.191 22.2469 2.78706e-05
400 30 1.201 21.8616 2.79197e-05
400 30 1.211 21.867 2.56613e-05
400 30 1.221 21.8049 2.53836e-05
400 30 1.231 21.7378 2.55761e-05
400 30 1.241 21.4139 2.66007e-05
400 30 1.251 21.4635 2.79348e-05
400 30 1.261 21.4966 2.77753e-05
400 30 1.271 21.2566 2.6132e-05
400 30 1.281 21.0214 2.64163e-05
400 30 1.291 21.1261 2.65312e-05
400 30 1.301 21.0033 2.62775e-05
400 30 1.311 20.9181 2.79604e-05
400 30 1.321 20.7376 2.79453e-05
400 30 1.331 20.6881 2.79686e-05
400 30 1.341 20.5757 2.79764e-05
400 30 1.351 20.6052 2.79434e-05
400 30 1.361 20.5471 2.78795e-05
400 30 1.371 20.2777 2.72504e-05
400 30 1.381 20.5129 2.58782e-05
400 30 1.391 20.0958 2.78743e-05
400 30 1.401 20.1027 2.81071e-05
400 30 1.411 19.9611 2.69809e-05
400 30 1.421 19.8901 2.79717e-05
400 30 1.431 19.756 2.79944e-05
400 30 1.441 19.7854 2.79522e-05
400 30 1.451 19.7198 2.79422e-05
400 30 1.461 19.6539 2.59004e-05
400 30 1.471 19.5918 2.894e-05
400 30 1.481 19.4277 2.78504e-05
400 30 1.491 19.4752 2.99722e-05
400 30 1.501 19.464 2.99772e-05
400 30 1.511 19.5415 2.63565e-05
400 30 1.521 19.2984 2.53962e-05
400 30 1.531 19.3143 2.73495e-05
400 30 1.541 19.0795 2.68077e-05
400 30 1.551 19.238 2.68619e-05
400 30 1.561 19.2394 2.79145e-05
400 30 1.571 19.1801 2.5568e-05
400 30 1.581 19.0111 2.54706e-05
400 30 1.591 19.27 2.78777e-05
400 30 1.601 19.1868 2.79534e-05
400 30 1.611 19.1523 2.80342e-05
400 30 1.621 18.7115 2.80391e-05
400 30 1.631 18.8558 2.79966e-05
400 30 1.641 19.0622 2.79995e-05
400 30 1.651 18.6504 2.80074e-05
400 30 1.661 18.8375 2.80364e-05
400 30 1.671 18.6931 2.80582e-05
400 30 1.681 18.7178 2.80755e-05
400 30 1.691 18.5364 2.80512e-05
400 30 1.701 18.6765 2.80309e-05
400 30 1.711 18.467 2.79408e-05
400 30 1.721 18.3129 2.79247e-05
400 30 1.731 18.1973 2.68043e-05
400 30 1.741 18.2962 2.81461e-05
400 30 1.751 18.0151 2.8099e-05
400 30 1.761 18.0268 2.80574e-05
400 30 1.771 17.9526 2.80726e-05
400 30 1.781 17.7866 2.80673e-05
400 30 1.791 17.733 2.80768e-05
400 30 1.801 17.5189 2.80492e-05
400 30 1.811 17.4762 2.62266e-05
400 30 1.821 17.4663 2.55779e-05
400 30 1.831 17.0135 2.72604e-05
400 30 1.841 17.039 2.52891e-05
400 30 1.851 17.0672 2.76141e-05
400 30 1.861 16.7201 2.7931e-05
400 30 1.871 16.7633 2.80207e-05
400 30 1.881 16.4877 2.80072e-05
400 30 1.891 16.4679 2.79851e-05
400 30 1.901 16.3113 2.80022e-05
400 30 1.911 16.0974 2.80104e-05
400 30 1.921 15.8335 2.80115e-05
400 30 1.931 15.6071 2.7998e-05
400 30 1.941 15.4827 2.73841e-05
400 30 1.951 15.3147 2.57295e-05
400 30 1.961 15.0955 2.56599e-05
400 30 1.971 15.0304 2.5502e-05
400 30 1.981 14.9463 2.529e-05
400 30 1.991 14.7049 2.50532e-05
400 40 0.001 3469.38 3.97091e-05
400 40 0.011 3245.03 3.89379e-05
400 40 0.021 3036.28 3.81287e-05
400 40 0.031 2773.19 3.7112e-05
400 40 0.041 2661.5 4.03113e-05
400 40 0.051 2377.81 4.02097e-05
400 40 0.061 2253.8 3.51445e-05
400 40 0.071 2034.48 3.43239e-05
400 40 0.081 1904.68 3.37869e-05
400 40 0.091 1674.85 3.53883e-05
400 40 0.101 1622.46 3.52621e-05
400 40 0.111 1447.39 3.45867e-05
400 40 0.121 1331.68 3.39486e-05
400 40 0.131 1187.67 3.11009e-05
400 40 0.141 1061.69 3.06659e-05
400 40 0.151 951.5 3.02237e-05
400 40 0.161 857.375 2.9893e-05
400 40 0.171 744.917 2.95131e-05
400 40 0.181 748.516 3.13283e-05
400 40 0.191 614.899 3.0538e-05
400 40 0.201 583.616 2.88879e-05
400 40 0.211 505.325 2.86402e-05
400 40 0.221 436.172 2.8438e-05
400 40 0.231 432.187 2.83537e-05
400 40 0.241 390.034 2.82413e-05
400 40 0.251 349.971 2.80368e-05
400 40 0.261 316.425 2.99538e-05
400 40 0.271 290.481 2.9506e-05
400 40 0.281 248.837 2.93381e-05
400 40 0.291 222.442 2.92347e-05
400 40 0.301 217.278 2.92152e-05
400 40 0.311 185.523 2.914e-05
400 40 0.321 182.84 2.91426e-05
400 40 0.331 154.439 2.90236e-05
400 40 0.341 145.187 2.90451e-05
400 40 0.351 140.398 2.90255e-05
400 40 0.361 131.074 2.62749e-05
400 40 0.371 121.498 2.75209e-05
400 40 0.381 113.435 2.89008e-05
400 40 0.391 102.199 2.928e-05
400 40 0.401 98.8735 2.85407e-05
400 40 0.411 91.2189 2.72096e-05
400 40 0.421 89.0035 2.79826e-05
400 40 0.431 85.235 2.72444e-05
400 40 0.441 81.1572 2.72928e-05
400 40 0.451 75.6527 2.73391e-05
400 40 0.461 75.6496 2.7692e-05
400 40 0.471 70.112 2.73346e-05
400 40 0.481 67.1168 2.73199e-05
400 40 0.491 67.7738 2.87377e-05
400 40 0.501 64.7276 2.93858e-05
400 40 0.511 61.7696 2.9405e-05
400 40 0.521 61.0911 2.94118e-05
400 40 0.531 58.491 2.78444e-05
400 40 0.541 59.8073 2.89447e-05
400 40 0.551 57.576 2.93148e-05
400 40 0.561 56.6465 2.93237e-05
400 40 0.571 54.7421 2.9319e-05
400 40 0.581 54.3391 2.92718e-05
400 40 0.591 52.4293 2.9246e-05
400 40 0.601 52.0439 2.92843e-05
400 40 0.611 50.5077 2.93033e-05
400 40 0.621 49.6641 2.93024e-05
400 40 0.631 49.4266 2.93147e-05
400 40 0.641 48.7326 2.86004e-05
400 40 0.651 47.3927 2.65028e-05
400 40 0.661 47.1589 2.65637e-05
400 40 0.671 46.2977 2.64568e-05
400 40 0.681 45.3802 2.8025e-05
400 40 0.691 44.8554 2.7673e-05
400 40 0.701 44.633 2.64929e-05
400 40 0.711 44.1378 2.64256e-05
400 40 0.721 43.3738 2.8501e-05
400 40 0.731 43.2065 2.92578e-05
400 40 0.741 42.1672 2.9285e-05
400 40 0.751 41.5463 2.92862e-05
400 40 0.761 41.3597 2.92959e-05
400 40 0.771 41.067 2.93116e-05
400 40 0.781 40.4449 2.93326e-05
400 40 0.791 39.7646 2.94076e-05
400 40 0.801 39.5012 2.93781e-05
400 40 0.811 38.787 2.94115e-05
400 40 0.821 38.7486 2.93895e-05
400 40 0.831 38.2398 2.94044e-05
400 40 0.841 37.8287 2.94011e-05
400 40 0.851 36.7831 2.94514e-05
400 40 0.861 36.7131 2.94059e-05
400 40 0.871 36.4998 2.94093e-05
400 40 0.881 36.1943 2.93681e-05
400 40 0.891 36.0834 2.748e-05
400 40 0.901 35.2188 2.73326e-05
400 40 0.911 34.6186 2.80786e-05
400 40 0.921 34.3399 2.91776e-05
400 40 0.931 34.3124 2.70302e-05
400 40 0.941 33.9988 2.71386e-05
400 40 0.951 33.4192 2.79365e-05
400 40 0.961 33.1586 2.65964e-05
400 40 0.971 32.6942 2.9077e-05
400 40 0.981 32.5373 2.65267e-05
400 40 0.991 32.005 2.6512e-05
400 40 1.001 31.9124 2.6486e-05
400 40 1.011 31.3644 2.65373e-05
400 40 1.021 31.3197 2.78445e-05
400 40 1.031 30.9099 2.9398e-05
400 40 1.041 30.6407 2.94237e-05
400 40 1.051 30.2076 2.94117e-05
400 40 1.061 30.0121 2.93933e-05
400 40 1.071 30.1783 2.86108e-05
400 40 1.081 29.5069 2.67013e-05
400 40 1.091 29.6023 2.64352e-05
400 40 1.101 28.887 2.64527e-05
400 40 1.111 29.2089 2.65101e-05
400 40 1.121 28.844 2.91216e-05
400 40 1.131 28.5733 2.95724e-05
400 40 1.141 28.2144 2.95695e-05
400 40 1.151 27.9285 2.95726e-05
400 40 1.161 28.0048 2.95268e-05
400 40 1.171 27.8289 2.95687e-05
400 40 1.181 27.4141 2.95837e-05
400 40 1.191 27.314 2.95943e-05
400 40 1.201 26.6768 2.9584e-05
400 40 1.211 26.6342 2.95663e-05
400 40 1.221 26.5869 2.9631e-05
400 40 1.231 26.357 2.96013e-05
400 40 1.241 26.0619 2.96483e-05
400 40 1.251 25.8303 2.96477e-05
400 40 1.261 25.7113 2.96319e-05
400 40 1.271 25.1567 2.9643e-05
400 40 1.281 25.0789 2.95599e-05
400 40 1.291 25.0138 2.95886e-05
400 40 1.301 24.9804 2.71048e-05
400 40 1.311 24.7481 2.86615e-05
400 40 1.321 24.2404 2.96354e-05
400 40 1.331 24.1394 2.96603e-05
400 40 1.341 23.7552 2.96763e-05
400 40 1.351 23.6486 2.9592e-05
400 40 1.361 23.2397 2.669e-05
400 40 1.371 23.2233 2.81141e-05
400 40 1.381 23.0338 2.94558e-05
400 40 1.391 22.7516 2.94451e-05
400 40 1.401 22.4768 2.95169e-05
400 40 1.411 22.2977 2.94684e-05
400 40 1.421 22.2032 2.94738e-05
400 40 1.431 21.8637 2.94818e-05
400 40 1.441 21.8553 2.88897e-05
400 40 1.451 21.3884 2.96138e-05
400 40 1.461 21.3562 2.96776e-05
400 40 1.471 21.0578 2.96511e-05
400 40 1.481 21.087 2.9662e-05
400 40 1.491 20.6965 2.96393e-05
400 40 1.501 20.5993 2.9644e-05
400 40 1.511 20.4162 2.96212e-05
400 40 1.521 20.1409 2.96089e-05
400 40 1.531 20.1801 2.9576e-05
400 40 1.541 19.4958 2.95378e-05
400 40 1.551 19.3371 2.95939e-05
400 40 1.561 19.5341 2.96227e-05
400 40 1.571 19.1994 2.96074e-05
400 40 1.581 19.0197 2.95888e-05
400 40 1.591 18.8237 2.66679e-05
400 40 1.601 18.735 2.64317e-05
400 40 1.611 18.4477 2.72957e-05
400 40 1.621 18.0732 2.83599e-05
400 40 1.631 17.766 2.66574e-05
400 40 1.641 17.8744 2.9348e-05
400 40 1.651 17.6019 2.93641e-05
400 40 1.661 17.0965 2.93593e-05
400 40 1.671 16.8927 2.93476e-05
400 40 1.681 16.5822 2.93407e-05
400 40 1.691 16.6295 2.93364e-05
400 40 1.701 16.3031 2.93165e-05
400 40 1.711 15.9686 2.92959e-05
400 40 1.721 15.786 2.93218e-05
400 40 1.731 15.6772 2.93417e-05
400 40 1.741 15.2525 2.93038e-05
400 40 1.751 15.1456 2.93383e-05
400 40 1.761 15.0929 2.86043e-05
400 40 1.771 14.5826 2.57765e-05
400 40 1.781 14.4012 2.58315e-05
400 40 1.791 14.3192 2.58131e-05
400 40 1.801 13.9105 2.57855e-05
400 40 1.811 13.8612 2.58207e-05
400 40 1.821 13.6436 2.58197e-05
400 40 1.831 13.329 2.5808e-05
400 40 1.841 13.3022 2.5792e-05
400 40 1.851 13.0113 2.58189e-05
400 40 1.861 13.1238 2.58345e-05
400 40 1.871 12.8112 2.58071e-05
400 40 1.881 12.5794 2.56729e-05
400 40 1.891 12.4422 2.57479e-05
400 40 1.901 12.1452 2.56577e-05
400 40 1.911 12.0586 2.55177e-05
400 40 1.921 11.9701 2.53881e-05
400 40 1.931 11.7703 2.54016e-05
400 40 1.941 11.5884 2.52746e-05
400 40 1.951 11.4382 2.53265e-05
400 40 1.961 11.2666 2.52074e-05
400 40 1.971 11.2842 2.50154e-05
400 40 1.981 11.0772 2.50735e-05
400 40 1.991 11.0367 2.50408e-05
