200 10 0.001 488.228 6114.04 2.635
200 10 0.011 491.338 6156.15 2.6852
200 10 0.021 492.39 6176.34 2.8165
200 10 0.031 476.733 6004.03 2.9418
200 10 0.041 484.345 6104.17 3.1497
200 10 0.051 458.72 5826.16 3.2992
200 10 0.061 471.964 5981.65 3.3939
200 10 0.071 455.169 5809.36 3.6609
200 10 0.081 434.11 5579.39 3.7987
200 10 0.091 435.658 5605.57 3.98
200 10 0.101 430.49 5554.2 4.0719
200 10 0.111 423.868 5493.87 4.3287
200 10 0.121 410.755 5357.84 4.4541
200 10 0.131 405.571 5306.04 4.7161
200 10 0.141 396.7 5223.23 4.9635
200 10 0.151 378.68 5015.63 5.0161
200 10 0.161 372.79 4971.47 5.3365
200 10 0.171 376.644 5024.53 5.9639
200 10 0.181 364.931 4903.51 7.1268
200 10 0.191 345.092 4683.58 6.177
200 10 0.201 343.331 4668.85 7.4979
200 10 0.211 347.584 4752.56 8.6807
200 10 0.221 326.195 4509.04 8.2178
200 10 0.231 325.808 4507.93 7.7733
200 10 0.241 321.415 4469.52 7.3621
200 10 0.251 316.908 4428.92 7.4599
200 10 0.261 301.617 4265.83 7.4785
200 10 0.271 304.343 4292.29 7.6541
200 10 0.281 288.311 4137.06 8.0175
200 10 0.291 287.725 4142.97 9.4038
200 10 0.301 279.246 4045.65 9.8039
200 10 0.311 265.651 3904.88 9.2858
200 10 0.321 267.251 3927.68 9.6193
200 10 0.331 257.39 3835.19 9.94
200 10 0.341 248.235 3735.08 10.0653
200 10 0.351 247.873 3735 10.424
200 10 0.361 235.9 3611.24 10.7238
200 10 0.371 241.369 3680.66 11.0625
200 10 0.381 236.233 3625.86 11.2541
200 10 0.391 227.209 3556.35 11.7338
200 10 0.401 216.678 3438.69 11.9853
200 10 0.411 208.076 3333.82 11.9355
200 10 0.421 200.534 3272.77 12.3359
200 10 0.431 202.398 3301.69 12.817
200 10 0.441 201.149 3288.45 13.0615
200 10 0.451 187.741 3156.18 13.3887
200 10 0.461 196.2 3251.02 13.8268
200 10 0.471 182.365 3078.72 13.6762
200 10 0.481 178.509 3048.94 14.0103
200 10 0.491 174.586 3021.71 14.7657
200 10 0.501 178.851 3075.37 15.0394
200 10 0.511 168.133 2957.91 15.163
200 10 0.521 163.904 2926.02 15.7303
200 10 0.531 158.989 2862.45 15.7742
200 10 0.541 155.817 2832.54 16.2661
200 10 0.551 153.613 2800.85 16.4184
200 10 0.561 152.043 2797.13 16.9171
200 10 0.571 150.002 2798.44 17.3866
200 10 0.581 144.926 2762.16 17.9122
200 10 0.591 145.544 2765.61 18.3866
200 10 0.601 140.065 2703.54 18.4721
200 10 0.611 133.693 2613.04 19.0778
200 10 0.621 128.566 2569.56 20.691
200 10 0.631 131.918 2609.03 20.998
200 10 0.641 126.873 2579.07 21.744
200 10 0.651 120.674 2512.92 21.9283
200 10 0.661 120.901 2507.98 20.8797
200 10 0.671 114.882 2446.14 20.8634
200 10 0.681 116.631 2472.94 21.8094
200 10 0.691 115.602 2478.71 22.3138
200 10 0.701 110.99 2397.48 21.8858
200 10 0.711 108.074 2384 22.8175
200 10 0.721 107.954 2390.37 23.0843
200 10 0.731 103.642 2346.82 24.0276
200 10 0.741 104.78 2351.37 25.205
200 10 0.751 101.008 2314.65 25.5459
200 10 0.761 97.6881 2276.66 25.9719
200 10 0.771 98.7565 2317.13 25.3432
200 10 0.781 98.2223 2299.16 24.9292
200 10 0.791 95.2249 2290.16 25.6236
200 10 0.801 92.7213 2236.88 26.2534
200 10 0.811 90.8253 2221.07 25.6446
200 10 0.821 87.6344 2187.22 26.1651
200 10 0.831 89.5093 2213.75 28.1427
200 10 0.841 87.8599 2200.85 27.5472
200 10 0.851 87.7639 2218.05 28.2927
200 10 0.861 81.7529 2134.22 27.7664
200 10 0.871 83.7041 2163.31 28.5463
200 10 0.881 80.7972 2123.79 28.6788
200 10 0.891 80.3529 2138.61 30.2752
200 10 0.901 79.1732 2100.56 30.2025
200 10 0.911 79.0303 2126.59 31.883
200 10 0.921 76.7434 2090.46 32.2265
200 10 0.931 77.0115 2092.74 31.9333
200 10 0.941 74.0361 2052.76 31.7131
200 10 0.951 74.6594 2090.81 33.8307
200 10 0.961 72.0482 2049.24 33.6168
200 10 0.971 70.6197 2022.97 32.0405
200 10 0.981 70.6592 2024.6 32.8085
200 10 0.991 69.6354 2023.29 33.2042
200 10 1.001 68.4753 1998.47 35.1266
200 10 1.011 67.7808 1997.43 35.8973
200 10 1.021 66.8675 1991.16 36.3373
200 10 1.031 67.5485 1995.23 37.3321
200 10 1.041 66.2816 1994.21 37.5081
200 10 1.051 64.7439 1966.18 35.6016
200 10 1.061 64.4246 1947.2 35.9258
200 10 1.071 65.2259 1982.68 38.8348
200 10 1.081 63.1544 1946.85 37.4362
200 10 1.091 63.6992 1954.41 37.543
200 10 1.101 62.9434 1946.59 37.4205
200 10 1.111 61.7186 1942.48 38.2074
200 10 1.121 61.4428 1930.3 38.5768
200 10 1.131 61.973 1936.28 38.0336
200 10 1.141 60.7159 1916.34 37.759
200 10 1.151 61.1188 1931.02 38.525
200 10 1.161 61.1566 1928.31 39.0355
200 10 1.171 60.3697 1906.18 39.5265
200 10 1.181 60.2569 1911.71 40.2759
200 10 1.191 60.2063 1913.98 41.1578
200 10 1.201 59.9413 1902.77 38.9865
200 10 1.211 59.4591 1909.79 39.8947
200 10 1.221 58.7474 1886.7 39.9083
200 10 1.231 58.748 1915.98 41.3878
200 10 1.241 59.0406 1904.21 40.1492
200 10 1.251 58.8703 1896.94 40.489
200 10 1.261 57.964 1877.91 40.3111
200 10 1.271 58.3645 1886.12 41.5583
200 10 1.281 57.9942 1894.92 42.163
200 10 1.291 57.6737 1882.72 41.2517
200 10 1.301 57.8112 1885.2 40.8776
200 10 1.311 58.2303 1892.1 41.6162
200 10 1.321 57.9291 1888.66 43.5493
200 10 1.331 56.958 1871.26 41.8244
200 10 1.341 58.0346 1894.01 43.335
200 10 1.351 56.9162 1868.66 40.8751
200 10 1.361 57.6866 1883.26 41.8989
200 10 1.371 57.0444 1871.31 41.5723
200 10 1.381 57.4482 1873.03 42.0143
200 10 1.391 56.9693 1872.9 42.174
200 10 1.401 56.4505 1857.5 41.6036
200 10 1.411 56.6689 1868.2 42.2289
200 10 1.421 56.6222 1859.79 41.9823
200 10 1.431 56.7507 1857.48 42.1362
200 10 1.441 56.6519 1857.52 42.1443
200 10 1.451 56.7225 1866.64 42.7928
200 10 1.461 56.8728 1871.57 42.8365
200 10 1.471 57.2615 1883.46 43.5787
200 10 1.481 56.7318 1863.5 42.9268
200 10 1.491 56.1141 1849.72 43.9528
200 10 1.501 57.2223 1873.78 45.5076
200 10 1.511 56.7197 1860.53 43.0183
200 10 1.521 56.6098 1862.92 42.762
200 10 1.531 56.7716 1866.16 42.9335
200 10 1.541 56.5837 1850.15 43.8966
200 10 1.551 56.7795 1860.64 44.9241
200 10 1.561 56.5106 1850.05 45.0254
200 10 1.571 56.5354 1859.2 45.1722
200 10 1.581 56.2269 1842.4 42.6275
200 10 1.591 56.9764 1858.53 45.8152
200 10 1.601 56.4683 1845.15 45.1753
200 10 1.611 57.5462 1876.77 44.8945
200 10 1.621 57.2174 1866.24 43.1028
200 10 1.631 57.2691 1868.73 43.0935
200 10 1.641 56.8195 1856.09 42.7271
200 10 1.651 57.4593 1867.16 42.924
200 10 1.661 57.7249 1876.49 43.5652
200 10 1.671 57.7589 1875.24 43.4679
200 10 1.681 57.5422 1868.18 42.9145
200 10 1.691 57.9155 1879.99 43.5942
200 10 1.701 57.5921 1859.93 42.7775
200 10 1.711 58.0351 1876.15 43.6572
200 10 1.721 58.091 1879.28 44.0091
200 10 1.731 58.4671 1889.28 44.3375
200 10 1.741 58.663 1889.96 44.4803
200 10 1.751 58.7346 1893.3 44.5578
200 10 1.761 58.6352 1885.83 44.1262
200 10 1.771 58.6084 1883.96 43.9027
200 10 1.781 59.0737 1898.88 44.6348
200 10 1.791 58.9919 1888.29 43.9779
200 10 1.801 59.4585 1905.41 45.3185
200 10 1.811 59.6141 1901.14 43.9797
200 10 1.821 59.4303 1893.31 43.7496
200 10 1.831 59.7846 1898.61 43.6599
200 10 1.841 60.0903 1904 43.9999
200 10 1.851 60.2215 1906.04 44.4959
200 10 1.861 60.401 1912.11 46.8204
200 10 1.871 60.8047 1919.77 47.0942
200 10 1.881 60.6996 1917.68 46.9546
200 10 1.891 61.0247 1917.69 46.9711
200 10 1.901 61.2932 1924.94 47.1395
200 10 1.911 61.5493 1929.92 46.8597
200 10 1.921 61.6988 1931.02 46.4607
200 10 1.931 61.8741 1936.19 46.5278
200 10 1.941 62.2399 1945 44.6804
200 10 1.951 62.3745 1947.59 44.646
200 10 1.961 62.5379 1945.06 44.5611
200 10 1.971 62.9062 1952.43 45.9855
200 10 1.981 63.28 1955.01 45.8204
200 10 1.991 63.3363 1957.04 45.811
200 20 0.001 926.157 10197.6 8.2369
200 20 0.011 891.57 9862.37 7.793
200 20 0.021 875.604 9710.44 7.5377
200 20 0.031 861.268 9579.61 7.5386
200 20 0.041 816.58 9142.22 7.1428
200 20 0.051 796.759 8962.6 7.4283
200 20 0.061 791.146 8919.63 7.6978
200 20 0.071 764.722 8663.8 7.66
200 20 0.081 731.772 8353.45 6.4105
200 20 0.091 726.644 8311.83 5.8098
200 20 0.101 679.377 7851.31 6.1596
200 20 0.111 648.634 7545.43 6.0282
200 20 0.121 619.305 7267.72 6.3401
200 20 0.131 609.379 7173.41 6.6167
200 20 0.141 589.973 7007.01 6.6402
200 20 0.151 582.482 6927.07 7.0075
200 20 0.161 541.377 6533.3 7.4565
200 20 0.171 518.76 6313.54 8.2189
200 20 0.181 489.238 6033.05 9.3914
200 20 0.191 488.127 6030.45 9.5592
200 20 0.201 458.532 5740.74 9.8326
200 20 0.211 430.479 5478.29 9.9788
200 20 0.221 412.219 5300.6 10.4361
200 20 0.231 399.286 5178.12 10.6315
200 20 0.241 397.128 5176.02 11.216
200 20 0.251 373.039 4924.5 11.1273
200 20 0.261 369.309 4907.49 11.6044
200 20 0.271 348.604 4703.94 11.6733
200 20 0.281 328.961 4510.49 10.9088
200 20 0.291 321.334 4434.09 11.5355
200 20 0.301 309.888 4363.1 12.9728
200 20 0.311 297.406 4227.74 12.8359
200 20 0.321 290.23 4159.88 12.3492
200 20 0.331 283.752 4095.74 12.5227
200 20 0.341 274.046 4010.99 12.7297
200 20 0.351 260.626 3896.79 13.2142
200 20 0.361 255.621 3845.73 13.9341
200 20 0.371 237.324 3665.02 14.5744
200 20 0.381 227.218 3546.06 15.1241
200 20 0.391 231.942 3628.81 15.8311
200 20 0.401 219.46 3525.56 14.8595
200 20 0.411 209.565 3398.55 14.2993
200 20 0.421 197.1 3286.14 14.685
200 20 0.431 193.83 3260.75 15.0535
200 20 0.441 186.3 3179.2 15.2818
200 20 0.451 185.595 3187.39 15.8387
200 20 0.461 178.89 3123.02 17.5816
200 20 0.471 175.42 3093.08 16.6956
200 20 0.481 163.161 2964.3 16.5612
200 20 0.491 164.433 2988.26 17.1583
200 20 0.501 162.388 2975.12 17.5045
200 20 0.511 157.206 2929.89 18.1877
200 20 0.521 150.763 2866.71 19.9367
200 20 0.531 147.168 2838.97 20.3818
200 20 0.541 146.263 2832.23 20.4816
200 20 0.551 138.129 2753.24 18.7981
200 20 0.561 134.844 2730.74 20.6216
200 20 0.571 130.608 2674.81 19.8155
200 20 0.581 130.308 2686.1 19.7195
200 20 0.591 128.268 2661.44 21.1816
200 20 0.601 120.805 2598.77 20.6692
200 20 0.611 119.926 2574.09 20.7647
200 20 0.621 119.124 2581.31 21.2011
200 20 0.631 114.194 2522.34 22.6488
200 20 0.641 110.624 2491.86 23.5788
200 20 0.651 112.585 2517.89 24.0647
200 20 0.661 105.553 2444.21 23.5263
200 20 0.671 108.235 2493.53 22.6065
200 20 0.681 107.027 2472.69 23.0156
200 20 0.691 103.287 2425.94 23.2045
200 20 0.701 101.862 2411.3 23.6512
200 20 0.711 101.64 2422.4 24.17
200 20 0.721 94.8136 2343.62 23.9192
200 20 0.731 95.3613 2360.26 25.7616
200 20 0.741 93.0024 2322.96 26.6332
200 20 0.751 92.8853 2336.46 27.4262
200 20 0.761 91.7397 2329.24 27.8195
200 20 0.771 90.5684 2305.99 25.701
200 20 0.781 88.7365 2303.18 26.2371
200 20 0.791 88.1191 2311.54 26.9106
200 20 0.801 86.8745 2283.36 26.8365
200 20 0.811 87.0613 2288.58 27.4256
200 20 0.821 84.0121 2244.27 27.5245
200 20 0.831 82.9026 2242.69 28.23
200 20 0.841 81.5288 2226.02 28.247
200 20 0.851 81.3643 2232.8 28.9959
200 20 0.861 80.7361 2227.73 29.4194
200 20 0.871 76.5128 2179.01 30.9834
200 20 0.881 77.0684 2183.28 31.3599
200 20 0.891 75.6583 2165.42 30.8599
200 20 0.901 74.257 2153.21 31.3182
200 20 0.911 73.2244 2131.97 31.4499
200 20 0.921 72.8346 2136.64 31.5058
200 20 0.931 71.6648 2138.37 33.7922
200 20 0.941 71.7965 2125.66 33.0538
200 20 0.951 70.7494 2109.99 32.6241
200 20 0.961 70.8023 2144.52 34.0058
200 20 0.971 68.3471 2084.7 35.3294
200 20 0.981 67.9987 2097.99 35.652
200 20 0.991 66.6528 2056.26 35.9478
200 20 1.001 66.613 2071.55 36.5629
200 20 1.011 66.997 2067.72 37.6529
200 20 1.021 64.352 2037.95 37.0905
200 20 1.031 65.0487 2052.38 38.5904
200 20 1.041 63.7801 2035.16 38.3625
200 20 1.051 63.0345 2024.8 38.7973
200 20 1.061 63.1864 2027.7 39.3267
200 20 1.071 62.5579 2023.26 39.6389
200 20 1.081 62.2482 2015.37 39.3817
200 20 1.091 61.7789 2004.03 37.9267
200 20 1.101 61.3207 2004.06 38.6063
200 20 1.111 60.7883 1992.94 38.4268
200 20 1.121 60.6435 1975.68 38.267
200 20 1.131 60.082 2001.09 39.4538
200 20 1.141 60.1993 1981.01 39.366
200 20 1.151 59.9739 1978.52 39.3659
200 20 1.161 59.7037 1985.49 39.6554
200 20 1.171 59.8943 1982.84 40.161
200 20 1.181 59.7594 1985.58 40.4439
200 20 1.191 59.1909 1971.89 40.2925
200 20 1.201 58.6253 1956.2 41.1092
200 20 1.211 59.2787 1972.08 41.3101
200 20 1.221 59.3671 1978.46 41.7126
200 20 1.231 58.2082 1951.48 41.7216
200 20 1.241 58.7583 1967.4 41.6427
200 20 1.251 59.0254 1967.6 41.2327
200 20 1.261 58.2132 1955.84 40.811
200 20 1.271 58.7962 1979.49 41.785
200 20 1.281 58.075 1951.71 41.4099
200 20 1.291 57.6287 1944.62 41.624
200 20 1.301 57.8059 1945.76 41.7461
200 20 1.311 58.2844 1955.75 42.3157
200 20 1.321 58.4103 1957.63 44.1224
200 20 1.331 58.9652 1973.1 44.9369
200 20 1.341 57.8543 1940.6 42.2104
200 20 1.351 58.0973 1940.56 41.8197
200 20 1.361 58.215 1962.93 42.5647
200 20 1.371 58.358 1959.91 42.4823
200 20 1.381 58.0433 1951.17 42.5715
200 20 1.391 58.1642 1964.92 43.0414
200 20 1.401 58.2143 1959.6 43.0481
200 20 1.411 57.7315 1948.48 42.5481
200 20 1.421 58.1882 1959.95 43.5069
200 20 1.431 57.6683 1941.07 42.5471
200 20 1.441 57.7867 1953.23 43.4626
200 20 1.451 58.2624 1959.44 45.1886
200 20 1.461 57.8907 1951.2 43.5766
200 20 1.471 57.7344 1939.09 42.2267
200 20 1.481 57.8572 1944.94 42.5561
200 20 1.491 58.2023 1948.99 42.7489
200 20 1.501 57.8198 1941.54 42.2633
200 20 1.511 58.4379 1951.62 42.7149
200 20 1.521 58.0124 1940.43 42.3204
200 20 1.531 58.4556 1952.02 42.8259
200 20 1.541 58.3202 1949.57 42.6053
200 20 1.551 58.4791 1952.25 43.2462
200 20 1.561 58.1404 1942.32 42.5708
200 20 1.571 58.5914 1952.25 43.1634
200 20 1.581 58.3824 1945.06 42.6355
200 20 1.591 58.4662 1953.48 43.1743
200 20 1.601 58.8382 1951.7 43.0114
200 20 1.611 59.0122 1959.61 43.2687
200 20 1.621 59.1747 1957.29 43.2258
200 20 1.631 59.2585 1959.74 43.0937
200 20 1.641 59.7231 1968.17 43.8209
200 20 1.651 59.9915 1976.79 45.9747
200 20 1.661 60.3494 1983.29 46.3845
200 20 1.671 60.6966 1990.24 43.8558
200 20 1.681 60.6589 1985.43 43.4322
200 20 1.691 61.1481 1995.9 43.6358
200 20 1.701 61.2249 1992.11 43.6677
200 20 1.711 61.4871 2006.27 44.183
200 20 1.721 61.5124 1998.32 43.5112
200 20 1.731 62.138 2013.29 44.0107
200 20 1.741 62.3825 2019.88 44.278
200 20 1.751 62.9993 2034.89 44.6722
200 20 1.761 62.98 2034.89 44.5295
200 20 1.771 63.2958 2037.7 44.7274
200 20 1.781 63.643 2039.14 44.6958
200 20 1.791 64.1373 2055.02 45.2594
200 20 1.801 64.2172 2053.27 44.8135
200 20 1.811 64.3473 2049.22 44.5426
200 20 1.821 64.8888 2067.96 47.7152
200 20 1.831 65.2558 2075.99 47.5339
200 20 1.841 65.4695 2075.73 48.1769
200 20 1.851 66.0672 2089.97 48.3892
200 20 1.861 66.4518 2096.06 46.9553
200 20 1.871 66.2293 2089.21 45.5244
200 20 1.881 66.9432 2103.44 45.9777
200 20 1.891 67.3506 2108.4 45.4376
200 20 1.901 67.5755 2109.39 45.4423
200 20 1.911 67.8357 2119.41 45.7854
200 20 1.921 68.274 2126.65 46.2033
200 20 1.931 68.7369 2133.53 46.6779
200 20 1.941 69.1406 2143.8 46.4511
200 20 1.951 69.2879 2147.19 48.3266
200 20 1.961 69.7831 2150.22 48.5479
200 20 1.971 69.9668 2155.88 48.5946
200 20 1.981 70.2977 2160.37 47.8076
200 20 1.991 70.6431 2168.82 46.7123
200 30 0.001 1329.73 13975.6 3.9568
200 30 0.011 1285.05 13555.9 4.2377
200 30 0.021 1203.97 12784.8 4.3443
200 30 0.031 1147.85 12260.6 4.4743
200 30 0.041 1102.21 11836.9 4.73
200 30 0.051 1047.95 11326.4 4.9754
200 30 0.061 1011.98 10995 4.9348
200 30 0.071 950.403 10423.6 5.0976
200 30 0.081 921.181 10152.4 5.3223
200 30 0.091 876.047 9733.16 5.6437
200 30 0.101 833.046 9313.25 5.876
200 30 0.111 765.432 8669.72 6.151
200 30 0.121 735.421 8401.31 6.3516
200 30 0.131 689.01 7962.34 6.6794
200 30 0.141 657.751 7677.84 6.8923
200 30 0.151 633.297 7464.86 7.2779
200 30 0.161 599.85 7141.69 7.7626
200 30 0.171 570.633 6854.35 8.1568
200 30 0.181 549.693 6682.23 8.5177
200 30 0.191 510.482 6315.73 8.3977
200 30 0.201 474.009 5963.89 8.7178
200 30 0.211 439.303 5642.48 8.7586
200 30 0.221 434.52 5610.48 9.1794
200 30 0.231 417.312 5437.85 9.4683
200 30 0.241 396.97 5245.55 9.987
200 30 0.251 371.225 5013.76 10.3607
200 30 0.261 361.712 4934.56 10.5688
200 30 0.271 343.16 4764.09 10.8123
200 30 0.281 337.553 4724.93 11.3324
200 30 0.291 312.12 4484.35 11.5563
200 30 0.301 311.557 4482.56 11.8738
200 30 0.311 282.741 4202.16 11.8796
200 30 0.321 279.981 4209.16 12.5553
200 30 0.331 265.801 4050.39 12.44
200 30 0.341 252.414 3911.79 13.8822
200 30 0.351 238.918 3799.4 15.0546
200 30 0.361 229.745 3708 14.8531
200 30 0.371 223.884 3663.22 14.5592
200 30 0.381 214.659 3585.92 15.2948
200 30 0.391 209.111 3525.65 15.1084
200 30 0.401 199.167 3456.42 15.9426
200 30 0.411 193.756 3391.56 15.9075
200 30 0.421 191.398 3362.98 16.1582
200 30 0.431 177.612 3236.46 16.425
200 30 0.441 177.985 3254.91 16.9698
200 30 0.451 173.069 3197.96 17.0395
200 30 0.461 171.194 3190.72 17.6195
200 30 0.471 163.965 3127.86 17.4879
200 30 0.481 158.309 3076.68 17.7667
200 30 0.491 153.636 3020.89 17.4589
200 30 0.501 153.828 3032.73 18.4205
200 30 0.511 147.861 2981.11 19.2615
200 30 0.521 144.148 2948.64 19.1105
200 30 0.531 137.896 2888.52 19.3553
200 30 0.541 137.386 2889.43 20.639
200 30 0.551 133.801 2849.2 21.803
200 30 0.561 134.486 2867.58 22.5166
200 30 0.571 128.266 2799.22 22.0349
200 30 0.581 126.439 2793.61 20.8431
200 30 0.591 123.945 2763.43 23.4368
200 30 0.601 120.338 2727.81 23.9264
200 30 0.611 120.546 2743.73 23.54
200 30 0.621 115.498 2692.96 22.927
200 30 0.631 113.501 2669.36 22.812
200 30 0.641 112.163 2660.16 22.5485
200 30 0.651 109.403 2618.35 22.6036
200 30 0.661 107.959 2600.34 22.961
200 30 0.671 104.548 2578.64 23.3984
200 30 0.681 105.842 2617.93 24.9828
200 30 0.691 103.309 2560.16 25.4237
200 30 0.701 102.216 2568.16 26.1151
200 30 0.711 101.515 2574.64 26.6209
200 30 0.721 97.7477 2515.29 26.4788
200 30 0.731 97.3232 2518.43 27.3087
200 30 0.741 96.1718 2514.66 27.4263
200 30 0.751 92.5745 2466.54 27.6784
200 30 0.761 93.3422 2471.58 28.1169
200 30 0.771 89.8289 2442.87 28.3735
200 30 0.781 91.915 2475.69 30.8243
200 30 0.791 90.3392 2451.77 31.2048
200 30 0.801 87.9327 2424.6 31.405
200 30 0.811 86.6179 2409.55 31.6024
200 30 0.821 85.459 2405.28 29.3019
200 30 0.831 84.427 2382.63 29.3979
200 30 0.841 84.8221 2387.66 29.809
200 30 0.851 84.4501 2393.98 30.6623
200 30 0.861 82.896 2368.49 30.8001
200 30 0.871 81.4481 2383.75 31.6201
200 30 0.881 80.6145 2345.51 31.5614
200 30 0.891 78.6572 2340.3 31.9212
200 30 0.901 79.7382 2336.93 32.5061
200 30 0.911 77.6356 2312.53 32.6954
200 30 0.921 77.5963 2323.35 33.3829
200 30 0.931 76.7778 2313.44 33.6967
200 30 0.941 76.2056 2313.68 34.1963
200 30 0.951 73.7029 2260.1 35.5087
200 30 0.961 74.3219 2289.39 35.6842
200 30 0.971 73.3599 2273.21 35.4531
200 30 0.981 71.1325 2233.25 35.0775
200 30 0.991 72.2361 2250.68 36.0132
200 30 1.001 70.9448 2224.74 36.3189
200 30 1.011 69.2196 2219.72 36.5835
200 30 1.021 69.4451 2221.46 37.2857
200 30 1.031 69.4687 2210.46 37.8286
200 30 1.041 68.4479 2195.19 37.9128
200 30 1.051 68.3687 2204.5 38.5321
200 30 1.061 67.1909 2184.92 38.4856
200 30 1.071 66.9224 2186.63 39.7372
200 30 1.081 66.3772 2176.95 42.0613
200 30 1.091 66.7329 2189.17 40.4938
200 30 1.101 65.9911 2177.3 40.0732
200 30 1.111 66.2942 2172.74 39.8732
200 30 1.121 65.6139 2163.33 40.2386
200 30 1.131 64.9475 2149.35 40.1294
200 30 1.141 64.8761 2152.77 40.5094
200 30 1.151 65.0287 2157.84 40.8798
200 30 1.161 64.9343 2157.25 41.1726
200 30 1.171 64.8327 2154.97 41.6425
200 30 1.181 64.8547 2161.42 42.4745
200 30 1.191 64.628 2144.82 42.1881
200 30 1.201 64.1904 2140.59 42.4035
200 30 1.211 64.9523 2159.66 42.9412
200 30 1.221 64.3352 2143.43 42.8842
200 30 1.231 64.1608 2143.36 42.6364
200 30 1.241 64.2325 2146.19 45.1875
200 30 1.251 64.319 2144.83 45.3386
200 30 1.261 64.3356 2146.32 45.1084
200 30 1.271 64.3132 2153.67 43.8848
200 30 1.281 63.7457 2134.02 43.0994
200 30 1.291 64.1037 2153.85 44.0967
200 30 1.301 63.9472 2140.89 43.8051
200 30 1.311 63.1281 2117.28 43.0278
200 30 1.321 63.4614 2127.52 43.7147
200 30 1.331 63.9616 2142.36 45.4796
200 30 1.341 63.8757 2129.62 44.1102
200 30 1.351 63.8567 2131.85 43.937
200 30 1.361 64.1598 2143.87 44.4355
200 30 1.371 63.9813 2140.43 44.3504
200 30 1.381 63.996 2146.28 44.5128
200 30 1.391 63.6996 2130.54 43.9987
200 30 1.401 64.4506 2149.3 46.482
200 30 1.411 63.3954 2120.5 43.844
200 30 1.421 64.4447 2138.78 45.0683
200 30 1.431 63.8655 2129.36 45.1651
200 30 1.441 63.7331 2130.02 47.309
200 30 1.451 63.9079 2137.52 47.1316
200 30 1.461 64.1968 2137.23 47.5872
200 30 1.471 63.9464 2128.95 46.7477
200 30 1.481 64.3544 2143.49 48.2144
200 30 1.491 64.2629 2134.87 48.027
200 30 1.501 64.2202 2127.77 47.7554
200 30 1.511 64.3239 2132.75 45.4042
200 30 1.521 64.8203 2143.14 45.7579
200 30 1.531 64.3822 2128.04 45.1662
200 30 1.541 64.7091 2141.13 45.6546
200 30 1.551 64.3195 2132.63 46.7338
200 30 1.561 64.8944 2144.74 46.1757
200 30 1.571 65.2581 2150.85 46.1788
200 30 1.581 65.1653 2144.73 46.9403
200 30 1.591 65.3445 2146.7 47.4644
200 30 1.601 65.6508 2157.08 48.9477
200 30 1.611 65.7141 2152.68 46.4877
200 30 1.621 66.0481 2157.75 45.6331
200 30 1.631 66.3801 2161.51 45.5522
200 30 1.641 66.6204 2165.09 45.5688
200 30 1.651 67.0632 2181.34 46.0672
200 30 1.661 67.8417 2195.65 46.5148
200 30 1.671 67.7755 2193.38 46.2721
200 30 1.681 67.9306 2195.81 46.6838
200 30 1.691 68.8225 2215.82 47.0674
200 30 1.701 69.0312 2220.12 47.3526
200 30 1.711 68.9512 2210.3 46.4628
200 30 1.721 69.3405 2224.58 46.9955
200 30 1.731 69.8637 2227.47 46.8481
200 30 1.741 70.3583 2243.83 47.1606
200 30 1.751 70.4659 2241.66 47.126
200 30 1.761 70.7357 2243.67 47.8538
200 30 1.771 71.3142 2257.28 48.7778
200 30 1.781 71.4971 2263.07 48.5107
200 30 1.791 72.0818 2270.89 47.471
200 30 1.801 72.172 2281.68 47.4715
200 30 1.811 72.5008 2283.84 47.5325
200 30 1.821 73.3229 2293.94 47.6761
200 30 1.831 73.3621 2298.91 47.7927
200 30 1.841 73.6686 2301.88 47.7304
200 30 1.851 74.0149 2311.16 47.9839
200 30 1.861 74.3918 2318.45 48.0889
200 30 1.871 75.1627 2335.76 48.4416
200 30 1.881 75.324 2335.23 48.3012
200 30 1.891 75.8461 2343.18 48.4541
200 30 1.901 75.8233 2342.67 48.4299
200 30 1.911 76.294 2349.18 50.7
200 30 1.921 76.6586 2359.44 49.2408
200 30 1.931 76.9806 2361.26 48.789
200 30 1.941 77.4529 2371.1 49.036
200 30 1.951 77.6712 2373.96 48.6891
200 30 1.961 78.2004 2387.75 48.2303
200 30 1.971 78.5312 2391.2 47.9825
200 30 1.981 78.8719 2396.67 48.1693
200 30 1.991 79.1627 2400.26 48.1136
200 40 0.001 1632.82 16815.2 44.05
200 40 0.011 1557.52 16116.2 41.8826
200 40 0.021 1493.09 15523.6 40.0991
200 40 0.031 1436.33 15006.8 38.6933
200 40 0.041 1326.13 13977.4 35.6995
200 40 0.051 1267.12 13440.1 33.97
200 40 0.061 1172.29 12560.3 31.2702
200 40 0.071 1109.98 11984.1 29.9314
200 40 0.081 1012 11050.9 27.6663
200 40 0.091 937.85 10365.6 25.9212
200 40 0.101 879.74 9827.43 24.265
200 40 0.111 824.685 9330.88 23.1024
200 40 0.121 814.554 9246.56 22.8144
200 40 0.131 736.926 8512.46 21.0854
200 40 0.141 684.54 8044.65 19.8826
200 40 0.151 649.483 7727.97 19.2602
200 40 0.161 623.334 7480.96 18.5915
200 40 0.171 565.084 6937.32 17.4864
200 40 0.181 527.111 6598.67 17.3979
200 40 0.191 512.807 6464.05 17.8097
200 40 0.201 472.838 6094.5 17.3293
200 40 0.211 455.244 5927.84 16.4369
200 40 0.221 411.474 5524.34 15.0267
200 40 0.231 393.82 5358.39 14.9515
200 40 0.241 370.78 5134.79 14.8295
200 40 0.251 348.526 4950.74 14.6928
200 40 0.261 342.107 4884.3 15.6871
200 40 0.271 327.784 4749.56 14.936
200 40 0.281 307.487 4587.81 14.7483
200 40 0.291 290.601 4420.23 14.7071
200 40 0.301 284.868 4380.62 16.3129
200 40 0.311 276.151 4307.62 16.3417
200 40 0.321 255.952 4101.88 14.9603
200 40 0.331 242.122 3977.39 15.1372
200 40 0.341 233.629 3908.61 15.3146
200 40 0.351 227.729 3853.99 15.5538
200 40 0.361 215.883 3741.52 15.9381
200 40 0.371 208.169 3676.72 16.4159
200 40 0.381 204.964 3638.56 16.8524
200 40 0.391 198.335 3587.61 18.6437
200 40 0.401 197.407 3602.55 19.2877
200 40 0.411 186.129 3474.51 18.8453
200 40 0.421 184.517 3460.79 17.6783
200 40 0.431 174.1 3367.96 17.9582
200 40 0.441 174.359 3383.77 18.3602
200 40 0.451 166.419 3312.24 18.4772
200 40 0.461 167.29 3322.22 18.9599
200 40 0.471 158.42 3239.27 19.2516
200 40 0.481 155.937 3224.75 19.6076
200 40 0.491 153.584 3196.02 20.0231
200 40 0.501 148.3 3144.18 20.1221
200 40 0.511 145.48 3119.34 20.5802
200 40 0.521 144.433 3113.33 21.3086
200 40 0.531 139.024 3054.52 23.9811
200 40 0.541 138.399 3057.75 24.3062
200 40 0.551 136.765 3051.76 34.6885
200 40 0.561 132.527 3000.31 32.1366
200 40 0.571 131.835 3002.39 23.9417
200 40 0.581 126.337 2941.06 23.0676
200 40 0.591 126.299 2944.59 36.3535
200 40 0.601 124.827 2918.77 28.5427
200 40 0.611 118.6 2862.12 23.5433
200 40 0.621 120.059 2896.55 24.3159
200 40 0.631 116.857 2860.41 24.6429
200 40 0.641 113.937 2823.13 24.8095
200 40 0.651 114.238 2838.19 25.5114
200 40 0.661 111.727 2805.15 25.718
200 40 0.671 107.948 2759.26 26.0242
200 40 0.681 110.192 2799.08 26.8349
200 40 0.691 107.739 2760 27.0356
200 40 0.701 106.509 2763.08 27.7086
200 40 0.711 101.951 2707.11 27.541
200 40 0.721 101.717 2710.17 28.1061
200 40 0.731 102.404 2741.61 29.0848
200 40 0.741 98.7308 2684.49 28.823
200 40 0.751 97.3994 2666.92 29.4542
200 40 0.761 99.8329 2704.21 29.9309
200 40 0.771 95.0672 2637.68 30.0026
200 40 0.781 96.7449 2666.66 30.5564
200 40 0.791 94.384 2642.08 31.6584
200 40 0.801 94.0299 2643.22 34.1762
200 40 0.811 90.1086 2583.29 33.8641
200 40 0.821 89.7495 2582.4 34.3994
200 40 0.831 91.6221 2613.69 35.1142
200 40 0.841 88.9621 2574.96 35.2595
200 40 0.851 87.9154 2587.4 36.4202
200 40 0.861 87.3586 2560.92 35.5065
200 40 0.871 85.9325 2546.9 36.9044
200 40 0.881 85.5264 2543.38 36.1796
200 40 0.891 83.7969 2523.45 35.0263
200 40 0.901 84.0827 2520.17 37.1993
200 40 0.911 84.9396 2545.02 38.1228
200 40 0.921 82.4836 2508.01 36.6239
200 40 0.931 81.8225 2497.56 39.2966
200 40 0.941 80.6007 2500.85 37.6814
200 40 0.951 80.2774 2475.59 37.3275
200 40 0.961 80.0073 2484.66 38.4708
200 40 0.971 79.7148 2481.17 38.8202
200 40 0.981 79.1052 2472.76 39.4134
200 40 0.991 77.5738 2447.41 39.4009
200 40 1.001 77.4197 2453.67 40.3829
200 40 1.011 76.3382 2435.38 40.519
200 40 1.021 75.7605 2428.39 41.2032
200 40 1.031 74.7524 2408.33 41.3672
200 40 1.041 74.8223 2418.59 41.9302
200 40 1.051 73.1165 2391.9 43.7477
200 40 1.061 74.205 2404.23 44.494
200 40 1.071 73.1247 2389.4 43.9608
200 40 1.081 73.1643 2398.61 43.3803
200 40 1.091 72.1198 2372.84 43.0222
200 40 1.101 73.4189 2400.01 44.3263
200 40 1.111 71.8634 2376.91 46.2419
200 40 1.121 72.2243 2379.46 46.2749
200 40 1.131 72.932 2388.93 45.499
200 40 1.141 72.4335 2378.85 46.7776
200 40 1.151 71.8965 2368.75 47.0206
200 40 1.161 71.4781 2355.76 46.9708
200 40 1.171 70.8415 2343.58 46.8183
200 40 1.181 71.7701 2370.02 47.5958
200 40 1.191 71.181 2359.3 45.5191
200 40 1.201 70.9563 2345.68 45.4801
200 40 1.211 71.2186 2361.37 48.0826
200 40 1.221 71.2883 2365.45 48.6795
200 40 1.231 71.5085 2364.75 47.9311
200 40 1.241 71.2969 2356.04 47.8403
200 40 1.251 71.2565 2361.88 47.3927
200 40 1.261 71.3765 2370.13 48.5824
200 40 1.271 70.8617 2349.79 49.0765
200 40 1.281 71.1443 2362.8 49.2717
200 40 1.291 70.9939 2351.26 47.1746
200 40 1.301 70.601 2337.59 46.6597
200 40 1.311 71.0089 2348.22 49.1247
200 40 1.321 71.352 2363.95 50.2073
200 40 1.331 71.3243 2357.16 50.2141
200 40 1.341 71.2752 2351.2 50.3706
200 40 1.351 71.545 2367.37 50.3704
200 40 1.361 70.898 2346.16 48.7201
200 40 1.371 71.2 2351.72 49.778
200 40 1.381 71.5414 2363.8 51.1222
200 40 1.391 71.2193 2351.85 51.0768
200 40 1.401 71.0421 2350.24 50.9491
200 40 1.411 71.4818 2349.21 50.8525
200 40 1.421 71.5339 2352 49.4966
200 40 1.431 71.3368 2351.71 48.7785
200 40 1.441 71.7815 2357.77 49.4818
200 40 1.451 71.7506 2357.78 50.5941
200 40 1.461 71.8641 2363.63 48.9312
200 40 1.471 72.4479 2368.62 50.5426
200 40 1.481 72.0748 2365.07 49.7388
200 40 1.491 72.204 2362.25 49.6627
200 40 1.501 72.2751 2362.72 49.4824
200 40 1.511 72.2924 2360.55 49.6361
200 40 1.521 72.2254 2360.4 49.2919
200 40 1.531 72.5807 2365.45 49.5471
200 40 1.541 72.3122 2356.85 49.2342
200 40 1.551 72.7767 2368.65 49.7696
200 40 1.561 72.5886 2363.51 49.6199
200 40 1.571 72.8639 2368.84 49.6817
200 40 1.581 73.0818 2363.63 49.3245
200 40 1.591 73.2519 2371.68 49.4577
200 40 1.601 73.6461 2380.99 49.8416
200 40 1.611 73.8521 2384.17 49.7348
200 40 1.621 74.0404 2389.79 49.7987
200 40 1.631 74.236 2390.25 49.639
200 40 1.641 75.1723 2413.78 50.5519
200 40 1.651 75.4997 2413.72 51.7449
200 40 1.661 75.5828 2414.67 52.6923
200 40 1.671 75.6705 2417.26 53.12
200 40 1.681 76.2529 2422.77 50.0653
200 40 1.691 76.9596 2442.42 50.716
200 40 1.701 77.0582 2443.32 51.3348
200 40 1.711 77.7858 2462.48 54.2018
200 40 1.721 77.4688 2446.39 52.5685
200 40 1.731 78.456 2472.97 51.1931
200 40 1.741 78.7092 2475.33 51.5085
200 40 1.751 79.3334 2490.94 52.4033
200 40 1.761 79.4639 2494.68 53.6834
200 40 1.771 80.098 2505.28 54.785
200 40 1.781 80.1377 2500.53 51.9314
200 40 1.791 80.6122 2506.53 53.6318
200 40 1.801 80.8772 2510.61 53.8665
200 40 1.811 81.3623 2526.27 54.3649
200 40 1.821 81.7093 2534.19 54.1519
200 40 1.831 81.9997 2531.11 51.4521
200 40 1.841 82.5223 2544.83 51.3606
200 40 1.851 82.7711 2551.99 51.5483
200 40 1.861 83.2516 2558.27 51.4558
200 40 1.871 83.4895 2559.66 51.261
200 40 1.881 83.8643 2565.25 51.1408
200 40 1.891 84.5024 2580.14 51.6484
200 40 1.901 84.4274 2581.96 51.942
200 40 1.911 84.9734 2591.54 52.0727
200 40 1.921 85.3903 2594.98 51.3331
200 40 1.931 85.6801 2598.38 51.262
200 40 1.941 85.7496 2603.38 51.1077
200 40 1.951 86.3742 2611.4 50.9977
200 40 1.961 86.7841 2622.42 51.2165
200 40 1.971 87.2181 2627.62 51.6421
200 40 1.981 87.1741 2623.66 52.1115
200 40 1.991 87.6599 2632.71 51.8215
300 10 0.001 759.584 9151.21 3.4125
300 10 0.011 755.369 9111.29 3.6861
300 10 0.021 737.806 8929.46 3.5082
300 10 0.031 711.783 8648.38 3.7252
300 10 0.041 713.862 8686.57 4.0863
300 10 0.051 691.466 8451.93 4.2876
300 10 0.061 697.299 8534.46 4.414
300 10 0.071 674.818 8281.97 4.4812
300 10 0.081 674.934 8300.95 4.859
300 10 0.091 641.94 7952.99 4.9351
300 10 0.101 641.687 7973.03 5.2662
300 10 0.111 627.159 7829.05 5.507
300 10 0.121 631.87 7883.39 5.6554
300 10 0.131 611.965 7690.46 5.8168
300 10 0.141 619.856 7769.53 6.1433
300 10 0.151 582.027 7372.3 6.4285
300 10 0.161 554.74 7083.39 6.5631
300 10 0.171 551.984 7058.69 6.9186
300 10 0.181 521.121 6750.21 8.632
300 10 0.191 543.674 7008.5 7.8945
300 10 0.201 523.168 6769.59 8.9832
300 10 0.211 525.848 6835.9 9.4278
300 10 0.221 509.554 6662.87 9.7935
300 10 0.231 497.966 6515.44 9.728
300 10 0.241 482.766 6383.35 10.3674
300 10 0.251 471.736 6277.61 10.724
300 10 0.261 460.859 6163.05 11.0482
300 10 0.271 440.318 5950.05 10.214
300 10 0.281 441.637 5994.98 10.3671
300 10 0.291 435.404 5941.82 10.8223
300 10 0.301 409.885 5654.73 10.6939
300 10 0.311 405.239 5618.19 11.308
300 10 0.321 396.1 5555.23 11.8602
300 10 0.331 397.331 5547.05 12.2412
300 10 0.341 378.138 5369.04 12.538
300 10 0.351 378.145 5375.65 13.0099
300 10 0.361 357.56 5151.61 13.1397
300 10 0.371 353.016 5102.79 15.0435
300 10 0.381 347.256 5050.87 15.1015
300 10 0.391 343.816 5028.75 14.3146
300 10 0.401 337.22 4969.4 14.6629
300 10 0.411 304.864 4584.35 14.4252
300 10 0.421 311.524 4687.23 15.2539
300 10 0.431 303.196 4615.47 15.8172
300 10 0.441 300.241 4591.21 16.3804
300 10 0.451 282.584 4403.07 16.4012
300 10 0.461 286.868 4487.83 17.5439
300 10 0.471 278.639 4395.12 17.7315
300 10 0.481 273.577 4355.72 18.3591
300 10 0.491 269.791 4320.63 18.8878
300 10 0.501 261.194 4189.84 19.6439
300 10 0.511 252.511 4134.01 19.3583
300 10 0.521 251.913 4142.31 20.2845
300 10 0.531 245.507 4095.53 22.6528
300 10 0.541 242.226 4041.2 22.0472
300 10 0.551 236.317 3994.09 21.5195
300 10 0.561 224.473 3858.45 21.6313
300 10 0.571 219.675 3813.44 24.0544
300 10 0.581 206.064 3665.34 22.7462
300 10 0.591 210.852 3723.58 23.098
300 10 0.601 202.355 3624.74 24.6133
300 10 0.611 199.45 3609.27 24.5683
300 10 0.621 204.457 3664.35 25.0962
300 10 0.631 194.164 3564.11 25.2861
300 10 0.641 184.152 3471.69 25.813
300 10 0.651 188.848 3535.07 27.4043
300 10 0.661 178.523 3422.63 28.3153
300 10 0.671 173.715 3383.27 29.4571
300 10 0.681 174.726 3385.69 30.3585
300 10 0.691 171.065 3377.77 30.9101
300 10 0.701 166.311 3308.64 29.5348
300 10 0.711 163.623 3254.79 29.3304
300 10 0.721 157.486 3225.36 30.075
300 10 0.731 153.35 3204.41 31.2458
300 10 0.741 154.637 3188.93 31.7791
300 10 0.751 148.135 3111.53 31.5016
300 10 0.761 147.628 3138.82 32.4308
300 10 0.771 145.869 3108.12 32.9081
300 10 0.781 140.536 3073.52 34.0056
300 10 0.791 140.19 3046.1 33.735
300 10 0.801 140.969 3073.96 34.7457
300 10 0.811 135.557 3004.61 34.857
300 10 0.821 131.741 2965.72 35.4072
300 10 0.831 131.709 3001.15 36.7914
300 10 0.841 127.372 2931.63 36.8685
300 10 0.851 123.287 2903.41 36.9841
300 10 0.861 124.643 2908.12 37.9914
300 10 0.871 120.434 2869.98 38.2
300 10 0.881 119.922 2881.85 39.3114
300 10 0.891 115.78 2821.41 40.5556
300 10 0.901 116.217 2832.97 40.5697
300 10 0.911 115.64 2834.36 42.5298
300 10 0.921 112.679 2781.43 41.1331
300 10 0.931 109.321 2760.24 41.1909
300 10 0.941 107.894 2741.68 41.9034
300 10 0.951 107.681 2745.51 44.3304
300 10 0.961 107.607 2757.16 45.7297
300 10 0.971 105.391 2729.72 45.6172
300 10 0.981 104.05 2719.07 45.3831
300 10 0.991 100.76 2653.71 44.956
300 10 1.001 101.152 2691.99 46.0355
300 10 1.011 98.8764 2655.8 46.863
300 10 1.021 98.3187 2646.93 47.1629
300 10 1.031 96.1865 2603.63 47.907
300 10 1.041 93.922 2588.29 48.6317
300 10 1.051 93.5133 2586.19 48.89
300 10 1.061 92.831 2602.97 50.1041
300 10 1.071 93.1463 2596.16 50.6133
300 10 1.081 93.2916 2612.54 51.2925
300 10 1.091 90.7941 2561.12 50.702
300 10 1.101 90.8698 2574.3 53.1808
300 10 1.111 89.3547 2544.93 53.3194
300 10 1.121 87.9013 2526.38 52.665
300 10 1.131 88.3035 2527.12 53.6103
300 10 1.141 87.4251 2535.26 52.4477
300 10 1.151 87.5489 2524.39 52.981
300 10 1.161 87.3577 2520.73 53.306
300 10 1.171 86.7899 2506.01 55.3592
300 10 1.181 87.9598 2520.91 55.921
300 10 1.191 86.3879 2508.37 56.2943
300 10 1.201 85.2902 2495.16 56.1494
300 10 1.211 85.8045 2499.24 56.6146
300 10 1.221 85.2675 2497.44 56.8836
300 10 1.231 85.2482 2499.51 57.3092
300 10 1.241 84.467 2469.47 56.2661
300 10 1.251 84.2394 2484.94 57.0938
300 10 1.261 84.4394 2493.98 58.4208
300 10 1.271 83.9366 2493.53 56.5669
300 10 1.281 84.0446 2490.16 56.4775
300 10 1.291 83.4825 2467.34 56.3418
300 10 1.301 83.2598 2469.85 56.6335
300 10 1.311 82.6196 2458.72 56.6989
300 10 1.321 82.2845 2457.86 56.7146
300 10 1.331 81.7541 2444.06 56.5257
300 10 1.341 81.628 2455.04 57.0752
300 10 1.351 82.3491 2458.7 58.5819
300 10 1.361 81.5791 2446.36 59.8225
300 10 1.371 81.6813 2439.16 60.0942
300 10 1.381 82.1326 2450.07 60.179
300 10 1.391 81.9318 2441.96 59.7416
300 10 1.401 81.9678 2455.92 58.9897
300 10 1.411 82.3798 2474.71 59.9021
300 10 1.421 81.0994 2424.12 59.3568
300 10 1.431 81.4384 2450.66 59.7348
300 10 1.441 81.5025 2444.64 59.4204
300 10 1.451 80.6345 2420.24 60.7532
300 10 1.461 80.7877 2433.18 59.67
300 10 1.471 80.4407 2428.17 58.7983
300 10 1.481 81.3955 2431.23 59.7205
300 10 1.491 81.2813 2450.26 60.465
300 10 1.501 81.1387 2442.3 60.2647
300 10 1.511 80.8211 2426.98 59.9266
300 10 1.521 81.3682 2428.11 60.8608
300 10 1.531 80.3686 2410.94 62.1491
300 10 1.541 81.0744 2427.95 62.8958
300 10 1.551 80.3938 2402.5 61.9778
300 10 1.561 81.0484 2431.85 63.1444
300 10 1.571 80.9016 2424.65 60.2014
300 10 1.581 81.1547 2436.05 62.1794
300 10 1.591 80.9138 2426.54 63.352
300 10 1.601 81.8411 2445.96 64.1367
300 10 1.611 81.1676 2424.05 61.3274
300 10 1.621 81.1561 2416.28 60.9646
300 10 1.631 81.4913 2435.77 61.6184
300 10 1.641 81.8441 2435.45 61.6173
300 10 1.651 82.3291 2451.19 62.2018
300 10 1.661 82.2431 2445.82 62.7351
300 10 1.671 82.2393 2447.09 63.9927
300 10 1.681 82.5723 2451.33 64.365
300 10 1.691 82.8625 2455.32 62.2956
300 10 1.701 82.5085 2445.06 62.2042
300 10 1.711 83.5278 2466.76 64.0058
300 10 1.721 83.0773 2452.57 62.0392
300 10 1.731 83.6925 2467.45 62.3636
300 10 1.741 83.8524 2470.83 62.5223
300 10 1.751 83.8386 2470.92 62.575
300 10 1.761 84.2469 2478.16 63.1528
300 10 1.771 84.0227 2468.25 62.5372
300 10 1.781 84.8442 2486.74 65.4021
300 10 1.791 84.8936 2490.53 63.6763
300 10 1.801 85.025 2483.55 63.1649
300 10 1.811 85.5394 2502.04 63.9024
300 10 1.821 85.8991 2497.65 63.683
300 10 1.831 86.0201 2505.24 63.6658
300 10 1.841 86.2066 2505.41 62.9716
300 10 1.851 86.2058 2501.12 64.3596
300 10 1.861 86.9397 2517.96 66.4288
300 10 1.871 87.0617 2517.54 63.687
300 10 1.881 87.3042 2519.42 63.5571
300 10 1.891 87.6901 2533.17 64.0935
300 10 1.901 88.3731 2552 64.763
300 10 1.911 88.254 2534.58 63.944
300 10 1.921 88.578 2541.4 64.4689
300 10 1.931 88.8485 2543.86 66.5401
300 10 1.941 89.442 2561.28 65.4296
300 10 1.951 89.8278 2558.67 64.5486
300 10 1.961 89.7805 2558.04 64.5248
300 10 1.971 90.377 2568.23 64.8024
300 10 1.981 90.5439 2573.17 64.8513
300 10 1.991 90.8222 2575.15 64.8019
300 20 0.001 1456.21 15555.6 7.7506
300 20 0.011 1391.34 14920.8 6.4964
300 20 0.021 1388.46 14918.4 6.3259
300 20 0.031 1300.36 14051.4 6.4925
300 20 0.041 1245.72 13513 6.5653
300 20 0.051 1262.91 13706.4 7.2582
300 20 0.061 1187.43 12965.1 6.7253
300 20 0.071 1141.87 12529 7.1662
300 20 0.081 1100.97 12138.5 7.1692
300 20 0.091 1051.72 11656.5 7.47
300 20 0.101 1049.71 11673.9 8.0644
300 20 0.111 1004.21 11227.1 7.6717
300 20 0.121 981.715 11038 8.4025
300 20 0.131 914.33 10362.7 8.6547
300 20 0.141 869.961 9932.74 8.8395
300 20 0.151 814.439 9380.55 8.6308
300 20 0.161 809.831 9346.49 9.631
300 20 0.171 803.412 9334.1 10.3285
300 20 0.181 784.683 9134.6 10.5085
300 20 0.191 732.008 8637.67 11.0357
300 20 0.201 713.987 8497.33 11.0936
300 20 0.211 673.347 8090.27 11.651
300 20 0.221 657.001 7940.81 12.1875
300 20 0.231 618.413 7566.3 11.606
300 20 0.241 602.963 7425.87 11.5948
300 20 0.251 574.12 7131.12 12.707
300 20 0.261 560.126 7015.18 13.1507
300 20 0.271 536.619 6790.02 12.7345
300 20 0.281 507.846 6504.68 13.5844
300 20 0.291 498.144 6424.31 14.7695
300 20 0.301 477.622 6232.32 14.5805
300 20 0.311 436.383 5813.67 14.8217
300 20 0.321 433.781 5787.48 15.0158
300 20 0.331 417.919 5652.02 15.264
300 20 0.341 401.248 5510.97 15.7948
300 20 0.351 406.213 5544.93 15.9221
300 20 0.361 371.954 5250.43 16.6185
300 20 0.371 373.496 5247.07 16.8041
300 20 0.381 350.775 5044.41 17.2672
300 20 0.391 330.468 4847.83 17.3163
300 20 0.401 324.847 4794.75 17.2536
300 20 0.411 318.547 4755.4 17.7332
300 20 0.421 297.791 4527.51 18.142
300 20 0.431 293.124 4475.95 18.3637
300 20 0.441 282.182 4407.18 19.3968
300 20 0.451 272.015 4291.8 19.8469
300 20 0.461 270.287 4316.61 20.645
300 20 0.471 261.441 4228.19 21.0853
300 20 0.481 248.544 4084.95 21.2042
300 20 0.491 247.473 4089.4 22.961
300 20 0.501 234.741 3955.06 22.2506
300 20 0.511 226.325 3885.36 21.6772
300 20 0.521 218.289 3807.29 21.897
300 20 0.531 212.365 3760.68 22.2448
300 20 0.541 203.979 3659.8 22.5249
300 20 0.551 207.112 3720.12 23.5222
300 20 0.561 194.504 3602.73 23.5198
300 20 0.571 190.821 3541.19 24.4189
300 20 0.581 184.731 3494.55 24.4289
300 20 0.591 188.855 3557.01 25.3613
300 20 0.601 180.854 3506.73 25.8345
300 20 0.611 174.97 3442.68 26.1804
300 20 0.621 166.946 3318.74 25.9155
300 20 0.631 163.633 3301.84 26.4687
300 20 0.641 162.411 3295.77 27.1623
300 20 0.651 163.638 3324.85 28.1162
300 20 0.661 156.42 3229.31 28.8662
300 20 0.671 153.102 3195.58 28.5359
300 20 0.681 150.825 3222.42 30.1368
300 20 0.691 150.001 3207.61 31.0869
300 20 0.701 146.469 3166.22 31.9653
300 20 0.711 144.647 3155.7 33.0343
300 20 0.721 138.004 3055.46 30.7235
300 20 0.731 136.222 3076.35 32.3137
300 20 0.741 137.386 3104.75 33.0678
300 20 0.751 131.752 3005.27 32.1925
300 20 0.761 129.439 3012.15 32.8432
300 20 0.771 131.079 3042.93 35.632
300 20 0.781 127.333 2997.9 36.3784
300 20 0.791 125.156 2988.35 36.8526
300 20 0.801 119.862 2903.43 36.899
300 20 0.811 119.326 2906.16 37.0506
300 20 0.821 118.74 2895.38 36.7705
300 20 0.831 116.09 2883.76 37.5003
300 20 0.841 117.857 2916.08 37.8874
300 20 0.851 113.322 2848.05 39.3653
300 20 0.861 111.235 2810.48 39.6702
300 20 0.871 109.171 2785.83 39.9076
300 20 0.881 108.537 2806.96 40.0113
300 20 0.891 105.527 2771.79 40.034
300 20 0.901 104.09 2750.46 40.3935
300 20 0.911 104.727 2756.71 41.3489
300 20 0.921 101.828 2726.37 41.8986
300 20 0.931 101.249 2714.73 42.2135
300 20 0.941 98.7678 2656.84 42.025
300 20 0.951 96.8588 2665.87 42.925
300 20 0.961 96.3776 2666.97 45.104
300 20 0.971 95.8997 2657.33 45.3258
300 20 0.981 94.911 2650.76 45.802
300 20 0.991 94.1097 2652.05 46.1667
300 20 1.001 94.0598 2665.86 48.7808
300 20 1.011 91.5894 2608.74 48.5506
300 20 1.021 89.7314 2601.31 48.2923
300 20 1.031 87.8312 2567 47.3721
300 20 1.041 88.9993 2602.96 48.9513
300 20 1.051 86.3958 2530 47.8635
300 20 1.061 86.589 2551.08 49.0877
300 20 1.071 86.528 2555.29 50.1237
300 20 1.081 84.3414 2519.51 49.5944
300 20 1.091 84.7877 2537.6 51.0233
300 20 1.101 83.5481 2507.44 50.9143
300 20 1.111 83.5481 2505.6 51.3781
300 20 1.121 82.8603 2485.74 50.2115
300 20 1.131 82.6289 2494.61 50.9426
300 20 1.141 81.7359 2477.68 51.059
300 20 1.151 81.6358 2475.15 51.4593
300 20 1.161 80.4321 2461.44 52.7514
300 20 1.171 80.9903 2467.86 53.5954
300 20 1.181 80.9087 2465.95 52.7819
300 20 1.191 80.5989 2483.85 53.1883
300 20 1.201 80.7871 2468.89 53.3132
300 20 1.211 79.9775 2453.62 54.0194
300 20 1.221 80.0859 2446.07 54.9753
300 20 1.231 79.3267 2446.8 53.8245
300 20 1.241 80.3203 2487.13 55.1145
300 20 1.251 80.7159 2486.43 56.5619
300 20 1.261 79.7257 2453.7 54.8987
300 20 1.271 78.8744 2439.97 56.0581
300 20 1.281 79.5524 2456.1 57.0513
300 20 1.291 79.2664 2452.3 55.5807
300 20 1.301 78.9846 2447.9 56.1649
300 20 1.311 78.7133 2455.07 56.1722
300 20 1.321 78.064 2435.03 55.0411
300 20 1.331 78.6788 2452.49 55.5582
300 20 1.341 78.5797 2439.41 57.1101
300 20 1.351 78.6014 2441.06 57.029
300 20 1.361 78.5704 2435.9 56.414
300 20 1.371 78.4457 2432.86 56.7912
300 20 1.381 78.1201 2425.14 56.7582
300 20 1.391 78.2989 2450.82 57.611
300 20 1.401 77.7343 2421.92 56.9625
300 20 1.411 78.2427 2433.81 57.7772
300 20 1.421 77.9373 2423.51 57.4309
300 20 1.431 78.0435 2428.2 57.3905
300 20 1.441 78.0211 2426.96 57.4407
300 20 1.451 78.0559 2418.48 57.3686
300 20 1.461 77.5001 2397.72 56.3563
300 20 1.471 79.2771 2457 58.7282
300 20 1.481 78.2866 2423.85 57.4795
300 20 1.491 78.2099 2424.65 58.5674
300 20 1.501 78.2672 2424.24 58.8723
300 20 1.511 78.8162 2442.97 57.8445
300 20 1.521 79.4526 2460.63 61.9474
300 20 1.531 79.2824 2447.65 60.9981
300 20 1.541 79.0076 2436.4 60.7534
300 20 1.551 78.6823 2442.37 60.7543
300 20 1.561 78.9312 2431.56 59.8751
300 20 1.571 79.2884 2437.9 58.6578
300 20 1.581 79.4854 2436.53 58.4762
300 20 1.591 79.4917 2440.89 58.5123
300 20 1.601 79.4173 2432.64 58.1457
300 20 1.611 79.9823 2455.73 58.9113
300 20 1.621 80.5868 2465.44 59.2263
300 20 1.631 80.9842 2473.83 59.6481
300 20 1.641 80.2903 2455.73 58.8366
300 20 1.651 81.8715 2481.49 60.7712
300 20 1.661 81.3558 2475.51 61.4644
300 20 1.671 82.0676 2491.79 60.8001
300 20 1.681 82.7925 2515.08 60.5098
300 20 1.691 82.9267 2506 61.9228
300 20 1.701 83.5858 2524.28 63.4288
300 20 1.711 83.7872 2530.22 62.5702
300 20 1.721 84.6007 2530.45 62.1095
300 20 1.731 84.2653 2522.78 62.7507
300 20 1.741 85.1949 2552.34 64.0631
300 20 1.751 85.1176 2552.62 63.9937
300 20 1.761 85.7305 2553.36 63.7087
300 20 1.771 86.5616 2577.73 63.5032
300 20 1.781 86.6536 2568.37 64.0202
300 20 1.791 87.6917 2595.55 63.1143
300 20 1.801 88.3177 2616.37 62.2481
300 20 1.811 89.2227 2632.45 62.8412
300 20 1.821 88.9403 2614.18 64.8251
300 20 1.831 89.6168 2635.71 64.535
300 20 1.841 89.4242 2625.02 62.5898
300 20 1.851 90.7136 2660.63 63.8249
300 20 1.861 90.3814 2638.45 62.6959
300 20 1.871 91.3159 2662.38 63.3196
300 20 1.881 91.4139 2660.56 63.9607
300 20 1.891 92.6226 2684.36 66.5586
300 20 1.901 93.4143 2702.82 67.2969
300 20 1.911 93.6999 2707.27 67.3601
300 20 1.921 94.1935 2718.85 68.0159
300 20 1.931 94.0827 2714.08 67.0186
300 20 1.941 94.9666 2729.84 67.4279
300 20 1.951 95.6361 2741.55 65.4251
300 20 1.961 96.3609 2754.31 66.7825
300 20 1.971 96.8171 2758.68 65.2419
300 20 1.981 97.5288 2774.73 67.0302
300 20 1.991 98.1044 2784.85 67.6384
300 30 0.001 2072.56 21209.5 3.6005
300 30 0.011 1959.29 20132.2 3.9526
300 30 0.021 1935.06 19924.7 4.3096
300 30 0.031 1860.27 19228 4.6943
300 30 0.041 1716.92 17859.3 4.9126
300 30 0.051 1658.56 17323.4 5.1449
300 30 0.061 1573.4 16517.5 5.7
300 30 0.071 1509.4 15933.1 6.0835
300 30 0.081 1427.22 15150.7 6.1273
300 30 0.091 1350.87 14435.2 6.4348
300 30 0.101 1299.31 13960.3 7.0924
300 30 0.111 1197.03 12999 8.0776
300 30 0.121 1145.9 12515.7 8.0161
300 30 0.131 1080.79 11927.4 8.5782
300 30 0.141 1038.9 11537.7 8.9837
300 30 0.151 996.019 11102.8 9.1021
300 30 0.161 902.679 10250.9 9.4276
300 30 0.171 862.275 9859.12 9.7643
300 30 0.181 801.118 9298.68 10.2798
300 30 0.191 782.424 9127.75 11.0058
300 30 0.201 767.153 9000.52 11.5598
300 30 0.211 704.125 8404.68 11.9328
300 30 0.221 644.286 7819.98 12.0632
300 30 0.231 661.696 8040.55 12.8276
300 30 0.241 616.353 7617.2 13.2627
300 30 0.251 565.796 7120.93 13.7446
300 30 0.261 538.749 6873.13 13.8649
300 30 0.271 512.447 6631.96 14.5331
300 30 0.281 495.592 6469.22 14.3012
300 30 0.291 456.691 6103.58 15.2575
300 30 0.301 452.643 6056.39 13.8679
300 30 0.311 429.859 5843.45 15.9222
300 30 0.321 411.182 5697.4 15.5861
300 30 0.331 386.335 5439.21 14.851
300 30 0.341 386.278 5460.84 15.4451
300 30 0.351 357.641 5218.01 15.9929
300 30 0.361 348.193 5135.76 16.3577
300 30 0.371 343.202 5091.51 16.82
300 30 0.381 325.691 4907.25 16.958
300 30 0.391 314.412 4804.37 18.5126
300 30 0.401 308.522 4767.51 18.5561
300 30 0.411 281.926 4512.4 18.8113
300 30 0.421 286.593 4561.88 19.2595
300 30 0.431 262.205 4304.4 19.28
300 30 0.441 269.459 4427.05 20.3212
300 30 0.451 251.691 4217.13 21.0396
300 30 0.461 251.976 4272.01 20.6339
300 30 0.471 239.091 4115.72 20.5911
300 30 0.481 240.355 4159.37 21.5508
300 30 0.491 231.91 4092.04 22.0973
300 30 0.501 227.186 4034.65 22.9895
300 30 0.511 219.69 3958.99 24.3204
300 30 0.521 205.963 3821.42 24.8604
300 30 0.531 203.188 3782.41 25.4185
300 30 0.541 196.063 3722.83 25.9478
300 30 0.551 197.196 3756.64 25.9859
300 30 0.561 186.567 3638.3 26.1494
300 30 0.571 188.986 3699.29 27.9589
300 30 0.581 181.702 3605.97 28.1871
300 30 0.591 172.166 3528.79 28.3442
300 30 0.601 171.546 3522.02 28.8573
300 30 0.611 173.154 3567.51 29.9913
300 30 0.621 165.898 3495.37 30.3135
300 30 0.631 160.7 3450.14 30.7648
300 30 0.641 159.738 3397.94 29.8842
300 30 0.651 157.633 3395.1 29.4178
300 30 0.661 151.824 3327.94 29.617
300 30 0.671 155.391 3400.05 30.6641
300 30 0.681 150.471 3323.92 30.9991
300 30 0.691 144.422 3294.61 31.4802
300 30 0.701 144.859 3293.1 32.0473
300 30 0.711 138.106 3185.46 32.1262
300 30 0.721 135.516 3167.46 33.6289
300 30 0.731 135.811 3177.58 32.3671
300 30 0.741 136.564 3209.39 34.0368
300 30 0.751 132.895 3140.05 33.396
300 30 0.761 131.314 3144.54 34.4901
300 30 0.771 126.316 3093.14 34.9495
300 30 0.781 124.788 3058.52 37.0397
300 30 0.791 124.147 3060.64 38.1101
300 30 0.801 120.871 3034.74 38.2262
300 30 0.811 119.899 3033.96 37.9237
300 30 0.821 120.825 3040.77 37.2507
300 30 0.831 117.24 2983.1 38.9632
300 30 0.841 116.767 2999.78 40.5695
300 30 0.851 113.379 2960.88 40.442
300 30 0.861 110.062 2919.54 39.181
300 30 0.871 108.856 2904.61 39.4279
300 30 0.881 109.53 2930.46 40.3611
300 30 0.891 106.371 2895.13 40.4409
300 30 0.901 107.512 2878.54 41.1093
300 30 0.911 106.233 2888.86 42.1092
300 30 0.921 102.85 2841.96 42.0147
300 30 0.931 100.913 2820.74 42.4044
300 30 0.941 101.351 2841.78 43.6122
300 30 0.951 100.145 2801.15 43.4787
300 30 0.961 97.2049 2755.82 43.7137
300 30 0.971 97.6406 2768.6 45.1972
300 30 0.981 98.322 2807.56 48.3919
300 30 0.991 95.045 2753.07 47.3795
300 30 1.001 95.3563 2765.77 47.8007
300 30 1.011 93.3921 2731.92 48.7533
300 30 1.021 92.3571 2718.66 49.14
300 30 1.031 91.8129 2718.32 48.7708
300 30 1.041 90.2822 2705.92 49.2083
300 30 1.051 90.4149 2726.77 50.7588
300 30 1.061 88.5658 2654.94 49.4731
300 30 1.071 87.8705 2666.37 50.5311
300 30 1.081 88.7582 2667.85 51.2546
300 30 1.091 87.3138 2646.1 50.9598
300 30 1.101 87.4855 2658.85 51.9024
300 30 1.111 86.8897 2639.74 52.7265
300 30 1.121 86.1749 2634.73 53.9343
300 30 1.131 86.8558 2651.2 52.7902
300 30 1.141 85.2428 2640.9 52.8592
300 30 1.151 84.3284 2608.21 52.8212
300 30 1.161 86.1307 2655.15 54.3478
300 30 1.171 85.0271 2628.93 54.05
300 30 1.181 84.7169 2623.59 53.9595
300 30 1.191 83.4814 2593.33 53.7611
300 30 1.201 84.0177 2599.99 55.5858
300 30 1.211 84.8202 2634.71 57.1053
300 30 1.221 83.3641 2599.21 57.0428
300 30 1.231 82.9483 2586.09 55.9605
300 30 1.241 83.1158 2580.15 54.9729
300 30 1.251 83.1223 2604.5 57.2536
300 30 1.261 83.5373 2600.84 57.9859
300 30 1.271 82.8585 2584.04 57.8395
300 30 1.281 82.4829 2584.45 58.2875
300 30 1.291 80.9106 2544.28 56.9081
300 30 1.301 82.235 2579.04 58.2707
300 30 1.311 82.5979 2581.87 58.3111
300 30 1.321 82.2336 2579.03 58.8134
300 30 1.331 83.2689 2586.27 59.1286
300 30 1.341 82.3201 2582.3 59.3493
300 30 1.351 82.0493 2579.92 57.7382
300 30 1.361 82.3446 2581.31 57.1215
300 30 1.371 82.585 2581.37 58.1677
300 30 1.381 82.2685 2577.51 57.4963
300 30 1.391 82.882 2590.62 58.6085
300 30 1.401 83.2163 2607.48 58.9578
300 30 1.411 81.8645 2558.47 57.4455
300 30 1.421 82.7065 2587.21 58.6412
300 30 1.431 82.6799 2569.88 59.5583
300 30 1.441 83.2941 2594.76 60.8889
300 30 1.451 82.8693 2573.12 61.0538
300 30 1.461 82.6953 2570.14 60.3834
300 30 1.471 83.0728 2585.01 59.8907
300 30 1.481 83.1832 2588.17 60.3172
300 30 1.491 82.9619 2565.45 59.6545
300 30 1.501 83.0396 2583.94 59.8308
300 30 1.511 82.956 2587.85 60.0372
300 30 1.521 83.4517 2591.88 62.0223
300 30 1.531 83.8179 2602.28 62.572
300 30 1.541 83.3842 2570.19 61.3067
300 30 1.551 83.9994 2595.12 61.2402
300 30 1.561 84.372 2604.15 59.6014
300 30 1.571 83.6241 2578.13 59.7098
300 30 1.581 83.2869 2575.44 61.7996
300 30 1.591 84.6538 2608.33 61.6658
300 30 1.601 85.1218 2612.64 59.8545
300 30 1.611 85.1166 2606.02 59.3361
300 30 1.621 85.461 2619.8 59.5276
300 30 1.631 86.5545 2641.52 60.3072
300 30 1.641 86.9476 2649.1 60.4813
300 30 1.651 86.7281 2644.27 60.0875
300 30 1.661 87.4913 2660.07 60.1983
300 30 1.671 88.8011 2688.75 61.3529
300 30 1.681 89.1251 2690.54 61.3668
300 30 1.691 89.1813 2693.84 61.2359
300 30 1.701 89.4078 2694.99 61.1105
300 30 1.711 90.2168 2714.62 61.7249
300 30 1.721 91.24 2728.63 62.234
300 30 1.731 91.5757 2734.51 65.6898
300 30 1.741 91.8652 2740.06 65.5015
300 30 1.751 92.7354 2759.57 64.046
300 30 1.761 94.0186 2783.59 67.6668
300 30 1.771 93.7908 2777.62 64.0751
300 30 1.781 94.4554 2801.34 64.666
300 30 1.791 94.8236 2807.28 64.7864
300 30 1.801 95.7118 2820.48 66.0164
300 30 1.811 95.6605 2822.91 64.8021
300 30 1.821 97.1675 2850.97 65.7341
300 30 1.831 97.3468 2849.98 65.5346
300 30 1.841 98.3094 2866.56 65.8084
300 30 1.851 98.3609 2868.53 65.5145
300 30 1.861 98.7126 2869.37 64.9621
300 30 1.871 99.5973 2887.68 65.4631
300 30 1.881 100.321 2909.42 66.8686
300 30 1.891 100.68 2907.15 69.0246
300 30 1.901 101.295 2925 69.89
300 30 1.911 101.871 2931.22 69.6028
300 30 1.921 101.989 2933.89 69.2799
300 30 1.931 102.876 2947.23 67.8946
300 30 1.941 103.585 2965.86 67.7974
300 30 1.951 103.951 2968.56 67.8213
300 30 1.961 104.726 2982.74 68.0847
300 30 1.971 105.032 2989.83 68.1471
300 30 1.981 106.063 3010.89 68.4481
300 30 1.991 106.478 3015.97 68.4409
300 40 0.001 2635.46 26393.6 69.1883
300 40 0.011 2641.13 26480.7 69.1044
300 40 0.021 2435.57 24546.9 63.5965
300 40 0.031 2277.79 23075.4 59.4967
300 40 0.041 2144.05 21831.6 55.7784
300 40 0.051 1983.09 20338.2 51.4644
300 40 0.061 1847.09 19070.7 48.0388
300 40 0.071 1776.12 18431.3 45.925
300 40 0.081 1621.02 16972 41.8449
300 40 0.091 1522.58 16084.1 38.8355
300 40 0.101 1406.27 14992.8 36.1966
300 40 0.111 1347.4 14452 34.8127
300 40 0.121 1252.69 13570.1 32.5156
300 40 0.131 1149.27 12599.2 29.8964
300 40 0.141 1049.29 11680.3 27.6467
300 40 0.151 1021.43 11431.2 27.5459
300 40 0.161 937.912 10684.9 25.4605
300 40 0.171 868.043 10020.6 24.0319
300 40 0.181 825.286 9622.49 23.3125
300 40 0.191 788.344 9306.48 23.0899
300 40 0.201 736.487 8810.19 21.7036
300 40 0.211 679.629 8290.24 20.8584
300 40 0.221 652.14 8040.62 20.6254
300 40 0.231 611.895 7661.44 20.8059
300 40 0.241 600.427 7584.17 20.5496
300 40 0.251 534.934 6960.84 19.7435
300 40 0.261 509.474 6711.53 19.3575
300 40 0.271 506 6673.62 20.1844
300 40 0.281 476.521 6427.55 19.8461
300 40 0.291 435.029 6028.33 19.4186
300 40 0.301 419.845 5902.17 18.159
300 40 0.311 405.12 5772.23 18.1619
300 40 0.321 385.298 5593.59 18.2109
300 40 0.331 371.79 5479.27 18.5397
300 40 0.341 344.163 5208 18.4649
300 40 0.351 335.261 5130.3 18.5473
300 40 0.361 323.057 5023.74 18.7011
300 40 0.371 319.173 5000.27 20.165
300 40 0.381 308.137 4892.87 19.4098
300 40 0.391 296.568 4774.86 19.7682
300 40 0.401 295.779 4815.61 20.4758
300 40 0.411 282.942 4679.6 20.6509
300 40 0.421 265.437 4523.83 20.794
300 40 0.431 263.73 4491.59 21.3528
300 40 0.441 251.35 4403.85 21.8025
300 40 0.451 250.219 4408.07 22.5751
300 40 0.461 248.103 4379.09 22.9602
300 40 0.471 239.024 4315.3 23.5462
300 40 0.481 228.217 4192.5 23.7617
300 40 0.491 227 4189.31 24.3088
300 40 0.501 216.171 4060.16 24.2467
300 40 0.511 206.225 3977.48 24.6084
300 40 0.521 205.805 3971.81 25.328
300 40 0.531 196.251 3847.24 25.7433
300 40 0.541 195.649 3870.58 27.9951
300 40 0.551 192.094 3857.21 26.1506
300 40 0.561 186.526 3796.26 26.5493
300 40 0.571 187.525 3833.07 29.6235
300 40 0.581 181.894 3760.84 30.3256
300 40 0.591 179.649 3755.63 30.8099
300 40 0.601 177.285 3717.02 31.2862
300 40 0.611 170.166 3643.49 30.0403
300 40 0.621 163.149 3571.24 29.9828
300 40 0.631 161.922 3552.25 30.5793
300 40 0.641 157.522 3532.54 32.863
300 40 0.651 156.159 3519.18 31.0873
300 40 0.661 153.882 3475.53 31.1325
300 40 0.671 159.28 3564.57 32.5937
300 40 0.681 151.74 3489.12 34.4154
300 40 0.691 150.452 3477.44 34.3375
300 40 0.701 145.466 3413.71 33.7838
300 40 0.711 142.968 3391.72 34.5032
300 40 0.721 142.89 3400.59 35.0096
300 40 0.731 139.683 3367.55 35.6818
300 40 0.741 137.63 3351.12 36.1467
300 40 0.751 135.557 3336.3 36.8116
300 40 0.761 132.495 3300.99 37.1122
300 40 0.771 131.347 3288.15 38.4525
300 40 0.781 129.486 3257.25 39.9115
300 40 0.791 126.056 3229.85 40.7921
300 40 0.801 124.919 3210.81 41.1446
300 40 0.811 125.733 3228.18 39.5702
300 40 0.821 121.028 3168.87 39.2781
300 40 0.831 118.1 3148.3 40.2402
300 40 0.841 119.712 3154.56 40.6601
300 40 0.851 115.682 3089.08 40.8041
300 40 0.861 119.363 3176.8 45.1689
300 40 0.871 113.084 3093.59 44.8801
300 40 0.881 114.312 3103.97 45.8749
300 40 0.891 112.378 3075.29 46.1432
300 40 0.901 109.851 3056.84 46.5163
300 40 0.911 108.198 3022.34 45.7679
300 40 0.921 107.842 3043.41 45.3641
300 40 0.931 106.535 3001.23 45.6966
300 40 0.941 106.564 3020.49 46.7671
300 40 0.951 106.058 3014.05 47.1464
300 40 0.961 103.275 2975.22 48.8258
300 40 0.971 102.497 2987.67 50.4378
300 40 0.981 101.404 2948.62 48.871
300 40 0.991 101.314 2951.74 49.2762
300 40 1.001 98.3664 2906.61 49.272
300 40 1.011 98.3832 2916.58 51.6305
300 40 1.021 96.5299 2889 50.9853
300 40 1.031 96.5914 2897.6 51.4916
300 40 1.041 94.0408 2848.08 52.8624
300 40 1.051 94.3672 2852.17 54.9164
300 40 1.061 92.8021 2841.04 54.6387
300 40 1.071 92.3902 2836.86 55.7242
300 40 1.081 93.3886 2862.11 54.5991
300 40 1.091 93.0007 2848.49 57.4063
300 40 1.101 91.7753 2810.7 56.4459
300 40 1.111 92.0993 2812.43 56.9579
300 40 1.121 91.1403 2804.53 57.065
300 40 1.131 92.2857 2837.56 58.662
300 40 1.141 91.2651 2816.74 58.2162
300 40 1.151 91.0027 2809.44 58.5023
300 40 1.161 90.3316 2800.87 55.9887
300 40 1.171 90.8291 2816.76 57.0458
300 40 1.181 90.1162 2793.9 56.66
300 40 1.191 89.9131 2804.14 57.3407
300 40 1.201 89.4675 2777.37 56.7045
300 40 1.211 90.391 2807.84 59.6142
300 40 1.221 89.5995 2801.64 59.5421
300 40 1.231 89.6906 2786.19 60.9444
300 40 1.241 88.906 2773.64 60.7459
300 40 1.251 89.4192 2794.23 61.3284
300 40 1.261 89.4694 2780.58 60.1183
300 40 1.271 89.2954 2786.08 59.2897
300 40 1.281 88.4587 2767.25 58.4432
300 40 1.291 89.4998 2798.07 60.0273
300 40 1.301 88.5618 2773.27 60.4708
300 40 1.311 89.505 2795.92 60.1919
300 40 1.321 88.6139 2768.89 59.7074
300 40 1.331 88.5987 2760.47 60.345
300 40 1.341 88.9403 2782.58 61.0123
300 40 1.351 88.8183 2778.36 60.7749
300 40 1.361 89.5159 2787.04 61.0506
300 40 1.371 88.5057 2767.84 60.9275
300 40 1.381 89.4107 2794.33 61.9429
300 40 1.391 89.3938 2794.56 61.8797
300 40 1.401 90.0476 2797.66 62.7889
300 40 1.411 89.5764 2786.71 62.2947
300 40 1.421 89.6137 2795.06 62.2686
300 40 1.431 88.9347 2773.54 61.0813
300 40 1.441 89.7006 2791.59 61.9093
300 40 1.451 89.0833 2759.8 61.1221
300 40 1.461 89.7733 2793.39 62.0338
300 40 1.471 89.8608 2787.72 61.9343
300 40 1.481 89.6342 2785.55 61.9135
300 40 1.491 90.1616 2795.15 64.7603
300 40 1.501 90.2793 2794.74 63.065
300 40 1.511 89.9387 2783.43 62.1436
300 40 1.521 90.7083 2793.2 63.1147
300 40 1.531 90.2557 2783.81 62.1811
300 40 1.541 90.4177 2785.49 62.5855
300 40 1.551 90.5066 2787.79 62.6615
300 40 1.561 90.7229 2790.14 62.7002
300 40 1.571 90.6731 2789.63 62.6291
300 40 1.581 91.2662 2792.05 66.0515
300 40 1.591 91.9903 2822.25 65.5011
300 40 1.601 92.1501 2815.49 65.639
300 40 1.611 92.9306 2829.37 63.4896
300 40 1.621 93.2235 2836.71 63.4837
300 40 1.631 93.7867 2841.28 65.0169
300 40 1.641 94.9806 2880.1 65.5205
300 40 1.651 94.9204 2869.59 66.8273
300 40 1.661 95.879 2886.9 65.4796
300 40 1.671 96.2434 2898.36 65.6766
300 40 1.681 96.7888 2911.39 67.9203
300 40 1.691 96.9077 2907.4 68.4077
300 40 1.701 97.7769 2927.3 69.0142
300 40 1.711 98.5907 2946.85 68.3488
300 40 1.721 99.5255 2967.36 66.8577
300 40 1.731 100.178 2976.69 67.0282
300 40 1.741 100.781 2993.28 68.37
300 40 1.751 101.261 2999.07 69.8912
300 40 1.761 101.284 2997.89 70.3367
300 40 1.771 101.757 2999.39 67.4021
300 40 1.781 103.329 3037.94 67.5369
300 40 1.791 103.837 3043.38 67.8376
300 40 1.801 103.913 3043.28 67.5898
300 40 1.811 104.352 3054.23 67.4806
300 40 1.821 105.122 3066.77 67.877
300 40 1.831 105.796 3081.53 68.216
300 40 1.841 106.047 3080.26 70.6673
300 40 1.851 106.9 3105.53 69.0815
300 40 1.861 107.195 3105.42 69.0843
300 40 1.871 108.306 3131.9 73.0569
300 40 1.881 108.628 3140.15 73.2798
300 40 1.891 109.345 3153.08 71.9287
300 40 1.901 109.953 3163.13 70.3797
300 40 1.911 110.259 3162.8 70.2041
300 40 1.921 111.128 3178.72 70.3815
300 40 1.931 111.675 3189.64 70.282
300 40 1.941 112.012 3195.57 69.6485
300 40 1.951 112.713 3206.73 69.8839
300 40 1.961 113.142 3214.26 69.68
300 40 1.971 113.648 3227.51 69.9803
300 40 1.981 114.16 3230.68 69.7638
300 40 1.991 114.803 3243.11 69.966
400 10 0.001 987.811 11705.6 3.9723
400 10 0.011 1038.86 12298.3 4.2651
400 10 0.021 994.051 11799.9 4.3024
400 10 0.031 1003.5 11927 4.898
400 10 0.041 977.588 11679.2 5.4993
400 10 0.051 927.285 11104.4 5.6373
400 10 0.061 944.15 11327.4 5.9569
400 10 0.071 891.031 10757.3 5.9127
400 10 0.081 886.565 10707.7 5.6667
400 10 0.091 864.742 10486.7 5.9081
400 10 0.101 843.065 10268.9 6.5561
400 10 0.111 839.941 10247.2 6.787
400 10 0.121 797.3 9783.56 6.8618
400 10 0.131 820.421 10074.8 7.1939
400 10 0.141 803.759 9916.45 7.3366
400 10 0.151 801.951 9916.92 7.6368
400 10 0.161 785.36 9742.54 8.2614
400 10 0.171 754.763 9412.62 8.1551
400 10 0.181 735.126 9250.49 9.4472
400 10 0.191 719.586 9048.23 9.5897
400 10 0.201 695.296 8806.65 9.9866
400 10 0.211 691.378 8764.6 10.0593
400 10 0.221 660.608 8457.43 10.2642
400 10 0.231 645.591 8295.08 10.9132
400 10 0.241 626.762 8099.2 10.8276
400 10 0.251 623.146 8090.98 11.3926
400 10 0.261 631.34 8204.69 11.3244
400 10 0.271 590.035 7769.77 11.9974
400 10 0.281 589.07 7786.9 12.5988
400 10 0.291 575.129 7666.11 13.3189
400 10 0.301 559.752 7472.05 12.9035
400 10 0.311 542.926 7305.26 13.6513
400 10 0.321 533.807 7207.34 14.0555
400 10 0.331 531.764 7251.72 14.501
400 10 0.341 510.367 6943.56 14.4153
400 10 0.351 503.028 6914.13 14.9963
400 10 0.361 481.093 6702.94 16.1844
400 10 0.371 483.525 6728.93 16.8138
400 10 0.381 459.136 6453.38 17.0364
400 10 0.391 450.198 6397.59 18.0202
400 10 0.401 449.738 6426.85 17.838
400 10 0.411 433.616 6234.37 18.0601
400 10 0.421 405.433 5960.5 19.2324
400 10 0.431 410.322 6016.02 20.7215
400 10 0.441 416.252 6108.48 20.36
400 10 0.451 387.108 5779.89 20.1675
400 10 0.461 370.054 5609.95 21.5957
400 10 0.471 382.281 5758.09 23.3048
400 10 0.481 367.29 5558.34 23.6263
400 10 0.491 356.257 5482.3 22.5201
400 10 0.501 348.897 5413.33 22.8701
400 10 0.511 336.875 5309.35 23.338
400 10 0.521 333.359 5263.32 24.1406
400 10 0.531 328.339 5195.9 24.489
400 10 0.541 316.405 5108.54 25.4398
400 10 0.551 298.473 4848.36 24.8494
400 10 0.561 303.833 4980.4 26.2693
400 10 0.571 293.196 4892.13 26.8385
400 10 0.581 285.567 4788.05 27.5527
400 10 0.591 274.612 4699.7 29.3247
400 10 0.601 269.321 4627.39 29.812
400 10 0.611 257.99 4485.25 29.6112
400 10 0.621 263.627 4571.71 31.0112
400 10 0.631 258.883 4571.65 32.1065
400 10 0.641 250.878 4480.86 32.8742
400 10 0.651 233.521 4285.01 32.777
400 10 0.661 238.756 4327.2 33.3715
400 10 0.671 236.135 4334.05 34.2649
400 10 0.681 226.333 4210.14 34.5635
400 10 0.691 223.156 4231.94 36.0051
400 10 0.701 216.951 4134.99 36.1664
400 10 0.711 215.509 4167.48 37.2997
400 10 0.721 208.882 4034.54 38.1827
400 10 0.731 204.777 4015.81 39.5239
400 10 0.741 198.823 3966.61 39.6698
400 10 0.751 194.064 3908.47 38.4328
400 10 0.761 192.137 3869.9 39.5919
400 10 0.771 192.473 3952.25 40.7033
400 10 0.781 184.375 3876.1 42.5299
400 10 0.791 180.612 3768.8 42.7243
400 10 0.801 178.16 3782.25 41.7727
400 10 0.811 175.307 3758.83 42.538
400 10 0.821 169.447 3675.65 42.4153
400 10 0.831 170.132 3683.19 44.596
400 10 0.841 166.282 3646.88 47.0098
400 10 0.851 160.441 3580.88 47.0847
400 10 0.861 159.396 3583.11 47.9309
400 10 0.871 159.445 3563.68 48.6551
400 10 0.881 155.215 3538.81 49.2454
400 10 0.891 151.907 3547.56 49.3157
400 10 0.901 154.47 3567.48 50.306
400 10 0.911 153.805 3561.58 51.8191
400 10 0.921 150.442 3540.94 53.6296
400 10 0.931 146.474 3484.81 54.263
400 10 0.941 146.278 3476.39 55.1748
400 10 0.951 140.999 3407.47 55.3273
400 10 0.961 140.798 3451.48 56.8175
400 10 0.971 137.139 3339.04 54.3744
400 10 0.981 136.729 3410.78 56.6996
400 10 0.991 134.532 3372.07 57.5938
400 10 1.001 129.699 3279.68 56.9675
400 10 1.011 129.787 3294.75 59.9012
400 10 1.021 128.008 3270.98 59.6985
400 10 1.031 127.809 3324.66 61.5239
400 10 1.041 125.726 3258.42 61.2178
400 10 1.051 123.202 3229.26 63.3472
400 10 1.061 121.126 3204.1 62.4122
400 10 1.071 121.395 3200.31 63.6283
400 10 1.081 118.847 3151.75 62.8852
400 10 1.091 119.014 3160.26 63.879
400 10 1.101 117.62 3177.64 65.0013
400 10 1.111 118.208 3215.63 66.203
400 10 1.121 117.013 3177.44 66.8112
400 10 1.131 114.318 3097.61 66.3404
400 10 1.141 114.723 3132.31 67.3321
400 10 1.151 114.309 3126.43 66.1546
400 10 1.161 113.488 3129.59 67.2809
400 10 1.171 112.632 3146.8 68.3885
400 10 1.181 111.612 3093.34 67.2708
400 10 1.191 112.668 3086.08 68.1431
400 10 1.201 112.008 3103.04 68.8239
400 10 1.211 111.05 3084.19 68.9685
400 10 1.221 110.51 3098.7 70.2435
400 10 1.231 110.476 3069.49 69.9066
400 10 1.241 111.213 3106.04 71.2215
400 10 1.251 110.328 3058.67 70.9407
400 10 1.261 109.808 3067.52 71.5424
400 10 1.271 108.993 3055.9 71.4124
400 10 1.281 109.705 3079.4 71.9088
400 10 1.291 109.026 3062.48 73.8319
400 10 1.301 108.174 3039.38 74.1447
400 10 1.311 107.984 3039.06 73.1996
400 10 1.321 106.537 3041.92 74.8365
400 10 1.331 106.972 3037.65 73.2443
400 10 1.341 107.077 3042.89 73.3052
400 10 1.351 106.962 3025.63 73.4246
400 10 1.361 106.177 3019.79 73.1034
400 10 1.371 105.624 3012.35 73.3061
400 10 1.381 106.723 3044.54 74.7229
400 10 1.391 106.08 3024 74.4209
400 10 1.401 106.645 3039.75 75.5638
400 10 1.411 105.436 3003.44 74.3196
400 10 1.421 106.697 3037.08 75.8556
400 10 1.431 106.364 3029.94 75.7102
400 10 1.441 105.415 3013.89 75.3402
400 10 1.451 105.434 3007.83 75.7974
400 10 1.461 106.292 3014.13 76.526
400 10 1.471 106.067 3033.74 77.4016
400 10 1.481 105.536 2994.47 76.3659
400 10 1.491 104.688 2991.31 75.9818
400 10 1.501 104.778 2990.55 76.3614
400 10 1.511 106.021 3008.85 77.6863
400 10 1.521 105.43 3004.93 77.4737
400 10 1.531 104.275 2964.52 75.9442
400 10 1.541 105.635 3014.8 77.7809
400 10 1.551 105.79 3018.99 78.5704
400 10 1.561 105.436 3001.6 78.0428
400 10 1.571 105.746 3012.82 78.7742
400 10 1.581 106.273 3023.35 79.3396
400 10 1.591 105.977 3009.38 79.8071
400 10 1.601 105.748 3016.56 79.6419
400 10 1.611 105.56 2987.01 78.5245
400 10 1.621 106.631 3016.63 79.9655
400 10 1.631 106.548 3015.13 80.1006
400 10 1.641 106.653 3025.35 80.3118
400 10 1.651 107.252 3034.48 80.4895
400 10 1.661 107.102 3033.26 80.3922
400 10 1.671 107.439 3032.59 80.4617
400 10 1.681 107.641 3039.65 80.8876
400 10 1.691 107.543 3010.26 79.8068
400 10 1.701 108.116 3033.34 80.9512
400 10 1.711 108.087 3040.58 80.898
400 10 1.721 108.678 3054.74 80.5857
400 10 1.731 109.109 3061.74 80.876
400 10 1.741 108.899 3055.6 81.8286
400 10 1.751 109.376 3057.15 83.0302
400 10 1.761 109.908 3067.06 80.5286
400 10 1.771 110.134 3075.45 81.1002
400 10 1.781 110.241 3072.01 80.8253
400 10 1.791 110.556 3073.42 80.3809
400 10 1.801 110.803 3084.74 82.1932
400 10 1.811 110.837 3073.27 83.8611
400 10 1.821 111.919 3103.92 84.7703
400 10 1.831 111.898 3101.23 84.7653
400 10 1.841 111.749 3085.97 82.1549
400 10 1.851 112.427 3105.83 82.1605
400 10 1.861 112.829 3110.59 82.257
400 10 1.871 113.564 3129.58 82.9036
400 10 1.881 114.009 3127.35 82.9429
400 10 1.891 114.652 3144.24 83.5067
400 10 1.901 114.811 3141.03 83.3207
400 10 1.911 114.826 3132.43 82.8807
400 10 1.921 115.831 3159.78 83.8316
400 10 1.931 115.75 3157.52 83.9606
400 10 1.941 115.992 3157.86 83.6358
400 10 1.951 117.155 3175.72 84.1665
400 10 1.961 117.53 3178.76 84.3019
400 10 1.971 118.05 3192.55 84.299
400 10 1.981 118.604 3198.45 84.0444
400 10 1.991 118.675 3198.64 83.9019
400 20 0.001 1883.38 19872.3 4.8939
400 20 0.011 1891.09 19975.8 5.6946
400 20 0.021 1829.5 19378.5 5.1723
400 20 0.031 1764.73 18764.9 6.2925
400 20 0.041 1742.46 18558.8 6.2539
400 20 0.051 1642.99 17580.3 6.638
400 20 0.061 1612.31 17306.5 6.8409
400 20 0.071 1574.57 16930.8 7.2179
400 20 0.081 1573.87 16977.8 7.4867
400 20 0.091 1451.34 15784.8 8.7168
400 20 0.101 1437.37 15680.7 9.4772
400 20 0.111 1314.17 14438.5 9.3602
400 20 0.121 1266.19 14006.7 9.8044
400 20 0.131 1263.02 13969.6 10.1156
400 20 0.141 1197.93 13391.5 9.4901
400 20 0.151 1144.57 12811.5 9.5466
400 20 0.161 1087.09 12282.8 10.9411
400 20 0.171 1070.77 12159.8 11.4057
400 20 0.181 1036.18 11830.7 11.8615
400 20 0.191 997.748 11439.7 12.1042
400 20 0.201 917.874 10659.5 12.3997
400 20 0.211 891.531 10418.1 12.7495
400 20 0.221 890.064 10465.1 13.5712
400 20 0.231 856.145 10143.1 14.1358
400 20 0.241 781.756 9387.18 13.137
400 20 0.251 781.169 9389.53 14.0897
400 20 0.261 731.748 8898.61 14.3843
400 20 0.271 709.349 8712.21 15.3983
400 20 0.281 678.7 8389.89 15.7442
400 20 0.291 649.448 8158.96 15.5013
400 20 0.301 630.823 7976.93 16.8787
400 20 0.311 607.545 7751.25 16.9278
400 20 0.321 574.116 7445.14 18.1908
400 20 0.331 564.109 7376.52 18.8809
400 20 0.341 532.512 7047.33 18.1669
400 20 0.351 544.95 7233.62 19.5199
400 20 0.361 495.862 6711.61 19.7143
400 20 0.371 477.737 6539.62 19.7574
400 20 0.381 470.316 6462.58 20.1703
400 20 0.391 445.676 6214.72 20.2817
400 20 0.401 428.939 6083.44 20.9771
400 20 0.411 416.086 5959.19 21.2758
400 20 0.421 388.761 5695.16 22.7309
400 20 0.431 388.978 5714.12 23.5851
400 20 0.441 378.141 5612.38 24.0105
400 20 0.451 361.572 5492.77 24.9779
400 20 0.461 357.783 5464.37 25.1128
400 20 0.471 335.413 5197.3 25.5703
400 20 0.481 326.323 5146.51 24.4119
400 20 0.491 325.973 5171.76 25.4041
400 20 0.501 311.038 4982.29 25.2051
400 20 0.511 302.674 4919.92 26.2876
400 20 0.521 295.04 4856.8 26.6863
400 20 0.531 290.301 4812.94 27.5516
400 20 0.541 285.556 4809.02 28.5085
400 20 0.551 276.46 4715 29.5762
400 20 0.561 264.124 4562.71 29.6381
400 20 0.571 253.945 4512.18 31.2738
400 20 0.581 247.681 4417.41 31.7589
400 20 0.591 236.245 4294.99 31.196
400 20 0.601 234.323 4310.36 30.7352
400 20 0.611 234.704 4292.12 31.1953
400 20 0.621 227.425 4242.22 32.1382
400 20 0.631 219.827 4165.91 33.017
400 20 0.641 216.463 4141.63 33.2602
400 20 0.651 211.104 4075.93 33.6069
400 20 0.661 211.225 4137.01 34.8713
400 20 0.671 203.107 4039.87 35.3563
400 20 0.681 201.687 3997.75 35.6511
400 20 0.691 190.722 3845.93 35.539
400 20 0.701 191.399 3924.72 37.2168
400 20 0.711 185.75 3858.8 38.4404
400 20 0.721 185.028 3851.94 39.778
400 20 0.731 177.543 3746.62 40.3361
400 20 0.741 174.557 3756.84 41.2743
400 20 0.751 173.207 3735.16 42.0314
400 20 0.761 168.675 3680 42.0307
400 20 0.771 162.598 3616.95 42.7797
400 20 0.781 162.636 3627.53 42.7629
400 20 0.791 158.587 3545.75 42.7921
400 20 0.801 158.164 3599.79 45.0165
400 20 0.811 156.742 3595.61 44.8111
400 20 0.821 154.745 3530.22 43.7381
400 20 0.831 149.88 3492.87 44.2139
400 20 0.841 147.252 3468.64 45.2977
400 20 0.851 147.204 3527.35 47.4432
400 20 0.861 141.386 3428.15 45.7912
400 20 0.871 137.98 3378.15 46.3961
400 20 0.881 138.848 3420.2 47.7229
400 20 0.891 136.056 3383.84 47.7572
400 20 0.901 135.392 3378.83 49.2451
400 20 0.911 134.299 3367.51 50.0543
400 20 0.921 130.979 3316.06 49.8014
400 20 0.931 129.948 3311.6 51.9925
400 20 0.941 129.041 3315.05 54.1754
400 20 0.951 125.839 3261.98 54.4888
400 20 0.961 124.772 3265.34 53.8522
400 20 0.971 121.641 3224.38 53.677
400 20 0.981 122.948 3247.6 55.708
400 20 0.991 119.013 3189.86 55.5126
400 20 1.001 118.734 3171.08 56.4559
400 20 1.011 114.365 3128.1 57.3185
400 20 1.021 113.798 3115.27 57.4793
400 20 1.031 112.321 3102.14 59.1139
400 20 1.041 111.588 3092.87 59.3179
400 20 1.051 109.763 3049.29 59.2444
400 20 1.061 111.227 3092.83 61.024
400 20 1.071 109.453 3052.84 60.8421
400 20 1.081 107.884 3046.52 61.2706
400 20 1.091 107.937 3061.53 62.3343
400 20 1.101 104.997 3007.43 61.4348
400 20 1.111 106.073 3010.33 62.8776
400 20 1.121 105.134 2995.02 63.2273
400 20 1.131 103.371 2984.73 63.0601
400 20 1.141 103.292 2979.43 63.8622
400 20 1.151 104.131 3016.69 65.0696
400 20 1.161 102.981 2976.6 66.2513
400 20 1.171 104.095 3017.95 68.1503
400 20 1.181 103.01 3007.1 67.9238
400 20 1.191 100.971 2947.68 66.6626
400 20 1.201 101.284 2955.04 67.0572
400 20 1.211 99.8893 2936.73 65.4675
400 20 1.221 101.115 2961.62 66.7502
400 20 1.231 100.977 2976.71 67.5079
400 20 1.241 100.333 2956.1 67.7097
400 20 1.251 99.8338 2944.12 69.4276
400 20 1.261 99.2276 2916.22 66.6437
400 20 1.271 100.186 2953.86 68.5903
400 20 1.281 100.059 2931.82 69.4412
400 20 1.291 100.039 2954.56 70.0066
400 20 1.301 99.996 2930.15 70.7206
400 20 1.311 98.9494 2927.71 69.1794
400 20 1.321 100.13 2955.73 70.5584
400 20 1.331 99.5111 2937.96 70.13
400 20 1.341 98.8839 2904.12 69.4896
400 20 1.351 98.3284 2910.63 69.6674
400 20 1.361 99.0439 2940.23 70.7228
400 20 1.371 98.0507 2902 70.3409
400 20 1.381 99.2411 2927.46 71.8775
400 20 1.391 97.4455 2905.64 71.9638
400 20 1.401 99.0345 2932.68 73.5608
400 20 1.411 98.3503 2916.28 72.472
400 20 1.421 98.8246 2922.33 71.5051
400 20 1.431 100.229 2937.6 72.6729
400 20 1.441 99.4489 2937.43 74.6584
400 20 1.451 99.1959 2939.1 74.5003
400 20 1.461 98.1482 2921.11 74.4465
400 20 1.471 99.5625 2945.2 73.7497
400 20 1.481 98.8066 2906.63 72.1393
400 20 1.491 99.0536 2912.3 72.5328
400 20 1.501 98.1714 2900.66 74.4678
400 20 1.511 99.2771 2932.19 73.8282
400 20 1.521 99.1749 2910.05 74.4854
400 20 1.531 98.5177 2907.36 74.8601
400 20 1.541 99.6131 2928.39 74.4632
400 20 1.551 99.0704 2913.72 74.1057
400 20 1.561 99.199 2913.06 74.1172
400 20 1.571 99.8941 2929.64 73.615
400 20 1.581 99.4644 2924.8 72.8978
400 20 1.591 99.745 2927.63 73.1222
400 20 1.601 100.432 2940.68 73.3994
400 20 1.611 100.383 2930.56 73.1197
400 20 1.621 101.679 2966.76 74.5465
400 20 1.631 101.362 2949.1 73.8324
400 20 1.641 101.635 2951.79 73.829
400 20 1.651 103.119 2994.65 75.263
400 20 1.661 102.58 2969.13 74.0989
400 20 1.671 102.707 2971.77 73.8948
400 20 1.681 104.301 3009.33 75.6205
400 20 1.691 104.929 3021.07 77.7841
400 20 1.701 105.478 3042.9 79.4394
400 20 1.711 106.048 3048.59 76.7848
400 20 1.721 106.764 3067.86 78.707
400 20 1.731 108.311 3093.41 78.5856
400 20 1.741 107.433 3069.89 76.5171
400 20 1.751 108.145 3068 76.4215
400 20 1.761 109.04 3093.88 77.091
400 20 1.771 109.385 3099.51 80.2959
400 20 1.781 110.465 3123.59 78.5513
400 20 1.791 111.468 3151.74 79.6339
400 20 1.801 111.284 3135.88 78.8323
400 20 1.811 112.567 3170.46 79.7433
400 20 1.821 112.18 3158.68 79.2874
400 20 1.831 113.934 3194.01 79.9774
400 20 1.841 114.151 3199.53 80.0014
400 20 1.851 114.848 3214.95 81.1389
400 20 1.861 115.588 3213.98 81.1334
400 20 1.871 116.9 3245.86 82.1579
400 20 1.881 116.79 3243.8 81.9641
400 20 1.891 117.845 3257.83 82.351
400 20 1.901 118.568 3274.68 82.6059
400 20 1.911 119.089 3289.54 83.5095
400 20 1.921 119.817 3305.88 83.7132
400 20 1.931 120.568 3309.38 83.7686
400 20 1.941 121.114 3318.49 85.0453
400 20 1.951 122.048 3332.96 87.2237
400 20 1.961 122.558 3343.81 85.2459
400 20 1.971 123.956 3374.15 87.1822
400 20 1.981 124.015 3372.31 85.0684
400 20 1.991 124.835 3385.31 84.2115
400 30 0.001 2873.3 29007.2 4.3651
400 30 0.011 2753.58 27888.4 4.6916
400 30 0.021 2620.08 26615.3 4.9674
400 30 0.031 2524.35 25715.9 5.4012
400 30 0.041 2439.48 24936.9 5.8063
400 30 0.051 2295.42 23557.2 5.9776
400 30 0.061 2106.06 21771.1 6.7069
400 30 0.071 2062.26 21396.6 7.1575
400 30 0.081 1952.82 20362.8 7.1836
400 30 0.091 1826.73 19187.9 7.5544
400 30 0.101 1717.44 18156.9 8.4344
400 30 0.111 1619.83 17210.4 8.6817
400 30 0.121 1559.45 16662.6 8.6012
400 30 0.131 1470.51 15855.5 9.088
400 30 0.141 1431.66 15476.9 9.1571
400 30 0.151 1322.62 14469.3 9.7033
400 30 0.161 1274.55 14005.5 10.0785
400 30 0.171 1222.3 13521.8 10.5276
400 30 0.181 1128.48 12669.8 11.1101
400 30 0.191 1085.92 12225 11.6888
400 30 0.201 1014.46 11604 13.0798
400 30 0.211 1011.36 11632.3 13.9639
400 30 0.221 913.479 10636.4 13.5205
400 30 0.231 866.808 10200.8 13.725
400 30 0.241 821.598 9788.12 14.1098
400 30 0.251 772.637 9325.39 14.7634
400 30 0.261 727.938 8954.6 15.4336
400 30 0.271 737.791 9045.7 16.1361
400 30 0.281 632.56 8018.31 15.0039
400 30 0.291 633.905 8044.22 15.6176
400 30 0.301 605.658 7799.67 16.3049
400 30 0.311 557.074 7319 16.2642
400 30 0.321 546.997 7219.12 16.8307
400 30 0.331 534.902 7125.71 17.2313
400 30 0.341 499.467 6816.89 17.8697
400 30 0.351 511.55 6947.12 18.7108
400 30 0.361 467.943 6533.56 18.9328
400 30 0.371 453.296 6372.07 19.2784
400 30 0.381 431.15 6227.71 20.2239
400 30 0.391 413.136 6020.24 20.1526
400 30 0.401 402.748 5945.06 20.9393
400 30 0.411 399.812 5929.15 21.4821
400 30 0.421 384.237 5802.54 22.3659
400 30 0.431 358.345 5518.71 22.1608
400 30 0.441 348.301 5425.57 22.5714
400 30 0.451 335.739 5323.7 23.349
400 30 0.461 341.647 5400.48 24.2843
400 30 0.471 327.083 5273.03 24.7244
400 30 0.481 304.93 5029.26 24.8665
400 30 0.491 304.956 5073.76 25.9034
400 30 0.501 291.151 4927 26.1344
400 30 0.511 278.45 4815.72 26.4965
400 30 0.521 268.806 4690.26 26.7162
400 30 0.531 275.6 4827.47 28.0915
400 30 0.541 255.973 4595.59 27.9043
400 30 0.551 255.029 4589.36 28.927
400 30 0.561 251.351 4551.94 31.2365
400 30 0.571 244.049 4464.36 31.8106
400 30 0.581 236.165 4401.23 30.8653
400 30 0.591 228.305 4365.49 31.5191
400 30 0.601 227.706 4346.86 32.549
400 30 0.611 211.902 4165.34 32.1473
400 30 0.621 213.27 4213.23 33.464
400 30 0.631 212.244 4175.12 35.8521
400 30 0.641 205.951 4139.44 36.0136
400 30 0.651 203.545 4133.84 37.0205
400 30 0.661 202.024 4125.99 38.182
400 30 0.671 196.401 4055.69 38.4144
400 30 0.681 191.963 4018.04 38.9797
400 30 0.691 197.009 4090.25 40.6825
400 30 0.701 179.226 3902.58 39.7981
400 30 0.711 181.071 3918.91 39.5653
400 30 0.721 179.285 3920.43 41.8123
400 30 0.731 181.088 3946.44 40.7908
400 30 0.741 173.469 3882.38 40.4795
400 30 0.751 166.711 3742.65 39.7057
400 30 0.761 165.93 3762.88 41.1959
400 30 0.771 160.428 3702.24 43.2831
400 30 0.781 161.409 3718.57 44.7062
400 30 0.791 154.75 3655.83 45.1572
400 30 0.801 159.378 3721.83 46.6517
400 30 0.811 151.098 3613.52 46.1874
400 30 0.821 148.873 3583.58 47.2637
400 30 0.831 150.731 3621.2 47.6696
400 30 0.841 150.248 3610.09 48.1587
400 30 0.851 140.802 3507.34 48.4013
400 30 0.861 144.588 3584.09 49.8197
400 30 0.871 138.981 3494.91 50.5693
400 30 0.881 139.985 3525.05 51.3629
400 30 0.891 134.294 3432.79 50.4767
400 30 0.901 132.307 3439.32 52.0748
400 30 0.911 130.59 3397.05 50.4695
400 30 0.921 130.562 3392.44 51.1759
400 30 0.931 126.497 3335.66 50.8981
400 30 0.941 125.435 3344.44 52.2265
400 30 0.951 124.573 3337.85 53.9294
400 30 0.961 122.853 3298.72 53.4038
400 30 0.971 123.629 3327.11 54.7713
400 30 0.981 119.94 3283.3 55.7938
400 30 0.991 118.119 3275.76 57.7921
400 30 1.001 118.679 3273.53 59.1736
400 30 1.011 118.582 3296.38 60.7473
400 30 1.021 114.701 3214.01 60.5509
400 30 1.031 113.12 3197.03 60.5839
400 30 1.041 112.931 3194.52 61.3473
400 30 1.051 109.836 3138.9 59.1578
400 30 1.061 110.448 3160.26 60.4225
400 30 1.071 109.379 3135.93 61.4892
400 30 1.081 107.032 3095.62 62.7493
400 30 1.091 107.244 3128.81 64.278
400 30 1.101 105.872 3070.05 62.708
400 30 1.111 105.634 3086.78 63.7306
400 30 1.121 105.905 3097.67 65.5985
400 30 1.131 106.645 3126.25 66.4901
400 30 1.141 106.171 3105.55 64.369
400 30 1.151 104.266 3086.78 63.8988
400 30 1.161 104.253 3091.9 64.856
400 30 1.171 104.912 3075.23 64.647
400 30 1.181 103.457 3045.77 65.0826
400 30 1.191 102.834 3042.86 65.7519
400 30 1.201 102.038 3056.79 66.1286
400 30 1.211 104.395 3086.54 67.9065
400 30 1.221 102.929 3070.12 67.7433
400 30 1.231 103.257 3067.03 68.1486
400 30 1.241 103.01 3047.87 68.0598
400 30 1.251 101.665 3037.46 68.0273
400 30 1.261 102.005 3048.94 68.7858
400 30 1.271 101.512 3025.3 67.9878
400 30 1.281 101.238 3031.2 69.0794
400 30 1.291 101.239 3028.67 71.1195
400 30 1.301 101.326 3037.68 71.2563
400 30 1.311 101.058 3023.63 71.3854
400 30 1.321 101.226 3021.27 71.4313
400 30 1.331 102.039 3035.7 72.2575
400 30 1.341 102.239 3054.21 71.089
400 30 1.351 101.366 3030.99 70.4962
400 30 1.361 101.897 3047.99 70.7406
400 30 1.371 101.566 3033.77 69.8557
400 30 1.381 101.103 3001.1 70.1043
400 30 1.391 101.976 3025.09 73.6316
400 30 1.401 101.583 3030.37 72.4629
400 30 1.411 102.454 3053.67 74.8266
400 30 1.421 101.215 3019.51 73.6077
400 30 1.431 102.195 3052.35 74.6134
400 30 1.441 101.553 3032.8 73.9492
400 30 1.451 102.07 3031.93 74.4091
400 30 1.461 100.975 3000.79 73.1173
400 30 1.471 101.891 3041.52 75.1511
400 30 1.481 102.335 3035.8 74.9231
400 30 1.491 102.059 3036.22 72.6446
400 30 1.501 102.688 3040.76 72.9491
400 30 1.511 102.164 3047.5 74.8328
400 30 1.521 101.458 3019.25 73.8015
400 30 1.531 102.659 3043.24 73.9627
400 30 1.541 102.407 3039.65 72.8078
400 30 1.551 103.219 3053.86 73.4907
400 30 1.561 102.488 3027.71 72.2798
400 30 1.571 102.636 3031.89 76.6015
400 30 1.581 102.814 3033.69 76.6123
400 30 1.591 103.518 3045.39 76.6401
400 30 1.601 104.323 3071 77.5078
400 30 1.611 104.744 3079.2 77.4099
400 30 1.621 106.113 3097.71 77.5905
400 30 1.631 106.113 3100.8 77.2744
400 30 1.641 106.603 3107.04 77.1516
400 30 1.651 108.202 3136.32 78.8784
400 30 1.661 108.871 3164.66 78.7477
400 30 1.671 108.476 3137.77 74.7768
400 30 1.681 109.59 3161.54 75.9046
400 30 1.691 111.156 3205.64 77.464
400 30 1.701 111.67 3211.29 77.1938
400 30 1.711 112.222 3223.99 77.8487
400 30 1.721 112.738 3244.32 78.4887
400 30 1.731 113.06 3235.76 80.0816
400 30 1.741 114.262 3256.53 79.8584
400 30 1.751 114.7 3267.83 78.716
400 30 1.761 115.448 3286.9 79.1624
400 30 1.771 115.93 3293.65 79.3538
400 30 1.781 117.159 3308.37 79.5616
400 30 1.791 117.627 3328.77 80.2986
400 30 1.801 119.159 3366.65 81.9819
400 30 1.811 119.64 3378.93 82.3707
400 30 1.821 120.454 3379.62 82.3966
400 30 1.831 121.097 3395.57 82.549
400 30 1.841 122.129 3421.32 83.424
400 30 1.851 122.79 3423.8 83.0049
400 30 1.861 123.504 3445.65 83.9172
400 30 1.871 124.285 3452.21 83.8244
400 30 1.881 125.149 3476.44 84.8631
400 30 1.891 125.876 3489.01 84.7654
400 30 1.901 126.66 3500.27 84.472
400 30 1.911 127.215 3516.22 84.927
400 30 1.921 128.564 3544.06 85.559
400 30 1.931 128.574 3531.84 85.0846
400 30 1.941 129.78 3558.86 85.7028
400 30 1.951 130.322 3568.05 86.6789
400 30 1.961 131.338 3584.16 87.5216
400 30 1.971 131.591 3587.45 88.9085
400 30 1.981 133.285 3616.58 87.6947
400 30 1.991 133.101 3612.3 86.4644
400 40 0.001 3647.33 36060.8 94.6182
400 40 0.011 3623.33 35869.3 93.8508
400 40 0.021 3292.53 32772.4 84.8084
400 40 0.031 3119.6 31162.7 79.9661
400 40 0.041 2966.03 29741.9 75.9676
400 40 0.051 2727.29 27516.7 69.6986
400 40 0.061 2592.19 26263.1 66.0121
400 40 0.071 2405.21 24520 60.8421
400 40 0.081 2290.87 23487.2 57.0716
400 40 0.091 2101.12 21688.3 52.7177
400 40 0.101 2021.5 20985.4 50.8453
400 40 0.111 1795.12 18856.7 45.1544
400 40 0.121 1686.78 17841 42.4253
400 40 0.131 1602.22 17093 40.3249
400 40 0.141 1521.7 16374.3 38.8206
400 40 0.151 1351.89 14758.8 34.5527
400 40 0.161 1233.5 13632 31.9213
400 40 0.171 1189.01 13234.5 31.174
400 40 0.181 1128.41 12718.9 29.3131
400 40 0.191 1129.38 12718.8 29.8425
400 40 0.201 976.329 11274.8 27.0907
400 40 0.211 908.84 10664.7 25.5756
400 40 0.221 901.698 10634.5 25.4441
400 40 0.231 837.254 10055.6 24.4055
400 40 0.241 814.364 9820.9 24.8139
400 40 0.251 752.97 9281.97 23.3054
400 40 0.261 721.9 9010.57 22.9381
400 40 0.271 663.636 8429.13 22.1792
400 40 0.281 622.62 8081.99 21.6781
400 40 0.291 612.891 7980.4 21.7579
400 40 0.301 570.215 7583.85 21.4508
400 40 0.311 548.418 7357.66 21.3761
400 40 0.321 536.41 7297.26 21.8469
400 40 0.331 487.961 6863.75 21.4595
400 40 0.341 491.215 6870.44 21.511
400 40 0.351 461.197 6592.68 21.9518
400 40 0.361 438.053 6438.43 22.4466
400 40 0.371 433.511 6356.96 22.8265
400 40 0.381 402.063 6062.13 22.3469
400 40 0.391 396.52 6023.32 23.2084
400 40 0.401 390.401 5956.42 23.4595
400 40 0.411 372.03 5845.5 24.1229
400 40 0.421 349.506 5583.5 23.9035
400 40 0.431 341.491 5508.69 24.1989
400 40 0.441 335.162 5466.23 25.1704
400 40 0.451 328.65 5436.92 26.0298
400 40 0.461 321.32 5351.73 26.2156
400 40 0.471 318.674 5329.37 26.8455
400 40 0.481 297.652 5113.79 26.7001
400 40 0.491 292.459 5127.66 28.0857
400 40 0.501 279.717 4969.59 27.8959
400 40 0.511 269.812 4864.55 28.1991
400 40 0.521 274.009 4908.25 29.1331
400 40 0.531 264.161 4830.73 29.738
400 40 0.541 267.14 4857.36 30.4117
400 40 0.551 250.505 4720.09 30.8347
400 40 0.561 244.69 4636.84 31.2693
400 40 0.571 237.152 4544.42 31.4272
400 40 0.581 233.242 4541.85 32.5662
400 40 0.591 231.358 4558.98 33.4946
400 40 0.601 230.871 4540.65 33.8225
400 40 0.611 213.787 4318.6 33.508
400 40 0.621 213.402 4340 34.2038
400 40 0.631 212.87 4365.96 35.5003
400 40 0.641 209.991 4345.16 36.3964
400 40 0.651 203.16 4262.92 36.6016
400 40 0.661 197.071 4196.49 37.2138
400 40 0.671 193.689 4151.33 37.1892
400 40 0.681 196.517 4193.58 38.8927
400 40 0.691 184.951 4070.86 38.7508
400 40 0.701 180.086 4028.05 39.1517
400 40 0.711 183.912 4073.97 42.6499
400 40 0.721 181.538 4042.93 43.9157
400 40 0.731 174.259 3968.26 42.2362
400 40 0.741 176.371 4026.73 43.9908
400 40 0.751 171.323 3932.37 43.7759
400 40 0.761 166.695 3910.8 44.7833
400 40 0.771 168.154 3932.05 45.7399
400 40 0.781 163.964 3905.86 45.5242
400 40 0.791 158.626 3827.33 44.779
400 40 0.801 159.194 3837.48 45.8052
400 40 0.811 154.741 3744.13 45.637
400 40 0.821 151.586 3749.96 47.0827
400 40 0.831 151.826 3787.36 48.3019
400 40 0.841 147.349 3695.26 47.9391
400 40 0.851 146.714 3703.47 51.0308
400 40 0.861 146.932 3700.39 51.5017
400 40 0.871 143.938 3662.23 51.8202
400 40 0.881 138.658 3600.16 50.6125
400 40 0.891 138.034 3605.93 51.9833
400 40 0.901 135.956 3584.54 52.155
400 40 0.911 135.551 3579.19 53.2673
400 40 0.921 133.16 3540.67 55.6801
400 40 0.931 131.119 3544.69 56.9553
400 40 0.941 129.871 3513.71 57.2651
400 40 0.951 131.715 3529.37 57.7731
400 40 0.961 129.873 3530.2 58.3953
400 40 0.971 123.956 3434.81 58.6783
400 40 0.981 125.24 3446.63 60.7628
400 40 0.991 121.361 3396.1 60.8138
400 40 1.001 121.548 3412.64 60.9839
400 40 1.011 118.935 3357.86 61.7371
400 40 1.021 118.193 3373.18 63.8017
400 40 1.031 118.26 3374.18 63.0193
400 40 1.041 115.448 3306.2 61.6287
400 40 1.051 114.171 3298.6 62.3082
400 40 1.061 113.841 3287.13 63.1008
400 40 1.071 114.403 3295.35 63.877
400 40 1.081 111.729 3287.85 64.2112
400 40 1.091 111.242 3255.69 64.1012
400 40 1.101 111.262 3275.68 67.0162
400 40 1.111 112.514 3301.93 69.1692
400 40 1.121 110.601 3244.12 68.4414
400 40 1.131 109.788 3253.49 68.822
400 40 1.141 109.883 3258.5 68.4822
400 40 1.151 110.394 3260.8 67.6369
400 40 1.161 109.201 3247.88 68.5952
400 40 1.171 107.977 3217.99 68.8414
400 40 1.181 106.241 3177.63 66.0124
400 40 1.191 108.156 3222.36 68.0416
400 40 1.201 108.518 3217.58 68.3587
400 40 1.211 107.487 3223.05 70.8995
400 40 1.221 108.145 3227.38 71.5679
400 40 1.231 107.681 3219.31 72.3684
400 40 1.241 107.539 3219.67 72.82
400 40 1.251 107.245 3207.6 70.6514
400 40 1.261 106.17 3191.39 72.6568
400 40 1.271 107.214 3209.72 71.7205
400 40 1.281 107.166 3209.06 70.5717
400 40 1.291 107.351 3217.75 73.8185
400 40 1.301 107.299 3245.99 75.1963
400 40 1.311 107.622 3231.3 74.9561
400 40 1.321 107.371 3228.09 75.5169
400 40 1.331 107.317 3223.78 75.3238
400 40 1.341 107.16 3212.86 73.0202
400 40 1.351 107.083 3216.95 73.0722
400 40 1.361 108.318 3242.15 73.9443
400 40 1.371 106.69 3188.96 73.3171
400 40 1.381 107.435 3219.22 75.7916
400 40 1.391 107.586 3220.27 74.4748
400 40 1.401 106.509 3196.69 73.6141
400 40 1.411 106.568 3195.34 73.8895
400 40 1.421 107.513 3214.89 74.9412
400 40 1.431 107.774 3229.1 75.6133
400 40 1.441 107.034 3186.8 75.7356
400 40 1.451 108.879 3240.96 75.594
400 40 1.461 107.206 3202.13 74.6184
400 40 1.471 107.233 3199.64 74.4895
400 40 1.481 107.223 3193.88 76.3049
400 40 1.491 108.083 3229.2 78.0779
400 40 1.501 109.25 3254.82 76.5922
400 40 1.511 108.322 3219.51 75.9442
400 40 1.521 109.1 3227.9 76.247
400 40 1.531 108.657 3219 75.795
400 40 1.541 108.288 3213.84 75.7616
400 40 1.551 109.562 3244.07 76.6979
400 40 1.561 108.779 3206.56 75.4248
400 40 1.571 108.751 3209.89 75.6312
400 40 1.581 109.456 3236.21 76.4862
400 40 1.591 109.672 3228.28 76.1874
400 40 1.601 110.315 3239.15 75.9429
400 40 1.611 112.121 3283.36 78.657
400 40 1.621 111.957 3275.8 81.2722
400 40 1.631 112.96 3304.12 78.2268
400 40 1.641 113.578 3309 78.0506
400 40 1.651 114.943 3342.98 79.2923
400 40 1.661 115.068 3329.26 78.8624
400 40 1.671 115.835 3364.01 80.1993
400 40 1.681 117.085 3378.58 82.0978
400 40 1.691 118.628 3417.24 83.9823
400 40 1.701 119.013 3429.63 81.2241
400 40 1.711 119.235 3422.96 80.4104
400 40 1.721 120.724 3450.89 81.158
400 40 1.731 121.379 3473.23 86.0435
400 40 1.741 121.905 3477.95 85.8604
400 40 1.751 122.969 3496.66 86.8952
400 40 1.761 124.068 3526.29 87.3157
400 40 1.771 124.951 3535.37 87.1936
400 40 1.781 125.329 3538.31 87.1012
400 40 1.791 125.825 3558.57 87.7162
400 40 1.801 127.353 3589.87 88.3605
400 40 1.811 128.357 3605.21 88.7957
400 40 1.821 128.831 3613.59 87.5028
400 40 1.831 129.355 3622.91 88.8687
400 40 1.841 130.369 3644.44 87.663
400 40 1.851 131.152 3663.62 89.7338
400 40 1.861 132.328 3689.12 90.5269
400 40 1.871 132.617 3683.27 89.8701
400 40 1.881 134.094 3712.23 90.4678
400 40 1.891 134.739 3731.59 91.2602
400 40 1.901 134.787 3728.29 90.4046
400 40 1.911 136.267 3758.53 91.8352
400 40 1.921 136.635 3760.43 91.2586
400 40 1.931 137.315 3769.22 91.3514
400 40 1.941 138.336 3790.24 91.6111
400 40 1.951 139.187 3808.06 91.6692
400 40 1.961 139.555 3811.5 91.7813
400 40 1.971 140.461 3825.8 91.9775
400 40 1.981 141.429 3844.54 91.7567
400 40 1.991 141.835 3849.5 91.5108
