200 10 0.001 503.825 1.5953e-06
200 10 0.011 490.831 1.5739e-06
200 10 0.021 483.771 1.5615e-06
200 10 0.031 472.815 1.569e-06
200 10 0.041 473.378 1.5925e-06
200 10 0.051 465.081 1.5937e-06
200 10 0.061 447.492 1.5723e-06
200 10 0.071 435.898 1.5218e-06
200 10 0.081 429.72 1.5112e-06
200 10 0.091 436.241 1.5326e-06
200 10 0.101 430.379 1.5257e-06
200 10 0.111 424.632 1.3965e-06
200 10 0.121 407.863 1.1255e-06
200 10 0.131 409.593 1.2541e-06
200 10 0.141 397.233 1.5057e-06
200 10 0.151 389.04 1.4982e-06
200 10 0.161 380.324 1.3703e-06
200 10 0.171 370.224 9.946e-07
200 10 0.181 364.685 1.0048e-06
200 10 0.191 343.917 9.819e-07
200 10 0.201 354.647 1.0423e-06
200 10 0.211 344.604 1.385e-06
200 10 0.221 332.304 1.3666e-06
200 10 0.231 317.003 1.3538e-06
200 10 0.241 327.105 1.3812e-06
200 10 0.251 316.466 1.3514e-06
200 10 0.261 307.267 1.3473e-06
200 10 0.271 287.291 1.2995e-06
200 10 0.281 285.764 1.3137e-06
200 10 0.291 273.438 1.287e-06
200 10 0.301 272.896 1.2826e-06
200 10 0.311 275.709 1.3137e-06
200 10 0.321 264.816 1.3076e-06
200 10 0.331 256.051 1.2956e-06
200 10 0.341 250.224 1.2934e-06
200 10 0.351 252.979 1.2917e-06
200 10 0.361 238.215 1.2724e-06
200 10 0.371 240.192 1.2849e-06
200 10 0.381 230.515 1.2714e-06
200 10 0.391 221.949 1.2674e-06
200 10 0.401 216.575 1.2529e-06
200 10 0.411 214.398 1.0256e-06
200 10 0.421 205.119 1.137e-06
200 10 0.431 207.22 1.2461e-06
200 10 0.441 200.741 1.23e-06
200 10 0.451 200.182 1.2483e-06
200 10 0.461 190.416 1.2046e-06
200 10 0.471 195.886 1.2441e-06
200 10 0.481 181.252 1.2344e-06
200 10 0.491 176.398 1.2229e-06
200 10 0.501 175.44 1.2346e-06
200 10 0.511 165.629 1.2223e-06
200 10 0.521 163.676 1.08e-06
200 10 0.531 157.164 1.2216e-06
200 10 0.541 155.985 1.2038e-06
200 10 0.551 153.423 1.2085e-06
200 10 0.561 148.341 1.1678e-06
200 10 0.571 150.108 1.0535e-06
200 10 0.581 147.331 1.2247e-06
200 10 0.591 141.315 1.2566e-06
200 10 0.601 137.983 1.2444e-06
200 10 0.611 135.198 1.2391e-06
200 10 0.621 130.49 1.2342e-06
200 10 0.631 128.062 1.2297e-06
200 10 0.641 128.545 1.2478e-06
200 10 0.651 122.729 1.2419e-06
200 10 0.661 122.369 1.2448e-06
200 10 0.671 117.861 1.2243e-06
200 10 0.681 115.169 1.2424e-06
200 10 0.691 113.379 1.2445e-06
200 10 0.701 109.361 1.2422e-06
200 10 0.711 106.509 1.227e-06
200 10 0.721 106.769 1.2468e-06
200 10 0.731 105.832 1.2599e-06
200 10 0.741 103.257 1.2524e-06
200 10 0.751 102.502 1.2612e-06
200 10 0.761 100.947 1.2682e-06
200 10 0.771 99.2308 1.2655e-06
200 10 0.781 94.8523 1.2575e-06
200 10 0.791 94.5126 1.256e-06
200 10 0.801 93.6792 1.2597e-06
200 10 0.811 89.8926 1.2531e-06
200 10 0.821 87.9513 1.131e-06
200 10 0.831 87.7101 1.2564e-06
200 10 0.841 86.6291 1.2625e-06
200 10 0.851 87.8271 1.2537e-06
200 10 0.861 85.1014 1.2628e-06
200 10 0.871 85.006 1.2725e-06
200 10 0.881 81.8723 1.2671e-06
200 10 0.891 80.1484 1.268e-06
200 10 0.901 77.9129 1.2676e-06
200 10 0.911 78.7364 1.2752e-06
200 10 0.921 77.6583 1.2756e-06
200 10 0.931 76.1055 1.2878e-06
200 10 0.941 74.0343 1.1404e-06
200 10 0.951 74.401 1.1038e-06
200 10 0.961 73.4186 1.2872e-06
200 10 0.971 72.3633 1.2916e-06
200 10 0.981 71.1895 1.241e-06
200 10 0.991 69.1706 1.2912e-06
200 10 1.001 70.1424 1.297e-06
200 10 1.011 66.814 1.3016e-06
200 10 1.021 66.6112 1.3024e-06
200 10 1.031 66.3006 1.3081e-06
200 10 1.041 66.4491 1.316e-06
200 10 1.051 65.7367 1.2927e-06
200 10 1.061 63.4575 1.2873e-06
200 10 1.071 62.9405 1.2153e-06
200 10 1.081 63.2396 1.2938e-06
200 10 1.091 62.8549 1.2846e-06
200 10 1.101 62.1459 1.2814e-06
200 10 1.111 62.8807 1.318e-06
200 10 1.121 62.2953 1.2062e-06
200 10 1.131 62.2903 1.1106e-06
200 10 1.141 60.3555 1.2213e-06
200 10 1.151 60.355 1.3195e-06
200 10 1.161 60.6683 1.3329e-06
200 10 1.171 60.4847 1.3343e-06
200 10 1.181 60.1926 1.3405e-06
200 10 1.191 59.9144 1.3483e-06
200 10 1.201 60.2529 1.3472e-06
200 10 1.211 58.7192 1.3428e-06
200 10 1.221 59.4799 1.3504e-06
200 10 1.231 58.7593 1.3466e-06
200 10 1.241 58.6334 1.3573e-06
200 10 1.251 57.8168 1.341e-06
200 10 1.261 58.9044 1.3211e-06
200 10 1.271 58.4436 1.2326e-06
200 10 1.281 57.9692 1.3563e-06
200 10 1.291 58.5055 1.2464e-06
200 10 1.301 58.2158 1.2506e-06
200 10 1.311 57.5129 1.1827e-06
200 10 1.321 57.8942 1.2449e-06
200 10 1.331 57.348 1.3655e-06
200 10 1.341 57.2314 1.3615e-06
200 10 1.351 57.2879 1.3627e-06
200 10 1.361 57.218 1.364e-06
200 10 1.371 57.1745 1.3703e-06
200 10 1.381 57.2569 1.3713e-06
200 10 1.391 56.7255 1.3736e-06
200 10 1.401 56.7684 1.3808e-06
200 10 1.411 57.085 1.3738e-06
200 10 1.421 56.4093 1.3996e-06
200 10 1.431 56.9535 1.4121e-06
200 10 1.441 57.0129 1.4046e-06
200 10 1.451 57.1211 1.3977e-06
200 10 1.461 56.7577 1.3903e-06
200 10 1.471 56.4295 1.3873e-06
200 10 1.481 56.3955 1.3998e-06
200 10 1.491 56.4949 1.3997e-06
200 10 1.501 56.7249 1.3872e-06
200 10 1.511 56.9311 1.321e-06
200 10 1.521 56.3778 1.3096e-06
200 10 1.531 56.6183 1.3958e-06
200 10 1.541 56.9138 1.4005e-06
200 10 1.551 56.5263 1.2418e-06
200 10 1.561 56.1797 1.3965e-06
200 10 1.571 56.811 1.4038e-06
200 10 1.581 56.615 1.3873e-06
200 10 1.591 56.8329 1.378e-06
200 10 1.601 56.7737 1.2726e-06
200 10 1.611 57.1504 1.3799e-06
200 10 1.621 57.0499 1.3974e-06
200 10 1.631 56.9253 1.3917e-06
200 10 1.641 57.1312 1.3989e-06
200 10 1.651 57.1425 1.4113e-06
200 10 1.661 57.1816 1.3818e-06
200 10 1.671 57.7587 1.4087e-06
200 10 1.681 57.544 1.4209e-06
200 10 1.691 57.7623 1.4213e-06
200 10 1.701 57.9351 1.4328e-06
200 10 1.711 58.0478 1.4206e-06
200 10 1.721 57.9361 1.424e-06
200 10 1.731 58.4258 1.4278e-06
200 10 1.741 58.5402 1.4342e-06
200 10 1.751 58.4935 1.4266e-06
200 10 1.761 58.6351 1.324e-06
200 10 1.771 59.0278 1.2764e-06
200 10 1.781 59.0343 1.4046e-06
200 10 1.791 59.0754 1.4073e-06
200 10 1.801 59.3222 1.4211e-06
200 10 1.811 59.5544 1.4284e-06
200 10 1.821 59.7345 1.4272e-06
200 10 1.831 59.9199 1.4219e-06
200 10 1.841 60.3961 1.4333e-06
200 10 1.851 60.1263 1.2586e-06
200 10 1.861 60.4697 1.3561e-06
200 10 1.871 60.815 1.4534e-06
200 10 1.881 60.7199 1.4364e-06
200 10 1.891 61.2552 1.4421e-06
200 10 1.901 61.4819 1.4563e-06
200 10 1.911 61.3992 1.45e-06
200 10 1.921 61.6594 1.4523e-06
200 10 1.931 61.9299 1.4536e-06
200 10 1.941 62.1063 1.459e-06
200 10 1.951 62.4002 1.4511e-06
200 10 1.961 62.4263 1.4474e-06
200 10 1.971 62.9181 1.444e-06
200 10 1.981 63.059 1.4581e-06
200 10 1.991 63.3932 1.4609e-06
200 20 0.001 937.227 2.1809e-06
200 20 0.011 897.778 2.1244e-06
200 20 0.021 925.518 2.1637e-06
200 20 0.031 833.201 2.0163e-06
200 20 0.041 833.611 2.0288e-06
200 20 0.051 830.273 2.0679e-06
200 20 0.061 784.267 2.0301e-06
200 20 0.071 746.477 1.8696e-06
200 20 0.081 725.746 1.2092e-06
200 20 0.091 700.352 1.8491e-06
200 20 0.101 649.233 1.7885e-06
200 20 0.111 643.932 1.7855e-06
200 20 0.121 635.335 1.7839e-06
200 20 0.131 579.616 1.6924e-06
200 20 0.141 558.507 1.6666e-06
200 20 0.151 561.347 1.6822e-06
200 20 0.161 517.043 1.615e-06
200 20 0.171 515.478 1.6693e-06
200 20 0.181 492.543 1.6323e-06
200 20 0.191 480.619 1.5296e-06
200 20 0.201 446.536 1.3623e-06
200 20 0.211 433.822 1.5502e-06
200 20 0.221 427.983 1.5625e-06
200 20 0.231 416.96 1.534e-06
200 20 0.241 396.852 1.521e-06
200 20 0.251 390.324 1.5048e-06
200 20 0.261 354.57 1.4608e-06
200 20 0.271 349.63 1.448e-06
200 20 0.281 348.61 1.459e-06
200 20 0.291 310.999 1.404e-06
200 20 0.301 313.42 1.4215e-06
200 20 0.311 293.289 1.3915e-06
200 20 0.321 293.373 1.3979e-06
200 20 0.331 268.195 1.3559e-06
200 20 0.341 266.19 1.3536e-06
200 20 0.351 253.159 1.3416e-06
200 20 0.361 254.562 1.0021e-06
200 20 0.371 246.218 9.595e-07
200 20 0.381 227.017 9.489e-07
200 20 0.391 228.242 1.2071e-06
200 20 0.401 221.954 1.074e-06
200 20 0.411 209.652 1.2791e-06
200 20 0.421 204.473 1.277e-06
200 20 0.431 193.305 1.2541e-06
200 20 0.441 186.82 1.2535e-06
200 20 0.451 185.507 1.2578e-06
200 20 0.461 175.55 1.2488e-06
200 20 0.471 174.295 1.1964e-06
200 20 0.481 161.5 1.0014e-06
200 20 0.491 167.106 1.2242e-06
200 20 0.501 165.698 1.0196e-06
200 20 0.511 156.906 1.2393e-06
200 20 0.521 150.337 1.2107e-06
200 20 0.531 147.627 1.241e-06
200 20 0.541 144.01 1.2366e-06
200 20 0.551 142.225 1.2332e-06
200 20 0.561 133.463 1.2154e-06
200 20 0.571 132.712 1.2224e-06
200 20 0.581 128.714 1.2064e-06
200 20 0.591 121.479 1.2204e-06
200 20 0.601 123.94 1.2293e-06
200 20 0.611 120.683 1.1443e-06
200 20 0.621 119.447 1.023e-06
200 20 0.631 119.601 1.025e-06
200 20 0.641 113.338 9.745e-07
200 20 0.651 109.484 1.2346e-06
200 20 0.661 111.324 1.2428e-06
200 20 0.671 107.172 1.2287e-06
200 20 0.681 102.672 1.2318e-06
200 20 0.691 102.038 1.2312e-06
200 20 0.701 99.419 1.1621e-06
200 20 0.711 101.164 1.254e-06
200 20 0.721 98.3185 1.2146e-06
200 20 0.731 95.9368 1.2229e-06
200 20 0.741 93.8134 1.2107e-06
200 20 0.751 93.4632 1.207e-06
200 20 0.761 92.9687 1.2418e-06
200 20 0.771 88.5418 1.2118e-06
200 20 0.781 86.4854 1.1914e-06
200 20 0.791 86.2448 1.2085e-06
200 20 0.801 84.4575 1.0389e-06
200 20 0.811 85.4437 1.1666e-06
200 20 0.821 83.0566 1.252e-06
200 20 0.831 82.1018 1.1621e-06
200 20 0.841 79.2123 1.2149e-06
200 20 0.851 80.5456 1.0196e-06
200 20 0.861 77.7147 1.0485e-06
200 20 0.871 78.1847 1.1184e-06
200 20 0.881 76.6017 1.1211e-06
200 20 0.891 76.1442 1.0564e-06
200 20 0.901 75.3013 1.1248e-06
200 20 0.911 74.1456 1.247e-06
200 20 0.921 73.7469 1.2575e-06
200 20 0.931 72.6098 1.2561e-06
200 20 0.941 70.5806 1.2389e-06
200 20 0.951 71.3467 1.2603e-06
200 20 0.961 69.7453 1.2492e-06
200 20 0.971 69.2066 1.2628e-06
200 20 0.981 67.5551 1.2585e-06
200 20 0.991 67.7902 1.2721e-06
200 20 1.001 66.9242 1.2719e-06
200 20 1.011 65.4401 1.1759e-06
200 20 1.021 64.999 1.0747e-06
200 20 1.031 64.1692 1.2182e-06
200 20 1.041 64.5726 1.2836e-06
200 20 1.051 63.1814 1.2648e-06
200 20 1.061 62.6141 1.2692e-06
200 20 1.071 62.178 1.1798e-06
200 20 1.081 62.0262 1.1407e-06
200 20 1.091 61.3804 1.0992e-06
200 20 1.101 61.5779 1.0809e-06
200 20 1.111 60.5761 1.0863e-06
200 20 1.121 60.6403 1.1454e-06
200 20 1.131 60.6412 1.1457e-06
200 20 1.141 61.0761 1.2854e-06
200 20 1.151 59.9292 1.3085e-06
200 20 1.161 59.6312 1.3136e-06
200 20 1.171 59.4303 1.3101e-06
200 20 1.181 59.2171 1.3186e-06
200 20 1.191 59.71 1.3335e-06
200 20 1.201 59.1899 1.2809e-06
200 20 1.211 58.7175 1.308e-06
200 20 1.221 59.3407 1.2027e-06
200 20 1.231 58.428 1.1844e-06
200 20 1.241 59.0517 1.3286e-06
200 20 1.251 58.8841 1.3276e-06
200 20 1.261 59.1709 1.3491e-06
200 20 1.271 58.506 1.3393e-06
200 20 1.281 58.3216 1.3393e-06
200 20 1.291 58.5903 1.3361e-06
200 20 1.301 58.316 1.3407e-06
200 20 1.311 58.3044 1.2678e-06
200 20 1.321 58.5776 1.3505e-06
200 20 1.331 58.2538 1.2355e-06
200 20 1.341 57.2962 1.3333e-06
200 20 1.351 57.9759 1.3589e-06
200 20 1.361 58.0829 1.3521e-06
200 20 1.371 58.2567 1.3743e-06
200 20 1.381 58.0431 1.3705e-06
200 20 1.391 58.2845 1.2901e-06
200 20 1.401 57.8766 1.3742e-06
200 20 1.411 57.8737 1.37e-06
200 20 1.421 58.1478 1.3618e-06
200 20 1.431 58.0942 1.3414e-06
200 20 1.441 57.932 1.3755e-06
200 20 1.451 57.8531 1.3836e-06
200 20 1.461 57.9752 1.3897e-06
200 20 1.471 57.8464 1.373e-06
200 20 1.481 58.0001 1.3496e-06
200 20 1.491 57.8478 1.3453e-06
200 20 1.501 58.3109 1.3524e-06
200 20 1.511 58.3709 1.3596e-06
200 20 1.521 58.0974 1.4546e-06
200 20 1.531 58.2227 1.4547e-06
200 20 1.541 58.3891 1.406e-06
200 20 1.551 58.6105 1.2745e-06
200 20 1.561 58.5958 1.3662e-06
200 20 1.571 58.5214 1.3095e-06
200 20 1.581 58.4405 1.3992e-06
200 20 1.591 58.3412 1.3991e-06
200 20 1.601 58.9515 1.4213e-06
200 20 1.611 58.7211 1.3593e-06
200 20 1.621 59.5328 1.3921e-06
200 20 1.631 59.5571 1.383e-06
200 20 1.641 59.7379 1.3814e-06
200 20 1.651 59.4774 1.335e-06
200 20 1.661 60.411 1.3457e-06
200 20 1.671 60.35 1.4136e-06
200 20 1.681 60.7496 1.3803e-06
200 20 1.691 61.0202 1.4152e-06
200 20 1.701 61.3882 1.34e-06
200 20 1.711 61.8563 1.4179e-06
200 20 1.721 61.6802 1.4287e-06
200 20 1.731 61.9999 1.4263e-06
200 20 1.741 62.6059 1.4257e-06
200 20 1.751 62.672 1.2579e-06
200 20 1.761 62.8678 1.4617e-06
200 20 1.771 63.5094 1.4084e-06
200 20 1.781 63.6361 1.3752e-06
200 20 1.791 64.3612 1.4722e-06
200 20 1.801 64.5045 1.4749e-06
200 20 1.811 64.5958 1.2952e-06
200 20 1.821 64.8603 1.2647e-06
200 20 1.831 65.2999 1.2727e-06
200 20 1.841 65.5449 1.2577e-06
200 20 1.851 65.5753 1.2308e-06
200 20 1.861 66.211 1.2995e-06
200 20 1.871 66.3511 1.2891e-06
200 20 1.881 67.0271 1.5139e-06
200 20 1.891 67.2885 1.324e-06
200 20 1.901 67.6763 1.4989e-06
200 20 1.911 67.8368 1.5056e-06
200 20 1.921 68.0902 1.5043e-06
200 20 1.931 68.7318 1.5101e-06
200 20 1.941 68.8989 1.5137e-06
200 20 1.951 69.2158 1.5191e-06
200 20 1.961 69.6522 1.514e-06
200 20 1.971 69.9677 1.527e-06
200 20 1.981 70.4529 1.5303e-06
200 20 1.991 70.5957 1.5247e-06
200 30 0.001 1319.25 2.759e-06
200 30 0.011 1269.36 2.6937e-06
200 30 0.021 1189.22 2.5807e-06
200 30 0.031 1224.31 2.632e-06
200 30 0.041 1105.54 1.6959e-06
200 30 0.051 1055.04 1.4443e-06
200 30 0.061 1014 1.4428e-06
200 30 0.071 953.765 1.9431e-06
200 30 0.081 908.951 2.1902e-06
200 30 0.091 889.427 2.1692e-06
200 30 0.101 835.755 2.0909e-06
200 30 0.111 797.239 2.0483e-06
200 30 0.121 751.863 1.981e-06
200 30 0.131 686.612 1.8893e-06
200 30 0.141 673.62 1.8772e-06
200 30 0.151 618.502 1.7957e-06
200 30 0.161 600.322 1.7786e-06
200 30 0.171 553.018 1.71e-06
200 30 0.181 540.319 1.6992e-06
200 30 0.191 519.243 1.6716e-06
200 30 0.201 496.727 1.6402e-06
200 30 0.211 477.011 1.6223e-06
200 30 0.221 447.029 1.5966e-06
200 30 0.231 409.755 1.5357e-06
200 30 0.241 394.153 1.5177e-06
200 30 0.251 379.931 1.4947e-06
200 30 0.261 365.72 1.4896e-06
200 30 0.271 339.579 1.44e-06
200 30 0.281 321.244 1.4146e-06
200 30 0.291 306.304 1.4043e-06
200 30 0.301 296.168 1.3878e-06
200 30 0.311 279.566 1.3705e-06
200 30 0.321 261.732 1.351e-06
200 30 0.331 260.6 1.3557e-06
200 30 0.341 249.092 1.3495e-06
200 30 0.351 241.172 1.3398e-06
200 30 0.361 232.715 1.328e-06
200 30 0.371 226.231 1.3209e-06
200 30 0.381 214.726 1.3098e-06
200 30 0.391 208.983 1.3053e-06
200 30 0.401 200.7 1.0823e-06
200 30 0.411 196.023 1.1367e-06
200 30 0.421 193.761 1.2717e-06
200 30 0.431 180.09 1.26e-06
200 30 0.441 176.845 1.2644e-06
200 30 0.451 169.081 1.2601e-06
200 30 0.461 165.79 1.2702e-06
200 30 0.471 164.685 1.2617e-06
200 30 0.481 158.489 1.2718e-06
200 30 0.491 159.416 1.2848e-06
200 30 0.501 147.159 1.2658e-06
200 30 0.511 153.509 1.2877e-06
200 30 0.521 143.475 1.2824e-06
200 30 0.531 138.705 1.2678e-06
200 30 0.541 137.418 1.2796e-06
200 30 0.551 130.304 1.2732e-06
200 30 0.561 133.841 1.1756e-06
200 30 0.571 132.629 9.778e-07
200 30 0.581 126.903 1.2935e-06
200 30 0.591 123.888 1.2482e-06
200 30 0.601 120.873 1.3366e-06
200 30 0.611 119.237 1.3391e-06
200 30 0.621 115.953 1.3434e-06
200 30 0.631 110.946 1.361e-06
200 30 0.641 115.321 1.3802e-06
200 30 0.651 108.712 1.3727e-06
200 30 0.661 107.415 1.3583e-06
200 30 0.671 105.179 1.3628e-06
200 30 0.681 105.934 1.3396e-06
200 30 0.691 102.78 1.192e-06
200 30 0.701 100.437 1.2084e-06
200 30 0.711 100.945 1.2739e-06
200 30 0.721 98.6025 1.1251e-06
200 30 0.731 95.808 1.0019e-06
200 30 0.741 94.8038 1.2687e-06
200 30 0.751 95.6824 1.0939e-06
200 30 0.761 93.5701 1.2787e-06
200 30 0.771 91.7192 1.276e-06
200 30 0.781 90.0144 1.2675e-06
200 30 0.791 89.763 1.2797e-06
200 30 0.801 86.6711 1.0805e-06
200 30 0.811 87.2448 1.3036e-06
200 30 0.821 87.558 1.2167e-06
200 30 0.831 85.4844 1.0424e-06
200 30 0.841 83.8512 1.1434e-06
200 30 0.851 83.0704 1.0429e-06
200 30 0.861 82.8563 1.0976e-06
200 30 0.871 80.437 1.1134e-06
200 30 0.881 79.6078 1.0571e-06
200 30 0.891 78.908 1.1158e-06
200 30 0.901 78.4042 1.3314e-06
200 30 0.911 78.026 1.3406e-06
200 30 0.921 76.9799 1.3384e-06
200 30 0.931 75.0533 1.3121e-06
200 30 0.941 74.5789 1.3012e-06
200 30 0.951 74.4953 1.0908e-06
200 30 0.961 73.507 1.2122e-06
200 30 0.971 73.4802 1.3371e-06
200 30 0.981 71.7192 1.3316e-06
200 30 0.991 72.0838 1.3466e-06
200 30 1.001 70.1386 1.3258e-06
200 30 1.011 70.5326 1.3225e-06
200 30 1.021 68.9626 1.3333e-06
200 30 1.031 69.2849 1.3372e-06
200 30 1.041 68.8127 1.354e-06
200 30 1.051 68.3096 1.3603e-06
200 30 1.061 67.3713 1.3582e-06
200 30 1.071 67.023 1.3557e-06
200 30 1.081 67.3537 1.3683e-06
200 30 1.091 66.5772 1.3632e-06
200 30 1.101 65.1532 1.3525e-06
200 30 1.111 65.537 1.3605e-06
200 30 1.121 64.8537 1.3648e-06
200 30 1.131 65.8922 1.3705e-06
200 30 1.141 65.5794 1.3707e-06
200 30 1.151 65.4161 1.3711e-06
200 30 1.161 64.5178 1.3688e-06
200 30 1.171 65.0658 1.3745e-06
200 30 1.181 64.4703 1.3766e-06
200 30 1.191 63.9274 1.3752e-06
200 30 1.201 64.1317 1.3803e-06
200 30 1.211 64.2447 1.3763e-06
200 30 1.221 64.9815 1.4104e-06
200 30 1.231 65.1258 1.3738e-06
200 30 1.241 64.364 1.3292e-06
200 30 1.251 64.2623 1.5018e-06
200 30 1.261 64.3804 1.4758e-06
200 30 1.271 63.3684 1.4651e-06
200 30 1.281 64.0989 1.4515e-06
200 30 1.291 64.1523 1.2547e-06
200 30 1.301 63.8434 1.3245e-06
200 30 1.311 63.5346 1.3706e-06
200 30 1.321 64.112 1.3186e-06
200 30 1.331 63.758 1.165e-06
200 30 1.341 64.0642 1.1614e-06
200 30 1.351 63.872 1.1734e-06
200 30 1.361 63.8857 1.3093e-06
200 30 1.371 63.6044 1.2804e-06
200 30 1.381 63.3886 1.4217e-06
200 30 1.391 64.3275 1.5066e-06
200 30 1.401 64.188 1.5056e-06
200 30 1.411 63.9921 1.2722e-06
200 30 1.421 63.8433 1.2172e-06
200 30 1.431 63.8092 1.4176e-06
200 30 1.441 64.1137 1.4094e-06
200 30 1.451 63.8598 1.4073e-06
200 30 1.461 64.2015 1.3298e-06
200 30 1.471 64.1953 1.3241e-06
200 30 1.481 64.2261 1.4122e-06
200 30 1.491 64.5609 1.418e-06
200 30 1.501 64.0701 1.4085e-06
200 30 1.511 64.3294 1.4081e-06
200 30 1.521 64.2945 1.4208e-06
200 30 1.531 64.1927 1.4142e-06
200 30 1.541 64.6418 1.3424e-06
200 30 1.551 64.2253 1.4195e-06
200 30 1.561 64.9562 1.4363e-06
200 30 1.571 65.2575 1.3444e-06
200 30 1.581 65.3653 1.212e-06
200 30 1.591 65.143 1.2096e-06
200 30 1.601 65.5566 1.2029e-06
200 30 1.611 65.7021 1.4381e-06
200 30 1.621 65.8997 1.4317e-06
200 30 1.631 66.8862 1.4033e-06
200 30 1.641 66.7637 1.2302e-06
200 30 1.651 66.9788 1.217e-06
200 30 1.661 67.5577 1.2355e-06
200 30 1.671 67.7602 1.2341e-06
200 30 1.681 68.0588 1.2889e-06
200 30 1.691 68.4567 1.3111e-06
200 30 1.701 68.7029 1.272e-06
200 30 1.711 69.2185 1.2896e-06
200 30 1.721 69.2325 1.2448e-06
200 30 1.731 69.692 1.3351e-06
200 30 1.741 70.2646 1.4961e-06
200 30 1.751 70.5739 1.4091e-06
200 30 1.761 70.8143 1.5047e-06
200 30 1.771 71.2503 1.3678e-06
200 30 1.781 71.3678 1.5529e-06
200 30 1.791 72.0755 1.5372e-06
200 30 1.801 72.4885 1.5364e-06
200 30 1.811 72.8276 1.554e-06
200 30 1.821 73.3727 1.5645e-06
200 30 1.831 73.4312 1.5612e-06
200 30 1.841 74.1196 1.5639e-06
200 30 1.851 74.1923 1.5588e-06
200 30 1.861 74.3581 1.5502e-06
200 30 1.871 74.6646 1.5732e-06
200 30 1.881 75.1102 1.5769e-06
200 30 1.891 75.8283 1.4116e-06
200 30 1.901 75.932 1.4356e-06
200 30 1.911 76.6325 1.3077e-06
200 30 1.921 76.7761 1.5234e-06
200 30 1.931 76.8787 1.5535e-06
200 30 1.941 77.6357 1.5489e-06
200 30 1.951 77.8248 1.5587e-06
200 30 1.961 78.134 1.5623e-06
200 30 1.971 78.6263 1.4236e-06
200 30 1.981 78.8281 1.5639e-06
200 30 1.991 78.9257 1.5586e-06
200 40 0.001 1625.42 3.3779e-06
200 40 0.011 1546.6 3.2468e-06
200 40 0.021 1476.96 3.1259e-06
200 40 0.031 1421.97 3.0391e-06
200 40 0.041 1313.9 2.8684e-06
200 40 0.051 1221.26 2.7423e-06
200 40 0.061 1164.08 2.666e-06
200 40 0.071 1107.36 2.5697e-06
200 40 0.081 1018.46 2.4472e-06
200 40 0.091 954.14 2.3235e-06
200 40 0.101 897.162 1.8388e-06
200 40 0.111 856.872 2.1684e-06
200 40 0.121 790.013 2.1523e-06
200 40 0.131 741.4 2.073e-06
200 40 0.141 679.435 1.9214e-06
200 40 0.151 659.155 1.8993e-06
200 40 0.161 586.091 1.7106e-06
200 40 0.171 568.783 1.2231e-06
200 40 0.181 509.702 1.1641e-06
200 40 0.191 497.786 1.1486e-06
200 40 0.201 467.508 1.2248e-06
200 40 0.211 449.883 1.1437e-06
200 40 0.221 421.451 1.472e-06
200 40 0.231 390.665 1.5459e-06
200 40 0.241 357.798 1.483e-06
200 40 0.251 361.821 1.4942e-06
200 40 0.261 342.969 1.4691e-06
200 40 0.271 313.967 1.4591e-06
200 40 0.281 308.204 1.439e-06
200 40 0.291 298.948 1.3979e-06
200 40 0.301 274.608 1.2933e-06
200 40 0.311 272.723 1.5515e-06
200 40 0.321 259.342 3.212e-06
200 40 0.331 246.578 2.4441e-06
200 40 0.341 237.911 1.6608e-06
200 40 0.351 227.356 1.3867e-06
200 40 0.361 225.444 1.3692e-06
200 40 0.371 214.436 1.5804e-06
200 40 0.381 196.719 1.3459e-06
200 40 0.391 202.018 1.167e-06
200 40 0.401 193.047 1.3461e-06
200 40 0.411 191.371 1.3792e-06
200 40 0.421 178.012 1.1917e-06
200 40 0.431 179.633 1.1535e-06
200 40 0.441 170.918 9.949e-07
200 40 0.451 170.036 1.3153e-06
200 40 0.461 162.615 9.848e-07
200 40 0.471 163.44 1.2383e-06
200 40 0.481 154.044 1.378e-06
200 40 0.491 149.952 1.3524e-06
200 40 0.501 149.659 1.3253e-06
200 40 0.511 144.19 1.3202e-06
200 40 0.521 145.197 9.776e-07
200 40 0.531 142.517 9.955e-07
200 40 0.541 134.481 1.3026e-06
200 40 0.551 135.084 1.2101e-06
200 40 0.561 130.845 1.2673e-06
200 40 0.571 128.393 1.3303e-06
200 40 0.581 129.207 1.3588e-06
200 40 0.591 122.433 1.3478e-06
200 40 0.601 125.66 1.3449e-06
200 40 0.611 119.531 1.3414e-06
200 40 0.621 119.231 1.3455e-06
200 40 0.631 120.732 1.373e-06
200 40 0.641 115.254 1.3795e-06
200 40 0.651 114.779 1.3872e-06
200 40 0.661 111.872 1.3883e-06
200 40 0.671 109.788 1.3839e-06
200 40 0.681 109.272 1.3666e-06
200 40 0.691 107.603 1.1467e-06
200 40 0.701 106.173 1.0594e-06
200 40 0.711 103.105 1.0676e-06
200 40 0.721 101.565 1.0924e-06
200 40 0.731 100.916 1.0858e-06
200 40 0.741 99.7914 1.1093e-06
200 40 0.751 98.7491 1.2668e-06
200 40 0.761 97.5605 1.2338e-06
200 40 0.771 97.0494 1.3392e-06
200 40 0.781 96.7005 1.3561e-06
200 40 0.791 94.3008 1.3452e-06
200 40 0.801 91.2154 1.3384e-06
200 40 0.811 92.8758 1.3404e-06
200 40 0.821 92.0727 1.2237e-06
200 40 0.831 90.9594 1.1029e-06
200 40 0.841 88.3142 1.3678e-06
200 40 0.851 86.8229 1.3703e-06
200 40 0.861 87.8762 1.3827e-06
200 40 0.871 85.6986 1.3811e-06
200 40 0.881 86.857 1.3469e-06
200 40 0.891 84.8638 1.0992e-06
200 40 0.901 83.7 1.1365e-06
200 40 0.911 83.1094 1.2682e-06
200 40 0.921 81.8611 1.3597e-06
200 40 0.931 82.3425 1.366e-06
200 40 0.941 81.3968 1.372e-06
200 40 0.951 81.3299 1.3687e-06
200 40 0.961 78.9292 1.3716e-06
200 40 0.971 79.0298 1.337e-06
200 40 0.981 78.5494 1.1932e-06
200 40 0.991 77.3656 1.4316e-06
200 40 1.001 76.0212 1.446e-06
200 40 1.011 75.089 1.4366e-06
200 40 1.021 75.8128 1.4324e-06
200 40 1.031 74.7477 1.3928e-06
200 40 1.041 73.6102 1.3926e-06
200 40 1.051 74.4383 1.4363e-06
200 40 1.061 73.0784 1.4174e-06
200 40 1.071 73.1924 1.1794e-06
200 40 1.081 72.7562 1.1467e-06
200 40 1.091 73.0297 1.165e-06
200 40 1.101 73.2452 1.2934e-06
200 40 1.111 72.5154 1.4376e-06
200 40 1.121 71.9684 1.435e-06
200 40 1.131 72.7598 1.4567e-06
200 40 1.141 71.481 1.4401e-06
200 40 1.151 71.9895 1.4459e-06
200 40 1.161 71.1814 1.4555e-06
200 40 1.171 71.251 1.4087e-06
200 40 1.181 71.6647 1.1747e-06
200 40 1.191 71.4812 1.1771e-06
200 40 1.201 70.9611 1.2115e-06
200 40 1.211 71.3145 1.1992e-06
200 40 1.221 71.6497 1.1944e-06
200 40 1.231 71.8179 1.2438e-06
200 40 1.241 70.9312 1.2067e-06
200 40 1.251 71.432 1.1923e-06
200 40 1.261 70.9998 1.2823e-06
200 40 1.271 71.6282 1.4382e-06
200 40 1.281 71.2925 1.447e-06
200 40 1.291 70.933 1.4479e-06
200 40 1.301 70.978 1.4507e-06
200 40 1.311 71.3019 1.4286e-06
200 40 1.321 71.2302 1.4677e-06
200 40 1.331 71.1712 1.4696e-06
200 40 1.341 71.1131 1.4665e-06
200 40 1.351 71.4513 1.4744e-06
200 40 1.361 71.1463 1.422e-06
200 40 1.371 71.566 1.2433e-06
200 40 1.381 71.2905 1.2894e-06
200 40 1.391 71.584 1.3286e-06
200 40 1.401 71.5637 1.2213e-06
200 40 1.411 71.3664 1.4173e-06
200 40 1.421 71.4738 1.2378e-06
200 40 1.431 71.5527 1.2321e-06
200 40 1.441 71.5033 1.2179e-06
200 40 1.451 71.7759 1.226e-06
200 40 1.461 71.5372 1.244e-06
200 40 1.471 72.1089 1.2295e-06
200 40 1.481 71.9117 1.2317e-06
200 40 1.491 72.1994 1.2402e-06
200 40 1.501 72.2697 1.4352e-06
200 40 1.511 72.0662 1.4945e-06
200 40 1.521 72.1321 1.4917e-06
200 40 1.531 72.1974 1.4266e-06
200 40 1.541 72.52 1.5437e-06
200 40 1.551 72.6457 1.5178e-06
200 40 1.561 72.5115 1.5212e-06
200 40 1.571 73.0013 1.3986e-06
200 40 1.581 73.2269 1.2486e-06
200 40 1.591 73.4806 1.2488e-06
200 40 1.601 73.5852 1.2474e-06
200 40 1.611 73.7902 1.2583e-06
200 40 1.621 74.266 1.5139e-06
200 40 1.631 74.8285 1.539e-06
200 40 1.641 74.9752 1.456e-06
200 40 1.651 75.3635 1.3942e-06
200 40 1.661 75.522 1.3353e-06
200 40 1.671 76.4986 1.4572e-06
200 40 1.681 76.6288 1.5724e-06
200 40 1.691 76.3684 1.5356e-06
200 40 1.701 77.115 1.5455e-06
200 40 1.711 77.828 1.5348e-06
200 40 1.721 78.0745 1.5245e-06
200 40 1.731 78.5164 1.5613e-06
200 40 1.741 78.6303 1.5611e-06
200 40 1.751 79.0641 1.569e-06
200 40 1.761 79.705 1.5772e-06
200 40 1.771 79.8011 1.5696e-06
200 40 1.781 79.9877 1.5639e-06
200 40 1.791 80.6317 1.5578e-06
200 40 1.801 80.9916 1.5601e-06
200 40 1.811 81.1766 1.5793e-06
200 40 1.821 81.3773 1.5843e-06
200 40 1.831 82.314 1.5937e-06
200 40 1.841 82.6979 1.4928e-06
200 40 1.851 82.9783 1.5999e-06
200 40 1.861 83.0398 1.5894e-06
200 40 1.871 83.3495 1.5967e-06
200 40 1.881 84.0301 1.6025e-06
200 40 1.891 84.5444 1.6122e-06
200 40 1.901 84.5497 1.6073e-06
200 40 1.911 84.7822 1.6023e-06
200 40 1.921 85.303 1.6098e-06
200 40 1.931 85.5964 1.6127e-06
200 40 1.941 86.0376 1.6168e-06
200 40 1.951 86.4632 1.621e-06
200 40 1.961 86.4918 1.6077e-06
200 40 1.971 87.065 1.5875e-06
200 40 1.981 87.2681 1.6023e-06
200 40 1.991 87.7837 1.5924e-06
300 10 0.001 773.182 2.0623e-06
300 10 0.011 750.632 1.8666e-06
300 10 0.021 749.414 1.2973e-06
300 10 0.031 702.028 1.2538e-06
300 10 0.041 725.946 1.2852e-06
300 10 0.051 707.796 1.5509e-06
300 10 0.061 702.537 1.9545e-06
300 10 0.071 688.786 1.6378e-06
300 10 0.081 642.189 1.8614e-06
300 10 0.091 664.024 1.6993e-06
300 10 0.101 657.247 1.2855e-06
300 10 0.111 631.424 1.261e-06
300 10 0.121 626.341 1.4244e-06
300 10 0.131 611.335 1.9113e-06
300 10 0.141 592.012 1.8857e-06
300 10 0.151 576.471 1.6798e-06
300 10 0.161 577.764 1.821e-06
300 10 0.171 571.786 1.8253e-06
300 10 0.181 546.008 1.5161e-06
300 10 0.191 546.904 1.7138e-06
300 10 0.201 516.576 1.6123e-06
300 10 0.211 513.911 1.197e-06
300 10 0.221 502.858 1.5052e-06
300 10 0.231 485.425 1.7051e-06
300 10 0.241 477.712 1.6961e-06
300 10 0.251 469.42 1.6917e-06
300 10 0.261 460.504 1.6857e-06
300 10 0.271 453.346 1.6777e-06
300 10 0.281 439.831 1.6486e-06
300 10 0.291 425.552 1.644e-06
300 10 0.301 414.323 1.6286e-06
300 10 0.311 402.878 1.6111e-06
300 10 0.321 393.438 1.6038e-06
300 10 0.331 394.446 1.6116e-06
300 10 0.341 378.292 1.586e-06
300 10 0.351 378.706 1.5896e-06
300 10 0.361 358.417 1.5426e-06
300 10 0.371 357.991 1.6095e-06
300 10 0.381 340.668 1.5756e-06
300 10 0.391 336.763 1.2734e-06
300 10 0.401 320.432 1.1729e-06
300 10 0.411 323.496 1.2588e-06
300 10 0.421 318.074 1.1573e-06
300 10 0.431 297.469 1.1345e-06
300 10 0.441 297.514 1.1287e-06
300 10 0.451 294.969 1.1319e-06
300 10 0.461 293.044 1.1599e-06
300 10 0.471 274.028 1.1632e-06
300 10 0.481 267.286 1.1304e-06
300 10 0.491 267.495 1.3485e-06
300 10 0.501 266.398 1.5527e-06
300 10 0.511 253.796 1.5392e-06
300 10 0.521 241.461 1.5105e-06
300 10 0.531 241.78 1.5249e-06
300 10 0.541 235.857 1.3905e-06
300 10 0.551 227.154 1.2361e-06
300 10 0.561 228.016 1.2007e-06
300 10 0.571 218.434 1.1306e-06
300 10 0.581 213.816 1.1308e-06
300 10 0.591 212.413 1.5337e-06
300 10 0.601 208.558 1.5786e-06
300 10 0.611 198.133 1.54e-06
300 10 0.621 197.719 1.1869e-06
300 10 0.631 192.85 1.3224e-06
300 10 0.641 185.68 1.1742e-06
300 10 0.651 185.303 1.1991e-06
300 10 0.661 178.882 1.5045e-06
300 10 0.671 177.832 1.534e-06
300 10 0.681 170.307 1.495e-06
300 10 0.691 167.521 1.5073e-06
300 10 0.701 161.394 1.5072e-06
300 10 0.711 162.171 1.5183e-06
300 10 0.721 159.304 1.5047e-06
300 10 0.731 156.103 1.5214e-06
300 10 0.741 151.959 1.5256e-06
300 10 0.751 147.284 1.5087e-06
300 10 0.761 148.495 1.518e-06
300 10 0.771 142.784 1.5184e-06
300 10 0.781 136.515 1.5097e-06
300 10 0.791 140.127 1.5263e-06
300 10 0.801 134.317 1.5272e-06
300 10 0.811 130.497 1.5227e-06
300 10 0.821 132.181 1.5443e-06
300 10 0.831 131.734 1.5541e-06
300 10 0.841 130.843 1.5571e-06
300 10 0.851 127.608 1.5513e-06
300 10 0.861 120.379 1.5278e-06
300 10 0.871 119.589 1.5273e-06
300 10 0.881 119.64 1.535e-06
300 10 0.891 115.226 1.5356e-06
300 10 0.901 116.66 1.3461e-06
300 10 0.911 113.429 1.246e-06
300 10 0.921 111.412 1.3925e-06
300 10 0.931 109.603 1.5381e-06
300 10 0.941 108.78 1.4432e-06
300 10 0.951 107.77 1.3593e-06
300 10 0.961 107.306 1.575e-06
300 10 0.971 104.481 1.5754e-06
300 10 0.981 104.024 1.587e-06
300 10 0.991 101.626 1.5706e-06
300 10 1.001 98.7519 1.3341e-06
300 10 1.011 99.466 1.4322e-06
300 10 1.021 95.6854 1.5308e-06
300 10 1.031 96.1922 1.5492e-06
300 10 1.041 93.8414 1.5565e-06
300 10 1.051 93.5697 1.5629e-06
300 10 1.061 92.4329 1.5339e-06
300 10 1.071 92.1861 1.3545e-06
300 10 1.081 91.0603 1.5282e-06
300 10 1.091 90.7546 1.6076e-06
300 10 1.101 90.9298 1.6184e-06
300 10 1.111 90.3717 1.6004e-06
300 10 1.121 87.9657 1.5903e-06
300 10 1.131 87.2809 1.6181e-06
300 10 1.141 87.8409 1.6258e-06
300 10 1.151 87.9184 1.6281e-06
300 10 1.161 88.7944 1.6287e-06
300 10 1.171 87.3957 1.5273e-06
300 10 1.181 86.1987 1.6758e-06
300 10 1.191 85.7928 1.6527e-06
300 10 1.201 86.2363 1.6584e-06
300 10 1.211 86.1233 1.4123e-06
300 10 1.221 85.2358 1.555e-06
300 10 1.231 84.1026 1.663e-06
300 10 1.241 84.8789 1.5714e-06
300 10 1.251 84.5064 1.5528e-06
300 10 1.261 83.5485 1.5098e-06
300 10 1.271 83.7514 1.6283e-06
300 10 1.281 83.7309 1.4361e-06
300 10 1.291 83.0767 1.3966e-06
300 10 1.301 83.1247 1.6805e-06
300 10 1.311 82.975 1.6893e-06
300 10 1.321 83.5489 1.6506e-06
300 10 1.331 83.5823 1.568e-06
300 10 1.341 81.4085 1.4457e-06
300 10 1.351 82.3947 1.4687e-06
300 10 1.361 82.4611 1.6407e-06
300 10 1.371 81.4115 1.6654e-06
300 10 1.381 82.4149 1.6772e-06
300 10 1.391 82.3739 1.7002e-06
300 10 1.401 81.6593 1.6807e-06
300 10 1.411 81.1069 1.6813e-06
300 10 1.421 81.5153 1.4745e-06
300 10 1.431 81.9684 1.6554e-06
300 10 1.441 81.8965 1.7066e-06
300 10 1.451 81.5903 1.6899e-06
300 10 1.461 81.1444 1.7052e-06
300 10 1.471 81.3695 1.7128e-06
300 10 1.481 80.5488 1.7009e-06
300 10 1.491 81.2315 1.7093e-06
300 10 1.501 80.4374 1.7042e-06
300 10 1.511 80.9142 1.7035e-06
300 10 1.521 80.789 1.7141e-06
300 10 1.531 80.6825 1.7298e-06
300 10 1.541 80.9493 1.6926e-06
300 10 1.551 81.0007 1.717e-06
300 10 1.561 80.902 1.6659e-06
300 10 1.571 81.0084 1.8435e-06
300 10 1.581 81.3714 1.8586e-06
300 10 1.591 80.8387 1.8402e-06
300 10 1.601 81.1685 1.7968e-06
300 10 1.611 81.5827 1.6864e-06
300 10 1.621 81.2172 1.7534e-06
300 10 1.631 81.4173 1.5548e-06
300 10 1.641 81.4268 1.7521e-06
300 10 1.651 82.3033 1.7681e-06
300 10 1.661 81.9235 1.5486e-06
300 10 1.671 82.1328 1.4995e-06
300 10 1.681 81.8662 1.7972e-06
300 10 1.691 83.078 1.8762e-06
300 10 1.701 83.1888 1.8775e-06
300 10 1.711 83.2088 1.8807e-06
300 10 1.721 83.6591 1.5488e-06
300 10 1.731 83.249 1.5195e-06
300 10 1.741 83.7904 1.5252e-06
300 10 1.751 83.8372 1.5258e-06
300 10 1.761 84.3668 1.6788e-06
300 10 1.771 84.2896 1.7906e-06
300 10 1.781 84.9774 1.7849e-06
300 10 1.791 84.9117 1.8011e-06
300 10 1.801 85.1714 1.7845e-06
300 10 1.811 85.4921 1.7808e-06
300 10 1.821 85.4581 1.7779e-06
300 10 1.831 86.1432 1.7993e-06
300 10 1.841 86.3461 1.8433e-06
300 10 1.851 87.038 1.8578e-06
300 10 1.861 86.7316 1.6737e-06
300 10 1.871 86.7613 1.7107e-06
300 10 1.881 87.4762 1.827e-06
300 10 1.891 87.7846 1.8409e-06
300 10 1.901 88.4953 1.8417e-06
300 10 1.911 88.1719 1.8396e-06
300 10 1.921 88.5329 1.8392e-06
300 10 1.931 88.4573 1.8145e-06
300 10 1.941 89.1916 1.85e-06
300 10 1.951 89.8536 1.8594e-06
300 10 1.961 90.315 1.8551e-06
300 10 1.971 90.7583 1.873e-06
300 10 1.981 90.5662 1.8615e-06
300 10 1.991 91.299 1.8671e-06
300 20 0.001 1399.31 2.9618e-06
300 20 0.011 1385.97 2.0726e-06
300 20 0.021 1388.3 1.7124e-06
300 20 0.031 1288.28 1.6539e-06
300 20 0.041 1280.48 2.6739e-06
300 20 0.051 1203.95 2.663e-06
300 20 0.061 1194.18 2.6691e-06
300 20 0.071 1136.69 2.581e-06
300 20 0.081 1069.01 2.4943e-06
300 20 0.091 1074.86 2.5056e-06
300 20 0.101 1046.87 2.4435e-06
300 20 0.111 960.794 2.33e-06
300 20 0.121 1009.31 2.406e-06
300 20 0.131 937.956 2.3169e-06
300 20 0.141 863.46 2.2085e-06
300 20 0.151 859.665 1.3811e-06
300 20 0.161 829.664 1.3838e-06
300 20 0.171 794.503 1.856e-06
300 20 0.181 753.909 2.1121e-06
300 20 0.191 718.476 2.0463e-06
300 20 0.201 703.15 2.0131e-06
300 20 0.211 678.503 1.9787e-06
300 20 0.221 637.033 1.9252e-06
300 20 0.231 639.012 1.9437e-06
300 20 0.241 607.483 1.8994e-06
300 20 0.251 586.678 1.8487e-06
300 20 0.261 548.279 1.2321e-06
300 20 0.271 537.159 1.3506e-06
300 20 0.281 510.242 1.1948e-06
300 20 0.291 494.426 1.1896e-06
300 20 0.301 464.91 1.1713e-06
300 20 0.311 450.258 1.1589e-06
300 20 0.321 435.436 1.6849e-06
300 20 0.331 437.257 1.7195e-06
300 20 0.341 408.724 1.6893e-06
300 20 0.351 391.562 1.6566e-06
300 20 0.361 392.745 1.184e-06
300 20 0.371 369.066 1.5692e-06
300 20 0.381 363.308 1.6994e-06
300 20 0.391 335.342 1.1586e-06
300 20 0.401 324.677 1.5029e-06
300 20 0.411 315.951 1.4964e-06
300 20 0.421 298.565 1.1226e-06
300 20 0.431 295.305 1.1207e-06
300 20 0.441 281.841 1.1206e-06
300 20 0.451 274.485 1.3289e-06
300 20 0.461 280.443 1.5591e-06
300 20 0.471 253.791 1.5133e-06
300 20 0.481 250.193 1.5162e-06
300 20 0.491 251.11 1.5309e-06
300 20 0.501 233.086 1.4987e-06
300 20 0.511 227.548 1.5033e-06
300 20 0.521 222.225 1.497e-06
300 20 0.531 218.965 1.3332e-06
300 20 0.541 206.561 1.1739e-06
300 20 0.551 205.691 1.4988e-06
300 20 0.561 199.518 1.4276e-06
300 20 0.571 190.953 1.0878e-06
300 20 0.581 193.168 1.1202e-06
300 20 0.591 184.94 1.1512e-06
300 20 0.601 180.12 1.4545e-06
300 20 0.611 179.131 1.4714e-06
300 20 0.621 168.335 1.4263e-06
300 20 0.631 168.963 1.4529e-06
300 20 0.641 163.753 1.4479e-06
300 20 0.651 162.442 1.4588e-06
300 20 0.661 152.818 1.4288e-06
300 20 0.671 156.271 1.4514e-06
300 20 0.681 151.269 1.441e-06
300 20 0.691 149.28 1.4396e-06
300 20 0.701 145.529 1.4342e-06
300 20 0.711 144.13 1.4311e-06
300 20 0.721 139.508 1.4382e-06
300 20 0.731 134.807 1.4524e-06
300 20 0.741 137.639 1.4756e-06
300 20 0.751 132.958 1.4611e-06
300 20 0.761 129.05 1.4641e-06
300 20 0.771 127.415 1.4655e-06
300 20 0.781 126.782 1.4685e-06
300 20 0.791 124.114 1.4675e-06
300 20 0.801 123.02 1.4729e-06
300 20 0.811 115.146 1.456e-06
300 20 0.821 118.051 1.4666e-06
300 20 0.831 115.442 1.3507e-06
300 20 0.841 113.507 1.488e-06
300 20 0.851 111.106 1.4878e-06
300 20 0.861 111.186 1.4853e-06
300 20 0.871 108.557 1.4863e-06
300 20 0.881 107.089 1.4832e-06
300 20 0.891 105.624 1.4947e-06
300 20 0.901 106.974 1.5192e-06
300 20 0.911 101.441 1.5037e-06
300 20 0.921 103.254 1.5175e-06
300 20 0.931 99.8901 1.5046e-06
300 20 0.941 101.212 1.5284e-06
300 20 0.951 96.4015 1.4909e-06
300 20 0.961 98.0794 1.4553e-06
300 20 0.971 95.7863 1.3182e-06
300 20 0.981 93.7614 1.375e-06
300 20 0.991 93.5628 1.4416e-06
300 20 1.001 92.1172 1.316e-06
300 20 1.011 89.5085 1.4015e-06
300 20 1.021 91.0508 1.5606e-06
300 20 1.031 89.0315 1.5637e-06
300 20 1.041 87.8711 1.5503e-06
300 20 1.051 87.9304 1.5689e-06
300 20 1.061 86.4767 1.5455e-06
300 20 1.071 85.4307 1.5332e-06
300 20 1.081 83.9114 1.5299e-06
300 20 1.091 84.9284 1.5405e-06
300 20 1.101 83.7639 1.5469e-06
300 20 1.111 83.3037 1.5476e-06
300 20 1.121 82.9143 1.5818e-06
300 20 1.131 83.3969 1.5818e-06
300 20 1.141 82.5889 1.5883e-06
300 20 1.151 81.2618 1.5862e-06
300 20 1.161 80.6784 1.6009e-06
300 20 1.171 81.0089 1.6152e-06
300 20 1.181 80.708 1.6311e-06
300 20 1.191 80.8597 1.6283e-06
300 20 1.201 79.7675 1.6095e-06
300 20 1.211 79.2441 1.6165e-06
300 20 1.221 80.3571 1.6139e-06
300 20 1.231 79.1973 1.5737e-06
300 20 1.241 79.5226 1.3267e-06
300 20 1.251 80.3746 1.3431e-06
300 20 1.261 78.8172 1.3292e-06
300 20 1.271 80.3247 1.3416e-06
300 20 1.281 78.1747 1.3345e-06
300 20 1.291 78.9726 1.3445e-06
300 20 1.301 78.9101 1.3764e-06
300 20 1.311 78.8419 1.4647e-06
300 20 1.321 77.8792 1.5796e-06
300 20 1.331 78.209 1.6105e-06
300 20 1.341 78.4524 1.6165e-06
300 20 1.351 79.1739 1.6059e-06
300 20 1.361 78.4508 1.6083e-06
300 20 1.371 78.2872 1.633e-06
300 20 1.381 78.4895 1.6277e-06
300 20 1.391 78.2562 1.6271e-06
300 20 1.401 78.4537 1.6259e-06
300 20 1.411 78.4203 1.6387e-06
300 20 1.421 78.3033 1.629e-06
300 20 1.431 77.8356 1.6302e-06
300 20 1.441 78.0094 1.6381e-06
300 20 1.451 78.5284 1.669e-06
300 20 1.461 78.0748 1.6026e-06
300 20 1.471 78.373 1.6345e-06
300 20 1.481 78.7746 1.4076e-06
300 20 1.491 78.1675 1.3952e-06
300 20 1.501 78.4563 1.413e-06
300 20 1.511 79.4662 1.5734e-06
300 20 1.521 78.1758 1.6791e-06
300 20 1.531 78.4664 1.6789e-06
300 20 1.541 79.0104 1.5676e-06
300 20 1.551 78.8829 1.4104e-06
300 20 1.561 78.8497 1.5534e-06
300 20 1.571 78.6843 1.7096e-06
300 20 1.581 79.1098 1.7103e-06
300 20 1.591 78.839 1.714e-06
300 20 1.601 79.8853 1.6252e-06
300 20 1.611 79.67 1.5596e-06
300 20 1.621 79.8764 1.4296e-06
300 20 1.631 80.7171 1.5714e-06
300 20 1.641 81.0741 1.5256e-06
300 20 1.651 81.0703 1.679e-06
300 20 1.661 81.6091 1.5773e-06
300 20 1.671 82.0314 1.5085e-06
300 20 1.681 83.0081 1.731e-06
300 20 1.691 83.2622 1.7293e-06
300 20 1.701 83.5596 1.738e-06
300 20 1.711 83.4793 1.7294e-06
300 20 1.721 84.1441 1.7335e-06
300 20 1.731 84.5523 1.7555e-06
300 20 1.741 85.3857 1.7615e-06
300 20 1.751 85.2839 1.7412e-06
300 20 1.761 86.4398 1.5058e-06
300 20 1.771 86.2002 1.7537e-06
300 20 1.781 86.7087 1.7845e-06
300 20 1.791 87.2542 1.8019e-06
300 20 1.801 87.9155 1.7954e-06
300 20 1.811 88.3149 1.808e-06
300 20 1.821 88.7865 1.7883e-06
300 20 1.831 89.5387 1.8174e-06
300 20 1.841 90.1837 1.8335e-06
300 20 1.851 90.353 1.8332e-06
300 20 1.861 91.3499 1.7416e-06
300 20 1.871 91.1687 1.5527e-06
300 20 1.881 92.4734 1.6431e-06
300 20 1.891 92.6975 1.835e-06
300 20 1.901 93.0493 1.6993e-06
300 20 1.911 93.97 1.7288e-06
300 20 1.921 93.8026 1.7941e-06
300 20 1.931 94.6268 1.5661e-06
300 20 1.941 95.0695 1.8043e-06
300 20 1.951 95.5518 1.598e-06
300 20 1.961 96.727 1.6135e-06
300 20 1.971 96.8292 1.6183e-06
300 20 1.981 97.0212 1.6262e-06
300 20 1.991 97.8017 1.5998e-06
300 30 0.001 2053.5 2.8388e-06
300 30 0.011 1972.25 2.6532e-06
300 30 0.021 1876.43 3.5506e-06
300 30 0.031 1811.1 3.4746e-06
300 30 0.041 1748.74 3.3948e-06
300 30 0.051 1709.42 3.3451e-06
300 30 0.061 1587.32 3.1721e-06
300 30 0.071 1461.12 3.0005e-06
300 30 0.081 1419.5 2.948e-06
300 30 0.091 1391.87 2.9199e-06
300 30 0.101 1259.12 2.7336e-06
300 30 0.111 1221.35 2.5519e-06
300 30 0.121 1166.47 2.5421e-06
300 30 0.131 1090.92 1.5554e-06
300 30 0.141 1049.55 1.5203e-06
300 30 0.151 987.839 2.1517e-06
300 30 0.161 925.51 2.3392e-06
300 30 0.171 908.346 2.0774e-06
300 30 0.181 823.23 1.5059e-06
300 30 0.191 756.602 2.0861e-06
300 30 0.201 764.607 2.0841e-06
300 30 0.211 694.813 1.9803e-06
300 30 0.221 671.975 1.9724e-06
300 30 0.231 637.84 1.9161e-06
300 30 0.241 613.517 1.8837e-06
300 30 0.251 561.562 1.8332e-06
300 30 0.261 551.527 1.8369e-06
300 30 0.271 518.817 1.5726e-06
300 30 0.281 494.813 1.7609e-06
300 30 0.291 472.033 1.725e-06
300 30 0.301 459.805 1.7147e-06
300 30 0.311 431.082 1.6752e-06
300 30 0.321 411.937 1.6594e-06
300 30 0.331 409.57 1.657e-06
300 30 0.341 371.68 1.5416e-06
300 30 0.351 361.3 1.2014e-06
300 30 0.361 354.001 1.2366e-06
300 30 0.371 342.994 1.6166e-06
300 30 0.381 323.032 1.5842e-06
300 30 0.391 319.799 1.5899e-06
300 30 0.401 298.341 1.5566e-06
300 30 0.411 291.841 1.5495e-06
300 30 0.421 284.157 1.5465e-06
300 30 0.431 275.188 1.5567e-06
300 30 0.441 257.284 1.5349e-06
300 30 0.451 257.535 1.1671e-06
300 30 0.461 243.099 1.2819e-06
300 30 0.471 241.747 1.5279e-06
300 30 0.481 236.035 1.5195e-06
300 30 0.491 220.403 1.4867e-06
300 30 0.501 220.27 1.341e-06
300 30 0.511 218.362 1.2304e-06
300 30 0.521 207.454 1.1456e-06
300 30 0.531 200.575 1.1394e-06
300 30 0.541 199.683 1.1547e-06
300 30 0.551 193.86 1.1483e-06
300 30 0.561 192.107 1.2507e-06
300 30 0.571 189.995 1.368e-06
300 30 0.581 183.647 1.4539e-06
300 30 0.591 171.87 1.1122e-06
300 30 0.601 173.32 1.1223e-06
300 30 0.611 172.64 1.1801e-06
300 30 0.621 164.566 1.4744e-06
300 30 0.631 161.544 1.4837e-06
300 30 0.641 162.272 1.4881e-06
300 30 0.651 153.86 1.4708e-06
300 30 0.661 150.831 1.4762e-06
300 30 0.671 152.341 1.5025e-06
300 30 0.681 148.854 1.4979e-06
300 30 0.691 146.624 1.3273e-06
300 30 0.701 144.795 1.4848e-06
300 30 0.711 141.44 1.4772e-06
300 30 0.721 140.245 1.4817e-06
300 30 0.731 138.398 1.49e-06
300 30 0.741 134.987 1.4887e-06
300 30 0.751 131.594 1.4958e-06
300 30 0.761 129.34 1.4863e-06
300 30 0.771 126.354 1.485e-06
300 30 0.781 126.397 1.3481e-06
300 30 0.791 122.7 1.1707e-06
300 30 0.801 123.437 1.1824e-06
300 30 0.811 121.113 1.4763e-06
300 30 0.821 117.096 1.5727e-06
300 30 0.831 119.439 1.5748e-06
300 30 0.841 117.236 1.5614e-06
300 30 0.851 112.907 1.5472e-06
300 30 0.861 110.552 1.557e-06
300 30 0.871 110.502 1.5762e-06
300 30 0.881 109.125 1.5893e-06
300 30 0.891 107.373 1.571e-06
300 30 0.901 104.924 1.5619e-06
300 30 0.911 105.396 1.5299e-06
300 30 0.921 105.509 1.4259e-06
300 30 0.931 101.67 1.273e-06
300 30 0.941 99.6195 1.3956e-06
300 30 0.951 101.691 1.5604e-06
300 30 0.961 98.1888 1.5355e-06
300 30 0.971 97.994 1.5463e-06
300 30 0.981 95.7453 1.553e-06
300 30 0.991 96.7104 1.6147e-06
300 30 1.001 95.3159 1.6285e-06
300 30 1.011 93.8259 1.6267e-06
300 30 1.021 92.5738 1.5743e-06
300 30 1.031 90.1028 1.2702e-06
300 30 1.041 89.8433 1.2753e-06
300 30 1.051 88.0259 1.3045e-06
300 30 1.061 88.3677 1.3567e-06
300 30 1.071 86.2186 1.3041e-06
300 30 1.081 87.8248 1.4176e-06
300 30 1.091 86.9788 1.5762e-06
300 30 1.101 86.3017 1.3766e-06
300 30 1.111 86.3189 1.3052e-06
300 30 1.121 85.6754 1.3139e-06
300 30 1.131 85.7884 1.319e-06
300 30 1.141 84.2627 1.3034e-06
300 30 1.151 84.2956 1.3104e-06
300 30 1.161 84.0822 1.3218e-06
300 30 1.171 85.3444 1.3314e-06
300 30 1.181 84.0964 1.4088e-06
300 30 1.191 83.4936 1.6074e-06
300 30 1.201 82.6579 1.5992e-06
300 30 1.211 84.3685 1.6351e-06
300 30 1.221 83.3228 1.6331e-06
300 30 1.231 83.8682 1.6364e-06
300 30 1.241 82.8779 1.4901e-06
300 30 1.251 83.6558 1.5933e-06
300 30 1.261 82.8138 1.6361e-06
300 30 1.271 83.7378 1.6323e-06
300 30 1.281 84.0868 1.6577e-06
300 30 1.291 81.9303 1.6302e-06
300 30 1.301 82.7126 1.647e-06
300 30 1.311 82.7073 1.6503e-06
300 30 1.321 82.5382 1.568e-06
300 30 1.331 82.2811 1.507e-06
300 30 1.341 83.0342 1.652e-06
300 30 1.351 82.6637 1.655e-06
300 30 1.361 82.5651 1.653e-06
300 30 1.371 82.7728 1.6545e-06
300 30 1.381 82.868 1.6624e-06
300 30 1.391 82.5262 1.6646e-06
300 30 1.401 82.3686 1.6691e-06
300 30 1.411 83.0876 1.6753e-06
300 30 1.421 83.4211 1.6926e-06
300 30 1.431 83.3335 1.69e-06
300 30 1.441 83.3732 1.6936e-06
300 30 1.451 83.8214 1.7354e-06
300 30 1.461 83.0666 1.6818e-06
300 30 1.471 82.9269 1.6929e-06
300 30 1.481 83.223 1.6978e-06
300 30 1.491 83.2963 1.6983e-06
300 30 1.501 83.3872 1.6963e-06
300 30 1.511 83.4732 1.6895e-06
300 30 1.521 83.4457 1.6916e-06
300 30 1.531 83.6582 1.7045e-06
300 30 1.541 84.2149 1.714e-06
300 30 1.551 83.7438 1.7158e-06
300 30 1.561 84.1616 1.7096e-06
300 30 1.571 84.0399 1.7292e-06
300 30 1.581 83.7241 1.7162e-06
300 30 1.591 84.467 1.7325e-06
300 30 1.601 85.0129 1.7316e-06
300 30 1.611 85.1243 1.7365e-06
300 30 1.621 85.3165 1.7421e-06
300 30 1.631 85.8897 1.7504e-06
300 30 1.641 86.4819 1.7777e-06
300 30 1.651 87.2249 1.7683e-06
300 30 1.661 87.1064 1.754e-06
300 30 1.671 88.0932 1.7542e-06
300 30 1.681 89.1695 1.6472e-06
300 30 1.691 89.144 1.7486e-06
300 30 1.701 89.8718 1.7552e-06
300 30 1.711 91.0762 1.7739e-06
300 30 1.721 90.8092 1.7001e-06
300 30 1.731 91.1738 1.6472e-06
300 30 1.741 92.2386 1.8094e-06
300 30 1.751 92.5527 1.818e-06
300 30 1.761 93.2166 1.817e-06
300 30 1.771 94.2491 1.8431e-06
300 30 1.781 94.6999 1.8454e-06
300 30 1.791 95.2653 1.8493e-06
300 30 1.801 95.5257 1.8493e-06
300 30 1.811 96.6635 1.8646e-06
300 30 1.821 96.8451 1.8659e-06
300 30 1.831 97.6323 1.8745e-06
300 30 1.841 98.0777 1.8867e-06
300 30 1.851 98.8052 1.8976e-06
300 30 1.861 98.8271 1.8904e-06
300 30 1.871 99.8936 1.9056e-06
300 30 1.881 100.152 1.7582e-06
300 30 1.891 101.139 1.9175e-06
300 30 1.901 101.57 1.9162e-06
300 30 1.911 101.941 1.9224e-06
300 30 1.921 102.112 1.9292e-06
300 30 1.931 103.054 1.9419e-06
300 30 1.941 103.64 1.9366e-06
300 30 1.951 104.419 1.9484e-06
300 30 1.961 104.611 1.9133e-06
300 30 1.971 105.017 1.9113e-06
300 30 1.981 105.67 1.9359e-06
300 30 1.991 106.332 1.9435e-06
300 40 0.001 2668.18 5.0276e-06
300 40 0.011 2529.45 4.8123e-06
300 40 0.021 2359.74 4.5404e-06
300 40 0.031 2306.18 3.3652e-06
300 40 0.041 2181.15 2.5738e-06
300 40 0.051 2029.82 2.5036e-06
300 40 0.061 1876.85 3.8496e-06
300 40 0.071 1699.91 3.5583e-06
300 40 0.081 1620.11 3.435e-06
300 40 0.091 1458.55 3.1773e-06
300 40 0.101 1441.22 3.1595e-06
300 40 0.111 1327.85 2.9889e-06
300 40 0.121 1235.7 2.8592e-06
300 40 0.131 1138.2 2.6997e-06
300 40 0.141 1107.22 2.67e-06
300 40 0.151 1027.05 1.6243e-06
300 40 0.161 916.806 1.7534e-06
300 40 0.171 927.345 2.5222e-06
300 40 0.181 835.399 2.3665e-06
300 40 0.191 778.411 2.297e-06
300 40 0.201 724.319 2.1017e-06
300 40 0.211 687.301 2.041e-06
300 40 0.221 647.036 1.9629e-06
300 40 0.231 602.947 1.9236e-06
300 40 0.241 550.095 1.8425e-06
300 40 0.251 552.118 1.8412e-06
300 40 0.261 525.509 1.7989e-06
300 40 0.271 493.092 1.785e-06
300 40 0.281 466.56 1.7203e-06
300 40 0.291 455.897 1.4288e-06
300 40 0.301 439.324 1.4971e-06
300 40 0.311 413.116 1.6759e-06
300 40 0.321 389.828 1.6533e-06
300 40 0.331 380.95 1.6528e-06
300 40 0.341 354.802 1.6228e-06
300 40 0.351 352.066 1.6135e-06
300 40 0.361 334.295 1.5261e-06
300 40 0.371 325.3 1.1584e-06
300 40 0.381 298.729 1.1351e-06
300 40 0.391 306.248 1.1679e-06
300 40 0.401 281.971 1.1264e-06
300 40 0.411 279.216 1.1249e-06
300 40 0.421 275.691 1.1474e-06
300 40 0.431 258.412 1.2573e-06
300 40 0.441 254.938 1.5705e-06
300 40 0.451 248.183 1.5669e-06
300 40 0.461 247.542 1.3527e-06
300 40 0.471 232.951 1.4836e-06
300 40 0.481 226.722 1.4914e-06
300 40 0.491 219.804 1.5e-06
300 40 0.501 212.72 1.4953e-06
300 40 0.511 210.296 1.5059e-06
300 40 0.521 208.727 1.5099e-06
300 40 0.531 196.903 1.4796e-06
300 40 0.541 201.212 1.4976e-06
300 40 0.551 197.669 1.5095e-06
300 40 0.561 188.059 1.4701e-06
300 40 0.571 182.76 1.4548e-06
300 40 0.581 187.635 1.4707e-06
300 40 0.591 177.535 1.143e-06
300 40 0.601 170.731 1.1478e-06
300 40 0.611 170.322 1.2123e-06
300 40 0.621 167.464 1.1532e-06
300 40 0.631 169.974 1.2942e-06
300 40 0.641 161.199 1.1565e-06
300 40 0.651 162.154 1.1726e-06
300 40 0.661 156.238 1.2369e-06
300 40 0.671 152.921 1.1761e-06
300 40 0.681 150.735 1.1793e-06
300 40 0.691 148.325 1.1808e-06
300 40 0.701 146.363 1.4488e-06
300 40 0.711 145.795 1.2516e-06
300 40 0.721 140.213 1.2036e-06
300 40 0.731 140.214 1.1998e-06
300 40 0.741 139.669 1.506e-06
300 40 0.751 134.777 1.5396e-06
300 40 0.761 133.099 1.5377e-06
300 40 0.771 131.28 1.545e-06
300 40 0.781 130.174 1.5464e-06
300 40 0.791 128.261 1.5388e-06
300 40 0.801 125.441 1.5412e-06
300 40 0.811 122.076 1.5402e-06
300 40 0.821 123.718 1.5503e-06
300 40 0.831 120.799 1.5251e-06
300 40 0.841 119.259 1.5521e-06
300 40 0.851 119.167 1.5587e-06
300 40 0.861 116.981 1.5592e-06
300 40 0.871 113.832 1.5607e-06
300 40 0.881 114.511 1.5729e-06
300 40 0.891 111.844 1.4435e-06
300 40 0.901 111.392 1.5936e-06
300 40 0.911 108.204 1.3823e-06
300 40 0.921 107.863 1.255e-06
300 40 0.931 104.793 1.2645e-06
300 40 0.941 106.204 1.268e-06
300 40 0.951 104.998 1.2719e-06
300 40 0.961 103.865 1.2777e-06
300 40 0.971 102.857 1.3443e-06
300 40 0.981 100.728 1.5993e-06
300 40 0.991 99.8979 1.5794e-06
300 40 1.001 99.5345 1.6067e-06
300 40 1.011 98.3311 1.6077e-06
300 40 1.021 96.4469 1.6092e-06
300 40 1.031 96.736 1.6282e-06
300 40 1.041 94.3178 1.462e-06
300 40 1.051 93.8238 1.4198e-06
300 40 1.061 93.2956 1.6182e-06
300 40 1.071 93.2732 1.6283e-06
300 40 1.081 93.0203 1.6212e-06
300 40 1.091 91.9443 1.6249e-06
300 40 1.101 92.1821 1.6424e-06
300 40 1.111 90.8984 1.6364e-06
300 40 1.121 92.1427 1.65e-06
300 40 1.131 91.2818 1.6469e-06
300 40 1.141 92.6232 1.6571e-06
300 40 1.151 91.7061 1.6529e-06
300 40 1.161 90.3989 1.6417e-06
300 40 1.171 90.3121 1.4606e-06
300 40 1.181 90.3793 1.3641e-06
300 40 1.191 88.8541 1.4756e-06
300 40 1.201 90.3291 1.7707e-06
300 40 1.211 90.4799 1.6099e-06
300 40 1.221 89.9343 1.6906e-06
300 40 1.231 89.2525 1.688e-06
300 40 1.241 88.727 1.7002e-06
300 40 1.251 89.1485 1.7045e-06
300 40 1.261 88.5198 1.706e-06
300 40 1.271 89.1099 1.7234e-06
300 40 1.281 88.1037 1.71e-06
300 40 1.291 88.8599 1.7314e-06
300 40 1.301 87.8044 1.7253e-06
300 40 1.311 89.1542 1.7417e-06
300 40 1.321 88.9171 1.7405e-06
300 40 1.331 89.1384 1.7423e-06
300 40 1.341 89.0536 1.7425e-06
300 40 1.351 89.4421 1.7521e-06
300 40 1.361 89.1368 1.7402e-06
300 40 1.371 89.0078 1.6728e-06
300 40 1.381 89.3165 1.6823e-06
300 40 1.391 88.2848 1.4415e-06
300 40 1.401 89.4267 1.5769e-06
300 40 1.411 89.3095 1.6233e-06
300 40 1.421 88.6275 1.6356e-06
300 40 1.431 89.4767 1.7198e-06
300 40 1.441 89.457 1.7316e-06
300 40 1.451 88.9332 1.7194e-06
300 40 1.461 89.6576 1.74e-06
300 40 1.471 89.8849 1.745e-06
300 40 1.481 89.4679 1.7267e-06
300 40 1.491 89.6084 1.4488e-06
300 40 1.501 90.1831 1.4863e-06
300 40 1.511 90.1234 1.5808e-06
300 40 1.521 90.4814 1.5571e-06
300 40 1.531 90.2946 1.4509e-06
300 40 1.541 90.5739 1.61e-06
300 40 1.551 91.7504 1.7713e-06
300 40 1.561 90.4783 1.5689e-06
300 40 1.571 91.2103 1.5472e-06
300 40 1.581 91.188 1.8018e-06
300 40 1.591 91.3969 1.7773e-06
300 40 1.601 91.9642 1.4749e-06
300 40 1.611 92.7476 1.4922e-06
300 40 1.621 93.3497 1.5803e-06
300 40 1.631 93.9866 1.5452e-06
300 40 1.641 94.9275 1.4986e-06
300 40 1.651 95.1352 1.7671e-06
300 40 1.661 95.4713 1.7992e-06
300 40 1.671 96.2873 1.5275e-06
300 40 1.681 97.5851 1.7839e-06
300 40 1.691 97.1755 1.8315e-06
300 40 1.701 98.3898 1.7493e-06
300 40 1.711 98.8363 1.9022e-06
300 40 1.721 99.2398 1.901e-06
300 40 1.731 99.8868 1.9114e-06
300 40 1.741 100.557 1.9338e-06
300 40 1.751 100.895 1.9617e-06
300 40 1.761 101.839 1.9793e-06
300 40 1.771 102.754 1.9803e-06
300 40 1.781 102.808 1.845e-06
300 40 1.791 104.09 1.6084e-06
300 40 1.801 104.079 1.6048e-06
300 40 1.811 104.771 1.933e-06
300 40 1.821 105.324 2.0088e-06
300 40 1.831 106.062 2.0159e-06
300 40 1.841 106.386 2.0235e-06
300 40 1.851 106.675 2.0235e-06
300 40 1.861 107.415 2.0368e-06
300 40 1.871 107.898 2.0367e-06
300 40 1.881 108.84 2.0546e-06
300 40 1.891 109.092 2.0567e-06
300 40 1.901 109.729 2.0941e-06
300 40 1.911 110.345 2.083e-06
300 40 1.921 111.304 2.1167e-06
300 40 1.931 111.569 2.1018e-06
300 40 1.941 111.79 1.7726e-06
300 40 1.951 112.85 1.6724e-06
300 40 1.961 113.23 1.6803e-06
300 40 1.971 113.844 1.848e-06
300 40 1.981 114.263 2.0077e-06
300 40 1.991 114.686 1.9617e-06
400 10 0.001 987.321 1.9544e-06
400 10 0.011 1015.92 2.1409e-06
400 10 0.021 991.577 2.5889e-06
400 10 0.031 960.74 2.5243e-06
400 10 0.041 971.379 2.5254e-06
400 10 0.051 914.033 1.6915e-06
400 10 0.061 933.686 1.5288e-06
400 10 0.071 914.348 1.5163e-06
400 10 0.081 924.121 1.5337e-06
400 10 0.091 885.893 1.503e-06
400 10 0.101 867.052 1.5043e-06
400 10 0.111 853.725 1.4756e-06
400 10 0.121 841.317 1.488e-06
400 10 0.131 811.563 1.4595e-06
400 10 0.141 807.253 1.9324e-06
400 10 0.151 781.766 1.6656e-06
400 10 0.161 771.103 1.4419e-06
400 10 0.171 737.327 1.6985e-06
400 10 0.181 746.623 1.7505e-06
400 10 0.191 703.624 2.1289e-06
400 10 0.201 703.285 2.1481e-06
400 10 0.211 685.842 2.1221e-06
400 10 0.221 683.558 2.1312e-06
400 10 0.231 646.537 2.1378e-06
400 10 0.241 651.52 2.1822e-06
400 10 0.251 632.121 1.8891e-06
400 10 0.261 612.163 1.5397e-06
400 10 0.271 593.182 2.1072e-06
400 10 0.281 572.367 2.0772e-06
400 10 0.291 561.543 2.0653e-06
400 10 0.301 551.303 1.9829e-06
400 10 0.311 537.121 1.932e-06
400 10 0.321 531.738 1.9249e-06
400 10 0.331 502.867 1.8992e-06
400 10 0.341 508.783 1.9047e-06
400 10 0.351 475.269 1.865e-06
400 10 0.361 480.483 1.8886e-06
400 10 0.371 471.222 1.8811e-06
400 10 0.381 473.481 1.8968e-06
400 10 0.391 446.407 1.8468e-06
400 10 0.401 454.982 1.8597e-06
400 10 0.411 420.728 1.8282e-06
400 10 0.421 430.442 1.8554e-06
400 10 0.431 393.586 1.8188e-06
400 10 0.441 396.431 1.8205e-06
400 10 0.451 393.281 1.8038e-06
400 10 0.461 390.928 1.6601e-06
400 10 0.471 366.527 1.4676e-06
400 10 0.481 354.041 1.3018e-06
400 10 0.491 355.042 1.5799e-06
400 10 0.501 331.343 1.8459e-06
400 10 0.511 334.147 1.864e-06
400 10 0.521 326.76 1.861e-06
400 10 0.531 326.068 1.5203e-06
400 10 0.541 317.873 1.5959e-06
400 10 0.551 306.434 1.7441e-06
400 10 0.561 299.12 1.6958e-06
400 10 0.571 293.35 1.7501e-06
400 10 0.581 288.405 1.7913e-06
400 10 0.591 280.863 1.3768e-06
400 10 0.601 277.035 1.4648e-06
400 10 0.611 268.52 1.3161e-06
400 10 0.621 258.207 1.3173e-06
400 10 0.631 254.607 1.334e-06
400 10 0.641 237.224 1.3142e-06
400 10 0.651 244.233 1.5172e-06
400 10 0.661 238.782 1.8051e-06
400 10 0.671 232.148 1.7826e-06
400 10 0.681 221.584 1.5183e-06
400 10 0.691 224.846 1.35e-06
400 10 0.701 224.372 1.3682e-06
400 10 0.711 210.884 1.4134e-06
400 10 0.721 213.47 1.7989e-06
400 10 0.731 209.396 1.7875e-06
400 10 0.741 202.914 1.7975e-06
400 10 0.751 199.315 1.7499e-06
400 10 0.761 192.693 1.3742e-06
400 10 0.771 188.247 1.38e-06
400 10 0.781 185.969 1.573e-06
400 10 0.791 188.081 1.4197e-06
400 10 0.801 177.825 1.4357e-06
400 10 0.811 177.919 1.5723e-06
400 10 0.821 172.356 1.7573e-06
400 10 0.831 174.842 1.5612e-06
400 10 0.841 165.185 1.4232e-06
400 10 0.851 162.352 1.5416e-06
400 10 0.861 161.621 1.7553e-06
400 10 0.871 159.51 1.6345e-06
400 10 0.881 155.625 1.4492e-06
400 10 0.891 154.084 1.4566e-06
400 10 0.901 151.573 1.6251e-06
400 10 0.911 148.729 1.7664e-06
400 10 0.921 145.823 1.7897e-06
400 10 0.931 146.358 1.7703e-06
400 10 0.941 142.82 1.5997e-06
400 10 0.951 139.086 1.7287e-06
400 10 0.961 142.181 1.6785e-06
400 10 0.971 136.859 1.4883e-06
400 10 0.981 135.213 1.5039e-06
400 10 0.991 131.855 1.5141e-06
400 10 1.001 128.805 1.6018e-06
400 10 1.011 128.071 1.8363e-06
400 10 1.021 127.186 1.8445e-06
400 10 1.031 125.114 1.7768e-06
400 10 1.041 123.791 1.8107e-06
400 10 1.051 122.332 1.7916e-06
400 10 1.061 121.182 1.8523e-06
400 10 1.071 119.739 1.8539e-06
400 10 1.081 118.203 1.9031e-06
400 10 1.091 119.226 1.9715e-06
400 10 1.101 119.62 1.8414e-06
400 10 1.111 115.921 1.5858e-06
400 10 1.121 115.14 1.6165e-06
400 10 1.131 114.746 1.6743e-06
400 10 1.141 114.097 1.9191e-06
400 10 1.151 114.159 1.8091e-06
400 10 1.161 112.997 1.9224e-06
400 10 1.171 113.076 1.9527e-06
400 10 1.181 113.831 1.8742e-06
400 10 1.191 111.275 1.6525e-06
400 10 1.201 110.385 1.702e-06
400 10 1.211 110.937 1.7123e-06
400 10 1.221 111.449 1.6733e-06
400 10 1.231 110.868 1.6926e-06
400 10 1.241 111.068 1.7e-06
400 10 1.251 111.53 1.7254e-06
400 10 1.261 108.694 1.8153e-06
400 10 1.271 108.828 1.8556e-06
400 10 1.281 109.429 1.7618e-06
400 10 1.291 107.748 1.7595e-06
400 10 1.301 107.169 1.9541e-06
400 10 1.311 108.074 1.9622e-06
400 10 1.321 107.723 1.9787e-06
400 10 1.331 108.067 1.9902e-06
400 10 1.341 106.612 1.9748e-06
400 10 1.351 106.225 1.9709e-06
400 10 1.361 106.91 1.9916e-06
400 10 1.371 106.384 1.9878e-06
400 10 1.381 106.858 1.9873e-06
400 10 1.391 106.749 2.0054e-06
400 10 1.401 105.761 1.9795e-06
400 10 1.411 106.608 2.0213e-06
400 10 1.421 105.542 2.017e-06
400 10 1.431 105.835 2.0125e-06
400 10 1.441 106.304 2.0292e-06
400 10 1.451 106.338 2.0094e-06
400 10 1.461 105.718 2.002e-06
400 10 1.471 105.38 2.0197e-06
400 10 1.481 105.8 2.0166e-06
400 10 1.491 104.983 1.864e-06
400 10 1.501 105.1 2.0434e-06
400 10 1.511 105.358 1.739e-06
400 10 1.521 106.747 1.7722e-06
400 10 1.531 105.532 1.9042e-06
400 10 1.541 104.513 2.0673e-06
400 10 1.551 105.542 2.0796e-06
400 10 1.561 105.28 2.0795e-06
400 10 1.571 104.711 2.0904e-06
400 10 1.581 106.103 1.8155e-06
400 10 1.591 105.83 1.7857e-06
400 10 1.601 105.208 1.7759e-06
400 10 1.611 105.579 1.7833e-06
400 10 1.621 106.048 1.8138e-06
400 10 1.631 106.457 2.0708e-06
400 10 1.641 106.949 2.0989e-06
400 10 1.651 106.205 2.0833e-06
400 10 1.661 106.268 2.0534e-06
400 10 1.671 106.307 2.0578e-06
400 10 1.681 107.252 2.0655e-06
400 10 1.691 108.03 2.0929e-06
400 10 1.701 107.543 2.0849e-06
400 10 1.711 108.271 2.0912e-06
400 10 1.721 108.126 1.9864e-06
400 10 1.731 108.395 2.106e-06
400 10 1.741 108.278 2.1047e-06
400 10 1.751 109.088 2.1227e-06
400 10 1.761 108.873 1.9586e-06
400 10 1.771 109.41 1.9305e-06
400 10 1.781 109.675 1.9452e-06
400 10 1.791 110.712 1.866e-06
400 10 1.801 110.78 1.9058e-06
400 10 1.811 110.907 2.2347e-06
400 10 1.821 111.385 2.2397e-06
400 10 1.831 111.826 1.8981e-06
400 10 1.841 112.586 2.0784e-06
400 10 1.851 112.774 2.1416e-06
400 10 1.861 113.755 2.1505e-06
400 10 1.871 113.596 2.1512e-06
400 10 1.881 113.83 2.0664e-06
400 10 1.891 114.253 2.0788e-06
400 10 1.901 114.616 2.1873e-06
400 10 1.911 115.331 1.9997e-06
400 10 1.921 115.278 1.9077e-06
400 10 1.931 116.22 1.9002e-06
400 10 1.941 116.533 1.9095e-06
400 10 1.951 117.347 1.954e-06
400 10 1.961 117.751 1.9201e-06
400 10 1.971 118.078 1.9268e-06
400 10 1.981 118.768 2.0814e-06
400 10 1.991 118.964 2.1159e-06
400 20 0.001 1978.88 3.0839e-06
400 20 0.011 1891.24 3.7213e-06
400 20 0.021 1858.43 2.6276e-06
400 20 0.031 1857.23 2.1183e-06
400 20 0.041 1733.66 2.0425e-06
400 20 0.051 1693.76 2.3697e-06
400 20 0.061 1594.16 1.9707e-06
400 20 0.071 1546.01 1.9071e-06
400 20 0.081 1494.28 1.8922e-06
400 20 0.091 1430.89 1.8456e-06
400 20 0.101 1378.64 1.8173e-06
400 20 0.111 1372.07 2.6985e-06
400 20 0.121 1245.6 2.7783e-06
400 20 0.131 1254.32 2.802e-06
400 20 0.141 1214.07 2.7591e-06
400 20 0.151 1136.77 2.6684e-06
400 20 0.161 1131.66 2.6834e-06
400 20 0.171 1043.08 2.5336e-06
400 20 0.181 1022.56 2.5025e-06
400 20 0.191 986.331 2.4837e-06
400 20 0.201 956.803 2.442e-06
400 20 0.211 918.932 2.4009e-06
400 20 0.221 889.47 2.3623e-06
400 20 0.231 836.138 2.2969e-06
400 20 0.241 818.385 2.2746e-06
400 20 0.251 766.631 2.2022e-06
400 20 0.261 746.668 2.1633e-06
400 20 0.271 712.971 2.1385e-06
400 20 0.281 688.103 2.1012e-06
400 20 0.291 643.973 2.0449e-06
400 20 0.301 640.154 1.6979e-06
400 20 0.311 626.318 2.0996e-06
400 20 0.321 580.256 2.0266e-06
400 20 0.331 547.798 1.9608e-06
400 20 0.341 546.523 1.9897e-06
400 20 0.351 504.663 1.9307e-06
400 20 0.361 498.495 1.9009e-06
400 20 0.371 490.793 1.913e-06
400 20 0.381 465.558 1.8859e-06
400 20 0.391 443.255 1.8456e-06
400 20 0.401 429.4 1.5012e-06
400 20 0.411 415.876 1.3882e-06
400 20 0.421 414.075 1.3682e-06
400 20 0.431 393.406 1.2726e-06
400 20 0.441 385.678 1.3222e-06
400 20 0.451 367.418 1.7318e-06
400 20 0.461 336.888 1.707e-06
400 20 0.471 333.639 1.7042e-06
400 20 0.481 333.372 1.5255e-06
400 20 0.491 326.776 1.2679e-06
400 20 0.501 316.735 1.6824e-06
400 20 0.511 304.712 1.5338e-06
400 20 0.521 301.309 1.5681e-06
400 20 0.531 289.523 1.7044e-06
400 20 0.541 282.429 1.7081e-06
400 20 0.551 266.657 1.7016e-06
400 20 0.561 263.03 1.5758e-06
400 20 0.571 258.089 1.3772e-06
400 20 0.581 251.71 1.2677e-06
400 20 0.591 240.252 1.2536e-06
400 20 0.601 238.61 1.3461e-06
400 20 0.611 231.447 1.3993e-06
400 20 0.621 220.42 1.259e-06
400 20 0.631 218.757 1.3546e-06
400 20 0.641 218.632 1.6509e-06
400 20 0.651 206.703 1.6439e-06
400 20 0.661 205.438 1.6524e-06
400 20 0.671 206.564 1.5455e-06
400 20 0.681 195.213 1.28e-06
400 20 0.691 193.078 1.4835e-06
400 20 0.701 191.283 1.4169e-06
400 20 0.711 187.68 1.6493e-06
400 20 0.721 181.768 1.298e-06
400 20 0.731 182.226 1.3083e-06
400 20 0.741 176.276 1.3095e-06
400 20 0.751 176.626 1.3254e-06
400 20 0.761 169.017 1.3223e-06
400 20 0.771 166.828 1.3397e-06
400 20 0.781 164.222 1.3738e-06
400 20 0.791 160.748 1.3656e-06
400 20 0.801 162.813 1.3799e-06
400 20 0.811 153.168 1.3676e-06
400 20 0.821 154.292 1.3565e-06
400 20 0.831 149.945 1.45e-06
400 20 0.841 147.133 1.6726e-06
400 20 0.851 144.298 1.7016e-06
400 20 0.861 144.265 1.7078e-06
400 20 0.871 140.11 1.6817e-06
400 20 0.881 141.127 1.6921e-06
400 20 0.891 140.869 1.6895e-06
400 20 0.901 129.965 1.6713e-06
400 20 0.911 135.683 1.7205e-06
400 20 0.921 129.179 1.7076e-06
400 20 0.931 130.73 1.7153e-06
400 20 0.941 127.318 1.7075e-06
400 20 0.951 128.718 1.737e-06
400 20 0.961 124.276 1.6e-06
400 20 0.971 122.69 1.7287e-06
400 20 0.981 121.381 1.747e-06
400 20 0.991 119.104 1.731e-06
400 20 1.001 118.39 1.7562e-06
400 20 1.011 116.313 1.7353e-06
400 20 1.021 115.366 1.7441e-06
400 20 1.031 111.938 1.514e-06
400 20 1.041 112.771 1.458e-06
400 20 1.051 110.275 1.4615e-06
400 20 1.061 110.035 1.4738e-06
400 20 1.071 107.236 1.5465e-06
400 20 1.081 106.973 1.4692e-06
400 20 1.091 107.523 1.5308e-06
400 20 1.101 106.767 1.6867e-06
400 20 1.111 106.839 1.836e-06
400 20 1.121 104.596 1.8245e-06
400 20 1.131 106.037 1.7954e-06
400 20 1.141 103.85 1.5321e-06
400 20 1.151 103.129 1.5414e-06
400 20 1.161 103.032 1.682e-06
400 20 1.171 102.624 1.8179e-06
400 20 1.181 101.11 1.8098e-06
400 20 1.191 101.997 1.806e-06
400 20 1.201 102.008 1.759e-06
400 20 1.211 102.124 1.8714e-06
400 20 1.221 100.347 1.8596e-06
400 20 1.231 99.8682 1.856e-06
400 20 1.241 100.402 1.884e-06
400 20 1.251 100.915 1.8815e-06
400 20 1.261 100.793 1.8824e-06
400 20 1.271 99.8354 1.8778e-06
400 20 1.281 100.238 1.8919e-06
400 20 1.291 100.573 1.8986e-06
400 20 1.301 99.3265 1.8756e-06
400 20 1.311 99.174 1.9014e-06
400 20 1.321 100.272 1.9223e-06
400 20 1.331 99.489 1.9092e-06
400 20 1.341 99.8058 1.9209e-06
400 20 1.351 98.4815 1.9045e-06
400 20 1.361 99.0117 1.9236e-06
400 20 1.371 98.0056 1.9131e-06
400 20 1.381 98.609 1.9294e-06
400 20 1.391 97.9921 1.8376e-06
400 20 1.401 99.1597 1.6513e-06
400 20 1.411 98.3676 1.6519e-06
400 20 1.421 99.4677 1.6638e-06
400 20 1.431 98.9718 1.6552e-06
400 20 1.441 98.0114 1.77e-06
400 20 1.451 98.3927 1.9427e-06
400 20 1.461 98.3199 1.9427e-06
400 20 1.471 98.4023 1.9446e-06
400 20 1.481 99.1199 1.8497e-06
400 20 1.491 98.7733 1.6387e-06
400 20 1.501 97.7667 1.6272e-06
400 20 1.511 99.404 1.6495e-06
400 20 1.521 98.8652 1.7093e-06
400 20 1.531 98.5103 1.9977e-06
400 20 1.541 98.7107 2.0132e-06
400 20 1.551 99.3869 2.0211e-06
400 20 1.561 99.0876 2.0184e-06
400 20 1.571 99.0678 2.0074e-06
400 20 1.581 99.7439 1.899e-06
400 20 1.591 99.4086 1.8755e-06
400 20 1.601 101.343 1.977e-06
400 20 1.611 100.688 1.9711e-06
400 20 1.621 101.089 1.9691e-06
400 20 1.631 101.842 2.018e-06
400 20 1.641 102 2.0313e-06
400 20 1.651 102.812 2.0218e-06
400 20 1.661 103.897 2.0162e-06
400 20 1.671 104.087 2.0109e-06
400 20 1.681 103.73 1.9997e-06
400 20 1.691 104.603 2.0113e-06
400 20 1.701 106.082 1.9493e-06
400 20 1.711 106.171 1.8837e-06
400 20 1.721 106.719 2.0311e-06
400 20 1.731 106.082 2.0417e-06
400 20 1.741 108.455 2.0861e-06
400 20 1.751 108.108 2.0466e-06
400 20 1.761 108.663 2.0484e-06
400 20 1.771 110.547 2.0816e-06
400 20 1.781 110.434 2.0733e-06
400 20 1.791 110.734 1.9994e-06
400 20 1.801 111.062 1.8076e-06
400 20 1.811 112.663 1.8766e-06
400 20 1.821 113.15 1.8688e-06
400 20 1.831 113.61 2.1272e-06
400 20 1.841 113.912 2.1637e-06
400 20 1.851 114.596 2.1648e-06
400 20 1.861 115.589 2.1798e-06
400 20 1.871 116.639 2.2034e-06
400 20 1.881 116.77 2.1941e-06
400 20 1.891 117.962 2.2156e-06
400 20 1.901 118.812 2.2295e-06
400 20 1.911 119.285 2.2316e-06
400 20 1.921 119.675 2.237e-06
400 20 1.931 121.376 2.2686e-06
400 20 1.941 121.154 2.2503e-06
400 20 1.951 122.322 2.2828e-06
400 20 1.961 122.601 2.2676e-06
400 20 1.971 123.373 2.2777e-06
400 20 1.981 124.214 1.9986e-06
400 20 1.991 124.86 1.9367e-06
400 30 0.001 2922.49 5.1678e-06
400 30 0.011 2677.69 4.7768e-06
400 30 0.021 2668.23 4.7421e-06
400 30 0.031 2470.19 4.4652e-06
400 30 0.041 2390.54 3.4385e-06
400 30 0.051 2179.72 2.3361e-06
400 30 0.061 2182.34 3.7128e-06
400 30 0.071 2052.96 3.8792e-06
400 30 0.081 1963.12 3.7644e-06
400 30 0.091 1850.15 3.6003e-06
400 30 0.101 1776.89 3.5171e-06
400 30 0.111 1625.63 3.2968e-06
400 30 0.121 1547.29 3.1999e-06
400 30 0.131 1518.57 3.1793e-06
400 30 0.141 1413.45 2.072e-06
400 30 0.151 1300.65 1.7686e-06
400 30 0.161 1281.25 1.7538e-06
400 30 0.171 1167.71 1.6815e-06
400 30 0.181 1136.93 1.6589e-06
400 30 0.191 1082.64 1.6255e-06
400 30 0.201 1001.64 1.8877e-06
400 30 0.211 919.81 2.3736e-06
400 30 0.221 896.866 2.3687e-06
400 30 0.231 871.832 2.3639e-06
400 30 0.241 828.944 2.3207e-06
400 30 0.251 787.198 2.2665e-06
400 30 0.261 724.875 2.182e-06
400 30 0.271 695.724 2.1474e-06
400 30 0.281 687.764 2.1485e-06
400 30 0.291 625.166 2.0487e-06
400 30 0.301 601.699 2.021e-06
400 30 0.311 599.828 2.0434e-06
400 30 0.321 564.063 1.9946e-06
400 30 0.331 529.061 1.9227e-06
400 30 0.341 510.948 1.9262e-06
400 30 0.351 489.801 1.8942e-06
400 30 0.361 475.606 1.8864e-06
400 30 0.371 450.391 1.8723e-06
400 30 0.381 440.041 1.8462e-06
400 30 0.391 408.553 1.8107e-06
400 30 0.401 402.1 1.8212e-06
400 30 0.411 383.353 1.7925e-06
400 30 0.421 364.114 1.7674e-06
400 30 0.431 358.202 1.7657e-06
400 30 0.441 340.557 1.7485e-06
400 30 0.451 332.531 1.7491e-06
400 30 0.461 335.018 1.7437e-06
400 30 0.471 315.609 1.7325e-06
400 30 0.481 314.383 1.7382e-06
400 30 0.491 290.81 1.7137e-06
400 30 0.501 303.85 1.7411e-06
400 30 0.511 281.83 1.71e-06
400 30 0.521 279.261 1.7138e-06
400 30 0.531 268.848 1.4186e-06
400 30 0.541 256.312 1.528e-06
400 30 0.551 253.688 1.7013e-06
400 30 0.561 256.284 1.4492e-06
400 30 0.571 240.008 1.6872e-06
400 30 0.581 237.493 1.6971e-06
400 30 0.591 233.879 1.6979e-06
400 30 0.601 226.216 1.695e-06
400 30 0.611 219.156 1.6918e-06
400 30 0.621 210.658 1.6706e-06
400 30 0.631 212.324 1.6925e-06
400 30 0.641 201.398 1.6718e-06
400 30 0.651 203.3 1.6883e-06
400 30 0.661 203.226 1.7112e-06
400 30 0.671 194.579 1.6937e-06
400 30 0.681 191.067 1.6991e-06
400 30 0.691 189.476 1.704e-06
400 30 0.701 184.522 1.6949e-06
400 30 0.711 179.109 1.4113e-06
400 30 0.721 176.512 1.3593e-06
400 30 0.731 175.684 1.5377e-06
400 30 0.741 172.388 1.3531e-06
400 30 0.751 169.407 1.6082e-06
400 30 0.761 164.817 1.6969e-06
400 30 0.771 166.19 1.7199e-06
400 30 0.781 162.886 1.7271e-06
400 30 0.791 156.239 1.5344e-06
400 30 0.801 158.433 1.7247e-06
400 30 0.811 155.119 1.7232e-06
400 30 0.821 147.496 1.699e-06
400 30 0.831 151.005 1.734e-06
400 30 0.841 147.007 1.7332e-06
400 30 0.851 142.337 1.7326e-06
400 30 0.861 138.306 1.6974e-06
400 30 0.871 139.457 1.695e-06
400 30 0.881 141.206 1.7258e-06
400 30 0.891 137.398 1.7222e-06
400 30 0.901 134.4 1.6356e-06
400 30 0.911 131.629 1.7463e-06
400 30 0.921 130.142 1.7557e-06
400 30 0.931 127.353 1.7303e-06
400 30 0.941 126.912 1.7362e-06
400 30 0.951 125.703 1.6154e-06
400 30 0.961 123.534 1.6246e-06
400 30 0.971 122.113 1.7361e-06
400 30 0.981 118.757 1.6736e-06
400 30 0.991 120.621 1.5241e-06
400 30 1.001 119.045 1.6684e-06
400 30 1.011 115.014 1.7985e-06
400 30 1.021 112.815 1.7917e-06
400 30 1.031 113.853 1.8178e-06
400 30 1.041 111.423 1.8032e-06
400 30 1.051 111.921 1.8432e-06
400 30 1.061 110.436 1.8238e-06
400 30 1.071 109.203 1.8181e-06
400 30 1.081 108.318 1.8098e-06
400 30 1.091 107.849 1.8254e-06
400 30 1.101 107.41 1.8485e-06
400 30 1.111 106.684 1.8494e-06
400 30 1.121 105.127 1.8289e-06
400 30 1.131 106.884 1.8693e-06
400 30 1.141 105.279 1.8563e-06
400 30 1.151 105.69 1.873e-06
400 30 1.161 104.708 1.862e-06
400 30 1.171 105.253 1.8732e-06
400 30 1.181 104.031 1.8674e-06
400 30 1.191 103.725 1.8573e-06
400 30 1.201 102.094 1.8662e-06
400 30 1.211 103.465 1.7604e-06
400 30 1.221 102.872 1.8645e-06
400 30 1.231 102.898 1.8757e-06
400 30 1.241 101.481 1.8586e-06
400 30 1.251 102.055 1.8808e-06
400 30 1.261 103.027 1.8413e-06
400 30 1.271 102.014 1.6075e-06
400 30 1.281 100.887 1.5827e-06
400 30 1.291 101.547 1.7727e-06
400 30 1.301 101.813 1.7524e-06
400 30 1.311 100.424 1.8622e-06
400 30 1.321 100.909 1.8705e-06
400 30 1.331 101.518 1.7504e-06
400 30 1.341 101.272 1.9335e-06
400 30 1.351 101.484 1.8387e-06
400 30 1.361 100.575 1.5941e-06
400 30 1.371 100.43 1.8176e-06
400 30 1.381 102.194 1.9161e-06
400 30 1.391 102.022 1.915e-06
400 30 1.401 101.3 1.9195e-06
400 30 1.411 100.9 1.9187e-06
400 30 1.421 101.604 1.9279e-06
400 30 1.431 101.577 1.9214e-06
400 30 1.441 101.072 1.9183e-06
400 30 1.451 101.619 1.9361e-06
400 30 1.461 101.501 1.8066e-06
400 30 1.471 101.525 1.6235e-06
400 30 1.481 102.004 1.6484e-06
400 30 1.491 102.967 1.6433e-06
400 30 1.501 101.21 1.626e-06
400 30 1.511 102.513 1.8109e-06
400 30 1.521 101.962 1.9644e-06
400 30 1.531 101.966 1.9737e-06
400 30 1.541 102.506 1.6435e-06
400 30 1.551 102.224 1.6444e-06
400 30 1.561 103.012 1.6536e-06
400 30 1.571 102.668 1.6532e-06
400 30 1.581 102.817 1.6668e-06
400 30 1.591 103.21 1.6619e-06
400 30 1.601 103.587 1.9684e-06
400 30 1.611 104.532 1.9955e-06
400 30 1.621 105.232 2.0136e-06
400 30 1.631 105.719 1.9974e-06
400 30 1.641 106.395 1.9952e-06
400 30 1.651 107.767 2.017e-06
400 30 1.661 108.353 2.0292e-06
400 30 1.671 109.635 2.0441e-06
400 30 1.681 109.757 2.0409e-06
400 30 1.691 110.364 2.0642e-06
400 30 1.701 110.779 2.0842e-06
400 30 1.711 111.281 2.0902e-06
400 30 1.721 113.421 2.116e-06
400 30 1.731 113.193 2.1134e-06
400 30 1.741 113.475 1.9943e-06
400 30 1.751 115.303 1.8526e-06
400 30 1.761 115.073 2.0893e-06
400 30 1.771 117.349 2.0156e-06
400 30 1.781 117.933 2.1073e-06
400 30 1.791 118.298 2.0956e-06
400 30 1.801 119.145 2.0423e-06
400 30 1.811 119.412 2.1822e-06
400 30 1.821 120.778 1.9305e-06
400 30 1.831 120.842 1.9224e-06
400 30 1.841 122.159 1.9075e-06
400 30 1.851 122.428 1.9392e-06
400 30 1.861 123.986 1.9566e-06
400 30 1.871 123.753 2.1962e-06
400 30 1.881 125.156 2.1077e-06
400 30 1.891 125.546 2.1072e-06
400 30 1.901 127.114 2.2855e-06
400 30 1.911 127.246 2.2852e-06
400 30 1.921 128.456 2.3001e-06
400 30 1.931 129.163 2.3029e-06
400 30 1.941 129.484 2.3121e-06
400 30 1.951 130.456 2.3492e-06
400 30 1.961 131.163 2.3333e-06
400 30 1.971 132.104 2.3386e-06
400 30 1.981 132.381 2.3285e-06
400 30 1.991 133.886 2.3506e-06
400 40 0.001 3668.89 6.7246e-06
400 40 0.011 3474.24 6.4238e-06
400 40 0.021 3272.65 6.0997e-06
400 40 0.031 3029.76 3.9761e-06
400 40 0.041 2970.61 4.2609e-06
400 40 0.051 2702.01 4.144e-06
400 40 0.061 2595.9 3.0234e-06
400 40 0.071 2400.54 2.7944e-06
400 40 0.081 2272.07 2.7032e-06
400 40 0.091 2059.52 3.2606e-06
400 40 0.101 2023.46 2.4995e-06
400 40 0.111 1866.96 2.9917e-06
400 40 0.121 1738.33 2.2835e-06
400 40 0.131 1625.54 2.1902e-06
400 40 0.141 1494.89 2.0554e-06
400 40 0.151 1392.39 3.0576e-06
400 40 0.161 1300.11 3.0581e-06
400 40 0.171 1188.72 2.8848e-06
400 40 0.181 1173.19 2.8435e-06
400 40 0.191 1042.45 1.8557e-06
400 40 0.201 1014.82 1.8886e-06
400 40 0.211 922.648 1.6056e-06
400 40 0.221 866.06 1.8669e-06
400 40 0.231 849.881 2.4097e-06
400 40 0.241 794.245 2.3359e-06
400 40 0.251 755 2.2588e-06
400 40 0.261 692.52 2.1222e-06
400 40 0.271 682.312 2.118e-06
400 40 0.281 614.666 2.0211e-06
400 40 0.291 602.02 2.0102e-06
400 40 0.301 575.611 1.9604e-06
400 40 0.311 548.381 1.9493e-06
400 40 0.321 526.934 1.9269e-06
400 40 0.331 489.562 1.8812e-06
400 40 0.341 476.145 1.8602e-06
400 40 0.351 452.873 1.8509e-06
400 40 0.361 436.773 1.5509e-06
400 40 0.371 430.946 1.8799e-06
400 40 0.381 410.771 1.8604e-06
400 40 0.391 396.516 1.5544e-06
400 40 0.401 382.624 1.5018e-06
400 40 0.411 375.238 1.7997e-06
400 40 0.421 354.737 1.7832e-06
400 40 0.431 342.907 1.763e-06
400 40 0.441 328.767 1.7531e-06
400 40 0.451 318.053 1.6084e-06
400 40 0.461 311.872 1.2997e-06
400 40 0.471 304.937 1.2972e-06
400 40 0.481 292.191 1.2964e-06
400 40 0.491 296.193 1.5324e-06
400 40 0.501 279.176 1.4371e-06
400 40 0.511 275.146 1.2719e-06
400 40 0.521 267.276 1.2663e-06
400 40 0.531 256.422 1.267e-06
400 40 0.541 259.623 1.2912e-06
400 40 0.551 255.479 1.4501e-06
400 40 0.561 254.795 1.5742e-06
400 40 0.571 241.585 1.3511e-06
400 40 0.581 239.767 1.3435e-06
400 40 0.591 227.611 1.7137e-06
400 40 0.601 230.959 1.7497e-06
400 40 0.611 219.4 1.4286e-06
400 40 0.621 216.808 1.3513e-06
400 40 0.631 212.435 1.3072e-06
400 40 0.641 210.77 1.4666e-06
400 40 0.651 197.284 1.5424e-06
400 40 0.661 199.049 1.3066e-06
400 40 0.671 195.45 1.305e-06
400 40 0.681 191.39 1.3095e-06
400 40 0.691 186.029 1.318e-06
400 40 0.701 186.147 1.4045e-06
400 40 0.711 183.6 1.7469e-06
400 40 0.721 176.716 1.7337e-06
400 40 0.731 176.132 1.7382e-06
400 40 0.741 171.132 1.7342e-06
400 40 0.751 169.035 1.7251e-06
400 40 0.761 170.434 1.7578e-06
400 40 0.771 167.894 1.7431e-06
400 40 0.781 160.815 1.7547e-06
400 40 0.791 158.603 1.7442e-06
400 40 0.801 156.024 1.757e-06
400 40 0.811 153.943 1.5941e-06
400 40 0.821 152.299 1.3704e-06
400 40 0.831 152.576 1.3861e-06
400 40 0.841 151.849 1.3954e-06
400 40 0.851 143.964 1.3841e-06
400 40 0.861 147.155 1.412e-06
400 40 0.871 142.575 1.3979e-06
400 40 0.881 142.104 1.5258e-06
400 40 0.891 139.762 1.4383e-06
400 40 0.901 134.983 1.5986e-06
400 40 0.911 133.525 1.7452e-06
400 40 0.921 132.297 1.7493e-06
400 40 0.931 132.005 1.7552e-06
400 40 0.941 134.103 1.7586e-06
400 40 0.951 129.741 1.765e-06
400 40 0.961 125.421 1.7394e-06
400 40 0.971 126.389 1.7793e-06
400 40 0.981 123.305 1.4823e-06
400 40 0.991 120.811 1.6757e-06
400 40 1.001 121.967 1.8677e-06
400 40 1.011 118.959 1.8723e-06
400 40 1.021 118.894 1.8823e-06
400 40 1.031 116.915 1.8927e-06
400 40 1.041 115.492 1.727e-06
400 40 1.051 115.3 1.5744e-06
400 40 1.061 114.561 1.7005e-06
400 40 1.071 112.524 1.8313e-06
400 40 1.081 111.86 1.8344e-06
400 40 1.091 113.254 1.8678e-06
400 40 1.101 109.473 1.8253e-06
400 40 1.111 111.845 1.8749e-06
400 40 1.121 110.194 1.8524e-06
400 40 1.131 110.809 1.8599e-06
400 40 1.141 108.866 1.849e-06
400 40 1.151 108.27 1.8414e-06
400 40 1.161 108.273 1.8567e-06
400 40 1.171 109.311 1.8717e-06
400 40 1.181 108.738 1.8811e-06
400 40 1.191 108.388 1.8963e-06
400 40 1.201 106.817 1.8983e-06
400 40 1.211 108.744 1.9022e-06
400 40 1.221 108.065 1.9192e-06
400 40 1.231 107.994 1.9296e-06
400 40 1.241 107.622 1.8906e-06
400 40 1.251 107.498 1.8926e-06
400 40 1.261 106.87 1.8987e-06
400 40 1.271 106.808 1.8992e-06
400 40 1.281 107.762 1.9117e-06
400 40 1.291 105.618 1.895e-06
400 40 1.301 107.119 1.922e-06
400 40 1.311 107.404 1.9323e-06
400 40 1.321 107.727 1.9062e-06
400 40 1.331 105.753 1.9144e-06
400 40 1.341 107.271 1.9274e-06
400 40 1.351 106.598 1.9248e-06
400 40 1.361 107.177 1.7299e-06
400 40 1.371 107.41 1.6372e-06
400 40 1.381 107.833 1.6391e-06
400 40 1.391 107.801 1.7284e-06
400 40 1.401 107.454 1.9401e-06
400 40 1.411 107.291 1.8469e-06
400 40 1.421 108.643 2.0304e-06
400 40 1.431 107.262 2.0288e-06
400 40 1.441 106.67 2.0221e-06
400 40 1.451 107.274 2.0448e-06
400 40 1.461 107.342 2.0398e-06
400 40 1.471 108.022 2.0492e-06
400 40 1.481 107.108 2.0389e-06
400 40 1.491 108.523 2.0618e-06
400 40 1.501 107.643 2.0494e-06
400 40 1.511 108.527 2.065e-06
400 40 1.521 107.452 2.0436e-06
400 40 1.531 108.194 2.0746e-06
400 40 1.541 109.448 2.0945e-06
400 40 1.551 108.81 2.0492e-06
400 40 1.561 109.71 1.9362e-06
400 40 1.571 109.656 2.046e-06
400 40 1.581 109.681 1.8331e-06
400 40 1.591 110.077 1.9992e-06
400 40 1.601 110.783 1.8743e-06
400 40 1.611 111.382 1.7648e-06
400 40 1.621 112.791 1.7315e-06
400 40 1.631 113.052 1.7391e-06
400 40 1.641 113.876 1.7396e-06
400 40 1.651 114.766 1.7545e-06
400 40 1.661 115.829 1.763e-06
400 40 1.671 117.359 1.7958e-06
400 40 1.681 117.126 1.794e-06
400 40 1.691 118.796 1.8292e-06
400 40 1.701 118.857 1.9322e-06
400 40 1.711 120.409 2.0496e-06
400 40 1.721 120.438 1.7992e-06
400 40 1.731 121.872 1.8168e-06
400 40 1.741 121.878 1.8067e-06
400 40 1.751 123.69 1.9155e-06
400 40 1.761 124.115 1.8415e-06
400 40 1.771 125.306 1.8508e-06
400 40 1.781 125.558 1.8535e-06
400 40 1.791 126.531 1.8628e-06
400 40 1.801 126.691 1.8615e-06
400 40 1.811 128.552 1.8788e-06
400 40 1.821 129.024 1.8865e-06
400 40 1.831 129.513 1.8873e-06
400 40 1.841 130.685 1.907e-06
400 40 1.851 130.968 1.9028e-06
400 40 1.861 132.21 1.9134e-06
400 40 1.871 132.726 1.9306e-06
400 40 1.881 133.165 1.9237e-06
400 40 1.891 134.683 1.9306e-06
400 40 1.901 135.26 1.9493e-06
400 40 1.911 136.131 1.9571e-06
400 40 1.921 136.435 1.9553e-06
400 40 1.931 137.537 1.9596e-06
400 40 1.941 138.316 1.9685e-06
400 40 1.951 139.115 1.9873e-06
400 40 1.961 139.607 1.9812e-06
400 40 1.971 140.38 1.9834e-06
400 40 1.981 140.707 1.9978e-06
400 40 1.991 141.786 2.0001e-06
