200 10 0.001 433.456 2.3772e-06
200 10 0.011 420.89 1.8127e-06
200 10 0.021 413.128 1.5529e-06
200 10 0.031 401.174 1.5404e-06
200 10 0.041 400.159 2.2496e-06
200 10 0.051 390.501 1.9114e-06
200 10 0.061 372.582 1.533e-06
200 10 0.071 360.474 1.5029e-06
200 10 0.081 354.248 1.4927e-06
200 10 0.091 357.31 1.6828e-06
200 10 0.101 350.651 2.1976e-06
200 10 0.111 345.65 1.822e-06
200 10 0.121 326.478 1.4987e-06
200 10 0.131 328.384 1.4856e-06
200 10 0.141 316.745 1.9113e-06
200 10 0.151 305.713 2.1594e-06
200 10 0.161 296.992 2.1407e-06
200 10 0.171 286.663 2.1214e-06
200 10 0.181 280.798 2.1198e-06
200 10 0.191 260.199 2.0713e-06
200 10 0.201 270.676 2.1086e-06
200 10 0.211 259.762 2.0833e-06
200 10 0.221 248.175 2.0343e-06
200 10 0.231 233.393 2.0002e-06
200 10 0.241 237.202 2.0109e-06
200 10 0.251 229.547 2.0034e-06
200 10 0.261 217.272 2.0054e-06
200 10 0.271 201.872 1.8612e-06
200 10 0.281 200.219 1.3963e-06
200 10 0.291 188.31 1.5156e-06
200 10 0.301 186.434 1.3901e-06
200 10 0.311 186.353 1.3906e-06
200 10 0.321 177.117 1.397e-06
200 10 0.331 170.922 1.4131e-06
200 10 0.341 162.123 1.7201e-06
200 10 0.351 163.529 1.906e-06
200 10 0.361 155.247 1.8794e-06
200 10 0.371 155.238 1.8776e-06
200 10 0.381 145.223 1.4298e-06
200 10 0.391 138.168 1.5539e-06
200 10 0.401 132.9 1.8172e-06
200 10 0.411 127.501 1.8059e-06
200 10 0.421 121.222 1.7958e-06
200 10 0.431 122.263 1.808e-06
200 10 0.441 116.399 1.723e-06
200 10 0.451 114.766 1.6606e-06
200 10 0.461 107.457 1.7482e-06
200 10 0.471 111.46 1.7716e-06
200 10 0.481 98.5011 1.7508e-06
200 10 0.491 92.4791 1.4315e-06
200 10 0.501 92.2943 1.4456e-06
200 10 0.511 87.1408 1.5734e-06
200 10 0.521 85.6166 1.6346e-06
200 10 0.531 78.0048 1.3681e-06
200 10 0.541 75.2958 1.352e-06
200 10 0.551 73.4598 1.4301e-06
200 10 0.561 70.7776 1.5734e-06
200 10 0.571 69.3523 1.6912e-06
200 10 0.581 68.0105 1.6989e-06
200 10 0.591 63.1682 1.7127e-06
200 10 0.601 60.6102 1.7127e-06
200 10 0.611 58.7881 1.7137e-06
200 10 0.621 55.0192 1.7059e-06
200 10 0.631 53.4952 1.7047e-06
200 10 0.641 53.5887 1.7054e-06
200 10 0.651 49.4461 1.687e-06
200 10 0.661 48.7322 1.5446e-06
200 10 0.671 45.489 1.7711e-06
200 10 0.681 43.525 1.3766e-06
200 10 0.691 41.7792 1.5022e-06
200 10 0.701 39.8101 1.4502e-06
200 10 0.711 37.2844 1.6503e-06
200 10 0.721 37.7433 1.6518e-06
200 10 0.731 36.5331 1.6469e-06
200 10 0.741 35.2752 1.653e-06
200 10 0.751 34.3558 1.6545e-06
200 10 0.761 31.8769 1.6376e-06
200 10 0.771 31.8129 1.5456e-06
200 10 0.781 29.0874 1.5372e-06
200 10 0.791 28.5533 1.5851e-06
200 10 0.801 27.7398 1.6384e-06
200 10 0.811 26.0979 1.6329e-06
200 10 0.821 24.6901 1.6288e-06
200 10 0.831 25.0563 1.6622e-06
200 10 0.841 23.392 1.6659e-06
200 10 0.851 23.1437 1.6407e-06
200 10 0.861 21.9526 1.5547e-06
200 10 0.871 21.863 1.5636e-06
200 10 0.881 20.1916 1.5782e-06
200 10 0.891 19.6327 1.5213e-06
200 10 0.901 18.6613 1.5591e-06
200 10 0.911 18.8881 1.7469e-06
200 10 0.921 18.242 1.8493e-06
200 10 0.931 16.7927 1.8363e-06
200 10 0.941 16.5334 1.8289e-06
200 10 0.951 16.1636 1.6941e-06
200 10 0.961 15.5835 1.8417e-06
200 10 0.971 15.3054 1.8485e-06
200 10 0.981 14.9849 1.6394e-06
200 10 0.991 14.5599 1.5856e-06
200 10 1.001 14.0958 1.7072e-06
200 10 1.011 12.9474 1.7122e-06
200 10 1.021 13.0673 1.6144e-06
200 10 1.031 12.4763 1.5143e-06
200 10 1.041 12.2009 1.4597e-06
200 10 1.051 12.037 1.6932e-06
200 10 1.061 11.4325 1.4849e-06
200 10 1.071 11.1641 1.5786e-06
200 10 1.081 11.0981 1.4837e-06
200 10 1.091 10.8348 1.4542e-06
200 10 1.101 10.4744 1.6739e-06
200 10 1.111 10.5795 1.6955e-06
200 10 1.121 10.3363 1.6927e-06
200 10 1.131 10.3758 1.7045e-06
200 10 1.141 9.9745 1.6953e-06
200 10 1.151 9.8233 1.7219e-06
200 10 1.161 9.7364 1.7776e-06
200 10 1.171 9.7521 1.7502e-06
200 10 1.181 9.5387 1.6647e-06
200 10 1.191 9.6013 1.6288e-06
200 10 1.201 9.47 1.4456e-06
200 10 1.211 9.2307 1.8231e-06
200 10 1.221 9.2161 1.872e-06
200 10 1.231 9.0669 1.8722e-06
200 10 1.241 8.9223 1.8756e-06
200 10 1.251 8.7005 1.8749e-06
200 10 1.261 8.7598 1.8804e-06
200 10 1.271 8.7808 1.7179e-06
200 10 1.281 8.6341 1.8844e-06
200 10 1.291 8.5012 1.8714e-06
200 10 1.301 8.383 1.8847e-06
200 10 1.311 8.332 1.8759e-06
200 10 1.321 8.2535 1.8813e-06
200 10 1.331 8.3577 1.8861e-06
200 10 1.341 8.1339 1.8939e-06
200 10 1.351 8.0598 1.888e-06
200 10 1.361 8.1183 1.8943e-06
200 10 1.371 7.804 1.8736e-06
200 10 1.381 7.93 1.8615e-06
200 10 1.391 7.6906 1.8973e-06
200 10 1.401 7.6634 1.5969e-06
200 10 1.411 7.8098 1.623e-06
200 10 1.421 7.6103 1.6411e-06
200 10 1.431 7.7224 1.6669e-06
200 10 1.441 7.5415 1.6622e-06
200 10 1.451 7.5929 1.4705e-06
200 10 1.461 7.5526 1.4845e-06
200 10 1.471 7.4848 1.7292e-06
200 10 1.481 7.3929 1.7462e-06
200 10 1.491 7.3117 1.6391e-06
200 10 1.501 7.2791 1.6554e-06
200 10 1.511 7.3825 1.5494e-06
200 10 1.521 7.289 1.5835e-06
200 10 1.531 7.2467 1.5249e-06
200 10 1.541 7.2684 1.7132e-06
200 10 1.551 7.0802 1.7652e-06
200 10 1.561 7.0273 1.6915e-06
200 10 1.571 7.0428 1.6731e-06
200 10 1.581 7.2073 1.7892e-06
200 10 1.591 7.1457 1.794e-06
200 10 1.601 7.1162 1.5727e-06
200 10 1.611 7.1807 1.7046e-06
200 10 1.621 7.0271 1.7418e-06
200 10 1.631 6.9448 1.75e-06
200 10 1.641 7.0972 1.7602e-06
200 10 1.651 7.0362 1.7866e-06
200 10 1.661 6.9753 1.7803e-06
200 10 1.671 7.1022 1.77e-06
200 10 1.681 6.8705 1.7478e-06
200 10 1.691 6.9975 1.7337e-06
200 10 1.701 7.0267 1.7421e-06
200 10 1.711 6.9135 1.7561e-06
200 10 1.721 6.8418 1.7485e-06
200 10 1.731 6.9992 1.7535e-06
200 10 1.741 6.9905 1.7564e-06
200 10 1.751 7.033 1.7715e-06
200 10 1.761 7.0493 1.7669e-06
200 10 1.771 7.1282 1.759e-06
200 10 1.781 7.0733 1.7839e-06
200 10 1.791 6.9543 1.767e-06
200 10 1.801 7.0461 1.7547e-06
200 10 1.811 7.0425 1.7793e-06
200 10 1.821 7.0799 1.7957e-06
200 10 1.831 7.0934 1.7847e-06
200 10 1.841 7.172 1.7565e-06
200 10 1.851 7.1074 1.776e-06
200 10 1.861 7.1866 1.5748e-06
200 10 1.871 7.1721 1.4709e-06
200 10 1.881 7.212 1.4736e-06
200 10 1.891 7.3435 1.7832e-06
200 10 1.901 7.3357 1.6302e-06
200 10 1.911 7.3455 1.538e-06
200 10 1.921 7.3633 1.4527e-06
200 10 1.931 7.4001 1.4555e-06
200 10 1.941 7.4381 1.4472e-06
200 10 1.951 7.4264 1.5313e-06
200 10 1.961 7.4115 1.4299e-06
200 10 1.971 7.5516 1.4603e-06
200 10 1.981 7.5552 1.5205e-06
200 10 1.991 7.6017 1.42e-06
200 20 0.001 866.039 3.3582e-06
200 20 0.011 823.3 3.2691e-06
200 20 0.021 842.119 3.3055e-06
200 20 0.031 744.099 3.0653e-06
200 20 0.041 743.978 3.0535e-06
200 20 0.051 732.395 3.0344e-06
200 20 0.061 680.918 2.9575e-06
200 20 0.071 640.128 2.884e-06
200 20 0.081 618.627 2.0726e-06
200 20 0.091 586.376 1.7554e-06
200 20 0.101 532.91 2.4453e-06
200 20 0.111 519.363 1.7042e-06
200 20 0.121 507.387 1.6888e-06
200 20 0.131 450.031 2.0346e-06
200 20 0.141 431.617 2.3865e-06
200 20 0.151 432.001 2.3955e-06
200 20 0.161 382.845 2.2915e-06
200 20 0.171 379.893 2.3072e-06
200 20 0.181 358.395 2.2697e-06
200 20 0.191 340.143 2.2323e-06
200 20 0.201 306.472 2.0115e-06
200 20 0.211 292.619 1.4741e-06
200 20 0.221 286.53 1.4695e-06
200 20 0.231 273.408 1.9605e-06
200 20 0.241 254.423 1.4381e-06
200 20 0.251 242.157 1.6949e-06
200 20 0.261 217.532 1.953e-06
200 20 0.271 212.806 1.948e-06
200 20 0.281 198.32 1.9277e-06
200 20 0.291 169.388 1.8764e-06
200 20 0.301 170.535 1.8752e-06
200 20 0.311 155.662 1.8498e-06
200 20 0.321 154.336 1.8559e-06
200 20 0.331 133.017 1.8079e-06
200 20 0.341 132.134 1.8059e-06
200 20 0.351 122.158 1.7772e-06
200 20 0.361 118.418 1.7806e-06
200 20 0.371 110.165 1.7573e-06
200 20 0.381 98.9001 1.7318e-06
200 20 0.391 97.1788 1.7389e-06
200 20 0.401 90.5238 1.6801e-06
200 20 0.411 82.0151 1.3589e-06
200 20 0.421 80.112 1.9746e-06
200 20 0.431 70.5 1.5375e-06
200 20 0.441 64.081 1.7685e-06
200 20 0.451 65.081 1.7813e-06
200 20 0.461 60.1685 1.7794e-06
200 20 0.471 59.1363 1.671e-06
200 20 0.481 48.2649 1.7366e-06
200 20 0.491 51.6716 1.755e-06
200 20 0.501 50.0154 1.7538e-06
200 20 0.511 47.2005 1.761e-06
200 20 0.521 43.2907 1.7508e-06
200 20 0.531 41.6979 1.7539e-06
200 20 0.541 37.0535 1.7455e-06
200 20 0.551 37.0814 1.746e-06
200 20 0.561 34.1402 1.7352e-06
200 20 0.571 32.7058 1.7401e-06
200 20 0.581 30.6622 1.7376e-06
200 20 0.591 28.377 1.7629e-06
200 20 0.601 27.9974 1.635e-06
200 20 0.611 28.5361 1.7098e-06
200 20 0.621 25.5983 1.7065e-06
200 20 0.631 25.7178 1.7197e-06
200 20 0.641 24.041 1.719e-06
200 20 0.651 22.9147 1.7136e-06
200 20 0.661 22.4013 1.7302e-06
200 20 0.671 20.9535 1.7303e-06
200 20 0.681 20.0826 1.703e-06
200 20 0.691 19.7185 1.6957e-06
200 20 0.701 19.0187 1.6325e-06
200 20 0.711 18.5153 1.6945e-06
200 20 0.721 18.3052 1.7091e-06
200 20 0.731 16.9536 1.7092e-06
200 20 0.741 16.7727 1.7094e-06
200 20 0.751 16.4246 1.7162e-06
200 20 0.761 16.3382 1.7168e-06
200 20 0.771 15.0402 1.7048e-06
200 20 0.781 14.7205 1.7137e-06
200 20 0.791 14.7805 1.716e-06
200 20 0.801 14.2934 1.7238e-06
200 20 0.811 14.5683 1.7246e-06
200 20 0.821 13.1017 1.721e-06
200 20 0.831 13.0693 1.7284e-06
200 20 0.841 12.5444 1.7331e-06
200 20 0.851 12.8961 1.7458e-06
200 20 0.861 12.2606 1.6432e-06
200 20 0.871 12.066 1.5325e-06
200 20 0.881 11.885 1.7137e-06
200 20 0.891 11.8471 1.712e-06
200 20 0.901 11.2923 1.7283e-06
200 20 0.911 10.9089 1.7243e-06
200 20 0.921 10.8045 1.7244e-06
200 20 0.931 10.3439 1.7241e-06
200 20 0.941 10.3066 1.6752e-06
200 20 0.951 10.1196 1.5584e-06
200 20 0.961 9.7599 1.6574e-06
200 20 0.971 9.8297 1.715e-06
200 20 0.981 9.4141 1.4425e-06
200 20 0.991 9.1457 1.4417e-06
200 20 1.001 8.927 1.6219e-06
200 20 1.011 8.7409 1.5986e-06
200 20 1.021 8.6368 1.741e-06
200 20 1.031 8.3755 1.4481e-06
200 20 1.041 8.2535 1.654e-06
200 20 1.051 8.1948 1.7575e-06
200 20 1.061 7.8384 1.7642e-06
200 20 1.071 7.7698 1.6517e-06
200 20 1.081 7.9472 1.8131e-06
200 20 1.091 7.7179 1.6505e-06
200 20 1.101 7.449 1.6451e-06
200 20 1.111 7.2445 1.6281e-06
200 20 1.121 7.3055 1.6282e-06
200 20 1.131 7.1203 1.7677e-06
200 20 1.141 7.1713 1.803e-06
200 20 1.151 6.9177 1.7726e-06
200 20 1.161 6.8479 1.7783e-06
200 20 1.171 6.7938 1.791e-06
200 20 1.181 6.6062 1.7927e-06
200 20 1.191 6.7665 1.7505e-06
200 20 1.201 6.577 1.7448e-06
200 20 1.211 6.5466 1.7742e-06
200 20 1.221 6.6517 1.7699e-06
200 20 1.231 6.4671 1.7503e-06
200 20 1.241 6.5017 1.7551e-06
200 20 1.251 6.3427 1.6835e-06
200 20 1.261 6.4044 1.6225e-06
200 20 1.271 6.215 1.9149e-06
200 20 1.281 6.1898 1.6852e-06
200 20 1.291 6.194 1.782e-06
200 20 1.301 6.1039 1.9219e-06
200 20 1.311 6.1005 1.9315e-06
200 20 1.321 5.9909 1.944e-06
200 20 1.331 5.8948 1.9196e-06
200 20 1.341 5.7844 1.9192e-06
200 20 1.351 5.8459 1.9399e-06
200 20 1.361 5.8747 1.9677e-06
200 20 1.371 5.712 1.782e-06
200 20 1.381 5.8394 1.644e-06
200 20 1.391 5.7216 1.7992e-06
200 20 1.401 5.7688 1.6543e-06
200 20 1.411 5.6107 1.4957e-06
200 20 1.421 5.4974 1.6568e-06
200 20 1.431 5.5845 1.6507e-06
200 20 1.441 5.4707 1.5949e-06
200 20 1.451 5.5665 1.803e-06
200 20 1.461 5.4575 1.8114e-06
200 20 1.471 5.3609 1.809e-06
200 20 1.481 5.4017 1.8108e-06
200 20 1.491 5.2979 1.8163e-06
200 20 1.501 5.3817 1.8091e-06
200 20 1.511 5.413 1.8145e-06
200 20 1.521 5.3418 1.6856e-06
200 20 1.531 5.3068 1.7792e-06
200 20 1.541 5.2355 1.7046e-06
200 20 1.551 5.3868 1.6085e-06
200 20 1.561 5.2041 1.6581e-06
200 20 1.571 5.2475 1.6622e-06
200 20 1.581 5.2672 1.6885e-06
200 20 1.591 5.1211 1.7602e-06
200 20 1.601 5.1395 1.7681e-06
200 20 1.611 5.1245 1.7957e-06
200 20 1.621 5.1396 1.8005e-06
200 20 1.631 5.1345 1.8026e-06
200 20 1.641 5.1519 1.8271e-06
200 20 1.651 5.112 1.6718e-06
200 20 1.661 5.21 1.6692e-06
200 20 1.671 5.1598 1.7931e-06
200 20 1.681 5.2437 1.5118e-06
200 20 1.691 5.2297 1.489e-06
200 20 1.701 5.2771 1.5035e-06
200 20 1.711 5.2983 1.505e-06
200 20 1.721 5.1955 1.4933e-06
200 20 1.731 5.2695 1.7827e-06
200 20 1.741 5.3013 1.7964e-06
200 20 1.751 5.3159 1.6758e-06
200 20 1.761 5.3445 1.7944e-06
200 20 1.771 5.3952 1.8412e-06
200 20 1.781 5.3633 1.9339e-06
200 20 1.791 5.5102 1.7028e-06
200 20 1.801 5.5077 1.6518e-06
200 20 1.811 5.4467 1.7827e-06
200 20 1.821 5.4844 1.7273e-06
200 20 1.831 5.4815 1.9259e-06
200 20 1.841 5.5083 1.9434e-06
200 20 1.851 5.4526 1.9359e-06
200 20 1.861 5.6029 1.9387e-06
200 20 1.871 5.6044 1.9424e-06
200 20 1.881 5.7765 1.9482e-06
200 20 1.891 5.7373 1.9461e-06
200 20 1.901 5.7697 1.9519e-06
200 20 1.911 5.7755 1.9531e-06
200 20 1.921 5.7607 1.9336e-06
200 20 1.931 5.8798 1.9416e-06
200 20 1.941 5.9089 1.9388e-06
200 20 1.951 5.9089 1.9432e-06
200 20 1.961 6.0134 1.5854e-06
200 20 1.971 6.0722 1.4208e-06
200 20 1.981 6.152 1.5245e-06
200 20 1.991 6.1554 1.3662e-06
200 30 0.001 1250.58 2.4148e-06
200 30 0.011 1188.58 2.3545e-06
200 30 0.021 1094.12 3.5742e-06
200 30 0.031 1114.45 3.6352e-06
200 30 0.041 986.905 2.8738e-06
200 30 0.051 921.403 3.2259e-06
200 30 0.061 880.379 2.3211e-06
200 30 0.071 804.996 2.1402e-06
200 30 0.081 760.154 2.9427e-06
200 30 0.091 726.529 2.6279e-06
200 30 0.101 657.667 1.9855e-06
200 30 0.111 619.449 1.8044e-06
200 30 0.121 566.619 1.7382e-06
200 30 0.131 491.541 2.3924e-06
200 30 0.141 481.384 2.0113e-06
200 30 0.151 426.86 2.3934e-06
200 30 0.161 408.855 2.3722e-06
200 30 0.171 369.202 1.8733e-06
200 30 0.181 339.563 2.2404e-06
200 30 0.191 316.323 2.1755e-06
200 30 0.201 293.212 2.1432e-06
200 30 0.211 272.253 2.1016e-06
200 30 0.221 245.054 2.0665e-06
200 30 0.231 219.173 1.9919e-06
200 30 0.241 201.346 1.8944e-06
200 30 0.251 188.221 1.6463e-06
200 30 0.261 171.676 1.9184e-06
200 30 0.271 149.559 1.7855e-06
200 30 0.281 140.933 1.379e-06
200 30 0.291 125.017 1.362e-06
200 30 0.301 116.36 1.3648e-06
200 30 0.311 106.499 1.4907e-06
200 30 0.321 94.522 1.9798e-06
200 30 0.331 92.0604 1.6229e-06
200 30 0.341 82.6574 1.4769e-06
200 30 0.351 75.2684 1.7881e-06
200 30 0.361 70.4431 1.766e-06
200 30 0.371 64.9094 1.7752e-06
200 30 0.381 59.4678 1.6442e-06
200 30 0.391 55.771 1.6666e-06
200 30 0.401 51.5833 1.7358e-06
200 30 0.411 49.3873 1.4949e-06
200 30 0.421 47.9632 1.3315e-06
200 30 0.431 42.1693 1.3408e-06
200 30 0.441 41.499 1.3487e-06
200 30 0.451 38.0067 1.4653e-06
200 30 0.461 34.8008 1.7202e-06
200 30 0.471 34.7135 1.7428e-06
200 30 0.481 31.4396 1.7474e-06
200 30 0.491 32.1532 1.7792e-06
200 30 0.501 28.4592 1.4087e-06
200 30 0.511 29.6297 1.5697e-06
200 30 0.521 26.169 1.3675e-06
200 30 0.531 24.2027 1.3631e-06
200 30 0.541 23.6454 1.3735e-06
200 30 0.551 22.7047 1.3744e-06
200 30 0.561 22.6434 1.3832e-06
200 30 0.571 22.2977 1.5637e-06
200 30 0.581 20.949 1.6503e-06
200 30 0.591 19.9787 1.7512e-06
200 30 0.601 19.8386 1.7662e-06
200 30 0.611 19.7239 1.7437e-06
200 30 0.621 17.9241 1.7299e-06
200 30 0.631 17.5845 1.7272e-06
200 30 0.641 18.3613 1.6084e-06
200 30 0.651 16.7592 1.5184e-06
200 30 0.661 16.6564 1.5699e-06
200 30 0.671 16.0867 1.6673e-06
200 30 0.681 15.6733 1.6516e-06
200 30 0.691 15.2892 1.9068e-06
200 30 0.701 14.8988 1.9952e-06
200 30 0.711 14.7103 1.7822e-06
200 30 0.721 14.4157 1.7592e-06
200 30 0.731 13.6335 1.6484e-06
200 30 0.741 13.4918 1.7982e-06
200 30 0.751 13.6593 1.6545e-06
200 30 0.761 13.0348 1.4369e-06
200 30 0.771 12.9405 1.446e-06
200 30 0.781 12.4876 1.4527e-06
200 30 0.791 12.3743 1.8005e-06
200 30 0.801 11.7544 1.7882e-06
200 30 0.811 11.9773 1.7846e-06
200 30 0.821 11.6468 1.7834e-06
200 30 0.831 11.3794 1.7952e-06
200 30 0.841 10.998 1.7851e-06
200 30 0.851 10.9162 1.4508e-06
200 30 0.861 10.5884 1.5084e-06
200 30 0.871 10.2158 1.5788e-06
200 30 0.881 10.0501 1.4766e-06
200 30 0.891 9.9272 1.4747e-06
200 30 0.901 9.8967 1.7936e-06
200 30 0.911 9.6053 1.7952e-06
200 30 0.921 9.0893 1.8447e-06
200 30 0.931 8.8028 1.7585e-06
200 30 0.941 8.6515 1.8755e-06
200 30 0.951 8.5413 1.8512e-06
200 30 0.961 8.4713 1.8431e-06
200 30 0.971 8.4519 1.8244e-06
200 30 0.981 7.904 1.843e-06
200 30 0.991 8.0328 1.7002e-06
200 30 1.001 7.6842 1.8789e-06
200 30 1.011 7.4388 2.0047e-06
200 30 1.021 7.313 2.0185e-06
200 30 1.031 7.1294 2.0149e-06
200 30 1.041 7.1399 2.0207e-06
200 30 1.051 7.1092 2.0156e-06
200 30 1.061 6.7365 1.7611e-06
200 30 1.071 6.7008 1.9023e-06
200 30 1.081 6.6375 1.8322e-06
200 30 1.091 6.4975 1.7718e-06
200 30 1.101 6.3421 1.8067e-06
200 30 1.111 6.2756 1.803e-06
200 30 1.121 6.1983 1.5271e-06
200 30 1.131 6.1558 1.82e-06
200 30 1.141 6.0708 1.8571e-06
200 30 1.151 6.0247 1.8477e-06
200 30 1.161 5.778 1.8572e-06
200 30 1.171 5.9977 1.859e-06
200 30 1.181 5.6989 1.8596e-06
200 30 1.191 5.687 1.8721e-06
200 30 1.201 5.5982 1.858e-06
200 30 1.211 5.709 1.863e-06
200 30 1.221 5.6174 1.8575e-06
200 30 1.231 5.6656 1.8612e-06
200 30 1.241 5.5551 1.88e-06
200 30 1.251 5.5399 1.8707e-06
200 30 1.261 5.2583 1.8691e-06
200 30 1.271 5.202 1.8667e-06
200 30 1.281 5.2065 1.8065e-06
200 30 1.291 5.1899 1.5731e-06
200 30 1.301 5.1123 1.5579e-06
200 30 1.311 4.9798 1.5438e-06
200 30 1.321 5.0353 1.562e-06
200 30 1.331 5.0283 1.7227e-06
200 30 1.341 5.0666 1.9293e-06
200 30 1.351 4.841 1.9053e-06
200 30 1.361 4.9156 1.7727e-06
200 30 1.371 4.9067 1.8618e-06
200 30 1.381 4.7347 1.8601e-06
200 30 1.391 4.879 1.8715e-06
200 30 1.401 4.846 1.8646e-06
200 30 1.411 4.7477 1.8648e-06
200 30 1.421 4.7066 1.8695e-06
200 30 1.431 4.657 1.866e-06
200 30 1.441 4.6774 1.8744e-06
200 30 1.451 4.5408 1.8767e-06
200 30 1.461 4.5893 1.8805e-06
200 30 1.471 4.5836 1.8671e-06
200 30 1.481 4.4854 1.8762e-06
200 30 1.491 4.6557 1.8764e-06
200 30 1.501 4.4582 1.8745e-06
200 30 1.511 4.4656 1.6644e-06
200 30 1.521 4.507 1.8797e-06
200 30 1.531 4.4442 1.8765e-06
200 30 1.541 4.434 1.8983e-06
200 30 1.551 4.3528 1.9216e-06
200 30 1.561 4.4194 1.9359e-06
200 30 1.571 4.4736 1.8189e-06
200 30 1.581 4.5076 1.74e-06
200 30 1.591 4.3667 1.7819e-06
200 30 1.601 4.4282 1.8719e-06
200 30 1.611 4.376 1.57e-06
200 30 1.621 4.3803 1.5959e-06
200 30 1.631 4.4545 1.6612e-06
200 30 1.641 4.4743 1.8435e-06
200 30 1.651 4.4157 1.8512e-06
200 30 1.661 4.4753 1.8571e-06
200 30 1.671 4.4981 1.8571e-06
200 30 1.681 4.5457 1.8584e-06
200 30 1.691 4.4884 1.8583e-06
200 30 1.701 4.5199 1.8547e-06
200 30 1.711 4.56 1.8469e-06
200 30 1.721 4.5798 1.8597e-06
200 30 1.731 4.5848 1.8549e-06
200 30 1.741 4.5936 1.8525e-06
200 30 1.751 4.6093 1.8566e-06
200 30 1.761 4.6334 1.8557e-06
200 30 1.771 4.7183 1.8921e-06
200 30 1.781 4.6518 1.8922e-06
200 30 1.791 4.7206 1.8878e-06
200 30 1.801 4.7574 1.903e-06
200 30 1.811 4.7565 1.8884e-06
200 30 1.821 4.8123 1.8883e-06
200 30 1.831 4.8297 1.8946e-06
200 30 1.841 4.8729 1.8994e-06
200 30 1.851 4.8655 1.8955e-06
200 30 1.861 4.8259 1.8898e-06
200 30 1.871 4.916 1.8886e-06
200 30 1.881 4.9048 1.8853e-06
200 30 1.891 5.0465 1.8774e-06
200 30 1.901 5.0162 1.885e-06
200 30 1.911 5.0927 1.8909e-06
200 30 1.921 5.1534 1.9155e-06
200 30 1.931 5.1894 1.8391e-06
200 30 1.941 5.1856 1.6521e-06
200 30 1.951 5.2201 1.6539e-06
200 30 1.961 5.2042 1.4786e-06
200 30 1.971 5.3317 1.4544e-06
200 30 1.981 5.3734 1.441e-06
200 30 1.991 5.4004 1.5123e-06
200 40 0.001 1540.43 4.9773e-06
200 40 0.011 1446.82 4.0305e-06
200 40 0.021 1344.92 3.8294e-06
200 40 0.031 1280.69 4.4138e-06
200 40 0.041 1149.63 4.1034e-06
200 40 0.051 1045.33 3.8502e-06
200 40 0.061 953.266 3.6222e-06
200 40 0.071 887.777 3.4486e-06
200 40 0.081 795.245 3.165e-06
200 40 0.091 717.879 2.146e-06
200 40 0.101 661.596 1.993e-06
200 40 0.111 602.002 1.8962e-06
200 40 0.121 543.281 2.6818e-06
200 40 0.131 485.465 2.5994e-06
200 40 0.141 426.176 1.7944e-06
200 40 0.151 412.764 1.6939e-06
200 40 0.161 338.389 1.642e-06
200 40 0.171 311.18 2.3006e-06
200 40 0.181 260.077 2.1442e-06
200 40 0.191 243.845 2.1088e-06
200 40 0.201 222.959 2.0644e-06
200 40 0.211 199.268 2.0299e-06
200 40 0.221 182.194 2e-06
200 40 0.231 156.184 1.9454e-06
200 40 0.241 136.203 1.7814e-06
200 40 0.251 133.665 2.1247e-06
200 40 0.261 111.264 1.9769e-06
200 40 0.271 97.3973 1.9216e-06
200 40 0.281 90.676 1.9009e-06
200 40 0.291 87.1204 1.9031e-06
200 40 0.301 74.6379 1.8696e-06
200 40 0.311 68.3275 1.8662e-06
200 40 0.321 66.0669 1.8695e-06
200 40 0.331 54.6288 1.8519e-06
200 40 0.341 50.5195 1.8428e-06
200 40 0.351 45.2805 1.5542e-06
200 40 0.361 40.6148 1.7629e-06
200 40 0.371 39.5445 1.755e-06
200 40 0.381 34.5089 1.7625e-06
200 40 0.391 34.5218 1.7668e-06
200 40 0.401 31.4353 1.7627e-06
200 40 0.411 30.6244 1.7607e-06
200 40 0.421 27.7232 1.7559e-06
200 40 0.431 27.36 1.7499e-06
200 40 0.441 25.1888 1.7621e-06
200 40 0.451 25.2532 1.7564e-06
200 40 0.461 23.5096 1.7587e-06
200 40 0.471 22.083 1.7699e-06
200 40 0.481 21.133 1.7725e-06
200 40 0.491 20.2311 1.7701e-06
200 40 0.501 20.6442 1.7822e-06
200 40 0.511 18.8807 1.7865e-06
200 40 0.521 19.1787 3.3463e-06
200 40 0.531 18.9402 9.2015e-06
200 40 0.541 17.9891 7.3999e-06
200 40 0.551 17.4983 1.8163e-06
200 40 0.561 16.5569 1.8494e-06
200 40 0.571 16.4841 1.9269e-06
200 40 0.581 16.6584 1.8681e-06
200 40 0.591 15.9436 1.8519e-06
200 40 0.601 15.5409 1.8677e-06
200 40 0.611 14.8841 1.899e-06
200 40 0.621 14.7241 1.8932e-06
200 40 0.631 15.0212 1.9018e-06
200 40 0.641 14.3447 1.8642e-06
200 40 0.651 14.198 1.8792e-06
200 40 0.661 13.6334 1.8628e-06
200 40 0.671 13.4485 1.895e-06
200 40 0.681 13.1335 1.465e-06
200 40 0.691 13.0925 1.4659e-06
200 40 0.701 12.6196 1.5127e-06
200 40 0.711 11.998 1.8296e-06
200 40 0.721 12.2356 1.844e-06
200 40 0.731 11.6728 1.7673e-06
200 40 0.741 11.6875 1.8117e-06
200 40 0.751 11.3195 1.8605e-06
200 40 0.761 10.9088 1.884e-06
200 40 0.771 10.9886 1.8734e-06
200 40 0.781 11.0476 1.862e-06
200 40 0.791 10.4764 1.8762e-06
200 40 0.801 9.8884 1.9085e-06
200 40 0.811 10.2916 1.9027e-06
200 40 0.821 10.247 1.9181e-06
200 40 0.831 9.9134 1.9283e-06
200 40 0.841 9.2175 1.926e-06
200 40 0.851 8.8595 1.9336e-06
200 40 0.861 9.2407 1.7387e-06
200 40 0.871 8.652 1.5768e-06
200 40 0.881 8.8975 1.5483e-06
200 40 0.891 8.4797 1.7118e-06
200 40 0.901 8.1529 1.8985e-06
200 40 0.911 8.2741 1.9292e-06
200 40 0.921 7.6037 1.9106e-06
200 40 0.931 8.0034 1.907e-06
200 40 0.941 7.5642 1.9053e-06
200 40 0.951 7.7104 1.9162e-06
200 40 0.961 7.1075 1.9247e-06
200 40 0.971 7.2194 1.9282e-06
200 40 0.981 7.0646 1.964e-06
200 40 0.991 6.8671 1.9918e-06
200 40 1.001 6.7028 1.9939e-06
200 40 1.011 6.3402 1.5878e-06
200 40 1.021 6.3693 1.5676e-06
200 40 1.031 6.1687 1.8607e-06
200 40 1.041 5.9627 1.9319e-06
200 40 1.051 6.115 1.9275e-06
200 40 1.061 5.7422 1.9143e-06
200 40 1.071 5.7012 1.5629e-06
200 40 1.081 5.6394 1.8686e-06
200 40 1.091 5.7189 1.9676e-06
200 40 1.101 5.6569 1.8126e-06
200 40 1.111 5.4162 1.9545e-06
200 40 1.121 5.383 1.9615e-06
200 40 1.131 5.3935 1.7261e-06
200 40 1.141 5.1929 1.5791e-06
200 40 1.151 5.2365 1.9223e-06
200 40 1.161 5.1202 1.9305e-06
200 40 1.171 5.1215 1.9298e-06
200 40 1.181 5.197 1.9305e-06
200 40 1.191 4.9422 1.8421e-06
200 40 1.201 4.984 1.9026e-06
200 40 1.211 4.9582 1.9383e-06
200 40 1.221 4.8963 1.9354e-06
200 40 1.231 4.909 1.957e-06
200 40 1.241 4.7408 1.9564e-06
200 40 1.251 4.7791 1.646e-06
200 40 1.261 4.6271 1.7219e-06
200 40 1.271 4.7983 1.7574e-06
200 40 1.281 4.6658 1.6642e-06
200 40 1.291 4.6495 1.6425e-06
200 40 1.301 4.4844 1.9517e-06
200 40 1.311 4.5529 1.9799e-06
200 40 1.321 4.513 1.9703e-06
200 40 1.331 4.4841 1.9672e-06
200 40 1.341 4.4037 1.9403e-06
200 40 1.351 4.4488 1.9433e-06
200 40 1.361 4.3254 1.9599e-06
200 40 1.371 4.3835 1.9742e-06
200 40 1.381 4.3364 1.6174e-06
200 40 1.391 4.2747 1.6118e-06
200 40 1.401 4.2036 1.6055e-06
200 40 1.411 4.173 1.6091e-06
200 40 1.421 4.1781 1.6234e-06
200 40 1.431 4.1583 1.6975e-06
200 40 1.441 4.0649 1.6062e-06
200 40 1.451 4.1488 1.6194e-06
200 40 1.461 3.9861 1.6084e-06
200 40 1.471 4.1022 1.671e-06
200 40 1.481 4.0457 1.693e-06
200 40 1.491 4.0674 1.6193e-06
200 40 1.501 3.9965 1.6763e-06
200 40 1.511 3.9873 1.9813e-06
200 40 1.521 3.9925 1.98e-06
200 40 1.531 3.9421 1.8864e-06
200 40 1.541 3.9509 1.7062e-06
200 40 1.551 4.0201 1.9522e-06
200 40 1.561 3.9364 1.9561e-06
200 40 1.571 3.9107 1.9559e-06
200 40 1.581 3.9578 1.951e-06
200 40 1.591 4.0182 1.9522e-06
200 40 1.601 3.8585 1.9756e-06
200 40 1.611 3.9538 1.651e-06
200 40 1.621 3.9431 1.6922e-06
200 40 1.631 3.9891 1.9578e-06
200 40 1.641 3.9343 1.7059e-06
200 40 1.651 3.9792 1.9354e-06
200 40 1.661 3.9545 1.9326e-06
200 40 1.671 4.0241 1.9587e-06
200 40 1.681 4.1031 1.6351e-06
200 40 1.691 4.0473 1.6183e-06
200 40 1.701 4.045 1.615e-06
200 40 1.711 4.0674 1.6198e-06
200 40 1.721 4.0985 1.6291e-06
200 40 1.731 4.1738 1.6158e-06
200 40 1.741 4.1668 1.9209e-06
200 40 1.751 4.1375 1.9412e-06
200 40 1.761 4.1648 1.9519e-06
200 40 1.771 4.167 1.8081e-06
200 40 1.781 4.1601 1.6141e-06
200 40 1.791 4.2528 1.927e-06
200 40 1.801 4.2527 2.0657e-06
200 40 1.811 4.2978 1.9964e-06
200 40 1.821 4.2967 1.938e-06
200 40 1.831 4.3579 1.9409e-06
200 40 1.841 4.4039 1.9411e-06
200 40 1.851 4.3747 1.605e-06
200 40 1.861 4.4512 1.8062e-06
200 40 1.871 4.4292 1.9499e-06
200 40 1.881 4.488 1.961e-06
200 40 1.891 4.5407 1.6323e-06
200 40 1.901 4.5774 1.6992e-06
200 40 1.911 4.5366 1.8754e-06
200 40 1.921 4.6495 2.0489e-06
200 40 1.931 4.6543 2.041e-06
200 40 1.941 4.7027 2.0389e-06
200 40 1.951 4.7321 2.0327e-06
200 40 1.961 4.7569 1.9138e-06
200 40 1.971 4.8192 1.7331e-06
200 40 1.981 4.8494 1.8954e-06
200 40 1.991 4.9041 1.8737e-06
300 10 0.001 669.85 3.092e-06
300 10 0.011 647.777 3.0613e-06
300 10 0.021 643.47 3.0511e-06
300 10 0.031 596.643 2.9072e-06
300 10 0.041 618.791 2.9651e-06
300 10 0.051 599.077 2.9238e-06
300 10 0.061 590.945 2.9065e-06
300 10 0.071 576.47 2.8787e-06
300 10 0.081 532.487 2.7564e-06
300 10 0.091 552.113 2.8151e-06
300 10 0.101 540.069 2.7957e-06
300 10 0.111 514.216 2.7382e-06
300 10 0.121 509.666 2.7308e-06
300 10 0.131 490.046 2.698e-06
300 10 0.141 473.782 2.6488e-06
300 10 0.151 457.141 2.6121e-06
300 10 0.161 454.423 2.5949e-06
300 10 0.171 448.321 2.5972e-06
300 10 0.181 421.148 2.5305e-06
300 10 0.191 421.45 2.5372e-06
300 10 0.201 395.143 2.4763e-06
300 10 0.211 388.472 2.4663e-06
300 10 0.221 379.83 2.4484e-06
300 10 0.231 361.431 2.4356e-06
300 10 0.241 350.23 2.4161e-06
300 10 0.251 344.939 2.405e-06
300 10 0.261 330.701 2.3408e-06
300 10 0.271 323.457 2.3232e-06
300 10 0.281 314.378 1.6681e-06
300 10 0.291 297.213 1.6156e-06
300 10 0.301 289.168 1.7926e-06
300 10 0.311 277.306 2.1938e-06
300 10 0.321 267.009 2.1017e-06
300 10 0.331 264.484 1.7593e-06
300 10 0.341 248.638 2.1361e-06
300 10 0.351 249.421 2.1419e-06
300 10 0.361 229.358 2.0899e-06
300 10 0.371 228.728 2.0883e-06
300 10 0.381 215.398 2.0687e-06
300 10 0.391 208.623 2.0502e-06
300 10 0.401 198.26 2.0199e-06
300 10 0.411 199.862 2.0402e-06
300 10 0.421 191.759 1.9216e-06
300 10 0.431 171.662 1.4989e-06
300 10 0.441 171.822 1.8899e-06
300 10 0.451 169.955 2.0418e-06
300 10 0.461 162.111 2.0249e-06
300 10 0.471 151.985 1.7038e-06
300 10 0.481 148.702 1.9659e-06
300 10 0.491 144.703 1.6116e-06
300 10 0.501 140.985 1.4946e-06
300 10 0.511 132.186 1.8009e-06
300 10 0.521 123.702 1.4939e-06
300 10 0.531 122.302 1.4914e-06
300 10 0.541 117.365 1.4747e-06
300 10 0.551 110.627 1.4862e-06
300 10 0.561 110.694 1.5509e-06
300 10 0.571 102.913 1.5023e-06
300 10 0.581 98.873 1.7063e-06
300 10 0.591 99.3096 1.9433e-06
300 10 0.601 93.9779 1.9016e-06
300 10 0.611 86.234 1.5191e-06
300 10 0.621 84.2714 1.4759e-06
300 10 0.631 82.1222 1.4594e-06
300 10 0.641 76.0969 1.5627e-06
300 10 0.651 75.3491 1.4814e-06
300 10 0.661 71.0371 1.4628e-06
300 10 0.671 68.6499 1.4781e-06
300 10 0.681 65.7858 1.483e-06
300 10 0.691 63.5087 1.4808e-06
300 10 0.701 57.5568 1.5298e-06
300 10 0.711 58.0193 1.4953e-06
300 10 0.721 57.0224 1.5751e-06
300 10 0.731 53.2247 1.843e-06
300 10 0.741 51.3002 1.8278e-06
300 10 0.751 48.4432 1.845e-06
300 10 0.761 48.1068 1.8185e-06
300 10 0.771 44.7969 1.6546e-06
300 10 0.781 41.9002 1.6812e-06
300 10 0.791 41.7853 1.7489e-06
300 10 0.801 40.1624 1.7133e-06
300 10 0.811 38.049 1.4799e-06
300 10 0.821 38.243 1.5073e-06
300 10 0.831 37.583 1.7355e-06
300 10 0.841 36.2447 1.9381e-06
300 10 0.851 35.3646 1.9616e-06
300 10 0.861 30.9903 1.6778e-06
300 10 0.871 30.5655 1.8104e-06
300 10 0.881 29.7913 1.8336e-06
300 10 0.891 29.101 1.7204e-06
300 10 0.901 28.2531 1.51e-06
300 10 0.911 26.1228 1.501e-06
300 10 0.921 25.4456 1.507e-06
300 10 0.931 25.8476 1.5101e-06
300 10 0.941 23.8101 1.6028e-06
300 10 0.951 23.6234 1.6265e-06
300 10 0.961 22.9138 1.8446e-06
300 10 0.971 22.5575 1.81e-06
300 10 0.981 21.3786 1.8173e-06
300 10 0.991 20.9287 1.8196e-06
300 10 1.001 19.6172 1.6197e-06
300 10 1.011 19.2807 1.5737e-06
300 10 1.021 18.1112 1.5312e-06
300 10 1.031 18.0265 1.5231e-06
300 10 1.041 17.1321 1.5361e-06
300 10 1.051 17.0709 1.7278e-06
300 10 1.061 16.7734 1.8541e-06
300 10 1.071 16.7292 1.8566e-06
300 10 1.081 16.4133 1.856e-06
300 10 1.091 16.0595 1.8259e-06
300 10 1.101 15.9538 1.7843e-06
300 10 1.111 15.6595 1.6822e-06
300 10 1.121 14.6033 1.6924e-06
300 10 1.131 14.628 1.8727e-06
300 10 1.141 14.9143 1.6217e-06
300 10 1.151 14.4214 1.5666e-06
300 10 1.161 14.7001 1.5835e-06
300 10 1.171 14.23 1.6249e-06
300 10 1.181 13.4849 1.5661e-06
300 10 1.191 13.7494 1.5708e-06
300 10 1.201 13.6772 1.7044e-06
300 10 1.211 13.4161 1.5896e-06
300 10 1.221 13.5391 1.8155e-06
300 10 1.231 12.9192 1.9075e-06
300 10 1.241 13.1868 1.7183e-06
300 10 1.251 12.9251 1.9066e-06
300 10 1.261 12.8038 1.8999e-06
300 10 1.271 12.5353 1.9001e-06
300 10 1.281 12.6755 1.9013e-06
300 10 1.291 12.2853 1.9056e-06
300 10 1.301 12.3967 1.9178e-06
300 10 1.311 12.353 1.923e-06
300 10 1.321 12.187 1.9077e-06
300 10 1.331 12.102 1.9168e-06
300 10 1.341 11.398 1.9047e-06
300 10 1.351 11.6709 1.9052e-06
300 10 1.361 11.8317 1.9219e-06
300 10 1.371 11.366 1.923e-06
300 10 1.381 11.5541 1.9271e-06
300 10 1.391 11.7437 1.9286e-06
300 10 1.401 11.2695 1.9183e-06
300 10 1.411 11.0605 1.9237e-06
300 10 1.421 11.1666 1.9265e-06
300 10 1.431 11.3823 1.9235e-06
300 10 1.441 11.0787 1.6864e-06
300 10 1.451 10.9877 1.6616e-06
300 10 1.461 10.8025 1.6073e-06
300 10 1.471 10.752 1.7402e-06
300 10 1.481 10.6421 1.8349e-06
300 10 1.491 10.9378 1.6277e-06
300 10 1.501 10.434 1.6715e-06
300 10 1.511 10.6222 1.9195e-06
300 10 1.521 10.4178 1.9239e-06
300 10 1.531 10.3294 1.7711e-06
300 10 1.541 10.4143 1.6855e-06
300 10 1.551 10.2992 1.6319e-06
300 10 1.561 10.246 1.6265e-06
300 10 1.571 10.2837 1.6435e-06
300 10 1.581 10.2905 1.7227e-06
300 10 1.591 10.218 1.9511e-06
300 10 1.601 10.2589 1.9425e-06
300 10 1.611 10.3933 1.9416e-06
300 10 1.621 10.1893 1.777e-06
300 10 1.631 10.323 1.6357e-06
300 10 1.641 10.0494 1.922e-06
300 10 1.651 10.4055 1.9345e-06
300 10 1.661 10.2175 1.762e-06
300 10 1.671 10.1642 1.8145e-06
300 10 1.681 10.0058 1.8299e-06
300 10 1.691 10.3147 1.9396e-06
300 10 1.701 10.2476 1.6965e-06
300 10 1.711 10.2389 1.6595e-06
300 10 1.721 10.249 1.6452e-06
300 10 1.731 10.1708 1.6503e-06
300 10 1.741 10.2391 1.6452e-06
300 10 1.751 10.2839 1.7201e-06
300 10 1.761 10.1952 1.6995e-06
300 10 1.771 10.2603 1.6419e-06
300 10 1.781 10.3397 1.6339e-06
300 10 1.791 10.4564 1.6443e-06
300 10 1.801 10.3282 2.0797e-06
300 10 1.811 10.3398 2.0821e-06
300 10 1.821 10.2811 2.0753e-06
300 10 1.831 10.4623 2.0806e-06
300 10 1.841 10.4005 2.0747e-06
300 10 1.851 10.5407 2.0821e-06
300 10 1.861 10.5134 1.8605e-06
300 10 1.871 10.4109 2.0349e-06
300 10 1.881 10.5307 2.016e-06
300 10 1.891 10.5778 1.8256e-06
300 10 1.901 10.6131 1.7117e-06
300 10 1.911 10.7615 1.7957e-06
300 10 1.921 10.7574 1.9683e-06
300 10 1.931 10.6445 1.9917e-06
300 10 1.941 10.9324 1.9976e-06
300 10 1.951 10.9898 2.0064e-06
300 10 1.961 11.0376 1.7937e-06
300 10 1.971 11.1208 1.7257e-06
300 10 1.981 11.2068 2.0173e-06
300 10 1.991 11.2542 1.9574e-06
300 20 0.001 1300.85 4.4243e-06
300 20 0.011 1275.88 4.3633e-06
300 20 0.021 1270.11 3.1622e-06
300 20 0.031 1164.42 2.4238e-06
300 20 0.041 1148.78 2.6088e-06
300 20 0.051 1058.92 2.5664e-06
300 20 0.061 1044.72 3.8678e-06
300 20 0.071 980.25 3.7341e-06
300 20 0.081 917.252 3.587e-06
300 20 0.091 905.991 3.5623e-06
300 20 0.101 874.86 3.4969e-06
300 20 0.111 796.748 3.3227e-06
300 20 0.121 824.56 3.404e-06
300 20 0.131 740.141 3.2201e-06
300 20 0.141 670.382 2.0779e-06
300 20 0.151 662.613 1.9161e-06
300 20 0.161 625.064 1.8658e-06
300 20 0.171 591.281 1.8449e-06
300 20 0.181 548.771 1.8824e-06
300 20 0.191 517.055 2.7121e-06
300 20 0.201 494.322 2.6884e-06
300 20 0.211 464.589 2.6186e-06
300 20 0.221 423.782 2.52e-06
300 20 0.231 421.507 2.5019e-06
300 20 0.241 397.289 2.4472e-06
300 20 0.251 374.711 2.3928e-06
300 20 0.261 334.186 2.3032e-06
300 20 0.271 320.232 2.1303e-06
300 20 0.281 292.895 1.708e-06
300 20 0.291 275.645 1.6613e-06
300 20 0.301 258.745 1.9258e-06
300 20 0.311 243.46 2.1117e-06
300 20 0.321 227.724 2.0866e-06
300 20 0.331 227.927 2.0649e-06
300 20 0.341 203.476 1.475e-06
300 20 0.351 188.34 1.4682e-06
300 20 0.361 188.182 1.4725e-06
300 20 0.371 167.337 1.6134e-06
300 20 0.381 155.06 1.8744e-06
300 20 0.391 138.824 1.7306e-06
300 20 0.401 136.368 1.5144e-06
300 20 0.411 124.371 1.7874e-06
300 20 0.421 116.337 1.964e-06
300 20 0.431 112.86 2.0182e-06
300 20 0.441 104.155 1.7474e-06
300 20 0.451 97.4696 1.8276e-06
300 20 0.461 100.215 1.8976e-06
300 20 0.471 82.5356 1.8653e-06
300 20 0.481 84.1699 1.8795e-06
300 20 0.491 78.9839 1.8738e-06
300 20 0.501 74.7909 1.8592e-06
300 20 0.511 66.716 1.8444e-06
300 20 0.521 64.2663 1.8481e-06
300 20 0.531 61.8989 1.8359e-06
300 20 0.541 57.8471 1.8367e-06
300 20 0.551 54.4801 1.8384e-06
300 20 0.561 50.3412 1.8291e-06
300 20 0.571 49.7249 1.58e-06
300 20 0.581 47.5161 1.4449e-06
300 20 0.591 44.7283 1.7424e-06
300 20 0.601 41.1757 1.8249e-06
300 20 0.611 40.6027 1.8322e-06
300 20 0.621 36.9857 1.8167e-06
300 20 0.631 36.6503 1.81e-06
300 20 0.641 36.6069 1.8146e-06
300 20 0.651 34.5193 1.807e-06
300 20 0.661 32.7184 1.781e-06
300 20 0.671 32.0558 1.7906e-06
300 20 0.681 30.0876 1.8167e-06
300 20 0.691 28.8102 1.8283e-06
300 20 0.701 28.5393 1.8109e-06
300 20 0.711 27.591 1.8198e-06
300 20 0.721 26.539 1.77e-06
300 20 0.731 24.6888 1.5231e-06
300 20 0.741 25.2172 1.7342e-06
300 20 0.751 23.5111 1.7133e-06
300 20 0.761 22.8685 1.5476e-06
300 20 0.771 22.6072 1.6006e-06
300 20 0.781 21.5233 1.7815e-06
300 20 0.791 21.171 1.7868e-06
300 20 0.801 21.2287 1.7926e-06
300 20 0.811 19.2783 1.7823e-06
300 20 0.821 19.788 1.7846e-06
300 20 0.831 19.1033 1.7895e-06
300 20 0.841 18.5666 1.793e-06
300 20 0.851 18.402 1.7962e-06
300 20 0.861 17.6291 1.8062e-06
300 20 0.871 17.7495 1.654e-06
300 20 0.881 17.019 1.709e-06
300 20 0.891 16.5145 1.9551e-06
300 20 0.901 16.4097 1.9832e-06
300 20 0.911 15.4578 1.955e-06
300 20 0.921 15.7529 1.956e-06
300 20 0.931 14.8353 1.6266e-06
300 20 0.941 15.0885 1.6641e-06
300 20 0.951 14.0468 1.847e-06
300 20 0.961 14.1132 1.8515e-06
300 20 0.971 14.1946 1.8509e-06
300 20 0.981 13.2302 1.8221e-06
300 20 0.991 13.1502 1.8354e-06
300 20 1.001 12.9216 1.8346e-06
300 20 1.011 12.2696 1.6174e-06
300 20 1.021 12.4817 1.5262e-06
300 20 1.031 12.0121 1.7457e-06
300 20 1.041 11.8302 1.8459e-06
300 20 1.051 11.5113 1.8458e-06
300 20 1.061 11.1604 1.853e-06
300 20 1.071 11.0646 1.7872e-06
300 20 1.081 11.0073 1.9015e-06
300 20 1.091 10.963 1.5739e-06
300 20 1.101 10.6249 1.7561e-06
300 20 1.111 10.5977 1.7231e-06
300 20 1.121 10.3698 1.7087e-06
300 20 1.131 10.4591 1.8544e-06
300 20 1.141 10.3154 1.8663e-06
300 20 1.151 9.8773 1.8673e-06
300 20 1.161 9.7316 1.8525e-06
300 20 1.171 9.7699 1.8728e-06
300 20 1.181 9.8355 1.8438e-06
300 20 1.191 9.6843 1.5588e-06
300 20 1.201 9.557 1.5559e-06
300 20 1.211 9.0963 1.647e-06
300 20 1.221 9.319 1.9009e-06
300 20 1.231 9.2995 1.9187e-06
300 20 1.241 9.2767 1.9117e-06
300 20 1.251 9.047 1.9104e-06
300 20 1.261 8.7818 1.9115e-06
300 20 1.271 8.9317 1.9e-06
300 20 1.281 8.6489 1.5919e-06
300 20 1.291 8.7683 1.7206e-06
300 20 1.301 8.7202 1.764e-06
300 20 1.311 8.6525 1.7683e-06
300 20 1.321 8.589 1.9031e-06
300 20 1.331 8.4055 1.916e-06
300 20 1.341 8.2784 1.9157e-06
300 20 1.351 8.4816 1.9378e-06
300 20 1.361 8.4427 1.934e-06
300 20 1.371 8.2027 1.9357e-06
300 20 1.381 8.2291 1.9352e-06
300 20 1.391 8.072 1.9226e-06
300 20 1.401 8.1777 1.9394e-06
300 20 1.411 7.9664 1.9397e-06
300 20 1.421 7.8725 1.9315e-06
300 20 1.431 7.8323 1.9338e-06
300 20 1.441 7.8647 1.9323e-06
300 20 1.451 7.8344 1.9467e-06
300 20 1.461 7.8891 1.8946e-06
300 20 1.471 7.8289 1.9678e-06
300 20 1.481 7.935 2.0677e-06
300 20 1.491 7.6677 2.0656e-06
300 20 1.501 7.5837 2.0731e-06
300 20 1.511 7.8099 2.07e-06
300 20 1.521 7.5219 2.0611e-06
300 20 1.531 7.6185 2.035e-06
300 20 1.541 7.7337 2.049e-06
300 20 1.551 7.5562 2.0552e-06
300 20 1.561 7.5721 1.9145e-06
300 20 1.571 7.4812 2.0873e-06
300 20 1.581 7.5362 2.1017e-06
300 20 1.591 7.499 2.0914e-06
300 20 1.601 7.43 1.8833e-06
300 20 1.611 7.3289 1.6593e-06
300 20 1.621 7.4819 1.6081e-06
300 20 1.631 7.5944 1.6161e-06
300 20 1.641 7.5493 1.6112e-06
300 20 1.651 7.5287 1.6154e-06
300 20 1.661 7.5941 1.6208e-06
300 20 1.671 7.6944 1.6154e-06
300 20 1.681 7.7268 1.7156e-06
300 20 1.691 7.742 1.7124e-06
300 20 1.701 7.7151 2.0313e-06
300 20 1.711 7.6784 2.0497e-06
300 20 1.721 7.6608 1.8478e-06
300 20 1.731 7.7242 1.8355e-06
300 20 1.741 7.7451 1.9506e-06
300 20 1.751 7.7032 1.948e-06
300 20 1.761 7.9713 1.9558e-06
300 20 1.771 7.7615 1.9499e-06
300 20 1.781 7.877 1.9556e-06
300 20 1.791 7.9738 1.9513e-06
300 20 1.801 7.9329 1.9484e-06
300 20 1.811 8.0435 1.9531e-06
300 20 1.821 7.8656 1.9556e-06
300 20 1.831 8.1266 1.9628e-06
300 20 1.841 8.248 1.9643e-06
300 20 1.851 8.1391 1.9677e-06
300 20 1.861 8.2138 1.9667e-06
300 20 1.871 8.3019 1.9658e-06
300 20 1.881 8.4613 1.9655e-06
300 20 1.891 8.541 1.9677e-06
300 20 1.901 8.5177 1.968e-06
300 20 1.911 8.5947 1.9825e-06
300 20 1.921 8.5299 1.9736e-06
300 20 1.931 8.6337 1.9917e-06
300 20 1.941 8.7224 2.0074e-06
300 20 1.951 8.8045 1.9971e-06
300 20 1.961 8.9311 1.9823e-06
300 20 1.971 8.9901 1.9687e-06
300 20 1.981 9.0735 1.9665e-06
300 20 1.991 9.1695 1.9415e-06
300 30 0.001 1950.23 5.6659e-06
300 30 0.011 1850.68 5.4619e-06
300 30 0.021 1729.62 5.211e-06
300 30 0.031 1653.94 5.0414e-06
300 30 0.041 1568.25 4.862e-06
300 30 0.051 1502.22 4.7157e-06
300 30 0.061 1385.13 3.3146e-06
300 30 0.071 1224.89 2.5285e-06
300 30 0.081 1183.36 3.1504e-06
300 30 0.091 1121.22 2.3579e-06
300 30 0.101 1000.85 2.2639e-06
300 30 0.111 945.318 2.181e-06
300 30 0.121 877.869 2.9402e-06
300 30 0.131 801.751 3.2496e-06
300 30 0.141 760.192 2.021e-06
300 30 0.151 674.543 1.9294e-06
300 30 0.161 628.288 1.8675e-06
300 30 0.171 586.73 2.9564e-06
300 30 0.181 525.889 2.6944e-06
300 30 0.191 468.239 2.5654e-06
300 30 0.201 458.532 1.8888e-06
300 30 0.211 388.5 1.7437e-06
300 30 0.221 359.589 1.5983e-06
300 30 0.231 336.329 1.583e-06
300 30 0.241 307.776 1.5572e-06
300 30 0.251 271.012 1.5265e-06
300 30 0.261 264.993 1.5309e-06
300 30 0.271 234.998 1.5034e-06
300 30 0.281 197.318 1.465e-06
300 30 0.291 199.266 1.9293e-06
300 30 0.301 177.399 1.9565e-06
300 30 0.311 163.163 1.9218e-06
300 30 0.321 144.213 1.7774e-06
300 30 0.331 144.382 1.7236e-06
300 30 0.341 119.522 1.4138e-06
300 30 0.351 115.445 1.8338e-06
300 30 0.361 109.642 1.926e-06
300 30 0.371 102.333 1.8941e-06
300 30 0.381 92.1053 1.8822e-06
300 30 0.391 81.878 1.8596e-06
300 30 0.401 74.1537 1.8404e-06
300 30 0.411 70.8618 1.8316e-06
300 30 0.421 66.8426 1.8305e-06
300 30 0.431 62.0842 1.834e-06
300 30 0.441 55.6501 1.8159e-06
300 30 0.451 54.8153 1.8294e-06
300 30 0.461 49.4467 1.833e-06
300 30 0.471 48.8746 1.833e-06
300 30 0.481 45.1971 1.866e-06
300 30 0.491 40.4856 1.8569e-06
300 30 0.501 40.8201 1.8121e-06
300 30 0.511 39.3374 1.9256e-06
300 30 0.521 38.59 2e-06
300 30 0.531 34.1595 1.9779e-06
300 30 0.541 33.6081 1.9531e-06
300 30 0.551 33.1046 1.9551e-06
300 30 0.561 31.9449 1.9705e-06
300 30 0.571 30.6708 1.9685e-06
300 30 0.581 29.5042 1.9704e-06
300 30 0.591 27.4753 1.9716e-06
300 30 0.601 27.875 1.9959e-06
300 30 0.611 27.363 1.9753e-06
300 30 0.621 25.4856 1.4416e-06
300 30 0.631 24.4954 1.6486e-06
300 30 0.641 24.7938 1.8497e-06
300 30 0.651 23.2582 1.8444e-06
300 30 0.661 22.5408 1.8683e-06
300 30 0.671 23.187 1.8737e-06
300 30 0.681 21.6435 1.8568e-06
300 30 0.691 21.6918 1.8639e-06
300 30 0.701 21.3049 1.7637e-06
300 30 0.711 20.2511 1.6712e-06
300 30 0.721 19.8024 1.71e-06
300 30 0.731 19.5843 1.8917e-06
300 30 0.741 19.2063 1.9026e-06
300 30 0.751 18.8126 1.6325e-06
300 30 0.761 18.6412 1.6984e-06
300 30 0.771 17.3268 1.6845e-06
300 30 0.781 17.4993 1.6988e-06
300 30 0.791 16.8977 1.7463e-06
300 30 0.801 17.0255 1.8515e-06
300 30 0.811 16.7014 1.6742e-06
300 30 0.821 15.6789 1.6275e-06
300 30 0.831 16.1645 1.8749e-06
300 30 0.841 15.3857 1.8362e-06
300 30 0.851 14.5681 1.6708e-06
300 30 0.861 14.55 1.7562e-06
300 30 0.871 14.371 1.9154e-06
300 30 0.881 14.2278 1.8947e-06
300 30 0.891 13.799 1.698e-06
300 30 0.901 13.1503 1.6734e-06
300 30 0.911 13.2641 1.7989e-06
300 30 0.921 13.2876 1.916e-06
300 30 0.931 12.5067 1.9053e-06
300 30 0.941 11.8798 1.9089e-06
300 30 0.951 12.1937 1.9198e-06
300 30 0.961 11.3359 1.9265e-06
300 30 0.971 11.3925 1.9209e-06
300 30 0.981 11.0189 1.9199e-06
300 30 0.991 11.2486 1.9243e-06
300 30 1.001 10.9456 1.8203e-06
300 30 1.011 10.5047 1.6875e-06
300 30 1.021 10.4477 1.5951e-06
300 30 1.031 10.1691 1.6542e-06
300 30 1.041 9.9839 1.6575e-06
300 30 1.051 9.241 1.7487e-06
300 30 1.061 9.2241 1.8255e-06
300 30 1.071 9.2962 1.9392e-06
300 30 1.081 9.1254 1.9513e-06
300 30 1.091 9.0182 1.9497e-06
300 30 1.101 8.8361 1.9747e-06
300 30 1.111 8.7389 1.9573e-06
300 30 1.121 8.803 1.8824e-06
300 30 1.131 8.7128 1.5785e-06
300 30 1.141 8.5771 1.7936e-06
300 30 1.151 8.1025 1.6772e-06
300 30 1.161 8.1401 1.5931e-06
300 30 1.171 8.1962 1.5932e-06
300 30 1.181 7.8759 1.5944e-06
300 30 1.191 8.089 1.87e-06
300 30 1.201 7.6769 1.966e-06
300 30 1.211 8.072 1.8318e-06
300 30 1.221 7.9373 1.6439e-06
300 30 1.231 7.9026 1.6326e-06
300 30 1.241 7.7089 1.9665e-06
300 30 1.251 7.7315 1.8544e-06
300 30 1.261 7.3901 1.7923e-06
300 30 1.271 7.6425 1.9726e-06
300 30 1.281 7.5938 1.9987e-06
300 30 1.291 7.1089 1.9947e-06
300 30 1.301 7.2993 2.0032e-06
300 30 1.311 7.1878 1.9956e-06
300 30 1.321 7.0489 2.0046e-06
300 30 1.331 7.0339 2.0057e-06
300 30 1.341 7.218 2.0197e-06
300 30 1.351 7.1863 2.0208e-06
300 30 1.361 6.9368 2.0202e-06
300 30 1.371 6.9665 2.0168e-06
300 30 1.381 7.0726 2.0114e-06
300 30 1.391 6.9035 2.0115e-06
300 30 1.401 6.6901 1.9403e-06
300 30 1.411 6.8178 1.6251e-06
300 30 1.421 6.8597 1.6296e-06
300 30 1.431 6.8056 1.6311e-06
300 30 1.441 6.7685 1.6666e-06
300 30 1.451 6.8047 2.0261e-06
300 30 1.461 6.6836 2.0482e-06
300 30 1.471 6.5168 2.0273e-06
300 30 1.481 6.5664 1.7748e-06
300 30 1.491 6.6942 1.7303e-06
300 30 1.501 6.4948 1.8578e-06
300 30 1.511 6.502 1.7265e-06
300 30 1.521 6.5356 1.6493e-06
300 30 1.531 6.4772 1.8311e-06
300 30 1.541 6.4839 1.9973e-06
300 30 1.551 6.4085 1.9927e-06
300 30 1.561 6.468 1.9992e-06
300 30 1.571 6.3982 1.8044e-06
300 30 1.581 6.3029 1.6782e-06
300 30 1.591 6.351 1.7962e-06
300 30 1.601 6.3803 1.7904e-06
300 30 1.611 6.3969 1.9704e-06
300 30 1.621 6.3545 1.651e-06
300 30 1.631 6.3611 1.7352e-06
300 30 1.641 6.4558 1.703e-06
300 30 1.651 6.541 1.8074e-06
300 30 1.661 6.4418 1.6688e-06
300 30 1.671 6.4089 1.6951e-06
300 30 1.681 6.6061 1.7875e-06
300 30 1.691 6.6147 1.7692e-06
300 30 1.701 6.6146 1.7362e-06
300 30 1.711 6.7449 1.6851e-06
300 30 1.721 6.6378 1.7211e-06
300 30 1.731 6.701 2.0115e-06
300 30 1.741 6.7861 2.0237e-06
300 30 1.751 6.7298 2.0177e-06
300 30 1.761 6.8121 2.0159e-06
300 30 1.771 6.9048 2.0257e-06
300 30 1.781 6.9252 2.0172e-06
300 30 1.791 6.9488 2.03e-06
300 30 1.801 6.8726 2.0254e-06
300 30 1.811 7.0869 2.0271e-06
300 30 1.821 7.0713 2.0253e-06
300 30 1.831 7.1278 2.0143e-06
300 30 1.841 7.2081 2.0313e-06
300 30 1.851 7.2558 2.0352e-06
300 30 1.861 7.2577 2.0325e-06
300 30 1.871 7.3778 1.9681e-06
300 30 1.881 7.3568 1.8793e-06
300 30 1.891 7.497 2.0422e-06
300 30 1.901 7.5396 2.0459e-06
300 30 1.911 7.5735 1.713e-06
300 30 1.921 7.6749 1.7184e-06
300 30 1.931 7.6794 1.7279e-06
300 30 1.941 7.8025 1.6462e-06
300 30 1.951 7.8596 1.6405e-06
300 30 1.961 7.9409 1.9719e-06
300 30 1.971 8.058 2.0233e-06
300 30 1.981 8.0374 2.0283e-06
300 30 1.991 8.0706 1.9784e-06
300 40 0.001 2571.31 7.2414e-06
300 40 0.011 2399.37 6.8776e-06
300 40 0.021 2193.7 6.4053e-06
300 40 0.031 2107.58 6.2179e-06
300 40 0.041 1949.91 5.6627e-06
300 40 0.051 1785.21 4.3497e-06
300 40 0.061 1585.13 5.0892e-06
300 40 0.071 1392.87 4.6544e-06
300 40 0.081 1287.2 4.4266e-06
300 40 0.091 1112.51 4.0503e-06
300 40 0.101 1090.73 4.002e-06
300 40 0.111 980.948 3.7659e-06
300 40 0.121 848.197 3.474e-06
300 40 0.131 768.776 3.296e-06
300 40 0.141 716.367 3.1904e-06
300 40 0.151 658.819 3.0749e-06
300 40 0.161 543.595 1.9778e-06
300 40 0.171 526.149 1.8785e-06
300 40 0.181 458.316 1.8044e-06
300 40 0.191 400.918 1.7308e-06
300 40 0.201 350.538 2.3144e-06
300 40 0.211 312.463 2.3638e-06
300 40 0.221 289.363 2.3162e-06
300 40 0.231 249.917 2.2327e-06
300 40 0.241 214.916 2.164e-06
300 40 0.251 205.948 2.1559e-06
300 40 0.261 189.384 2.1102e-06
300 40 0.271 155.932 2.0438e-06
300 40 0.281 142.096 2.0128e-06
300 40 0.291 132.731 2.012e-06
300 40 0.301 130.631 2.0161e-06
300 40 0.311 112.34 1.9689e-06
300 40 0.321 102.645 1.953e-06
300 40 0.331 88.7748 1.9273e-06
300 40 0.341 82.6708 1.9219e-06
300 40 0.351 75.6046 1.9116e-06
300 40 0.361 65.7691 1.8961e-06
300 40 0.371 65.8721 1.8953e-06
300 40 0.381 54.6426 1.882e-06
300 40 0.391 59.8389 1.8665e-06
300 40 0.401 50.0971 1.6696e-06
300 40 0.411 49.1487 1.8878e-06
300 40 0.421 46.9187 1.8894e-06
300 40 0.431 43.2773 1.8837e-06
300 40 0.441 42.0754 1.8871e-06
300 40 0.451 37.6856 1.866e-06
300 40 0.461 37.949 1.7884e-06
300 40 0.471 35.7908 1.8687e-06
300 40 0.481 36.1712 1.8729e-06
300 40 0.491 32.5349 1.8524e-06
300 40 0.501 30.9373 1.4539e-06
300 40 0.511 31.2956 1.4653e-06
300 40 0.521 29.9391 1.4708e-06
300 40 0.531 28.106 1.4748e-06
300 40 0.541 29.3439 1.5852e-06
300 40 0.551 28.3017 1.4864e-06
300 40 0.561 26.9008 1.4744e-06
300 40 0.571 25.54 1.6109e-06
300 40 0.581 25.8885 1.6879e-06
300 40 0.591 24.7832 1.6043e-06
300 40 0.601 23.4623 1.4914e-06
300 40 0.611 22.97 1.9954e-06
300 40 0.621 22.3842 2.1161e-06
300 40 0.631 22.8328 2.1103e-06
300 40 0.641 21.5047 2.0103e-06
300 40 0.651 21.2917 1.8901e-06
300 40 0.661 20.6746 1.9067e-06
300 40 0.671 20.308 1.9088e-06
300 40 0.681 19.6699 1.9206e-06
300 40 0.691 18.9234 1.9032e-06
300 40 0.701 19.1662 2.0785e-06
300 40 0.711 18.7037 2.0591e-06
300 40 0.721 17.9861 1.9298e-06
300 40 0.731 17.7315 1.9317e-06
300 40 0.741 17.4534 1.9068e-06
300 40 0.751 16.7357 1.7397e-06
300 40 0.761 16.6912 1.8395e-06
300 40 0.771 16.3012 1.9836e-06
300 40 0.781 16.3463 2.0084e-06
300 40 0.791 15.5267 1.9891e-06
300 40 0.801 15.0234 2.001e-06
300 40 0.811 14.5281 1.7912e-06
300 40 0.821 14.6548 1.7622e-06
300 40 0.831 14.1855 1.873e-06
300 40 0.841 13.8936 1.9068e-06
300 40 0.851 13.636 1.772e-06
300 40 0.861 13.1315 1.7729e-06
300 40 0.871 13.0975 1.7746e-06
300 40 0.881 12.8261 1.802e-06
300 40 0.891 12.264 2.0108e-06
300 40 0.901 12.314 2.0303e-06
300 40 0.911 11.6546 2.0348e-06
300 40 0.921 11.4921 2.03e-06
300 40 0.931 11.1208 2.0378e-06
300 40 0.941 11.0446 2.0688e-06
300 40 0.951 11.0983 1.7776e-06
300 40 0.961 10.6918 1.9552e-06
300 40 0.971 10.5375 2.0385e-06
300 40 0.981 9.832 1.764e-06
300 40 0.991 9.7858 1.954e-06
300 40 1.001 9.6831 2.0487e-06
300 40 1.011 9.52 2.0463e-06
300 40 1.021 8.9353 2.0421e-06
300 40 1.031 9.0688 2.0542e-06
300 40 1.041 8.8012 2.0372e-06
300 40 1.051 8.521 2.0574e-06
300 40 1.061 8.2511 1.8863e-06
300 40 1.071 8.277 1.7125e-06
300 40 1.081 8.4448 2.0395e-06
300 40 1.091 7.9117 1.6769e-06
300 40 1.101 8.0169 1.7055e-06
300 40 1.111 7.8813 1.6859e-06
300 40 1.121 7.8592 1.6808e-06
300 40 1.131 7.6995 1.8422e-06
300 40 1.141 7.9887 2.029e-06
300 40 1.151 7.6549 1.9133e-06
300 40 1.161 7.376 1.8544e-06
300 40 1.171 7.156 1.8091e-06
300 40 1.181 7.2881 1.6726e-06
300 40 1.191 6.9502 1.6748e-06
300 40 1.201 7.2944 1.9736e-06
300 40 1.211 7.1279 2.0993e-06
300 40 1.221 6.9582 2.096e-06
300 40 1.231 6.8724 2.0975e-06
300 40 1.241 6.7909 2.0971e-06
300 40 1.251 6.7015 2.1043e-06
300 40 1.261 6.7081 2.0979e-06
300 40 1.271 6.6685 1.7887e-06
300 40 1.281 6.4905 1.751e-06
300 40 1.291 6.4656 2.0865e-06
300 40 1.301 6.3386 1.8462e-06
300 40 1.311 6.4426 1.8709e-06
300 40 1.321 6.443 2.093e-06
300 40 1.331 6.3709 2.1093e-06
300 40 1.341 6.2341 2.1145e-06
300 40 1.351 6.375 2.1154e-06
300 40 1.361 6.2725 2.1038e-06
300 40 1.371 6.2167 2.1103e-06
300 40 1.381 6.1996 2.1255e-06
300 40 1.391 5.9874 1.7698e-06
300 40 1.401 6.1499 1.708e-06
300 40 1.411 6.0611 2.0012e-06
300 40 1.421 6.0043 2.0541e-06
300 40 1.431 5.9572 2.0596e-06
300 40 1.441 5.9549 2.0195e-06
300 40 1.451 5.889 1.9216e-06
300 40 1.461 6.0438 2.0784e-06
300 40 1.471 5.894 2.077e-06
300 40 1.481 5.7709 2.0211e-06
300 40 1.491 5.8274 1.6898e-06
300 40 1.501 5.841 1.8298e-06
300 40 1.511 5.8777 2.0735e-06
300 40 1.521 5.8263 2.1393e-06
300 40 1.531 5.7341 2.1177e-06
300 40 1.541 5.7998 2.1185e-06
300 40 1.551 5.917 2.1268e-06
300 40 1.561 5.667 2.14e-06
300 40 1.571 5.7472 2.075e-06
300 40 1.581 5.7323 1.7039e-06
300 40 1.591 5.6981 1.9807e-06
300 40 1.601 5.6758 1.7128e-06
300 40 1.611 5.6972 1.7108e-06
300 40 1.621 5.8692 1.8417e-06
300 40 1.631 5.756 1.9318e-06
300 40 1.641 5.8545 2.1216e-06
300 40 1.651 5.7626 1.9841e-06
300 40 1.661 5.8425 1.9026e-06
300 40 1.671 5.9192 2.1219e-06
300 40 1.681 5.9951 2.1144e-06
300 40 1.691 5.9728 2.1169e-06
300 40 1.701 5.9703 2.1143e-06
300 40 1.711 5.9671 1.7782e-06
300 40 1.721 6.0327 1.7523e-06
300 40 1.731 6.135 1.7965e-06
300 40 1.741 6.0692 2.2492e-06
300 40 1.751 6.1359 2.2552e-06
300 40 1.761 6.2914 2.2492e-06
300 40 1.771 6.2942 2.2556e-06
300 40 1.781 6.3105 2.2587e-06
300 40 1.791 6.3608 2.0269e-06
300 40 1.801 6.4311 2.256e-06
300 40 1.811 6.3662 2.2207e-06
300 40 1.821 6.4996 2.22e-06
300 40 1.831 6.5284 2.2235e-06
300 40 1.841 6.5564 2.2197e-06
300 40 1.851 6.6142 2.2112e-06
300 40 1.861 6.6429 2.2414e-06
300 40 1.871 6.7015 2.249e-06
300 40 1.881 6.7213 2.2517e-06
300 40 1.891 6.8003 2.2068e-06
300 40 1.901 6.9592 2.2155e-06
300 40 1.911 6.9751 2.2292e-06
300 40 1.921 6.9852 2.2101e-06
300 40 1.931 7.0238 1.9514e-06
300 40 1.941 7.088 1.6835e-06
300 40 1.951 7.1909 1.6804e-06
300 40 1.961 7.2234 1.8121e-06
300 40 1.971 7.3203 1.6514e-06
300 40 1.981 7.3543 2.063e-06
300 40 1.991 7.4668 1.8456e-06
400 10 0.001 855.973 3.3196e-06
400 10 0.011 879.459 3.7734e-06
400 10 0.021 853.361 3.7226e-06
400 10 0.031 822.27 3.4856e-06
400 10 0.041 827.95 2.1718e-06
400 10 0.051 774.779 2.1207e-06
400 10 0.061 787.001 2.1386e-06
400 10 0.071 767.78 2.1285e-06
400 10 0.081 773.078 2.4153e-06
400 10 0.091 735.798 2.0744e-06
400 10 0.101 717.995 2.0679e-06
400 10 0.111 699.808 2.0694e-06
400 10 0.121 684.898 2.6363e-06
400 10 0.131 656.665 3.2857e-06
400 10 0.141 653.225 3.232e-06
400 10 0.151 620.962 2.2891e-06
400 10 0.161 612.561 1.9736e-06
400 10 0.171 577.06 2.7159e-06
400 10 0.181 582.261 3.0245e-06
400 10 0.191 539.311 2.9127e-06
400 10 0.201 537.038 2.9237e-06
400 10 0.211 520.482 2.8974e-06
400 10 0.221 516.783 2.884e-06
400 10 0.231 481.179 2.8116e-06
400 10 0.241 479.606 2.8219e-06
400 10 0.251 466.224 2.7789e-06
400 10 0.261 440.981 2.7318e-06
400 10 0.271 424.541 2.6851e-06
400 10 0.281 408.001 2.6586e-06
400 10 0.291 397.524 2.6274e-06
400 10 0.301 382.92 2.6075e-06
400 10 0.311 366.556 2.5624e-06
400 10 0.321 365.377 2.547e-06
400 10 0.331 334.697 2.467e-06
400 10 0.341 343.802 2.4824e-06
400 10 0.351 311.999 2.4159e-06
400 10 0.361 312.847 2.428e-06
400 10 0.371 303.003 2.4133e-06
400 10 0.381 300.011 2.4035e-06
400 10 0.391 282.355 2.361e-06
400 10 0.401 285.587 2.0147e-06
400 10 0.411 251.095 1.6491e-06
400 10 0.421 262.107 1.6607e-06
400 10 0.431 234.955 1.6839e-06
400 10 0.441 232.663 1.8335e-06
400 10 0.451 225.308 1.8424e-06
400 10 0.461 222.284 1.8498e-06
400 10 0.471 204.048 1.6739e-06
400 10 0.481 195.357 1.6194e-06
400 10 0.491 188.88 1.6306e-06
400 10 0.501 174.757 1.7087e-06
400 10 0.511 178.847 2.1343e-06
400 10 0.521 168.059 2.1152e-06
400 10 0.531 166.138 2.1212e-06
400 10 0.541 158.879 2.126e-06
400 10 0.551 150.449 2.0802e-06
400 10 0.561 143.134 2.052e-06
400 10 0.571 142.239 1.5987e-06
400 10 0.581 135.741 1.5935e-06
400 10 0.591 130.523 1.8524e-06
400 10 0.601 126.494 2.0565e-06
400 10 0.611 117.692 2.0281e-06
400 10 0.621 111.755 2.0434e-06
400 10 0.631 108.883 1.7816e-06
400 10 0.641 95.4795 1.7568e-06
400 10 0.651 95.8412 2.0431e-06
400 10 0.661 96.4324 2.1534e-06
400 10 0.671 88.4587 2.0371e-06
400 10 0.681 84.1662 2.0092e-06
400 10 0.691 87.1747 2.0387e-06
400 10 0.701 84.5155 2.0273e-06
400 10 0.711 75.114 1.9938e-06
400 10 0.721 72.8986 1.9943e-06
400 10 0.731 72.3948 1.9977e-06
400 10 0.741 66.3794 1.8234e-06
400 10 0.751 68.1102 1.778e-06
400 10 0.761 61.3998 1.8518e-06
400 10 0.771 60.0823 1.9731e-06
400 10 0.781 56.6408 1.9789e-06
400 10 0.791 57.0825 1.9851e-06
400 10 0.801 52.2373 1.9597e-06
400 10 0.811 53.7063 1.9723e-06
400 10 0.821 49.1574 1.9717e-06
400 10 0.831 47.0828 1.9683e-06
400 10 0.841 45.2945 1.9799e-06
400 10 0.851 42.7374 1.9704e-06
400 10 0.861 42.6775 1.969e-06
400 10 0.871 41.2003 1.8215e-06
400 10 0.881 38.6668 1.9785e-06
400 10 0.891 37.369 1.9712e-06
400 10 0.901 36.2062 1.8296e-06
400 10 0.911 34.972 1.7828e-06
400 10 0.921 32.6727 1.6251e-06
400 10 0.931 33.0967 1.7049e-06
400 10 0.941 31.7563 1.8646e-06
400 10 0.951 30.415 1.7779e-06
400 10 0.961 32.0444 1.9976e-06
400 10 0.971 30.3654 2.0033e-06
400 10 0.981 27.7261 1.8624e-06
400 10 0.991 26.4387 2.0188e-06
400 10 1.001 25.7143 2.0621e-06
400 10 1.011 25.2178 2.067e-06
400 10 1.021 24.3275 1.8614e-06
400 10 1.031 23.4235 1.6887e-06
400 10 1.041 22.8437 1.6572e-06
400 10 1.051 22.7324 1.7277e-06
400 10 1.061 22.2749 2.0057e-06
400 10 1.071 21.6141 2.0041e-06
400 10 1.081 20.7448 2.0101e-06
400 10 1.091 20.4252 2.024e-06
400 10 1.101 20.8449 2.0306e-06
400 10 1.111 19.3476 2.025e-06
400 10 1.121 19.1814 1.9414e-06
400 10 1.131 18.8273 1.9494e-06
400 10 1.141 18.9961 2.0265e-06
400 10 1.151 19.3998 2.0394e-06
400 10 1.161 18.5797 2.0419e-06
400 10 1.171 18.5854 2.0474e-06
400 10 1.181 18.0002 2.0372e-06
400 10 1.191 17.3996 2.0463e-06
400 10 1.201 17.7947 2.0377e-06
400 10 1.211 17.1655 2.0429e-06
400 10 1.221 17.7124 1.9522e-06
400 10 1.231 17.5825 2.0471e-06
400 10 1.241 17.3781 2.0761e-06
400 10 1.251 17.1007 2.0822e-06
400 10 1.261 16.6503 2.0663e-06
400 10 1.271 16.4277 1.9444e-06
400 10 1.281 16.4232 2.1112e-06
400 10 1.291 16.0235 2.1091e-06
400 10 1.301 15.8915 2.1152e-06
400 10 1.311 15.8395 2.1243e-06
400 10 1.321 15.5911 2.1261e-06
400 10 1.331 15.6263 2.1524e-06
400 10 1.341 15.1459 2.0711e-06
400 10 1.351 15.0017 2.078e-06
400 10 1.361 14.9587 2.07e-06
400 10 1.371 15.1743 2.0745e-06
400 10 1.381 14.6357 2.0673e-06
400 10 1.391 15.0083 2.088e-06
400 10 1.401 14.7634 2.0762e-06
400 10 1.411 14.5289 1.8923e-06
400 10 1.421 13.9819 2.0389e-06
400 10 1.431 14.3865 2.1159e-06
400 10 1.441 14.3923 2.0893e-06
400 10 1.451 14.4369 1.9472e-06
400 10 1.461 14.2457 2.0507e-06
400 10 1.471 14.1681 2.118e-06
400 10 1.481 14.0501 2.1051e-06
400 10 1.491 14.0664 2.1205e-06
400 10 1.501 13.6286 2.1275e-06
400 10 1.511 13.7249 2.1243e-06
400 10 1.521 14.035 2.1349e-06
400 10 1.531 13.8152 2.1242e-06
400 10 1.541 13.468 2.1259e-06
400 10 1.551 13.6424 2.1289e-06
400 10 1.561 13.4247 2.127e-06
400 10 1.571 13.6144 2.1367e-06
400 10 1.581 13.6316 2.1368e-06
400 10 1.591 13.5787 2.1464e-06
400 10 1.601 13.1806 2.1284e-06
400 10 1.611 13.4067 2.1251e-06
400 10 1.621 13.5054 2.1432e-06
400 10 1.631 13.4973 2.1454e-06
400 10 1.641 13.6179 2.1487e-06
400 10 1.651 13.3747 2.1476e-06
400 10 1.661 13.1737 2.1463e-06
400 10 1.671 13.2398 2.1639e-06
400 10 1.681 13.3904 2.1577e-06
400 10 1.691 13.4954 2.1626e-06
400 10 1.701 13.3832 2.1535e-06
400 10 1.711 13.427 2.1526e-06
400 10 1.721 13.1688 2.1659e-06
400 10 1.731 13.3752 2.1819e-06
400 10 1.741 13.2903 2.0338e-06
400 10 1.751 13.6108 1.8229e-06
400 10 1.761 13.2508 1.8258e-06
400 10 1.771 13.4252 2.3349e-06
400 10 1.781 13.4611 2.1753e-06
400 10 1.791 13.5549 2.2011e-06
400 10 1.801 13.5469 2.195e-06
400 10 1.811 13.4245 2.1878e-06
400 10 1.821 13.4876 2.1787e-06
400 10 1.831 13.6322 2.1816e-06
400 10 1.841 13.7308 2.0221e-06
400 10 1.851 13.7491 2.1831e-06
400 10 1.861 13.8324 2.1827e-06
400 10 1.871 13.9309 2.1962e-06
400 10 1.881 13.8583 2.1797e-06
400 10 1.891 13.8578 2.1816e-06
400 10 1.901 13.9801 2.1804e-06
400 10 1.911 14.1915 2.1917e-06
400 10 1.921 14.2077 2.143e-06
400 10 1.931 14.2924 1.8262e-06
400 10 1.941 14.3413 1.7988e-06
400 10 1.951 14.5456 1.7984e-06
400 10 1.961 14.6165 1.8687e-06
400 10 1.971 14.6302 1.7808e-06
400 10 1.981 14.7801 1.7745e-06
400 10 1.991 14.8128 1.774e-06
400 20 0.001 1848.42 3.2118e-06
400 20 0.011 1749.94 3.1008e-06
400 20 0.021 1710.85 3.0797e-06
400 20 0.031 1689.88 3.0736e-06
400 20 0.041 1560.53 3.3069e-06
400 20 0.051 1511.33 4.8861e-06
400 20 0.061 1404.52 4.6576e-06
400 20 0.071 1345.28 4.2794e-06
400 20 0.081 1279.32 2.6104e-06
400 20 0.091 1215.3 2.5669e-06
400 20 0.101 1144.49 3.3939e-06
400 20 0.111 1139.9 4.1492e-06
400 20 0.121 1019.66 3.8721e-06
400 20 0.131 1001.99 3.8535e-06
400 20 0.141 960.329 2.8009e-06
400 20 0.151 876.512 3.2948e-06
400 20 0.161 859.964 2.1807e-06
400 20 0.171 784.713 2.1771e-06
400 20 0.181 736.088 2.1347e-06
400 20 0.191 705.659 2.2065e-06
400 20 0.201 679.334 2.1831e-06
400 20 0.211 631.638 2.1303e-06
400 20 0.221 608.287 2.1057e-06
400 20 0.231 548.82 1.8808e-06
400 20 0.241 527.207 1.8451e-06
400 20 0.251 486.465 1.8066e-06
400 20 0.261 465.545 1.7931e-06
400 20 0.271 430.809 2.6372e-06
400 20 0.281 408.831 2.6802e-06
400 20 0.291 374.484 2.5944e-06
400 20 0.301 361.727 2.5804e-06
400 20 0.311 341.745 2.5659e-06
400 20 0.321 307.379 2.5021e-06
400 20 0.331 288.696 2.4456e-06
400 20 0.341 274.962 2.0123e-06
400 20 0.351 255.177 1.6034e-06
400 20 0.361 240.381 1.6475e-06
400 20 0.371 229.707 1.797e-06
400 20 0.381 199.138 2.1303e-06
400 20 0.391 192.669 2.1142e-06
400 20 0.401 177.488 1.956e-06
400 20 0.411 171.972 1.9752e-06
400 20 0.421 166.498 2.0776e-06
400 20 0.431 148.909 2.0266e-06
400 20 0.441 144.984 2.032e-06
400 20 0.451 137.045 2.023e-06
400 20 0.461 116.512 1.973e-06
400 20 0.471 114.223 1.9797e-06
400 20 0.481 110.123 1.9679e-06
400 20 0.491 100.851 1.9629e-06
400 20 0.501 102.707 1.9676e-06
400 20 0.511 93.2545 1.946e-06
400 20 0.521 88.0245 1.9446e-06
400 20 0.531 82.9609 1.933e-06
400 20 0.541 73.6033 1.9206e-06
400 20 0.551 71.3057 1.9085e-06
400 20 0.561 67.5603 1.9286e-06
400 20 0.571 66.6209 1.9211e-06
400 20 0.581 63.9602 1.9156e-06
400 20 0.591 58.8886 1.9111e-06
400 20 0.601 57.8516 1.9096e-06
400 20 0.611 56.0345 1.9064e-06
400 20 0.621 48.4441 1.7923e-06
400 20 0.631 47.5804 1.5172e-06
400 20 0.641 47.7089 1.5861e-06
400 20 0.651 42.6782 1.4791e-06
400 20 0.661 43.8212 1.4963e-06
400 20 0.671 42.7284 1.4968e-06
400 20 0.681 38.5484 1.8987e-06
400 20 0.691 39.0902 1.9008e-06
400 20 0.701 36.8963 1.9125e-06
400 20 0.711 36.6293 1.7731e-06
400 20 0.721 34.0162 1.7085e-06
400 20 0.731 33.9656 1.7995e-06
400 20 0.741 32.061 1.907e-06
400 20 0.751 31.7636 1.9128e-06
400 20 0.761 30.6362 1.5805e-06
400 20 0.771 28.6566 1.7432e-06
400 20 0.781 28.615 1.5489e-06
400 20 0.791 27.6014 2.0093e-06
400 20 0.801 28.2516 2.1106e-06
400 20 0.811 26.2944 1.9295e-06
400 20 0.821 26.2736 2.087e-06
400 20 0.831 24.8218 2.1331e-06
400 20 0.841 23.772 2.1213e-06
400 20 0.851 24.1335 2.126e-06
400 20 0.861 23.1123 2.1378e-06
400 20 0.871 22.3371 2.1307e-06
400 20 0.881 21.9345 2.1126e-06
400 20 0.891 22.2196 1.6819e-06
400 20 0.901 20.6053 1.5731e-06
400 20 0.911 21.294 2.1042e-06
400 20 0.921 19.6364 2.123e-06
400 20 0.931 19.4754 2.004e-06
400 20 0.941 19.2474 1.5886e-06
400 20 0.951 19.0652 1.7736e-06
400 20 0.961 18.6638 2.0015e-06
400 20 0.971 17.908 1.9997e-06
400 20 0.981 17.8071 2.0017e-06
400 20 0.991 16.7784 1.9968e-06
400 20 1.001 16.6597 2.0063e-06
400 20 1.011 16.2301 1.9701e-06
400 20 1.021 16.0232 1.6197e-06
400 20 1.031 15.4901 1.6037e-06
400 20 1.041 15.2742 1.7017e-06
400 20 1.051 14.7895 1.9382e-06
400 20 1.061 14.8348 1.823e-06
400 20 1.071 14.0123 1.8022e-06
400 20 1.081 14.0924 1.6212e-06
400 20 1.091 14.0155 1.6339e-06
400 20 1.101 13.7106 1.6317e-06
400 20 1.111 13.5379 1.6246e-06
400 20 1.121 13.011 1.9658e-06
400 20 1.131 13.3942 1.8947e-06
400 20 1.141 13.0085 1.7405e-06
400 20 1.151 12.9942 1.8255e-06
400 20 1.161 12.9682 2.0268e-06
400 20 1.171 12.6365 2.0195e-06
400 20 1.181 12.4566 1.9783e-06
400 20 1.191 12.7688 2.0231e-06
400 20 1.201 12.2852 2.0273e-06
400 20 1.211 12.3602 1.9515e-06
400 20 1.221 11.8852 1.6618e-06
400 20 1.231 11.8622 1.7382e-06
400 20 1.241 12.0207 1.6697e-06
400 20 1.251 12.0188 1.6973e-06
400 20 1.261 11.7984 1.7871e-06
400 20 1.271 11.583 1.8746e-06
400 20 1.281 11.5411 1.7033e-06
400 20 1.291 11.6857 1.6827e-06
400 20 1.301 11.2126 1.7894e-06
400 20 1.311 11.2615 1.9475e-06
400 20 1.321 11.3749 1.7028e-06
400 20 1.331 11.1605 1.6859e-06
400 20 1.341 11.1716 2.0482e-06
400 20 1.351 10.6841 2.2027e-06
400 20 1.361 10.6017 2.1782e-06
400 20 1.371 10.3188 2.1761e-06
400 20 1.381 10.4609 1.9218e-06
400 20 1.391 10.4555 1.7867e-06
400 20 1.401 10.6451 2.0323e-06
400 20 1.411 10.2118 1.7771e-06
400 20 1.421 10.4461 1.6985e-06
400 20 1.431 10.4897 2.0421e-06
400 20 1.441 10.2786 2.0587e-06
400 20 1.451 10.2425 2.0525e-06
400 20 1.461 10.148 2.0652e-06
400 20 1.471 10.0634 2.0674e-06
400 20 1.481 10.2502 2.0707e-06
400 20 1.491 9.9427 2.0729e-06
400 20 1.501 10.073 2.0961e-06
400 20 1.511 10.056 1.9344e-06
400 20 1.521 9.8519 2.0555e-06
400 20 1.531 10.0163 2.0613e-06
400 20 1.541 9.6632 2.0452e-06
400 20 1.551 9.9281 2.0625e-06
400 20 1.561 9.6892 2.0689e-06
400 20 1.571 9.8352 2.0681e-06
400 20 1.581 9.9771 2.0813e-06
400 20 1.591 9.8192 2.0792e-06
400 20 1.601 9.7876 2.0837e-06
400 20 1.611 9.8123 2.085e-06
400 20 1.621 9.8295 2.0853e-06
400 20 1.631 10.0487 2.0954e-06
400 20 1.641 10.0016 2.1007e-06
400 20 1.651 9.8985 2.0929e-06
400 20 1.661 10.0243 2.1017e-06
400 20 1.671 9.9572 2.0652e-06
400 20 1.681 9.9866 2.265e-06
400 20 1.691 9.9538 2.2711e-06
400 20 1.701 9.9873 2.2779e-06
400 20 1.711 10.1129 2.2798e-06
400 20 1.721 10.0971 2.2836e-06
400 20 1.731 9.9621 2.0916e-06
400 20 1.741 10.3736 1.8267e-06
400 20 1.751 10.2156 2.143e-06
400 20 1.761 10.2715 2.1553e-06
400 20 1.771 10.435 2.1689e-06
400 20 1.781 10.3776 2.1688e-06
400 20 1.791 10.3326 2.1658e-06
400 20 1.801 10.5272 2.1589e-06
400 20 1.811 10.6297 2.1726e-06
400 20 1.821 10.6465 1.9691e-06
400 20 1.831 10.6421 1.8366e-06
400 20 1.841 10.7192 1.9721e-06
400 20 1.851 10.8338 1.9757e-06
400 20 1.861 10.7837 1.8022e-06
400 20 1.871 10.9391 1.8633e-06
400 20 1.881 11.0233 1.7931e-06
400 20 1.891 11.0711 1.9962e-06
400 20 1.901 11.362 2.1914e-06
400 20 1.911 11.305 2.1918e-06
400 20 1.921 11.4057 2.1963e-06
400 20 1.931 11.594 2.2225e-06
400 20 1.941 11.6196 2.2164e-06
400 20 1.951 11.8636 2.2195e-06
400 20 1.961 11.8054 2.2225e-06
400 20 1.971 11.8828 2.2182e-06
400 20 1.981 12.0579 2.2072e-06
400 20 1.991 12.15 2.1731e-06
400 30 0.001 2801.15 7.6795e-06
400 30 0.011 2531.85 7.0922e-06
400 30 0.021 2490.8 7.0125e-06
400 30 0.031 2290.9 6.5841e-06
400 30 0.041 2166.59 6.3128e-06
400 30 0.051 1936.02 5.8169e-06
400 30 0.061 1919.37 5.7885e-06
400 30 0.071 1770.69 5.4756e-06
400 30 0.081 1658.21 3.3244e-06
400 30 0.091 1530.9 2.8381e-06
400 30 0.101 1425.18 3.5079e-06
400 30 0.111 1263.13 4.4792e-06
400 30 0.121 1182.35 3.1362e-06
400 30 0.131 1152.87 2.5142e-06
400 30 0.141 1032.67 3.6281e-06
400 30 0.151 909.88 3.563e-06
400 30 0.161 888.544 2.5884e-06
400 30 0.171 776.356 2.0742e-06
400 30 0.181 742.197 2.0633e-06
400 30 0.191 678.858 2.3782e-06
400 30 0.201 607.004 2.9607e-06
400 30 0.211 539.626 2.8035e-06
400 30 0.221 506.482 2.7445e-06
400 30 0.231 470.453 2.6668e-06
400 30 0.241 431.433 2.5912e-06
400 30 0.251 387.058 2.5082e-06
400 30 0.261 349.045 2.4159e-06
400 30 0.271 313.858 2.3533e-06
400 30 0.281 307.608 2.3546e-06
400 30 0.291 266.2 2.2723e-06
400 30 0.301 245.308 2.2294e-06
400 30 0.311 238.199 2.229e-06
400 30 0.321 214.643 2.1776e-06
400 30 0.331 192.132 2.1281e-06
400 30 0.341 177.587 2.1072e-06
400 30 0.351 163.275 2.078e-06
400 30 0.361 152.718 2.057e-06
400 30 0.371 132.761 2.0319e-06
400 30 0.381 119.89 2.0155e-06
400 30 0.391 110.409 1.9905e-06
400 30 0.401 104.594 1.9787e-06
400 30 0.411 91.5719 1.9609e-06
400 30 0.421 88.5708 1.9575e-06
400 30 0.431 84.265 1.9604e-06
400 30 0.441 80.6342 1.952e-06
400 30 0.451 71.689 1.9448e-06
400 30 0.461 72.407 1.9478e-06
400 30 0.471 65.7573 1.9442e-06
400 30 0.481 60.9686 1.949e-06
400 30 0.491 56.256 1.941e-06
400 30 0.501 59.6348 1.9446e-06
400 30 0.511 54.4548 1.9085e-06
400 30 0.521 51.5787 1.9163e-06
400 30 0.531 46.0892 1.9136e-06
400 30 0.541 44.1932 1.9257e-06
400 30 0.551 44.35 1.9215e-06
400 30 0.561 44.4156 1.9434e-06
400 30 0.571 40.4673 1.9607e-06
400 30 0.581 39.0547 1.9735e-06
400 30 0.591 38.5593 1.7833e-06
400 30 0.601 36.4492 1.6492e-06
400 30 0.611 35.4374 1.5118e-06
400 30 0.621 33.7825 1.667e-06
400 30 0.631 35.1254 1.871e-06
400 30 0.641 31.9707 1.8448e-06
400 30 0.651 32.1458 1.8872e-06
400 30 0.661 32.2169 2.0221e-06
400 30 0.671 30.2449 2.0031e-06
400 30 0.681 29.0566 1.9999e-06
400 30 0.691 28.5227 2.0073e-06
400 30 0.701 27.8744 2.0064e-06
400 30 0.711 26.7927 2.0045e-06
400 30 0.721 25.2212 2.008e-06
400 30 0.731 25.9633 2.0089e-06
400 30 0.741 24.8824 2.0097e-06
400 30 0.751 24.9159 2.0077e-06
400 30 0.761 24.2307 1.8898e-06
400 30 0.771 23.6869 1.5797e-06
400 30 0.781 23.3711 1.5983e-06
400 30 0.791 21.8289 1.9855e-06
400 30 0.801 22.376 1.7724e-06
400 30 0.811 21.5473 1.6056e-06
400 30 0.821 19.892 1.5821e-06
400 30 0.831 21.2723 1.5986e-06
400 30 0.841 20.2507 1.606e-06
400 30 0.851 19.7026 1.686e-06
400 30 0.861 18.7271 1.6201e-06
400 30 0.871 19.0115 1.6078e-06
400 30 0.881 18.7908 1.6846e-06
400 30 0.891 18.193 1.6077e-06
400 30 0.901 17.688 1.9047e-06
400 30 0.911 16.9184 1.9606e-06
400 30 0.921 16.8395 1.7835e-06
400 30 0.931 16.1839 2.0095e-06
400 30 0.941 15.7193 2.0113e-06
400 30 0.951 15.5816 2.025e-06
400 30 0.961 15.0437 2.0215e-06
400 30 0.971 15.1841 2.0133e-06
400 30 0.981 14.4216 1.8311e-06
400 30 0.991 14.6361 2.0466e-06
400 30 1.001 14.2984 2.0559e-06
400 30 1.011 13.3925 2.0567e-06
400 30 1.021 13.0072 2.0545e-06
400 30 1.031 13.0604 2.0495e-06
400 30 1.041 12.6275 2.0527e-06
400 30 1.051 12.9942 2.0686e-06
400 30 1.061 12.3577 2.07e-06
400 30 1.071 11.6962 1.8384e-06
400 30 1.081 11.8242 1.6607e-06
400 30 1.091 11.8208 2.0433e-06
400 30 1.101 11.756 2.0682e-06
400 30 1.111 11.215 2.0511e-06
400 30 1.121 11.1367 2.0588e-06
400 30 1.131 11.5162 2.0703e-06
400 30 1.141 10.9929 2.0759e-06
400 30 1.151 10.8814 2.0654e-06
400 30 1.161 10.7653 2.076e-06
400 30 1.171 10.8209 2.0794e-06
400 30 1.181 10.7303 1.9592e-06
400 30 1.191 10.359 1.8723e-06
400 30 1.201 10.1999 2.078e-06
400 30 1.211 10.2771 2.0819e-06
400 30 1.221 10.0975 2.0828e-06
400 30 1.231 10.0527 2.0786e-06
400 30 1.241 9.8648 2.0774e-06
400 30 1.251 9.6595 2.1098e-06
400 30 1.261 9.8822 1.9658e-06
400 30 1.271 9.6639 1.7632e-06
400 30 1.281 9.4428 2.113e-06
400 30 1.291 9.5745 2.1144e-06
400 30 1.301 9.5265 2.1169e-06
400 30 1.311 9.3248 2.1271e-06
400 30 1.321 9.3258 1.9528e-06
400 30 1.331 9.2013 1.7128e-06
400 30 1.341 9.1755 1.9653e-06
400 30 1.351 9.1114 2.0928e-06
400 30 1.361 9.0228 2.0862e-06
400 30 1.371 8.7984 2.079e-06
400 30 1.381 9.1207 2.0856e-06
400 30 1.391 8.9208 2.0946e-06
400 30 1.401 8.942 1.9766e-06
400 30 1.411 8.8947 1.8501e-06
400 30 1.421 8.717 1.7442e-06
400 30 1.431 8.7065 1.8459e-06
400 30 1.441 8.7639 1.7982e-06
400 30 1.451 8.8912 1.7312e-06
400 30 1.461 8.5951 1.7353e-06
400 30 1.471 8.636 1.7467e-06
400 30 1.481 8.5256 1.8017e-06
400 30 1.491 8.5564 1.7597e-06
400 30 1.501 8.3121 1.8435e-06
400 30 1.511 8.3018 2.0678e-06
400 30 1.521 8.3544 2.1117e-06
400 30 1.531 8.3867 2.1328e-06
400 30 1.541 8.3019 2.1527e-06
400 30 1.551 8.359 2.1301e-06
400 30 1.561 8.3288 2.1366e-06
400 30 1.571 8.3839 2.1315e-06
400 30 1.581 8.325 2.1308e-06
400 30 1.591 8.3681 2.1321e-06
400 30 1.601 8.2501 2.1385e-06
400 30 1.611 8.3349 2.1351e-06
400 30 1.621 8.3379 2.1349e-06
400 30 1.631 8.3821 2.1462e-06
400 30 1.641 8.3269 2.0574e-06
400 30 1.651 8.4918 2.0865e-06
400 30 1.661 8.4934 2.2851e-06
400 30 1.671 8.8505 2.2246e-06
400 30 1.681 8.7595 1.9552e-06
400 30 1.691 8.6307 1.9453e-06
400 30 1.701 8.6032 2.134e-06
400 30 1.711 8.6994 2.1665e-06
400 30 1.721 8.7945 2.1588e-06
400 30 1.731 8.8381 2.0175e-06
400 30 1.741 8.7702 1.9301e-06
400 30 1.751 9.038 2.1123e-06
400 30 1.761 9.0208 2.1609e-06
400 30 1.771 9.1358 2.1148e-06
400 30 1.781 9.1415 1.994e-06
400 30 1.791 9.2661 2.1727e-06
400 30 1.801 9.2574 2.1685e-06
400 30 1.811 9.1681 2.1741e-06
400 30 1.821 9.3881 2.1844e-06
400 30 1.831 9.4502 2.2027e-06
400 30 1.841 9.5797 2.1942e-06
400 30 1.851 9.5946 2.1643e-06
400 30 1.861 9.7295 2.1438e-06
400 30 1.871 9.6726 1.8645e-06
400 30 1.881 9.9001 2.1853e-06
400 30 1.891 9.9068 2.1866e-06
400 30 1.901 10.0793 2.2016e-06
400 30 1.911 10.0824 2.0092e-06
400 30 1.921 10.114 1.7829e-06
400 30 1.931 10.3401 1.7994e-06
400 30 1.941 10.4151 1.7959e-06
400 30 1.951 10.5017 1.7945e-06
400 30 1.961 10.5165 1.7738e-06
400 30 1.971 10.6125 1.765e-06
400 30 1.981 10.7619 1.7273e-06
400 30 1.991 10.9195 1.7073e-06
400 40 0.001 3529.62 6.0526e-06
400 40 0.011 3278.91 8.9729e-06
400 40 0.021 3049.86 8.4547e-06
400 40 0.031 2757.99 6.6091e-06
400 40 0.041 2646.22 4.3952e-06
400 40 0.051 2341.85 5.3238e-06
400 40 0.061 2207.41 6.5508e-06
400 40 0.071 1973.13 6.0249e-06
400 40 0.081 1841.21 5.7361e-06
400 40 0.091 1595.84 5.1857e-06
400 40 0.101 1531.84 5.0581e-06
400 40 0.111 1350.3 4.6617e-06
400 40 0.121 1226.76 4.3848e-06
400 40 0.131 1094.04 3.4681e-06
400 40 0.141 960.673 2.4e-06
400 40 0.151 848.191 2.274e-06
400 40 0.161 762.552 3.3739e-06
400 40 0.171 648.907 3.1363e-06
400 40 0.181 656.952 3.1583e-06
400 40 0.191 529.481 2.4724e-06
400 40 0.201 500.223 2.4457e-06
400 40 0.211 418.737 2.6335e-06
400 40 0.221 353.985 1.8443e-06
400 40 0.231 351.729 1.8698e-06
400 40 0.241 313.755 1.656e-06
400 40 0.251 279.534 1.7148e-06
400 40 0.261 249.841 1.7374e-06
400 40 0.271 229.961 2.2486e-06
400 40 0.281 187.576 2.1595e-06
400 40 0.291 166.409 2.1248e-06
400 40 0.301 161.977 2.1126e-06
400 40 0.311 129.716 2.0556e-06
400 40 0.321 133.824 2.0675e-06
400 40 0.331 107.038 2.0185e-06
400 40 0.341 101.979 2.0041e-06
400 40 0.351 97.77 2.0041e-06
400 40 0.361 92.3945 1.9985e-06
400 40 0.371 84.9907 1.945e-06
400 40 0.381 77.4635 1.9294e-06
400 40 0.391 67.4821 1.9551e-06
400 40 0.401 65.0369 1.9705e-06
400 40 0.411 60.2411 1.9577e-06
400 40 0.421 57.7615 1.9626e-06
400 40 0.431 55.9065 1.9689e-06
400 40 0.441 51.6581 1.9685e-06
400 40 0.451 48.2764 1.9306e-06
400 40 0.461 46.8184 1.5425e-06
400 40 0.471 43.4747 1.9246e-06
400 40 0.481 41.9801 1.7614e-06
400 40 0.491 42.2721 1.7003e-06
400 40 0.501 39.4603 1.5123e-06
400 40 0.511 37.4551 1.8941e-06
400 40 0.521 37.3486 1.9494e-06
400 40 0.531 34.5706 1.9374e-06
400 40 0.541 36.33 1.9476e-06
400 40 0.551 34.9273 1.9571e-06
400 40 0.561 34.7851 1.75e-06
400 40 0.571 31.9359 1.9755e-06
400 40 0.581 32.4901 1.8515e-06
400 40 0.591 30.4227 1.5366e-06
400 40 0.601 30.3367 1.5434e-06
400 40 0.611 29.2784 1.5587e-06
400 40 0.621 28.3291 1.7233e-06
400 40 0.631 28.4479 2.1373e-06
400 40 0.641 28.1059 1.5904e-06
400 40 0.651 25.811 1.7536e-06
400 40 0.661 25.5836 1.9719e-06
400 40 0.671 25.4826 1.9764e-06
400 40 0.681 24.5988 1.6101e-06
400 40 0.691 24.0678 1.5762e-06
400 40 0.701 23.7228 1.5891e-06
400 40 0.711 23.7194 1.882e-06
400 40 0.721 22.8313 2.0545e-06
400 40 0.731 22.429 2.047e-06
400 40 0.741 21.5044 2.0407e-06
400 40 0.751 20.9176 2.055e-06
400 40 0.761 21.536 2.0885e-06
400 40 0.771 20.8059 2.0735e-06
400 40 0.781 20.2608 2.059e-06
400 40 0.791 19.6238 2.0735e-06
400 40 0.801 19.0269 2.0596e-06
400 40 0.811 18.2967 2.0791e-06
400 40 0.821 18.3905 2.0674e-06
400 40 0.831 18.1435 1.7628e-06
400 40 0.841 18.0982 1.6294e-06
400 40 0.851 16.3879 1.9498e-06
400 40 0.861 17.0231 2.0856e-06
400 40 0.871 16.4892 1.9792e-06
400 40 0.881 16.64 1.6535e-06
400 40 0.891 15.9199 1.8941e-06
400 40 0.901 15.0928 2.0953e-06
400 40 0.911 14.6113 2.1048e-06
400 40 0.921 14.6019 1.8031e-06
400 40 0.931 14.1711 1.9007e-06
400 40 0.941 14.7467 1.9443e-06
400 40 0.951 14.3093 1.7896e-06
400 40 0.961 13.1368 1.6907e-06
400 40 0.971 13.5417 1.7011e-06
400 40 0.981 13.0148 1.7004e-06
400 40 0.991 12.3118 1.7004e-06
400 40 1.001 12.2211 1.8357e-06
400 40 1.011 12.1638 1.7151e-06
400 40 1.021 11.8197 1.7605e-06
400 40 1.031 11.3011 1.8323e-06
400 40 1.041 11.194 1.7447e-06
400 40 1.051 11.1239 1.7293e-06
400 40 1.061 11.036 1.8122e-06
400 40 1.071 10.7009 1.8276e-06
400 40 1.081 10.393 1.829e-06
400 40 1.091 10.7308 1.7464e-06
400 40 1.101 9.8962 1.7988e-06
400 40 1.111 10.4607 1.7423e-06
400 40 1.121 9.8318 1.7353e-06
400 40 1.131 9.8803 2.1389e-06
400 40 1.141 9.633 2.1982e-06
400 40 1.151 9.6083 2.1654e-06
400 40 1.161 9.5678 2.1326e-06
400 40 1.171 9.6924 1.8087e-06
400 40 1.181 9.2812 2.1531e-06
400 40 1.191 9.3188 2.1612e-06
400 40 1.201 8.9823 2.1603e-06
400 40 1.211 9.1817 2.1638e-06
400 40 1.221 9.0171 2.1728e-06
400 40 1.231 9.302 2.1115e-06
400 40 1.241 8.8767 2.073e-06
400 40 1.251 8.9503 2.1839e-06
400 40 1.261 8.6388 2.1861e-06
400 40 1.271 8.3279 2.1611e-06
400 40 1.281 8.607 2.1679e-06
400 40 1.291 8.1415 2.1785e-06
400 40 1.301 8.2394 2.1994e-06
400 40 1.311 8.5461 2.2023e-06
400 40 1.321 8.5303 1.9832e-06
400 40 1.331 8.0939 2.0416e-06
400 40 1.341 8.1611 2.2197e-06
400 40 1.351 8.097 2.2222e-06
400 40 1.361 8.2572 2.2351e-06
400 40 1.371 8.1647 2.2275e-06
400 40 1.381 7.9984 2.2267e-06
400 40 1.391 7.8832 2.2376e-06
400 40 1.401 7.8696 2.2348e-06
400 40 1.411 7.8809 2.257e-06
400 40 1.421 8.0959 2.2336e-06
400 40 1.431 7.7877 2.2251e-06
400 40 1.441 7.7146 2.0781e-06
400 40 1.451 7.7563 2.1205e-06
400 40 1.461 7.5898 2.1617e-06
400 40 1.471 7.7758 1.9894e-06
400 40 1.481 7.3943 1.9381e-06
400 40 1.491 7.6992 2.0343e-06
400 40 1.501 7.5468 1.7823e-06
400 40 1.511 7.5984 2.1164e-06
400 40 1.521 7.3949 2.1802e-06
400 40 1.531 7.5309 2.1123e-06
400 40 1.541 7.5381 1.7881e-06
400 40 1.551 7.4738 1.791e-06
400 40 1.561 7.6303 2.072e-06
400 40 1.571 7.5756 2.1713e-06
400 40 1.581 7.6141 2.1848e-06
400 40 1.591 7.4919 2.1783e-06
400 40 1.601 7.4679 2.1555e-06
400 40 1.611 7.528 2.3667e-06
400 40 1.621 7.5704 2.3579e-06
400 40 1.631 7.5743 2.3599e-06
400 40 1.641 7.6579 2.3625e-06
400 40 1.651 7.7465 2.3646e-06
400 40 1.661 7.8769 2.3784e-06
400 40 1.671 7.9839 2.3822e-06
400 40 1.681 7.7899 2.3832e-06
400 40 1.691 7.9546 2.384e-06
400 40 1.701 7.8631 2.2389e-06
400 40 1.711 8.1344 2.2421e-06
400 40 1.721 7.9409 2.2318e-06
400 40 1.731 8.0963 2.2434e-06
400 40 1.741 8.0328 2.2504e-06
400 40 1.751 8.1859 2.1729e-06
400 40 1.761 8.2701 2.2196e-06
400 40 1.771 8.3612 1.9863e-06
400 40 1.781 8.3431 1.8544e-06
400 40 1.791 8.4282 2.2245e-06
400 40 1.801 8.4495 2.265e-06
400 40 1.811 8.5735 2.263e-06
400 40 1.821 8.6855 2.2742e-06
400 40 1.831 8.7011 2.2822e-06
400 40 1.841 8.7737 2.2947e-06
400 40 1.851 8.8338 2.2977e-06
400 40 1.861 8.8523 2.285e-06
400 40 1.871 8.986 2.314e-06
400 40 1.881 8.997 2.3253e-06
400 40 1.891 9.1771 2.3205e-06
400 40 1.901 9.273 2.3132e-06
400 40 1.911 9.2925 2.1051e-06
400 40 1.921 9.3737 2.196e-06
400 40 1.931 9.3593 2.2801e-06
400 40 1.941 9.4948 2.2746e-06
400 40 1.951 9.5826 2.2678e-06
400 40 1.961 9.7139 2.2911e-06
400 40 1.971 9.7355 2.3158e-06
400 40 1.981 9.9341 2.2909e-06
400 40 1.991 10.0076 2.2624e-06
