200 10 0.001 419.161 7201.67 4.1803
200 10 0.011 420.688 7226.68 4.0437
200 10 0.021 420.515 7225.83 4.3111
200 10 0.031 404.254 6988.98 4.4256
200 10 0.041 409.285 7065.39 4.7152
200 10 0.051 385.043 6710.51 4.9721
200 10 0.061 394.546 6853.48 4.8471
200 10 0.071 378.477 6618.81 5.214
200 10 0.081 358.489 6327.13 5.5242
200 10 0.091 358.307 6327.68 5.7747
200 10 0.101 350.391 6216.1 6.0269
200 10 0.111 344.252 6125.03 5.8265
200 10 0.121 332.296 5951.29 8.2706
200 10 0.131 324.496 5841.87 8.6275
200 10 0.141 314.574 5697.15 9.6997
200 10 0.151 299.021 5468.89 8.8941
200 10 0.161 290.743 5351.95 10.2399
200 10 0.171 293.656 5397.69 9.7577
200 10 0.181 283.445 5247.28 10.0332
200 10 0.191 262.711 4948.72 10.8155
200 10 0.201 258.786 4894.16 9.76
200 10 0.211 259.548 4910.95 10.3303
200 10 0.221 241.059 4640.5 10.2534
200 10 0.231 238.055 4600.16 10.6187
200 10 0.241 235.909 4565.04 10.7996
200 10 0.251 230.271 4489.26 10.9696
200 10 0.261 216.256 4285.74 11.1363
200 10 0.271 219.508 4332.85 11.6291
200 10 0.281 202.911 4095.39 11.7524
200 10 0.291 200.549 4062.45 12.0119
200 10 0.301 192.053 3939.89 12.285
200 10 0.311 180.601 3772.29 12.4514
200 10 0.321 182.326 3799.28 12.7168
200 10 0.331 170.112 3628.75 12.4375
200 10 0.341 164.123 3541.39 12.0989
200 10 0.351 162.587 3522.11 12.4626
200 10 0.361 150.303 3347.3 15.793
200 10 0.371 152.68 3385.91 13.3521
200 10 0.381 148.732 3328.71 13.3696
200 10 0.391 140.351 3209.35 13.8943
200 10 0.401 130.345 3064.25 14.2353
200 10 0.411 125.241 2988.19 14.5634
200 10 0.421 117.611 2879.3 15.0858
200 10 0.431 115.233 2853.66 16.7893
200 10 0.441 117.569 2886.05 15.2814
200 10 0.451 105.241 2707.1 15.4679
200 10 0.461 109.801 2776.79 15.7932
200 10 0.471 100.579 2641.94 18.0797
200 10 0.481 97.9938 2604.75 18.6539
200 10 0.491 92.031 2526.52 16.6829
200 10 0.501 96.5577 2590.42 16.8159
200 10 0.511 86.377 2443.67 17.1149
200 10 0.521 82.6641 2393.92 17.4626
200 10 0.531 80.4203 2362.22 17.6632
200 10 0.541 76.1758 2304.65 17.9862
200 10 0.551 74.2618 2275.54 18.057
200 10 0.561 72.7469 2257.75 18.4216
200 10 0.571 70.7577 2231.5 18.9062
200 10 0.581 67.3728 2183.59 22.2071
200 10 0.591 65.3376 2159.57 23.2445
200 10 0.601 63.225 2126.96 19.6242
200 10 0.611 58.544 2055.02 19.508
200 10 0.621 54.3931 1999.35 19.6976
200 10 0.631 55.1307 2016.73 20.2119
200 10 0.641 50.1968 1949.93 20.4683
200 10 0.651 46.7173 1897.34 20.5446
200 10 0.661 48.2102 1917.32 20.7885
200 10 0.671 44.1361 1860.67 20.9861
200 10 0.681 43.9846 1864.35 21.5887
200 10 0.691 42.4958 1844.04 21.7816
200 10 0.701 41.4864 1821.84 21.8319
200 10 0.711 38.1008 1782.39 22.28
200 10 0.721 36.5934 1764.5 22.6798
200 10 0.731 35.8845 1752.55 23.5651
200 10 0.741 35.9045 1753.3 23.8035
200 10 0.751 32.8943 1711.91 23.6932
200 10 0.761 30.6575 1678.67 24.0631
200 10 0.771 31.4578 1693.33 24.3818
200 10 0.781 30.9563 1690.46 24.8952
200 10 0.791 28.4276 1654.85 24.8525
200 10 0.801 27.9287 1643.8 24.8555
200 10 0.811 26.2871 1622.29 24.8717
200 10 0.821 23.9592 1589.47 25.2331
200 10 0.831 24.7791 1605.36 25.814
200 10 0.841 23.925 1596.15 27.3239
200 10 0.851 23.7284 1595.52 25.9772
200 10 0.861 20.8037 1549.15 25.8435
200 10 0.871 21.5886 1564.45 26.3678
200 10 0.881 20.0925 1545.27 28.1864
200 10 0.891 19.8531 1542.01 27.2941
200 10 0.901 19.2404 1531.78 29.47
200 10 0.911 18.1547 1523.52 31.9057
200 10 0.921 17.673 1512.15 31.3048
200 10 0.931 17.9279 1517.45 28.8097
200 10 0.941 16.1432 1491.81 27.9922
200 10 0.951 16.313 1499.25 28.3128
200 10 0.961 15.3025 1482.87 28.3174
200 10 0.971 14.2508 1466.81 28.1277
200 10 0.981 14.635 1476.89 28.5472
200 10 0.991 13.9301 1466.62 28.6319
200 10 1.001 13.0224 1452.16 28.8594
200 10 1.011 13.0969 1454.98 29.5365
200 10 1.021 12.8388 1453.85 29.6825
200 10 1.031 12.9524 1456.8 29.868
200 10 1.041 12.5831 1451.81 30.1579
200 10 1.051 11.5559 1433.78 29.6755
200 10 1.061 11.6626 1435.25 30.9316
200 10 1.071 12.1726 1447.85 29.9952
200 10 1.081 11.0122 1429.07 29.6799
200 10 1.091 11.2451 1434.04 29.7581
200 10 1.101 10.9147 1428.6 29.8158
200 10 1.111 10.3712 1422.95 29.9916
200 10 1.121 10.2401 1421.06 29.8191
200 10 1.131 10.234 1422.91 30.2505
200 10 1.141 10.0906 1418.2 30.4325
200 10 1.151 10.2158 1424.47 30.6187
200 10 1.161 9.8376 1419.83 30.2513
200 10 1.171 9.6494 1417.62 30.2418
200 10 1.181 9.5821 1414.88 30.7194
200 10 1.191 9.4751 1414.86 30.5151
200 10 1.201 9.118 1412.86 30.3941
200 10 1.211 9.3106 1414.33 30.8599
200 10 1.221 9.0742 1410.81 30.5563
200 10 1.231 8.9683 1414.21 32.3253
200 10 1.241 8.938 1413.35 36.3335
200 10 1.251 8.9131 1412.62 31.6907
200 10 1.261 8.6241 1406.77 31.3596
200 10 1.271 8.7888 1414.18 31.4639
200 10 1.281 8.5642 1410.25 31.5497
200 10 1.291 8.5179 1408.87 31.741
200 10 1.301 8.3561 1409.55 31.6111
200 10 1.311 8.5883 1413.95 32.499
200 10 1.321 8.2148 1410.39 32.8141
200 10 1.331 8.1578 1404.56 32.6243
200 10 1.341 8.4375 1416.64 33.1304
200 10 1.351 7.9589 1405.58 32.7026
200 10 1.361 8.1246 1409.87 33.0038
200 10 1.371 7.9354 1407.42 33.032
200 10 1.381 7.9393 1410.9 32.998
200 10 1.391 7.8698 1410.27 32.8343
200 10 1.401 7.6703 1406.43 31.8349
200 10 1.411 7.701 1408.88 31.9904
200 10 1.421 7.6278 1407.55 31.7484
200 10 1.431 7.5834 1406.55 31.912
200 10 1.441 7.6813 1410.52 31.9868
200 10 1.451 7.5339 1409.61 32.189
200 10 1.461 7.645 1413.08 32.2345
200 10 1.471 7.6858 1415.87 32.3147
200 10 1.481 7.485 1411.14 32.0195
200 10 1.491 7.2819 1407.38 31.9035
200 10 1.501 7.4454 1415.21 33.2563
200 10 1.511 7.2804 1412.08 31.1363
200 10 1.521 7.2913 1411.97 32.0723
200 10 1.531 7.2762 1413.87 31.9431
200 10 1.541 7.1708 1410.92 33.3242
200 10 1.551 7.1545 1414.79 34.299
200 10 1.561 7.1189 1412.24 31.0421
200 10 1.571 7.2268 1415.56 31.1241
200 10 1.581 6.9343 1409.61 30.6822
200 10 1.591 7.1355 1418.26 31.2849
200 10 1.601 6.9051 1411.29 30.7651
200 10 1.611 7.2351 1423.61 36.4936
200 10 1.621 7.0793 1419.75 36.4269
200 10 1.631 7.0997 1422.44 35.9637
200 10 1.641 6.9415 1417.46 36.0416
200 10 1.651 6.962 1422.6 36.1453
200 10 1.661 7.1476 1427.87 32.6977
200 10 1.671 7.0751 1427.55 33.1418
200 10 1.681 6.8779 1422.01 31.2338
200 10 1.691 7.1735 1431.05 31.8185
200 10 1.701 6.8783 1425.14 31.1632
200 10 1.711 7.0584 1430.02 31.5716
200 10 1.721 7.0281 1432.5 31.3911
200 10 1.731 6.9839 1433.6 31.4574
200 10 1.741 6.9925 1434.31 31.2397
200 10 1.751 7.1044 1439.12 31.6127
200 10 1.761 7.0682 1436.84 31.6755
200 10 1.771 7.0297 1438.12 31.2399
200 10 1.781 7.0858 1441.43 31.4323
200 10 1.791 6.9135 1437.78 30.9291
200 10 1.801 7.0796 1445.15 31.0019
200 10 1.811 7.1154 1446.93 30.8842
200 10 1.821 7.0222 1444.87 30.8524
200 10 1.831 6.94 1446.53 31.3972
200 10 1.841 7.0282 1449.74 33.7735
200 10 1.851 7.1894 1453.07 31.1809
200 10 1.861 7.1729 1456.3 31.0637
200 10 1.871 7.2119 1457.55 30.9394
200 10 1.881 7.1354 1456.05 30.2814
200 10 1.891 7.1511 1459.09 30.3259
200 10 1.901 7.2108 1462.09 30.4361
200 10 1.911 7.2343 1463.91 30.4867
200 10 1.921 7.3457 1467.06 30.5769
200 10 1.931 7.4247 1470.92 30.7359
200 10 1.941 7.4211 1472.95 32.4536
200 10 1.951 7.4699 1475.49 35.4204
200 10 1.961 7.5063 1477.23 31.3736
200 10 1.971 7.564 1481.58 30.662
200 10 1.981 7.6413 1483.55 30.5175
200 10 1.991 7.596 1482.85 30.3053
200 20 0.001 854.935 12644 5.7539
200 20 0.011 817.362 12147.1 6.5997
200 20 0.021 792.533 11822.1 7.0888
200 20 0.031 774.799 11590.1 7.8556
200 20 0.041 725.421 10936.5 8.3851
200 20 0.051 698.296 10582.2 7.9643
200 20 0.061 688.433 10455.2 9.3788
200 20 0.071 657.455 10048.6 9.6581
200 20 0.081 620.883 9569.05 10.1408
200 20 0.091 604.128 9352.05 8.4328
200 20 0.101 561.678 8790.83 8.6934
200 20 0.111 525.015 8308.45 8.8767
200 20 0.121 498.218 7953.56 9.1884
200 20 0.131 483.829 7769.94 9.6229
200 20 0.141 456.443 7412.69 10.0382
200 20 0.151 444.12 7250.79 10.1878
200 20 0.161 407.305 6769.02 10.6138
200 20 0.171 379.754 6406.19 10.8434
200 20 0.181 348.017 5990.07 11.2252
200 20 0.191 344.932 5957.33 11.4843
200 20 0.201 317.542 5596.61 11.8756
200 20 0.211 289.387 5225.71 12.1744
200 20 0.221 268.253 4951.04 12.4914
200 20 0.231 261.411 4858.59 12.6139
200 20 0.241 252.292 4746.79 13.1707
200 20 0.251 228.462 4435.94 13.275
200 20 0.261 220.784 4342.11 13.7464
200 20 0.271 210.157 4200.72 13.919
200 20 0.281 188.502 3914.62 14.0722
200 20 0.291 182.98 3843.48 14.3051
200 20 0.301 171.242 3694.59 15.0796
200 20 0.311 160.063 3551.02 15.0319
200 20 0.321 150.442 3426.72 15.4057
200 20 0.331 145.091 3359.31 15.7944
200 20 0.341 134.075 3218.55 16.1531
200 20 0.351 124.992 3100.32 16.523
200 20 0.361 116.902 2999.94 18.4451
200 20 0.371 107.002 2870.13 19.0483
200 20 0.381 101.525 2797.22 16.9395
200 20 0.391 98.209 2760.09 17.2308
200 20 0.401 88.4829 2636.05 17.6979
200 20 0.411 82.4815 2556.94 17.5667
200 20 0.421 76.0807 2475.65 21.5959
200 20 0.431 70.6874 2406.85 23.0262
200 20 0.441 65.5725 2343.42 23.2454
200 20 0.451 64.2165 2328.63 22.9476
200 20 0.461 62.2584 2304.25 20.911
200 20 0.471 56.9191 2236.66 21.0484
200 20 0.481 52.9244 2187.41 21.4268
200 20 0.491 49.5084 2142.73 21.7257
200 20 0.501 51.0003 2162.84 21.9086
200 20 0.511 46.5625 2113.15 23.5446
200 20 0.521 43.7141 2075.66 24.9434
200 20 0.531 40.0005 2027.42 22.4273
200 20 0.541 39.6146 2025.5 22.7749
200 20 0.551 35.5595 1972.34 22.9482
200 20 0.561 32.9306 1940.19 26.6411
200 20 0.571 32.5267 1934.95 27.798
200 20 0.581 31.6061 1927.2 25.8471
200 20 0.591 30.0802 1908.17 26.525
200 20 0.601 27.5476 1876.67 27.0769
200 20 0.611 27.5275 1872.1 27.864
200 20 0.621 25.8646 1855.4 25.2736
200 20 0.631 24.328 1836.14 26.443
200 20 0.641 23.5317 1828.37 26.0823
200 20 0.651 23.6384 1831.21 25.8596
200 20 0.661 21.0515 1797.13 26.0484
200 20 0.671 21.315 1806.33 26.9433
200 20 0.681 20.6653 1799.16 26.8334
200 20 0.691 20.2754 1791.34 26.7877
200 20 0.701 18.5949 1771.69 27.1049
200 20 0.711 19.1032 1779.96 27.3954
200 20 0.721 17.4594 1758.13 27.4258
200 20 0.731 16.8145 1751.33 27.828
200 20 0.741 16.336 1742.54 27.6968
200 20 0.751 16.1238 1743.94 27.8456
200 20 0.761 15.974 1744.68 27.0053
200 20 0.771 15.3485 1733.71 32.1474
200 20 0.781 14.6252 1726.81 32.6355
200 20 0.791 14.7635 1732.48 32.2141
200 20 0.801 14.4331 1725.96 33.3371
200 20 0.811 14.2115 1729.41 33.8245
200 20 0.821 13.6788 1719.13 29.5301
200 20 0.831 13.3741 1712.98 28.8792
200 20 0.841 12.8074 1703.72 30.1124
200 20 0.851 12.8484 1707.98 29.7397
200 20 0.861 12.442 1703.64 29.7567
200 20 0.871 12.0085 1695.7 31.0178
200 20 0.881 11.6555 1692.53 31.429
200 20 0.891 11.4725 1689.21 31.7298
200 20 0.901 10.9952 1683.78 34.7106
200 20 0.911 10.9707 1679.9 34.1454
200 20 0.921 10.803 1681 32.7495
200 20 0.931 10.4241 1679.4 37.1403
200 20 0.941 10.3731 1677.14 35.0681
200 20 0.951 10.0888 1670.99 32.1859
200 20 0.961 10.1701 1677.88 37.2629
200 20 0.971 9.3423 1663.26 37.7285
200 20 0.981 9.5352 1665.85 38.0126
200 20 0.991 8.9952 1657.6 37.4371
200 20 1.001 9.0285 1658.68 35.7715
200 20 1.011 9.2434 1666.62 32.8029
200 20 1.021 8.2606 1646.12 32.4734
200 20 1.031 8.5744 1653.37 33.1875
200 20 1.041 8.1382 1645.38 33.1841
200 20 1.051 8.177 1647.43 33.1644
200 20 1.061 7.9924 1647.56 33.4856
200 20 1.071 7.9158 1644.55 34.4083
200 20 1.081 7.5627 1640.55 34.7097
200 20 1.091 7.6921 1643.64 35.66
200 20 1.101 7.4827 1641.47 34.176
200 20 1.111 7.2502 1636.5 33.765
200 20 1.121 7.1287 1634.46 38.9049
200 20 1.131 7.217 1637.69 39.7837
200 20 1.141 7.0847 1637.53 38.6125
200 20 1.151 6.9662 1636.78 37.3628
200 20 1.161 6.974 1636.81 38.5109
200 20 1.171 6.8261 1637.67 39.6704
200 20 1.181 6.8798 1638.1 37.9223
200 20 1.191 6.7319 1635.17 39.4343
200 20 1.201 6.4097 1630.94 36.4328
200 20 1.211 6.5612 1635.95 35.3248
200 20 1.221 6.6922 1637.2 34.9792
200 20 1.231 6.2619 1630.59 34.3166
200 20 1.241 6.4367 1632.95 34.5538
200 20 1.251 6.3658 1636.24 34.5335
200 20 1.261 6.1439 1632.62 34.4442
200 20 1.271 6.2959 1638.18 34.6467
200 20 1.281 6.0624 1634.14 34.5324
200 20 1.291 6.0229 1631.59 34.5236
200 20 1.301 5.9661 1632.41 36.7688
200 20 1.311 6.0535 1634.22 39.3082
200 20 1.321 5.9242 1634.72 37.4753
200 20 1.331 6.1211 1642.74 35.5601
200 20 1.341 5.7769 1634.16 34.3243
200 20 1.351 5.7503 1632.97 34.2592
200 20 1.361 5.9427 1640.78 34.6338
200 20 1.371 5.8985 1642.64 34.6325
200 20 1.381 5.7629 1637.42 34.6062
200 20 1.391 5.7 1637.93 34.3504
200 20 1.401 5.6573 1637.5 34.398
200 20 1.411 5.5248 1636.09 34.2849
200 20 1.421 5.6488 1639.68 34.5197
200 20 1.431 5.5641 1636.81 34.4236
200 20 1.441 5.5333 1640 34.1583
200 20 1.451 5.5098 1640.53 34.3643
200 20 1.461 5.425 1638.71 33.9788
200 20 1.471 5.3916 1638.9 34.5173
200 20 1.481 5.4446 1640.21 34.8697
200 20 1.491 5.3194 1641.55 34.8452
200 20 1.501 5.3332 1639.85 34.8476
200 20 1.511 5.3432 1642.06 34.7377
200 20 1.521 5.3444 1641.82 35.0049
200 20 1.531 5.3456 1643.88 35.1226
200 20 1.541 5.273 1645.04 35.2083
200 20 1.551 5.2898 1645.06 35.1009
200 20 1.561 5.1381 1642.72 35.8756
200 20 1.571 5.2283 1647.01 39.5975
200 20 1.581 5.1491 1646.65 35.874
200 20 1.591 5.1532 1646.96 34.6442
200 20 1.601 5.2087 1649.6 34.5283
200 20 1.611 5.1746 1651.03 34.3364
200 20 1.621 5.1562 1651.85 34.379
200 20 1.631 5.2162 1653.88 37.7067
200 20 1.641 5.1847 1655.56 36.8272
200 20 1.651 5.125 1656.3 37.0347
200 20 1.661 5.2633 1662.49 34.2674
200 20 1.671 5.2122 1662.47 35.2119
200 20 1.681 5.1664 1662.78 33.5635
200 20 1.691 5.2909 1669.53 35.198
200 20 1.701 5.2074 1666.51 35.1055
200 20 1.711 5.2335 1670.84 33.9431
200 20 1.721 5.249 1671.05 33.6448
200 20 1.731 5.3833 1677.33 33.2259
200 20 1.741 5.3036 1678.18 33.565
200 20 1.751 5.3912 1681.93 32.647
200 20 1.761 5.332 1681.75 32.5823
200 20 1.771 5.4058 1685.1 34.9414
200 20 1.781 5.4129 1688.21 36.0642
200 20 1.791 5.4397 1691.11 33.2667
200 20 1.801 5.3698 1690.86 35.9951
200 20 1.811 5.3891 1692.65 34.9005
200 20 1.821 5.5135 1697.16 32.1013
200 20 1.831 5.5619 1699.11 32.0623
200 20 1.841 5.5392 1701.4 33.3527
200 20 1.851 5.566 1704.07 33.9051
200 20 1.861 5.6342 1708.31 37.1747
200 20 1.871 5.6241 1706.75 34.7034
200 20 1.881 5.6739 1712.54 36.1034
200 20 1.891 5.7207 1715.26 37.6548
200 20 1.901 5.7171 1717.14 34.504
200 20 1.911 5.8074 1717.8 33.0888
200 20 1.921 5.8057 1721.56 31.9246
200 20 1.931 5.8596 1726.54 31.557
200 20 1.941 5.8924 1726.7 31.5666
200 20 1.951 5.9421 1727.9 31.156
200 20 1.961 5.959 1731.96 31.4044
200 20 1.971 6.0798 1736.31 31.2415
200 20 1.981 6.0901 1736.7 31.0388
200 20 1.991 6.1587 1738.98 30.7719
200 30 0.001 1260.57 17758.7 6.4321
200 30 0.011 1202.36 17017.1 6.9717
200 30 0.021 1115.03 15901.4 7.6144
200 30 0.031 1042.29 14974 7.9746
200 30 0.041 985.609 14253.6 8.258
200 30 0.051 919.726 13417.1 8.5579
200 30 0.061 868.178 12762.9 9.6421
200 30 0.071 790.981 11782.1 10.8094
200 30 0.081 764.717 11450.3 11.2686
200 30 0.091 709.888 10755 10.9779
200 30 0.101 653.13 10033.8 10.11
200 30 0.111 595.486 9297.38 10.2147
200 30 0.121 549.74 8722.34 10.86
200 30 0.131 506.724 8176.49 11.5127
200 30 0.141 465.599 7656.43 12.2639
200 30 0.151 438.15 7312.25 15.2787
200 30 0.161 408.186 6930.33 15.8692
200 30 0.171 376.872 6535.04 14.0281
200 30 0.181 352.548 6233.29 13.4548
200 30 0.191 319.41 5813.44 13.0359
200 30 0.201 279.444 5306.43 13.7069
200 30 0.211 249.171 4925.99 13.7596
200 30 0.221 238.27 4792.64 14.2635
200 30 0.231 218.599 4548.03 15.2
200 30 0.241 202.569 4351.34 15.7591
200 30 0.251 182.018 4086.48 17.8307
200 30 0.261 168.674 3924.62 17.5593
200 30 0.271 155.681 3762.38 17.8274
200 30 0.281 152.736 3730.88 17.6429
200 30 0.291 125.767 3395.61 19.1066
200 30 0.301 120.612 3331.6 17.5907
200 30 0.311 104.211 3123.1 17.5539
200 30 0.321 100.912 3093.09 18.1925
200 30 0.331 91.794 2971.32 18.2702
200 30 0.341 85.3413 2894.4 18.273
200 30 0.351 75.4601 2769.59 18.5649
200 30 0.361 70.2498 2705.37 18.6527
200 30 0.371 65.8577 2654.33 19.0279
200 30 0.381 60.9522 2597.45 20.5985
200 30 0.391 56.8731 2547.94 24.8395
200 30 0.401 51.7448 2487.75 22.8407
200 30 0.411 47.1883 2431.73 25.4317
200 30 0.421 47.9078 2443.26 26.0835
200 30 0.431 40.5857 2350.1 20.9148
200 30 0.441 40.472 2351.66 21.4069
200 30 0.451 38.049 2323.22 23.9497
200 30 0.461 37.5833 2320.7 22.1755
200 30 0.471 32.5736 2261.09 26.9111
200 30 0.481 33.3515 2270.73 27.6608
200 30 0.491 30.7815 2242.96 28.0488
200 30 0.501 31.0935 2245.73 28.3532
200 30 0.511 27.944 2210.53 28.6571
200 30 0.521 26.5353 2195.04 27.2921
200 30 0.531 25.5588 2179.56 24.5397
200 30 0.541 24.0308 2162.59 26.4974
200 30 0.551 23.4661 2156.55 25.2437
200 30 0.561 23.0051 2154.4 29.839
200 30 0.571 21.0521 2129.08 26.4174
200 30 0.581 20.8513 2128.69 27.2649
200 30 0.591 20.4373 2126.72 31.2695
200 30 0.601 19.8945 2117.84 31.2167
200 30 0.611 19.3658 2116.75 26.6582
200 30 0.621 17.944 2095.84 26.6813
200 30 0.631 17.9977 2094.62 26.8503
200 30 0.641 17.4172 2090.4 27.0895
200 30 0.651 16.8833 2083.31 27.4187
200 30 0.661 16.5491 2078.57 27.7397
200 30 0.671 15.6713 2069.63 28.3474
200 30 0.681 15.9848 2075.57 33.3528
200 30 0.691 15.4887 2068.49 29.3022
200 30 0.701 15.1784 2064.54 29.7986
200 30 0.711 14.9979 2067.08 29.9816
200 30 0.721 14.2602 2052.12 30.0776
200 30 0.731 13.9307 2052.34 33.1064
200 30 0.741 13.6701 2048.17 31.0076
200 30 0.751 13.4661 2046.05 32.3171
200 30 0.761 13.1657 2041.85 32.8813
200 30 0.771 12.446 2030.2 31.0798
200 30 0.781 12.7975 2040.57 30.6284
200 30 0.791 12.4061 2034.51 31.0722
200 30 0.801 11.8861 2026.39 35.6926
200 30 0.811 11.6366 2024.38 38.5877
200 30 0.821 11.386 2019.29 33.5174
200 30 0.831 11.3905 2020.94 33.0811
200 30 0.841 10.8406 2012.88 33.3217
200 30 0.851 11.1159 2017.58 33.7892
200 30 0.861 10.7163 2012.97 34.0194
200 30 0.871 10.4352 2011.52 34.3144
200 30 0.881 10.2135 2006.38 34.213
200 30 0.891 9.9918 2005.87 34.8164
200 30 0.901 9.7417 1999.76 38.4697
200 30 0.911 9.3442 1994.21 40.9208
200 30 0.921 9.4616 1994.53 41.7086
200 30 0.931 9.1331 1989.94 41.4094
200 30 0.941 9.021 1991.71 41.8122
200 30 0.951 8.4675 1981.3 41.8892
200 30 0.961 8.5176 1985.98 41.9418
200 30 0.971 8.3901 1981.37 39.2095
200 30 0.981 7.7751 1969.46 37.3101
200 30 0.991 7.8237 1973.99 37.6396
200 30 1.001 7.6504 1970.06 38.1317
200 30 1.011 7.3556 1962.09 42.4347
200 30 1.021 7.3485 1963.85 43.9743
200 30 1.031 7.2556 1963.1 40.6357
200 30 1.041 6.9793 1959.51 41.7291
200 30 1.051 6.9554 1957.79 44.1411
200 30 1.061 6.8272 1955.4 39.1086
200 30 1.071 6.7266 1956.07 39.0743
200 30 1.081 6.6661 1955.51 42.8813
200 30 1.091 6.5699 1953.2 44.8961
200 30 1.101 6.3993 1951.69 45.204
200 30 1.111 6.3566 1953.23 41.2691
200 30 1.121 6.2866 1952.1 40.1294
200 30 1.131 6.0774 1947.96 39.6704
200 30 1.141 5.9551 1947.57 39.6996
200 30 1.151 6.0071 1950.11 39.9737
200 30 1.161 5.9153 1947.75 39.767
200 30 1.171 5.8843 1949.15 43.6225
200 30 1.181 5.8072 1948.11 43.7112
200 30 1.191 5.7696 1950.39 44.1869
200 30 1.201 5.6036 1947.95 46.1207
200 30 1.211 5.67 1951.9 45.9429
200 30 1.221 5.5052 1946.96 44.8954
200 30 1.231 5.5394 1949.61 40.4096
200 30 1.241 5.4148 1948.32 40.1324
200 30 1.251 5.5315 1950.21 40.5022
200 30 1.261 5.3884 1948.14 43.534
200 30 1.271 5.3346 1951.91 46.3191
200 30 1.281 5.1876 1946.59 45.9213
200 30 1.291 5.2721 1949.63 45.4833
200 30 1.301 5.1982 1949.58 45.0197
200 30 1.311 5.0687 1945.93 41.6852
200 30 1.321 5.0595 1946.68 41.3754
200 30 1.331 5.0715 1950.24 41.5728
200 30 1.341 4.9753 1949.51 41.3467
200 30 1.351 4.982 1950.03 41.3817
200 30 1.361 4.8756 1950.06 42.1776
200 30 1.371 4.9299 1951.69 43.4221
200 30 1.381 4.8933 1952.27 41.9736
200 30 1.391 4.894 1952.64 41.6404
200 30 1.401 4.8825 1955.83 40.0204
200 30 1.411 4.6754 1949.64 39.9735
200 30 1.421 4.7906 1953.74 44.5041
200 30 1.431 4.7117 1953.77 39.5761
200 30 1.441 4.6618 1951.17 40.5897
200 30 1.451 4.6526 1953.86 39.3043
200 30 1.461 4.6542 1954.08 39.3163
200 30 1.471 4.592 1952.45 42.6895
200 30 1.481 4.6068 1958.25 42.3971
200 30 1.491 4.5559 1954.76 39.3703
200 30 1.501 4.4636 1954.67 39.396
200 30 1.511 4.4427 1955.43 38.9716
200 30 1.521 4.4619 1955.36 38.7872
200 30 1.531 4.4677 1955.46 40.6484
200 30 1.541 4.4098 1956.31 38.3435
200 30 1.551 4.4162 1956.56 38.6769
200 30 1.561 4.4608 1958.41 43.8448
200 30 1.571 4.4252 1960.35 43.5204
200 30 1.581 4.4124 1959.67 40.7779
200 30 1.591 4.3734 1960.96 39.4514
200 30 1.601 4.4441 1963.79 43.1551
200 30 1.611 4.4128 1965.52 43.2146
200 30 1.621 4.4311 1968.28 38.0837
200 30 1.631 4.38 1968.38 37.6527
200 30 1.641 4.3943 1972.31 37.6824
200 30 1.651 4.5126 1974.82 37.5459
200 30 1.661 4.4778 1978.85 36.0468
200 30 1.671 4.4852 1979.09 35.7844
200 30 1.681 4.4261 1979.19 35.9908
200 30 1.691 4.5113 1985.12 35.7546
200 30 1.701 4.5576 1986.83 35.8844
200 30 1.711 4.4845 1987.63 35.527
200 30 1.721 4.548 1991.12 35.6469
200 30 1.731 4.5439 1991.88 35.4905
200 30 1.741 4.5625 1995.54 36.939
200 30 1.751 4.6287 1998.56 41.7092
200 30 1.761 4.5664 1999.11 39.9787
200 30 1.771 4.6307 2002.91 40.5942
200 30 1.781 4.6459 2003.05 36.0817
200 30 1.791 4.7211 2008.45 35.8767
200 30 1.801 4.6656 2008.54 40.5005
200 30 1.811 4.7565 2012.86 41.5812
200 30 1.821 4.7126 2014.74 38.7896
200 30 1.831 4.8131 2016.73 35.8385
200 30 1.841 4.8336 2018.94 35.9771
200 30 1.851 4.9159 2021.23 35.5258
200 30 1.861 4.8759 2021.43 35.2641
200 30 1.871 4.9786 2027.8 35.3022
200 30 1.881 4.9816 2028.11 35.2976
200 30 1.891 5.012 2031.85 36.2026
200 30 1.901 5.0088 2031.7 37.5649
200 30 1.911 5.0228 2033.62 33.9825
200 30 1.921 5.119 2037.34 34.0519
200 30 1.931 5.1628 2040.58 33.8267
200 30 1.941 5.1716 2041.44 33.9339
200 30 1.951 5.2686 2043.89 35.9598
200 30 1.961 5.2972 2045.62 33.7245
200 30 1.971 5.3195 2047.49 33.0186
200 30 1.981 5.3338 2048.65 32.8282
200 30 1.991 5.388 2050.41 32.4838
200 40 0.001 1548.83 21416.9 46.4712
200 40 0.011 1455.72 20251.3 44.3379
200 40 0.021 1370.28 19181.9 42.2775
200 40 0.031 1290.63 18191.1 40.6963
200 40 0.041 1158.32 16536.3 37.5551
200 40 0.051 1086.33 15635.9 35.9908
200 40 0.061 968.987 14162.9 33.0618
200 40 0.071 898.594 13289.2 31.5931
200 40 0.081 794.672 11989.1 29.3053
200 40 0.091 724.677 11112.3 27.7628
200 40 0.101 645.62 10130 26.2496
200 40 0.111 575.367 9258.93 24.7702
200 40 0.121 557.015 9035.22 24.7959
200 40 0.131 481.307 8092.5 23.1804
200 40 0.141 427.583 7423.51 22.3996
200 40 0.151 385.26 6901.42 21.6408
200 40 0.161 361.882 6616.52 21.4237
200 40 0.171 309.315 5961.94 20.3888
200 40 0.181 270.193 5477.25 19.9633
200 40 0.191 254.001 5281.3 19.7816
200 40 0.201 228.189 4966.11 19.6554
200 40 0.211 201.932 4641.81 19.5229
200 40 0.221 164.977 4182.65 18.9481
200 40 0.231 148.75 3987.42 18.9223
200 40 0.241 144.518 3940.36 19.2477
200 40 0.251 121.413 3655.45 19.0086
200 40 0.261 119.823 3638.85 19.1106
200 40 0.271 106.495 3479.03 19.3864
200 40 0.281 90.938 3289.6 19.2613
200 40 0.291 82.0529 3183 19.5925
200 40 0.301 78.9164 3149.62 19.779
200 40 0.311 66.2041 2994.14 20.091
200 40 0.321 60.566 2924.38 20.2121
200 40 0.331 55.3212 2864.19 23.1651
200 40 0.341 53.9484 2850.6 22.9058
200 40 0.351 44.3007 2734.8 21.473
200 40 0.361 42.5249 2713.89 25.5281
200 40 0.371 41.0935 2702.37 22.3609
200 40 0.381 39.7717 2686.48 22.0665
200 40 0.391 33.0277 2607.12 24.4134
200 40 0.401 34.2147 2622.46 23.3367
200 40 0.411 29.4551 2564.91 23.424
200 40 0.421 30.1805 2577.38 23.5775
200 40 0.431 25.8221 2526.69 23.8649
200 40 0.441 27.4562 2550.13 24.3324
200 40 0.451 23.406 2505.06 24.807
200 40 0.461 24.3193 2514.34 26.9095
200 40 0.471 23.022 2498.6 25.6462
200 40 0.481 22.5178 2494.82 25.9191
200 40 0.491 21.5721 2486.08 26.4787
200 40 0.501 20.5477 2468.44 26.5903
200 40 0.511 19.6149 2465.39 27.1999
200 40 0.521 19.8153 2468.03 40.6328
200 40 0.531 18.2271 2448.91 41.6347
200 40 0.541 18.0251 2448.08 42.2753
200 40 0.551 18.7746 2456.01 28.5864
200 40 0.561 17.3112 2436 35.9709
200 40 0.571 16.9372 2434.32 29.1159
200 40 0.581 16.6214 2428.41 29.3971
200 40 0.591 16.0797 2425.09 29.8373
200 40 0.601 16.0058 2425.01 30.1583
200 40 0.611 14.915 2410.12 30.3379
200 40 0.621 14.7999 2412.75 30.9215
200 40 0.631 14.4982 2407.07 31.2808
200 40 0.641 14.4422 2405.18 31.6006
200 40 0.651 13.9497 2398.95 36.5619
200 40 0.661 13.8322 2397.77 37.6743
200 40 0.671 12.9515 2387.29 37.994
200 40 0.681 13.1556 2393.39 33.8822
200 40 0.691 12.7914 2387.75 34.2798
200 40 0.701 12.5347 2385.17 34.747
200 40 0.711 11.9749 2374.34 35.0533
200 40 0.721 12.023 2376.06 36.4266
200 40 0.731 12.0551 2379.74 36.5155
200 40 0.741 11.3887 2370.57 36.7808
200 40 0.751 11.3472 2367.37 40.8964
200 40 0.761 11.3076 2367.45 41.2994
200 40 0.771 10.5367 2357.14 40.7279
200 40 0.781 10.7381 2359.64 38.2687
200 40 0.791 10.2631 2357.3 38.4958
200 40 0.801 10.5645 2357.75 38.9665
200 40 0.811 9.7451 2345.27 39.0443
200 40 0.821 9.6275 2343.67 39.612
200 40 0.831 9.5863 2347.98 39.9477
200 40 0.841 9.4687 2346.27 40.3567
200 40 0.851 9.2542 2340.39 44.4436
200 40 0.861 9.0668 2340.77 42.0556
200 40 0.871 8.9793 2336.49 39.9232
200 40 0.881 8.8867 2336.95 40.4028
200 40 0.891 8.3793 2329.58 40.2764
200 40 0.901 8.3422 2326.91 44.8446
200 40 0.911 8.6291 2332.02 41.3818
200 40 0.921 8.0631 2324.82 43.5771
200 40 0.931 7.8072 2318.53 46.5365
200 40 0.941 7.5666 2315.71 45.703
200 40 0.951 7.4155 2312.12 46.1176
200 40 0.961 7.3861 2313.35 42.826
200 40 0.971 7.3303 2313.12 47.9099
200 40 0.981 7.1115 2309.18 48.1671
200 40 0.991 6.7598 2300.67 48.0845
200 40 1.001 6.8441 2302.78 48.4
200 40 1.011 6.5904 2299.6 48.7439
200 40 1.021 6.3575 2297.25 48.8832
200 40 1.031 6.2009 2291.58 49.3655
200 40 1.041 6.0765 2289.18 49.3862
200 40 1.051 5.8064 2282.8 49.0029
200 40 1.061 5.9951 2287.87 49.2729
200 40 1.071 5.8319 2285.05 49.8805
200 40 1.081 5.7316 2285.78 46.2184
200 40 1.091 5.6287 2279.99 45.5013
200 40 1.101 5.8087 2287.01 45.6619
200 40 1.111 5.4752 2279.14 45.3108
200 40 1.121 5.4747 2286.48 47.469
200 40 1.131 5.5414 2284.16 48.6983
200 40 1.141 5.3184 2283.55 50.628
200 40 1.151 5.1759 2282.95 47.3845
200 40 1.161 5.1106 2278.21 45.2746
200 40 1.171 5.0616 2278.64 45.3664
200 40 1.181 5.1672 2283.23 45.4948
200 40 1.191 5.005 2280.58 50.0559
200 40 1.201 4.908 2278.7 47.2568
200 40 1.211 4.915 2280.18 46.0712
200 40 1.221 4.8716 2282.49 45.7837
200 40 1.231 4.8266 2281.96 45.7967
200 40 1.241 4.8401 2281.4 45.5743
200 40 1.251 4.7133 2282.54 45.8686
200 40 1.261 4.7209 2282.1 45.7672
200 40 1.271 4.5302 2279.81 49.2119
200 40 1.281 4.6451 2282.9 46.1908
200 40 1.291 4.5544 2281.26 46.4397
200 40 1.301 4.4845 2281.37 46.1618
200 40 1.311 4.4421 2281.27 46.162
200 40 1.321 4.5442 2284.3 48.8218
200 40 1.331 4.418 2284.6 47.1686
200 40 1.341 4.4261 2285.47 46.7312
200 40 1.351 4.405 2287.13 46.6656
200 40 1.361 4.2782 2283.14 46.7263
200 40 1.371 4.2868 2285.62 46.4605
200 40 1.381 4.2688 2285.5 47.0728
200 40 1.391 4.2354 2284.52 50.2619
200 40 1.401 4.2339 2284.99 50.1572
200 40 1.411 4.1619 2285.55 46.6497
200 40 1.421 4.2048 2288.51 44.8989
200 40 1.431 4.0668 2287.22 44.9316
200 40 1.441 4.1283 2287.2 44.6032
200 40 1.451 4.0502 2286.92 45.9038
200 40 1.461 4.0822 2289.14 44.0809
200 40 1.471 4.0787 2290.91 43.9991
200 40 1.481 4.0777 2289.92 44.0608
200 40 1.491 4.0266 2290.73 43.622
200 40 1.501 4.0483 2293.43 44.0331
200 40 1.511 4.0415 2292.29 43.7212
200 40 1.521 3.9402 2290.62 43.0681
200 40 1.531 3.9973 2294.97 43.2035
200 40 1.541 4.0175 2290.92 48.6352
200 40 1.551 3.9913 2294.82 49.1385
200 40 1.561 3.9968 2293.31 43.7996
200 40 1.571 3.9248 2292.94 43.0152
200 40 1.581 3.8534 2292.68 42.6318
200 40 1.591 3.9542 2295.8 42.5001
200 40 1.601 3.9746 2297.02 42.3877
200 40 1.611 3.9672 2301.21 42.5422
200 40 1.621 3.9172 2301.81 42.1793
200 40 1.631 3.9542 2303.67 42.1361
200 40 1.641 4.003 2308.35 42.03
200 40 1.651 4.024 2310.07 41.984
200 40 1.661 3.9545 2311.9 41.6846
200 40 1.671 3.9492 2312.37 41.5382
200 40 1.681 3.9699 2316.59 42.4581
200 40 1.691 4.0579 2320.77 42.1608
200 40 1.701 3.9441 2318.5 41.5263
200 40 1.711 4.0734 2323.78 41.5379
200 40 1.721 4.0633 2326.57 41.6882
200 40 1.731 4.1861 2331.37 41.6723
200 40 1.741 4.172 2331.45 41.2643
200 40 1.751 4.1759 2336.28 41.1436
200 40 1.761 4.1972 2336.09 40.98
200 40 1.771 4.2159 2338.04 40.947
200 40 1.781 4.1778 2340.25 43.2199
200 40 1.791 4.2327 2341.39 45.5813
200 40 1.801 4.2418 2344.02 45.5403
200 40 1.811 4.277 2347.12 44.7159
200 40 1.821 4.3376 2349.91 42.8217
200 40 1.831 4.3353 2351.01 43.4679
200 40 1.841 4.4004 2353.76 40.0408
200 40 1.851 4.3771 2354.87 41.3747
200 40 1.861 4.4656 2357.88 38.8985
200 40 1.871 4.4527 2358.95 38.6898
200 40 1.881 4.4898 2359.6 38.5612
200 40 1.891 4.5193 2362.89 38.3357
200 40 1.901 4.5438 2365.46 37.9477
200 40 1.911 4.5829 2365.27 40.271
200 40 1.921 4.6352 2367.34 37.7679
200 40 1.931 4.6671 2371.13 37.5665
200 40 1.941 4.7105 2370.78 37.6745
200 40 1.951 4.7105 2372.78 37.0384
200 40 1.961 4.7773 2375.36 37.1004
200 40 1.971 4.775 2374.88 36.601
200 40 1.981 4.8458 2375.44 40.1023
200 40 1.991 4.91 2378.74 39.4905
300 10 0.001 657.428 10792.6 3.6943
300 10 0.011 651.715 10710.9 4.0674
300 10 0.021 633.653 10447.9 4.5749
300 10 0.031 608.968 10085 4.6187
300 10 0.041 605.989 10046.7 4.6395
300 10 0.051 582.906 9709.74 4.7223
300 10 0.061 586.554 9767.9 6.32
300 10 0.071 565.481 9457.9 6.7767
300 10 0.081 561.002 9399.07 6.7147
300 10 0.091 530.581 8950.69 7.3374
300 10 0.101 524.548 8869.59 7.6736
300 10 0.111 509.539 8653.26 8.2809
300 10 0.121 513.546 8713.14 8.4747
300 10 0.131 494.389 8434.86 9.0802
300 10 0.141 499.737 8517.87 8.2462
300 10 0.151 459.534 7930.05 8.5564
300 10 0.161 433.754 7556.1 9.6682
300 10 0.171 430.571 7513.73 10.86
300 10 0.181 404.467 7127.25 11.2434
300 10 0.191 416.904 7322.67 11.4712
300 10 0.201 400.961 7084.2 11.4084
300 10 0.211 394.561 7001.65 11.2678
300 10 0.221 379.271 6780.74 12.8238
300 10 0.231 377.723 6748.14 12.481
300 10 0.241 353.947 6414.13 11.8755
300 10 0.251 344.34 6275.23 11.9165
300 10 0.261 335.883 6151.51 12.2165
300 10 0.271 317.442 5880.53 12.572
300 10 0.281 311.536 5806.67 14.0004
300 10 0.291 305.234 5714.19 14.3499
300 10 0.301 284.608 5411.66 13.394
300 10 0.311 275.947 5294.03 14.0045
300 10 0.321 269.128 5194.68 14.4454
300 10 0.331 267.333 5175.77 14.5905
300 10 0.341 253.119 4963.75 14.8659
300 10 0.351 249.305 4914.65 15.2628
300 10 0.361 233.307 4680.19 15.3589
300 10 0.371 224.888 4567.95 15.9648
300 10 0.381 219.43 4490.08 16.3239
300 10 0.391 215.328 4434.56 16.4149
300 10 0.401 205.938 4297.7 16.8803
300 10 0.411 184.678 3981.14 16.8327
300 10 0.421 186.875 4025.95 17.5161
300 10 0.431 181.991 3953.15 17.9257
300 10 0.441 172.62 3822.72 19.3187
300 10 0.451 161.384 3654.6 19.0279
300 10 0.461 159.624 3643.88 21.3572
300 10 0.471 156.097 3591.68 22.1728
300 10 0.481 149.035 3495.1 22.3907
300 10 0.491 145.468 3440.01 20.2623
300 10 0.501 140.317 3369.85 19.8299
300 10 0.511 132.531 3262.75 20.0588
300 10 0.521 132.422 3259.32 20.598
300 10 0.531 125.458 3164.58 21.0942
300 10 0.541 120.566 3097.09 21.2218
300 10 0.551 117.744 3054.48 21.6472
300 10 0.561 108.019 2917.59 24.0067
300 10 0.571 105.475 2876.73 25.5305
300 10 0.581 91.3368 2682.02 24.3794
300 10 0.591 95.2857 2737.31 23.5715
300 10 0.601 89.3412 2649.24 23.4649
300 10 0.611 87.5 2625.86 23.849
300 10 0.621 89.1388 2662.82 24.4276
300 10 0.631 83.2774 2572.41 24.3163
300 10 0.641 76.1437 2471.89 24.6869
300 10 0.651 77.4407 2492.01 27.5759
300 10 0.661 70.029 2388.71 28.4742
300 10 0.671 66.4086 2335.73 28.8532
300 10 0.681 67.7443 2362.89 29.5862
300 10 0.691 64.442 2314.72 29.5331
300 10 0.701 59.8746 2252.82 26.7929
300 10 0.711 58.62 2233.7 25.8961
300 10 0.721 53.7965 2171.93 26.4891
300 10 0.731 52.8825 2156.32 26.7124
300 10 0.741 51.1564 2134.8 27.296
300 10 0.751 48.7572 2096.61 26.9036
300 10 0.761 48.6991 2096.79 27.5613
300 10 0.771 45.3716 2055.03 27.6406
300 10 0.781 41.8653 2008.28 28.2262
300 10 0.791 43.8937 2031.5 28.3414
300 10 0.801 42.4565 2019.26 28.9256
300 10 0.811 40.2471 1988.3 29.0284
300 10 0.821 37.8273 1952.75 33.2362
300 10 0.831 37.0263 1946.48 33.9013
300 10 0.841 33.9677 1905.32 34.1209
300 10 0.851 33.7821 1897.36 31.8558
300 10 0.861 32.7138 1885.09 33.3043
300 10 0.871 30.5894 1860.52 31.9351
300 10 0.881 30.3754 1855.44 32.4117
300 10 0.891 28.6569 1831.05 32.2541
300 10 0.901 28.4961 1833.48 32.213
300 10 0.911 28.2081 1831.62 32.1055
300 10 0.921 26.257 1803.6 33.5452
300 10 0.931 25.3574 1788.89 33.6556
300 10 0.941 24.6596 1782.39 33.9162
300 10 0.951 23.2405 1762.38 36.6589
300 10 0.961 23.3029 1767.84 37.5585
300 10 0.971 21.9507 1751.47 34.3141
300 10 0.981 21.5804 1747.7 33.6371
300 10 0.991 20.614 1727.73 33.5069
300 10 1.001 21.1791 1740.12 34.3745
300 10 1.011 19.1908 1708.25 34.4544
300 10 1.021 18.9579 1706.72 34.4489
300 10 1.031 17.9347 1696.34 34.8481
300 10 1.041 17.1281 1687.74 35.1576
300 10 1.051 17.6395 1687.15 35.3325
300 10 1.061 17.1862 1688.05 35.9839
300 10 1.071 16.623 1680.98 35.9916
300 10 1.081 16.475 1686.99 36.5706
300 10 1.091 15.6358 1669.76 40.5037
300 10 1.101 15.9775 1676.23 41.2607
300 10 1.111 15.3721 1668.94 41.0284
300 10 1.121 14.5336 1651.31 38.391
300 10 1.131 14.9311 1664.59 40.5556
300 10 1.141 14.4995 1661.06 38.3572
300 10 1.151 14.5398 1660.42 38.6184
300 10 1.161 13.9872 1655.65 38.2215
300 10 1.171 14.238 1655.93 38.6976
300 10 1.181 14.1016 1661.41 38.8795
300 10 1.191 13.8581 1654.76 38.7073
300 10 1.201 13.4675 1649.62 38.7455
300 10 1.211 13.4016 1651.62 38.9053
300 10 1.221 13.4509 1655.47 39.1802
300 10 1.231 13.1395 1648.1 39.0174
300 10 1.241 13.0562 1647.16 39.1818
300 10 1.251 12.876 1647.72 39.3713
300 10 1.261 12.8607 1650.86 41.4007
300 10 1.271 12.8546 1651.81 41.4608
300 10 1.281 12.5079 1649.4 40.2737
300 10 1.291 12.569 1647.45 40.222
300 10 1.301 12.2795 1644.22 40.4429
300 10 1.311 11.9801 1640.24 40.1049
300 10 1.321 11.9565 1643.37 40.558
300 10 1.331 12.1006 1642.29 42.5886
300 10 1.341 11.6195 1639.96 41.1931
300 10 1.351 11.6977 1644.02 40.6008
300 10 1.361 11.4853 1638.66 40.3191
300 10 1.371 11.3712 1636.89 39.1486
300 10 1.381 11.4951 1646 41.6895
300 10 1.391 11.63 1647.02 44.1129
300 10 1.401 11.4189 1647.55 43.2666
300 10 1.411 11.5398 1654.19 43.6526
300 10 1.421 10.8664 1638.49 43.5384
300 10 1.431 11.1077 1646.45 42.7832
300 10 1.441 11.3098 1650.78 40.6106
300 10 1.451 10.7142 1639.22 42.2758
300 10 1.461 10.9276 1642.8 42.7507
300 10 1.471 10.6885 1641.09 40.2426
300 10 1.481 10.6905 1646.5 40.279
300 10 1.491 10.8924 1652.37 40.7651
300 10 1.501 10.5225 1645.16 40.4281
300 10 1.511 10.5588 1645.49 40.1163
300 10 1.521 10.5347 1649.73 40.4056
300 10 1.531 10.2706 1642.8 40.1608
300 10 1.541 10.5418 1651.44 41.841
300 10 1.551 10.0926 1643.65 42.5972
300 10 1.561 10.5586 1654.51 44.0411
300 10 1.571 10.324 1651.32 44.5087
300 10 1.581 10.3088 1654.58 44.9588
300 10 1.591 10.1892 1651.94 44.3408
300 10 1.601 10.5993 1665.35 40.9173
300 10 1.611 10.2941 1658.53 40.4798
300 10 1.621 10.1437 1655.62 40.1758
300 10 1.631 10.336 1661.97 40.4645
300 10 1.641 10.2048 1664.8 43.2793
300 10 1.651 10.2299 1667.03 43.2341
300 10 1.661 10.2253 1667.03 42.5063
300 10 1.671 10.1499 1667.29 44.0833
300 10 1.681 10.3322 1673.71 45.117
300 10 1.691 10.2599 1673.77 44.9491
300 10 1.701 10.104 1673.83 44.6199
300 10 1.711 10.1547 1676.06 44.839
300 10 1.721 10.1363 1676.55 44.6447
300 10 1.731 10.249 1683.73 45.0585
300 10 1.741 10.146 1681.73 42.0619
300 10 1.751 10.2546 1687.01 40.2718
300 10 1.761 10.3786 1690.32 40.4601
300 10 1.771 10.233 1690.96 40.3027
300 10 1.781 10.3907 1698.32 45.2468
300 10 1.791 10.3645 1700.58 41.1264
300 10 1.801 10.2823 1698.3 44.0174
300 10 1.811 10.348 1703.41 42.7759
300 10 1.821 10.4196 1705.35 41.4791
300 10 1.831 10.4563 1708.55 45.8829
300 10 1.841 10.5046 1712.56 42.8359
300 10 1.851 10.4245 1710.81 45.5121
300 10 1.861 10.4621 1717.18 45.663
300 10 1.871 10.5151 1718.59 43.2301
300 10 1.881 10.5266 1721.58 44.4358
300 10 1.891 10.6536 1729.2 44.4359
300 10 1.901 10.815 1734.92 45.453
300 10 1.911 10.7085 1733.32 43.0027
300 10 1.921 10.7821 1738.41 41.3468
300 10 1.931 10.7454 1737.28 41.0607
300 10 1.941 10.9374 1746.79 41.4638
300 10 1.951 10.9003 1748.61 41.3768
300 10 1.961 11.0293 1751.16 40.5639
300 10 1.971 11.0687 1753.64 40.3601
300 10 1.981 11.1226 1757.11 40.3781
300 10 1.991 11.1143 1760.32 40.2864
300 20 0.001 1354.5 19344.1 6.0883
300 20 0.011 1286.03 18435.5 6.0812
300 20 0.021 1269.8 18226 6.7411
300 20 0.031 1177.09 16996.4 7.0467
300 20 0.041 1116.76 16201.3 7.5731
300 20 0.051 1123.07 16289.6 7.7371
300 20 0.061 1042.89 15229.1 8.3691
300 20 0.071 989.454 14521.4 8.9395
300 20 0.081 930.622 13751.3 8.7529
300 20 0.091 885.162 13147.9 10.7277
300 20 0.101 863.264 12868.4 11.3264
300 20 0.111 828.782 12408.4 11.9003
300 20 0.121 795.896 11977.5 11.3284
300 20 0.131 722.409 11007.5 11.4879
300 20 0.141 678.613 10432.3 11.6383
300 20 0.151 632.203 9816.96 11.7222
300 20 0.161 615.832 9604.23 12.1901
300 20 0.171 596.524 9359.4 13.0488
300 20 0.181 578.717 9125.92 15.3222
300 20 0.191 522.253 8385.48 15.6705
300 20 0.201 497.944 8066.73 16.2225
300 20 0.211 462.029 7593.94 16.7537
300 20 0.221 439.45 7304.27 15.5709
300 20 0.231 403.356 6828.52 14.5823
300 20 0.241 390.245 6652.5 15.1276
300 20 0.251 359.369 6250.82 15.1098
300 20 0.261 343.281 6042.22 15.7049
300 20 0.271 324.535 5802.07 15.9203
300 20 0.281 297.711 5446.56 15.9794
300 20 0.291 283.091 5259.37 18.2596
300 20 0.301 264.318 5015.2 20.2823
300 20 0.311 233.023 4603.43 17.9697
300 20 0.321 226.312 4521.46 17.877
300 20 0.331 217.862 4410.8 20.7123
300 20 0.341 201.234 4199.04 20.7812
300 20 0.351 199.374 4172.91 18.2723
300 20 0.361 168.032 3768.4 18.8933
300 20 0.371 175.67 3874.33 19.1447
300 20 0.381 160.97 3678.86 19.2259
300 20 0.391 138.47 3383.65 19.47
300 20 0.401 136.065 3357.63 20.0611
300 20 0.411 125.618 3227.07 20.7531
300 20 0.421 117.333 3115.06 20.7131
300 20 0.431 109.596 3021.12 20.9926
300 20 0.441 98.8685 2883.33 21.251
300 20 0.451 101.015 2913.15 21.196
300 20 0.461 92.4476 2807.81 21.7293
300 20 0.471 88.8975 2762.29 22.0706
300 20 0.481 78.0552 2616.31 22.1244
300 20 0.491 77.6901 2617.5 22.517
300 20 0.501 73.6268 2565.8 22.8564
300 20 0.511 68.3163 2497.96 23.1342
300 20 0.521 62.5263 2425.18 23.4146
300 20 0.531 60.4786 2399.23 23.8893
300 20 0.541 56.6042 2349.2 23.9204
300 20 0.551 56.3221 2356.96 24.6724
300 20 0.561 50.1977 2273.62 24.7664
300 20 0.571 47.4233 2238.62 27.6717
300 20 0.581 45.198 2210.13 29.5931
300 20 0.591 45.1944 2216.54 26.5633
300 20 0.601 43.0279 2190.55 26.3676
300 20 0.611 38.8784 2136.31 26.7347
300 20 0.621 37.5284 2117.1 26.4897
300 20 0.631 34.6265 2085.72 27.0249
300 20 0.641 34.2836 2080.79 27.5627
300 20 0.651 34.3745 2086.86 27.7353
300 20 0.661 32.1599 2052.03 27.9925
300 20 0.671 29.8113 2031.07 28.3149
300 20 0.681 30.6572 2041.24 28.7854
300 20 0.691 29.4212 2025.52 31.5743
300 20 0.701 27.7812 2011.37 34.4721
300 20 0.711 27.7729 2013.8 32.9801
300 20 0.721 26.0901 1990.7 29.8515
300 20 0.731 25.8437 1980.64 30.0012
300 20 0.741 24.9572 1981.99 30.5022
300 20 0.751 24.2305 1962.18 30.0141
300 20 0.761 23.303 1952.47 30.3212
300 20 0.771 23.8885 1967.62 30.7644
300 20 0.781 22.5613 1948.27 30.9148
300 20 0.791 21.6925 1937.04 31.5312
300 20 0.801 20.2082 1915.93 32.0441
300 20 0.811 20.0727 1919.14 32.3841
300 20 0.821 19.973 1916.84 32.2943
300 20 0.831 18.8261 1907 32.6841
300 20 0.841 19.4066 1913.59 33.1436
300 20 0.851 17.5517 1890.1 33.0952
300 20 0.861 17.863 1892.48 33.332
300 20 0.871 17.3124 1884.74 33.146
300 20 0.881 17.3937 1892.44 33.8769
300 20 0.891 16.4414 1875.88 34.002
300 20 0.901 15.6794 1864.34 34.1053
300 20 0.911 15.76 1869.62 34.7319
300 20 0.921 15.4941 1867.24 35.2594
300 20 0.931 15.2265 1860.65 35.2747
300 20 0.941 14.0441 1844.59 35.2161
300 20 0.951 13.6554 1835.81 34.6536
300 20 0.961 14.2838 1852.8 40.0331
300 20 0.971 13.53 1840.9 36.7981
300 20 0.981 13.393 1837.58 37.4378
300 20 0.991 13.4833 1841.6 37.918
300 20 1.001 13.0204 1839.31 38.5449
300 20 1.011 12.4865 1822.78 38.3014
300 20 1.021 12.2097 1823.73 38.8399
300 20 1.031 11.8664 1817.5 38.8837
300 20 1.041 11.7913 1818.67 39.4644
300 20 1.051 11.1592 1805.62 38.6794
300 20 1.061 11.3553 1814.33 38.2975
300 20 1.071 11.3681 1817.71 38.7997
300 20 1.081 10.9932 1809.69 38.3279
300 20 1.091 10.5819 1802.56 38.4448
300 20 1.101 10.6255 1802.93 38.5688
300 20 1.111 10.4265 1804.15 38.6948
300 20 1.121 10.2236 1801.57 38.7756
300 20 1.131 10.2271 1802.21 39.3119
300 20 1.141 9.9324 1798.2 39.0914
300 20 1.151 9.9424 1797.03 43.843
300 20 1.161 9.6186 1791.72 41.9848
300 20 1.171 9.592 1794.33 40.7992
300 20 1.181 9.4273 1796.71 40.9597
300 20 1.191 9.6186 1799.22 41.3487
300 20 1.201 9.7995 1804.26 41.6125
300 20 1.211 9.2994 1799.4 41.1636
300 20 1.221 9.1848 1795.98 41.2572
300 20 1.231 9.0348 1798.11 44.0442
300 20 1.241 9.1493 1803.59 45.3208
300 20 1.251 9.2737 1809.32 45.8614
300 20 1.261 8.8387 1799.45 44.6504
300 20 1.271 8.6832 1797.61 41.2573
300 20 1.281 8.8632 1800.61 44.8499
300 20 1.291 8.7175 1803.33 44.507
300 20 1.301 8.7777 1799.09 43.766
300 20 1.311 8.6282 1800.58 41.0636
300 20 1.321 8.6329 1802.94 41.4415
300 20 1.331 8.4828 1803.77 41.0325
300 20 1.341 8.3979 1802.18 40.7277
300 20 1.351 8.4912 1806.45 39.9282
300 20 1.361 8.1321 1800.03 39.222
300 20 1.371 8.2342 1805.22 39.7283
300 20 1.381 8.1753 1803.31 39.4548
300 20 1.391 8.2004 1806.02 39.4615
300 20 1.401 8.1352 1803.41 39.3426
300 20 1.411 7.8055 1801.47 39.3332
300 20 1.421 7.9041 1807.25 39.5651
300 20 1.431 7.8861 1806.64 39.7331
300 20 1.441 7.9079 1808.04 39.4597
300 20 1.451 7.7035 1807.89 39.2048
300 20 1.461 7.5798 1803.41 38.9882
300 20 1.471 7.9862 1817.23 39.5185
300 20 1.481 7.6483 1810.83 41.0234
300 20 1.491 7.6265 1811.37 40.7539
300 20 1.501 7.7268 1813.81 40.571
300 20 1.511 7.6989 1816.7 40.3832
300 20 1.521 7.8526 1822.51 40.904
300 20 1.531 7.7905 1820.02 43.5879
300 20 1.541 7.7063 1817.22 45.1583
300 20 1.551 7.5847 1816.96 45.1498
300 20 1.561 7.4714 1819.54 44.3535
300 20 1.571 7.6495 1825.84 40.8417
300 20 1.581 7.5362 1824.49 40.7196
300 20 1.591 7.5014 1825.08 43.0452
300 20 1.601 7.3528 1822.31 41.8714
300 20 1.611 7.68 1833.42 39.714
300 20 1.621 7.7172 1837.4 39.4849
300 20 1.631 7.577 1837.56 42.2191
300 20 1.641 7.4242 1832.03 44.3865
300 20 1.651 7.6558 1844.3 42.4615
300 20 1.661 7.544 1842.15 44.4616
300 20 1.671 7.5616 1847.19 45.504
300 20 1.681 7.6414 1854.29 41.7439
300 20 1.691 7.6159 1854.69 43.8621
300 20 1.701 7.6409 1858.58 40.7425
300 20 1.711 7.7395 1862.41 40.5422
300 20 1.721 7.6543 1865.04 40.2906
300 20 1.731 7.6103 1867.2 40.2259
300 20 1.741 7.7976 1873.74 40.7119
300 20 1.751 7.8065 1872.74 40.6985
300 20 1.761 7.7148 1876.57 43.2522
300 20 1.771 7.7414 1882.73 41.195
300 20 1.781 7.7882 1884.71 40.0384
300 20 1.791 7.9758 1892.13 44.9467
300 20 1.801 8.0566 1898.39 44.977
300 20 1.811 8.0953 1903.05 45.3202
300 20 1.821 8.0179 1901.92 43.6164
300 20 1.831 8.1159 1908.45 41.1955
300 20 1.841 8.0991 1907.23 39.4098
300 20 1.851 8.2791 1917.2 40.1029
300 20 1.861 8.0785 1913.21 40.0189
300 20 1.871 8.2232 1920.61 40.3901
300 20 1.881 8.3097 1921.94 40.3526
300 20 1.891 8.3793 1930.47 40.4101
300 20 1.901 8.4929 1935.84 40.7943
300 20 1.911 8.5985 1939.81 40.7822
300 20 1.921 8.6735 1943.82 40.7733
300 20 1.931 8.6829 1943.66 40.5163
300 20 1.941 8.7319 1949.8 40.6009
300 20 1.951 8.7435 1953.04 40.2975
300 20 1.961 8.9626 1961.13 40.8574
300 20 1.971 8.973 1962.4 40.4324
300 20 1.981 9.1176 1969.44 40.2238
300 20 1.991 9.1237 1974.19 39.9554
300 30 0.001 1966.45 26877.9 7.3254
300 30 0.011 1834.87 25192.5 7.4941
300 30 0.021 1797.16 24715.6 7.7311
300 30 0.031 1687.83 23321.7 8.1965
300 30 0.041 1537.43 21392.7 8.622
300 30 0.051 1459.55 20404.5 9.7039
300 30 0.061 1369.2 19248.6 9.8792
300 30 0.071 1284.18 18167 10.0447
300 30 0.081 1173.92 16760.3 10.3146
300 30 0.091 1101.5 15834.3 10.5286
300 30 0.101 1028.21 14903.4 11.5338
300 30 0.111 918.925 13509.1 12.8645
300 30 0.121 868.816 12872.6 13.2433
300 30 0.131 792.48 11900.1 14.4962
300 30 0.141 743.761 11287.4 14.6724
300 30 0.151 706.903 10815.8 14.8961
300 30 0.161 596.136 9407.77 15.5701
300 30 0.171 564.971 9013.22 16.0721
300 30 0.181 501.144 8198.51 16.4673
300 30 0.191 480.293 7940.45 16.7532
300 30 0.201 461.911 7712.29 16.1986
300 30 0.211 399.794 6925.17 16.3715
300 30 0.221 340.648 6177.72 15.543
300 30 0.231 341.989 6202.67 16.2345
300 30 0.241 307.492 5762.71 16.4958
300 30 0.251 272.838 5320.55 19.1475
300 30 0.261 256.141 5110.26 16.2237
300 30 0.271 228.129 4759.88 17.5079
300 30 0.281 214.393 4594.28 17.719
300 30 0.291 186.703 4243.98 20.6714
300 30 0.301 179.095 4149.8 21.689
300 30 0.311 161.557 3929.65 21.3675
300 30 0.321 144.581 3722.51 19.1345
300 30 0.331 137.814 3633.13 19.2763
300 30 0.341 129.538 3535.62 19.7571
300 30 0.351 108.871 3277.14 20.1736
300 30 0.361 103.239 3209.88 20.3589
300 30 0.371 98.8107 3158.75 20.7886
300 30 0.381 93.1316 3086.06 21.0134
300 30 0.391 84.0843 2970.56 24.212
300 30 0.401 78.8172 2911.34 26.254
300 30 0.411 66.8915 2767.5 26.4082
300 30 0.421 68.7148 2790.38 26.5769
300 30 0.431 59.8338 2678.02 25.2494
300 30 0.441 57.7497 2664.81 25.1478
300 30 0.451 53.7493 2607.91 28.2961
300 30 0.461 55.1769 2628.5 27.28
300 30 0.471 48.0621 2543.76 23.1094
300 30 0.481 46.1116 2525.33 23.8649
300 30 0.491 44.3797 2507.94 24.3156
300 30 0.501 40.8626 2460.12 24.3345
300 30 0.511 40.4086 2457 28.8854
300 30 0.521 36.7206 2411.68 29.2288
300 30 0.531 36.0315 2399.9 29.1181
300 30 0.541 33.5073 2370.48 28.2145
300 30 0.551 33.5081 2378.45 28.8427
300 30 0.561 30.1502 2337.54 28.8532
300 30 0.571 31.5358 2356.02 29.5354
300 30 0.581 29.5455 2333.06 29.1335
300 30 0.591 27.5741 2307.09 28.3429
300 30 0.601 26.4805 2296.8 28.7464
300 30 0.611 26.9926 2308.85 29.454
300 30 0.621 25.5932 2287.57 29.5922
300 30 0.631 24.935 2279.32 29.6567
300 30 0.641 24.1859 2271.52 33.4642
300 30 0.651 23.6497 2270.17 35.3058
300 30 0.661 23.0037 2257.52 35.4488
300 30 0.671 23.0167 2264.66 30.5513
300 30 0.681 22.0474 2249.95 32.4374
300 30 0.691 21.2549 2238.77 32.5902
300 30 0.701 20.9371 2238.34 32.7822
300 30 0.711 19.9807 2218.37 32.2387
300 30 0.721 19.6952 2218.63 32.6117
300 30 0.731 19.3462 2216.17 37.6329
300 30 0.741 19.8733 2229.99 38.3427
300 30 0.751 18.7101 2211.26 34.7824
300 30 0.761 18.7069 2213.93 35.2612
300 30 0.771 17.7509 2201.11 35.4137
300 30 0.781 16.9838 2189.69 36.1787
300 30 0.791 17.0828 2193.84 36.1925
300 30 0.801 16.6141 2184.33 36.4081
300 30 0.811 16.0982 2180.96 36.986
300 30 0.821 16.1623 2181.52 37.1525
300 30 0.831 15.5471 2177.25 37.4816
300 30 0.841 15.6725 2179.73 37.9289
300 30 0.851 15.0604 2167.43 38.1027
300 30 0.861 14.4647 2163.16 38.5805
300 30 0.871 13.8922 2149.36 38.473
300 30 0.881 14.1254 2159.01 38.9586
300 30 0.891 13.3303 2147.63 40.1053
300 30 0.901 13.7168 2155.14 43.5067
300 30 0.911 13.3359 2149.96 39.7317
300 30 0.921 12.4654 2137.51 39.7934
300 30 0.931 12.1746 2131.2 39.8774
300 30 0.941 12.146 2134.1 40.3377
300 30 0.951 11.8827 2124.37 40.2971
300 30 0.961 11.368 2118.68 40.7345
300 30 0.971 11.4287 2119.14 40.7931
300 30 0.981 11.4841 2126.01 40.799
300 30 0.991 11.1536 2117 40.3308
300 30 1.001 10.8772 2116.32 40.7464
300 30 1.011 10.5296 2107.63 40.7715
300 30 1.021 10.2589 2106.96 42.5106
300 30 1.031 10.2234 2105.57 47.0732
300 30 1.041 10.1462 2102.06 47.1642
300 30 1.051 9.9128 2103.15 45.04
300 30 1.061 9.455 2092.26 47.4716
300 30 1.071 9.4709 2095.47 46.2528
300 30 1.081 9.3653 2095.55 44.798
300 30 1.091 9.1258 2091.25 47.9965
300 30 1.101 8.886 2090.11 43.3463
300 30 1.111 8.8054 2092.94 43.2603
300 30 1.121 9.0767 2093.23 43.5961
300 30 1.131 8.7881 2090.93 43.7558
300 30 1.141 8.429 2086.37 43.5356
300 30 1.151 8.4517 2086.35 44.0147
300 30 1.161 8.6159 2093.94 44.1557
300 30 1.171 8.4092 2087.91 43.9584
300 30 1.181 8.3133 2087.03 44.0619
300 30 1.191 8.0538 2081.89 49.1169
300 30 1.201 8.0105 2086.69 48.3979
300 30 1.211 8.1203 2091.94 49.693
300 30 1.221 7.7595 2083.97 49.1709
300 30 1.231 7.7197 2084.23 48.6879
300 30 1.241 7.574 2082.38 49.765
300 30 1.251 7.6042 2084.5 47.511
300 30 1.261 7.4659 2089.61 45.2722
300 30 1.271 7.6426 2090.45 48.3086
300 30 1.281 7.395 2084.93 49.324
300 30 1.291 7.1975 2080.78 49.2823
300 30 1.301 7.2686 2086.27 49.4517
300 30 1.311 7.1971 2088.42 49.334
300 30 1.321 7.1054 2089.33 48.4901
300 30 1.331 7.2318 2093.3 49.3606
300 30 1.341 6.9361 2086.14 47.2056
300 30 1.351 6.9461 2089.59 46.6822
300 30 1.361 6.8693 2090.91 49.8677
300 30 1.371 6.9812 2095.05 49.8304
300 30 1.381 6.743 2087.86 45.002
300 30 1.391 6.9369 2095.67 45.3716
300 30 1.401 6.9483 2099.13 50.0729
300 30 1.411 6.6135 2089.18 49.1588
300 30 1.421 6.743 2096.36 45.2177
300 30 1.431 6.8207 2097.81 50.0177
300 30 1.441 6.773 2101.52 45.7833
300 30 1.451 6.6081 2096.47 45.2639
300 30 1.461 6.5342 2096.37 45.1015
300 30 1.471 6.5924 2101.93 45.2021
300 30 1.481 6.538 2102.56 45.0254
300 30 1.491 6.4958 2098.5 44.5697
300 30 1.501 6.5686 2100.03 44.6607
300 30 1.511 6.3391 2099.36 45.0883
300 30 1.521 6.4475 2105.35 49.7015
300 30 1.531 6.5278 2109.02 46.6514
300 30 1.541 6.3657 2104.86 44.959
300 30 1.551 6.325 2109.29 44.5355
300 30 1.561 6.451 2110.59 44.5655
300 30 1.571 6.2523 2105.48 45.6751
300 30 1.581 6.2857 2107.08 49.2389
300 30 1.591 6.3938 2114.06 49.0009
300 30 1.601 6.363 2116.52 47.8024
300 30 1.611 6.3322 2118.36 47.242
300 30 1.621 6.3603 2124.12 42.7819
300 30 1.631 6.4628 2129.16 42.6728
300 30 1.641 6.5145 2131.68 42.7886
300 30 1.651 6.39 2132.32 42.5731
300 30 1.661 6.4228 2137.83 42.2703
300 30 1.671 6.544 2144.52 42.5246
300 30 1.681 6.5939 2147.46 42.6246
300 30 1.691 6.59 2150.68 42.4751
300 30 1.701 6.504 2152.15 42.4076
300 30 1.711 6.6334 2161.4 42.6262
300 30 1.721 6.6477 2163.39 42.3273
300 30 1.731 6.7147 2166.23 42.2577
300 30 1.741 6.6505 2170.06 42.2238
300 30 1.751 6.7525 2173.99 42.3355
300 30 1.761 6.8709 2181.68 42.2413
300 30 1.771 6.9049 2182.6 42.4142
300 30 1.781 6.923 2185.06 42.3361
300 30 1.791 6.876 2189.08 42.3002
300 30 1.801 7.0285 2195.84 42.0722
300 30 1.811 7.0542 2197.18 42.1436
300 30 1.821 7.1442 2204.33 41.8649
300 30 1.831 7.0604 2203.22 41.7233
300 30 1.841 7.2136 2213.25 41.8363
300 30 1.851 7.2455 2213 41.7916
300 30 1.861 7.2386 2215.67 41.4153
300 30 1.871 7.2794 2219.81 41.6394
300 30 1.881 7.4534 2226.33 41.5047
300 30 1.891 7.4412 2226.93 41.3277
300 30 1.901 7.5157 2232.05 41.4747
300 30 1.911 7.641 2236.2 41.4424
300 30 1.921 7.6094 2238.04 41.2322
300 30 1.931 7.7489 2240.78 41.16
300 30 1.941 7.7319 2245.7 41.167
300 30 1.951 7.8685 2249.5 41.1861
300 30 1.961 7.9187 2251.24 40.9403
300 30 1.971 7.9598 2254.74 40.749
300 30 1.981 8.1186 2261.76 40.7063
300 30 1.991 8.1988 2263.84 40.5639
300 40 0.001 2538.36 33959.6 71.8247
300 40 0.011 2513.87 33661.2 72.3262
300 40 0.021 2274.75 30651.3 66.3064
300 40 0.031 2088.75 28312.8 61.5547
300 40 0.041 1927.42 26287.4 57.8218
300 40 0.051 1734.02 23861 53.4206
300 40 0.061 1559.85 21673.4 49.2013
300 40 0.071 1467.35 20518.9 47.3157
300 40 0.081 1311.82 18564.3 43.6358
300 40 0.091 1159.49 16657.6 40.1525
300 40 0.101 1046.03 15234.2 37.7265
300 40 0.111 980.539 14420.6 36.6177
300 40 0.121 871.507 13060.4 34.495
300 40 0.131 762.617 11693 34.3099
300 40 0.141 663.956 10462.5 32.5789
300 40 0.151 648.233 10267.7 32.7357
300 40 0.161 550.816 9054.31 30.8969
300 40 0.171 482.743 8199.32 28.2141
300 40 0.181 450.514 7803.08 26.4337
300 40 0.191 423.448 7475.76 26.22
300 40 0.201 366.521 6765.3 25.364
300 40 0.211 309.297 6054.75 25.6862
300 40 0.221 282.318 5723.68 26.5337
300 40 0.231 265.101 5517.43 26.8474
300 40 0.241 236.066 5157.93 24.1724
300 40 0.251 195.424 4651.73 22.4517
300 40 0.261 177.705 4431.21 22.0746
300 40 0.271 178.182 4451.81 22.8215
300 40 0.281 154.942 4158.62 22.4282
300 40 0.291 132.735 3885.66 22.1929
300 40 0.301 115.751 3677.61 22.1196
300 40 0.311 106.677 3572.73 22.2238
300 40 0.321 94.8212 3431.65 22.3761
300 40 0.331 90.4825 3377.45 25.862
300 40 0.341 77.3556 3215.34 23.8465
300 40 0.351 73.1819 3168.73 23.8236
300 40 0.361 67.9254 3106.57 24.9755
300 40 0.371 63.54 3064.23 24.9621
300 40 0.381 60.0941 3018.16 24.5135
300 40 0.391 59.0378 3008.66 25.0712
300 40 0.401 51.9411 2926.98 25.6622
300 40 0.411 49.26 2893.7 25.9141
300 40 0.421 44.564 2835.76 30.5235
300 40 0.431 45.2696 2852.05 30.0967
300 40 0.441 40.4946 2790.64 28.5005
300 40 0.451 39.5069 2785.66 26.2679
300 40 0.461 39.0566 2780.87 26.6584
300 40 0.471 36.5121 2753.65 27.0073
300 40 0.481 34.2462 2722.87 27.2297
300 40 0.491 33.9852 2725.09 27.7306
300 40 0.501 30.9793 2685.94 27.9743
300 40 0.511 30.2494 2677.15 28.5009
300 40 0.521 30.0583 2679.27 29.068
300 40 0.531 28.165 2653.47 29.2206
300 40 0.541 28.2874 2659.21 29.8083
300 40 0.551 26.8148 2641.68 30.2797
300 40 0.561 26.2685 2636.31 30.5936
300 40 0.571 26.4944 2637.81 31.0776
300 40 0.581 25.8814 2628.73 31.2698
300 40 0.591 24.9286 2624.26 33.3765
300 40 0.601 23.7054 2609.52 38.1778
300 40 0.611 23.3984 2606.84 38.5545
300 40 0.621 21.9746 2586.64 38.8116
300 40 0.631 22.0655 2584.29 34.0343
300 40 0.641 21.1656 2575.18 34.2549
300 40 0.651 20.9863 2576.23 34.7906
300 40 0.661 20.3328 2568.69 40.3886
300 40 0.671 21.0682 2583.44 42.31
300 40 0.681 19.7778 2561.82 42.1396
300 40 0.691 19.8354 2569.78 40.9831
300 40 0.701 18.5514 2546.6 36.6071
300 40 0.711 18.6458 2548.55 36.8338
300 40 0.721 17.9665 2540.82 37.3283
300 40 0.731 17.8545 2541.47 43.2415
300 40 0.741 17.5836 2538.35 43.4818
300 40 0.751 16.7976 2531.46 42.6524
300 40 0.761 16.1814 2521.37 44.2608
300 40 0.771 16.2863 2522.08 43.4835
300 40 0.781 15.6862 2511.58 41.4478
300 40 0.791 15.2376 2508.77 39.7772
300 40 0.801 14.8522 2501.28 39.6691
300 40 0.811 14.9689 2506.46 43.4283
300 40 0.821 14.4556 2498.88 46.3216
300 40 0.831 14.0494 2496.22 41.896
300 40 0.841 13.8422 2491.96 41.9945
300 40 0.851 13.0082 2479.14 42.271
300 40 0.861 13.6589 2493.45 43.9808
300 40 0.871 12.8215 2476.91 46.6099
300 40 0.881 12.7122 2479.49 49.3563
300 40 0.891 12.4034 2475.01 49.4616
300 40 0.901 11.9196 2468.9 46.4068
300 40 0.911 11.5245 2461.34 45.1637
300 40 0.921 11.3833 2460.91 44.0772
300 40 0.931 11.1895 2456.32 44.4239
300 40 0.941 11.4632 2462.58 44.6967
300 40 0.951 11.0834 2458.09 44.905
300 40 0.961 10.6435 2449.94 45.3066
300 40 0.971 10.3705 2446.86 45.5672
300 40 0.981 10.167 2439.5 46.0496
300 40 0.991 10.1985 2443.94 46.5813
300 40 1.001 9.4405 2426.98 46.6415
300 40 1.011 9.4863 2429.5 47.3768
300 40 1.021 9.1389 2423.05 47.5621
300 40 1.031 9.098 2423.73 51.0775
300 40 1.041 8.707 2414.53 48.328
300 40 1.051 8.6018 2413.97 48.5747
300 40 1.061 8.4309 2413.28 48.3779
300 40 1.071 8.1469 2409.37 48.8024
300 40 1.081 8.3445 2417.49 49.2015
300 40 1.091 8.1566 2411.27 49.1628
300 40 1.101 7.9229 2409.74 49.4065
300 40 1.111 7.7978 2406.9 50.9033
300 40 1.121 7.6757 2404.5 54.2616
300 40 1.131 7.8849 2417.02 49.6567
300 40 1.141 7.573 2407.37 48.7239
300 40 1.151 7.5197 2411.29 49.2497
300 40 1.161 7.4733 2405.54 49.2983
300 40 1.171 7.3487 2409.46 49.5603
300 40 1.181 7.2125 2410.04 49.5425
300 40 1.191 7.2922 2407.66 49.7676
300 40 1.201 7.0696 2403.52 49.7124
300 40 1.211 7.0334 2408.73 49.5233
300 40 1.221 7.0758 2409.9 49.5581
300 40 1.231 6.9221 2411.41 51.8296
300 40 1.241 6.8518 2409.64 51.7225
300 40 1.251 6.8821 2411.76 49.553
300 40 1.261 6.7047 2412.72 54.7227
300 40 1.271 6.5544 2409.03 54.8832
300 40 1.281 6.5332 2408.94 51.8183
300 40 1.291 6.6915 2414.21 51.164
300 40 1.301 6.5012 2408.15 51.0685
300 40 1.311 6.4113 2413.49 51.1184
300 40 1.321 6.3864 2412.54 52.5529
300 40 1.331 6.3522 2413.17 54.4858
300 40 1.341 6.4838 2418.17 55.6785
300 40 1.351 6.197 2412.88 50.6301
300 40 1.361 6.2003 2415.38 52.4368
300 40 1.371 6.2178 2415.3 52.5682
300 40 1.381 6.2774 2418.65 54.8478
300 40 1.391 6.2107 2419.59 52.6321
300 40 1.401 6.2554 2422.01 53.8828
300 40 1.411 6.0677 2421.39 54.9961
300 40 1.421 6.1185 2419.26 51.0794
300 40 1.431 5.858 2414.3 49.5319
300 40 1.441 5.9276 2419.47 49.3792
300 40 1.451 5.9164 2421.47 49.3329
300 40 1.461 6.0202 2426.27 50.5149
300 40 1.471 5.8087 2423.46 51.5189
300 40 1.481 5.8194 2420.87 48.2934
300 40 1.491 5.9308 2427.72 48.8033
300 40 1.501 5.846 2429.19 53.6618
300 40 1.511 5.7044 2423.95 50.4675
300 40 1.521 5.7741 2429.96 50.4367
300 40 1.531 5.8462 2431.77 54.322
300 40 1.541 5.7315 2427.4 53.5531
300 40 1.551 5.6707 2429.81 49.1591
300 40 1.561 5.6678 2429.85 48.4333
300 40 1.571 5.6817 2433.37 53.545
300 40 1.581 5.6354 2431.19 53.0887
300 40 1.591 5.833 2438.59 50.3816
300 40 1.601 5.7586 2441 52.0521
300 40 1.611 5.8286 2448.26 48.2553
300 40 1.621 5.7307 2445.98 47.3305
300 40 1.631 5.7821 2453.47 47.3591
300 40 1.641 5.8566 2458.08 47.3461
300 40 1.651 5.9254 2459.52 47.4479
300 40 1.661 5.9531 2465.43 47.4127
300 40 1.671 5.927 2467.53 52.7766
300 40 1.681 5.8613 2471.16 52.9095
300 40 1.691 5.8972 2473.34 49.8663
300 40 1.701 5.9291 2476.91 47.0446
300 40 1.711 6.0605 2482.16 48.7056
300 40 1.721 6.1627 2492.86 47.3803
300 40 1.731 6.1082 2492.24 52.1092
300 40 1.741 6.2285 2498.69 47.7445
300 40 1.751 6.0712 2498.92 46.8293
300 40 1.761 6.1408 2500.49 48.4991
300 40 1.771 6.2223 2506.36 47.3043
300 40 1.781 6.2977 2512.85 47.4198
300 40 1.791 6.3807 2515.96 46.0473
300 40 1.801 6.3534 2517.71 45.8328
300 40 1.811 6.4031 2520.33 45.6017
300 40 1.821 6.4996 2526.31 45.5573
300 40 1.831 6.5313 2530.11 45.9845
300 40 1.841 6.5784 2533.94 51.868
300 40 1.851 6.5751 2535.43 50.8192
300 40 1.861 6.6275 2538.72 44.9636
300 40 1.871 6.764 2541.95 44.7557
300 40 1.881 6.8425 2547.35 44.8883
300 40 1.891 6.8757 2550.68 44.6479
300 40 1.901 6.8928 2552.06 44.4795
300 40 1.911 6.9134 2554.39 44.3972
300 40 1.921 7.0023 2560.57 46.2506
300 40 1.931 7.0737 2561.09 44.5873
300 40 1.941 7.093 2562.64 45.4014
300 40 1.951 7.2262 2569.73 44.7021
300 40 1.961 7.2657 2571.46 44.3664
300 40 1.971 7.327 2571.62 44.006
300 40 1.981 7.43 2577.91 43.726
300 40 1.991 7.4355 2577.54 43.3542
400 10 0.001 856.613 13805.5 4.6911
400 10 0.011 899.061 14437.9 5.1494
400 10 0.021 856.662 13815 5.4668
400 10 0.031 861.978 13897.4 5.7044
400 10 0.041 830.251 13438.7 6.324
400 10 0.051 786.266 12787.7 5.8495
400 10 0.061 797.29 12957.6 6.7806
400 10 0.071 741.868 12148 7.0016
400 10 0.081 740.831 12131.9 7.0994
400 10 0.091 718.207 11799.5 8.138
400 10 0.101 691.051 11413 7.9847
400 10 0.111 684.857 11323.9 8.4328
400 10 0.121 649.34 10798 9.5323
400 10 0.131 661.772 10995.7 10.2663
400 10 0.141 648.437 10799.3 10.7471
400 10 0.151 639.703 10678.2 10.9767
400 10 0.161 620.774 10403.9 11.4852
400 10 0.171 596.135 10041.8 12.0627
400 10 0.181 569.483 9661.05 12.6366
400 10 0.191 559.11 9503.46 12.8693
400 10 0.201 531.572 9111.55 13.3407
400 10 0.211 528.214 9063.51 13.4982
400 10 0.221 497.441 8620.95 13.8327
400 10 0.231 481.95 8392.43 14.4698
400 10 0.241 464.353 8133.06 14.1195
400 10 0.251 451.082 7956.68 12.7051
400 10 0.261 457.591 8054.2 13.2127
400 10 0.271 420.249 7509.03 13.6783
400 10 0.281 418.789 7495.58 14.0729
400 10 0.291 402.547 7259.94 14.5991
400 10 0.301 387.632 7043.08 14.7999
400 10 0.311 369.55 6781.76 14.9261
400 10 0.321 365.015 6718.61 15.1488
400 10 0.331 361.068 6667.92 15.8833
400 10 0.341 345.994 6440.17 16.3224
400 10 0.351 332.16 6250.04 16.6407
400 10 0.361 309.492 5926.11 19.1483
400 10 0.371 312.465 5975.15 19.3373
400 10 0.381 293.545 5688.63 16.8596
400 10 0.391 284.765 5572.39 17.2438
400 10 0.401 275.598 5449.97 17.9484
400 10 0.411 263.679 5274.9 18.056
400 10 0.421 241.188 4953.54 18.4835
400 10 0.431 242.355 4977.06 18.822
400 10 0.441 246.517 5039.72 19.4105
400 10 0.451 224.638 4713.99 20.8448
400 10 0.461 206.106 4448.82 23.9183
400 10 0.471 215.573 4596.51 24.9837
400 10 0.481 205.77 4448.73 24.931
400 10 0.491 192.644 4267.56 24.2102
400 10 0.501 184.491 4152.3 22.2258
400 10 0.511 176.122 4042.98 22.8771
400 10 0.521 173.111 3995.15 22.987
400 10 0.531 170.371 3956.24 23.3022
400 10 0.541 160.029 3805.86 23.8121
400 10 0.551 147.076 3617.61 23.8331
400 10 0.561 147.123 3631.36 27.2739
400 10 0.571 138.379 3503.25 26.364
400 10 0.581 130.711 3397.28 27.9521
400 10 0.591 125.143 3318.94 28.4448
400 10 0.601 123.046 3281.49 29.7031
400 10 0.611 112.436 3131.28 29.9931
400 10 0.621 115.16 3184.87 31.0075
400 10 0.631 112.286 3141.75 28.2286
400 10 0.641 103.226 3027.14 28.0637
400 10 0.651 92.0271 2854.39 30.1764
400 10 0.661 94.321 2890.39 29.3833
400 10 0.671 90.3144 2838.76 29.7419
400 10 0.681 86.9145 2786.32 29.8469
400 10 0.691 82.0375 2725.77 30.7035
400 10 0.701 78.7879 2677.65 30.8275
400 10 0.711 75.8044 2642.23 34.0578
400 10 0.721 72.5476 2587.15 34.3164
400 10 0.731 72.4751 2592.91 34.8392
400 10 0.741 69.7125 2548.22 35.1375
400 10 0.751 62.0054 2444.75 35.7852
400 10 0.761 61.1892 2440.1 35.8434
400 10 0.771 60.2237 2434 36.4882
400 10 0.781 57.2675 2389.38 36.6754
400 10 0.791 54.0829 2338.96 36.5277
400 10 0.801 52.5554 2324.02 37.1696
400 10 0.811 51.5077 2307.33 37.658
400 10 0.821 47.787 2251.27 37.5386
400 10 0.831 46.5465 2237.45 38.2515
400 10 0.841 44.4019 2212.59 36.653
400 10 0.851 42.7319 2185.53 39.3373
400 10 0.861 41.7017 2173.81 40.208
400 10 0.871 41.5372 2171.65 40.1207
400 10 0.881 38.5132 2137.78 37.4163
400 10 0.891 38.4582 2136.26 37.6889
400 10 0.901 38.0474 2138.97 38.7864
400 10 0.911 35.9244 2112.91 40.3855
400 10 0.921 35.1357 2104.25 39.0222
400 10 0.931 33.2344 2072.99 39.9006
400 10 0.941 33.9741 2081.45 42.5116
400 10 0.951 30.6553 2034.61 39.7657
400 10 0.961 30.9581 2052 41.383
400 10 0.971 29.3267 2011.49 38.8705
400 10 0.981 28.7585 2020.83 40.1041
400 10 0.991 27.4526 2005.14 40.6187
400 10 1.001 25.8291 1970.61 39.9704
400 10 1.011 25.4995 1977.88 41.1773
400 10 1.021 24.3466 1958.43 42.6589
400 10 1.031 23.9887 1963.94 46.5993
400 10 1.041 23.483 1948.3 42.3397
400 10 1.051 22.2619 1935.61 41.7476
400 10 1.061 21.8748 1925.34 42.1785
400 10 1.071 21.8432 1926.63 46.6926
400 10 1.081 21.1016 1916.79 46.7687
400 10 1.091 20.8226 1911.74 45.4309
400 10 1.101 20.7818 1917.43 44.1394
400 10 1.111 20.3815 1914.38 44.6053
400 10 1.121 19.6332 1907.14 44.7695
400 10 1.131 18.6892 1885.69 47.1435
400 10 1.141 19.235 1894 48.9102
400 10 1.151 18.8206 1892.06 46.5577
400 10 1.161 18.7666 1894.78 48.2036
400 10 1.171 18.527 1897.76 49.3911
400 10 1.181 18.0815 1885.66 45.8023
400 10 1.191 17.9314 1884.36 48.3751
400 10 1.201 17.6047 1887.63 47.7789
400 10 1.211 17.4888 1884.84 46.7597
400 10 1.221 17.3207 1884.04 50.0865
400 10 1.231 17.1104 1880.91 47.3075
400 10 1.241 17.1592 1890.76 46.9684
400 10 1.251 16.826 1881.93 49.8003
400 10 1.261 16.5179 1878.76 50.5138
400 10 1.271 16.5631 1881.37 50.3808
400 10 1.281 16.4578 1883.52 50.7041
400 10 1.291 16.3467 1883.31 50.9894
400 10 1.301 15.8742 1877.57 48.4804
400 10 1.311 15.5363 1872.97 49.9798
400 10 1.321 15.764 1877.88 51.2623
400 10 1.331 15.7761 1878.39 51.2216
400 10 1.341 15.791 1882.02 51.7143
400 10 1.351 15.2468 1875.77 51.3983
400 10 1.361 14.8519 1868.46 50.3846
400 10 1.371 14.9844 1873.35 49.6538
400 10 1.381 15.2123 1882.67 51.9389
400 10 1.391 14.6449 1873.99 51.7891
400 10 1.401 15.2895 1888.49 52.5404
400 10 1.411 14.4339 1875.84 50.8539
400 10 1.421 15.1166 1892.81 52.567
400 10 1.431 14.4717 1881.85 52.4785
400 10 1.441 14.4615 1880.01 48.4812
400 10 1.451 14.1768 1873.25 48.1932
400 10 1.461 14.1433 1876.71 51.0079
400 10 1.471 14.5396 1891.05 52.9664
400 10 1.481 13.9422 1876.74 49.1803
400 10 1.491 13.9117 1877.2 49.2428
400 10 1.501 14.0324 1884.4 49.1106
400 10 1.511 13.999 1887.07 52.2272
400 10 1.521 13.9017 1887.46 47.6456
400 10 1.531 13.532 1881.23 47.4435
400 10 1.541 13.9453 1896.13 48.2255
400 10 1.551 13.7438 1893.94 48.1297
400 10 1.561 13.8545 1896.72 48.1547
400 10 1.571 13.637 1891.29 48.0393
400 10 1.581 13.6263 1899.14 48.1218
400 10 1.591 13.5388 1896.41 47.9844
400 10 1.601 13.6587 1901.02 48.2855
400 10 1.611 13.4098 1897.01 49.8438
400 10 1.621 13.5129 1906.37 53.0304
400 10 1.631 13.6277 1905.43 53.2492
400 10 1.641 13.4915 1906.41 53.4429
400 10 1.651 13.5581 1912.86 53.7521
400 10 1.661 13.596 1914.55 53.9028
400 10 1.671 13.2772 1910.7 53.6574
400 10 1.681 13.5687 1916.77 53.9649
400 10 1.691 13.3426 1915.58 53.6302
400 10 1.701 13.3523 1920.28 49.6585
400 10 1.711 13.5198 1925.11 48.7348
400 10 1.721 13.5473 1932.27 48.9567
400 10 1.731 13.5595 1937.82 49.0711
400 10 1.741 13.5622 1934.86 48.7042
400 10 1.751 13.6259 1941.55 49.0037
400 10 1.761 13.4467 1942.44 48.8409
400 10 1.771 13.5444 1945.87 48.9943
400 10 1.781 13.5107 1949.2 49.0388
400 10 1.791 13.5844 1954.38 48.8545
400 10 1.801 13.6555 1954.24 49.1084
400 10 1.811 13.4696 1953.26 48.8743
400 10 1.821 13.7137 1965.9 49.4985
400 10 1.831 13.7145 1967.77 49.4593
400 10 1.841 13.5709 1964.7 50.8932
400 10 1.851 13.606 1970.16 52.9221
400 10 1.861 13.9019 1979.04 50.4733
400 10 1.871 13.887 1983.47 50.6148
400 10 1.881 13.8831 1987.85 50.5761
400 10 1.891 14.1659 1998.49 50.9814
400 10 1.901 13.9312 1995.17 50.5649
400 10 1.911 13.9862 1996.06 50.6615
400 10 1.921 14.3337 2012.13 51.1768
400 10 1.931 14.2365 2006.89 50.9279
400 10 1.941 14.257 2013.36 51.2154
400 10 1.951 14.4838 2022.29 51.3205
400 10 1.961 14.5782 2026.14 51.3206
400 10 1.971 14.6173 2030.65 51.3829
400 10 1.981 14.8192 2039.3 51.3685
400 10 1.991 14.7938 2041.44 51.4777
400 20 0.001 1756.67 24745.3 6.5421
400 20 0.011 1751.89 24687.3 7.2803
400 20 0.021 1680.07 23736.4 7.2479
400 20 0.031 1601.29 22695 8.1123
400 20 0.041 1570.86 22296 8.178
400 20 0.051 1465.15 20894.9 8.3619
400 20 0.061 1430.77 20443.2 8.8003
400 20 0.071 1378.17 19750.4 9.1724
400 20 0.081 1355.71 19463.7 9.7267
400 20 0.091 1231.15 17812.1 10.0473
400 20 0.101 1194.6 17336 10.5101
400 20 0.111 1084.3 15871.7 10.7212
400 20 0.121 1011.79 14918.9 11.816
400 20 0.131 1024.76 15086.1 11.7495
400 20 0.141 937.215 13936.6 12.041
400 20 0.151 897.825 13416.5 12.2989
400 20 0.161 821.673 12416.2 12.5968
400 20 0.171 799.842 12131 13.072
400 20 0.181 764.494 11663.9 13.5839
400 20 0.191 717.722 11054.6 14.0744
400 20 0.201 652.113 10185.8 14.7419
400 20 0.211 617.084 9727.84 14.8891
400 20 0.221 600.398 9517.76 15.6672
400 20 0.231 561.801 9012.44 16.4213
400 20 0.241 518.326 8430.16 16.2604
400 20 0.251 495.635 8143.08 19.8702
400 20 0.261 462.216 7692.92 19.9958
400 20 0.271 430.26 7282.88 20.6502
400 20 0.281 403.262 6929.9 21.1461
400 20 0.291 366.626 6453.61 21.2288
400 20 0.301 355.835 6313.42 21.9508
400 20 0.311 334.476 6033.15 22.0343
400 20 0.321 308.301 5690.64 19.1791
400 20 0.331 289.545 5461.7 19.4937
400 20 0.341 268.548 5179.95 19.3249
400 20 0.351 273.072 5250.84 20.1321
400 20 0.361 239.541 4800.61 19.9799
400 20 0.371 210.396 4430.41 20.6842
400 20 0.381 204.305 4355.11 21.3489
400 20 0.391 195.912 4237.39 21.2544
400 20 0.401 182.999 4068.53 21.9208
400 20 0.411 166.368 3861.53 22.1478
400 20 0.421 156.003 3722.72 22.4073
400 20 0.431 146.431 3602.84 22.8725
400 20 0.441 141.875 3548.3 22.8378
400 20 0.451 131.324 3416.17 23.2414
400 20 0.461 123.136 3317.35 23.8413
400 20 0.471 113.646 3181.63 24.1852
400 20 0.481 109.931 3140.32 24.3867
400 20 0.491 99.2336 3012.36 25.0524
400 20 0.501 92.4456 2924.71 25.0574
400 20 0.511 92.1197 2921.13 25.6739
400 20 0.521 86.9463 2859.93 25.5585
400 20 0.531 83.5234 2810.73 26.0062
400 20 0.541 78.7893 2756.48 26.3292
400 20 0.551 73.0582 2682 26.8395
400 20 0.561 65.7451 2588.69 27.0142
400 20 0.571 65.4092 2587.49 27.4501
400 20 0.581 63.7089 2565.83 27.5649
400 20 0.591 57.358 2479.76 27.7006
400 20 0.601 53.0764 2433.54 28.1186
400 20 0.611 55.7943 2468.96 28.7007
400 20 0.621 51.3355 2414.07 28.9721
400 20 0.631 50.2163 2403.02 29.1341
400 20 0.641 47.6685 2370.67 29.6237
400 20 0.651 44.1895 2324.13 29.7935
400 20 0.661 43.9382 2329.4 30.514
400 20 0.671 41.6298 2297.22 31.1333
400 20 0.681 41.3324 2302.28 31.2548
400 20 0.691 38.8318 2253.64 30.9372
400 20 0.701 37.3034 2254.64 34.6651
400 20 0.711 35.4954 2224.58 36.934
400 20 0.721 33.8803 2211.89 34.375
400 20 0.731 32.5689 2184.77 34.0523
400 20 0.741 32.0777 2186.58 34.6408
400 20 0.751 31.6402 2180.09 34.8494
400 20 0.761 29.7619 2154.87 35.1196
400 20 0.771 28.3296 2137.05 35.2283
400 20 0.781 28.5132 2139.26 35.5653
400 20 0.791 27.2888 2126.03 35.9286
400 20 0.801 27.2253 2132.62 37.4744
400 20 0.811 26.7228 2129.38 39.2494
400 20 0.821 25.7151 2114.41 38.3471
400 20 0.831 24.801 2097.3 36.9326
400 20 0.841 24.0396 2090.68 39.0708
400 20 0.851 24.4008 2103.02 41.938
400 20 0.861 22.8517 2076.38 41.6487
400 20 0.871 21.6355 2059.55 41.3922
400 20 0.881 22.3631 2073.79 39.8364
400 20 0.891 21.348 2059.74 37.9777
400 20 0.901 21.2578 2062.92 38.4065
400 20 0.911 21.1885 2062.03 38.8983
400 20 0.921 19.6618 2040.34 40.2533
400 20 0.931 20.0144 2049.25 41.139
400 20 0.941 19.3024 2041.58 40.6745
400 20 0.951 18.4329 2026.21 40.5592
400 20 0.961 18.5227 2026.17 40.4687
400 20 0.971 17.402 2013.35 39.7799
400 20 0.981 17.9063 2026.35 43.0007
400 20 0.991 17.106 2011.95 45.6266
400 20 1.001 16.8884 2008.79 44.9064
400 20 1.011 16.0509 1992.31 42.1438
400 20 1.021 15.7301 1985.81 43.0432
400 20 1.031 15.7006 1991.97 43.0711
400 20 1.041 15.1819 1986.39 42.6397
400 20 1.051 14.7348 1974.13 42.7252
400 20 1.061 15.0272 1989.13 43.303
400 20 1.071 14.4539 1979.23 43.5255
400 20 1.081 14.2798 1976.44 43.736
400 20 1.091 13.8544 1972.35 44.1834
400 20 1.101 13.7283 1965.19 43.7046
400 20 1.111 13.6394 1969.52 44.014
400 20 1.121 13.3342 1964.09 46.1205
400 20 1.131 13.2529 1964.84 45.0243
400 20 1.141 13.0695 1960.13 45.198
400 20 1.151 13.3233 1976.67 46.5184
400 20 1.161 12.8915 1966.95 49.2393
400 20 1.171 12.9107 1966.47 49.4385
400 20 1.181 12.5011 1967 49.1903
400 20 1.191 12.1957 1960.33 48.8489
400 20 1.201 12.2019 1963.02 49.7334
400 20 1.211 11.9713 1959.57 47.8534
400 20 1.221 11.7856 1957.59 45.8588
400 20 1.231 12.0821 1964.04 46.6025
400 20 1.241 11.9151 1966.81 46.6468
400 20 1.251 11.6516 1963.25 46.3979
400 20 1.261 11.3549 1959.87 46.3211
400 20 1.271 11.7058 1972.05 47.0174
400 20 1.281 11.3168 1966.1 46.7085
400 20 1.291 11.4059 1971.96 46.6292
400 20 1.301 11.36 1966.57 46.4559
400 20 1.311 11.1364 1968.78 46.4039
400 20 1.321 11.3944 1978.22 46.9503
400 20 1.331 11.178 1971.82 46.5531
400 20 1.341 11.0116 1970.51 46.7298
400 20 1.351 10.6409 1963.46 46.5248
400 20 1.361 10.816 1973.14 46.9728
400 20 1.371 10.4927 1966.06 46.6987
400 20 1.381 10.5652 1970.85 48.6346
400 20 1.391 10.6685 1969.62 51.0042
400 20 1.401 10.6421 1978.66 51.2454
400 20 1.411 10.5677 1979.67 51.2538
400 20 1.421 10.3039 1975.57 50.9866
400 20 1.431 10.4557 1983.19 50.7999
400 20 1.441 10.5558 1988.21 47.1114
400 20 1.451 10.4369 1986.2 46.9011
400 20 1.461 10.1752 1980.4 46.6886
400 20 1.471 10.3105 1987.27 46.8025
400 20 1.481 9.9781 1979.84 46.1566
400 20 1.491 10.1224 1987.96 47.9043
400 20 1.501 9.9161 1982.93 47.8487
400 20 1.511 10.0323 1987.6 52.3032
400 20 1.521 9.9212 1985.66 51.1184
400 20 1.531 9.9027 1987.5 49.1684
400 20 1.541 10.1522 1993.9 46.7738
400 20 1.551 9.8548 1988.78 51.0955
400 20 1.561 9.9441 1994.19 47.0204
400 20 1.571 9.9665 1998.51 49.5486
400 20 1.581 9.8033 1999.15 51.5961
400 20 1.591 9.9119 2002.84 51.5225
400 20 1.601 9.9025 2004.28 46.2127
400 20 1.611 9.7117 2003.41 45.7026
400 20 1.621 9.8836 2015.27 46.4236
400 20 1.631 9.6138 2009.36 46.0301
400 20 1.641 9.847 2017.36 46.2104
400 20 1.651 9.9418 2030.03 46.3837
400 20 1.661 9.7969 2022.95 46.1336
400 20 1.671 9.8162 2030.43 48.2663
400 20 1.681 10.0208 2038.23 46.0491
400 20 1.691 9.9846 2040.75 45.9753
400 20 1.701 10.2325 2053.2 46.295
400 20 1.711 10.0929 2052.1 45.9954
400 20 1.721 10.1114 2058.68 45.9717
400 20 1.731 10.1706 2065.5 46.0366
400 20 1.741 10.1834 2062.81 46.314
400 20 1.751 10.2083 2073 46.2839
400 20 1.761 10.1917 2076.46 46.3116
400 20 1.771 10.2426 2077.98 46.4872
400 20 1.781 10.3614 2090.15 47.7712
400 20 1.791 10.5275 2093.35 50.3053
400 20 1.801 10.4999 2094.63 49.6623
400 20 1.811 10.6736 2109.02 50.2171
400 20 1.821 10.4534 2102.5 49.9459
400 20 1.831 10.7577 2118.75 48.509
400 20 1.841 10.8316 2122.14 48.1726
400 20 1.851 10.9721 2125.3 50.2707
400 20 1.861 10.855 2129.37 52.4089
400 20 1.871 11.0099 2139.48 49.0513
400 20 1.881 11.0419 2140.22 47.7039
400 20 1.891 11.1002 2148.92 47.7289
400 20 1.901 11.2286 2152.35 47.7133
400 20 1.911 11.3034 2156.34 48.1171
400 20 1.921 11.3559 2163.43 48.2468
400 20 1.931 11.5289 2168.6 48.1796
400 20 1.941 11.5966 2173.32 48.2815
400 20 1.951 11.6204 2179.73 48.2668
400 20 1.961 11.7212 2183.98 48.3099
400 20 1.971 12.0062 2195.3 48.5754
400 20 1.981 11.965 2192.07 48.3253
400 20 1.991 12.1018 2200.91 48.3676
400 30 0.001 2753.76 37040.8 7.4387
400 30 0.011 2604.51 35129.1 8.188
400 30 0.021 2447.27 33115.5 8.5281
400 30 0.031 2333.18 31655 9.1686
400 30 0.041 2210.94 30092.1 9.8106
400 30 0.051 2053.71 28081.2 10.3214
400 30 0.061 1847.81 25445.7 10.4814
400 30 0.071 1751.43 24224.9 11.1531
400 30 0.081 1652.53 22952 11.6671
400 30 0.091 1492.1 20907.6 12.2085
400 30 0.101 1370.4 19349.9 12.793
400 30 0.111 1281.15 18211.3 13.0254
400 30 0.121 1190.19 17055.3 14.2624
400 30 0.131 1096.2 15853.7 14.8958
400 30 0.141 1052.16 15300.9 15.2543
400 30 0.151 917.56 13581.5 15.9282
400 30 0.161 877.253 13073.8 15.6977
400 30 0.171 812.391 12248.2 14.1449
400 30 0.181 709.924 10949.7 14.6022
400 30 0.191 680.176 10571.1 14.8817
400 30 0.201 612.214 9707.85 15.5696
400 30 0.211 580.639 9314.77 16.1176
400 30 0.221 506.933 8376.36 16.1369
400 30 0.231 478.748 8014.67 16.402
400 30 0.241 434.063 7451.67 16.9884
400 30 0.251 397.146 6984.99 17.117
400 30 0.261 346.116 6340.11 17.5887
400 30 0.271 343.377 6311.85 17.9108
400 30 0.281 275.355 5446.26 18.231
400 30 0.291 266.341 5334.16 18.3886
400 30 0.301 246.903 5098.01 19.1027
400 30 0.311 215.599 4693.61 19.0871
400 30 0.321 212.089 4651.57 19.4633
400 30 0.331 202.648 4544.92 22.7489
400 30 0.341 164.57 4066.82 21.9473
400 30 0.351 169.885 4142.53 22.2277
400 30 0.361 140.135 3764.79 22.5672
400 30 0.371 135.418 3706.43 22.9796
400 30 0.381 125.726 3588.38 23.7623
400 30 0.391 115.962 3463.5 23.8637
400 30 0.401 111.423 3412.92 24.4136
400 30 0.411 105.974 3355.52 24.9596
400 30 0.421 94.8362 3215.33 25.362
400 30 0.431 84.3136 3084.22 25.2068
400 30 0.441 81.8616 3045.94 25.5265
400 30 0.451 71.5835 2932.4 30.3611
400 30 0.461 72.9107 2954.54 30.6563
400 30 0.471 68.9183 2899.27 27.8278
400 30 0.481 59.6143 2781.41 26.8607
400 30 0.491 57.7267 2771.62 27.3934
400 30 0.501 53.0004 2706.19 30.3976
400 30 0.511 53.0067 2706.43 32.5336
400 30 0.521 49.0046 2663.93 32.9443
400 30 0.531 50.9355 2688.48 33.9334
400 30 0.541 44.3675 2604.99 33.7565
400 30 0.551 44.9998 2618.85 34.5366
400 30 0.561 41.6809 2580.57 33.8811
400 30 0.571 40.7223 2563.78 34.6047
400 30 0.581 40.1441 2566.1 35.5041
400 30 0.591 37.4846 2528.01 35.9861
400 30 0.601 37.7192 2538.03 36.5967
400 30 0.611 34.9092 2491.38 37.0125
400 30 0.621 34.3564 2494.6 33.7034
400 30 0.631 33.5579 2489.16 35.278
400 30 0.641 31.5336 2458.55 38.001
400 30 0.651 32.1732 2476.08 38.9111
400 30 0.661 31.9822 2475.14 38.4489
400 30 0.671 29.4257 2442.78 38.6965
400 30 0.681 28.9826 2435.43 39.2307
400 30 0.691 29.4963 2450.11 39.7044
400 30 0.701 27.5939 2418.03 39.8431
400 30 0.711 26.5938 2406.37 40.246
400 30 0.721 26.7818 2418.59 40.8984
400 30 0.731 27.0517 2421.03 35.9774
400 30 0.741 24.9079 2397.38 36.1825
400 30 0.751 23.7673 2372.14 35.8841
400 30 0.761 23.4666 2375.39 36.6432
400 30 0.771 23.3329 2369.01 39.4725
400 30 0.781 22.8617 2373.72 43.1336
400 30 0.791 21.7505 2351.42 43.2384
400 30 0.801 21.9086 2363.52 39.8241
400 30 0.811 21.0918 2341.4 38.1803
400 30 0.821 20.6241 2344.17 38.8718
400 30 0.831 20.5088 2343.02 39.5291
400 30 0.841 20.5797 2341.1 41.8054
400 30 0.851 19.1257 2323.75 45.0883
400 30 0.861 19.4118 2329.98 45.4505
400 30 0.871 18.7792 2316.68 45.6419
400 30 0.881 18.8073 2319.32 46.0825
400 30 0.891 17.3753 2299.24 46.1401
400 30 0.901 17.7952 2304.07 46.5681
400 30 0.911 17.2417 2300.09 43.2398
400 30 0.921 16.902 2297.65 48.1945
400 30 0.931 15.8615 2276.24 44.9061
400 30 0.941 15.9513 2281.14 43.4599
400 30 0.951 15.3991 2276.45 48.2874
400 30 0.961 15.0344 2267.09 47.1727
400 30 0.971 14.8888 2274.19 48.3416
400 30 0.981 14.2433 2258.77 49.2167
400 30 0.991 14.062 2257.3 49.4767
400 30 1.001 14.233 2260.38 46.2986
400 30 1.011 13.9217 2258.92 45.6675
400 30 1.021 12.8181 2241.31 45.7759
400 30 1.031 12.8978 2243.99 48.1348
400 30 1.041 12.965 2245.77 46.5816
400 30 1.051 12.5721 2237.44 46.7839
400 30 1.061 12.5764 2237.68 46.6767
400 30 1.071 11.9501 2229.91 46.9022
400 30 1.081 11.6531 2223.43 47.1746
400 30 1.091 11.6203 2227.12 47.243
400 30 1.101 11.3069 2220.31 47.2013
400 30 1.111 11.2109 2224.6 47.2411
400 30 1.121 11.1432 2228.3 50.8423
400 30 1.131 11.2841 2226.66 52.7802
400 30 1.141 11.2681 2230.14 53.284
400 30 1.151 10.7301 2223.39 52.8123
400 30 1.161 10.6882 2226.86 53.0886
400 30 1.171 10.9049 2231.58 53.2635
400 30 1.181 10.5327 2219.67 51.6106
400 30 1.191 10.5862 2228.49 49.2598
400 30 1.201 10.2805 2220.15 49.0659
400 30 1.211 10.6285 2234.41 49.5099
400 30 1.221 10.1382 2224.91 49.1303
400 30 1.231 10.1097 2226.97 49.2311
400 30 1.241 10.1381 2234.15 49.6539
400 30 1.251 9.8329 2226.12 49.3956
400 30 1.261 9.9158 2231.03 49.7855
400 30 1.271 9.3684 2222.99 49.0074
400 30 1.281 9.5345 2231.18 49.3398
400 30 1.291 9.6469 2229.48 49.6587
400 30 1.301 9.6564 2233.37 49.905
400 30 1.311 9.4382 2226.91 49.4728
400 30 1.321 9.2102 2229.06 49.6675
400 30 1.331 9.3344 2236.36 49.7796
400 30 1.341 9.3259 2232.87 49.5408
400 30 1.351 9.0866 2232.73 49.6692
400 30 1.361 9.1721 2238.12 49.8349
400 30 1.371 9.0523 2238.01 49.5224
400 30 1.381 8.7778 2233.57 49.3087
400 30 1.391 9.026 2241.55 49.7807
400 30 1.401 8.9423 2243.15 49.5996
400 30 1.411 8.89 2244.2 49.6298
400 30 1.421 8.6159 2238.49 49.4846
400 30 1.431 8.9915 2251.17 50.1857
400 30 1.441 8.7071 2244.49 49.6285
400 30 1.451 8.7251 2247.68 50.2035
400 30 1.461 8.4702 2240.12 52.7249
400 30 1.471 8.7054 2250.59 51.1717
400 30 1.481 8.5671 2249.62 50.8322
400 30 1.491 8.5775 2251.19 51.6372
400 30 1.501 8.5373 2256.74 54.1922
400 30 1.511 8.5491 2257.14 49.8147
400 30 1.521 8.4505 2250.89 48.9237
400 30 1.531 8.5259 2258.14 49.5734
400 30 1.541 8.2654 2252.17 50.7512
400 30 1.551 8.4326 2261.69 49.2478
400 30 1.561 8.355 2261.59 48.9369
400 30 1.571 8.3499 2261.44 49.9843
400 30 1.581 8.3319 2262.97 50.3898
400 30 1.591 8.3739 2264.4 47.7938
400 30 1.601 8.4174 2267.76 49.5449
400 30 1.611 8.432 2274.54 49.6747
400 30 1.621 8.4412 2283.8 49.4111
400 30 1.631 8.5648 2288.34 49.8667
400 30 1.641 8.5536 2293.56 49.8656
400 30 1.651 8.4808 2304.17 49.899
400 30 1.661 8.5088 2303.06 50.9411
400 30 1.671 8.5443 2304.14 53.2752
400 30 1.681 8.4465 2308.08 54.0428
400 30 1.691 8.751 2320.92 50.6434
400 30 1.701 8.8242 2329.68 52.6221
400 30 1.711 8.8101 2330.84 50.4344
400 30 1.721 8.848 2335.3 48.713
400 30 1.731 8.8692 2339.83 48.6175
400 30 1.741 8.8673 2346.21 49.7703
400 30 1.751 8.8977 2350.92 51.0211
400 30 1.761 8.9544 2352.02 48.3112
400 30 1.771 9.0987 2361.62 48.5889
400 30 1.781 8.951 2362.42 53.5273
400 30 1.791 9.1797 2373.89 54.2443
400 30 1.801 9.2435 2376.6 54.3734
400 30 1.811 9.3054 2382.76 54.338
400 30 1.821 9.3642 2392.13 51.9937
400 30 1.831 9.4518 2393.15 52.7954
400 30 1.841 9.5729 2400.75 52.2456
400 30 1.851 9.6337 2405.29 48.3657
400 30 1.861 9.7025 2410.87 48.5787
400 30 1.871 9.7009 2416.77 48.4257
400 30 1.881 9.8678 2420.29 49.3102
400 30 1.891 9.9157 2428.16 49.5212
400 30 1.901 9.9341 2430.82 49.114
400 30 1.911 10.0174 2436.07 51.4149
400 30 1.921 10.2586 2439.84 49.0934
400 30 1.931 10.2517 2443.13 49.0487
400 30 1.941 10.3824 2453.74 49.3226
400 30 1.951 10.4101 2453.97 49.1333
400 30 1.961 10.477 2460.69 49.1033
400 30 1.971 10.6172 2465.15 53.7074
400 30 1.981 10.7543 2470.88 50.4675
400 30 1.991 10.8482 2474.24 49.0079
400 40 0.001 3510.83 46290.5 97.2323
400 40 0.011 3434.37 45337.7 96.3539
400 40 0.021 3056.35 40569.3 86.5349
400 40 0.031 2828.27 37703.2 81.5994
400 40 0.041 2653.55 35505.2 78.2002
400 40 0.051 2368.32 31918.4 70.7796
400 40 0.061 2197.06 29769.1 66.2258
400 40 0.071 1969.74 26908.8 60.8679
400 40 0.081 1825.16 25095.9 57.5757
400 40 0.091 1618.7 22499.2 52.5449
400 40 0.101 1536.88 21483.9 51.1198
400 40 0.111 1283.43 18293.8 46.0808
400 40 0.121 1166.43 16830.3 43.3926
400 40 0.131 1067.27 15590.8 39.7583
400 40 0.141 970.367 14381.8 38.1258
400 40 0.151 837.672 12716.5 34.8529
400 40 0.161 722.718 11270 34.3694
400 40 0.171 678.681 10729.6 34.6855
400 40 0.181 590.342 9626.31 31.9507
400 40 0.191 575.384 9448.86 30.1058
400 40 0.201 487.214 8344.14 27.9683
400 40 0.211 418.077 7482.08 28.3539
400 40 0.221 391.529 7160.12 28.6149
400 40 0.231 342.932 6552.94 29.4962
400 40 0.241 333.067 6437.85 26.2959
400 40 0.251 270.063 5652.38 24.6995
400 40 0.261 246.544 5373.72 24.6739
400 40 0.271 223.09 5073.85 24.256
400 40 0.281 197.928 4763.19 24.4218
400 40 0.291 172.041 4451.14 24.2286
400 40 0.301 151.181 4197.38 23.9652
400 40 0.311 146.389 4132.27 24.5327
400 40 0.321 130.692 3955.09 24.7179
400 40 0.331 113.061 3724.71 24.3358
400 40 0.341 103.231 3617.12 24.6858
400 40 0.351 97.7879 3552.25 24.8714
400 40 0.361 87.2557 3430.01 25.217
400 40 0.371 86.2555 3419.26 25.5611
400 40 0.381 73.4145 3253.7 25.5247
400 40 0.391 71.8497 3243.79 26.2773
400 40 0.401 68.156 3197.2 26.74
400 40 0.411 63.0986 3143.67 27.4785
400 40 0.421 58.4995 3083.9 27.4773
400 40 0.431 55.0923 3051 27.9989
400 40 0.441 52.1581 3015.21 27.9849
400 40 0.451 50.7763 2999.64 29.1466
400 40 0.461 47.4367 2961.67 30.6053
400 40 0.471 46.8835 2956.74 29.1817
400 40 0.481 41.6987 2894.11 29.4454
400 40 0.491 43.1654 2917.71 29.9906
400 40 0.501 39.0715 2864.85 29.9457
400 40 0.511 37.1761 2844.17 30.6063
400 40 0.521 37.4237 2853.02 31.2237
400 40 0.531 35.6761 2835.7 32.3069
400 40 0.541 36.35 2845.25 33.855
400 40 0.551 33.7617 2807.74 33.9531
400 40 0.561 33.6289 2808.06 34.2723
400 40 0.571 31.0472 2782.2 34.831
400 40 0.581 31.3064 2789.17 35.2315
400 40 0.591 30.6407 2784.09 36.0018
400 40 0.601 30.4395 2779.03 36.1391
400 40 0.611 28.9991 2753.1 36.0475
400 40 0.621 28.4114 2748.57 36.6982
400 40 0.631 28.3679 2754.05 37.4822
400 40 0.641 27.8786 2750.72 37.9005
400 40 0.651 26.312 2727.13 38.0542
400 40 0.661 25.5984 2722.13 38.486
400 40 0.671 24.9813 2714.21 39.8927
400 40 0.681 25.6647 2727.35 43.7043
400 40 0.691 23.6861 2697.99 43.8499
400 40 0.701 23.5283 2699.31 44.1785
400 40 0.711 23.5143 2702.8 44.7147
400 40 0.721 23.1104 2697.35 43.3623
400 40 0.731 21.8814 2679.58 42.1827
400 40 0.741 21.8447 2687.15 40.477
400 40 0.751 21.1844 2672.07 40.6332
400 40 0.761 21.1159 2670.63 42.9761
400 40 0.771 21.1674 2679.01 41.6796
400 40 0.781 20.4027 2667.8 41.8072
400 40 0.791 19.4741 2653.89 41.9258
400 40 0.801 19.5126 2654.52 42.4978
400 40 0.811 18.3437 2633.12 42.794
400 40 0.821 18.6456 2642.97 43.4637
400 40 0.831 18.0113 2634.79 43.7365
400 40 0.841 17.3579 2625.18 43.8961
400 40 0.851 17.3248 2625.02 44.3643
400 40 0.861 17.3017 2624.86 44.4769
400 40 0.871 16.7018 2621.2 45.1673
400 40 0.881 16.0256 2605.43 45.2841
400 40 0.891 15.8794 2609.2 46.0282
400 40 0.901 15.3979 2601.5 45.9445
400 40 0.911 15.3268 2600.51 46.3897
400 40 0.921 14.7898 2592.29 46.6589
400 40 0.931 14.4496 2590.21 47.037
400 40 0.941 14.0674 2582.12 47.1268
400 40 0.951 14.4139 2589.72 47.8784
400 40 0.961 14.0148 2589.26 49.2823
400 40 0.971 13.0323 2565.93 49.9958
400 40 0.981 12.9154 2574.2 49.3302
400 40 0.991 12.4669 2561.62 49.2545
400 40 1.001 12.709 2568.2 50.3198
400 40 1.011 11.9719 2551.14 50.2166
400 40 1.021 11.9628 2553.33 51.9883
400 40 1.031 12.0647 2556.92 55.1373
400 40 1.041 11.0386 2538.84 52.2747
400 40 1.051 10.9842 2538.46 52.4849
400 40 1.061 10.5868 2532.86 53.9118
400 40 1.071 10.8056 2539.06 57.2628
400 40 1.081 10.341 2527.76 57.1147
400 40 1.091 10.3002 2531.57 54.6141
400 40 1.101 10.1114 2531.19 57.3217
400 40 1.111 10.3378 2541.01 56.4119
400 40 1.121 9.7204 2530.88 54.7297
400 40 1.131 9.9652 2532.95 58.2688
400 40 1.141 9.8334 2531.13 58.7718
400 40 1.151 9.9224 2533.18 56.3227
400 40 1.161 9.4887 2531.7 58.1041
400 40 1.171 9.3327 2524.08 58.6492
400 40 1.181 9.07 2520.39 58.6172
400 40 1.191 9.114 2529.21 56.0296
400 40 1.201 9.2147 2528.82 54.1364
400 40 1.211 9.0136 2532 54.1742
400 40 1.221 9.0142 2531.66 56.1993
400 40 1.231 8.9092 2531.58 54.1204
400 40 1.241 8.8204 2534.35 54.3663
400 40 1.251 8.7263 2532.06 54.1744
400 40 1.261 8.6645 2533.79 53.9458
400 40 1.271 8.6759 2539.04 55.145
400 40 1.281 8.6387 2537.62 54.829
400 40 1.291 8.3906 2535.15 57.9239
400 40 1.301 8.5783 2542.3 60.5369
400 40 1.311 8.5898 2546.18 57.5684
400 40 1.321 8.3773 2546.08 55.5162
400 40 1.331 8.2799 2543.96 55.3237
400 40 1.341 8.2439 2542.67 59.475
400 40 1.351 8.2464 2545.73 60.6562
400 40 1.361 8.4764 2556.51 60.7772
400 40 1.371 7.8871 2540.51 59.8982
400 40 1.381 8.0725 2549.26 60.2989
400 40 1.391 8.0428 2553.89 60.8521
400 40 1.401 7.8354 2545.73 60.4341
400 40 1.411 7.8471 2544.58 59.4348
400 40 1.421 7.8763 2550.83 57.5479
400 40 1.431 7.9336 2556.01 58.7192
400 40 1.441 7.6906 2550.19 55.1372
400 40 1.451 7.9237 2563.65 56.5703
400 40 1.461 7.5052 2552.82 59.413
400 40 1.471 7.5675 2555.44 59.0906
400 40 1.481 7.5971 2559.05 55.3946
400 40 1.491 7.7972 2563.27 54.5988
400 40 1.501 7.8412 2572.75 54.5673
400 40 1.511 7.5696 2560.83 57.6029
400 40 1.521 7.5715 2566.03 57.2591
400 40 1.531 7.5272 2565.72 57.0025
400 40 1.541 7.47 2563.87 59.0241
400 40 1.551 7.5798 2572.13 59.1317
400 40 1.561 7.4099 2565.32 54.5978
400 40 1.571 7.4339 2568.21 52.3769
400 40 1.581 7.4843 2572.94 52.5904
400 40 1.591 7.4879 2573 52.0407
400 40 1.601 7.4934 2584.14 52.3334
400 40 1.611 7.5814 2591.02 52.2456
400 40 1.621 7.5795 2590.87 53.7237
400 40 1.631 7.5398 2599.88 57.9113
400 40 1.641 7.5927 2601.69 57.3691
400 40 1.651 7.7797 2613.89 53.0608
400 40 1.661 7.6589 2613.61 52.6251
400 40 1.671 7.7511 2619.98 52.7191
400 40 1.681 7.75 2624.93 52.6864
400 40 1.691 7.8843 2634.14 52.7588
400 40 1.701 8.0179 2639.9 53.0163
400 40 1.711 7.8873 2643.2 52.5362
400 40 1.721 8.1099 2650.86 56.1048
400 40 1.731 8.0543 2653.01 57.3476
400 40 1.741 8.0745 2658.42 53.907
400 40 1.751 8.1664 2668.06 52.5164
400 40 1.761 8.2099 2674.88 52.7761
400 40 1.771 8.3372 2679.03 52.482
400 40 1.781 8.2498 2678.81 53.5892
400 40 1.791 8.491 2686.46 57.1149
400 40 1.801 8.5341 2694.7 56.8824
400 40 1.811 8.5233 2699.79 56.8654
400 40 1.821 8.613 2703.13 56.2154
400 40 1.831 8.6818 2708.67 55.9226
400 40 1.841 8.7656 2710.35 55.4351
400 40 1.851 8.8412 2717.52 55.7002
400 40 1.861 8.9601 2726.29 55.7721
400 40 1.871 8.906 2724.21 55.3242
400 40 1.881 9.0507 2733.91 55.1275
400 40 1.891 9.0933 2738.48 55.2069
400 40 1.901 9.2166 2736.56 54.9973
400 40 1.911 9.3581 2747.61 54.7007
400 40 1.921 9.3781 2750.17 54.6666
400 40 1.931 9.4683 2752.52 54.473
400 40 1.941 9.5673 2757.34 54.3054
400 40 1.951 9.6484 2763.12 54.2121
400 40 1.961 9.7655 2766.49 53.7576
400 40 1.971 9.827 2769.1 53.1438
400 40 1.981 9.9227 2774.59 53.1486
400 40 1.991 10.0341 2776.14 53.3063
