200 10 0.001 529.166 70744.4 12.6064
200 10 0.011 532.758 70649.2 12.9947
200 10 0.021 534.577 70547 12.959
200 10 0.031 518.731 70404.4 12.9617
200 10 0.041 527.196 70313.2 13.0241
200 10 0.051 501.343 69687.8 14.5146
200 10 0.061 515.7 69953.1 16.6362
200 10 0.071 498.572 69435.4 16.7125
200 10 0.081 476.943 69093.5 15.677
200 10 0.091 479.189 69060.5 15.9317
200 10 0.101 474.415 68648.5 16.622
200 10 0.111 468.569 68619.9 16.6598
200 10 0.121 455.89 68189.9 16.4539
200 10 0.131 449.362 68055 17.9988
200 10 0.141 440.576 67696.4 18.4768
200 10 0.151 422.529 67401.5 16.7307
200 10 0.161 416.097 67082 18.9396
200 10 0.171 421.466 67104.4 17.7317
200 10 0.181 409.829 66780.5 17.815
200 10 0.191 387.57 66473 19.2446
200 10 0.201 386.682 66150.7 19.7702
200 10 0.211 390.924 66039.1 20.0013
200 10 0.221 367.883 65330.3 20.092
200 10 0.231 368.154 65509.6 20.5287
200 10 0.241 364.506 65253.1 20.4387
200 10 0.251 359.664 64631.9 20.9005
200 10 0.261 342.692 64203.7 21.0677
200 10 0.271 347.458 64476.9 21.3095
200 10 0.281 328.569 63929.3 21.7436
200 10 0.291 328.109 63551.4 22.2625
200 10 0.301 319.147 63421.2 22.4297
200 10 0.311 303.822 62868.8 22.7707
200 10 0.321 306.992 62892.2 23.4707
200 10 0.331 294.208 62397.5 23.3407
200 10 0.341 284.493 61837.4 23.3929
200 10 0.351 284.489 61976.8 24.1367
200 10 0.361 270.575 61429.5 24.4505
200 10 0.371 276.554 61399 25.1862
200 10 0.381 271.466 61321.8 25.5067
200 10 0.391 259.579 60486.1 25.7396
200 10 0.401 248.92 60058.9 25.8971
200 10 0.411 238.825 59898.2 25.8289
200 10 0.421 229.413 59684.2 26.0407
200 10 0.431 230.065 59573.5 26.4954
200 10 0.441 230.164 59239.3 26.5629
200 10 0.451 214.454 59222.7 26.6422
200 10 0.461 223.887 58688.1 26.679
200 10 0.471 209.049 58345.2 26.2311
200 10 0.481 204.204 58045.7 26.3046
200 10 0.491 197.192 57615.3 26.9095
200 10 0.501 204.216 57452.9 27.6744
200 10 0.511 190.003 57269 27.7362
200 10 0.521 184.546 56500.6 27.881
200 10 0.531 179.197 56612.4 27.9717
200 10 0.541 174.508 56588.5 28.489
200 10 0.551 172.584 56233.9 28.7652
200 10 0.561 169.161 55443.5 29.0728
200 10 0.571 166.648 55255.5 29.5801
200 10 0.581 159.859 54848.6 29.6851
200 10 0.591 159.638 54338.1 30.3119
200 10 0.601 152.803 54378.8 29.4842
200 10 0.611 146.356 54120.1 29.4383
200 10 0.621 138.811 54055.5 29.5598
200 10 0.631 141.58 53608.4 30.2816
200 10 0.641 134.093 53224.8 30.2812
200 10 0.651 127.355 52836.2 30.6823
200 10 0.661 128.007 52484.3 30.4619
200 10 0.671 119.405 52256.2 29.5412
200 10 0.681 120.714 51875.1 30.43
200 10 0.691 118.811 51764.2 31.0052
200 10 0.701 115.115 51277.2 30.5687
200 10 0.711 108.425 50728.5 31.3798
200 10 0.721 107.316 50293.2 33.7787
200 10 0.731 103.271 50056.4 31.2486
200 10 0.741 104.501 49873.5 31.5582
200 10 0.751 98.0797 49713.4 32.8819
200 10 0.761 93.9909 49226.4 33.5209
200 10 0.771 94.8727 48970.8 33.1159
200 10 0.781 93.7457 48738.7 33.1549
200 10 0.791 87.8237 48561.1 33.2609
200 10 0.801 86.4759 48273.8 33.4786
200 10 0.811 82.9002 47852.6 33.5729
200 10 0.821 78.0653 47470.2 34.0922
200 10 0.831 79.6921 47176 33.6341
200 10 0.841 78.2288 46712.7 33.3551
200 10 0.851 75.6441 46092.2 33.6185
200 10 0.861 68.9808 46148.3 32.8429
200 10 0.871 72.1247 45579.3 33.7155
200 10 0.881 66.7843 45152.1 33.5995
200 10 0.891 65.9406 44991.2 36.0671
200 10 0.901 64.9361 45069.3 34.4975
200 10 0.911 62.0329 44537.4 35.4499
200 10 0.921 59.4218 43605.3 34.0353
200 10 0.931 59.8892 43786.8 34.58
200 10 0.941 55.2128 43233.1 34.4687
200 10 0.951 54.7603 42957 36.7986
200 10 0.961 51.1359 42772.7 36.5577
200 10 0.971 49.4451 42442.6 36.2925
200 10 0.981 49.4131 42193.6 36.6947
200 10 0.991 47.1788 41256.6 36.6174
200 10 1.001 45.5786 40998.4 36.8365
200 10 1.011 44.7365 40547.8 36.9199
200 10 1.021 43.0722 40548.2 37.2502
200 10 1.031 43.2234 39809.2 35.8771
200 10 1.041 41.3973 39572 35.9488
200 10 1.051 38.8911 39194.4 36.458
200 10 1.061 38.8516 39411.8 35.8449
200 10 1.071 39.1081 38941.9 36.3543
200 10 1.081 36.5208 37960.6 35.0568
200 10 1.091 36.0219 38034.6 35.5135
200 10 1.101 35.9766 37733.7 35.83
200 10 1.111 33.7203 37352 35.5957
200 10 1.121 32.7784 36808.8 35.6602
200 10 1.131 33.3401 36473.4 37.3422
200 10 1.141 31.6685 36560 37.2994
200 10 1.151 31.4328 37212.6 37.5477
200 10 1.161 31.3865 35884.9 35.876
200 10 1.171 30.038 36311.9 35.9043
200 10 1.181 29.7025 35751.2 35.8876
200 10 1.191 29.5936 35135 35.56
200 10 1.201 28.4859 35325.2 35.428
200 10 1.211 28.3102 34415.4 35.6889
200 10 1.221 27.3061 34513.5 35.0869
200 10 1.231 26.6723 33706.7 35.8595
200 10 1.241 26.3787 33921.2 35.6972
200 10 1.251 26.8041 33550.7 36.0627
200 10 1.261 25.7213 33301.9 35.4556
200 10 1.271 25.3134 33252.7 35.529
200 10 1.281 24.32 32428.5 35.2529
200 10 1.291 24.2268 33583.4 35.4742
200 10 1.301 24.2666 32676.7 35.733
200 10 1.311 24.5433 32055.3 35.9353
200 10 1.321 23.3885 32117.1 35.6473
200 10 1.331 22.5051 31035.8 36.9449
200 10 1.341 22.8722 31385.2 37.2685
200 10 1.351 22.0639 31127.4 36.5977
200 10 1.361 22.7656 31368.2 36.4356
200 10 1.371 21.9629 30820.3 35.2663
200 10 1.381 21.7853 31312.4 35.4588
200 10 1.391 21.1722 30442.5 35.9232
200 10 1.401 20.84 29940.5 35.4328
200 10 1.411 20.5326 29966.5 35.6209
200 10 1.421 20.4388 30052.8 35.5445
200 10 1.431 20.2347 30079.6 34.9423
200 10 1.441 20.1873 29505.7 34.9134
200 10 1.451 19.8656 29007.3 34.8691
200 10 1.461 19.5228 28590.4 34.8562
200 10 1.471 19.4433 28788.2 35.0746
200 10 1.481 19.044 27576.9 34.5226
200 10 1.491 18.5096 28215.9 34.3244
200 10 1.501 18.7877 27770.1 34.773
200 10 1.511 18.2356 28120.9 34.266
200 10 1.521 18.0561 27403.9 34.1488
200 10 1.531 17.6343 26481.3 34.3587
200 10 1.541 17.6096 26830.2 34.7076
200 10 1.551 17.6724 26505.5 34.5104
200 10 1.561 17.1165 26311.6 34.4694
200 10 1.571 17.0016 25713.1 34.2733
200 10 1.581 16.7635 25454.8 33.9474
200 10 1.591 17.1187 25017.2 34.4422
200 10 1.601 16.4148 24946.8 33.9044
200 10 1.611 16.7932 25444.7 34.3579
200 10 1.621 16.4415 24781.1 34.0119
200 10 1.631 16.3244 25270.9 33.7626
200 10 1.641 16.052 24549.8 33.6598
200 10 1.651 15.9954 24484.9 33.6794
200 10 1.661 15.969 24365 33.8836
200 10 1.671 15.9971 23895.7 33.9572
200 10 1.681 15.6231 23626.9 33.3534
200 10 1.691 15.8739 23918.6 33.8767
200 10 1.701 15.5828 23657.4 34.4668
200 10 1.711 15.4278 22945.4 33.7754
200 10 1.721 15.2911 23130.5 33.6726
200 10 1.731 15.1812 23361.7 34.9956
200 10 1.741 15.0711 22804.7 35.3026
200 10 1.751 15.0976 22685.6 35.6383
200 10 1.761 14.7675 22120.2 36.4876
200 10 1.771 14.6595 21954.8 34.5981
200 10 1.781 14.4978 21302.7 33.8449
200 10 1.791 14.5936 21968.5 33.6072
200 10 1.801 14.4026 21490 34.9167
200 10 1.811 14.4704 21636.8 33.8534
200 10 1.821 14.2879 21168.7 35.6173
200 10 1.831 14.0672 21103 35.9497
200 10 1.841 14.0511 21157.1 36.0187
200 10 1.851 14.0018 21109.6 35.9495
200 10 1.861 13.9812 20639 33.0246
200 10 1.871 14.0582 20815.4 33.1408
200 10 1.881 13.535 19726.9 32.6597
200 10 1.891 13.7223 19776.2 32.849
200 10 1.901 13.5264 19432.8 32.6918
200 10 1.911 13.4332 19483 32.8192
200 10 1.921 13.5654 19697.9 33.8297
200 10 1.931 13.2824 18857.6 35.979
200 10 1.941 13.161 18476.4 35.492
200 10 1.951 13.2483 18048.2 36.1529
200 10 1.961 13.0622 18249.4 35.5228
200 10 1.971 13.0751 18164.8 36.0145
200 10 1.981 12.9811 17506.6 34.2657
200 10 1.991 12.9618 17809.4 34.3788
200 20 0.001 1152.84 78996.7 24.8036
200 20 0.011 1118.9 78560.3 24.8457
200 20 0.021 1105.29 78351.2 27.6553
200 20 0.031 1093.13 78020.5 27.7749
200 20 0.041 1048.81 77592.6 26.0643
200 20 0.051 1029.87 77225.5 26.1677
200 20 0.061 1026.44 77040.9 25.7249
200 20 0.071 1000.84 76705 25.9202
200 20 0.081 966.821 76050.3 26.0749
200 20 0.091 963.838 76073.8 27.3961
200 20 0.101 914.594 75343.6 28.0628
200 20 0.111 881.92 74885.3 26.9823
200 20 0.121 852.38 74230.7 26.0926
200 20 0.131 843.37 74096 25.3517
200 20 0.141 818.575 73744.8 25.9656
200 20 0.151 814.976 73668.7 25.8233
200 20 0.161 767.983 72932.2 26.2036
200 20 0.171 744.528 72383.6 25.5215
200 20 0.181 708.034 72151.8 26.1913
200 20 0.191 710.891 71808.8 27.2227
200 20 0.201 671.493 71150.8 28.046
200 20 0.211 637.741 70616.6 27.5821
200 20 0.221 615.087 70048 30.0136
200 20 0.231 603.722 69982.1 31.0582
200 20 0.241 598.612 69461.8 30.7594
200 20 0.251 570.955 69043.6 30.4469
200 20 0.261 560.417 68906.3 30.8342
200 20 0.271 535.982 68465.9 30.8589
200 20 0.281 511.923 67828.5 30.8872
200 20 0.291 504.641 67744.4 31.1978
200 20 0.301 486.199 67093.5 31.7559
200 20 0.311 468.329 66755.5 30.9986
200 20 0.321 460.445 66268.7 31.5509
200 20 0.331 452.981 66240.4 31.5587
200 20 0.341 435.816 65937.5 31.2009
200 20 0.351 415.873 65720.5 30.9106
200 20 0.361 410.245 65171.8 31.1996
200 20 0.371 383.538 64692.8 30.8359
200 20 0.381 368.968 64236 31.33
200 20 0.391 375.406 64297.5 32.4321
200 20 0.401 354.55 63739.9 33.0131
200 20 0.411 338.07 63379.1 32.0702
200 20 0.421 319.823 62562.2 31.2643
200 20 0.431 311.721 62812.4 31.5899
200 20 0.441 298.775 62037.6 31.3224
200 20 0.451 297.224 61772.4 31.8351
200 20 0.461 284.801 61307 31.8352
200 20 0.471 279.88 60990.2 32.265
200 20 0.481 258.718 60189.1 31.6053
200 20 0.491 260.835 60465 32.5107
200 20 0.501 254.992 59956.1 32.3416
200 20 0.511 242.436 59665.2 32.6135
200 20 0.521 232.346 59398 31.8578
200 20 0.531 222.542 58934.3 33.2752
200 20 0.541 223.24 59002.5 33.6515
200 20 0.551 208.067 58783.9 33.2489
200 20 0.561 201.318 58007.5 33.2876
200 20 0.571 196.814 57426.1 33.4155
200 20 0.581 193.145 57335.7 33.4814
200 20 0.591 188.03 57008 33.7042
200 20 0.601 172.236 56238.9 33.3192
200 20 0.611 171.277 56499 33.3228
200 20 0.621 167.171 56519.1 34.0413
200 20 0.631 157.709 56002.4 34.4059
200 20 0.641 152.877 54934.7 34.7997
200 20 0.651 152.643 55267.7 34.2852
200 20 0.661 140.669 54430.9 34.153
200 20 0.671 141.419 54200.6 34.6033
200 20 0.681 141.559 53891.1 34.3234
200 20 0.691 133.862 53685.9 33.3589
200 20 0.701 129.486 53170.3 32.6836
200 20 0.711 125.62 53492.3 33.2753
200 20 0.721 116.143 52283.9 32.5603
200 20 0.731 116.573 52627.2 32.8345
200 20 0.741 111.231 52167.6 32.934
200 20 0.751 107.341 51520.6 32.8024
200 20 0.761 104.978 51422.1 33.1017
200 20 0.771 103.358 51346.3 33.4573
200 20 0.781 98.4341 50563.3 33.3164
200 20 0.791 95.8976 50248.9 33.6077
200 20 0.801 93.4158 50438.2 34.4204
200 20 0.811 92.7205 49381.3 35.9763
200 20 0.821 87.4044 48840.1 35.1376
200 20 0.831 85.5089 48886.7 35.2981
200 20 0.841 82.3823 48775.8 35.6608
200 20 0.851 80.5461 48263.9 35.7447
200 20 0.861 78.3829 48046.9 35.9216
200 20 0.871 73.6076 47392.8 35.3668
200 20 0.881 72.1573 47072.9 35.5883
200 20 0.891 68.2171 47152.4 36.015
200 20 0.901 66.443 46966.8 35.8583
200 20 0.911 66.7174 46304.3 35.4626
200 20 0.921 63.8633 45982.5 35.3087
200 20 0.931 59.9448 45081 35.1416
200 20 0.941 60.1122 45360.1 35.7714
200 20 0.951 57.4112 44523.9 35.1318
200 20 0.961 57.0397 44409.9 36.0204
200 20 0.971 53.2724 43674 35.7138
200 20 0.981 53.0247 43404.9 35.9022
200 20 0.991 50.3825 43199.3 36.7058
200 20 1.001 49.4429 42664.2 36.9396
200 20 1.011 49.6715 41897.7 36.924
200 20 1.021 45.5022 41256.3 35.929
200 20 1.031 45.7077 41757.8 37.0811
200 20 1.041 43.9163 40554.9 36.9364
200 20 1.051 42.1757 40673.8 36.7988
200 20 1.061 41.9492 41002.9 37.1739
200 20 1.071 40.9298 40256.3 36.7686
200 20 1.081 39.4502 39679.4 36.9326
200 20 1.091 39.3186 39147.9 36.7197
200 20 1.101 37.141 38725 36.6727
200 20 1.111 37.0917 38450.6 36.649
200 20 1.121 36.9782 38965.3 37.017
200 20 1.131 34.925 37936.2 36.6517
200 20 1.141 35.2975 38236.6 37.0543
200 20 1.151 34.2873 37777.2 36.9317
200 20 1.161 33.6095 37325.8 36.7125
200 20 1.171 32.7046 36893.4 36.7455
200 20 1.181 32.6532 37015.4 37.133
200 20 1.191 32.3332 36814.4 37.1432
200 20 1.201 30.8846 35990.9 36.484
200 20 1.211 30.8901 36135.1 37.2821
200 20 1.221 30.7951 35618.7 37.385
200 20 1.231 30.1785 35824.3 36.8921
200 20 1.241 29.9447 35162.3 36.8778
200 20 1.251 29.2859 35274.5 36.7369
200 20 1.261 28.5163 34481.5 36.3466
200 20 1.271 28.4041 34001.2 36.1123
200 20 1.281 27.8201 34531 36.0218
200 20 1.291 27.7404 34535.5 36.7177
200 20 1.301 27.3044 33697.3 36.7116
200 20 1.311 27.1787 33044.5 36.8371
200 20 1.321 26.6803 33690 36.7483
200 20 1.331 26.74 33669.7 37.1492
200 20 1.341 25.7844 32679.4 36.6516
200 20 1.351 25.7561 32899.8 36.2665
200 20 1.361 25.3874 32836.7 36.7349
200 20 1.371 24.8349 31988 36.833
200 20 1.381 24.8923 32548.2 36.5048
200 20 1.391 24.2164 30852.4 36.6588
200 20 1.401 24.0469 31907.8 36.6927
200 20 1.411 23.6175 30716.1 36.1039
200 20 1.421 23.8056 30889.3 36.2785
200 20 1.431 23.0729 30464.1 35.9062
200 20 1.441 23.0034 30238.1 35.5011
200 20 1.451 22.9001 30390.4 35.6553
200 20 1.461 22.1626 29645.4 35.9905
200 20 1.471 22.1078 29533.9 34.8456
200 20 1.481 22.0242 29891 34.4924
200 20 1.491 21.7014 29065.9 34.709
200 20 1.501 21.2501 28161.9 34.1337
200 20 1.511 21.3697 28508.4 34.2113
200 20 1.521 21.103 28356.6 34.2104
200 20 1.531 21.0334 28281.4 35.4422
200 20 1.541 20.5196 27542.3 34.3584
200 20 1.551 20.6054 28023.6 33.986
200 20 1.561 20.087 27311.8 33.3922
200 20 1.571 20.103 26875.4 33.509
200 20 1.581 19.4393 26484.1 33.9239
200 20 1.591 19.2884 26234.7 33.2958
200 20 1.601 19.4527 26318.6 33.2037
200 20 1.611 19.0736 26357 33.5516
200 20 1.621 19.3457 26569.1 33.7928
200 20 1.631 18.951 26037.2 33.3722
200 20 1.641 18.6866 25649 33.193
200 20 1.651 18.8561 25145.6 33.3549
200 20 1.661 18.5737 25973.2 34.7296
200 20 1.671 18.4232 24799.7 34.8303
200 20 1.681 18.1591 24473.7 33.1029
200 20 1.691 17.7873 24698.2 32.6468
200 20 1.701 17.9338 24558.1 32.4882
200 20 1.711 17.7554 24746.6 33.8143
200 20 1.721 17.6194 23926 34.7672
200 20 1.731 17.2931 24075.9 34.5178
200 20 1.741 17.348 24237.5 33.7774
200 20 1.751 16.8999 22935.9 32.5044
200 20 1.761 16.7673 23364.2 32.4478
200 20 1.771 16.8647 23397.1 32.5411
200 20 1.781 16.7562 23112.1 32.4734
200 20 1.791 16.4935 22940.6 32.5702
200 20 1.801 16.4025 22848.6 32.201
200 20 1.811 16.2511 21990.4 32.1678
200 20 1.821 15.8584 21683 31.8739
200 20 1.831 15.7681 21811.3 31.8624
200 20 1.841 15.7009 22673.1 31.8372
200 20 1.851 15.5054 21062.4 31.5935
200 20 1.861 15.5289 21089 31.612
200 20 1.871 15.4396 20860.7 31.5422
200 20 1.881 15.2044 20934 31.4166
200 20 1.891 15.0765 20240.9 31.3142
200 20 1.901 14.826 20131 31.2102
200 20 1.911 14.9044 20404.2 31.3715
200 20 1.921 14.5691 19781.2 31.0662
200 20 1.931 14.589 20014.2 30.9377
200 20 1.941 14.5644 19989.2 30.8441
200 20 1.951 13.9633 19168.7 30.2537
200 20 1.961 13.9714 18966.3 30.4017
200 20 1.971 13.7663 18641.6 30.4304
200 20 1.981 13.6624 18942.5 30.2657
200 20 1.991 13.2804 17825.3 30.0695
200 30 0.001 1555.66 85275.8 17.588
200 30 0.011 1519.03 84868 18.9741
200 30 0.021 1443.95 83983 19.685
200 30 0.031 1396 83437 21.1709
200 30 0.041 1356.93 82930.5 22.8367
200 30 0.051 1305.7 82319.3 23.6364
200 30 0.061 1278.96 81885.4 24.7669
200 30 0.071 1217.99 81050.8 25.5233
200 30 0.081 1197.7 80807.8 25.7713
200 30 0.091 1152.03 80089 26.6439
200 30 0.101 1115.12 79714 27.8216
200 30 0.111 1044.32 78748.7 28.2302
200 30 0.121 1015.31 78534.5 28.8427
200 30 0.131 967.92 77995.1 29.3457
200 30 0.141 931.498 77249.9 29.4656
200 30 0.151 910.964 76863.4 30.5091
200 30 0.161 876.03 76282.4 30.3758
200 30 0.171 840.783 76149.8 29.2001
200 30 0.181 818.095 75349.2 29.6267
200 30 0.191 771.457 74880.8 29.6173
200 30 0.201 734.401 74283.8 30.0078
200 30 0.211 687.03 73630.8 29.4731
200 30 0.221 683.975 73492.4 30.2097
200 30 0.231 660.016 72844.4 30.3384
200 30 0.241 635.025 72489.3 30.6197
200 30 0.251 603.507 71699.3 30.837
200 30 0.261 589.333 71659.1 31.9415
200 30 0.271 560.607 70929.9 31.049
200 30 0.281 554.678 70680.7 31.2354
200 30 0.291 521.97 70050.6 32.2379
200 30 0.301 518.26 70285.4 31.4758
200 30 0.311 470.431 69297.1 31.631
200 30 0.321 464.775 69113.2 32.4003
200 30 0.331 452.098 68694.6 32.4934
200 30 0.341 429.662 68458.4 33.281
200 30 0.351 409.501 67951.6 31.3622
200 30 0.361 391.36 67299.3 31.1142
200 30 0.371 377.486 66944.9 31.1835
200 30 0.381 362.89 66673.3 32.4052
200 30 0.391 350.394 66174.9 31.1372
200 30 0.401 335.644 65891.8 31.6293
200 30 0.411 326.932 65580.9 31.22
200 30 0.421 321.289 65166.5 31.2178
200 30 0.431 297.883 64903.5 32.1155
200 30 0.441 294.429 64449.9 31.899
200 30 0.451 283.679 64222.6 31.5172
200 30 0.461 279.504 63839.8 31.9114
200 30 0.471 261.732 63752.3 31.9406
200 30 0.481 256.276 63024.2 32.2889
200 30 0.491 245.908 62941.2 33.4955
200 30 0.501 245.611 62396.4 33.7632
200 30 0.511 233.014 61622.3 33.679
200 30 0.521 224.454 61545.6 33.6063
200 30 0.531 213.57 61451.9 33.5127
200 30 0.541 205.831 60913.1 33.2197
200 30 0.551 199.891 60434.3 32.5837
200 30 0.561 196.686 60688.9 33.5999
200 30 0.571 188.055 59861.5 33.5875
200 30 0.581 181.631 59430.9 33.0128
200 30 0.591 177.749 59393.8 33.1913
200 30 0.601 169.248 58862.1 33.1855
200 30 0.611 166.586 58415.8 33.4452
200 30 0.621 157.829 57615 32.8727
200 30 0.631 154.815 57748.3 34.4808
200 30 0.641 147.515 57071.3 34.6728
200 30 0.651 142.883 57206.4 35.0337
200 30 0.661 142.65 56832.6 33.9263
200 30 0.671 132.551 56533.2 32.5784
200 30 0.681 133.272 55543.8 33.2072
200 30 0.691 129.218 55697.3 32.9384
200 30 0.701 124.677 55234.1 33.1616
200 30 0.711 124.647 55198.8 33.6598
200 30 0.721 115.914 54396.9 33.2178
200 30 0.731 112.931 54116.1 33.6998
200 30 0.741 107.725 54007.7 33.4992
200 30 0.751 105.286 53456.9 33.5522
200 30 0.761 105.259 53217.1 35.9946
200 30 0.771 98.3332 52293 35.5829
200 30 0.781 100.919 52581.7 36.1941
200 30 0.791 95.432 52499.4 35.4578
200 30 0.801 92.3757 51498.7 36.2699
200 30 0.811 88.1465 51751.4 35.9911
200 30 0.821 86.1311 50844.2 35.7783
200 30 0.831 83.7674 50733.9 35.738
200 30 0.841 84.1996 50502.6 36.2851
200 30 0.851 81.456 50207.8 36.9382
200 30 0.861 79.4045 49588.2 36.7671
200 30 0.871 74.7961 48826.9 36.7621
200 30 0.881 74.6955 48901 36.872
200 30 0.891 70.3159 48602.9 36.8816
200 30 0.901 72.0739 48413.6 37.3146
200 30 0.911 67.9 47900.5 37.0619
200 30 0.921 67.1824 47973.4 37.8625
200 30 0.931 64.5085 47276.6 38.0221
200 30 0.941 63.4723 46999.3 37.5049
200 30 0.951 61.2598 46829.3 36.553
200 30 0.961 59.1668 45934.5 36.5546
200 30 0.971 58.0309 45010.4 36.5484
200 30 0.981 55.83 45241.8 37.6549
200 30 0.991 54.7451 44597.1 37.1196
200 30 1.001 53.3522 44268 38.7673
200 30 1.011 51.0539 43978.6 38.027
200 30 1.021 50.3206 43700 38.8747
200 30 1.031 49.5026 43763.9 38.6017
200 30 1.041 47.4664 43004.2 38.4509
200 30 1.051 47.2513 42198.1 38.8296
200 30 1.061 45.9561 41982.5 39.3083
200 30 1.071 45.0965 42219.8 39.6027
200 30 1.081 43.9684 41522.8 39.5219
200 30 1.091 42.8996 40883.2 38.196
200 30 1.101 41.699 40603.2 37.9908
200 30 1.111 42.5083 41188.8 38.1641
200 30 1.121 41.4683 40460 38.0208
200 30 1.131 39.9834 39664.9 37.8787
200 30 1.141 39.3577 39490.9 38.0613
200 30 1.151 38.9575 39338.9 38.2172
200 30 1.161 38.6247 39402.4 39.8028
200 30 1.171 38.0171 38752.1 39.8165
200 30 1.181 37.4555 37957.1 39.546
200 30 1.191 37.3104 38291.6 39.6854
200 30 1.201 36.0545 37985 39.192
200 30 1.211 36.1631 37777.2 39.324
200 30 1.221 35.2231 37643.2 39.1267
200 30 1.231 34.5634 37079.5 39.0312
200 30 1.241 34.7079 36933.4 39.4245
200 30 1.251 34.2103 36402 39.5511
200 30 1.261 33.9812 36535.4 39.2343
200 30 1.271 32.8126 35688.8 38.5516
200 30 1.281 32.3901 35587.6 37.8847
200 30 1.291 32.2418 35344 39.5394
200 30 1.301 32.0026 35197.5 39.5044
200 30 1.311 31.4138 34995.8 38.6424
200 30 1.321 30.9415 34846.2 38.6674
200 30 1.331 30.5557 34022.5 38.8171
200 30 1.341 30.1539 34203.9 38.5545
200 30 1.351 30.1465 33894.3 38.6527
200 30 1.361 29.5675 34023.2 38.6462
200 30 1.371 29.4211 33155.8 38.7613
200 30 1.381 29.02 32412.3 38.5953
200 30 1.391 28.7532 32719.1 38.6502
200 30 1.401 28.345 32806 39.0163
200 30 1.411 27.9207 32245.1 38.4472
200 30 1.421 27.8409 32098.2 38.6448
200 30 1.431 27.1322 32199.4 38.2103
200 30 1.441 27.0358 31327.4 38.2458
200 30 1.451 26.5765 31024.2 38.0925
200 30 1.461 26.3814 31534.2 37.8938
200 30 1.471 25.7827 30810.9 38.1043
200 30 1.481 25.664 30715.3 37.8447
200 30 1.491 25.8002 29899.4 37.357
200 30 1.501 25.344 30074.6 37.0807
200 30 1.511 25.1522 29526.1 36.7764
200 30 1.521 24.7456 29261.8 36.6611
200 30 1.531 24.7932 28873.1 36.679
200 30 1.541 24.2103 28191.1 36.3846
200 30 1.551 23.9909 28695.2 36.4357
200 30 1.561 23.9515 28216.8 36.2364
200 30 1.571 23.3333 28769.9 36.3605
200 30 1.581 23.0512 27380.2 36.2363
200 30 1.591 23.0816 27883.8 37.0325
20