200 10 0.001 1013.62 75958.1 16.7352
200 10 0.011 1009.74 75851.4 16.3125
200 10 0.021 1007.4 75691 16.5037
200 10 0.031 987.968 75302.9 16.5251
200 10 0.041 964.63 75048.8 16.4626
200 10 0.051 948.089 74668.2 18.0026
200 10 0.061 933.444 74261.8 16.8338
200 10 0.071 939.33 74077.1 16.919
200 10 0.081 902.224 73636.1 17.3816
200 10 0.091 877.758 73109.9 17.6605
200 10 0.101 866.157 72943.9 19.8817
200 10 0.111 828.441 72403.8 18.365
200 10 0.121 838.937 72137.4 18.1791
200 10 0.131 811.543 71308 18.5252
200 10 0.141 790.787 71271.7 19.1181
200 10 0.151 772.72 70775.1 19.7137
200 10 0.161 747.106 70470.1 20.563
200 10 0.171 734.124 69942.3 21.1178
200 10 0.181 720.333 69681.3 21.5902
200 10 0.191 705.709 69361.3 23.6052
200 10 0.201 679.297 68649.7 23.943
200 10 0.211 660.081 68362.2 22.6306
200 10 0.221 649.342 68027.8 23.7852
200 10 0.231 637.391 67879.7 24.0681
200 10 0.241 616.641 67064.9 24.7397
200 10 0.251 593.924 66512.9 26.0742
200 10 0.261 592.258 66371.2 26.4007
200 10 0.271 565.498 65916.1 27.6018
200 10 0.281 568.927 65922.6 29.5262
200 10 0.291 531.378 65123.2 30.2663
200 10 0.301 529.205 64984.5 34.8215
200 10 0.311 521.496 64477.8 33.1377
200 10 0.321 503.133 63911.9 32.0887
200 10 0.331 481.947 63222.6 32.838
200 10 0.341 468.878 62833 33.7071
200 10 0.351 448.783 62607.4 37.059
200 10 0.361 437.907 62234.6 36.4719
200 10 0.371 418.87 61346.4 39.1739
200 10 0.381 418.669 61397.4 38.0787
200 10 0.391 403.766 61067.2 39.5065
200 10 0.401 385.021 60325.3 40.2908
200 10 0.411 384.512 60473.3 41.4889
200 10 0.421 362.162 59268.9 45.4466
200 10 0.431 353.667 58995.5 45.8293
200 10 0.441 342.69 58681.8 46.3671
200 10 0.451 336.256 58419.5 47.7313
200 10 0.461 321.695 57250.5 47.0259
200 10 0.471 308.124 57475 49.4605
200 10 0.481 299.555 56634.3 48.9615
200 10 0.491 293.012 56643.1 53.7205
200 10 0.501 276.425 55781.3 52.8999
200 10 0.511 266.867 55442.9 54.7958
200 10 0.521 260.482 55627 55.0838
200 10 0.531 259.527 54818.3 55.0719
200 10 0.541 244.087 54397.7 56.4259
200 10 0.551 246.103 54405.7 56.7672
200 10 0.561 236.111 54055.5 59.3068
200 10 0.571 221.91 53293.9 59.3945
200 10 0.581 217.901 53190.4 60.4721
200 10 0.591 205.409 52231.4 60.6614
200 10 0.601 204.863 52373.3 62.4561
200 10 0.611 190.23 50741.8 63.7899
200 10 0.621 194.853 51152.6 65.0875
200 10 0.631 185.501 50724.1 65.4954
200 10 0.641 173.168 50204.8 65.8069
200 10 0.651 173.379 49838.9 67.4143
200 10 0.661 165.129 49499.7 68.724
200 10 0.671 156.287 48617.1 68.4075
200 10 0.681 152.646 48313.7 70.551
200 10 0.691 152.702 48520.8 72.0577
200 10 0.701 147.529 47863.6 72.8441
200 10 0.711 140.119 47329.1 73.1949
200 10 0.721 135.673 46875.2 74.3046
200 10 0.731 133.68 46335.1 75.3669
200 10 0.741 128.505 46142.6 76.1618
200 10 0.751 123.739 45415 77.2882
200 10 0.761 121.257 45235.7 78.798
200 10 0.771 117.754 44389.2 79.8228
200 10 0.781 115.619 44010 80.6011
200 10 0.791 109.487 43345.9 80.654
200 10 0.801 108.371 43884.8 81.8005
200 10 0.811 104.088 42946.8 82.4489
200 10 0.821 101.297 42423.6 83.0259
200 10 0.831 100.56 41227.3 84.4592
200 10 0.841 96.063 41579 84.6894
200 10 0.851 92.8362 40959.2 85.311
200 10 0.861 92.905 40547 86.279
200 10 0.871 89.5752 40356.9 86.958
200 10 0.881 87.9147 40002.6 87.5107
200 10 0.891 86.6171 39525.9 88.355
200 10 0.901 86.3542 39501.1 89.1921
200 10 0.911 84.667 38586.3 89.6826
200 10 0.921 82.8294 38347.3 89.7921
200 10 0.931 81.8326 38256.5 90.4624
200 10 0.941 81.1546 37420.9 90.9634
200 10 0.951 80.4739 36606 91.3108
200 10 0.961 78.66 35750.9 91.3221
200 10 0.971 79.0031 35677 91.6992
200 10 0.981 77.8446 35511.3 91.8217
200 10 0.991 77.9548 34758.8 92.3567
200 20 0.001 2066.88 87991.5 11.3827
200 20 0.011 2075.41 87989.3 11.9299
200 20 0.021 2021.05 87302.7 13.3195
200 20 0.031 1959.28 86676.1 13.1396
200 20 0.041 1917.42 86098.1 13.8867
200 20 0.051 1839.9 85118.6 16.281
200 20 0.061 1799.76 84632.7 15.8157
200 20 0.071 1740.99 83879.7 16.8653
200 20 0.081 1690.65 83191.4 17.6867
200 20 0.091 1622.27 82330.7 19.0223
200 20 0.101 1554.09 81388.9 20.5277
200 20 0.111 1511.06 80963.5 22.6145
200 20 0.121 1442.14 79909.2 21.9863
200 20 0.131 1396.47 79539.5 22.9651
200 20 0.141 1371.79 78975.9 24.0895
200 20 0.151 1308.87 78197.3 24.4597
200 20 0.161 1253.22 77361.9 25.5263
200 20 0.171 1223.65 76817 26.5904
200 20 0.181 1160.31 75840.1 27.3826
200 20 0.191 1144.58 75575.7 31.5976
200 20 0.201 1076.23 74904.7 32.5708
200 20 0.211 1040.81 74332.5 30.5226
200 20 0.221 998.593 73635.1 31.2831
200 20 0.231 966.727 72934.8 32.9846
200 20 0.241 919.351 72352.8 34.4468
200 20 0.251 878.645 71710.1 34.7075
200 20 0.261 830.906 71061.6 35.341
200 20 0.271 810.875 70378.6 35.6841
200 20 0.281 779.268 69907.9 36.594
200 20 0.291 742.029 69128.1 38.291
200 20 0.301 708.343 68426.3 42.7789
200 20 0.311 688.152 67909.9 42.2283
200 20 0.321 649.857 67242.7 40.3978
200 20 0.331 630.457 66933.1 41.0525
200 20 0.341 610.151 66457.2 42.291
200 20 0.351 566.981 65354.9 44.9469
200 20 0.361 546.357 65236.6 43.6678
200 20 0.371 540.536 65030.2 46.8556
200 20 0.381 497.989 63932.9 45.2721
200 20 0.391 486.121 64092.4 46.2889
200 20 0.401 469.493 63318.7 47.1909
200 20 0.411 432.692 62840.3 47.2477
200 20 0.421 420.438 62152.5 49.9632
200 20 0.431 406.127 61761 49.8386
200 20 0.441 387.257 61453 50.6963
200 20 0.451 371.608 60754.5 51.9544
200 20 0.461 353.689 60410 51.3218
200 20 0.471 342.273 59810.5 53.8644
200 20 0.481 321.405 58969.4 52.4602
200 20 0.491 311.492 58606.7 56.8656
200 20 0.501 296.111 58195.4 55.1455
200 20 0.511 285.341 57823 56.4196
200 20 0.521 276.265 57273.4 57.2615
200 20 0.531 265.314 57281.6 57.643
200 20 0.541 254.41 56627.7 58.5813
200 20 0.551 239.253 56164.7 57.8107
200 20 0.561 229.628 55507.2 59.4074
200 20 0.571 224.078 55507.5 60.3147
200 20 0.581 209.303 54431.5 59.2526
200 20 0.591 206.068 54282.1 60.6858
200 20 0.601 198.733 53879.9 61.6894
200 20 0.611 188.162 53284 62.8362
200 20 0.621 181.457 53319.7 63.9001
200 20 0.631 172.689 52773.2 63.5975
200 20 0.641 165.392 51819.9 63.8868
200 20 0.651 159.925 51620.2 64.5786
200 20 0.661 157.678 51178.7 65.6782
200 20 0.671 147.536 50295.8 66.0325
200 20 0.681 137.576 50434.6 66.4113
200 20 0.691 135.406 49933.3 67.2564
200 20 0.701 131.285 48689.1 67.7671
200 20 0.711 124.105 48807.5 67.8494
200 20 0.721 123.05 49330.2 68.6864
200 20 0.731 118.447 48014.2 69.7113
200 20 0.741 112.469 46967.4 70.844
200 20 0.751 109.437 47691.8 71.0629
200 20 0.761 105.282 46269.2 72.1875
200 20 0.771 103.49 46481.4 72.6123
200 20 0.781 99.9204 45522.4 73.0646
200 20 0.791 96.8364 44819.9 74.129
200 20 0.801 93.7615 44806.6 74.199
200 20 0.811 88.2322 44063 74.2776
200 20 0.821 89.7027 44138.7 75.7833
200 20 0.831 84.8893 43066 75.9507
200 20 0.841 82.9016 43231.7 76.7151
200 20 0.851 80.6103 42934.2 77.2599
200 20 0.861 78.7215 42616.7 77.9913
200 20 0.871 77.8385 42273.2 78.522
200 20 0.881 74.9441 40844.9 78.8249
200 20 0.891 73.7883 40102.1 79.3194
200 20 0.901 72.8713 40771.2 80.2408
200 20 0.911 70.5723 39930.5 80.3916
200 20 0.921 69.3446 39724.7 81.1316
200 20 0.931 67.6793 38808.8 81.0298
200 20 0.941 66.4842 38505.2 81.5807
200 20 0.951 65.7883 38217.7 81.8001
200 20 0.961 64.796 36819.7 82.1766
200 20 0.971 64.7158 36920.1 82.7287
200 20 0.981 63.5028 35866.9 82.475
200 20 0.991 63.4293 35832.1 83.0284
200 30 0.001 2862.8 97745.4 12.994
200 30 0.011 2773.64 96819.7 13.6973
200 30 0.021 2641.5 95424.1 16.1479
200 30 0.031 2573.25 94736.4 16.7467
200 30 0.041 2470.4 93557 18.121
200 30 0.051 2331.61 92014.5 19.7805
200 30 0.061 2259.79 91229.8 20.4808
200 30 0.071 2177.29 90151.1 22.4604
200 30 0.081 2084.69 89286.8 23.5348
200 30 0.091 1973.82 87877.7 24.5426
200 30 0.101 1853.2 86770 26.9924
200 30 0.111 1763.35 85730.9 28.4283
200 30 0.121 1725.48 85209.2 28.6419
200 30 0.131 1633.01 83992.6 29.4441
200 30 0.141 1556.55 83099.1 30.1741
200 30 0.151 1473.36 82192.1 30.7793
200 30 0.161 1378.17 80927.1 31.5957
200 30 0.171 1325.76 79942.5 32.6038
200 30 0.181 1253.64 79097 33.624
200 30 0.191 1197.23 78749.4 36.7864
200 30 0.201 1157.05 77835.4 36.897
200 30 0.211 1107.83 77193.1 35.9482
200 30 0.221 1028 75968.7 36.5692
200 30 0.231 971.477 75336.8 36.9094
200 30 0.241 941.679 74939.8 37.3969
200 30 0.251 893.541 74112.5 38.9826
200 30 0.261 834.208 72952.7 38.0466
200 30 0.271 823.021 72814.2 39.6091
200 30 0.281 767.734 72100.4 39.5896
200 30 0.291 726.166 71404.4 40.3114
200 30 0.301 688.075 70759.7 43.8188
200 30 0.311 670.706 70464.9 42.5442
200 30 0.321 638.075 69951.9 41.7465
200 30 0.331 591.966 69061 41.5448
200 30 0.341 573.577 68051.4 42.1704
200 30 0.351 533.53 67532 44.0254
200 30 0.361 525.233 67273.9 44.3151
200 30 0.371 499.544 66800.4 45.6564
200 30 0.381 478.439 66310.5 45.2288
200 30 0.391 450.356 66172.1 45.4159
200 30 0.401 425.319 65291.4 45.821
200 30 0.411 405.565 64115.6 46.3457
200 30 0.421 385.446 63736.1 47.9837
200 30 0.431 372.19 63278.8 48.5907
200 30 0.441 351.409 62632.5 48.7062
200 30 0.451 340.993 62721.6 49.4408
200 30 0.461 325.264 62096 48.9948
200 30 0.471 314.629 61761.8 50.9917
200 30 0.481 299.986 61581.9 50.1993
200 30 0.491 287.669 60553.5 54.0271
200 30 0.501 269.205 59907.5 52.2675
200 30 0.511 262.343 59382.4 53.5127
200 30 0.521 248.922 59040.7 53.7576
200 30 0.531 241.775 58697.4 54.8697
200 30 0.541 232.443 58101.4 55.6183
200 30 0.551 220.214 57883.8 54.5583
200 30 0.561 211.52 57235.1 56.1908
200 30 0.571 210.499 56676.8 57.9813
200 30 0.581 194.975 56183.9 56.3665
200 30 0.591 188.665 56339.2 56.862
200 30 0.601 182.312 55676.8 59.3632
200 30 0.611 173.499 55060.3 59.8893
200 30 0.621 163.811 54465.2 60.1755
200 30 0.631 162.728 54640.1 60.1628
200 30 0.641 151.699 53453.9 60.351
200 30 0.651 148.223 53011.6 61.1144
200 30 0.661 143.445 52671 61.6312
200 30 0.671 136.407 52349.4 62.7598
200 30 0.681 132.887 51632.1 64.3462
200 30 0.691 124.459 50728.4 64.558
200 30 0.701 122.862 51062.7 64.6663
200 30 0.711 119.382 50786.5 65.4811
200 30 0.721 112.464 50527.9 65.9711
200 30 0.731 109.529 49372.9 66.4524
200 30 0.741 106.258 49206.2 67.8241
200 30 0.751 104.449 49314.4 68.0011
200 30 0.761 98.6575 48559.6 69.5334
200 30 0.771 96.8523 48037.6 69.393
200 30 0.781 93.4817 47150.9 70.4953
200 30 0.791 90.7545 47583.5 71.4726
200 30 0.801 87.5448 46460.1 71.4893
200 30 0.811 83.6597 46529.8 71.9986
200 30 0.821 81.9132 45270.8 72.4313
200 30 0.831 80.0276 45136.2 73.6136
200 30 0.841 75.9828 44450.8 74.0372
200 30 0.851 75.3787 44101.1 75.1898
200 30 0.861 73.3939 43947.8 75.6324
200 30 0.871 72.521 43662.8 76.6546
200 30 0.881 69.7137 42977.2 76.8969
200 30 0.891 69.0065 42763.4 77.5001
200 30 0.901 66.7194 41968 78.0168
200 30 0.911 65.2169 40953.4 78.2874
200 30 0.921 64.2852 41266.3 78.8067
200 30 0.931 62.5466 40215.1 79.2704
200 30 0.941 61.6359 39839.2 79.7199
200 30 0.951 61.0115 39120.1 80.2015
200 30 0.961 60.1601 38105.4 80.3072
200 30 0.971 59.5274 38120.2 80.9178
200 30 0.981 58.6434 37793.9 80.9135
200 30 0.991 58.3176 37356.9 81.3169
200 40 0.001 4369.78 114095 124.394
200 40 0.011 4264.86 113045 121.566
200 40 0.021 4111.11 111492 118.412
200 40 0.031 3921.42 109508 112.767
200 40 0.041 3691.85 107219 107.693
200 40 0.051 3505 105283 103.279
200 40 0.061 3366.29 103944 94.4709
200 40 0.071 3128.02 101559 88.1632
200 40 0.081 2991.2 100156 86.9969
200 40 0.091 2807.6 98203.5 80.8934
200 40 0.101 2668.78 96539.3 80.7273
200 40 0.111 2548.85 95342.6 79.8642
200 40 0.121 2372.92 93422.9 76.1273
200 40 0.131 2231.03 92021.6 72.6331
200 40 0.141 2071.06 90384.3 68.803
200 40 0.151 1957.48 89083.4 66.3926
200 40 0.161 1886.07 88055.6 64.63
200 40 0.171 1778.72 86948.7 62.7568
200 40 0.181 1676.22 85793.3 61.4959
200 40 0.191 1519.19 84168.1 58.6158
200 40 0.201 1465.19 83271.8 58.2509
200 40 0.211 1356.3 81759.1 55.3927
200 40 0.221 1318.7 81597.9 54.7379
200 40 0.231 1240.36 80318.1 53.4344
200 40 0.241 1160.47 79223.8 52.6394
200 40 0.251 1068.5 78192.5 50.8512
200 40 0.261 1009.01 76968.1 50.1174
200 40 0.271 962.214 76597.8 50.5443
200 40 0.281 889.682 75247.5 49.4314
200 40 0.291 855.769 75141.2 48.7861
200 40 0.301 816.1 73942 51.1142
200 40 0.311 775.346 73741.7 49.4107
200 40 0.321 738.593 73020.1 48.7412
200 40 0.331 692.303 72470.8 48.1042
200 40 0.341 662.373 71969.2 48.3245
200 40 0.351 603.576 70588.2 48.6493
200 40 0.361 582.288 69999.8 48.5419
200 40 0.371 544.03 69370 48.9686
200 40 0.381 528.271 69154 48.6095
200 40 0.391 487.906 67989.2 48.3079
200 40 0.401 477.664 68158.3 49.2143
200 40 0.411 441.639 66928.9 49.1023
200 40 0.421 421.957 66648.7 50.3486
200 40 0.431 405.351 66322.4 51.0026
200 40 0.441 385.412 65338.2 51.8279
200 40 0.451 367.466 64800.3 51.4556
200 40 0.461 340.775 64063 50.9079
200 40 0.471 329.322 63421.2 51.7871
200 40 0.481 313.43 63320.4 51.8395
200 40 0.491 303.509 63402.4 54.2655
200 40 0.501 289.887 62611.8 53.0893
200 40 0.511 277.823 61965.3 53.9388
200 40 0.521 264.592 61442.6 54.3433
200 40 0.531 250.504 60897.4 55.4382
200 40 0.541 239.318 60304.6 55.337
200 40 0.551 226.92 59611.2 55.1591
200 40 0.561 217.605 60019 56.5603
200 40 0.571 205.291 59342.6 56.7366
200 40 0.581 201.368 58854.2 57.4349
200 40 0.591 193.323 58216.6 57.7431
200 40 0.601 180.609 57215 58.6475
200 40 0.611 177.82 57389.4 59.6018
200 40 0.621 167.236 56542.3 60.1552
200 40 0.631 161.375 56036 60.0897
200 40 0.641 156.048 55716 61.3826
200 40 0.651 146.312 55230.7 61.2177
200 40 0.661 143.97 54605.3 62.1274
200 40 0.671 137.15 54640.4 62.8052
200 40 0.681 130.488 53682.6 63.5919
200 40 0.691 125.419 53466.5 64.087
200 40 0.701 119.856 52316 64.2048
200 40 0.711 116.003 52035 65.0242
200 40 0.721 110.743 51765.8 65.2572
200 40 0.731 107.019 51035.2 65.9839
200 40 0.741 102.626 50590.2 66.8723
200 40 0.751 99.2885 50976.1 67.028
200 40 0.761 96.6152 50261.4 68.2485
200 40 0.771 92.291 49568.7 68.1668
200 40 0.781 88.6117 49228.1 69.277
200 40 0.791 86.2637 48323.5 69.967
200 40 0.801 82.6573 47826.9 69.8962
200 40 0.811 79.3638 47384 70.2535
200 40 0.821 78.2088 46985.9 71.1424
200 40 0.831 74.652 46040.9 72.1726
200 40 0.841 71.8373 46451.6 72.3268
200 40 0.851 70.286 46158.3 73.3313
200 40 0.861 68.9871 45125.6 73.9331
200 40 0.871 65.0503 44411.5 73.6749
200 40 0.881 64.7925 43862.2 74.8093
200 40 0.891 62.8223 43519.3 75.3994
200 40 0.901 60.9065 42965.4 75.4839
200 40 0.911 59.8715 43131.7 76.1923
200 40 0.921 58.6082 42196.9 76.3614
200 40 0.931 56.7184 41565.7 76.5608
200 40 0.941 55.5701 41186.6 77.2602
200 40 0.951 54.6965 40564.5 77.4368
200 40 0.961 54.0013 40525.5 78.0002
200 40 0.971 52.5168 39492.7 77.9541
200 40 0.981 51.993 38762.5 78.1175
200 40 0.991 50.9755 38305.3 78.095
200 50 0.001 5703.64 128776 132.248
200 50 0.011 5374.48 125631 125.227
200 50 0.021 5167.56 123536 123.256
200 50 0.031 4797.78 120126 114.657
200 50 0.041 4512.43 117320 109.86
200 50 0.051 4310.9 115371 107.061
200 50 0.061 4036.38 112571 101.134
200 50 0.071 3776.74 109907 96.4069
200 50 0.081 3500.11 107391 90.4099
200 50 0.091 3279.5 105149 86.5651
200 50 0.101 3077.04 102826 85.1968
200 50 0.111 2827.74 100409 81.5044
200 50 0.121 2652.82 98418.3 76.1357
200 50 0.131 2504 97278 73.3045
200 50 0.141 2320.5 95040.8 70.02
200 50 0.151 2132.58 93007.9 66.4097
200 50 0.161 2004.19 91538 63.9031
200 50 0.171 1919.8 90784 62.9326
200 50 0.181 1770.05 88892.5 60.8124
200 50 0.191 1671.5 87737.5 60.1881
200 50 0.201 1522.93 85892.2 58.3349
200 50 0.211 1460.36 85243.5 56.0738
200 50 0.221 1351.68 84035.8 54.2293
200 50 0.231 1274.47 82937.2 53.1131
200 50 0.241 1206.86 82219.6 52.8057
200 50 0.251 1120.49 81022.4 51.6884
200 50 0.261 1052.45 80078.7 50.1561
200 50 0.271 991.568 79204.5 50.1015
200 50 0.281 929.956 78201.8 49.3475
200 50 0.291 862.168 77526.2 48.422
200 50 0.301 817.224 76594.6 51.5402
200 50 0.311 764.622 75736.7 49.1074
200 50 0.321 729.203 75396.6 47.8453
200 50 0.331 678.629 74282.6 47.8382
200 50 0.341 642.829 73381.8 47.8525
200 50 0.351 611.043 73297.1 48.789
200 50 0.361 575.863 72274.5 48.2479
200 50 0.371 537.208 71729.3 48.3269
200 50 0.381 513.944 71158.7 47.7537
200 50 0.391 498.874 70648.2 48.0152
200 50 0.401 459.903 69824.5 48.0601
200 50 0.411 452.234 69650.5 49.1791
200 50 0.421 424.244 68749.7 50.2241
200 50 0.431 398.826 68022.2 50.6158
200 50 0.441 373.467 67907.6 50.3262
200 50 0.451 357.028 67689.9 51.1951
200 50 0.461 336.625 66614.7 50.3363
200 50 0.471 327.353 65879.6 52.6696
200 50 0.481 318.8