200 10 0.001 297.372 1.63301e-05
200 10 0.011 251.408 1.62383e-05
200 10 0.021 228.553 1.61721e-05
200 10 0.031 209.236 1.36859e-05
200 10 0.041 236.781 1.011e-05
200 10 0.051 271.131 1.60977e-05
200 10 0.061 204.769 1.59478e-05
200 10 0.071 216.946 1.60144e-05
200 10 0.081 234.494 1.60165e-05
200 10 0.091 241.982 1.5989e-05
200 10 0.101 259.436 1.60256e-05
200 10 0.111 178.692 1.56442e-05
200 10 0.121 188.766 1.58711e-05
200 10 0.131 192.211 1.58273e-05
200 10 0.141 198.856 1.59128e-05
200 10 0.151 207.397 1.42111e-05
200 10 0.161 218.461 1.13448e-05
200 10 0.171 217.544 1.54472e-05
200 10 0.181 218.031 1.53697e-05
200 10 0.191 209.502 1.53957e-05
200 10 0.201 200.836 1.53016e-05
200 10 0.211 166.316 1.5336e-05
200 10 0.221 150.252 1.535e-05
200 10 0.231 145.835 1.52714e-05
200 10 0.241 137.964 1.52804e-05
200 10 0.251 126.628 1.51785e-05
200 10 0.261 120.177 1.51414e-05
200 10 0.271 116.993 1.50503e-05
200 10 0.281 119.645 1.50099e-05
200 10 0.291 116.597 1.49624e-05
200 10 0.301 117.475 1.49855e-05
200 10 0.311 106.25 1.47815e-05
200 10 0.321 102.415 1.47535e-05
200 10 0.331 99.7646 1.4728e-05
200 10 0.341 96.5469 1.47181e-05
200 10 0.351 99.6034 1.42048e-05
200 10 0.361 94.533 9.6306e-06
200 10 0.371 89.7989 9.4141e-06
200 10 0.381 81.4786 8.8731e-06
200 10 0.391 79.048 8.9517e-06
200 10 0.401 76.5776 9.063e-06
200 10 0.411 73.7438 1.14358e-05
200 10 0.421 69.4484 1.4571e-05
200 10 0.431 69.0047 1.4614e-05
200 10 0.441 74.356 1.45153e-05
200 10 0.451 67.5643 1.45872e-05
200 10 0.461 64.2684 1.44322e-05
200 10 0.471 65.3961 1.34027e-05
200 10 0.481 66.6274 8.8811e-06
200 10 0.491 64.4078 9.1049e-06
200 10 0.501 61.7934 1.0027e-05
200 10 0.511 59.9639 1.42177e-05
200 10 0.521 60.6735 1.41363e-05
200 10 0.531 60.3539 1.40781e-05
200 10 0.541 60.5142 1.04117e-05
200 10 0.551 58.3442 8.6351e-06
200 10 0.561 54.107 1.19438e-05
200 10 0.571 56.2732 1.41848e-05
200 10 0.581 56.7673 1.41074e-05
200 10 0.591 53.8279 1.41012e-05
200 10 0.601 56.3139 1.10666e-05
200 10 0.611 51.209 8.3878e-06
200 10 0.621 51.9762 8.3258e-06
200 10 0.631 50.3988 8.6152e-06
200 10 0.641 48.4257 8.332e-06
200 10 0.651 49.7036 8.3634e-06
200 10 0.661 50.1972 8.2788e-06
200 10 0.671 47.7016 8.1998e-06
200 10 0.681 47.6722 8.129e-06
200 10 0.691 48.2305 1.21469e-05
200 10 0.701 51.9967 1.37934e-05
200 10 0.711 51.937 1.38323e-05
200 10 0.721 50.6791 1.38072e-05
200 10 0.731 49.0199 1.38129e-05
200 10 0.741 49.0399 1.36932e-05
200 10 0.751 48.8803 1.06397e-05
200 10 0.761 50.7061 9.0487e-06
200 10 0.771 48.6073 1.38296e-05
200 10 0.781 45.5242 1.38247e-05
200 10 0.791 44.5201 1.37862e-05
200 10 0.801 47.5468 1.38233e-05
200 10 0.811 45.3277 1.35982e-05
200 10 0.821 45.3627 1.37215e-05
200 10 0.831 44.8814 1.36189e-05
200 10 0.841 46.0486 1.36752e-05
200 10 0.851 42.5899 1.35517e-05
200 10 0.861 43.3485 1.36251e-05
200 10 0.871 43.1712 1.35294e-05
200 10 0.881 40.6666 1.34254e-05
200 10 0.891 39.3798 1.32037e-05
200 10 0.901 40.8496 1.33336e-05
200 10 0.911 40.3071 1.3295e-05
200 10 0.921 37.7473 1.31454e-05
200 10 0.931 36.6849 1.21471e-05
200 10 0.941 38.7307 7.9184e-06
200 10 0.951 35.3836 7.8636e-06
200 10 0.961 37.0539 8.4862e-06
200 10 0.971 36.5934 1.27248e-05
200 10 0.981 35.0056 1.28173e-05
200 10 0.991 34.9642 1.27529e-05
200 10 1.001 33.9014 1.27165e-05
200 10 1.011 33.1823 1.26444e-05
200 10 1.021 34.2679 1.26874e-05
200 10 1.031 33.4777 1.05197e-05
200 10 1.041 32.7781 9.38e-06
200 10 1.051 31.9487 1.22593e-05
200 10 1.061 31.4194 1.22241e-05
200 10 1.071 30.8425 1.14383e-05
200 10 1.081 30.3076 7.3833e-06
200 10 1.091 31.1828 7.6792e-06
200 10 1.101 30.3818 1.19986e-05
200 10 1.111 29.2574 9.3143e-06
200 10 1.121 28.5443 1.1837e-05
200 10 1.131 28.2166 1.1826e-05
200 10 1.141 28.0834 1.17906e-05
200 10 1.151 28.0112 1.06839e-05
200 10 1.161 27.0203 1.17868e-05
200 10 1.171 26.5357 1.17527e-05
200 10 1.181 26.5178 1.16405e-05
200 10 1.191 25.9349 1.17541e-05
200 10 1.201 24.7941 1.15248e-05
200 10 1.211 24.9063 1.15395e-05
200 10 1.221 24.4935 1.14662e-05
200 10 1.231 24.8588 1.13629e-05
200 10 1.241 24.1094 1.13828e-05
200 10 1.251 31.8021 1.25216e-05
200 10 1.261 33.6939 9.1696e-06
200 10 1.271 32.2835 1.13664e-05
200 10 1.281 30.614 1.2322e-05
200 10 1.291 31.9753 1.23631e-05
200 10 1.301 31.6576 1.23251e-05
200 10 1.311 31.341 1.23928e-05
200 10 1.321 30.4046 1.2343e-05
200 10 1.331 30.7857 1.24081e-05
200 10 1.341 29.7077 1.23293e-05
200 10 1.351 30.5126 1.21905e-05
200 10 1.361 29.1762 1.19733e-05
200 10 1.371 28.6785 1.19739e-05
200 10 1.381 28.9715 1.13574e-05
200 10 1.391 28.5753 1.06295e-05
200 10 1.401 28.8394 1.19619e-05
200 10 1.411 28.4613 1.19779e-05
200 10 1.421 28.1268 1.18588e-05
200 10 1.431 27.6234 1.17446e-05
200 10 1.441 26.9072 1.16812e-05
200 10 1.451 26.9632 1.16977e-05
200 10 1.461 26.0832 1.16202e-05
200 10 1.471 26.0273 1.16722e-05
200 10 1.481 25.7093 7.7094e-06
200 10 1.491 25.3585 7.0375e-06
200 10 1.501 24.9791 8.2859e-06
200 10 1.511 24.6297 1.01804e-05
200 10 1.521 23.6336 8.8222e-06
200 10 1.531 25.4465 1.12478e-05
200 10 1.541 24.3582 1.11709e-05
200 10 1.551 23.68 1.11562e-05
200 10 1.561 23.0112 1.09482e-05
200 10 1.571 23.0677 1.09481e-05
200 10 1.581 23.2335 1.10528e-05
200 10 1.591 22.7126 1.09081e-05
200 10 1.601 22.8134 1.09926e-05
200 10 1.611 21.9025 1.08179e-05
200 10 1.621 21.0269 1.07336e-05
200 10 1.631 20.9511 8.891e-06
200 10 1.641 20.9018 1.07662e-05
200 10 1.651 21.1809 1.06807e-05
200 10 1.661 21.0104 1.04393e-05
200 10 1.671 20.7012 6.8569e-06
200 10 1.681 19.7705 6.3162e-06
200 10 1.691 20.1446 8.3795e-06
200 10 1.701 20.1484 1.0383e-05
200 10 1.711 19.4593 1.03288e-05
200 10 1.721 19.7363 1.01688e-05
200 10 1.731 18.8864 8.5382e-06
200 10 1.741 18.6724 6.2239e-06
200 10 1.751 18.6956 7.6253e-06
200 10 1.761 18.2629 9.7954e-06
200 10 1.771 18.6604 7.6984e-06
200 10 1.781 17.6774 1.00637e-05
200 10 1.791 17.5583 9.7552e-06
200 10 1.801 17.1383 9.6044e-06
200 10 1.811 17.6319 9.5236e-06
200 10 1.821 17.3483 8.9527e-06
200 10 1.831 17.0212 9.3553e-06
200 10 1.841 16.9177 8.5987e-06
200 10 1.851 16.2375 7.9762e-06
200 10 1.861 16.6007 6.3712e-06
200 10 1.871 16.3819 5.7346e-06
200 10 1.881 16.2651 5.6556e-06
200 10 1.891 15.8168 8.8461e-06
200 10 1.901 15.8267 8.903e-06
200 10 1.911 15.3164 8.9751e-06
200 10 1.921 15.1602 8.1647e-06
200 10 1.931 15.0644 6.6324e-06
200 10 1.941 15.0385 8.9065e-06
200 10 1.951 14.7615 8.864e-06
200 10 1.961 14.8185 8.7713e-06
200 10 1.971 14.318 8.3442e-06
200 10 1.981 14.3168 8.348e-06
200 10 1.991 14.4204 8.3635e-06
200 10 2.001 14.1245 8.2232e-06
200 10 2.011 13.9305 8.2386e-06
200 10 2.021 13.9559 8.0178e-06
200 10 2.031 13.7902 8.0896e-06
200 10 2.041 13.7392 8.0077e-06
200 10 2.051 13.4366 7.9276e-06
200 10 2.061 13.3825 7.9036e-06
200 10 2.071 13.2859 7.8083e-06
200 10 2.081 13.0837 7.6857e-06
200 10 2.091 13.0997 7.4941e-06
200 10 2.101 12.8916 7.5085e-06
200 10 2.111 12.5774 7.4221e-06
200 10 2.121 12.625 7.4688e-06
200 10 2.131 16.4559 7.7728e-06
200 10 2.141 16.6058 5.7036e-06
200 10 2.151 15.9726 7.6472e-06
200 10 2.161 16.1486 9.5501e-06
200 10 2.171 15.7719 9.1952e-06
200 10 2.181 16.0694 8.9932e-06
200 10 2.191 15.545 8.7654e-06
200 10 2.201 15.3204 8.8288e-06
200 10 2.211 15.1581 5.6559e-06
200 10 2.221 15.0142 5.3931e-06
200 10 2.231 17.1364 5.7002e-06
200 10 2.241 16.9925 7.0238e-06
200 10 2.251 16.7561 9.3876e-06
200 10 2.261 16.7899 9.4447e-06
200 10 2.271 16.6767 9.2316e-06
200 10 2.281 16.6714 6.493e-06
200 10 2.291 16.6262 7.4426e-06
200 10 2.301 16.0446 9.1382e-06
200 10 2.311 16.3251 9.0684e-06
200 10 2.321 15.8384 9.0855e-06
200 10 2.331 16.2075 6.1173e-06
200 10 2.341 16.52 8.2839e-06
200 10 2.351 16.0552 9.1185e-06
200 10 2.361 15.8866 9.0997e-06
200 10 2.371 15.7094 9.0661e-06
200 10 2.381 15.7796 8.984e-06
200 10 2.391 15.7854 8.9999e-06
200 10 2.401 15.2124 8.8293e-06
200 10 2.411 15.2834 8.8612e-06
200 10 2.421 15.2225 8.851e-06
200 10 2.431 15.0163 8.7047e-06
200 10 2.441 15.0888 8.7677e-06
200 10 2.451 15.0174 8.7845e-06
200 10 2.461 14.7795 7.126e-06
200 10 2.471 14.7673 6.4983e-06
200 10 2.481 14.6517 7.0117e-06
200 10 2.491 14.6275 8.5904e-06
200 10 2.501 14.5255 8.2474e-06
200 10 2.511 14.3676 8.2667e-06
200 10 2.521 14.2637 8.3616e-06
200 10 2.531 14.1136 8.0107e-06
200 10 2.541 13.8176 5.0605e-06
200 10 2.551 13.8795 5.8065e-06
200 10 2.561 13.8061 5.4408e-06
200 10 2.571 13.7541 7.6672e-06
200 10 2.581 13.5577 8.1896e-06
200 10 2.591 13.5997 8.0859e-06
200 10 2.601 13.2955 8.1403e-06
200 10 2.611 13.4208 8.0126e-06
200 10 2.621 13.2865 7.9279e-06
200 10 2.631 13.1972 7.9557e-06
200 10 2.641 13.0935 6.6548e-06
200 10 2.651 13.1925 6.282e-06
200 10 2.661 13.0801 7.5239e-06
200 10 2.671 12.8974 7.4123e-06
200 10 2.681 13.0262 7.3971e-06
200 10 2.691 12.688 7.354e-06
200 10 2.701 12.8014 7.2482e-06
200 10 2.711 12.6854 7.4777e-06
200 10 2.721 12.3567 5.4355e-06
200 10 2.731 12.3099 4.7204e-06
200 10 2.741 12.3829 4.4934e-06
200 10 2.751 12.1853 5.7884e-06
200 10 2.761 12.2387 7.0611e-06
200 10 2.771 12.1628 7.1143e-06
200 10 2.781 12.2506 7.1382e-06
200 10 2.791 12.0896 7.0352e-06
200 10 2.801 12.0507 6.8808e-06
200 10 2.811 11.8792 6.8709e-06
200 10 2.821 11.8626 6.7571e-06
200 10 2.831 11.8588 6.7554e-06
200 10 2.841 11.7328 6.7608e-06
200 10 2.851 11.5901 6.6427e-06
200 10 2.861 11.5154 6.6445e-06
200 10 2.871 11.5993 6.5086e-06
200 10 2.881 11.5365 6.5651e-06
200 10 2.891 11.4589 6.345e-06
200 10 2.901 11.344 6.339e-06
200 10 2.911 11.3762 6.2805e-06
200 10 2.921 11.2172 6.2809e-06
200 10 2.931 11.1578 6.0108e-06
200 10 2.941 11.1554 5.3592e-06
200 10 2.951 11.0893 3.7113e-06
200 10 2.961 11.0472 4.3946e-06
200 10 2.971 10.9744 5.8823e-06
200 10 2.981 10.9998 5.7384e-06
200 10 2.991 12.1045 6.9506e-06
200 10 3.001 12.1293 7.0195e-06
200 10 3.011 12.0589 6.8773e-06
200 10 3.021 11.9307 6.9649e-06
200 10 3.031 11.7739 6.6673e-06
200 10 3.041 12.0246 6.8392e-06
200 10 3.051 11.7646 6.6905e-06
200 10 3.061 11.8807 6.6918e-06
200 10 3.071 11.7074 6.6441e-06
200 10 3.081 11.6256 6.5015e-06
200 10 3.091 12.1666 6.9544e-06
200 10 3.101 12.0933 7.0441e-06
200 10 3.111 12.1214 6.9537e-06
200 10 3.121 12.0177 6.9354e-06
200 10 3.131 12.0379 6.9771e-06
200 10 3.141 11.9978 6.8102e-06
200 10 3.151 12.0263 6.7714e-06
200 10 3.161 11.9232 6.5744e-06
200 10 3.171 11.9181 5.7122e-06
200 10 3.181 11.8149 6.7304e-06
200 10 3.191 12.0015 4.1773e-06
200 10 3.201 11.7866 4.2745e-06
200 10 3.211 11.7914 4.0913e-06
200 10 3.221 11.77 4.1514e-06
200 10 3.231 11.7103 4.5119e-06
200 10 3.241 11.6447 4.0823e-06
200 10 3.251 11.606 4.1181e-06
200 10 3.261 11.6029 5.8055e-06
200 10 3.271 11.5579 6.3484e-06
200 10 3.281 11.5035 6.4226e-06
200 10 3.291 11.5975 6.18e-06
200 10 3.301 11.464 4.192e-06
200 10 3.311 11.4737 3.9666e-06
200 10 3.321 11.3304 3.9162e-06
200 10 3.331 11.421 3.8406e-06
200 10 3.341 11.3956 3.8924e-06
200 10 3.351 11.2672 4.5452e-06
200 10 3.361 11.3231 5.4187e-06
200 10 3.371 11.292 4.1193e-06
200 10 3.381 11.1571 3.6945e-06
200 10 3.391 11.2201 4.0935e-06
200 10 3.401 11.071 6.0488e-06
200 10 3.411 11.0612 6.0357e-06
200 10 3.421 11.0079 6.0001e-06
200 10 3.431 11.0556 5.549e-06
200 10 3.441 11.0311 5.1996e-06
200 10 3.451 10.9207 5.6125e-06
200 10 3.461 10.9723 5.5064e-06
200 10 3.471 10.8681 5.436e-06
200 10 3.481 10.8848 5.3482e-06
200 10 3.491 10.8587 5.3775e-06
200 10 3.501 10.8585 5.274e-06
200 10 3.511 10.7828 5.2935e-06
200 10 3.521 10.8221 5.2349e-06
200 10 3.531 10.7243 5.167e-06
200 10 3.541 10.7512 5.1698e-06
200 10 3.551 10.744 5.1471e-06
200 10 3.561 10.7087 3.3259e-06
200 10 3.571 10.6579 4.0632e-06
200 10 3.581 10.6871 4.9502e-06
200 10 3.591 10.573 4.7822e-06
200 10 3.601 10.6284 4.7564e-06
200 10 3.611 10.5739 4.7546e-06
200 10 3.621 10.5752 4.6143e-06
200 10 3.631 10.5364 4.7994e-06
200 10 3.641 10.4682 4.5972e-06
200 10 3.651 10.5183 4.5215e-06
200 10 3.661 10.4305 4.4205e-06
200 10 3.671 10.4505 3.7699e-06
200 10 3.681 10.3751 3.6501e-06
200 10 3.691 10.3883 4.3179e-06
200 10 3.701 10.4064 4.3025e-06
200 10 3.711 10.3464 4.1724e-06
200 10 3.721 10.3734 4.1482e-06
200 10 3.731 10.7118 5.0258e-06
200 10 3.741 10.6931 4.8879e-06
200 10 3.751 10.6561 4.871e-06
200 10 3.761 10.6667 4.706e-06
200 10 3.771 10.6042 4.8482e-06
200 10 3.781 10.6313 4.7444e-06
200 10 3.791 10.6147 4.6832e-06
200 10 3.801 10.5784 4.6278e-06
200 10 3.811 10.5576 4.5798e-06
200 10 3.821 10.4703 4.4182e-06
200 10 3.831 10.528 4.5095e-06
200 10 3.841 10.4893 4.3978e-06
200 10 3.851 10.4679 4.3231e-06
200 10 3.861 10.6206 4.3417e-06
200 10 3.871 10.5877 3.0606e-06
200 10 3.881 10.5965 4.6486e-06
200 10 3.891 10.5878 4.9261e-06
200 10 3.901 10.5508 4.8574e-06
200 10 3.911 10.5538 4.971e-06
200 10 3.921 10.5453 3.016e-06
200 10 3.931 10.5704 3.5978e-06
200 10 3.941 10.6143 4.6715e-06
200 10 3.951 10.4853 3.1685e-06
200 10 3.961 10.4464 3.9578e-06
200 10 3.971 10.4943 4.4119e-06
200 10 3.981 10.4774 4.3913e-06
200 10 3.991 10.4811 4.435e-06
200 10 4.001 10.4845 4.3063e-06
200 10 4.011 10.5016 4.1613e-06
200 10 4.021 10.4224 3.2227e-06
200 10 4.031 10.3979 4.1542e-06
200 10 4.041 10.4131 4.2166e-06
200 10 4.051 10.3554 4.0607e-06
200 10 4.061 10.394 4.1804e-06
200 10 4.071 10.3936 4.0551e-06
200 10 4.081 10.415 4.1512e-06
200 10 4.091 10.2951 3.9332e-06
200 10 4.101 10.3529 2.8627e-06
200 10 4.111 10.3167 3.3077e-06
200 10 4.121 10.314 2.6507e-06
200 10 4.131 10.3326 2.675e-06
200 10 4.141 10.3098 2.6004e-06
200 10 4.151 10.2489 2.5763e-06
200 10 4.161 10.2353 3.3353e-06
200 10 4.171 10.2081 3.7048e-06
200 10 4.181 10.2445 3.6515e-06
200 10 4.191 10.2297 3.6531e-06
200 10 4.201 10.187 2.9829e-06
200 10 4.211 10.1865 2.4238e-06
200 10 4.221 10.1772 3.3482e-06
200 10 4.231 10.1798 3.4879e-06
200 10 4.241 10.1867 2.9943e-06
200 10 4.251 10.1611 3.4827e-06
200 10 4.261 10.1271 3.4212e-06
200 10 4.271 10.12 3.2806e-06
200 10 4.281 10.1293 3.309e-06
200 10 4.291 10.0899 3.1228e-06
200 10 4.301 10.0877 2.0975e-06
200 10 4.311 10.08 2.1333e-06
200 10 4.321 10.0735 2.0514e-06
200 10 4.331 10.0567 3.0363e-06
200 10 4.341 10.0499 2.9527e-06
200 10 4.351 10.0602 2.9246e-06
200 10 4.361 10.029 2.9255e-06
200 10 4.371 10.0526 2.9077e-06
200 10 4.381 10.159 3.5402e-06
200 10 4.391 10.1546 3.4708e-06
200 10 4.401 10.1672 3.4521e-06
200 10 4.411 10.1718 2.6961e-06
200 10 4.421 10.1399 2.2912e-06
200 10 4.431 10.1227 2.215e-06
200 10 4.441 10.1007 2.1803e-06
200 10 4.451 10.084 2.4696e-06
200 10 4.461 10.075 2.1245e-06
200 10 4.471 10.096 2.1083e-06
200 10 4.481 10.0812 2.1203e-06
200 10 4.491 10.0649 2.5895e-06
200 10 4.501 10.0383 2.9899e-06
200 10 4.511 10.0757 3.0172e-06
200 10 4.521 10.0918 2.7555e-06
200 10 4.531 10.0314 2.0158e-06
200 10 4.541 10.0985 2.7758e-06
200 10 4.551 10.0941 3.0989e-06
200 10 4.561 10.083 2.9583e-06
200 10 4.571 10.1155 3.0515e-06
200 10 4.581 10.0887 3.0898e-06
200 10 4.591 10.039 2.4288e-06
200 10 4.601 10.0448 2.4715e-06
200 10 4.611 10.0641 2.8969e-06
200 10 4.621 10.0796 3.0161e-06
200 10 4.631 10.0701 3.0196e-06
200 10 4.641 10.0437 2.9338e-06
200 10 4.651 10.0268 2.9374e-06
200 10 4.661 10.036 2.8973e-06
200 10 4.671 10.0533 2.8733e-06
200 10 4.681 10.034 2.927e-06
200 10 4.691 10.0158 2.6741e-06
200 10 4.701 10.0181 2.7384e-06
200 10 4.711 10.0351 2.6813e-06
200 10 4.721 10.039 2.5887e-06
200 10 4.731 10.008 2.6389e-06
200 10 4.741 10.0118 2.5773e-06
200 10 4.751 9.9831 2.6201e-06
200 10 4.761 9.9775 2.5935e-06
200 10 4.771 9.9759 2.5294e-06
200 10 4.781 10.0068 2.3189e-06
200 10 4.791 9.9683 2.3646e-06
200 10 4.801 9.9697 2.4042e-06
200 10 4.811 9.9608 2.3978e-06
200 10 4.821 9.9609 2.3171e-06
200 10 4.831 9.9383 2.3026e-06
200 10 4.841 9.9705 2.2893e-06
200 10 4.851 9.9393 2.1807e-06
200 10 4.861 9.9492 2.1422e-06
200 10 4.871 9.9137 2.0933e-06
200 10 4.881 9.9266 2.0713e-06
200 10 4.891 9.922 1.9869e-06
200 10 4.901 9.9403 1.6936e-06
200 10 4.911 9.9033 1.5416e-06
200 10 4.921 9.9232 1.859e-06
200 10 4.931 9.9334 1.8858e-06
200 10 4.941 9.9618 2.1969e-06
200 10 4.951 9.972 2.3101e-06
200 10 4.961 9.9552 2.2786e-06
200 10 4.971 9.9733 2.201e-06
200 10 4.981 9.9277 2.1652e-06
200 10 4.991 9.9384 2.1248e-06
200 10 5.001 9.9118 2.0604e-06
200 10 5.011 9.9208 2.1234e-06
200 10 5.021 9.9182 2.16e-06
200 10 5.031 9.9276 2.0333e-06
200 10 5.041 9.9477 2.0471e-06
200 10 5.051 9.9242 2.0103e-06
200 10 5.061 9.907 1.8983e-06
200 10 5.071 9.9121 1.9488e-06
200 10 5.081 9.9162 1.8394e-06
200 10 5.091 9.9016 1.8658e-06
200 10 5.101 9.8988 1.8136e-06
200 10 5.111 9.8998 1.8334e-06
200 10 5.121 9.9106 1.7881e-06
200 10 5.131 9.8526 1.7015e-06
200 10 5.141 9.9116 1.8613e-06
200 10 5.151 9.8904 1.5269e-06
200 10 5.161 9.9057 1.6483e-06
200 10 5.171 9.9006 1.7982e-06
200 10 5.181 9.8945 1.6708e-06
200 10 5.191 9.8926 1.7158e-06
200 10 5.201 9.9197 1.2688e-06
200 10 5.211 9.8856 1.4191e-06
200 10 5.221 9.8884 1.5779e-06
200 10 5.231 9.8715 1.7233e-06
200 10 5.241 9.8671 1.8288e-06
200 10 5.251 9.8775 1.7478e-06
200 10 5.261 9.8838 1.7861e-06
200 10 5.271 9.8857 1.7181e-06
200 10 5.281 9.8708 1.7012e-06
200 10 5.291 9.9164 1.7375e-06
200 10 5.301 9.8762 1.6594e-06
200 10 5.311 9.8557 1.6702e-06
200 10 5.321 9.8558 1.617e-06
200 10 5.331 9.8421 1.6475e-06
200 10 5.341 9.8827 1.633e-06
200 10 5.351 9.8831 1.6155e-06
200 10 5.361 9.879 1.6064e-06
200 10 5.371 9.8818 1.5993e-06
200 10 5.381 9.8763 1.5725e-06
200 10 5.391 9.8722 1.5409e-06
200 10 5.401 9.8712 1.5802e-06
200 10 5.411 9.8561 1.5548e-06
200 10 5.421 9.876 1.589e-06
200 10 5.431 9.8779 1.5401e-06
200 10 5.441 9.8767 1.5474e-06
200 10 5.451 9.8621 1.5811e-06
200 10 5.461 9.8615 1.3586e-06
200 10 5.471 9.8528 1.1818e-06
200 10 5.481 9.8473 1.4353e-06
200 10 5.491 9.8587 1.4195e-06
200 10 5.501 9.8697 1.4137e-06
200 10 5.511 9.8728 1.4317e-06
200 10 5.521 9.8621 1.429e-06
200 10 5.531 9.8443 1.4184e-06
200 10 5.541 9.8468 1.3783e-06
200 10 5.551 9.8491 1.2491e-06
200 10 5.561 9.8753 1.1227e-06
200 10 5.571 9.863 1.1074e-06
200 10 5.581 9.8432 1.5138e-06
200 10 5.591 9.8547 1.4773e-06
200 10 5.601 9.8627 1.4603e-06
200 10 5.611 9.8344 1.4961e-06
200 10 5.621 9.8609 1.4327e-06
200 10 5.631 9.8789 1.4884e-06
200 10 5.641 9.8672 1.4397e-06
200 10 5.651 9.8456 1.4652e-06
200 10 5.661 9.877 1.4348e-06
200 10 5.671 9.8643 1.4444e-06
200 10 5.681 9.8472 1.4545e-06
200 10 5.691 9.8779 1.4582e-06
200 10 5.701 9.8557 1.448e-06
200 10 5.711 9.8472 1.4643e-06
200 10 5.721 9.8515 1.4325e-06
200 10 5.731 9.85 1.4187e-06
200 10 5.741 9.8551 1.428e-06
200 10 5.751 9.8567 1.4549e-06
200 10 5.761 9.8739 1.2476e-06
200 10 5.771 9.8474 1.3227e-06
200 10 5.781 9.8525 1.3097e-06
200 10 5.791 9.8574 1.3096e-06
200 10 5.801 9.8385 1.3444e-06
200 10 5.811 9.8442 1.3236e-06
200 10 5.821 9.8486 1.2813e-06
200 10 5.831 9.844 1.2806e-06
200 10 5.841 9.8684 1.3233e-06
200 10 5.851 9.8644 1.2979e-06
200 10 5.861 9.8714 1.2417e-06
200 10 5.871 9.8568 1.2467e-06
200 10 5.881 9.8443 1.2485e-06
200 10 5.891 9.8642 9.869e-07
200 10 5.901 9.8447 1.0228e-06
200 10 5.911 9.8571 9.903e-07
200 10 5.921 9.8333 9.317e-07
200 10 5.931 9.8684 9.553e-07
200 10 5.941 9.8311 9.183e-07
200 10 5.951 9.8472 8.891e-07
200 20 0.001 644.297 1.05718e-05
200 20 0.011 575.477 1.19462e-05
200 20 0.021 569.806 1.04077e-05
200 20 0.031 509.745 1.01352e-05
200 20 0.041 532.863 1.02179e-05
200 20 0.051 605.637 1.03072e-05
200 20 0.061 484.521 1.00564e-05
200 20 0.071 482.239 1.02475e-05
200 20 0.081 501.409 1.21145e-05
200 20 0.091 546.321 1.67893e-05
200 20 0.101 548.723 1.67393e-05
200 20 0.111 445.515 1.64664e-05
200 20 0.121 423.514 1.65071e-05
200 20 0.131 439.486 1.65233e-05
200 20 0.141 443.896 1.65245e-05
200 20 0.151 447.667 1.64954e-05
200 20 0.161 479.65 1.65004e-05
200 20 0.171 466.028 1.64535e-05
200 20 0.181 462.264 1.66908e-05
200 20 0.191 423.875 1.65599e-05
200 20 0.201 407.713 1.64494e-05
200 20 0.211 357.518 1.27933e-05
200 20 0.221 349.984 9.9561e-06
200 20 0.231 328.126 9.9311e-06
200 20 0.241 317.338 9.8816e-06
200 20 0.251 299.887 9.8048e-06
200 20 0.261 285.757 1.4771e-05
200 20 0.271 271.317 1.62334e-05
200 20 0.281 266.028 1.61811e-05
200 20 0.291 254.584 1.2467e-05
200 20 0.301 247.009 1.59758e-05
200 20 0.311 241.937 1.5971e-05
200 20 0.321 237.725 1.18832e-05
200 20 0.331 218.214 1.57921e-05
200 20 0.341 214.817 1.57449e-05
200 20 0.351 214.6 1.57046e-05
200 20 0.361 209.345 1.55843e-05
200 20 0.371 204.763 1.55381e-05
200 20 0.381 194.087 1.56782e-05
200 20 0.391 187.639 1.57004e-05
200 20 0.401 180.772 1.5678e-05
200 20 0.411 178.14 1.56627e-05
200 20 0.421 182.426 1.56363e-05
200 20 0.431 174.921 9.4647e-06
200 20 0.441 169.439 1.2925e-05
200 20 0.451 165.481 1.21188e-05
200 20 0.461 161.085 1.02756e-05
200 20 0.471 156.597 1.50588e-05
200 20 0.481 154.573 1.50522e-05
200 20 0.491 151.793 1.49638e-05
200 20 0.501 150.682 1.49453e-05
200 20 0.511 145.992 1.51221e-05
200 20 0.521 139.937 1.51905e-05
200 20 0.531 135.355 1.51791e-05
200 20 0.541 136.201 1.50801e-05
200 20 0.551 132.648 1.49789e-05
200 20 0.561 129.234 1.26409e-05
200 20 0.571 126.031 9.0419e-06
200 20 0.581 126.263 1.27938e-05
200 20 0.591 121.492 1.26609e-05
200 20 0.601 118.064 1.28692e-05
200 20 0.611 114.852 1.43316e-05
200 20 0.621 115.549 1.42611e-05
200 20 0.631 110.875 1.42366e-05
200 20 0.641 110.226 1.42342e-05
200 20 0.651 107.086 1.42397e-05
200 20 0.661 102.76 8.7033e-06
200 20 0.671 101.173 1.37256e-05
200 20 0.681 100.318 1.22251e-05
200 20 0.691 121.135 8.8209e-06
200 20 0.701 119.458 8.7225e-06
200 20 0.711 117.588 9.148e-06
200 20 0.721 115.915 1.46577e-05
200 20 0.731 113.536 1.46561e-05
200 20 0.741 112.369 1.45634e-05
200 20 0.751 110.839 1.4586e-05
200 20 0.761 108.945 1.46218e-05
200 20 0.771 108.397 1.45789e-05
200 20 0.781 103.172 1.45379e-05
200 20 0.791 102.287 1.44506e-05
200 20 0.801 99.9328 1.43501e-05
200 20 0.811 102.031 1.42949e-05
200 20 0.821 99.4158 1.4269e-05
200 20 0.831 94.1321 1.41224e-05
200 20 0.841 96.2521 1.41183e-05
200 20 0.851 95.5798 1.41244e-05
200 20 0.861 91.3557 1.3936e-05
200 20 0.871 87.7475 1.3993e-05
200 20 0.881 87.7613 1.40386e-05
200 20 0.891 85.5926 1.38715e-05
200 20 0.901 83.8539 1.38963e-05
200 20 0.911 83.704 1.38875e-05
200 20 0.921 80.4557 1.37065e-05
200 20 0.931 80.654 1.37204e-05
200 20 0.941 78.6766 1.36352e-05
200 20 0.951 77.6211 1.37631e-05
200 20 0.961 77.0064 1.36418e-05
200 20 0.971 73.7139 1.34631e-05
200 20 0.981 73.0686 1.34771e-05
200 20 0.991 71.3783 1.33395e-05
200 20 1.001 68.9497 1.33113e-05
200 20 1.011 68.3707 1.341e-05
200 20 1.021 67.3471 1.17689e-05
200 20 1.031 65.1411 9.3641e-06
200 20 1.041 65.6267 1.25416e-05
200 20 1.051 65.061 7.8742e-06
200 20 1.061 61.2434 1.08912e-05
200 20 1.071 60.2996 1.28244e-05
200 20 1.081 59.7304 1.27513e-05
200 20 1.091 59.1356 1.27278e-05
200 20 1.101 57.0486 1.27601e-05
200 20 1.111 56.7139 1.27935e-05
200 20 1.121 56.7324 1.25677e-05
200 20 1.131 54.0939 1.24932e-05
200 20 1.141 53.2938 1.25299e-05
200 20 1.151 53.2124 1.22629e-05
200 20 1.161 51.3566 1.2334e-05
200 20 1.171 50.7245 1.21951e-05
200 20 1.181 49.118 9.7524e-06
200 20 1.191 48.3489 1.0681e-05
200 20 1.201 48.5467 1.18302e-05
200 20 1.211 47.2668 1.11656e-05
200 20 1.221 46.26 9.6928e-06
200 20 1.231 45.9428 1.20646e-05
200 20 1.241 44.6292 9.576e-06
200 20 1.251 65.5908 7.8463e-06
200 20 1.261 63.5888 7.7656e-06
200 20 1.271 64.8687 8.9376e-06
200 20 1.281 62.2503 1.30099e-05
200 20 1.291 61.1898 1.29606e-05
200 20 1.301 62.2089 1.28936e-05
200 20 1.311 60.8671 1.28313e-05
200 20 1.321 60.0741 1.30042e-05
200 20 1.331 59.4239 1.28811e-05
200 20 1.341 58.4365 1.26192e-05
200 20 1.351 57.2097 1.27454e-05
200 20 1.361 57.2056 1.26765e-05
200 20 1.371 57.326 1.2733e-05
200 20 1.381 55.4276 1.26114e-05
200 20 1.391 54.3469 1.26544e-05
200 20 1.401 54.9549 1.2423e-05
200 20 1.411 52.9243 1.02676e-05
200 20 1.421 52.3344 8.0988e-06
200 20 1.431 51.1492 1.04343e-05
200 20 1.441 51.332 1.22731e-05
200 20 1.451 49.4832 1.21767e-05
200 20 1.461 50.5902 1.21793e-05
200 20 1.471 49.3571 8.0714e-06
200 20 1.481 48.4395 1.19593e-05
200 20 1.491 47.7885 1.08998e-05
200 20 1.501 46.9138 1.17115e-05
200 20 1.511 46.0174 1.15541e-05
200 20 1.521 45.1229 8.6758e-06
200 20 1.531 44.3218 8.4962e-06
200 20 1.541 45.1495 1.10732e-05
200 20 1.551 43.585 1.144e-05
200 20 1.561 42.1119 1.00442e-05
200 20 1.571 42.1793 8.3624e-06
200 20 1.581 41.6964 8.3943e-06
200 20 1.591 41.8211 7.1111e-06
200 20 1.601 41.1577 8.1857e-06
200 20 1.611 40.5856 9.3717e-06
200 20 1.621 40.3048 1.11462e-05
200 20 1.631 39.2603 1.09917e-05
200 20 1.641 38.8732 1.09524e-05
200 20 1.651 38.4251 1.10603e-05
200 20 1.661 38.6228 1.08755e-05
200 20 1.671 37.0508 1.07044e-05
200 20 1.681 36.1865 1.06525e-05
200 20 1.691 36.7097 1.06594e-05
200 20 1.701 35.1398 1.04989e-05
200 20 1.711 35.8013 1