200 10 0.001 306.409 68352.7 8.9497
200 10 0.011 235.827 67526.7 8.4429
200 10 0.021 242.596 67479.8 8.6868
200 10 0.031 210.762 67079.6 7.7809
200 10 0.041 236.088 67189.9 8.7467
200 10 0.051 278.106 67651.7 9.427
200 10 0.061 205.287 66745.8 8.0971
200 10 0.071 202.572 66614.3 8.5949
200 10 0.081 228.354 66826.4 9.1274
200 10 0.091 261.098 66906.2 9.8931
200 10 0.101 258.034 66875.7 9.9812
200 10 0.111 187.601 66096.1 7.732
200 10 0.121 190.123 65888.2 9.2363
200 10 0.131 190.446 65766.3 9.2447
200 10 0.141 201.97 65828.1 9.6034
200 10 0.151 213.586 65814.8 10.0931
200 10 0.161 218.034 65562.3 10.4952
200 10 0.171 216.849 65624.5 10.634
200 10 0.181 215.674 65357.9 10.8142
200 10 0.191 204.73 64948.5 11.0552
200 10 0.201 194.263 64834.5 10.261
200 10 0.211 159.277 64659.5 7.4704
200 10 0.221 155.98 64587.2 7.7563
200 10 0.231 145.658 64432.1 8.5455
200 10 0.241 136.44 64192.4 8.2397
200 10 0.251 124.377 63826.2 8.0782
200 10 0.261 120.628 63529.1 8.3951
200 10 0.271 124.199 63451.6 8.5707
200 10 0.281 115.064 63218.3 8.4721
200 10 0.291 114.303 63097.7 8.523
200 10 0.301 107.014 62590.6 8.5325
200 10 0.311 105.202 62297.6 8.5318
200 10 0.321 103 62432 8.503
200 10 0.331 97.4703 62016 8.5396
200 10 0.341 96.5933 61914.1 8.6367
200 10 0.351 94.8333 61709.3 8.4648
200 10 0.361 94.0716 61722.1 8.4451
200 10 0.371 89.2661 61216.3 8.2793
200 10 0.381 75.6458 62136 6.8281
200 10 0.391 75.7299 61751.4 7.2902
200 10 0.401 79.3053 61808.4 7.7056
200 10 0.411 75.9153 61780.2 7.0015
200 10 0.421 70.8977 61255.1 7.0421
200 10 0.431 70.8147 61285.9 7.1506
200 10 0.441 71.5159 61023.6 7.5641
200 10 0.451 68.6938 60941.8 7.9377
200 10 0.461 66.8121 60194.7 7.8562
200 10 0.471 67.3647 60471.1 8.0039
200 10 0.481 67.6771 60589.6 8.0541
200 10 0.491 61.4389 60164.6 8.0117
200 10 0.501 61.205 60105.2 9.34
200 10 0.511 61.0982 59624 9.6086
200 10 0.521 62.2162 59522.1 9.6032
200 10 0.531 59.8158 59262 9.7722
200 10 0.541 57.6389 58811.6 9.0813
200 10 0.551 59.8942 59198.5 8.2271
200 10 0.561 55.5811 58508.1 8.085
200 10 0.571 53.9077 58255.6 8.1069
200 10 0.581 55.1862 57975.8 8.1739
200 10 0.591 53.4853 57903.4 8.1816
200 10 0.601 53.94 57887.1 8.3052
200 10 0.611 52.0909 57280.2 8.5132
200 10 0.621 51.6028 57237.7 8.1611
200 10 0.631 53.11 56913.9 8.465
200 10 0.641 50.3035 56743.3 8.9742
200 10 0.651 48.2998 56409.6 8.9028
200 10 0.661 47.5091 56217.9 8.6189
200 10 0.671 49.2416 55688.3 8.5565
200 10 0.681 45.2197 55714.6 8.5374
200 10 0.691 53.1731 57949.6 7.7171
200 10 0.701 49.4469 57791.5 7.8187
200 10 0.711 49.9324 58132.6 8.1412
200 10 0.721 50.8063 57375 8.3967
200 10 0.731 51.7859 57512.3 8.3071
200 10 0.741 48.9167 57182 8.2491
200 10 0.751 48.2431 57035 8.4614
200 10 0.761 49.1538 56899.3 8.6832
200 10 0.771 45.5886 56235 8.4861
200 10 0.781 48.6664 56624.9 9.2727
200 10 0.791 47.4582 56165.7 8.5851
200 10 0.801 46.6084 56282.8 8.1258
200 10 0.811 44.9438 55901 8.2104
200 10 0.821 44.9083 55815.6 8.2155
200 10 0.831 44.996 55812.5 8.2884
200 10 0.841 44.0329 55554.5 8.2409
200 10 0.851 44.1096 55054.4 8.5872
200 10 0.861 43.296 54835 8.4525
200 10 0.871 41.7221 54776 8.451
200 10 0.881 41.6193 54751.5 9.2538
200 10 0.891 42.1847 54468 8.8091
200 10 0.901 40.0067 54090.5 9.0673
200 10 0.911 39.0515 53967.9 9.7374
200 10 0.921 40.9658 53953.2 9.186
200 10 0.931 38.3041 53352.8 9.0329
200 10 0.941 37.5723 53286 8.9291
200 10 0.951 36.8132 52982.3 9.0865
200 10 0.961 37.0339 52211 9.4915
200 10 0.971 36.0847 52366.9 10.6183
200 10 0.981 36.6087 52467.2 10.0569
200 10 0.991 35.6879 51924.9 9.4071
200 10 1.001 34.5972 52048.3 9.2863
200 10 1.011 33.7218 51728.4 9.3265
200 10 1.021 33.8526 51316.4 10.4647
200 10 1.031 33.1141 50893.9 9.4591
200 10 1.041 32.9252 50924.3 9.5348
200 10 1.051 32.0018 50876.5 9.3446
200 10 1.061 32.7897 50562.3 9.6411
200 10 1.071 31.9648 50052.8 9.5435
200 10 1.081 30.9481 49887.4 9.7776
200 10 1.091 30.6605 49737.7 10.8452
200 10 1.101 29.7375 49609.1 9.8621
200 10 1.111 28.8646 49111.1 9.4379
200 10 1.121 29.4349 48230.7 9.6054
200 10 1.131 28.8688 48417.7 9.7515
200 10 1.141 27.8495 48062.9 10.292
200 10 1.151 28.0784 47571.9 11.146
200 10 1.161 27.0042 47305 10.927
200 10 1.171 27.6296 47632.9 11.1878
200 10 1.181 26.6118 47214 11.1502
200 10 1.191 25.7171 46826.2 10.129
200 10 1.201 26.047 46636.6 11.8536
200 10 1.211 24.9294 46444.4 11.3909
200 10 1.221 25.3083 46075.2 10.225
200 10 1.231 24.4952 45827 11.9382
200 10 1.241 24.282 45354.4 11.9062
200 10 1.251 32.797 50677 10.4816
200 10 1.261 32.8281 50176.8 9.4923
200 10 1.271 32.3031 50567.4 10.3215
200 10 1.281 32.4768 50575.2 10.6071
200 10 1.291 31.0936 50532.2 10.0659
200 10 1.301 32.0486 50122.9 10.171
200 10 1.311 31.1692 49409.6 10.8224
200 10 1.321 30.3066 50178.3 10.4076
200 10 1.331 30.2264 49696 9.5005
200 10 1.341 30.0072 49561.4 9.4103
200 10 1.351 30.8752 49114.7 9.7445
200 10 1.361 30.4479 49212.7 11.4028
200 10 1.371 29.1643 48687.4 11.1957
200 10 1.381 29.7608 49274.5 10.9711
200 10 1.391 28.818 48436 9.238
200 10 1.401 28.0938 48566 9.286
200 10 1.411 28.3632 48014.1 9.2362
200 10 1.421 27.8866 47708.2 9.4452
200 10 1.431 27.2793 47629 9.3777
200 10 1.441 27.0514 47621.1 9.4243
200 10 1.451 26.4907 47745.2 9.2975
200 10 1.461 25.8328 46618.4 9.1833
200 10 1.471 26.0448 46828.1 9.4664
200 10 1.481 25.4438 46517.6 9.3381
200 10 1.491 25.7761 45615.3 9.5515
200 10 1.501 25.6434 46515.5 10.8685
200 10 1.511 25.3555 45818.6 10.6156
200 10 1.521 25.9007 45905.2 9.9012
200 10 1.531 24.0821 45121.3 9.556
200 10 1.541 23.6528 45260 9.5878
200 10 1.551 23.3546 44895.2 9.55
200 10 1.561 23.7204 44920.7 9.8046
200 10 1.571 22.7 44582.4 9.7304
200 10 1.581 23.2565 44141.6 10.0666
200 10 1.591 22.8985 44459.9 10.1116
200 10 1.601 23.3752 44084.9 10.3898
200 10 1.611 22.1001 43855.5 10.0746
200 10 1.621 21.6481 43616.1 10.1536
200 10 1.631 21.0444 43025.4 10.0002
200 10 1.641 21.2376 43024.9 9.9243
200 10 1.651 20.7766 42505.4 9.846
200 10 1.661 20.8896 42979 9.8659
200 10 1.671 20.5513 41871.3 9.7558
200 10 1.681 19.9752 41864.3 9.9095
200 10 1.691 20.5764 41916 10.1174
200 10 1.701 19.9898 40815.1 10.0361
200 10 1.711 19.4555 40765.7 10.0313
200 10 1.721 19.2402 41019.8 10.065
200 10 1.731 18.5923 39795.4 10.0933
200 10 1.741 18.5726 40187.8 10.8043
200 10 1.751 17.8795 39424.6 11.5567
200 10 1.761 18.7994 39580.6 10.3805
200 10 1.771 18.6087 39948.2 10.3204
200 10 1.781 17.7111 38786.2 10.2232
200 10 1.791 17.8463 38807.5 10.2428
200 10 1.801 17.9479 38820.2 10.345
200 10 1.811 16.9691 37721.9 10.2591
200 10 1.821 16.9357 37848.9 10.242
200 10 1.831 17.1772 38225.8 10.3725
200 10 1.841 16.786 37452.9 10.3645
200 10 1.851 16.4585 37442.2 10.3331
200 10 1.861 16.8756 37655.4 10.5623
200 10 1.871 15.9294 36494.9 10.385
200 10 1.881 15.9932 36329.2 10.5442
200 10 1.891 15.8179 36171.5 10.3279
200 10 1.901 15.6455 36075.5 11.1508
200 10 1.911 15.8331 35774.1 11.6114
200 10 1.921 15.3134 35665.8 11.6606
200 10 1.931 15.1634 34947.2 11.6518
200 10 1.941 14.5984 34386.9 11.5949
200 10 1.951 14.8362 34498.7 11.918
200 10 1.961 14.7183 34632.7 10.5188
200 10 1.971 14.5773 33509.1 10.4611
200 10 1.981 14.415 33831.8 11.8603
200 10 1.991 14.2885 33034.8 11.1906
200 10 2.001 14.1854 33184 11.2476
200 10 2.011 14.1029 32395.5 10.9057
200 10 2.021 13.8757 32545 11.2347
200 10 2.031 13.4478 31186.1 12.3213
200 10 2.041 13.4783 31644.6 11.258
200 10 2.051 13.6041 31463.1 10.5457
200 10 2.061 13.3183 31165.6 10.6597
200 10 2.071 13.1335 30616.5 10.8008
200 10 2.081 13.2172 30137.9 11.5475
200 10 2.091 13.0854 29614.6 12.6546
200 10 2.101 12.9144 29816.8 11.9634
200 10 2.111 12.6608 29066.5 10.6445
200 10 2.121 12.6228 29007.4 10.5596
200 10 2.131 16.4788 36815.9 9.9114
200 10 2.141 16.1707 36483.7 9.7798
200 10 2.151 16.2014 36121.3 9.9475
200 10 2.161 16.1449 36253.8 10.001
200 10 2.171 15.9835 35840 10.0636
200 10 2.181 15.7028 35728.4 10.4424
200 10 2.191 15.6762 35748.7 11.8595
200 10 2.201 15.3806 34969 11.8778
200 10 2.211 15.4479 35178.9 11.9698
200 10 2.221 14.96 34792.1 12.0881
200 10 2.231 17.0471 37703.4 11.6846
200 10 2.241 17.2432 37316 10.7584
200 10 2.251 16.7761 37392.9 10.5559
200 10 2.261 16.6128 37513.4 10.9404
200 10 2.271 16.7592 37776.2 10.4174
200 10 2.281 16.6032 36890.7 11.6035
200 10 2.291 16.6205 37092.8 11.8351
200 10 2.301 16.5532 36945.2 11.6446
200 10 2.311 16.5789 36975.3 11.6069
200 10 2.321 16.4433 36110.3 10.366
200 10 2.331 16.2269 36087.4 11.5413
200 10 2.341 16.2994 36768 10.9096
200 10 2.351 15.8997 35916.6 9.4293
200 10 2.361 15.867 35997.5 10.3019
200 10 2.371 15.7494 35398 11.7493
200 10 2.381 15.3343 35095 11.7292
200 10 2.391 15.4501 35372.6 11.8402
200 10 2.401 15.5318 35004.9 11.679
200 10 2.411 15.1474 34538.1 11.1222
200 10 2.421 15.626 34920.3 9.7819
200 10 2.431 15.427 34623.4 10.971
200 10 2.441 14.9859 34359.9 10.7743
200 10 2.451 14.9128 34127.6 9.9653
200 10 2.461 15.0507 34039.1 11.159
200 10 2.471 14.7047 33568.4 12.1575
200 10 2.481 14.6165 33138.1 12.0664
200 10 2.491 14.6471 33510.7 12.1818
200 10 2.501 14.3644 33154.7 11.2583
200 10 2.511 14.3482 33294.2 11.3799
200 10 2.521 14.1892 32556.3 9.9144
200 10 2.531 14.2192 32179.7 9.6713
200 10 2.541 14.042 32203.7 9.6777
200 10 2.551 13.9825 31949.2 9.4851
200 10 2.561 13.8089 30947.3 9.4735
200 10 2.571 13.7471 31612 9.4993
200 10 2.581 13.6784 31907.7 9.4266
200 10 2.591 13.6331 30838.4 9.3838
200 10 2.601 13.856 30720.6 11.219
200 10 2.611 13.3672 30533.3 11.9973
200 10 2.621 13.3411 29797.1 11.7494
200 10 2.631 13.2721 30145.5 11.1829
200 10 2.641 13.2252 29862.4 9.7844
200 10 2.651 13.1093 29543.6 9.9423
200 10 2.661 13.1073 29191.1 10.1715
200 10 2.671 12.6947 29052.3 10.1051
200 10 2.681 12.8331 28874.6 10.1438
200 10 2.691 12.6779 28567.1 10.2266
200 10 2.701 12.6657 27951.6 10.0034
200 10 2.711 12.5143 28238.5 10.0928
200 10 2.721 12.7434 28076.5 11.0125
200 10 2.731 12.5487 27796.4 10.6664
200 10 2.741 12.4479 27371.6 9.6344
200 10 2.751 12.3189 27669.7 9.5761
200 10 2.761 12.2539 27094.5 9.5735
200 10 2.771 12.2347 26450.8 9.5393
200 10 2.781 12.0578 26993.8 9.6268
200 10 2.791 11.9104 26101.4 10.6162
200 10 2.801 11.993 25806.9 11.6058
200 10 2.811 11.8871 25998 11.4759
200 10 2.821 11.7719 25759.2 9.4725
200 10 2.831 11.7732 25386 9.4457
200 10 2.841 11.7007 25127 9.349
200 10 2.851 11.6271 24693.8 9.438
200 10 2.861 11.5605 23914.6 9.3311
200 10 2.871 11.5836 24874.5 9.5521
200 10 2.881 11.5372 23665.5 9.825
200 10 2.891 11.4522 23505.1 11.5283
200 10 2.901 11.3418 22842.9 10.2983
200 10 2.911 11.3256 23315.2 9.685
200 10 2.921 11.2913 22971.4 10.2278
200 10 2.931 11.2375 22798.3 11.0798
200 10 2.941 11.1471 22472.6 9.7264
200 10 2.951 11.0728 21950.2 10.5405
200 10 2.961 11.0758 21884 9.8111
200 10 2.971 10.9886 20916.1 10.0321
200 10 2.981 11.0183 21186.8 10.3433
200 10 2.991 12.1248 26620.8 9.5047
200 10 3.001 12.0733 26827.5 9.5173
200 10 3.011 12.02 26150.8 9.404
200 10 3.021 11.9259 25617.6 9.4432
200 10 3.031 11.975 25540.7 9.5177
200 10 3.041 11.9024 25353.1 9.4465
200 10 3.051 11.8741 25125.6 9.3178
200 10 3.061 11.7947 25094.1 9.2415
200 10 3.071 11.6522 24650.8 9.6209
200 10 3.081 11.6455 24727.3 11.174
200 10 3.091 12.1638 25796.2 10.9261
200 10 3.101 12.0891 26047.6 9.8294
200 10 3.111 12.0831 26791.6 9.0926
200 10 3.121 12.0908 26324.8 9.1751
200 10 3.131 12.0445 25658.3 8.9531
200 10 3.141 11.9715 25816 9.0347
200 10 3.151 11.9722 25542.5 8.8985
200 10 3.161 11.9221 25518.4 8.8807
200 10 3.171 11.9356 25750.8 9.0127
200 10 3.181 11.9517 25799.3 9.0685
200 10 3.191 11.7416 24326.5 9.4357
200 10 3.201 11.6589 25014.4 9.3828
200 10 3.211 11.8694 24824.9 8.9838
200 10 3.221 11.9503 24839.4 9.0187
200 10 3.231 11.8594 24409.9 8.9436
200 10 3.241 11.6176 24517.6 8.8217
200 10 3.251 11.6463 24299.5 8.7786
200 10 3.261 11.5699 24141.3 8.8709
200 10 3.271 11.6843 24303.3 9.1266
200 10 3.281 11.5335 24100 9.9086
200 10 3.291 11.5986 23826.3 10.7275
200 10 3.301 11.4333 23369.8 9.0206
200 10 3.311 11.3621 22700 9.0166
200 10 3.321 11.3526 23090.5 9.002
200 10 3.331 11.363 23166.6 9.0939
200 10 3.341 11.384 22477.9 8.9725
200 10 3.351 11.2711 22230.9 8.9504
200 10 3.361 11.3141 22612.7 8.9594
200 10 3.371 11.2259 22020.7 9.2313
200 10 3.381 11.1847 21856.4 8.6299
200 10 3.391 11.2627 22000.9 8.6087
200 10 3.401 11.1103 21613.1 8.5628
200 10 3.411 11.0933 21122.4 9.8364
200 10 3.421 11.0874 21334.2 9.0456
200 10 3.431 11.0644 21323.1 9.1014
200 10 3.441 11.0035 20293.5 8.946
200 10 3.451 10.9657 20380.5 8.954
200 10 3.461 10.9475 20219.2 9.0863
200 10 3.471 10.9102 20396.6 8.8799
200 10 3.481 10.9186 19665.9 8.9342
200 10 3.491 10.859 19711.6 8.9275
200 10 3.501 10.8537 19571.3 8.9376
200 10 3.511 10.7691 18951.5 8.8498
200 10 3.521 10.7604 18653.9 8.8092
200 10 3.531 10.6882 18212 8.6881
200 10 3.541 10.7954 18718.6 8.773
200 10 3.551 10.6727 18026.5 8.6114
200 10 3.561 10.6482 18134.3 8.6246
200 10 3.571 10.6779 18175.9 8.6845
200 10 3.581 10.6564 17853.4 8.7649
200 10 3.591 10.5742 17196.4 8.5384
200 10 3.601 10.6016 17389.3 8.4596
200 10 3.611 10.5652 17285.7 8.5345
200 10 3.621 10.4842 16442.9 8.4056
200 10 3.631 10.4692 16118.1 8.3539
200 10 3.641 10.5033 16415.2 8.434
200 10 3.651 10.486 15908.9 8.4008
200 10 3.661 10.4338 15105.1 8.5081
200 10 3.671 10.4124 15440.3 9.8978
200 10 3.681 10.3849 15121 9.4918
200 10 3.691 10.3365 14858.4 8.5994
200 10 3.701 10.3962 14760.3 7.636
200 10 3.711 10.3745 14509.2 7.773
200 10 3.721 10.3462 14800.1 9.9885
200 10 3.731 10.6921 18052.5 10.4506
200 10 3.741 10.7472 18284.2 10.4449
200 10 3.751 10.6504 17713.1 8.7131
200 10 3.761 10.5928 17540.4 7.943
200 10 3.771 10.576 17309.5 8.029
200 10 3.781 10.6513 17492.4 8.2278
200 10 3.791 10.6402 17229.2 7.9775
200 10 3.801 10.5829 17173.7 8.0579
200 10 3.811 10.5125 16830.7 8.325
200 10 3.821 10.5303 17001.3 9.2119
200 10 3.831 10.5435 16383.1 9.99
200 10 3.841 10.5213 16093.4 9.9915
200 10 3.851 10.4279 15672.2 10.1198
200 10 3.861 10.6079 17063.7 8.9085
200 10 3.871 10.5603 17204.3 9.5863
200 10 3.881 10.5445 16898.9 9.6333
200 10 3.891 10.5756 17153.2 9.6989
200 10 3.901 10.5709 16692.9 8.8893
200 10 3.911 10.534 17032.4 9.7738
200 10 3.921 10.5375 16537 8.2231
200 10 3.931 10.5182 16494 8.9862
200 10 3.941 10.5181 16457.3 9.757
200 10 3.951 10.5152 16313.1 9.8391
200 10 3.961 10.53 16045.1 8.2716
200 10 3.971 10.4737 16166.3 7.9974
200 10 3.981 10.4697 16338.8 7.5237
200 10 3.991 10.4654 15678.4 7.4646
200 10 4.001 10.4623 15637.1 7.5882
200 10 4.011 10.4109 15283.8 7.4197
200 10 4.021 10.4362 15677.2 8.7508
200 10 4.031 10.4062 15221.7 7.5862
200 10 4.041 10.4179 15480.4 7.5557
200 10 4.051 10.4313 15293.8 7.5156
200 10 4.061 10.3731 14708.6 7.3559
200 10 4.071 10.3746 14507.6 7.2729
200 10 4.081 10.3201 14286.2 7.1911
200 10 4.091 10.3747 14760.9 7.335
200 10 4.101 10.3366 14335.6 7.2583
200 10 4.111 10.2812 13734.1 7.1127
200 10 4.121 10.2994 13594.2 7.2884
200 10 4.131 10.3071 13848.5 9.0642
200 10 4.141 10.268 13454.8 7.2194
200 10 4.151 10.2615 13245.4 7.1606
200 10 4.161 10.2542 12977.4 7.1164
200 10 4.171 10.2717 13018 6.9683
200 10 4.181 10.2203 12553.6 8.5359
200 10 4.191 10.2396 12621.1 8.856
200 10 4.201 10.1994 12207.7 8.8822
200 10 4.211 10.1867 11593.8 8.7265
200 10 4.221 10.1805 11913.6 8.6112
200 10 4.231 10.1808 11565.8 6.7824
200 10 4.241 10.1832 11704.3 6.7459
200 10 4.251 10.1559 11473.3 6.6197
200 10 4.261 10.1375 10837 6.5328
200 10 4.271 10.1469 10651.4 6.4041
200 10 4.281 10.0904 10556 6.3801
200 10 4.291 10.119 10447.4 6.4177
200 10 4.301 10.0945 10169.8 6.3251
200 10 4.311 10.0921 10124.3 6.2662
200 10 4.321 10.0956 9991.83 6.1908
200 10 4.331 10.0908 9705.4 6.2154
200 10 4.341 10.0715 9332 6.1184
200 10 4.351 10.0475 9371.27 6.0176
200 10 4.361 10.0689 9264.55 5.9867
200 10 4.371 10.0429 9296.32 5.8501
200 10 4.381 10.1406 11344.1 6.339
200 10 4.391 10.1622 11837.6 6.5325
200 10 4.401 10.157 10975.9 8.3319
200 10 4.411 10.1665 11297 7.7754
200 10 4.421 10.1501 10668.8 6.2984
200 10 4.431 10.1344 10775.9 6.1695
200 10 4.441 10.1149 10865.5 6.1903
200 10 4.451 10.1117 10203.6 6.1635
200 10 4.461 10.113 10464.3 6.1041
200 10 4.471 10.0763 10106.8 6.0674
200 10 4.481 10.0871 9886.73 7.2557
200 10 4.491 10.0734 10023.3 7.6274
200 10 4.501 10.0482 9691.13 6.1851
200 10 4.511 10.056 9740.74 6.1677
200 10 4.521 10.0347 9409.65 6.0216
200 10 4.531 10.0327 9424.98 5.99
200 10 4.541 10.115 10322.1 6.2603
200 10 4.551 10.0691 9820.99 6.8695
200 10 4.561 10.0584 10003.2 6.2115
200 10 4.571 10.0908 9995.08 6.0764
200 10 4.581 10.0703 9198.92 5.9638
200 10 4.591 10.0798 9757.39 6.0576
200 10 4.601 10.0614 9295.38 5.9972
200 10 4.611 10.0672 9316.19 5.8984
200 10 4.621 10.0655 9115.49 5.7405
200 10 4.631 10.0464 9015.22 5.7884
200 10 4.641 10.0807 8934.94 5.768
200 10 4.651 10.0709 9070.62 5.7867
200 10 4.661 10.0767 9299.35 5.6706
200 10 4.671 10.0513 9070 5.6635
200 10 4.681 10.0229 8703.9 5.9849
200 10 4.691 10.0361 8628.71 6.04
200 10 4.701 10.0199 8502.85 6.1084
200 10 4.711 10.0223 8529.29 6.0146
200 10 4.721 10.0167 8103.87 5.9349
200 10 4.731 10.0361 8186.73 5.8161
200 10 4.741 9.9927 7723.33 5.6525
200 10 4.751 9.9795 7719.09 5.7216
200 10 4.761 9.9845 7740.77 5.6494
200 10 4.771 9.9913 7840.56 5.679
200 10 4.781 9.9697 7510.49 5.6504
200 10 4.791 9.9902 7090.53 5.6197
200 10 4.801 9.9832 7493.2 5.5966
200 10 4.811 9.9694 6916.17 5.5104
200 10 4.821 9.9677 6729.51 5.401
200 10 4.831 9.9333 6801.6 5.4893
200 10 4.841 9.9381 6425.74 5.3286
200 10 4.851 9.9556 6287.29 5.3102
200 10 4.861 9.9374 6006.45 5.2235
200 10 4.871 9.9512 6065.98 6.2399
200 10 4.881 9.9173 5528.26 4.9913
200 10 4.891 9.9313 5728.61 4.5391
200 10 4.901 9.9375 5582.58 4.4884
200 10 4.911 9.9266 4934.95 4.4145
200 10 4.921 9.9088 5261.61 4.3794
200 10 4.931 9.9173 4960.66 4.3217
200 10 4.941 9.937 6434.2 6.1753
200 10 4.951 9.9509 6439.48 5.422
200 10 4.961 9.9518 5861.63 5.334
200 10 4.971 9.9456 6107.57 5.6643
200 10 4.981 9.9543 5773.24 5.9665
200 10 4.991 9.9287 5794.16 6.3429
200 10 5.001 9.9329 5577.9 4.6518
200 10 5.011 9.9221 5628.26 4.6541
200 10 5.021 9.9081 5625.66 6.3409
200 10 5.031 9.9462 5555.1 5.9506
200 10 5.041 9.9311 5503.94 6.2318
200 10 5.051 9.9337 5263.92 6.1918
200 10 5.061 9.9022 5076.74 6.3351
200 10 5.071 9.9548 5352.04 6.3004
200 10 5.081 9.897 4654.41 4.5642
200 10 5.091 9.9073 4656.62 5.1524
200 10 5.101 9.8939 4588.71 4.2829
200 10 5.111 9.8911 4437.81 4.0305
200 10 5.121 9.9099 4634.56 4.0081
200 10 5.131 9.9035 4156.49 3.8901
200 10 5.141 9.8925 4718.93 4.2178
200 10 5.151 9.9127 4605.26 4.3441
200 10 5.161 9.9212 4687.65 5.0954
200 10 5.171 9.9047 4526.56 4.833
200 10 5.181 9.9103 4623.06 5.9615
200 10 5.191 9.8938 4389.84 4.3463
200 10 5.201 9.9024 4216.83 4.0184
200 10 5.211 9.9054 4336.62 3.9914
200 10 5.221 9.8855 3982.16 3.9712
200 10 5.231 9.8837 4160.83 4.5384
200 10 5.241 9.9089 3866.33 5.5797
200 10 5.251 9.8515 3799.76 4.9746
200 10 5.261 9.8999 3657.06 4.257
200 10 5.271 9.8817 3650.61 4.2718
200 10 5.281 9.8691 3665.29 5.4352
200 10 5.291 9.8491 3813.07 4.0337
200 10 5.301 9.871 3516.28 3.726
200 10 5.311 9.8616 3424.62 3.7241
200 10 5.321 9.8617 3382.53 3.6634
200 10 5.331 9.8807 3298.96 3.6456
200 10 5.341 9.8691 3391.47 3.6427
200 10 5.351 9.8699 3198.99 3.6295
200 10 5.361 9.8686 3127.11 3.6137
200 10 5.371 9.8618 3050.64 3.976
200 10 5.381 9.8551 3003.35 4.2545
200 10 5.391 9.8647 3210.2 3.5858
200 10 5.401 9.8471 3012.21 3.4042
200 10 5.411 9.9018 3066.51 3.4492
200 10 5.421 9.856 3323.1 3.4395
200 10 5.431 9.8741 3273.22 3.4504
200 10 5.441 9.8867 2895.44 3.3998
200 10 5.451 9.8617 3017.05 3.372
200 10 5.461 9.8803 3046.49 3.3441
200 10 5.471 9.8667 3020.03 3.3376
200 10 5.481 9.8964 2855.23 3.3497
200 10 5.491 9.8705 2791.58 3.3323
200 10 5.501 9.8657 2937.74 3.304
200 10 5.511 9.8627 2797.17 4.5326
200 10 5.521 9.8573 2825.66 5.0684
200 10 5.531 9.8611 2943.82 5.1397
200 10 5.541 9.8648 2838.67 3.7395
200 10 5.551 9.8636 2837.29 3.3672
200 10 5.561 9.8795 2805.85 3.3368
200 10 5.571 9.8805 2767.54 3.3387
200 10 5.581 9.8532 2555.91 3.2886
200 10 5.591 9.8396 2690.38 3.3195
200 10 5.601 9.8391 2544.41 3.3139
200 10 5.611 9.8545 2723.51 3.3436
200 10 5.621 9.8576 2696.64 3.2731
200 10 5.631 9.8697 2490.54 3.2494
200 10 5.641 9.8541 2783.35 3.3197
200 10 5.651 9.8425 2700.8 3.3213
200 10 5.661 9.8767 2735.96 3.2318
200 10 5.671 9.8762 2634.81 3.2572
200 10 5.681 9.8693 2637.6 3.216
200 10 5.691 9.8475 2613.44 3.2574
200 10 5.701 9.8709 2749.23 3.2683
200 10 5.711 9.8543 2453.04 3.2516
200 10 5.721 9.8434 2556.19 4.2047
200 10 5.731 9.8626 2536.87 4.8926
200 10 5.741 9.8655 2533.12 4.9036
200 10 5.751 9.8505 2453.56 5.0534
200 10 5.761 9.8683 2493.33 4.3555
200 10 5.771 9.8659 2527.45 3.2722
200 10 5.781 9.8677 2412.36 3.4589
200 10 5.791 9.8351 2323.31 4.5232
200 10 5.801 9.8537 2415.79 3.1426
200 10 5.811 9.865 2490.21 3.1179
200 10 5.821 9.8488 2396.97 3.1304
200 10 5.831 9.8589 2434.75 3.1431
200 10 5.841 9.8292 2433.03 3.0909
200 10 5.851 9.8722 2479.73 3.1169
200 10 5.861 9.8436 2402.49 3.1894
200 10 5.871 9.8489 2277.06 3.1003
200 10 5.881 9.8588 2351.92 4.0607
200 10 5.891 9.8712 2145.65 4.709
200 10 5.901 9.8668 2338.11 3.6109
200 10 5.911 9.833 2238.88 3.1472
200 10 5.921 9.8477 2405.14 3.1455
200 10 5.931 9.8574 2255.54 3.0632
200 10 5.941 9.8523 2256.36 3.0139
200 10 5.951 9.8525 2311.34 2.9511
200 20 0.001 701.545 74578.3 17.7517
200 20 0.011 577.148 73270.5 16.6703
200 20 0.021 556.438 73002.9 15.1289
200 20 0.031 509.997 72378 13.1334
200 20 0.041 551.642 72843.1 16.7933
200 20 0.051 614.614 73250.2 17.9475
200 20 0.061 467.084 71803.6 16.8784
200 20 0.071 487.261 71925.4 17.514
200 20 0.081 530.816 72039.4 16.6619
200 20 0.091 542.149 71971.1 15.8493
200 20 0.101 568.743 72238.7 17.0797
200 20 0.111 427.736 70977.7 13.9697
200 20 0.121 419.535 70696.9 15.7463
200 20 0.131 431.488 70656.9 15.4427
200 20 0.141 447.151 70573.3 16.1599
200 20 0.151 446.299 70511.8 16.0014
200 20 0.161 453.681 70413.9 17.0386
200 20 0.171 471.471 70581.2 19.4846
200 20 0.181 454.675 70017.7 19.0401
200 20 0.191 439.367 69910 19.3445
200 20 0.201 412.361 69212.7 19.1252
200 20 0.211 369.234 69256.6 17.742
200 20 0.221 349.381 68951.4 16.4771
200 20 0.231 315.868 68441.1 15.9503
200 20 0.241 309.262 68365 15.8547
200 20 0.251 294.896 68012.3 15.8109
200 20 0.261 286.123 67769.1 15.4715
200 20 0.271 272.849 67333.3 15.5433
200 20 0.281 267.392 67089.5 15.4457
200 20 0.291 253.112 66651.1 15.9135
200 20 0.301 254.891 66762.3 16.2486
200 20 0.311 240.398 66193.9 16.2514
200 20 0.321 230.488 65879.6 16.1125
200 20 0.331 225.275 65899.6 15.9784
200 20 0.341 218.38 65435.1 16.378
200 20 0.351 213.155 65443.8 15.8829
200 20 0.361 203.291 64824.1 16.2798
200 20 0.371 195.478 64729.2 16.1133
200 20 0.381 192.662 65520.7 14.2418
200 20 0.391 185.324 65372.8 15.5177
200 20 0.401 183.275 65383.9 14.3711
200 20 0.411 176.148 64866.1 14.0998
200 20 0.421 178.652 64781.1 14.2206
200 20 0.431 172.594 64797.6 14.2212
200 20 0.441 166.142 64176 14.6512
200 20 0.451 163.346 64149.9 15.3869
200 20 0.461 162.845 64018.9 15.2783
200 20 0.471 159.527 63644.1 15.3983
200 20 0.481 157.736 63687 15.6635
200 20 0.491 148.789 63146.2 14.7346
200 20 0.501 148.278 62992.3 15.549
200 20 0.511 147.304 62707.5 15.2447
200 20 0.521 147.065 62686.6 15.5411
200 20 0.531 138.302 62245.5 15.4406
200 20 0.541 141.227 62216.1 15.6371
200 20 0.551 133.882 61696.7 15.5192
200 20 0.561 133.695 61601.3 15.2426
200 20 0.571 127.202 61229.8 14.9709
200 20 0.581 122.302 60850.3 14.9142
200 20 0.591 121.194 60868.3 14.9497
200 20 0.601 116.582 60466.5 14.8036
200 20 0.611 117.372 60620 15.2084
200 20 0.621 113.138 60037.6 15.0827
200 20 0.631 111.34 59854.9 15.1234
200 20 0.641 109.349 59390.7 15.2728
200 20 0.651 105.054 58696.8 15.23
200 20 0.661 103.489 58950.3 15.3264
200 20 0.671 100.318 58812.1 15.3389
200 20 0.681 97.5872 58502.9 15.999
200 20 0.691 126.392 61291.1 14.8124
200 20 0.701 119.522 60934.9 14.6656
200 20 0.711 114.883 60729.7 14.4996
200 20 0.721 117.297 60889.5 14.722
200 20 0.731 115.396 60403.3 14.8216
200 20 0.741 114.762 60150.8 14.9708
200 20 0.751 112.072 60343.6 14.8252
200 20 0.761 114.033 60187.5 15.0691
200 20 0.771 107.816 59693.6 14.8738
200 20 0.781 107.178 59534.9 14.9214
200 20 0.791 103.549 59300.5 14.8162
200 20 0.801 103.922 59240.7 14.9585
200 20 0.811 101.216 58046.8 15.0911
200 20 0.821 99.0134 58517.5 14.6182
200 20 0.831 96.0349 57939.1 14.0906
200 20 0.841 95.6913 58416.2 14.2804
200 20 0.851 91.1953 57721 14.0395
200 20 0.861 91.2852 57655.5 14.0925
200 20 0.871 90.6633 57648.8 14.2921
200 20 0.881 90.0822 57369.6 14.4226
200 20 0.891 86.7194 56853.8 14.3121
200 20 0.901 84.5813 56316.8 14.3054
200 20 0.911 82.4832 56465.8 14.3721
200 20 0.921 82.5223 56232.8 15.8722
200 20 0.931 80.9582 56027.6 16.1488
200 20 0.941 80.0299 55765.6 16.4447
200 20 0.951 77.197 55440.8 16.9951
200 20 0.961 75.8334 55440.1 16.5113
200 20 0.971 72.3258 54752.2 15.9563
200 20 0.981 72.882 54799.3 15.3433
200 20 0.991 71.3272 54561.6 14.5559
200 20 1.001 69.6789 54015.6 14.713
200 20 1.011 69.7888 53796.3 14.7466
200 20 1.021 68.1022 53168.1 14.5937
200 20 1.031 65.8234 53933.4 14.7927
200 20 1.041 63.8632 52785.8 14.6726
200 20 1.051 63.9748 52603.7 14.7537
200 20 1.061 62.7636 52386 14.7077
200 20 1.071 60.1483 52304.3 14.7308
200 20 1.081 59.9397 51529.6 14.8968
200 20 1.091 58.4887 51982.2 15.6098
200 20 1.101 57.3431 51438.8 15.7554
200 20 1.111 55.5566 51416.1 15.6268
200 20 1.121 55.3687 50787.3 15.8421
200 20 1.131 54.0581 50684.2 15.8433
200 20 1.141 54.4613 50289.7 15.7447
200 20 1.151 52.739 50357.3 17.0512
200 20 1.161 50.7937 49754.8 16.9496
200 20 1.171 50.4262 49158.2 17.1189
200 20 1.181 49.6812 49177.5 16.4324
200 20 1.191 48.8631 49096.8 16.0262
200 20 1.201 48.2363 48592.3 15.9078
200 20 1.211 47.7851 48380.2 16.1323
200 20 1.221 46.1336 47964 16.0956
200 20 1.231 45.2019 47947.7 16.0076
200 20 1.241 44.652 47621.2 16.0157
200 20 1.251 64.338 52792.4 14.3142
200 20 1.261 64.6869 53224.5 14.3167
200 20 1.271 64.3443 52793 14.3056
200 20 1.281 63.4412 52382.1 14.4654
200 20 1.291 61.3331 52842.2 14.2617
200 20 1.301 61.7859 52309.4 14.6502
200 20 1.311 60.6723 51915.5 14.6473
200 20 1.321 60.1197 52342.3 14.8253
200 20 1.331 59.6034 51540.4 14.8081
200 20 1.341 58.82 51540.7 14.8961
200 20 1.351 57.6648 50992.7 14.6784
200 20 1.361 57.6897 51194.4 14.9837
200 20 1.371 56.4023 51747.5 14.9294
200 20 1.381 55.374 50542.4 14.8242
200 20 1.391 53.8112 50335.6 15.3185
200 20 1.401 54.3704 50250 15.2354
200 20 1.411 53.6854 50252.5 14.9555
200 20 1.421 52.2329 50089.9 14.8467
200 20 1.431 51.2894 49699.8 14.8914
200 20 1.441 50.1677 49592 14.547
200 20 1.451 50.5868 49429.4 14.8523
200 20 1.461 49.698 49075.2 15.6897
200 20 1.471 48.2577 48401.1 16.0315
200 20 1.481 48.5571 48393.2 15.6346
200 20 1.491 47.9534 48528 15.03
200 20 1.501 46.3343 47784.5 14.5437
200 20 1.511 46.4517 47310.9 15.5375
200 20 1.521 45.2401 47881.8 15.3659
200 20 1.531 45.4934 47653.6 15.2798
200 20 1.541 43.8891 47164.8 15.1515
200 20 1.551 44.3111 47540.9 15.2911
200 20 1.561 44.2054 46660.3 16.0039
200 20 1.571 42.4086 46453.3 15.3773
200 20 1.581 42.2025 46589.3 15.1654
200 20 1.591 40.9319 45443.6 15.2117
200 20 1.601 40.8575 45467.6 15.4387
200 20 1.611 40.3472 45816.1 15.474
200 20 1.621 39.3747 45233 15.22
200 20 1.631 38.8514 45463 15.2056
200 20 1.641 38.5149 44418.6 15.2464
200 20 1.651 38.0212 44550.8 15.2934
200 20 1.661 37.8909 44377.1 15.5406
200 20 1.671 37.8766 43926.1 15.6017
200 20 1.681 36.5991 43400 16.9791
200 20 1.691 36.2918 43058.9 16.5118
200 20 1.701 36.0137 43244 16.6309
200 20 1.711 35.4509 43290.8 16.1306
200 20 1.721 34.4189 42309.5 15.4863
200 20 1.731 34.7051 41913.6 15.6844
200 20 1.741 34.3187 42132 16.1143
200 20 1.751 33.8243 41915.1 16.0674
200 20 1.761 32.9494 41075.5 16.0107
200 20 1.771 33.3271 40997.6 16.2231
200 20 1.781 32.1145 40693.9 15.9287
200 20 1.791 32.0898 40170.4 16.0691
200 20 1.801 31.2852 40310.7 16.7947
200 20 1.811 31.5905 40080.9 16.8516
200 20 1.821 30.7695 39517.6 16.8256
200 20 1.831 30.6064 39206.6 16.9394
200 20 1.841 30.1948 39295.6 16.866
200 20 1.851 29.8538 39084.6 17.1097
200 20 1.861 29.7294 38082.6 17.0099
200 20 1.871 29.8766 37904.8 17.2406
200 20 1.881 29.0893 38174.8 17.3199
200 20 1.891 28.594 37610.4 17.1027
200 20 1.901 28.8381 37407.5 17.4214
200 20 1.911 28.5302 37405.8 17.2105
200 20 1.921 28.2085 37175.8 17.3922
200 20 1.931 27.6099 36015.1 17.2213
200 20 1.941 27.5463 36532.7 17.291
200 20 1.951 27.3734 35685.2 17.2672
200 20 1.961 27.08 35536.4 17.0502
200 20 1.971 26.7388 35657.8 17.0856
200 20 1.981 26.6802 35362.8 17.3213
200 20 1.991 26.3736 34545.8 16.4869
200 20 2.001 26.1855 34842.5 16.3977
200 20 2.011 25.7783 34591.6 16.7327
200 20 2.021 25.635 34003.3 17.482