200 10 0.001 481.33 1.9341e-06
200 10 0.011 467.08 1.9104e-06
200 10 0.021 458.061 1.8973e-06
200 10 0.031 444.647 1.8815e-06
200 10 0.041 443.127 1.8796e-06
200 10 0.051 431.859 1.8622e-06
200 10 0.061 411.397 1.8262e-06
200 10 0.071 397.915 1.8109e-06
200 10 0.081 390.535 1.8012e-06
200 10 0.091 393.534 1.8035e-06
200 10 0.101 385.674 1.7921e-06
200 10 0.111 379.939 1.7857e-06
200 10 0.121 357.836 1.7407e-06
200 10 0.131 359.515 1.7594e-06
200 10 0.141 346.631 1.5778e-06
200 10 0.151 333.484 1.724e-06
200 10 0.161 323.727 1.7036e-06
200 10 0.171 311.952 1.6836e-06
200 10 0.181 305.039 1.6733e-06
200 10 0.191 281.723 1.6341e-06
200 10 0.201 293.324 1.6623e-06
200 10 0.211 280.793 1.6482e-06
200 10 0.221 267.491 1.6287e-06
200 10 0.231 250.613 1.5762e-06
200 10 0.241 254.267 1.584e-06
200 10 0.251 246.206 1.5802e-06
200 10 0.261 231.845 1.5557e-06
200 10 0.271 214.385 1.5302e-06
200 10 0.281 211.979 1.5268e-06
200 10 0.291 198.565 1.5105e-06
200 10 0.301 196.517 1.5082e-06
200 10 0.311 195.892 1.5012e-06
200 10 0.321 184.978 1.4945e-06
200 10 0.331 178.388 1.4775e-06
200 10 0.341 168.232 1.4612e-06
200 10 0.351 168.978 1.3976e-06
200 10 0.361 160.41 1.189e-06
200 10 0.371 160.048 1.1943e-06
200 10 0.381 148.655 1.1817e-06
200 10 0.391 140.974 1.191e-06
200 10 0.401 134.69 1.2373e-06
200 10 0.411 128.304 1.3412e-06
200 10 0.421 121.304 1.323e-06
200 10 0.431 122.425 1.1681e-06
200 10 0.441 115.229 1.1705e-06
200 10 0.451 113.704 1.1906e-06
200 10 0.461 105.534 1.2408e-06
200 10 0.471 109.669 1.1739e-06
200 10 0.481 94.9658 1.3151e-06
200 10 0.491 88.4909 1.3696e-06
200 10 0.501 87.9229 1.3705e-06
200 10 0.511 82.3907 1.3686e-06
200 10 0.521 80.9144 1.3361e-06
200 10 0.531 72.2814 1.3173e-06
200 10 0.541 69.5276 1.2368e-06
200 10 0.551 67.0386 1.3444e-06
200 10 0.561 63.8267 1.3436e-06
200 10 0.571 62.0093 1.3344e-06
200 10 0.581 60.7892 1.3328e-06
200 10 0.591 54.991 1.3269e-06
200 10 0.601 52.2068 1.3133e-06
200 10 0.611 50.2282 1.3127e-06
200 10 0.621 46.1473 1.1391e-06
200 10 0.631 44.5916 1.1375e-06
200 10 0.641 44.6914 1.12e-06
200 10 0.651 40.3499 1.1782e-06
200 10 0.661 39.4429 1.1703e-06
200 10 0.671 35.2953 1.1325e-06
200 10 0.681 33.629 1.1953e-06
200 10 0.691 31.6437 1.2535e-06
200 10 0.701 29.7426 1.2518e-06
200 10 0.711 26.8778 1.2486e-06
200 10 0.721 27.147 1.2469e-06
200 10 0.731 26.1228 1.2437e-06
200 10 0.741 24.9532 1.2386e-06
200 10 0.751 23.4972 1.2381e-06
200 10 0.761 21.0667 1.1965e-06
200 10 0.771 21.0417 1.0784e-06
200 10 0.781 18.0292 1.1292e-06
200 10 0.791 17.5035 1.2048e-06
200 10 0.801 16.4812 1.2032e-06
200 10 0.811 15.2859 1.202e-06
200 10 0.821 13.8456 1.2057e-06
200 10 0.831 14.1917 1.2023e-06
200 10 0.841 12.1973 1.2096e-06
200 10 0.851 12.4738 1.2851e-06
200 10 0.861 11.2035 1.2027e-06
200 10 0.871 10.8323 1.1112e-06
200 10 0.881 9.2299 1.2059e-06
200 10 0.891 8.6431 1.1778e-06
200 10 0.901 7.6513 1.1646e-06
200 10 0.911 8.0644 1.1837e-06
200 10 0.921 7.2656 1.1718e-06
200 10 0.931 6.2472 1.1854e-06
200 10 0.941 5.9756 1.1239e-06
200 10 0.951 5.5495 1.079e-06
200 10 0.961 4.9336 1.1782e-06
200 10 0.971 4.6789 1.0755e-06
200 10 0.981 4.5066 1.1794e-06
200 10 0.991 4.3274 1.1796e-06
200 10 1.001 3.9225 1.1424e-06
200 10 1.011 2.9009 1.109e-06
200 10 1.021 3.1253 1.0753e-06
200 10 1.031 2.7933 1.0631e-06
200 10 1.041 2.1265 1.1312e-06
200 10 1.051 2.2604 1.0599e-06
200 10 1.061 2.0443 1.0495e-06
200 10 1.071 1.7852 1.1087e-06
200 10 1.081 1.6952 1.1495e-06
200 10 1.091 1.3795 1.1596e-06
200 10 1.101 1.2505 1.1527e-06
200 10 1.111 1.4673 1.1402e-06
200 10 1.121 1.1249 1.135e-06
200 10 1.131 1.1586 1.1276e-06
200 10 1.141 1.0164 1.1352e-06
200 10 1.151 0.9508 1.1316e-06
200 10 1.161 0.8869 1.1307e-06
200 10 1.171 0.9329 1.166e-06
200 10 1.181 0.7286 1.1642e-06
200 10 1.191 0.7703 1.151e-06
200 10 1.201 0.7896 1.1005e-06
200 10 1.211 0.6618 1.0531e-06
200 10 1.221 0.6589 1.0845e-06
200 10 1.231 0.6193 1.1522e-06
200 10 1.241 0.5578 1.0742e-06
200 10 1.251 0.5409 1.1244e-06
200 10 1.261 0.5355 1.071e-06
200 10 1.271 0.5724 1.0643e-06
200 10 1.281 0.4889 1.1394e-06
200 10 1.291 0.446 1.071e-06
200 10 1.301 0.3827 1.0778e-06
200 10 1.311 0.3717 1.1179e-06
200 10 1.321 0.3568 1.1306e-06
200 10 1.331 0.4035 1.1481e-06
200 10 1.341 0.3326 1.1503e-06
200 10 1.351 0.2944 1.1559e-06
200 10 1.361 0.3105 1.1608e-06
200 10 1.371 0.2671 1.0877e-06
200 10 1.381 0.323 1.1061e-06
200 10 1.391 0.2709 1.1214e-06
200 10 1.401 0.2666 1.0568e-06
200 10 1.411 0.2448 1.1522e-06
200 10 1.421 0.2581 1.1585e-06
200 10 1.431 0.2267 1.1638e-06
200 10 1.441 0.2044 1.1701e-06
200 10 1.451 0.2257 1.1636e-06
200 10 1.461 0.2075 1.1674e-06
200 10 1.471 0.2031 1.153e-06
200 10 1.481 0.1838 1.1533e-06
200 10 1.491 0.1821 1.1615e-06
200 10 1.501 0.1818 1.1579e-06
200 10 1.511 0.1741 1.1653e-06
200 10 1.521 0.1736 1.1352e-06
200 10 1.531 0.1799 1.0464e-06
200 10 1.541 0.1666 1.0454e-06
200 10 1.551 0.1526 1.1381e-06
200 10 1.561 0.1422 1.1341e-06
200 10 1.571 0.1421 1.1425e-06
200 10 1.581 0.154 1.1622e-06
200 10 1.591 0.1415 1.0923e-06
200 10 1.601 0.1405 1.1614e-06
200 10 1.611 0.148 1.171e-06
200 10 1.621 0.1599 1.089e-06
200 10 1.631 0.1533 1.0419e-06
200 10 1.641 0.1425 1.0381e-06
200 10 1.651 0.1369 1.0456e-06
200 10 1.661 0.1378 1.0393e-06
200 10 1.671 0.1459 1.1089e-06
200 10 1.681 0.1367 1.0786e-06
200 10 1.691 0.1396 1.0389e-06
200 10 1.701 0.1409 1.1533e-06
200 10 1.711 0.1203 1.1639e-06
200 10 1.721 0.1182 1.1672e-06
200 10 1.731 0.1272 1.1569e-06
200 10 1.741 0.1315 1.0901e-06
200 10 1.751 0.1242 1.0494e-06
200 10 1.761 0.1414 1.0745e-06
200 10 1.771 0.128 1.0734e-06
200 10 1.781 0.1207 1.2152e-06
200 10 1.791 0.124 1.1107e-06
200 10 1.801 0.1376 1.0992e-06
200 10 1.811 0.1256 1.1491e-06
200 10 1.821 0.1256 1.1562e-06
200 10 1.831 0.1188 1.1517e-06
200 10 1.841 0.1243 1.1618e-06
200 10 1.851 0.12 1.1592e-06
200 10 1.861 0.1172 1.1557e-06
200 10 1.871 0.1204 1.1594e-06
200 10 1.881 0.1172 1.1606e-06
200 10 1.891 0.1231 1.1682e-06
200 10 1.901 0.1136 1.1628e-06
200 10 1.911 0.1338 1.161e-06
200 10 1.921 0.1186 1.1625e-06
200 10 1.931 0.1281 1.1687e-06
200 10 1.941 0.1186 1.1702e-06
200 10 1.951 0.1266 1.1616e-06
200 10 1.961 0.1137 1.139e-06
200 10 1.971 0.1163 1.1645e-06
200 10 1.981 0.1202 1.1554e-06
200 10 1.991 0.134 1.0251e-06
200 20 0.001 911.488 1.4191e-06
200 20 0.011 868.96 1.3836e-06
200 20 0.021 889.886 1.4035e-06
200 20 0.031 790.373 1.6043e-06
200 20 0.041 792.728 2.0936e-06
200 20 0.051 781.002 2.0795e-06
200 20 0.061 730.514 2.0037e-06
200 20 0.071 689.638 1.9553e-06
200 20 0.081 668.759 1.9284e-06
200 20 0.091 634.797 1.8833e-06
200 20 0.101 579.311 1.7822e-06
200 20 0.111 567.312 1.7335e-06
200 20 0.121 556.09 1.1833e-06
200 20 0.131 495.879 1.1295e-06
200 20 0.141 473.83 1.119e-06
200 20 0.151 479.745 1.1189e-06
200 20 0.161 426.334 1.2017e-06
200 20 0.171 423.428 1.2983e-06
200 20 0.181 400.716 1.0643e-06
200 20 0.191 382.894 1.4197e-06
200 20 0.201 344.894 1.2533e-06
200 20 0.211 330.67 1.3068e-06
200 20 0.221 321.388 1.4177e-06
200 20 0.231 307.684 1.3952e-06
200 20 0.241 288.569 1.3676e-06
200 20 0.251 275.774 1.3443e-06
200 20 0.261 251.31 1.156e-06
200 20 0.271 244.079 1.1024e-06
200 20 0.281 229.837 1.2904e-06
200 20 0.291 197.991 1.2219e-06
200 20 0.301 196.791 1.2258e-06
200 20 0.311 179.162 1.2048e-06
200 20 0.321 176.853 1.2068e-06
200 20 0.331 153.762 1.1477e-06
200 20 0.341 151.95 1.1224e-06
200 20 0.351 139.818 8.839e-07
200 20 0.361 137.078 9.038e-07
200 20 0.371 126.393 1.0948e-06
200 20 0.381 114.231 1.0962e-06
200 20 0.391 109.687 1.0842e-06
200 20 0.401 104.47 1.0788e-06
200 20 0.411 93.9649 1.061e-06
200 20 0.421 88.6179 1.0561e-06
200 20 0.431 77.3618 1.03e-06
200 20 0.441 69.7556 1.0264e-06
200 20 0.451 70.664 1.0369e-06
200 20 0.461 63.9674 1.0139e-06
200 20 0.471 63.7792 1.0132e-06
200 20 0.481 50.243 1.0057e-06
200 20 0.491 52.9758 1.0199e-06
200 20 0.501 50.5825 9.836e-07
200 20 0.511 47.8977 9.777e-07
200 20 0.521 42.2354 9.616e-07
200 20 0.531 40.2099 9.605e-07
200 20 0.541 34.1806 9.608e-07
200 20 0.551 34.741 9.35e-07
200 20 0.561 30.3738 8.58e-07
200 20 0.571 27.1541 9.127e-07
200 20 0.581 25.7845 9.159e-07
200 20 0.591 22.0705 9.066e-07
200 20 0.601 21.6291 8.383e-07
200 20 0.611 21.7481 8.087e-07
200 20 0.621 18.0793 9.426e-07
200 20 0.631 18.542 1.0019e-06
200 20 0.641 16.1701 9.877e-07
200 20 0.651 15.0769 8.958e-07
200 20 0.661 13.3229 7.721e-07
200 20 0.671 12.442 8.964e-07
200 20 0.681 11.3632 8.117e-07
200 20 0.691 10.8479 7.791e-07
200 20 0.701 9.4421 8.342e-07
200 20 0.711 8.9739 8.627e-07
200 20 0.721 7.9904 8.556e-07
200 20 0.731 7.1712 8.501e-07
200 20 0.741 6.7508 8.084e-07
200 20 0.751 6.2063 9.217e-07
200 20 0.761 5.9071 9.338e-07
200 20 0.771 4.9387 8.556e-07
200 20 0.781 4.2989 7.236e-07
200 20 0.791 4.6358 8.469e-07
200 20 0.801 4.2949 8.31e-07
200 20 0.811 3.8884 8.344e-07
200 20 0.821 2.7981 8.34e-07
200 20 0.831 2.8965 8.294e-07
200 20 0.841 2.6518 8.301e-07
200 20 0.851 2.6324 8.324e-07
200 20 0.861 2.3349 8.34e-07
200 20 0.871 1.984 7.801e-07
200 20 0.881 1.9726 8.368e-07
200 20 0.891 1.9287 8.231e-07
200 20 0.901 1.6135 9.174e-07
200 20 0.911 1.3941 9.463e-07
200 20 0.921 1.3763 8.289e-07
200 20 0.931 1.21 7.78e-07
200 20 0.941 1.1943 7.942e-07
200 20 0.951 1.0365 8.021e-07
200 20 0.961 0.8142 8.153e-07
200 20 0.971 0.9369 8.168e-07
200 20 0.981 0.7226 8.168e-07
200 20 0.991 0.6173 8.13e-07
200 20 1.001 0.5889 8.189e-07
200 20 1.011 0.5095 8.069e-07
200 20 1.021 0.5014 7.927e-07
200 20 1.031 0.3937 7.94e-07
200 20 1.041 0.381 7.47e-07
200 20 1.051 0.3341 7.02e-07
200 20 1.061 0.2903 7.166e-07
200 20 1.071 0.2713 7.676e-07
200 20 1.081 0.2839 8.017e-07
200 20 1.091 0.2611 7.748e-07
200 20 1.101 0.227 7.794e-07
200 20 1.111 0.1817 8.078e-07
200 20 1.121 0.1717 8.077e-07
200 20 1.131 0.1607 7.99e-07
200 20 1.141 0.1858 7.842e-07
200 20 1.151 0.1495 7.617e-07
200 20 1.161 0.1439 8.164e-07
200 20 1.171 0.1387 8.133e-07
200 20 1.181 0.1052 8.464e-07
200 20 1.191 0.1215 8.341e-07
200 20 1.201 0.0923 8.27e-07
200 20 1.211 0.1253 8.091e-07
200 20 1.221 0.0954 7.958e-07
200 20 1.231 0.0925 8.221e-07
200 20 1.241 0.0848 8.089e-07
200 20 1.251 0.0841 8.142e-07
200 20 1.261 0.0741 7.665e-07
200 20 1.271 0.0717 8.009e-07
200 20 1.281 0.0673 8.003e-07
200 20 1.291 0.0752 7.975e-07
200 20 1.301 0.0618 7.901e-07
200 20 1.311 0.0561 7.931e-07
200 20 1.321 0.0662 7.896e-07
200 20 1.331 0.0623 7.938e-07
200 20 1.341 0.0481 8.007e-07
200 20 1.351 0.0505 7.91e-07
200 20 1.361 0.0484 7.991e-07
200 20 1.371 0.0464 8.006e-07
200 20 1.381 0.0439 8.33e-07
200 20 1.391 0.0464 8.056e-07
200 20 1.401 0.0464 8.002e-07
200 20 1.411 0.0429 8.002e-07
200 20 1.421 0.0409 8.038e-07
200 20 1.431 0.0427 7.996e-07
200 20 1.441 0.0372 8.044e-07
200 20 1.451 0.0367 8.005e-07
200 20 1.461 0.0342 7.177e-07
200 20 1.471 0.0395 7.083e-07
200 20 1.481 0.0354 7.209e-07
200 20 1.491 0.0322 7.797e-07
200 20 1.501 0.0379 7.348e-07
200 20 1.511 0.0375 7.963e-07
200 20 1.521 0.0389 8.092e-07
200 20 1.531 0.0344 8.296e-07
200 20 1.541 0.0322 8.113e-07
200 20 1.551 0.0328 8.045e-07
200 20 1.561 0.0332 7.314e-07
200 20 1.571 0.0281 7.745e-07
200 20 1.581 0.0356 7.899e-07
200 20 1.591 0.0314 7.918e-07
200 20 1.601 0.0259 7.973e-07
200 20 1.611 0.0319 7.999e-07
200 20 1.621 0.0313 7.905e-07
200 20 1.631 0.028 7.973e-07
200 20 1.641 0.033 7.995e-07
200 20 1.651 0.0268 7.957e-07
200 20 1.661 0.0297 7.788e-07
200 20 1.671 0.0292 7.695e-07
200 20 1.681 0.0283 8.043e-07
200 20 1.691 0.0253 8.054e-07
200 20 1.701 0.0298 8.032e-07
200 20 1.711 0.0311 7.935e-07
200 20 1.721 0.0319 7.947e-07
200 20 1.731 0.0272 7.961e-07
200 20 1.741 0.0237 7.946e-07
200 20 1.751 0.0267 7.342e-07
200 20 1.761 0.0284 7.466e-07
200 20 1.771 0.029 8.045e-07
200 20 1.781 0.0252 8.283e-07
200 20 1.791 0.0296 7.686e-07
200 20 1.801 0.0271 7.224e-07
200 20 1.811 0.0254 7.706e-07
200 20 1.821 0.0272 7.239e-07
200 20 1.831 0.0277 7.198e-07
200 20 1.841 0.0281 8.064e-07
200 20 1.851 0.023 6.961e-07
200 20 1.861 0.0289 7.935e-07
200 20 1.871 0.0263 7.545e-07
200 20 1.881 0.0278 7.989e-07
200 20 1.891 0.025 8.021e-07
200 20 1.901 0.0232 7.696e-07
200 20 1.911 0.0262 8.152e-07
200 20 1.921 0.0258 8.097e-07
200 20 1.931 0.0279 8.118e-07
200 20 1.941 0.0255 7.487e-07
200 20 1.951 0.0278 7.852e-07
200 20 1.961 0.0271 7.796e-07
200 20 1.971 0.0279 7.888e-07
200 20 1.981 0.027 7.797e-07
200 20 1.991 0.0264 7.81e-07
200 30 0.001 1285.72 2.738e-06
200 30 0.011 1229.2 2.6533e-06
200 30 0.021 1139.53 2.5199e-06
200 30 0.031 1168.44 2.5801e-06
200 30 0.041 1042.08 2.3874e-06
200 30 0.051 980.567 2.3078e-06
200 30 0.061 941.58 2.267e-06
200 30 0.071 871.059 2.1448e-06
200 30 0.081 826.852 1.3305e-06
200 30 0.091 797.97 2.0193e-06
200 30 0.101 736.25 2.1048e-06
200 30 0.111 697.233 2.0533e-06
200 30 0.121 642.931 1.9714e-06
200 30 0.131 567.481 1.8613e-06
200 30 0.141 555.29 1.8541e-06
200 30 0.151 501.403 1.7637e-06
200 30 0.161 479.361 1.7437e-06
200 30 0.171 438.89 1.6901e-06
200 30 0.181 410.406 1.656e-06
200 30 0.191 383.689 1.6086e-06
200 30 0.201 363.776 1.587e-06
200 30 0.211 335.074 1.5509e-06
200 30 0.221 310.457 1.5168e-06
200 30 0.231 275.46 1.4595e-06
200 30 0.241 253.513 1.4254e-06
200 30 0.251 239.765 1.3985e-06
200 30 0.261 226.588 1.3722e-06
200 30 0.271 199.537 1.3401e-06
200 30 0.281 186.116 1.0912e-06
200 30 0.291 167.507 9.68e-07
200 30 0.301 157.061 9.152e-07
200 30 0.311 142.245 9.005e-07
200 30 0.321 129.221 8.863e-07
200 30 0.331 122.642 8.89e-07
200 30 0.341 114.705 9.412e-07
200 30 0.351 104.182 1.0126e-06
200 30 0.361 94.5318 8.092e-07
200 30 0.371 89.7801 9.162e-07
200 30 0.381 77.9677 8.431e-07
200 30 0.391 75.8222 9.411e-07
200 30 0.401 67.949 1.0166e-06
200 30 0.411 65.4094 1.0094e-06
200 30 0.421 60.1158 9.781e-07
200 30 0.431 53.3091 9.634e-07
200 30 0.441 49.5062 9.634e-07
200 30 0.451 44.8764 9.692e-07
200 30 0.461 42.0812 9.531e-07
200 30 0.471 39.5055 9.74e-07
200 30 0.481 34.7141 9.669e-07
200 30 0.491 34.3144 9.14e-07
200 30 0.501 28.2797 7.589e-07
200 30 0.511 29.2872 9.198e-07
200 30 0.521 24.4774 9.123e-07
200 30 0.531 21.2334 9.127e-07
200 30 0.541 19.6941 9.106e-07
200 30 0.551 18.3509 8.753e-07
200 30 0.561 17.9863 8.783e-07
200 30 0.571 17.043 8.722e-07
200 30 0.581 14.2933 8.575e-07
200 30 0.591 13.3975 8.534e-07
200 30 0.601 12.571 8.506e-07
200 30 0.611 11.6621 8.469e-07
200 30 0.621 10.604 8.533e-07
200 30 0.631 9.2004 8.416e-07
200 30 0.641 9.9515 8.584e-07
200 30 0.651 7.7043 8.421e-07
200 30 0.661 6.8991 8.373e-07
200 30 0.671 7.0267 8.529e-07
200 30 0.681 6.2968 8.309e-07
200 30 0.691 5.4506 8.313e-07
200 30 0.701 5.334 8.25e-07
200 30 0.711 4.6597 8.179e-07
200 30 0.721 4.4573 8.233e-07
200 30 0.731 4.0553 8.128e-07
200 30 0.741 3.5985 8.144e-07
200 30 0.751 3.4586 8.218e-07
200 30 0.761 3.1044 7.972e-07
200 30 0.771 2.8081 8.129e-07
200 30 0.781 2.5849 8.296e-07
200 30 0.791 2.5451 8.242e-07
200 30 0.801 2.0853 8.158e-07
200 30 0.811 2.1232 7.585e-07
200 30 0.821 1.9581 7.991e-07
200 30 0.831 1.5799 8.022e-07
200 30 0.841 1.5206 7.96e-07
200 30 0.851 1.3737 8.001e-07
200 30 0.861 1.2389 7.912e-07
200 30 0.871 1.1389 7.861e-07
200 30 0.881 1.0344 7.947e-07
200 30 0.891 0.9758 7.981e-07
200 30 0.901 1.0173 8.01e-07
200 30 0.911 0.8152 7.958e-07
200 30 0.921 0.7041 8.007e-07
200 30 0.931 0.6213 7.912e-07
200 30 0.941 0.5898 7.496e-07
200 30 0.951 0.6291 7.672e-07
200 30 0.961 0.521 7.244e-07
200 30 0.971 0.4765 7.094e-07
200 30 0.981 0.3886 7.84e-07
200 30 0.991 0.3495 7.888e-07
200 30 1.001 0.3804 7.92e-07
200 30 1.011 0.2665 7.812e-07
200 30 1.021 0.2522 7.823e-07
200 30 1.031 0.2016 7.894e-07
200 30 1.041 0.2473 7.92e-07
200 30 1.051 0.1768 7.851e-07
200 30 1.061 0.2005 7.846e-07
200 30 1.071 0.1672 7.809e-07
200 30 1.081 0.1242 7.858e-07
200 30 1.091 0.1229 7.877e-07
200 30 1.101 0.1335 7.803e-07
200 30 1.111 0.133 7.824e-07
200 30 1.121 0.1111 7.859e-07
200 30 1.131 0.0862 7.792e-07
200 30 1.141 0.0993 7.418e-07
200 30 1.151 0.0877 7.961e-07
200 30 1.161 0.0777 7.923e-07
200 30 1.171 0.0779 7.886e-07
200 30 1.181 0.0689 7.836e-07
200 30 1.191 0.0662 7.853e-07
200 30 1.201 0.064 7.956e-07
200 30 1.211 0.0576 8.017e-07
200 30 1.221 0.0511 7.947e-07
200 30 1.231 0.0601 7.804e-07
200 30 1.241 0.0575 7.044e-07
200 30 1.251 0.0427 6.99e-07
200 30 1.261 0.0394 7.077e-07
200 30 1.271 0.0369 7.009e-07
200 30 1.281 0.0411 6.991e-07
200 30 1.291 0.0384 8.041e-07
200 30 1.301 0.0336 6.957e-07
200 30 1.311 0.034 7.071e-07
200 30 1.321 0.0293 7.353e-07
200 30 1.331 0.0326 7.624e-07
200 30 1.341 0.0266 7.195e-07
200 30 1.351 0.0284 7.091e-07
200 30 1.361 0.0364 7.669e-07
200 30 1.371 0.0247 7.897e-07
200 30 1.381 0.0249 7.156e-07
200 30 1.391 0.0306 8.21e-07
200 30 1.401 0.0263 7.759e-07
200 30 1.411 0.0289 7e-07
200 30 1.421 0.0219 7.822e-07
200 30 1.431 0.0243 8.326e-07
200 30 1.441 0.0221 6.747e-07
200 30 1.451 0.0186 6.946e-07
200 30 1.461 0.0234 7.873e-07
200 30 1.471 0.0207 7.887e-07
200 30 1.481 0.0149 7.825e-07
200 30 1.491 0.0166 7.771e-07
200 30 1.501 0.022 7.879e-07
200 30 1.511 0.0229 7.266e-07
200 30 1.521 0.0207 7.15e-07
200 30 1.531 0.0209 8.074e-07
200 30 1.541 0.0182 8.026e-07
200 30 1.551 0.0161 8.068e-07
200 30 1.561 0.0178 8.054e-07
200 30 1.571 0.0168 7.987e-07
200 30 1.581 0.0189 7.984e-07
200 30 1.591 0.0162 7.979e-07
200 30 1.601 0.0165 8.081e-07
200 30 1.611 0.0179 8.046e-07
200 30 1.621 0.0163 7.926e-07
200 30 1.631 0.0163 7.981e-07
200 30 1.641 0.0166 8.062e-07
200 30 1.651 0.0138 7.826e-07
200 30 1.661 0.0139 7.795e-07
200 30 1.671 0.0163 7.791e-07
200 30 1.681 0.0167 7.94e-07
200 30 1.691 0.0193 7.899e-07
200 30 1.701 0.0154 6.745e-07
200 30 1.711 0.0146 7.177e-07
200 30 1.721 0.0177 7.682e-07
200 30 1.731 0.0159 6.808e-07
200 30 1.741 0.0178 6.521e-07
200 30 1.751 0.0197 6.641e-07
200 30 1.761 0.0177 6.899e-07
200 30 1.771 0.0183 8.754e-07
200 30 1.781 0.0189 8.744e-07
200 30 1.791 0.0159 7.906e-07
200 30 1.801 0.018 7.904e-07
200 30 1.811 0.0152 7.876e-07
200 30 1.821 0.0142 7.822e-07
200 30 1.831 0.0187 7.814e-07
200 30 1.841 0.0141 7.829e-07
200 30 1.851 0.0179 7.939e-07
200 30 1.861 0.0151 7.88e-07
200 30 1.871 0.0148 7.947e-07
200 30 1.881 0.0154 7.919e-07
200 30 1.891 0.0195 7.928e-07
200 30 1.901 0.0198 7.85e-07
200 30 1.911 0.0154 7.841e-07
200 30 1.921 0.0145 7.83e-07
200 30 1.931 0.0153 7.841e-07
200 30 1.941 0.0157 7.891e-07
200 30 1.951 0.0179 7.834e-07
200 30 1.961 0.014 7.853e-07
200 30 1.971 0.0163 7.851e-07
200 30 1.981 0.015 7.859e-07
200 30 1.991 0.0155 7.864e-07
200 40 0.001 1582.17 3.2065e-06
200 40 0.011 1496.7 2.009e-06
200 40 0.021 1414.22 1.9437e-06
200 40 0.031 1354.4 1.8955e-06
200 40 0.041 1239.17 1.7983e-06
200 40 0.051 1135.33 1.8474e-06
200 40 0.061 1062.18 2.0833e-06
200 40 0.071 1003.7 2.5038e-06
200 40 0.081 907.263 2.1209e-06
200 40 0.091 843.009 1.8576e-06
200 40 0.101 779.687 1.388e-06
200 40 0.111 730.103 1.3582e-06
200 40 0.121 664.292 1.3088e-06
200 40 0.131 603.858 1.2463e-06
200 40 0.141 548.694 1.1961e-06
200 40 0.151 525.344 1.3461e-06
200 40 0.161 449.848 1.2726e-06
200 40 0.171 426.276 1.0976e-06
200 40 0.181 370.834 1.2308e-06
200 40 0.191 352.883 1.3108e-06
200 40 0.201 322.588 1.4216e-06
200 40 0.211 294.819 1.3864e-06
200 40 0.221 272.424 1.326e-06
200 40 0.231 243.159 1.2956e-06
200 40 0.241 212.027 1.2444e-06
200 40 0.251 213.448 1.2548e-06
200 40 0.261 188.963 1.2122e-06
200 40 0.271 163.966 1.1473e-06
200 40 0.281 154.541 1.1301e-06
200 40 0.291 146.316 1.1333e-06
200 40 0.301 127.114 1.1093e-06
200 40 0.311 118.481 1.0957e-06
200 40 0.321 113.315 9.287e-07
200 40 0.331 95.5974 1.0539e-06
200 40 0.341 88.5415 1.0504e-06
200 40 0.351 82.7577 1.0338e-06
200 40 0.361 73.8808 1.0237e-06
200 40 0.371 67.9299 1.011e-06
200 40 0.381 58.993 9.893e-07
200 40 0.391 57.0494 1.6468e-06
200 40 0.401 49.6539 8.1595e-06
200 40 0.411 49.6336 4.3669e-06
200 40 0.421 42.1 3.0975e-06
200 40 0.431 41.1329 1.0413e-06
200 40 0.441 36.0279 1.3174e-06
200 40 0.451 34.221 1.0181e-06
200 40 0.461 30.8803 7.862e-07
200 40 0.471 28.0254 7.207e-07
200 40 0.481 24.93 7.579e-07
200 40 0.491 22.0237 8.83e-07
200 40 0.501 22.6343 8.833e-07
200 40 0.511 19.0855 9.193e-07
200 40 0.521 19.1791 9.108e-07
200 40 0.531 17.1962 8.887e-07
200 40 0.541 15.444 9.103e-07
200 40 0.551 15.0044 8.797e-07
200 40 0.561 12.4866 8.628e-07
200 40 0.571 12.2354 8.62e-07
200 40 0.581 10.7488 8.652e-07
200 40 0.591 10.241 8.281e-07
200 40 0.601 9.056 8.227e-07
200 40 0.611 8.2824 8.747e-07
200 40 0.621 7.6591 7.614e-07
200 40 0.631 7.2833 8.083e-07
200 40 0.641 6.8983 8.654e-07
200 40 0.651 5.8646 8.581e-07
200 40 0.661 5.6188 8.526e-07
200 40 0.671 5.3629 8.54e-07
200 40 0.681 4.9622 8.595e-07
200 40 0.691 4.4671 8.53e-07
200 40 0.701 4.4942 8.458e-07
200 40 0.711 3.3001 8.32e-07
200 40 0.721 3.4344 8.376e-07
200 40 0.731 2.8993 8.407e-07
200 40 0.741 2.6227 8.39e-07
200 40 0.751 2.6239 8.411e-07
200 40 0.761 2.1669 8.417e-07
200 40 0.771 1.9706 8.348e-07
200 40 0.781 2.1617 8.432e-07
200 40 0.791 1.8696 8.371e-07
200 40 0.801 1.6359 8.323e-07
200 40 0.811 1.4783 8.201e-07
200 40 0.821 1.4874 6.878e-07
200 40 0.831 1.3685 6.743e-07
200 40 0.841 1.0732 8.019e-07
200 40 0.851 0.9914 8.276e-07
200 40 0.861 0.9539 8.201e-07
200 40 0.871 0.8799 8.204e-07
200 40 0.881 0.7719 8.203e-07
200 40 0.891 0.671 8.071e-07
200 40 0.901 0.5199 8.114e-07
200 40 0.911 0.6006 8.139e-07
200 40 0.921 0.481 8.068e-07
200 40 0.931 0.5207 8.159e-07
200 40 0.941 0.4338 8.247e-07
200 40 0.951 0.433 8.086e-07
200 40 0.961 0.4122 7.084e-07
200 40 0.971 0.2923 6.4e-07
200 40 0.981 0.3446 6.397e-07
200 40 0.991 0.252 7.708e-07
200 40 1.001 0.2108 8.145e-07
200 40 1.011 0.1749 8.073e-07
200 40 1.021 0.1459 8.02e-07
200 40 1.031 0.171 7.559e-07
200 40 1.041 0.1425 7.567e-07
200 40 1.051 0.1301 8.185e-07
200 40 1.061 0.1144 7.533e-07
200 40 1.071 0.1166 7.995e-07
200 40 1.081 0.1002 7.935e-07
200 40 1.091 0.0909 8.146e-07
200 40 1.101 0.092 8.066e-07
200 40 1.111 0.0776 6.797e-07
200 40 1.121 0.0715 6.519e-07
200 40 1.131 0.0613 6.773e-07
200 40 1.141 0.0618 6.396e-07
200 40 1.151 0.0616 7.799e-07
200 40 1.161 0.0454 7.839e-07
200 40 1.171 0.0523 7.9e-07
200 40 1.181 0.0534 7.91e-07
200 40 1.191 0.0449 8.064e-07
200 40 1.201 0.0406 8.004e-07
200 40 1.211 0.0413 7.161e-07
200 40 1.221 0.0343 7.026e-07
200 40 1.231 0.0299 8.02e-07
200 40 1.241 0.0287 8.136e-07
200 40 1.251 0.0389 7.172e-07
200 40 1.261 0.022 7.916e-07
200 40 1.271 0.031 8.836e-07
200 40 1.281 0.0246 7.054e-07
200 40 1.291 0.0209 7.438e-07
200 40 1.301 0.0252 7.809e-07
200 40 1.311 0.0285 7.844e-07
200 40 1.321 0.0233 7.347e-07
200 40 1.331 0.0219 7.664e-07
200 40 1.341 0.02 7.873e-07
200 40 1.351 0.0214 7.6e-07
200 40 1.361 0.0217 7.593e-07
200 40 1.371 0.0178 7.255e-07
200 40 1.381 0.0212 7.659e-07
200 40 1.391 0.0182 7.845e-07
200 40 1.401 0.0159 7.604e-07
200 40 1.411 0.0127 6.912e-07
200 40 1.421 0.0168 7.165e-07
200 40 1.431 0.0157 7.964e-07
200 40 1.441 0.0155 8.022e-07
200 40 1.451 0.0149 8.069e-07
200 40 1.461 0.0154 8.091e-07
200 40 1.471 0.011 7.936e-07
200 40 1.481 0.0113 8.026e-07
200 40 1.491 0.016 8.882e-07
200 40 1.501 0.0117 8.98e-07
200 40 1.511 0.0126 8.898e-07
200 40 1.521 0.0156 8.952e-07
200 40 1.531 0.011 8.956e-07
200 40 1.541 0.0111 8.962e-07
200 40 1.551 0.0093 9.11e-07
200 40 1.561 0.0127 9.015e-07
200 40 1.571 0.0149 9.04e-07
200 40 1.581 0.0129 9.008e-07
200 40 1.591 0.0118 9.139e-07
200 40 1.601 0.0096 9.042e-07
200 40 1.611 0.0117 9.051e-07
200 40 1.621 0.0118 9.056e-07
200 40 1.631 0.0114 9.131e-07
200 40 1.641 0.0127 8.207e-07
200 40 1.651 0.0132 7.808e-07
200 40 1.661 0.0115 6.324e-07
200 40 1.671 0.0096 6.52e-07
200 40 1.681 0.0107 7.311e-07
200 40 1.691 0.0111 7.884e-07
200 40 1.701 0.0106 7.867e-07
200 40 1.711 0.0136 7.86e-07
200 40 1.721 0.0117 7.901e-07
200 40 1.731 0.0115 7.921e-07
200 40 1.741 0.0107 7.85e-07
200 40 1.751 0.0093 7.956e-07
200 40 1.761 0.0104 7.899e-07
200 40 1.771 0.0105 7.243e-07
200 40 1.781 0.0104 8.096e-07
200 40 1.791 0.0087 7.121e-07
200 40 1.801 0.0097 7.505e-07
200 40 1.811 0.0126 7.058e-07
200 40 1.821 0.0101 6.715e-07
200 40 1.831 0.011 8.085e-07
200 40 1.841 0.0111 7.726e-07
200 40 1.851 0.0118 6.532e-07
200 40 1.861 0.0084 6.91e-07
200 40 1.871 0.0078 6.787e-07
200 40 1.881 0.01 7.975e-07
200 40 1.891 0.008 7.933e-07
200 40 1.901 0.0117 7.918e-07
200 40 1.911 0.0088 7.938e-07
200 40 1.921 0.0126 7.898e-07
200 40 1.931 0.0102 7.904e-07
200 40 1.941 0.0113 7.916e-07
200 40 1.951 0.0085 7.881e-07
200 40 1.961 0.0107 7.836e-07
200 40 1.971 0.008 6.498e-07
200 40 1.981 0.0118 6.211e-07
200 40 1.991 0.0102 6.199e-07
300 10 0.001 743.964 1.818e-06
300 10 0.011 719.014 2.1985e-06
300 10 0.021 713.77 2.503e-06
300 10 0.031 661.149 2.5204e-06
300 10 0.041 685.532 2.14e-06
300 10 0.051 662.952 1.7503e-06
300 10 0.061 653.473 1.7475e-06
300 10 0.071 636.721 1.7416e-06
300 10 0.081 587.598 2.3391e-06
300 10 0.091 608.607 1.9017e-06
300 10 0.101 594.519 1.7025e-06
300 10 0.111 565.101 1.6935e-06
300 10 0.121 560.288 1.6831e-06
300 10 0.131 537.008 1.6776e-06
300 10 0.141 519.166 1.6687e-06
300 10 0.151 500.09 2.0284e-06
300 10 0.161 496.218 2.2597e-06
300 10 0.171 489.062 2.1264e-06
300 10 0.181 457.683 2.0071e-06
300 10 0.191 458.271 1.9759e-06
300 10 0.201 428.1 1.6334e-06
300 10 0.211 420.403 1.9714e-06
300 10 0.221 410.27 1.6289e-06
300 10 0.231 389.574 1.6774e-06
300 10 0.241 375.987 2.0509e-06
300 10 0.251 370.407 2.0512e-06
300 10 0.261 353.363 2.0303e-06
300 10 0.271 344.973 1.8571e-06
300 10 0.281 334.931 1.6675e-06
300 10 0.291 315.082 1.9983e-06
300 10 0.301 306.466 1.9763e-06
300 10 0.311 292.808 1.9159e-06
300 10 0.321 281.331 1.7871e-06
300 10 0.331 278.19 1.8642e-06
300 10 0.341 258.977 1.7483e-06
300 10 0.351 260.563 1.8891e-06
300 10 0.361 236.996 1.8668e-06
300 10 0.371 235.976 1.871e-06
300 10 0.381 221.916 1.7912e-06
300 10 0.391 213.341 1.4705e-06
300 10 0.401 202.478 1.5093e-06
300 10 0.411 203.4 1.8105e-06
300 10 0.421 194.596 1.6773e-06
300 10 0.431 171.462 1.5032e-06
300 10 0.441 172.232 1.514e-06
300 10 0.451 168.365 1.5109e-06
300 10 0.461 160.081 1.476e-06
300 10 0.471 148.912 1.435e-06
300 10 0.481 145.808 1.4364e-06
300 10 0.491 139.772 1.4324e-06
300 10 0.501 135.843 1.4307e-06
300 10 0.511 126.494 1.4846e-06
300 10 0.521 117.128 1.6606e-06
300 10 0.531 114.551 1.6563e-06
300 10 0.541 109.247 1.6577e-06
300 10 0.551 101.462 1.6339e-06
300 10 0.561 101.859 1.6385e-06
300 10 0.571 93.7307 1.6198e-06
300 10 0.581 88.7399 1.6199e-06
300 10 0.591 88.6707 1.6188e-06
300 10 0.601 83.6543 1.6083e-06
300 10 0.611 74.8213 1.5821e-06
300 10 0.621 72.0241 1.5768e-06
300 10 0.631 69.6584 1.3968e-06
300 10 0.641 63.3587 1.6004e-06
300 10 0.651 62.4382 1.3743e-06
300 10 0.661 57.6049 1.3722e-06
300 10 0.671 54.2997 1.5496e-06
300 10 0.681 52.5567 1.4605e-06
300 10 0.691 49.2475 1.5216e-06
300 10 0.701 42.984 1.5422e-06
300 10 0.711 43.6873 1.5426e-06
300 10 0.721 43.071 1.5347e-06
300 10 0.731 37.9771 1.5347e-06
300 10 0.741 36.1351 1.5179e-06
300 10 0.751 33.613 1.4991e-06
300 10 0.761 32.7561 1.3565e-06
300 10 0.771 29.374 1.3597e-06
300 10 0.781 26.8175 1.3265e-06
300 10 0.791 26.2521 1.3269e-06
300 10 0.801 24.5991 1.34e-06
300 10 0.811 22.3784 1.4553e-06
300 10 0.821 22.5944 1.4947e-06
300 10 0.831 21.2047 1.4905e-06
300 10 0.841 20.1501 1.4892e-06
300 10 0.851 18.8153 1.4642e-06
300 10 0.861 15.3668 1.4808e-06
300 10 0.871 15.1747 1.4844e-06
300 10 0.881 14.1851 1.4739e-06
300 10 0.891 13.855 1.4799e-06
300 10 0.901 12.9809 1.3504e-06
300 10 0.911 10.5667 1.3944e-06
300 10 0.921 10.6904 1.4405e-06
300 10 0.931 10.7507 1.4372e-06
300 10 0.941 8.5087 1.3723e-06
300 10 0.951 8.728 1.2981e-06
300 10 0.961 8.1624 1.2941e-06
300 10 0.971 7.6078 1.4172e-06
300 10 0.981 6.139 1.4318e-06
300 10 0.991 6.295 1.4458e-06
300 10 1.001 5.2244 1.4428e-06
300 10 1.011 4.8402 1.4112e-06
300 10 1.021 4.0009 1.4096e-06
300 10 1.031 3.9122 1.4176e-06
300 10 1.041 3.4424 1.4098e-06
300 10 1.051 3.1536 1.4159e-06
300 10 1.061 3.0851 1.4156e-06
300 10 1.071 2.9851 1.4176e-06
300 10 1.081 2.6977 1.4155e-06
300 10 1.091 2.4553 1.4116e-06
300 10 1.101 2.4065 1.4162e-06
300 10 1.111 2.1477 1.4203e-06
300 10 1.121 1.7805 1.3735e-06
300 10 1.131 1.689 1.4052e-06
300 10 1.141 1.5372 1.4072e-06
300 10 1.151 1.5267 1.3493e-06
300 10 1.161 1.4775 1.275e-06
300 10 1.171 1.4962 1.2848e-06
300 10 1.181 1.2312 1.273e-06
300 10 1.191 1.0953 1.3787e-06
300 10 1.201 1.0403 1.284e-06
300 10 1.211 1.0264 1.308e-06
300 10 1.221 1.0619 1.4185e-06
300 10 1.231 0.9206 1.4113e-06
300 10 1.241 0.7605 1.4072e-06
300 10 1.251 0.8606 1.4537e-06
300 10 1.261 0.794 1.4829e-06
300 10 1.271 0.8205 1.4779e-06
300 10 1.281 0.7565 1.4914e-06
300 10 1.291 0.7244 1.4891e-06
300 10 1.301 0.6325 1.4723e-06
300 10 1.311 0.6236 1.4859e-06
300 10 1.321 0.6055 1.4796e-06
300 10 1.331 0.5671 1.4867e-06
300 10 1.341 0.5032 1.4565e-06
300 10 1.351 0.5014 1.4792e-06
300 10 1.361 0.5113 1.4341e-06
300 10 1.371 0.4436 1.3964e-06
300 10 1.381 0.4187 1.4086e-06
300 10 1.391 0.4439 1.3172e-06
300 10 1.401 0.429 1.3679e-06
300 10 1.411 0.3542 1.4106e-06
300 10 1.421 0.38 1.3983e-06
300 10 1.431 0.3278 1.4023e-06
300 10 1.441 0.3296 1.4147e-06
300 10 1.451 0.3274 1.3417e-06
300 10 1.461 0.2936 1.4051e-06
300 10 1.471 0.3152 1.4013e-06
300 10 1.481 0.3103 1.2764e-06
300 10 1.491 0.2974 1.3185e-06
300 10 1.501 0.2739 1.4108e-06
300 10 1.511 0.291 1.4127e-06
300 10 1.521 0.2727 1.341e-06
300 10 1.531 0.253 1.272e-06
300 10 1.541 0.2466 1.3627e-06
300 10 1.551 0.2325 1.2849e-06
300 10 1.561 0.2473 1.3204e-06
300 10 1.571 0.2289 1.3327e-06
300 10 1.581 0.2415 1.4103e-06
300 10 1.591 0.2265 1.4059e-06
300 10 1.601 0.2351 1.413e-06
300 10 1.611 0.2136 1.4112e-06
300 10 1.621 0.2253 1.4161e-06
300 10 1.631 0.2208 1.366e-06
300 10 1.641 0.2137 1.266e-06
300 10 1.651 0.2133 1.2926e-06
300 10 1.661 0.2074 1.3325e-06
300 10 1.671 0.2094 1.3115e-06
300 10 1.681 0.2166 1.2732e-06
300 10 1.691 0.2149 1.2739e-06
300 10 1.701 0.2103 1.3777e-06
300 10 1.711 0.1971 1.4346e-06
300 10 1.721 0.2042 1.4104e-06
300 10 1.731 0.1994 1.3997e-06
300 10 1.741 0.1985 1.4013e-06
300 10 1.751 0.1992 1.3952e-06
300 10 1.761 0.1942 1.3994e-06
300 10 1.771 0.1876 1.3875e-06
300 10 1.781 0.1958 1.3953e-06
300 10 1.791 0.1986 1.3979e-06
300 10 1.801 0.1886 1.4085e-06
300 10 1.811 0.1898 1.4046e-06
300 10 1.821 0.1834 1.3988e-06
300 10 1.831 0.1882 1.4e-06
300 10 1.841 0.1853 1.3963e-06
300 10 1.851 0.1945 1.3992e-06
300 10 1.861 0.1883 1.4032e-06
300 10 1.871 0.1906 1.362e-06
300 10 1.881 0.1871 1.3809e-06
300 10 1.891 0.1805 1.4796e-06
300 10 1.901 0.1876 1.4727e-06
300 10 1.911 0.1845 1.4639e-06
300 10 1.921 0.1834 1.4605e-06
300 10 1.931 0.1888 1.3826e-06
300 10 1.941 0.1753 1.3919e-06
300 10 1.951 0.1888 1.3987e-06
300 10 1.961 0.1976 1.3888e-06
300 10 1.971 0.1848 1.3888e-06
300 10 1.981 0.1731 1.3792e-06
300 10 1.991 0.186 1.3852e-06
300 20 0.001 1369.34 3.0352e-06
300 20 0.011 1346.07 3.0117e-06
300 20 0.021 1344.66 2.4595e-06
300 20 0.031 1235.91 1.7746e-06
300 20 0.041 1223.59 2.3976e-06
300 20 0.051 1131.18 2.7292e-06
300 20 0.061 1117.94 2.706e-06
300 20 0.071 1052.99 2.3454e-06
300 20 0.081 988.05 2.5542e-06
300 20 0.091 983.129 2.5493e-06
300 20 0.101 949.286 2.5134e-06
300 20 0.111 868.615 2.3895e-06
300 20 0.121 899.213 2.4453e-06
300 20 0.131 811.666 1.802e-06
300 20 0.141 740.907 1.8044e-06
300 20 0.151 732.294 1.4538e-06
300 20 0.161 699.131 1.3979e-06
300 20 0.171 659.121 1.6741e-06
300 20 0.181 619.976 1.7328e-06
300 20 0.191 583.372 1.9163e-06
300 20 0.201 555.883 1.8702e-06
300 20 0.211 525.518 1.8461e-06
300 20 0.221 482.162 1.7544e-06
300 20 0.231 479.126 1.7781e-06
300 20 0.241 457.627 1.7592e-06
300 20 0.251 430.643 1.7209e-06
300 20 0.261 388.096 1.6504e-06
300 20 0.271 369.309 1.6102e-06
300 20 0.281 339.402 1.5679e-06
300 20 0.291 317.081 1.5292e-06
300 20 0.301 301.333 1.5111e-06
300 20 0.311 284.015 1.4857e-06
300 20 0.321 266.185 1.4413e-06
300 20 0.331 264.61 1.4475e-06
300 20 0.341 236.56 1.4219e-06
300 20 0.351 217.913 1.3818e-06
300 20 0.361 216.892 1.3864e-06
300 20 0.371 194.263 1.3478e-06
300 20 0.381 178.988 1.32e-06
300 20 0.391 161.978 1.287e-06
300 20 0.401 154.139 1.2712e-06
300 20 0.411 141.442 1.2501e-06
300 20 0.421 131.894 1.1045e-06
300 20 0.431 128.784 1.0047e-06
300 20 0.441 117.528 1.0982e-06
300 20 0.451 106.662 1.2363e-06
300 20 0.461 110.181 1.2168e-06
300 20 0.471 89.7452 1.1657e-06
300 20 0.481 88.9698 1.0536e-06
300 20 0.491 84.2171 1.0086e-06
300 20 0.501 78.8815 1.004e-06
300 20 0.511 68.6539 1.171e-06
300 20 0.521 64.9628 1.2084e-06
300 20 0.531 60.4825 1.1832e-06
300 20 0.541 56.2272 1.1805e-06
300 20 0.551 49.6885 9.049e-07
300 20 0.561 46.1946 8.737e-07
300 20 0.571 44.2905 9.534e-07
300 20 0.581 41.1424 1.0896e-06
300 20 0.591 38.1862 1.0474e-06
300 20 0.601 32.4273 8.883e-07
300 20 0.611 31.1752 9.28e-07
300 20 0.621 27.47 9.345e-07
300 20 0.631 25.9701 1.0134e-06
300 20 0.641 26.316 1.0204e-06
300 20 0.651 22.4234 1.0035e-06
300 20 0.661 21.6352 1.0057e-06
300 20 0.671 20.14 1.0012e-06
300 20 0.681 17.601 9.854e-07
300 20 0.691 15.7929 9.841e-07
300 20 0.701 15.2875 9.789e-07
300 20 0.711 14.1816 9.78e-07
300 20 0.721 13.4443 9.769e-07
300 20 0.731 10.9027 9.57e-07
300 20 0.741 11.369 9.601e-07
300 20 0.751 9.3416 9.495e-07
300 20 0.761 8.2537 9.503e-07
300 20 0.771 7.9088 9.454e-07
300 20 0.781 7.2439 9.457e-07
300 20 0.791 6.6832 9.447e-07
300 20 0.801 6.6291 9.442e-07
300 20 0.811 5.3326 9.361e-07
300 20 0.821 5.6434 9.375e-07
300 20 0.831 4.5611 9.29e-07
300 20 0.841 4.2803 9.146e-07
300 20 0.851 4.0093 9.152e-07
300 20 0.861 3.4537 9.146e-07
300 20 0.871 3.6049 9.114e-07
300 20 0.881 2.92 9.053e-07
300 20 0.891 2.7802 9.154e-07
300 20 0.901 2.6809 9.138e-07
300 20 0.911 2.231 9.089e-07
300 20 0.921 2.1063 8e-07
300 20 0.931 1.685 7.698e-07
300 20 0.941 1.8012 7.702e-07
300 20 0.951 1.5206 7.771e-07
300 20 0.961 1.5817 7.682e-07
300 20 0.971 1.4293 7.666e-07
300 20 0.981 1.0853 7.642e-07
300 20 0.991 0.9804 7.659e-07
300 20 1.001 1.0374 9.081e-07
300 20 1.011 0.8275 8.518e-07
300 20 1.021 0.8443 8.893e-07
300 20 1.031 0.685 8.376e-07
300 20 1.041 0.5895 8.578e-07
300 20 1.051 0.479 8.796e-07
300 20 1.061 0.505 9.049e-07
300 20 1.071 0.4079 7.72e-07
300 20 1.081 0.3762 7.481e-07
300 20 1.091 0.3808 8.48e-07
300 20 1.101 0.3236 8.7e-07
300 20 1.111 0.2626 8.714e-07
300 20 1.121 0.3455 7.997e-07
300 20 1.131 0.2628 8.999e-07
300 20 1.141 0.268 8.686e-07
300 20 1.151 0.2477 7.841e-07
300 20 1.161 0.2103 8.473e-07
300 20 1.171 0.1866 8.79e-07
300 20 1.181 0.1949 8.868e-07
300 20 1.191 0.1916 7.878e-07
300 20 1.201 0.1633 7.514e-07
300 20 1.211 0.1355 7.511e-07
300 20 1.221 0.1449 7.541e-07
300 20 1.231 0.1278 7.776e-07
300 20 1.241 0.1363 7.512e-07
300 20 1.251 0.1481 8.188e-07
300 20 1.261 0.1266 7.496e-07
300 20 1.271 0.1258 7.584e-07
300 20 1.281 0.1067 7.42e-07
300 20 1.291 0.0957 7.531e-07
300 20 1.301 0.1083 7.565e-07
300 20 1.311 0.0885 7.968e-07
300 20 1.321 0.0863 8.925e-07
300 20 1.331 0.0863 8.909e-07
300 20 1.341 0.0753 9.081e-07
300 20 1.351 0.0825 8.962e-07
300 20 1.361 0.0793 8.938e-07
300 20 1.371 0.0757 8.971e-07
300 20 1.381 0.0792 9.085e-07
300 20 1.391 0.0617 7.577e-07
300 20 1.401 0.0722 8.293e-07
300 20 1.411 0.07 8.761e-07
300 20 1.421 0.0716 8.832e-07
300 20 1.431 0.0668 8.636e-07
300 20 1.441 0.0704 8.83e-07
300 20 1.451 0.0629 8.686e-07
300 20 1.461 0.0589 8.676e-07
300 20 1.471 0.0567 8.755e-07
300 20 1.481 0.0589 8.425e-07
300 20 1.491 0.0579 8.968e-07
300 20 1.501 0.0565 8.947e-07
300 20 1.511 0.0544 8.978e-07
300 20 1.521 0.0496 8.903e-07
300 20 1.531 0.055 9.004e-07
300 20 1.541 0.0537 8.92e-07
300 20 1.551 0.0547 8.994e-07
300 20 1.561 0.0493 8.883e-07
300 20 1.571 0.0465 8.513e-07
300 20 1.581 0.0431 8.858e-07
300 20 1.591 0.046 8.725e-07
300 20 1.601 0.0416 7.905e-07
300 20 1.611 0.049 7.595e-07
300 20 1.621 0.0509 7.682e-07
300 20 1.631 0.0444 7.99e-07
300 20 1.641 0.0483 7.739e-07
300 20 1.651 0.0466 8.249e-07
300 20 1.661 0.0493 8.868e-07
300 20 1.671 0.046 8.967e-07
300 20 1.681 0.0504 8.897e-07
300 20 1.691 0.0547 7.593e-07
300 20 1.701 0.0439 7.567e-07
300 20 1.711 0.0488 8.045e-07
300 20 1.721 0.0488 7.665e-07
300 20 1.731 0.046 9.357e-07
300 20 1.741 0.0405 8.314e-07
300 20 1.751 0.0453 7.8e-07
300 20 1.761 0.0427 8.427e-07
300 20 1.771 0.0425 9.107e-07
300 20 1.781 0.0392 9.091e-07
300 20 1.791 0.0452 9.054e-07
300 20 1.801 0.0469 9.086e-07
300 20 1.811 0.0483 9.031e-07
300 20 1.821 0.0453 9.021e-07
300 20 1.831 0.041 9e-07
300 20 1.841 0.041 9.011e-07
300 20 1.851 0.0414 8.618e-07
300 20 1.861 0.0439 7.829e-07
300 20 1.871 0.0439 7.385e-07
300 20 1.881 0.0439 7.498e-07
300 20 1.891 0.0378 8.267e-07
300 20 1.901 0.0427 8.909e-07
300 20 1.911 0.0411 8.91e-07
300 20 1.921 0.0417 8.879e-07
300 20 1.931 0.0409 8.893e-07
300 20 1.941 0.0385 8.856e-07
300 20 1.951 0.043 8.873e-07
300 20 1.961 0.0471 8.803e-07
300 20 1.971 0.0376 8.829e-07
300 20 1.981 0.0396 8.766e-07
300 20 1.991 0.0453 8.765e-07
300 30 0.001 2017.71 3.965e-06
300 30 0.011 1927.8 3.8308e-06
300 30 0.021 1812.95 3.6634e-06
300 30 0.031 1745.81 3.5825e-06
300 30 0.041 1674.56 3.5028e-06
300 30 0.051 1615.82 3.4074e-06
300 30 0.061 1485.94 3.2161e-06
300 30 0.071 1339.37 3.0056e-06
300 30 0.081 1304.26 2.9559e-06
300 30 0.091 1248.76 2.896e-06
300 30 0.101 1126.95 1.9389e-06
300 30 0.111 1072.44 1.6074e-06
300 30 0.121 1008.36 1.5642e-06
300 30 0.131 932.469 1.512e-06
300 30 0.141 884.82 1.481e-06
300 30 0.151 806.79 1.4175e-06
300 30 0.161 750.354 1.3945e-06
300 30 0.171 709.319 1.6393e-06
300 30 0.181 643.892 1.958e-06
300 30 0.191 581.506 1.8497e-06
300 30 0.201 571.692 1.8446e-06
300 30 0.211 502.917 1.7322e-06
300 30 0.221 466.111 1.6875e-06
300 30 0.231 434.025 1.6714e-06
300 30 0.241 412.633 1.6444e-06
300 30 0.251 364.586 1.5661e-06
300 30 0.261 351.602 1.554e-06
300 30 0.271 319.569 1.5009e-06
300 30 0.281 279.743 1.2807e-06
300 30 0.291 271.284 1.3614e-06
300 30 0.301 248.601 1.3807e-06
300 30 0.311 228.435 1.3548e-06
300 30 0.321 204.85 1.3113e-06
300 30 0.331 202.964 1.3106e-06
300 30 0.341 171.86 1.0825e-06
300 30 0.351 165.457 1.0626e-06
300 30 0.361 154.982 1.0393e-06
300 30 0.371 144.398 1.1239e-06
300 30 0.381 128.227 9.805e-07
300 30 0.391 117.449 9.747e-07
300 30 0.401 103.986 8.965e-07
300 30 0.411 97.7762 8.884e-07
300 30 0.421 90.6214 9.084e-07
300 30 0.431 83.3601 9.165e-07
300 30 0.441 75.3471 1.0415e-06
300 30 0.451 70.3983 1.0769e-06
300 30 0.461 63.9584 1.0636e-06
300 30 0.471 59.7544 1.0504e-06
300 30 0.481 56.2717 1.0434e-06
300 30 0.491 46.2653 1.0029e-06
300 30 0.501 46.6242 9.439e-07
300 30 0.511 42.7071 1.0169e-06
300 30 0.521 40.1081 1.0164e-06
300 30 0.531 34.7552 9.976e-07
300 30 0.541 32.743 9.948e-07
300 30 0.551 31.4403 1.0004e-06
300 30 0.561 28.6292 9.79e-07
300 30 0.571 26.2153 9.774e-07
300 30 0.581 23.8039 9.715e-07
300 30 0.591 19.6233 9.579e-07
300 30 0.601 20.3512 8.212e-07
300 30 0.611 19.5567 8.296e-07
300 30 0.621 17.4317 8.623e-07
300 30 0.631 13.7456 9.305e-07
300 30 0.641 14.5015 7.849e-07
300 30 0.651 12.4865 7.635e-07
300 30 0.661 11.5785 8.444e-07
300 30 0.671 11.073 9.414e-07
300 30 0.681 9.1153 9.305e-07
300 30 0.691 8.8309 9.242e-07
300 30 0.701 8.9634 7.632e-07
300 30 0.711 7.9249 9.015e-07
300 30 0.721 6.9521 7.608e-07
300 30 0.731 6.5808 8.079e-07
300 30 0.741 5.9533 9.149e-07
300 30 0.751 5.3285 8.927e-07
300 30 0.761 5.2474 9.061e-07
300 30 0.771 4.1076 8.969e-07
300 30 0.781 3.9237 9.242e-07
300 30 0.791 3.8775 9.079e-07
300 30 0.801 3.7732 8.541e-07
300 30 0.811 3.3453 7.339e-07
300 30 0.821 3.0502 7.292e-07
300 30 0.831 2.8047 7.656e-07
300 30 0.841 2.4061 7.97e-07
300 30 0.851 2.185 8.833e-07
300 30 0.861 1.8176 8.366e-07
300 30 0.871 1.7987 7.376e-07
300 30 0.881 1.6356 8.672e-07
300 30 0.891 1.5551 8.901e-07
300 30 0.901 1.4138 8.941e-07
300 30 0.911 1.3132 8.809e-07
300 30 0.921 1.1187 8.37e-07
300 30 0.931 1.041 7.156e-07
300 30 0.941 0.9657 8.036e-07
300 30 0.951 0.9069 7.173e-07
300 30 0.961 0.6073 8.095e-07
300 30 0.971 0.75 8.47e-07
300 30 0.981 0.5932 7.097e-07
300 30 0.991 0.6486 7.115e-07
300 30 1.001 0.456 7.257e-07
300 30 1.011 0.4237 7.099e-07
300 30 1.021 0.3828 7.028e-07
300 30 1.031 0.3555 7.895e-07
300 30 1.041 0.3274 7.787e-07
300 30 1.051 0.2889 6.863e-07
300 30 1.061 0.2413 7.324e-07
300 30 1.071 0.2 8.452e-07
300 30 1.081 0.2754 8.797e-07
300 30 1.091 0.2151 8.697e-07
300 30 1.101 0.1756 8.097e-07
300 30 1.111 0.178 8.351e-07
300 30 1.121 0.164 8.37e-07
300 30 1.131 0.1718 8.422e-07
300 30 1.141 0.1396 8.39e-07
300 30 1.151 0.1174 8.429e-07
300 30 1.161 0.0993 8.287e-07
300 30 1.171 0.0987 8.356e-07
300 30 1.181 0.1011 8.385e-07
300 30 1.191 0.1006 8.303e-07
300 30 1.201 0.0934 8.335e-07
300 30 1.211 0.0807 7.539e-07
300 30 1.221 0.1001 6.959e-07
300 30 1.231 0.0852 7.78e-07
300 30 1.241 0.0715 9.397e-07
300 30 1.251 0.0754 8.52e-07
300 30 1.261 0.0722 8.49e-07
300 30 1.271 0.0656 7.189e-07
300 30 1.281 0.0647 6.991e-07
300 30 1.291 0.0575 6.988e-07
300 30 1.301 0.0589 8.351e-07
300 30 1.311 0.0495 7.528e-07
300 30 1.321 0.053 7.279e-07
300 30 1.331 0.0449 7.863e-07
300 30 1.341 0.0456 7.095e-07
300 30 1.351 0.042 6.992e-07
300 30 1.361 0.043 7.007e-07
300 30 1.371 0.0392 8.096e-07
300 30 1.381 0.0384 8.505e-07
300 30 1.391 0.0407 8.49e-07
300 30 1.401 0.04 8.475e-07
300 30 1.411 0.0424 8.495e-07
300 30 1.421 0.0303 8.561e-07
300 30 1.431 0.0341 8.584e-07
300 30 1.441 0.0368 8.34e-07
300 30 1.451 0.0339 7.953e-07
300 30 1.461 0.034 8.31e-07
300 30 1.471 0.0298 8.289e-07
300 30 1.481 0.0327 8.342e-07
300 30 1.491 0.0332 7.786e-07
300 30 1.501 0.0296 6.967e-07
300 30 1.511 0.0334 7.463e-07
300 30 1.521 0.0264 7.435e-07
300 30 1.531 0.0232 8.428e-07
300 30 1.541 0.0311 8.769e-07
300 30 1.551 0.026 8.895e-07
300 30 1.561 0.0286 8.959e-07
300 30 1.571 0.0278 8.982e-07
300 30 1.581 0.0278 8.887e-07
300 30 1.591 0.0272 6.982e-07
300 30 1.601 0.0276 8.026e-07
300 30 1.611 0.0271 8.524e-07
300 30 1.621 0.0258 8.355e-07
300 30 1.631 0.0258 8.294e-07
300 30 1.641 0.0306 7.472e-07
300 30 1.651 0.0255 7.689e-07
300 30 1.661 0.033 8.403e-07
300 30 1.671 0.0263 8.415e-07
300 30 1.681 0.0291 8.46e-07
300 30 1.691 0.0229 8.525e-07
300 30 1.701 0.0259 8.399e-07
300 30 1.711 0.0216 8.35e-07
300 30 1.721 0.0233 8.37e-07
300 30 1.731 0.0216 8.401e-07
300 30 1.741 0.0232 8.514e-07
300 30 1.751 0.0259 8.528e-07
300 30 1.761 0.024 8.466e-07
300 30 1.771 0.0272 8.576e-07
300 30 1.781 0.0237 8.454e-07
300 30 1.791 0.0219 8.495e-07
300 30 1.801 0.0205 8.481e-07
300 30 1.811 0.0232 8.494e-07
300 30 1.821 0.0247 8.48e-07
300 30 1.831 0.0257 8.028e-07
300 30 1.841 0.0268 8.002e-07
300 30 1.851 0.0221 7.563e-07
300 30 1.861 0.0226 6.912e-07
300 30 1.871 0.0241 7.376e-07
300 30 1.881 0.025 8.317e-07
300 30 1.891 0.0194 8.224e-07
300 30 1.901 0.0251 8.289e-07
300 30 1.911 0.0258 6.986e-07
300 30 1.921 0.0247 6.783e-07
300 30 1.931 0.0218 8.044e-07
300 30 1.941 0.0245 8.674e-07
300 30 1.951 0.02 8.774e-07
300 30 1.961 0.0266 8.7e-07
300 30 1.971 0.0236 8.724e-07
300 30 1.981 0.0267 8.675e-07
300 30 1.991 0.0225 8.534e-07
300 40 0.001 2623.03 5.1655e-06
300 40 0.011 2473.77 4.9355e-06
300 40 0.021 2282.27 4.632e-06
300 40 0.031 2226.08 4.5601e-06
300 40 0.041 2081.88 4.3258e-06
300 40 0.051 1924.38 4.0238e-06
300 40 0.061 1742.25 3.7307e-06
300 40 0.071 1548.74 3.4265e-06
300 40 0.081 1468.19 2.8664e-06
300 40 0.091 1293.65 2.6776e-06
300 40 0.101 1276.72 2.7804e-06
300 40 0.111 1159.42 2.8896e-06
300 40 0.121 1045.38 2.7162e-06
300 40 0.131 949.928 1.9496e-06
300 40 0.141 910.384 2.4821e-06
300 40 0.151 825.201 2.3343e-06
300 40 0.161 724.961 2.1721e-06
300 40 0.171 714.822 2.1706e-06
300 40 0.181 626.47 2.0151e-06
300 40 0.191 560.175 1.3796e-06
300 40 0.201 499.52 1.6591e-06
300 40 0.211 461.301 1.7475e-06
300 40 0.221 423.793 1.6841e-06
300 40 0.231 375.465 1.5956e-06
300 40 0.241 339.683 1.5379e-06
300 40 0.251 328.364 1.5166e-06
300 40 0.261 301.306 1.2633e-06
300 40 0.271 263.67 1.447e-06
300 40 0.281 244.005 1.4112e-06
300 40 0.291 228.158 1.3857e-06
300 40 0.301 220.34 1.3708e-06
300 40 0.311 185.793 1.3183e-06
300 40 0.321 168.303 1.2938e-06
300 40 0.331 160.562 1.2796e-06
300 40 0.341 138.299 1.0554e-06
300 40 0.351 126.713 1.191e-06
300 40 0.361 114.504 1.0087e-06
300 40 0.371 108.139 1.1485e-06
300 40 0.381 90.5106 1.1212e-06
300 40 0.391 95.3049 1.0936e-06
300 40 0.401 78.7508 8.664e-07
300 40 0.411 76.4778 1.0996e-06
300 40 0.421 70.5912 1.0856e-06
300 40 0.431 65.3145 1.0258e-06
300 40 0.441 61.8557 8.12e-07
300 40 0.451 50.7167 8.015e-07
300 40 0.461 52.6253 9.06e-07
300 40 0.471 44.7129 8.289e-07
300 40 0.481 43.113 1.0065e-06
300 40 0.491 36.4601 1.0041e-06
300 40 0.501 32.2631 9.997e-07
300 40 0.511 30.3132 8.309e-07
300 40 0.521 28.6511 7.639e-07
300 40 0.531 26.1402 7.614e-07
300 40 0.541 26.8938 7.618e-07
300 40 0.551 23.4524 7.579e-07
300 40 0.561 21.3964 8.148e-07
300 40 0.571 18.6073 7.469e-07
300 40 0.581 18.9433 7.477e-07
300 40 0.591 16.0023 7.366e-07
300 40 0.601 14.3705 8.719e-07
300 40 0.611 13.2032 9.175e-07
300 40 0.621 11.9409 8.951e-07
300 40 0.631 12.786 9.201e-07
300 40 0.641 10.8354 9.072e-07
300 40 0.651 9.2887 8.831e-07
300 40 0.661 8.6663 7.285e-07
300 40 0.671 8.2379 8.463e-07
300 40 0.681 6.8846 9.225e-07
300 40 0.691 6.7123 9.197e-07
300 40 0.701 6.5038 9.147e-07
300 40 0.711 5.5803 9.064e-07
300 40 0.721 5.1624 7.126e-07
300 40 0.731 4.9824 7.107e-07
300 40 0.741 4.5782 7.129e-07
300 40 0.751 3.9431 7.041e-07
300 40 0.761 4.2088 7.041e-07
300 40 0.771 3.3557 7.103e-07
300 40 0.781 3.3283 7.004e-07
300 40 0.791 2.7942 6.967e-07
300 40 0.801 2.6171 7.72e-07
300 40 0.811 2.058 8.124e-07
300 40 0.821 2.3144 6.934e-07
300 40 0.831 1.95 6.961e-07
300 40 0.841 1.7676 7.708e-07
300 40 0.851 1.6157 9.544e-07
300 40 0.861 1.7087 9.456e-07
300 40 0.871 1.4562 9.55e-07
300 40 0.881 1.1943 9.394e-07
300 40 0.891 1.1063 9.4e-07
300 40 0.901 1.0457 9.368e-07
300 40 0.911 1.002 9.384e-07
300 40 0.921 0.7944 9.346e-07
300 40 0.931 0.6846 9.338e-07
300 40 0.941 0.6907 9.461e-07
300 40 0.951 0.6388 9.489e-07
300 40 0.961 0.5997 9.401e-07
300 40 0.971 0.5108 8.965e-07
300 40 0.981 0.398 7.713e-07
300 40 0.991 0.3848 7.481e-07
300 40 1.001 0.3437 8.473e-07
300 40 1.011 0.3312 8.432e-07
300 40 1.021 0.271 8.473e-07
300 40 1.031 0.283 7.813e-07
300 40 1.041 0.2214 8.36e-07
300 40 1.051 0.225 8.398e-07
300 40 1.061 0.1554 8.451e-07
300 40 1.071 0.1515 8.47e-07
300 40 1.081 0.1499 7.9e-07
300 40 1.091 0.1454 8.531e-07
300 40 1.101 0.1268 7.386e-07
300 40 1.111 0.1144 6.816e-07
300 40 1.121 0.1046 7.756e-07
300 40 1.131 0.1024 8.095e-07
300 40 1.141 0.0813 7.413e-07
300 40 1.151 0.0949 8.426e-07
300 40 1.161 0.0977 8.328e-07
300 40 1.171 0.0804 7.892e-07
300 40 1.181 0.0842 6.945e-07
300 40 1.191 0.0618 7.823e-07
300 40 1.201 0.0659 8.21e-07
300 40 1.211 0.0598 7.728e-07
300 40 1.221 0.0651 7.14e-07
300 40 1.231 0.0638 6.865e-07
300 40 1.241 0.0534 8.173e-07
300 40 1.251 0.0486 8.205e-07
300 40 1.261 0.0472 8.142e-07
300 40 1.271 0.0417 7.757e-07
300 40 1.281 0.0469 7.014e-07
300 40 1.291 0.0392 7.477e-07
300 40 1.301 0.0355 8.373e-07
300 40 1.311 0.0344 8.341e-07
300 40 1.321 0.0366 8.453e-07
300 40 1.331 0.0383 8.172e-07
300 40 1.341 0.0326 8.057e-07
300 40 1.351 0.0312 8.335e-07
300 40 1.361 0.0332 8.302e-07
300 40 1.371 0.0293 8.39e-07
300 40 1.381 0.0245 8.298e-07
300 40 1.391 0.0279 8.261e-07
300 40 1.401 0.0276 8.329e-07
300 40 1.411 0.0318 8.31e-07
300 40 1.421 0.0242 6.898e-07
300 40 1.431 0.0266 6.809e-07
300 40 1.441 0.0213 7.902e-07
300 40 1.451 0.0246 8.187e-07
300 40 1.461 0.0211 8.486e-07
300 40 1.471 0.0243 8.453e-07
300 40 1.481 0.021 8.355e-07
300 40 1.491 0.0204 8.981e-07
300 40 1.501 0.018 7.769e-07
300 40 1.511 0.0176 7.187e-07
300 40 1.521 0.0205 7.08e-07
300 40 1.531 0.0152 6.626e-07
300 40 1.541 0.0165 6.763e-07
300 40 1.551 0.0221 6.798e-07
300 40 1.561 0.0154 6.732e-07
300 40 1.571 0.0173 7.543e-07
300 40 1.581 0.0211 8.326e-07
300 40 1.591 0.0189 8.199e-07
300 40 1.601 0.02 8.12e-07
300 40 1.611 0.0186 8.201e-07
300 40 1.621 0.0202 8.184e-07
300 40 1.631 0.0214 8.123e-07
300 40 1.641 0.0187 8.188e-07
300 40 1.651 0.0166 8.057e-07
300 40 1.661 0.0192 8.102e-07
300 40 1.671 0.0183 8.092e-07
300 40 1.681 0.0179 8.621e-07
300 40 1.691 0.0161 7.532e-07
300 40 1.701 0.0194 8.444e-07
300 40 1.711 0.0161 6.986e-07
300 40 1.721 0.0174 7.192e-07
300 40 1.731 0.0215 6.836e-07
300 40 1.741 0.02 7.422e-07
300 40 1.751 0.0201 8.264e-07
300 40 1.761 0.0162 7.758e-07
300 40 1.771 0.0164 7.374e-07
300 40 1.781 0.0181 6.846e-07
300 40 1.791 0.0129 6.799e-07
300 40 1.801 0.0167 6.74e-07
300 40 1.811 0.0221 7.878e-07
300 40 1.821 0.0212 7.872e-07
300 40 1.831 0.016 8.067e-07
300 40 1.841 0.0142 8.237e-07
300 40 1.851 0.0195 8.125e-07
300 40 1.861 0.0146 8.149e-07
300 40 1.871 0.0143 8.211e-07
300 40 1.881 0.0142 8.159e-07
300 40 1.891 0.0164 8.143e-07
300 40 1.901 0.018 8.128e-07
300 40 1.911 0.0183 8.182e-07
300 40 1.921 0.0179 8.222e-07
300 40 1.931 0.018 8.171e-07
300 40 1.941 0.0173 6.669e-07
300 40 1.951 0.018 6.653e-07
300 40 1.961 0.0173 7.363e-07
300 40 1.971 0.0144 8.623e-07
300 40 1.981 0.0181 8.642e-07
300 40 1.991 0.0148 8.569e-07
400 10 0.001 950.783 2.6006e-06
400 10 0.011 976.364 2.2481e-06
400 10 0.021 946.631 2.1964e-06
400 10 0.031 911.295 2.1634e-06
400 10 0.041 917.053 2.1733e-06
400 10 0.051 857.205 2.1335e-06
400 10 0.061 870.19 2.14e-06
400 10 0.071 848.352 2.1299e-06
400 10 0.081 853.698 2.1416e-06
400 10 0.091 811.111 2.1407e-06
400 10 0.101 790.988 2.4373e-06
400 10 0.111 769.382 2.1042e-06
400 10 0.121 752.898 2.2765e-06
400 10 0.131 721.388 2.0528e-06
400 10 0.141 716.526 2.0565e-06
400 10 0.151 679.056 2.0287e-06
400 10 0.161 669.965 2.028e-06
400 10 0.171 629.191 2.1824e-06
400 10 0.181 633.977 2.0062e-06
400 10 0.191 586.439 1.9623e-06
400 10 0.201 582.476 2.0011e-06
400 10 0.211 563.912 2.6519e-06
400 10 0.221 559.081 2.6328e-06
400 10 0.231 519.276 2.5756e-06
400 10 0.241 516.02 2.2343e-06
400 10 0.251 501.2 2.5685e-06
400 10 0.261 472.929 2.5417e-06
400 10 0.271 453.838 2.5084e-06
400 10 0.281 435.397 2.4829e-06
400 10 0.291 422.71 2.4426e-06
400 10 0.301 405.977 1.8831e-06
400 10 0.311 387.188 1.8573e-06
400 10 0.321 386.219 2.2781e-06
400 10 0.331 350.564 2.3003e-06
400 10 0.341 360.909 2.3185e-06
400 10 0.351 325.459 2.2594e-06
400 10 0.361 325.214 2.2702e-06
400 10 0.371 314.025 2.2615e-06
400 10 0.381 308.95 2.2563e-06
400 10 0.391 290.017 2.2552e-06
400 10 0.401 294.219 2.2551e-06
400 10 0.411 255.206 2.1907e-06
400 10 0.421 266.083 2.2162e-06
400 10 0.431 236.919 2.1588e-06
400 10 0.441 233.259 2.165e-06
400 10 0.451 224.485 2.1503e-06
400 10 0.461 221.72 2.1447e-06
400 10 0.471 200.42 2.1111e-06
400 10 0.481 191.221 2.0893e-06
400 10 0.491 183.434 2.0144e-06
400 10 0.501 168.56 1.7076e-06
400 10 0.511 173.086 1.9437e-06
400 10 0.521 159.517 1.8604e-06
400 10 0.531 157.67 1.7027e-06
400 10 0.541 148.265 1.6922e-06
400 10 0.551 140.474 1.6933e-06
400 10 0.561 132.723 1.6798e-06
400 10 0.571 131.471 1.6807e-06
400 10 0.581 123.035 1.7062e-06
400 10 0.591 117.738 1.715e-06
400 10 0.601 112.984 1.7327e-06
400 10 0.611 103.762 1.8263e-06
400 10 0.621 97.5236 1.9167e-06
400 10 0.631 93.6749 1.9268e-06
400 10 0.641 78.7426 1.9016e-06
400 10 0.651 79.7899 1.9007e-06
400 10 0.661 80.298 1.9059e-06
400 10 0.671 71.2055 1.7012e-06
400 10 0.681 66.4109 1.7057e-06
400 10 0.691 69.9493 1.8912e-06
400 10 0.701 65.3902 1.8892e-06
400 10 0.711 56.76 1.8677e-06
400 10 0.721 53.2292 1.8463e-06
400 10 0.731 53.001 1.8505e-06
400 10 0.741 46.108 1.8305e-06
400 10 0.751 48.9425 1.8368e-06
400 10 0.761 41.293 1.826e-06
400 10 0.771 40.5816 1.8191e-06
400 10 0.781 36.2563 1.8081e-06
400 10 0.791 36.522 1.5989e-06
400 10 0.801 32.9392 1.6684e-06
400 10 0.811 33.8769 1.7303e-06
400 10 0.821 29.0877 1.7623e-06
400 10 0.831 27.0191 1.751e-06
400 10 0.841 25.2018 1.7504e-06
400 10 0.851 22.3568 1.7215e-06
400 10 0.861 22.6414 1.7341e-06
400 10 0.871 21.9214 1.7426e-06
400 10 0.881 18.465 1.6529e-06
400 10 0.891 16.9325 1.5657e-06
400 10 0.901 16.3225 1.6295e-06
400 10 0.911 14.6564 1.7182e-06
400 10 0.921 12.877 1.6145e-06
400 10 0.931 13.6742 1.5703e-06
400 10 0.941 11.8171 1.6457e-06
400 10 0.951 10.4864 1.7116e-06
400 10 0.961 11.7941 1.7188e-06
400 10 0.971 10.3754 1.717e-06
400 10 0.981 8.3977 1.7137e-06
400 10 0.991 7.4599 1.7148e-06
400 10 1.001 6.5941 1.6986e-06
400 10 1.011 6.4358 1.641e-06
400 10 1.021 5.6207 1.6991e-06
400 10 1.031 5.3589 1.6935e-06
400 10 1.041 4.5885 1.5843e-06
400 10 1.051 4.5464 1.5779e-06
400 10 1.061 4.0689 1.5845e-06
400 10 1.071 3.8652 1.6355e-06
400 10 1.081 3.0753 1.5749e-06
400 10 1.091 2.8713 1.53e-06
400 10 1.101 3.0647 1.6407e-06
400 10 1.111 2.3345 1.6773e-06
400 10 1.121 2.2215 1.6615e-06
400 10 1.131 2.2216 1.5538e-06
400 10 1.141 2.1527 1.5401e-06
400 10 1.151 2.2258 1.6211e-06
400 10 1.161 1.8 1.6778e-06
400 10 1.171 1.8027 1.6687e-06
400 10 1.181 1.6417 1.6265e-06
400 10 1.191 1.5587 1.5328e-06
400 10 1.201 1.5996 1.5241e-06
400 10 1.211 1.2968 1.6906e-06
400 10 1.221 1.4566 1.6945e-06
400 10 1.231 1.3396 1.6918e-06
400 10 1.241 1.2278 1.7472e-06
400 10 1.251 1.0965 1.6295e-06
400 10 1.261 1.007 1.6612e-06
400 10 1.271 1.0411 1.5743e-06
400 10 1.281 0.9785 1.6641e-06
400 10 1.291 0.8966 1.697e-06
400 10 1.301 0.8235 1.5676e-06
400 10 1.311 0.9277 1.548e-06
400 10 1.321 0.7382 1.5294e-06
400 10 1.331 0.7126 1.5512e-06
400 10 1.341 0.6377 1.6324e-06
400 10 1.351 0.5925 1.5839e-06
400 10 1.361 0.6026 1.5625e-06
400 10 1.371 0.5883 1.5751e-06
400 10 1.381 0.6433 1.647e-06
400 10 1.391 0.5789 1.7647e-06
400 10 1.401 0.536 1.7245e-06
400 10 1.411 0.5214 1.6567e-06
400 10 1.421 0.4383 1.5998e-06
400 10 1.431 0.5015 1.6394e-06
400 10 1.441 0.4894 1.5593e-06
400 10 1.451 0.4636 1.5647e-06
400 10 1.461 0.422 1.5675e-06
400 10 1.471 0.3922 1.6102e-06
400 10 1.481 0.4143 1.5901e-06
400 10 1.491 0.3899 1.6312e-06
400 10 1.501 0.3506 1.6792e-06
400 10 1.511 0.3435 1.6151e-06
400 10 1.521 0.3617 1.6737e-06
400 10 1.531 0.3486 1.6674e-06
400 10 1.541 0.3557 1.6787e-06
400 10 1.551 0.3155 1.6709e-06
400 10 1.561 0.2996 1.6655e-06
400 10 1.571 0.3013 1.6599e-06
400 10 1.581 0.319 1.5359e-06
400 10 1.591 0.3164 1.5909e-06
400 10 1.601 0.2823 1.5642e-06
400 10 1.611 0.2953 1.5844e-06
400 10 1.621 0.306 1.5273e-06
400 10 1.631 0.2953 1.5152e-06
400 10 1.641 0.3015 1.5251e-06
400 10 1.651 0.2882 1.5478e-06
400 10 1.661 0.2774 1.5856e-06
400 10 1.671 0.2826 1.5747e-06
400 10 1.681 0.2817 1.5909e-06
400 10 1.691 0.2809 1.68e-06
400 10 1.701 0.2752 1.6718e-06
400 10 1.711 0.274 1.6688e-06
400 10 1.721 0.2671 1.68e-06
400 10 1.731 0.2692 1.6233e-06
400 10 1.741 0.2628 1.5436e-06
400 10 1.751 0.277 1.6821e-06
400 10 1.761 0.2783 1.5646e-06
400 10 1.771 0.2689 1.5279e-06
400 10 1.781 0.2662 1.5682e-06
400 10 1.791 0.2576 1.5517e-06
400 10 1.801 0.2523 1.6489e-06
400 10 1.811 0.2461 1.5645e-06
400 10 1.821 0.247 1.5924e-06
400 10 1.831 0.2587 1.5848e-06
400 10 1.841 0.2525 1.5533e-06
400 10 1.851 0.2589 1.5068e-06
400 10 1.861 0.2548 1.5124e-06
400 10 1.871 0.2591 1.5049e-06
400 10 1.881 0.2462 1.5153e-06
400 10 1.891 0.2575 1.5075e-06
400 10 1.901 0.2359 1.6163e-06
400 10 1.911 0.2465 1.6686e-06
400 10 1.921 0.2499 1.6609e-06
400 10 1.931 0.2555 1.6731e-06
400 10 1.941 0.2507 1.6778e-06
400 10 1.951 0.2426 1.665e-06
400 10 1.961 0.2518 1.6708e-06
400 10 1.971 0.2541 1.6754e-06
400 10 1.981 0.2545 1.6608e-06
400 10 1.991 0.2419 1.6587e-06
400 20 0.001 1945.73 4.1544e-06
400 20 0.011 1847.51 4.0075e-06
400 20 0.021 1811.6 3.9638e-06
400 20 0.031 1794.55 3.9404e-06
400 20 0.041 1659.94 3.7429e-06
400 20 0.051 1617.59 3.6797e-06
400 20 0.061 1510.49 3.5079e-06
400 20 0.071 1452.54 3.4283e-06
400 20 0.081 1384.89 3.3325e-06
400 20 0.091 1321.39 3.2376e-06
400 20 0.101 1245.86 3.1184e-06
400 20 0.111 1247.27 3.0971e-06
400 20 0.121 1113.27 2.8797e-06
400 20 0.131 1104.81 2.8919e-06
400 20 0.141 1059.99 2.8163e-06
400 20 0.151 971.408 2.6169e-06
400 20 0.161 960.46 2.1915e-06
400 20 0.171 882.015 2.5462e-06
400 20 0.181 835.837 1.6401e-06
400 20 0.191 796.309 1.6027e-06
400 20 0.201 767.284 1.5699e-06
400 20 0.211 718.121 1.517e-06
400 20 0.221 691.454 1.4958e-06
400 20 0.231 623.6 1.4628e-06
400 20 0.241 603.101 1.4408e-06
400 20 0.251 559.32 1.4009e-06
400 20 0.261 536.307 1.5558e-06
400 20 0.271 499.981 1.9928e-06
400 20 0.281 472.029 1.9294e-06
400 20 0.291 435.232 1.8731e-06
400 20 0.301 419.986 1.6119e-06
400 20 0.311 400.931 1.3364e-06
400 20 0.321 356.278 1.6144e-06
400 20 0.331 337.483 1.2209e-06
400 20 0.341 319.973 1.2204e-06
400 20 0.351 294.408 1.1902e-06
400 20 0.361 282.355 1.1942e-06
400 20 0.371 266.296 1.1868e-06
400 20 0.381 232.248 1.1453e-06
400 20 0.391 222.701 1.1956e-06
400 20 0.401 206.979 1.5085e-06
400 20 0.411 195.552 1.4887e-06
400 20 0.421 189.8 1.4802e-06
400 20 0.431 171.784 1.4523e-06
400 20 0.441 162.234 1.4247e-06
400 20 0.451 151.944 1.4011e-06
400 20 0.461 126.225 1.3528e-06
400 20 0.471 125.478 1.3449e-06
400 20 0.481 118.883 1.3376e-06
400 20 0.491 108.042 1.3197e-06
400 20 0.501 109.67 1.3241e-06
400 20 0.511 98.4875 1.297e-06
400 20 0.521 90.4063 1.2789e-06
400 20 0.531 82.3924 1.2324e-06
400 20 0.541 71.3042 1.0328e-06
400 20 0.551 68.2397 1.0226e-06
400 20 0.561 61.2882 1.14e-06
400 20 0.571 61.4666 1.1987e-06
400 20 0.581 58.8457 1.1937e-06
400 20 0.591 50.1089 1.1672e-06
400 20 0.601 48.4925 1.1626e-06
400 20 0.611 46.0144 1.1549e-06
400 20 0.621 36.2034 1.128e-06
400 20 0.631 35.4375 1.1345e-06
400 20 0.641 35.1035 1.145e-06
400 20 0.651 28.6466 9.206e-07
400 20 0.661 29.7487 1.0448e-06
400 20 0.671 27.3385 9.562e-07
400 20 0.681 22.4795 9.473e-07
400 20 0.691 22.4967 9.136e-07
400 20 0.701 19.5527 9.481e-07
400 20 0.711 19.7327 9.009e-07
400 20 0.721 16.1346 8.92e-07
400 20 0.731 15.1958 9.172e-07
400 20 0.741 13.8893 1.0398e-06
400 20 0.751 13.9082 1.038e-06
400 20 0.761 12.237 1.0402e-06
400 20 0.771 10.8069 1.0241e-06
400 20 0.781 9.9158 1.0257e-06
400 20 0.791 8.7025 1.0206e-06
400 20 0.801 9.1792 1.0208e-06
400 20 0.811 8.2186 1.0115e-06
400 20 0.821 7.5943 1.0089e-06
400 20 0.831 6.3602 1.0006e-06
400 20 0.841 5.6662 1.0051e-06
400 20 0.851 5.2593 9.987e-07
400 20 0.861 4.6424 9.953e-07
400 20 0.871 4.4928 9.899e-07
400 20 0.881 3.8976 9.777e-07
400 20 0.891 4.1439 9.946e-07
400 20 0.901 3.2932 9.857e-07
400 20 0.911 3.241 9.844e-07
400 20 0.921 2.8909 9.8e-07
400 20 0.931 2.5273 9.813e-07
400 20 0.941 2.268 9.178e-07
400 20 0.951 2.2673 9.755e-07
400 20 0.961 1.8863 9.712e-07
400 20 0.971 1.4637 9.68e-07
400 20 0.981 1.5519 9.293e-07
400 20 0.991 1.3303 9.445e-07
400 20 1.001 1.2273 9.156e-07
400 20 1.011 1.223 9.467e-07
400 20 1.021 1.1342 8.805e-07
400 20 1.031 0.7682 8.716e-07
400 20 1.041 0.7397 8.275e-07
400 20 1.051 0.8026 8.297e-07
400 20 1.061 0.6332 8.769e-07
400 20 1.071 0.5866 9.711e-07
400 20 1.081 0.611 9.669e-07
400 20 1.091 0.4812 9.637e-07
400 20 1.101 0.4744 9.713e-07
400 20 1.111 0.3969 9.644e-07
400 20 1.121 0.3847 9.624e-07
400 20 1.131 0.3704 9.548e-07
400 20 1.141 0.2976 9.592e-07
400 20 1.151 0.3133 9.652e-07
400 20 1.161 0.3281 8.717e-07
400 20 1.171 0.2313 9.581e-07
400 20 1.181 0.2685 9.676e-07
400 20 1.191 0.2484 9.444e-07
400 20 1.201 0.2059 8.303e-07
400 20 1.211 0.2306 8.296e-07
400 20 1.221 0.2142 8.24e-07
400 20 1.231 0.1878 8.763e-07
400 20 1.241 0.1813 8.255e-07
400 20 1.251 0.2095 8.242e-07
400 20 1.261 0.1683 8.556e-07
400 20 1.271 0.1579 8.781e-07
400 20 1.281 0.1507 8.679e-07
400 20 1.291 0.1544 8.519e-07
400 20 1.301 0.1271 8.443e-07
400 20 1.311 0.1221 9.203e-07
400 20 1.321 0.1283 9.568e-07
400 20 1.331 0.1285 9.61e-07
400 20 1.341 0.1184 9.51e-07
400 20 1.351 0.1046 9.529e-07
400 20 1.361 0.0974 9.127e-07
400 20 1.371 0.0973 8.637e-07
400 20 1.381 0.0933 8.752e-07
400 20 1.391 0.0958 9.516e-07
400 20 1.401 0.0905 9.621e-07
400 20 1.411 0.0806 8.6e-07
400 20 1.421 0.095 8.409e-07
400 20 1.431 0.0829 9.364e-07
400 20 1.441 0.0819 9.537e-07
400 20 1.451 0.076 9.453e-07
400 20 1.461 0.078 9.534e-07
400 20 1.471 0.0735 8.993e-07
400 20 1.481 0.0801 1.0796e-06
400 20 1.491 0.0721 1.0819e-06
400 20 1.501 0.068 1.0966e-06
400 20 1.511 0.0762 9.998e-07
400 20 1.521 0.0682 9.643e-07
400 20 1.531 0.0707 9.721e-07
400 20 1.541 0.0656 9.709e-07
400 20 1.551 0.0613 9.677e-07
400 20 1.561 0.0689 9.686e-07
400 20 1.571 0.0664 9.696e-07
400 20 1.581 0.0688 8.892e-07
400 20 1.591 0.0645 8.212e-07
400 20 1.601 0.0631 8.223e-07
400 20 1.611 0.0636 8.204e-07
400 20 1.621 0.0549 8.273e-07
400 20 1.631 0.0645 8.294e-07
400 20 1.641 0.0671 8.192e-07
400 20 1.651 0.0636 8.234e-07
400 20 1.661 0.0645 8.242e-07
400 20 1.671 0.0589 8.644e-07
400 20 1.681 0.0602 8.807e-07
400 20 1.691 0.0667 9.385e-07
400 20 1.701 0.0633 9.297e-07
400 20 1.711 0.0632 8.155e-07
400 20 1.721 0.0597 8.273e-07
400 20 1.731 0.0549 8.317e-07
400 20 1.741 0.058 9.411e-07
400 20 1.751 0.0549 9.723e-07
400 20 1.761 0.0577 8.801e-07
400 20 1.771 0.0627 8.637e-07
400 20 1.781 0.0594 9.33e-07
400 20 1.791 0.0578 9.488e-07
400 20 1.801 0.0566 9.52e-07
400 20 1.811 0.0597 9.617e-07
400 20 1.821 0.0587 9.397e-07
400 20 1.831 0.063 9.479e-07
400 20 1.841 0.0606 9.506e-07
400 20 1.851 0.0611 8.638e-07
400 20 1.861 0.0546 9.195e-07
400 20 1.871 0.0589 9.517e-07
400 20 1.881 0.0594 9.545e-07
400 20 1.891 0.0597 9.553e-07
400 20 1.901 0.0617 9.579e-07
400 20 1.911 0.0524 9.505e-07
400 20 1.921 0.055 9.531e-07
400 20 1.931 0.0603 9.513e-07
400 20 1.941 0.0571 9.498e-07
400 20 1.951 0.055 8.5e-07
400 20 1.961 0.0573 8.67e-07
400 20 1.971 0.0513 9.397e-07
400 20 1.981 0.0581 9.465e-07
400 20 1.991 0.0588 9.303e-07
400 30 0.001 2884.55 5.2999e-06
400 30 0.011 2623.77 4.9197e-06
400 30 0.021 2599.38 4.268e-06
400 30 0.031 2396.56 4.7092e-06
400 30 0.041 2287.43 4.5531e-06
400 30 0.051 2063.96 4.2114e-06
400 30 0.061 2057.85 4.1867e-06
400 30 0.071 1922.32 3.1094e-06
400 30 0.081 1806.44 2.2409e-06
400 30 0.091 1684.74 2.1684e-06
400 30 0.101 1582.26 2.1229e-06
400 30 0.111 1421.75 1.9974e-06
400 30 0.121 1341.89 1.9306e-06
400 30 0.131 1315.1 1.9213e-06
400 30 0.141 1182.88 1.7695e-06
400 30 0.151 1075.16 2.1059e-06
400 30 0.161 1055.71 2.724e-06
400 30 0.171 931.987 2.5628e-06
400 30 0.181 894.571 1.5984e-06
400 30 0.191 825.625 2.2051e-06
400 30 0.201 756.477 2.2755e-06
400 30 0.211 669.406 2.1206e-06
400 30 0.221 644.972 1.6489e-06
400 30 0.231 605.278 1.7177e-06
400 30 0.241 556.649 1.9894e-06
400 30 0.251 515.9 1.9369e-06
400 30 0.261 460.571 1.8508e-06
400 30 0.271 424.045 1.7905e-06
400 30 0.281 411.763 1.7698e-06
400 30 0.291 365.657 1.6947e-06
400 30 0.301 332.268 1.6366e-06
400 30 0.311 324.846 1.4353e-06
400 30 0.321 297.886 1.128e-06
400 30 0.331 265.205 1.0912e-06
400 30 0.341 251.096 1.0966e-06
400 30 0.351 223.869 1.2748e-06
400 30 0.361 214.151 1.4291e-06
400 30 0.371 184.939 1.3776e-06
400 30 0.381 175.402 1.365e-06
400 30 0.391 156.481 1.169e-06
400 30 0.401 144.133 1.042e-06
400 30 0.411 128.246 1.103e-06
400 30 0.421 122.342 1.2758e-06
400 30 0.431 111.559 1.0641e-06
400 30 0.441 105.001 9.579e-07
400 30 0.451 92.7165 1.0982e-06
400 30 0.461 91.6525 1.2022e-06
400 30 0.471 82.1345 1.1876e-06
400 30 0.481 76.1048 1.1796e-06
400 30 0.491 63.1462 1.1356e-06
400 30 0.501 69.9576 1.1559e-06
400 30 0.511 59.1471 1.1318e-06
400 30 0.521 51.9136 1.116e-06
400 30 0.531 46.2513 1.1112e-06
400 30 0.541 41.7966 1.0921e-06
400 30 0.551 38.6587 1.0875e-06
400 30 0.561 38.8594 1.0887e-06
400 30 0.571 33.3896 1.0687e-06
400 30 0.581 31.4057 1.0615e-06
400 30 0.591 29.8627 1.0609e-06
400 30 0.601 26.5083 8.611e-07
400 30 0.611 23.8729 8.612e-07
400 30 0.621 21.5164 8.368e-07
400 30 0.631 21.5444 9.523e-07
400 30 0.641 17.4753 9.866e-07
400 30 0.651 17.429 9.941e-07
400 30 0.661 16.9167 1.0077e-06
400 30 0.671 14.7235 9.864e-07
400 30 0.681 13.2999 9.753e-07
400 30 0.691 12.5262 9.793e-07
400 30 0.701 11.0746 9.718e-07
400 30 0.711 10.5107 9.659e-07
400 30 0.721 8.5364 9.619e-07
400 30 0.731 8.8079 9.674e-07
400 30 0.741 8.1134 9.334e-07
400 30 0.751 8.0604 8.339e-07
400 30 0.761 6.972 8.075e-07
400 30 0.771 6.0441 7.716e-07
400 30 0.781 6.0331 8.241e-07
400 30 0.791 5.2461 8.811e-07
400 30 0.801 4.944 9.513e-07
400 30 0.811 4.4527 9.475e-07
400 30 0.821 3.7933 8.862e-07
400 30 0.831 4.0606 7.814e-07
400 30 0.841 3.1391 7.743e-07
400 30 0.851 2.9429 7.728e-07
400 30 0.861 2.5803 9.808e-07
400 30 0.871 2.5447 1.0675e-06
400 30 0.881 2.4308 1.0645e-06
400 30 0.891 2.0009 1.0809e-06
400 30 0.901 1.9549 1.0763e-06
400 30 0.911 1.5787 1.0702e-06
400 30 0.921 1.5627 1.0692e-06
400 30 0.931 1.4413 1.072e-06
400 30 0.941 1.3588 8.463e-07
400 30 0.951 1.1382 7.822e-07
400 30 0.961 0.9694 9.207e-07
400 30 0.971 1.0013 8.933e-07
400 30 0.981 0.837 8.972e-07
400 30 0.991 0.7692 8.945e-07
400 30 1.001 0.7044 8.94e-07
400 30 1.011 0.5864 8.934e-07
400 30 1.021 0.5819 8.932e-07
400 30 1.031 0.5039 9.042e-07
400 30 1.041 0.42 8.992e-07
400 30 1.051 0.4116 7.946e-07
400 30 1.061 0.338 7.484e-07
400 30 1.071 0.3485 7.466e-07
400 30 1.081 0.2499 7.443e-07
400 30 1.091 0.2827 7.794e-07
400 30 1.101 0.2335 7.612e-07
400 30 1.111 0.2425 9.027e-07
400 30 1.121 0.2085 9.085e-07
400 30 1.131 0.2132 8.941e-07
400 30 1.141 0.1865 8.837e-07
400 30 1.151 0.171 8.266e-07
400 30 1.161 0.1582 7.695e-07
400 30 1.171 0.1454 8.497e-07
400 30 1.181 0.1445 8.2e-07
400 30 1.191 0.1272 7.634e-07
400 30 1.201 0.1342 7.417e-07
400 30 1.211 0.1154 7.41e-07
400 30 1.221 0.1102 7.714e-07
400 30 1.231 0.1065 7.765e-07
400 30 1.241 0.0998 7.429e-07
400 30 1.251 0.0996 8.657e-07
400 30 1.261 0.0901 7.718e-07
400 30 1.271 0.0831 7.769e-07
400 30 1.281 0.0684 7.643e-07
400 30 1.291 0.0745 7.376e-07
400 30 1.301 0.0839 7.541e-07
400 30 1.311 0.0698 9.112e-07
400 30 1.321 0.0671 9.07e-07
400 30 1.331 0.0718 7.607e-07
400 30 1.341 0.0606 7.548e-07
400 30 1.351 0.069 7.477e-07
400 30 1.361 0.0568 7.495e-07
400 30 1.371 0.0622 7.456e-07
400 30 1.381 0.0575 7.81e-07
400 30 1.391 0.0514 8.535e-07
400 30 1.401 0.0564 8.492e-07
400 30 1.411 0.048 8.733e-07
400 30 1.421 0.046 9.045e-07
400 30 1.431 0.0564 8.989e-07
400 30 1.441 0.0428 9.02e-07
400 30 1.451 0.0504 8.994e-07
400 30 1.461 0.0463 9.002e-07
400 30 1.471 0.0481 9.097e-07
400 30 1.481 0.0435 8.997e-07
400 30 1.491 0.0459 8.914e-07
400 30 1.501 0.04 9.01e-07
400 30 1.511 0.0491 9.012e-07
400 30 1.521 0.0402 9.058e-07
400 30 1.531 0.0384 9.085e-07
400 30 1.541 0.0326 8.466e-07
400 30 1.551 0.0412 7.511e-07
400 30 1.561 0.0344 7.431e-07
400 30 1.571 0.036 7.406e-07
400 30 1.581 0.0378 7.389e-07
400 30 1.591 0.04 8.747e-07
400 30 1.601 0.0398 7.908e-07
400 30 1.611 0.0356 7.846e-07
400 30 1.621 0.0378 7.867e-07
400 30 1.631 0.0314 8.938e-07
400 30 1.641 0.0299 8.862e-07
400 30 1.651 0.0388 8.436e-07
400 30 1.661 0.0394 8.873e-07
400 30 1.671 0.0372 8.819e-07
400 30 1.681 0.035 7.779e-07
400 30 1.691 0.0322 7.701e-07
400 30 1.701 0.0343 8.225e-07
400 30 1.711 0.0336 9.226e-07
400 30 1.721 0.0313 9.168e-07
400 30 1.731 0.0327 9.271e-07
400 30 1.741 0.0314 9.274e-07
400 30 1.751 0.0342 9.169e-07
400 30 1.761 0.0318 9.081e-07
400 30 1.771 0.0362 8.712e-07
400 30 1.781 0.0392 8.618e-07
400 30 1.791 0.032 8.553e-07
400 30 1.801 0.0324 8.018e-07
400 30 1.811 0.036 7.878e-07
400 30 1.821 0.0326 7.799e-07
400 30 1.831 0.0331 7.941e-07
400 30 1.841 0.03 7.898e-07
400 30 1.851 0.0367 8.631e-07
400 30 1.861 0.0356 8.083e-07
400 30 1.871 0.0343 8.477e-07
400 30 1.881 0.0333 8.611e-07
400 30 1.891 0.0323 8.648e-07
400 30 1.901 0.0303 8.352e-07
400 30 1.911 0.0354 7.716e-07
400 30 1.921 0.0303 8.699e-07
400 30 1.931 0.0334 7.974e-07
400 30 1.941 0.034 7.367e-07
400 30 1.951 0.0308 7.343e-07
400 30 1.961 0.0312 7.509e-07
400 30 1.971 0.0352 7.612e-07
400 30 1.981 0.0338 7.455e-07
400 30 1.991 0.032 7.451e-07
400 40 0.001 3621.94 4.0256e-06
400 40 0.011 3398.67 3.8158e-06
400 40 0.021 3187.1 4.4949e-06
400 40 0.031 2925.54 5.6798e-06
400 40 0.041 2840.6 3.3246e-06
400 40 0.051 2560.12 3.0663e-06
400 40 0.061 2446.39 3.0029e-06
400 40 0.071 2237.35 2.851e-06
400 40 0.081 2104.5 2.7144e-06
400 40 0.091 1859.62 2.4976e-06
400 40 0.101 1797.99 2.4444e-06
400 40 0.111 1634.19 2.3112e-06
400 40 0.121 1508.11 2.1729e-06
400 40 0.131 1370.25 2.9888e-06
400 40 0.141 1229.44 2.9638e-06
400 40 0.151 1119.73 1.8213e-06
400 40 0.161 1025.01 1.736e-06
400 40 0.171 905.157 2.3368e-06
400 40 0.181 907.146 2.5672e-06
400 40 0.191 764.166 2.3229e-06
400 40 0.201 726.781 2.2671e-06
400 40 0.211 636.783 2.1351e-06
400 40 0.221 561.189 2.0096e-06
400 40 0.231 552.643 1.9961e-06
400 40 0.241 504.807 1.9249e-06
400 40 0.251 460.885 1.8427e-06
400 40 0.261 405.797 1.7417e-06
400 40 0.271 393.049 1.735e-06
400 40 0.281 326.351 1.6117e-06
400 40 0.291 299.928 1.5769e-06
400 40 0.301 283.816 1.5327e-06
400 40 0.311 243.592 1.4801e-06
400 40 0.321 241.476 1.472e-06
400 40 0.331 204.65 1.4043e-06
400 40 0.341 193.97 1.4021e-06
400 40 0.351 169.701 1.3455e-06
400 40 0.361 166.532 1.3437e-06
400 40 0.371 159.23 1.3286e-06
400 40 0.381 138.035 1.2043e-06
400 40 0.391 123.907 9.774e-07
400 40 0.401 112.213 9.264e-07
400 40 0.411 103.468 1.1114e-06
400 40 0.421 94.4519 1.2067e-06
400 40 0.431 89.1688 1.1898e-06
400 40 0.441 75.1101 1.167e-06
400 40 0.451 70.1574 1.1523e-06
400 40 0.461 63.4843 1.0551e-06
400 40 0.471 62.393 1.0633e-06
400 40 0.481 57.9546 1.1146e-06
400 40 0.491 51.9082 1.105e-06
400 40 0.501 47.026 1.0977e-06
400 40 0.511 43.4624 1.066e-06
400 40 0.521 40.288 8.719e-07
400 40 0.531 37.2279 9.073e-07
400 40 0.541 33.4331 1.0546e-06
400 40 0.551 32.1546 1.0425e-06
400 40 0.561 31.0752 1.0396e-06
400 40 0.571 24.886 8.942e-07
400 40 0.581 25.5944 9.467e-07
400 40 0.591 21.4197 9.921e-07
400 40 0.601 21.0596 9.976e-07
400 40 0.611 19.1462 8.036e-07
400 40 0.621 16.6693 7.866e-07
400 40 0.631 15.5242 8.031e-07
400 40 0.641 14.3726 9.538e-07
400 40 0.651 12.8375 9.568e-07
400 40 0.661 12.7773 9.345e-07
400 40 0.671 11.4121 9.294e-07
400 40 0.681 9.7006 9.224e-07
400 40 0.691 8.9276 9.346e-07
400 40 0.701 8.4066 9.381e-07
400 40 0.711 8.8005 9.446e-07
400 40 0.721 6.9318 9.22e-07
400 40 0.731 6.7117 9.215e-07
400 40 0.741 6.0219 9.234e-07
400 40 0.751 5.6116 9.186e-07
400 40 0.761 4.8224 9.159e-07
400 40 0.771 4.7716 9.151e-07
400 40 0.781 4.2952 9.113e-07
400 40 0.791 4.1085 9.113e-07
400 40 0.801 3.1693 9.269e-07
400 40 0.811 2.8757 9.334e-07
400 40 0.821 2.9173 9.301e-07
400 40 0.831 2.876 9.345e-07
400 40 0.841 2.564 9.295e-07
400 40 0.851 2.1216 9.253e-07
400 40 0.861 2.0217 9.174e-07
400 40 0.871 2.0229 8.247e-07
400 40 0.881 1.822 7.254e-07
400 40 0.891 1.6854 7.208e-07
400 40 0.901 1.2496 8.068e-07
400 40 0.911 1.2137 9.286e-07
400 40 0.921 1.1507 9.665e-07
400 40 0.931 0.9997 9.653e-07
400 40 0.941 1.1473 9.693e-07
400 40 0.951 0.8973 9.635e-07
400 40 0.961 0.638 9.677e-07
400 40 0.971 0.6327 9.609e-07
400 40 0.981 0.6054 9.525e-07
400 40 0.991 0.5521 9.571e-07
400 40 1.001 0.5268 9.53e-07
400 40 1.011 0.4925 9.554e-07
400 40 1.021 0.3483 9.53e-07
400 40 1.031 0.3496 9.534e-07
400 40 1.041 0.3452 9.614e-07
400 40 1.051 0.3142 9.563e-07
400 40 1.061 0.2758 9.481e-07
400 40 1.071 0.1993 9.352e-07
400 40 1.081 0.2498 7.598e-07
400 40 1.091 0.2219 8.199e-07
400 40 1.101 0.1631 7.083e-07
400 40 1.111 0.1615 7.067e-07
400 40 1.121 0.179 8.764e-07
400 40 1.131 0.1337 8.492e-07
400 40 1.141 0.1073 8.543e-07
400 40 1.151 0.1538 8.252e-07
400 40 1.161 0.1212 7.371e-07
400 40 1.171 0.1079 7.084e-07
400 40 1.181 0.0926 7.456e-07
400 40 1.191 0.0894 8.978e-07
400 40 1.201 0.0848 8.882e-07
400 40 1.211 0.0811 8.893e-07
400 40 1.221 0.08 8.861e-07
400 40 1.231 0.0792 8.909e-07
400 40 1.241 0.0707 8.833e-07
400 40 1.251 0.0809 8.813e-07
400 40 1.261 0.0709 8.558e-07
400 40 1.271 0.0577 7.843e-07
400 40 1.281 0.0592 8.649e-07
400 40 1.291 0.0556 8.637e-07
400 40 1.301 0.0481 8.748e-07
400 40 1.311 0.05 8.868e-07
400 40 1.321 0.0485 8.767e-07
400 40 1.331 0.0471 8.784e-07
400 40 1.341 0.0438 8.746e-07
400 40 1.351 0.047 8.146e-07
400 40 1.361 0.0408 8.831e-07
400 40 1.371 0.0425 8.874e-07
400 40 1.381 0.0354 8.796e-07
400 40 1.391 0.0336 8.884e-07
400 40 1.401 0.0385 8.978e-07
400 40 1.411 0.0394 8.892e-07
400 40 1.421 0.039 7.675e-07
400 40 1.431 0.0335 7.034e-07
400 40 1.441 0.0315 7.03e-07
400 40 1.451 0.0291 7.367e-07
400 40 1.461 0.032 8.313e-07
400 40 1.471 0.0329 8.381e-07
400 40 1.481 0.0344 7.278e-07
400 40 1.491 0.0297 7.818e-07
400 40 1.501 0.0263 7.624e-07
400 40 1.511 0.0255 8.574e-07
400 40 1.521 0.0286 8.155e-07
400 40 1.531 0.026 7.651e-07
400 40 1.541 0.0253 7.244e-07
400 40 1.551 0.0268 7.193e-07
400 40 1.561 0.0269 8.144e-07
400 40 1.571 0.031 7.151e-07
400 40 1.581 0.0228 7.794e-07
400 40 1.591 0.0298 9.019e-07
400 40 1.601 0.024 8.938e-07
400 40 1.611 0.0248 9.025e-07
400 40 1.621 0.0234 8.746e-07
400 40 1.631 0.0267 7.179e-07
400 40 1.641 0.0276 7.064e-07
400 40 1.651 0.0249 7.091e-07
400 40 1.661 0.0218 7.194e-07
400 40 1.671 0.0223 7.951e-07
400 40 1.681 0.0252 7.215e-07
400 40 1.691 0.0203 7.125e-07
400 40 1.701 0.024 7.285e-07
400 40 1.711 0.0241 8.545e-07
400 40 1.721 0.0202 9.023e-07
400 40 1.731 0.0264 8.905e-07
400 40 1.741 0.0279 7.282e-07
400 40 1.751 0.021 7.033e-07
400 40 1.761 0.0235 7.642e-07
400 40 1.771 0.0193 8.286e-07
400 40 1.781 0.021 8.826e-07
400 40 1.791 0.0248 8.775e-07
400 40 1.801 0.0247 8.341e-07
400 40 1.811 0.0222 8.553e-07
400 40 1.821 0.0249 7.719e-07
400 40 1.831 0.0269 8.477e-07
400 40 1.841 0.0227 7.08e-07
400 40 1.851 0.0216 8.281e-07
400 40 1.861 0.0236 9.076e-07
400 40 1.871 0.0239 9.584e-07
400 40 1.881 0.0219 9.572e-07
400 40 1.891 0.0182 9.512e-07
400 40 1.901 0.0236 9.532e-07
400 40 1.911 0.0243 9.515e-07
400 40 1.921 0.0224 9.597e-07
400 40 1.931 0.0232 9.621e-07
400 40 1.941 0.0203 9.658e-07
400 40 1.951 0.0206 9.622e-07
400 40 1.961 0.0218 8.607e-07
400 40 1.971 0.0226 7.343e-07
400 40 1.981 0.0233 7.025e-07
400 40 1.991 0.0212 7.067e-07
