200 10 0.001 852.953 11425.8 4.587
200 10 0.011 858.122 11487.1 5.0846
200 10 0.021 857.786 11484.2 5.0295
200 10 0.031 828.177 11142.1 5.1598
200 10 0.041 837.143 11247.9 5.2294
200 10 0.051 790.506 10709.1 5.4243
200 10 0.061 810.872 10945.8 5.5035
200 10 0.071 779.603 10587.3 5.6764
200 10 0.081 740.205 10131.4 5.7938
200 10 0.091 741.209 10145.1 5.9618
200 10 0.101 728.229 9994.13 6.2803
200 10 0.111 716.091 9856.11 6.2826
200 10 0.121 692.178 9581.44 6.3586
200 10 0.131 678.23 9419.46 6.5331
200 10 0.141 655.039 9154.86 6.8621
200 10 0.151 628.251 8842.19 6.8286
200 10 0.161 613.262 8673.28 7.1414
200 10 0.171 617.674 8724.17 7.4036
200 10 0.181 598.43 8505.07 7.9799
200 10 0.191 558.07 8036.64 8.4563
200 10 0.201 551.459 7962.71 8.6368
200 10 0.211 554.47 8001.73 9.1775
200 10 0.221 519.139 7592.7 9.4362
200 10 0.231 513.921 7534.29 8.8374
200 10 0.241 506.683 7449.48 9.5882
200 10 0.251 493.727 7302.73 9.7567
200 10 0.261 470.577 7036.17 9.1944
200 10 0.271 474.809 7082.68 9.3572
200 10 0.281 440.661 6692.99 9.8323
200 10 0.291 438.03 6662.77 9.9563
200 10 0.301 421.845 6476.77 10.9916
200 10 0.311 399.788 6223.21 10.4927
200 10 0.321 402.233 6253.44 11.4538
200 10 0.331 378.497 5978.62 11.2696
200 10 0.341 367.918 5856.59 11.6032
200 10 0.351 361.518 5783.07 11.9582
200 10 0.361 342.809 5568.96 11.5252
200 10 0.371 345.086 5594.71 12.4643
200 10 0.381 335.895 5487.12 11.8533
200 10 0.391 315.636 5259.51 12.1376
200 10 0.401 297.631 5051.12 12.2774
200 10 0.411 287.345 4927.99 12.0425
200 10 0.421 271.141 4743.81 12.4021
200 10 0.431 267.309 4699.74 12.7755
200 10 0.441 272.163 4757.64 13.4841
200 10 0.451 242.199 4415.03 13.9418
200 10 0.461 256.322 4574.85 14.5562
200 10 0.471 236.425 4340.84 14.7785
200 10 0.481 229.776 4265.82 14.471
200 10 0.491 220.609 4162.61 14.5855
200 10 0.501 228.233 4250.3 14.7555
200 10 0.511 206.623 3997.7 14.4564
200 10 0.521 200.731 3935.96 14.9264
200 10 0.531 195.18 3867.81 15.6804
200 10 0.541 185.592 3760.65 16.5958
200 10 0.551 183.649 3738.67 16.792
200 10 0.561 178.409 3674.16 15.5284
200 10 0.571 173.254 3616.29 15.7645
200 10 0.581 166.513 3539.37 16.8602
200 10 0.591 164.775 3521.67 17.629
200 10 0.601 157.735 3440.4 16.9067
200 10 0.611 146.714 3306.58 16.5882
200 10 0.621 138.042 3210.33 16.9399
200 10 0.631 140.691 3239.32 17.4391
200 10 0.641 131.146 3131.51 17.5825
200 10 0.651 122.234 3023.63 17.4535
200 10 0.661 125.547 3062.61 17.6734
200 10 0.671 114.617 2935.51 17.5936
200 10 0.681 115.327 2944.11 18.1597
200 10 0.691 112.412 2915.49 18.5436
200 10 0.701 109.524 2871.85 18.2709
200 10 0.711 102.492 2795.75 18.5775
200 10 0.721 99.0962 2758.23 19.1386
200 10 0.731 97.9446 2742.77 18.7099
200 10 0.741 97.3032 2731.99 18.8749
200 10 0.751 90.8107 2653.45 18.6934
200 10 0.761 85.4905 2595.26 19.1784
200 10 0.771 86.7727 2609.26 19.2894
200 10 0.781 85.5403 2592.62 19.4563
200 10 0.791 78.4427 2513.34 19.6671
200 10 0.801 78.9742 2517.77 19.6116
200 10 0.811 75.521 2477.37 19.7354
200 10 0.821 69.9243 2408.04 19.5911
200 10 0.831 72.2954 2436.9 20.2522
200 10 0.841 70.5318 2417.01 21.7105
200 10 0.851 70.4472 2417.3 20.8397
200 10 0.861 63.2725 2325.56 19.7304
200 10 0.871 63.9475 2336.22 21.909
200 10 0.881 61.5301 2306.99 21.5866
200 10 0.891 60.0672 2291.25 20.6956
200 10 0.901 58.6592 2268.32 21.3416
200 10 0.911 56.6428 2250.26 22.0117
200 10 0.921 56.5182 2245.44 21.361
200 10 0.931 55.7967 2236.86 21.4679
200 10 0.941 51.7147 2187.53 21.3335
200 10 0.951 51.8922 2189.7 22.1338
200 10 0.961 49.9823 2165.93 22.5341
200 10 0.971 48.5486 2144.91 22.9408
200 10 0.981 48.722 2150.06 22.6605
200 10 0.991 46.8946 2125.13 21.5151
200 10 1.001 46.0892 2114.64 22.2535
200 10 1.011 46.0128 2114.11 23.4681
200 10 1.021 44.7227 2098.19 23.5015
200 10 1.031 44.5377 2095.52 23.7644
200 10 1.041 43.3063 2080.97 22.7934
200 10 1.051 41.953 2061.57 22.1822
200 10 1.061 41.7639 2058.65 23.8563
200 10 1.071 42.6149 2072.88 22.6843
200 10 1.081 41.0682 2048.97 22.284
200 10 1.091 40.9919 2049.01 22.7475
200 10 1.101 40.3821 2038.89 23.9263
200 10 1.111 39.1055 2023.47 23.776
200 10 1.121 39.2853 2024.51 22.0826
200 10 1.131 39.1224 2021.41 22.2078
200 10 1.141 38.4549 2012.86 22.0065
200 10 1.151 38.22 2011.64 23.1421
200 10 1.161 38.3051 2009.79 23.1054
200 10 1.171 38.0557 2008.24 22.664
200 10 1.181 37.6387 2000.61 22.5652
200 10 1.191 37.773 2003.13 22.775
200 10 1.201 37.2321 1994.71 22.6984
200 10 1.211 37.0427 1991.2 22.7517
200 10 1.221 36.779 1986.96 22.6269
200 10 1.231 36.2935 1982.62 22.6513
200 10 1.241 36.6904 1986.11 22.9074
200 10 1.251 36.2426 1978.18 22.8114
200 10 1.261 36.011 1973.51 23.5038
200 10 1.271 36.1749 1976.67 23.2111
200 10 1.281 35.9709 1974.18 23.1701
200 10 1.291 35.3485 1965.13 22.962
200 10 1.301 35.6052 1968.37 23.2778
200 10 1.311 35.6329 1967.24 23.27
200 10 1.321 35.3052 1962.22 23.2745
200 10 1.331 34.8372 1954.45 23.015
200 10 1.341 35.3205 1962.41 23.5022
200 10 1.351 34.6548 1951.05 23.1893
200 10 1.361 35.2195 1958.36 24.4616
200 10 1.371 34.7793 1951.87 24.8649
200 10 1.381 34.6805 1949.39 23.3689
200 10 1.391 34.7047 1949.51 23.4872
200 10 1.401 34.2932 1942.69 23.2526
200 10 1.411 34.5414 1945.74 23.5013
200 10 1.421 34.3362 1943.06 23.4431
200 10 1.431 34.2356 1939.62 24.1522
200 10 1.441 34.1612 1938.75 23.8659
200 10 1.451 34.0029 1935.1 23.7068
200 10 1.461 34.1377 1937.53 23.6979
200 10 1.471 34.392 1940.23 24.0709
200 10 1.481 33.96 1932.52 23.8222
200 10 1.491 33.8167 1930.38 23.7828
200 10 1.501 33.937 1930 23.8399
200 10 1.511 33.8297 1928.92 23.8784
200 10 1.521 33.5755 1923.88 23.669
200 10 1.531 33.7337 1925.43 23.9015
200 10 1.541 33.6254 1923.1 24.6927
200 10 1.551 33.7358 1924.32 24.2707
200 10 1.561 33.4916 1919.91 25.9372
200 10 1.571 33.7472 1923.82 23.6618
200 10 1.581 33.4683 1918.19 23.4326
200 10 1.591 33.8029 1922.75 24.598
200 10 1.601 33.3802 1914.83 26.2907
200 10 1.611 33.8527 1922.85 24.1915
200 10 1.621 33.6035 1918.9 23.7676
200 10 1.631 33.6063 1917.44 24.433
200 10 1.641 33.5228 1916.12 26.2314
200 10 1.651 33.4793 1913.68 24.273
200 10 1.661 33.7064 1918.22 23.912
200 10 1.671 33.6409 1915.63 23.6922
200 10 1.681 33.4442 1911.54 23.4632
200 10 1.691 33.5981 1913.9 23.6077
200 10 1.701 33.3933 1910.11 24.0373
200 10 1.711 33.4712 1909.98 24.3598
200 10 1.721 33.484 1910.31 23.8629
200 10 1.731 33.6334 1911.49 24.0061
200 10 1.741 33.3956 1906.81 23.8812
200 10 1.751 33.6232 1910.96 24.026
200 10 1.761 33.5629 1909.14 24.0588
200 10 1.771 33.4057 1905.33 23.8751
200 10 1.781 33.4609 1905.3 23.9317
200 10 1.791 33.3936 1902.7 23.9337
200 10 1.801 33.4844 1903.61 24.0364
200 10 1.811 33.6547 1906.35 24.1435
200 10 1.821 33.5744 1904.85 24.0947
200 10 1.831 33.6181 1903.85 24.0383
200 10 1.841 33.5272 1902.12 24.0784
200 10 1.851 33.6856 1904.17 24.0838
200 10 1.861 33.6641 1902.69 24.2093
200 10 1.871 33.6872 1902.56 24.9199
200 10 1.881 33.6451 1900.83 25.3285
200 10 1.891 33.6371 1898.9 23.3146
200 10 1.901 33.8302 1901.49 23.4898
200 10 1.911 33.8029 1900.55 23.5308
200 10 1.921 33.8236 1900.14 23.5751
200 10 1.931 33.7191 1897.1 23.4465
200 10 1.941 33.9404 1900.37 23.6103
200 10 1.951 33.9604 1899.47 23.5487
200 10 1.961 33.9883 1898.5 23.5383
200 10 1.971 34.0076 1898.86 23.5386
200 10 1.981 34.0982 1898.11 23.6223
200 10 1.991 34.1992 1898.94 23.5809
200 20 0.001 1717.76 20905.9 4.1073
200 20 0.011 1643.77 20091.2 4.2119
200 20 0.021 1599.33 19601.4 4.375
200 20 0.031 1564.64 19220 4.5656
200 20 0.041 1467.46 18149.6 4.785
200 20 0.051 1416.61 17592.4 5.1488
200 20 0.061 1398.42 17393.2 5.523
200 20 0.071 1338.95 16738.8 5.9135
200 20 0.081 1273.02 16015.4 5.6453
200 20 0.091 1237.49 15624.2 5.9671
200 20 0.101 1151.62 14677.8 6.1758
200 20 0.111 1084.41 13939.5 6.4792
200 20 0.121 1024.18 13276.2 6.5605
200 20 0.131 1005.02 13066 6.8752
200 20 0.141 942.854 12385.7 7.2622
200 20 0.151 921.301 12144 7.3617
200 20 0.161 852.044 11386.4 8.5245
200 20 0.171 800.458 10817.3 9.0591
200 20 0.181 727.895 10017.1 8.8733
200 20 0.191 727.665 10016 9.1698
200 20 0.201 669.21 9373.88 9.2133
200 20 0.211 611.177 8735.76 9.3627
200 20 0.221 568.733 8264.73 9.7269
200 20 0.231 552.279 8088.99 9.8467
200 20 0.241 537.476 7928.68 10.3312
200 20 0.251 491.107 7412.39 10.4536
200 20 0.261 471.678 7202.02 10.8471
200 20 0.271 453.112 6994.71 10.7762
200 20 0.281 408.171 6498.81 10.8725
200 20 0.291 390.659 6307.5 11.1783
200 20 0.301 368.9 6072.61 11.7171
200 20 0.311 346.878 5827.24 11.6482
200 20 0.321 327.447 5612.1 12.4436
200 20 0.331 312.148 5442.68 13.0588
200 20 0.341 288.187 5178.83 13.396
200 20 0.351 266.506 4941.42 13.5649
200 20 0.361 256.534 4832.6 13.8303
200 20 0.371 229.431 4528.83 13.6879
200 20 0.381 220.8 4431.33 13.8011
200 20 0.391 214.991 4371.64 14.3728
200 20 0.401 190.01 4099.65 14.7584
200 20 0.411 179.432 3976.14 14.4671
200 20 0.421 167.192 3840.08 13.3866
200 20 0.431 155.94 3716.24 13.4209
200 20 0.441 144.896 3593.46 13.4107
200 20 0.451 141.928 3559.36 13.7914
200 20 0.461 134.952 3481.62 13.9648
200 20 0.471 122.753 3344.89 14.0365
200 20 0.481 115.082 3255.82 14.0203
200 20 0.491 107.648 3176.03 14.3423
200 20 0.501 111.75 3221.14 14.5134
200 20 0.511 101.557 3109.98 14.9244
200 20 0.521 93.929 3019.94 16.5765
200 20 0.531 84.9752 2919.55 15.0237
200 20 0.541 84.42 2914.26 15.1359
200 20 0.551 77.0354 2831.98 15.0267
200 20 0.561 71.0315 2763.25 15.07
200 20 0.571 69.4718 2741.99 16.2351
200 20 0.581 67.7486 2725.32 17.1151
200 20 0.591 64.0861 2684.4 17.4129
200 20 0.601 57.5309 2605.84 16.8113
200 20 0.611 57.2103 2598.17 16.2108
200 20 0.621 53.1088 2554.75 15.9024
200 20 0.631 50.9078 2529.87 15.764
200 20 0.641 49.6568 2510.16 15.9736
200 20 0.651 49.0294 2503.18 16.1655
200 20 0.661 44.0837 2447.36 16.1508
200 20 0.671 44.2699 2450.04 16.546
200 20 0.681 43.6341 2441.2 16.8178
200 20 0.691 41.8796 2418.26 16.648
200 20 0.701 40.5849 2399.32 18.329
200 20 0.711 39.4103 2387.68 19.1444
200 20 0.721 36.5411 2353.39 19.045
200 20 0.731 35.0398 2333.79 18.7269
200 20 0.741 33.8603 2318.75 17.6839
200 20 0.751 34.2244 2322.96 18.357
200 20 0.761 34.0844 2319.79 19.6407
200 20 0.771 31.8949 2292.9 19.6627
200 20 0.781 31.3065 2287.72 19.4817
200 20 0.791 31.1511 2284.46 19.2348
200 20 0.801 30.4712 2274.88 20.1413
200 20 0.811 30.1994 2268.22 19.3629
200 20 0.821 29.5503 2260.67 19.0741
200 20 0.831 28.7489 2249.12 19.1921
200 20 0.841 27.7536 2234.55 20.3254
200 20 0.851 27.9672 2238.24 21.0247
200 20 0.861 27.2398 2226.75 20.4554
200 20 0.871 26.1244 2211.79 20.965
200 20 0.881 26.1236 2211.42 20.4839
200 20 0.891 25.5917 2201.64 21.5004
200 20 0.901 25.146 2193.18 20.2886
200 20 0.911 25.2928 2194.63 20.1129
200 20 0.921 24.6128 2186.34 20.5662
200 20 0.931 23.9164 2175.53 21.5066
200 20 0.941 24.1253 2177.07 21.7801
200 20 0.951 23.9219 2171.81 21.3306
200 20 0.961 23.8067 2170.63 22.2472
200 20 0.971 23.0912 2158.38 20.6688
200 20 0.981 23.221 2159.35 20.9625
200 20 0.991 22.5435 2148.03 21.0245
200 20 1.001 22.7187 2148.73 21.4049
200 20 1.011 22.858 2149.08 21.9534
200 20 1.021 21.8016 2132.19 21.7175
200 20 1.031 21.9981 2133.37 21.9925
200 20 1.041 21.683 2128.99 22.0049
200 20 1.051 21.4873 2124.79 22.3205
200 20 1.061 21.4072 2121.43 22.3445
200 20 1.071 21.2179 2117.18 23.3709
200 20 1.081 21.0467 2114.31 24.6608
200 20 1.091 21.0204 2112.52 22.8869
200 20 1.101 20.8845 2108.95 23.9181
200 20 1.111 20.5923 2102.53 23.3634
200 20 1.121 20.6799 2103.75 23.6197
200 20 1.131 20.4498 2099.85 23.6962
200 20 1.141 20.396 2096.3 23.9825
200 20 1.151 20.385 2095.05 24.1076
200 20 1.161 20.3408 2093.19 24.2487
200 20 1.171 20.364 2092.53 24.4449
200 20 1.181 20.1211 2086.87 24.5845
200 20 1.191 20.13 2086.17 24.6355
200 20 1.201 19.8963 2079.89 24.8196
200 20 1.211 19.8048 2077.21 24.8592
200 20 1.221 20.1867 2083.94 25.1915
200 20 1.231 19.6031 2072.15 25.0697
200 20 1.241 19.9252 2076.38 25.3942
200 20 1.251 19.9771 2075.89 25.6526
200 20 1.261 19.6203 2069.27 25.4493
200 20 1.271 19.9081 2073.39 25.8673
200 20 1.281 19.5792 2064.77 25.7298
200 20 1.291 19.4904 2062.46 25.8659
200 20 1.301 19.5748 2062.52 26.1334
200 20 1.311 19.5889 2060.56 26.216
200 20 1.321 19.4776 2058.21 26.4372
200 20 1.331 19.7231 2061.58 27.0631
200 20 1.341 19.3842 2054.1 26.7883
200 20 1.351 19.4598 2053.93 26.6743
200 20 1.361 19.5858 2054.6 26.9282
200 20 1.371 19.5458 2052.48 27.0314
200 20 1.381 19.4247 2049.3 27.0043
200 20 1.391 19.4254 2046.46 27.0984
200 20 1.401 19.3772 2044.92 27.2225
200 20 1.411 19.2485 2040.99 27.1866
200 20 1.421 19.4821 2043.87 27.4615
200 20 1.431 19.264 2038.45 27.4221
200 20 1.441 19.343 2038.72 27.4867
200 20 1.451 19.355 2037.14 27.4586
200 20 1.461 19.3075 2034.47 27.5146
200 20 1.471 19.2812 2032.32 27.6594
200 20 1.481 19.3219 2032.14 27.7494
200 20 1.491 19.4138 2030.4 27.8661
200 20 1.501 19.3046 2027.53 28.4123
200 20 1.511 19.419 2027.71 28.9575
200 20 1.521 19.3823 2025.93 27.8097
200 20 1.531 19.3677 2023.07 27.8879
200 20 1.541 19.2653 2019.45 27.8907
200 20 1.551 19.4258 2020.07 27.7644
200 20 1.561 19.229 2015.7 29.368
200 20 1.571 19.5183 2017.47 30.4579
200 20 1.581 19.3777 2013.97 30.026
200 20 1.591 19.3813 2012.63 27.7716
200 20 1.601 19.4335 2012.28 28.5873
200 20 1.611 19.4185 2010.53 27.042
200 20 1.621 19.4797 2010.51 27.1674
200 20 1.631 19.4456 2009.34 27.0631
200 20 1.641 19.5484 2008.29 28.649
200 20 1.651 19.5918 2008.31 29.9686
200 20 1.661 19.6486 2008.15 30.5099
200 20 1.671 19.5757 2004.97 30.8966
200 20 1.681 19.6167 2003.83 28.9883
200 20 1.691 19.7332 2004.84 27.9071
200 20 1.701 19.6024 2001 27.0608
200 20 1.711 19.6882 2001.4 27.0338
200 20 1.721 19.6378 1999.15 27.1489
200 20 1.731 19.7826 2000.04 27.0984
200 20 1.741 19.8237 1998.48 27.1213
200 20 1.751 19.9162 1998.99 31.1701
200 20 1.761 19.8397 1995.56 30.2459
200 20 1.771 19.8483 1993.97 30.4635
200 20 1.781 20.0061 1994.46 30.1904
200 20 1.791 20.0722 1994.92 27.1636
200 20 1.801 19.9853 1991.12 26.8802
200 20 1.811 20.0395 1990.65 26.9452
200 20 1.821 20.1609 1990.65 26.8654
200 20 1.831 20.1881 1989.36 27.0014
200 20 1.841 20.2447 1988.78 26.8916
200 20 1.851 20.225 1985.23 26.9383
200 20 1.861 20.3253 1984.75 26.7485
200 20 1.871 20.3665 1984.92 26.7216
200 20 1.881 20.4768 1984.06 26.5962
200 20 1.891 20.5302 1983.43 26.508
200 20 1.901 20.5989 1982.12 26.3921
200 20 1.911 20.6502 1981.37 26.4239
200 20 1.921 20.7082 1980.08 26.4019
200 20 1.931 20.7905 1979.21 26.244
200 20 1.941 20.8238 1977.15 27.2659
200 20 1.951 20.8237 1975.19 25.4967
200 20 1.961 20.9671 1975.84 25.3686
200 20 1.971 20.951 1973.99 25.1951
200 20 1.981 21.0909 1973.63 24.9646
200 20 1.991 21.166 1972.21 24.9316
200 30 0.001 2510.12 29731.9 5.8353
200 30 0.011 2397.99 28515.9 5.6485
200 30 0.021 2223.61 26624.7 6.1709
200 30 0.031 2082.79 25098.4 6.3974
200 30 0.041 1975.54 23937.2 6.2437
200 30 0.051 1848.49 22561.2 6.0962
200 30 0.061 1749.68 21490.3 6.7007
200 30 0.071 1596.21 19828.5 6.9535
200 30 0.081 1549.46 19325.2 7.2343
200 30 0.091 1439.8 18134.9 7.2324
200 30 0.101 1325.72 16896.8 7.5133
200 30 0.111 1203.52 15570.3 7.6498
200 30 0.121 1125.53 14729.6 7.9471
200 30 0.131 1032.94 13727 8.3463
200 30 0.141 952.251 12852.9 8.4168
200 30 0.151 895.312 12241.8 8.909
200 30 0.161 844.622 11689.4 9.0534
200 30 0.171 773.434 10911.7 9.2828
200 30 0.181 724.034 10382.4 9.7832
200 30 0.191 656.905 9652.28 10.6418
200 30 0.201 574.854 8764.76 10.2757
200 30 0.211 513.078 8096.48 9.9793
200 30 0.221 490.9 7855.78 10.2815
200 30 0.231 457.195 7487.69 10.5673
200 30 0.241 420.499 7086.34 10.6293
200 30 0.251 369.959 6540.92 10.8462
200 30 0.261 349.463 6317.81 11.1697
200 30 0.271 323.26 6032.7 11.1442
200 30 0.281 307.912 5867.1 11.4747
200 30 0.291 257.647 5321.58 11.615
200 30 0.301 248.191 5217.82 11.7516
200 30 0.311 209.389 4792.71 11.7199
200 30 0.321 200.411 4701.36 12.2405
200 30 0.331 181.405 4489.5 13.7938
200 30 0.341 168.795 4350.05 13.5362
200 30 0.351 147.463 4117.76 13.7941
200 30 0.361 139.867 4032.03 14.2177
200 30 0.371 130.459 3928.35 13.1409
200 30 0.381 118.406 3795.98 12.9096
200 30 0.391 112.24 3727.02 13.3468
200 30 0.401 97.0274 3560.79 14.8813
200 30 0.411 89.043 3472.8 13.867
200 30 0.421 89.9773 3478.87 13.4667
200 30 0.431 73.7631 3297.9 13.4992
200 30 0.441 72.1081 3279.6 13.9331
200 30 0.451 67.2001 3223.96 13.9833
200 30 0.461 65.4921 3205.98 14.4245
200 30 0.471 55.1224 3090.82 14.418
200 30 0.481 57.7438 3117.68 14.6281
200 30 0.491 51.0208 3042.4 14.7015
200 30 0.501 52.9523 3060.21 14.863
200 30 0.511 45.6893 2980.87 15.0623
200 30 0.521 43.2594 2951.12 15.0977
200 30 0.531 40.0981 2914.13 15.2026
200 30 0.541 37.9294 2889.14 15.8024
200 30 0.551 36.8996 2872.89 16.149
200 30 0.561 35.0945 2854.54 15.9075
200 30 0.571 32.1865 2816.84 15.7645
200 30 0.581 31.772 2813.21 16.1779
200 30 0.591 30.8157 2799.97 17.241
200 30 0.601 29.9218 2785.64 16.1578
200 30 0.611 28.4518 2769.43 16.5454
200 30 0.621 26.4956 2744.65 16.7308
200 30 0.631 26.5365 2743.01 16.9347
200 30 0.641 25.8741 2734.56 17.0919
200 30 0.651 24.9904 2719.64 17.7598
200 30 0.661 24.8239 2715.63 17.2422
200 30 0.671 23.1221 2696.08 19.0405
200 30 0.681 23.1883 2695.96 19.407
200 30 0.691 23.5031 2694.67 18.9679
200 30 0.701 22.729 2685.51 17.881
200 30 0.711 22.4451 2682.05 17.9656
200 30 0.721 21.0479 2662.49 18.0097
200 30 0.731 20.7553 2656.05 18.349
200 30 0.741 20.2927 2647.69 18.3485
200 30 0.751 20.2294 2646.44 18.5731
200 30 0.761 20.0876 2640.59 18.7856
200 30 0.771 19.099 2627.49 18.7902
200 30 0.781 19.6527 2633.41 19.2337
200 30 0.791 19.3306 2628.45 19.3473
200 30 0.801 18.781 2617.6 19.5272
200 30 0.811 18.4382 2611.44 19.7901
200 30 0.821 18.0165 2602.57 19.9493
200 30 0.831 18.0316 2602.62 20.2365
200 30 0.841 17.9336 2598.49 20.4179
200 30 0.851 17.9216 2597.18 21.5454
200 30 0.861 17.5043 2588.64 22.5746
200 30 0.871 17.0595 2581.1 22.6626
200 30 0.881 17.1462 2581.59 21.4999
200 30 0.891 16.6226 2573.02 21.5756
200 30 0.901 16.7199 2569.53 21.8057
200 30 0.911 16.2753 2561.25 22.058
200 30 0.921 16.4043 2562.63 22.8596
200 30 0.931 15.9802 2553.68 24.67
200 30 0.941 15.8366 2548.66 24.9071
200 30 0.951 15.577 2543.3 24.8815
200 30 0.961 15.5873 2541.29 24.3766
200 30 0.971 15.4136 2536.69 23.5522
200 30 0.981 14.9176 2526.57 23.6398
200 30 0.991 15.1425 2527.15 25.2853
200 30 1.001 14.9566 2521.94 24.4109
200 30 1.011 14.534 2513.8 24.6862
200 30 1.021 14.5834 2512.05 27.0872
200 30 1.031 14.5466 2508.01 27.5756
200 30 1.041 14.1613 2500.06 27.6839
200 30 1.051 14.4589 2502.57 28.0034
200 30 1.061 14.0897 2492.72 26.7662
200 30 1.071 14.0995 2492.07 28.3973
200 30 1.081 13.8482 2486.56 28.7127
200 30 1.091 13.8843 2484.66 29.1668
200 30 1.101 13.8933 2482.62 29.1624
200 30 1.111 13.82 2479.56 27.4903
200 30 1.121 13.6745 2475.92 28.2199
200 30 1.131 13.5049 2470.45 29.6321
200 30 1.141 13.5658 2468.95 30.0039
200 30 1.151 13.4688 2464.61 29.7947
200 30 1.161 13.4583 2463.14 28.3321
200 30 1.171 13.5355 2461.64 29.3431
200 30 1.181 13.5068 2459.5 28.304
200 30 1.191 13.4017 2455.71 28.5157
200 30 1.201 13.2282 2450.67 28.686
200 30 1.211 13.4478 2451.31 28.9897
200 30 1.221 13.247 2445.25 30.0651
200 30 1.231 13.3515 2446.02 29.7505
200 30 1.241 13.2783 2442.79 29.8975
200 30 1.251 13.2285 2439.04 30.1149
200 30 1.261 13.2251 2437.15 30.3389
200 30 1.271 13.0802 2432.18 30.5851
200 30 1.281 12.941 2428.07 30.6288
200 30 1.291 13.177 2429.71 30.8827
200 30 1.301 13.0033 2423.37 30.4245
200 30 1.311 12.7824 2417.68 30.4738
200 30 1.321 12.8219 2416.57 30.6121
200 30 1.331 12.9139 2416.78 30.8295
200 30 1.341 12.9154 2413.8 30.9007
200 30 1.351 12.931 2410.14 31.1923
200 30 1.361 12.94 2408.63 31.269
200 30 1.371 12.8911 2404.98 31.719
200 30 1.381 12.9171 2403.99 33.5815
200 30 1.391 12.89 2401.03 32.1767
200 30 1.401 12.9701 2398.84 33.3588
200 30 1.411 12.718 2392.46 32.4315
200 30 1.421 12.8695 2391.15 33.1113
200 30 1.431 12.8213 2387.86 33.8161
200 30 1.441 12.8192 2386.81 34.2768
200 30 1.451 12.8713 2384.81 35.9335
200 30 1.461 12.8612 2381.49 35.1024
200 30 1.471 12.759 2376.2 32.7904
200 30 1.481 12.9025 2377.05 32.4768
200 30 1.491 12.8952 2375 32.4122
200 30 1.501 12.735 2368.09 32.187
200 30 1.511 12.7709 2366.3 32.2417
200 30 1.521 12.8519 2363.79 34.8258
200 30 1.531 12.895 2361.42 34.4162
200 30 1.541 12.8036 2357.38 33.4512
200 30 1.551 12.7794 2355.41 35.533
200 30 1.561 12.8511 2351.12 36.2832
200 30 1.571 12.9131 2350.62 34.0107
200 30 1.581 12.8697 2344.98 32.0959
200 30 1.591 12.8741 2343.13 32.0107
200 30 1.601 12.8624 2342.15 32.0788
200 30 1.611 12.9035 2340.1 32.1196
200 30 1.621 12.9433 2337.77 32.1682
200 30 1.631 12.9716 2337.12 32.1644
200 30 1.641 12.9719 2334.39 35.1116
200 30 1.651 13.0845 2334.92 36.5119
200 30 1.661 13.0417 2330.57 36.4058
200 30 1.671 13.1272 2332.03 35.5785
200 30 1.681 13.0384 2327.02 35.7048
200 30 1.691 13.1534 2325.87 35.0313
200 30 1.701 13.1456 2323.51 32.0813
200 30 1.711 13.2087 2321.9 31.7722
200 30 1.721 13.1806 2319.74 31.6701
200 30 1.731 13.2104 2316.38 33.1932
200 30 1.741 13.3602 2317.08 31.6639
200 30 1.751 13.3228 2314.27 33.7612
200 30 1.761 13.3197 2312.36 33.0028
200 30 1.771 13.3749 2309.8 31.5682
200 30 1.781 13.4241 2308.57 31.571
200 30 1.791 13.4174 2305.48 31.5319
200 30 1.801 13.4919 2303.02 31.3382
200 30 1.811 13.5119 2299.85 31.5735
200 30 1.821 13.5647 2297.87 31.6783
200 30 1.831 13.6293 2296.26 31.503
200 30 1.841 13.6909 2295.88 31.3651
200 30 1.851 13.7915 2293.17 31.3334
200 30 1.861 13.7416 2289.97 31.2498
200 30 1.871 13.8422 2287.99 31.1465
200 30 1.881 13.859 2285.5 30.9777
200 30 1.891 13.9411 2282.53 30.9477
200 30 1.901 13.9875 2281.19 30.9289
200 30 1.911 13.9837 2278.16 30.7793
200 30 1.921 14.083 2274.81 30.5714
200 30 1.931 14.181 2274.31 29.8715
200 30 1.941 14.1772 2269.78 30.6926
200 30 1.951 14.237 2267.84 33.1776
200 30 1.961 14.2817 2263.86 30.2908
200 30 1.971 14.3425 2262.3 29.1229
200 30 1.981 14.4361 2260.23 28.7748
200 30 1.991 14.4862 2257.72 28.605
200 40 0.001 2891.32 33399.4 10.08
200 40 0.011 2749.18 31891.7 10.3639
200 40 0.021 2631.14 30644.8 11.2067
200 40 0.031 2532.38 29605.4 12.2828
200 40 0.041 2311.1 27251.2 12.4292
200 40 0.051 2203.68 26116.4 12.8548
200 40 0.061 2009.69 24058.4 12.7581
200 40 0.071 1904.19 22941.5 13.3482
200 40 0.081 1731.35 21102.6 13.5691
200 40 0.091 1577.54 19463.7 13.3864
200 40 0.101 1452.97 18140.1 13.7767
200 40 0.111 1345 17003 13.873
200 40 0.121 1325.03 16800.5 14.1709
200 40 0.131 1174.18 15191.3 13.4356
200 40 0.141 1047.11 13840 13.5857
200 40 0.151 981.942 13154.3 13.6344
200 40 0.161 920.731 12494 13.5504
200 40 0.171 816.267 11384.2 13.3762
200 40 0.181 738.406 10559.5 13.3418
200 40 0.191 695.895 10109 13.5482
200 40 0.201 632.711 9434.05 13.4495
200 40 0.211 576.677 8836.76 12.9876
200 40 0.221 485.433 7857.99 12.9963
200 40 0.231 453.256 7522.08 13.2297
200 40 0.241 427.514 7243.8 13.1563
200 40 0.251 376.663 6708.31 12.9646
200 40 0.261 365.419 6587.23 13.1628
200 40 0.271 338.369 6299.02 13.1628
200 40 0.281 289.736 5783.92 13.044
200 40 0.291 253.022 5390.34 13.2317
200 40 0.301 250.607 5367.01 13.0831
200 40 0.311 216.357 5002.07 12.5661
200 40 0.321 191.054 4729.16 12.584
200 40 0.331 177.155 4578.74 12.9914
200 40 0.341 165.316 4458.89 13.4803
200 40 0.351 140.102 4187.13 13.4425
200 40 0.361 130.213 4081.91 12.7717
200 40 0.371 121.128 3985.22 12.8042
200 40 0.381 111.615 3883.07 12.8473
200 40 0.391 95.8939 3718.97 12.8995
200 40 0.401 91.5642 3677.55 13.1173
200 40 0.411 82.2825 3573.06 12.888
200 40 0.421 82.847 3582.47 12.9889
200 40 0.431 66.1467 3405.12 14.1692
200 40 0.441 68.4231 3430.51 14.4822
200 40 0.451 59.2009 3338.13 14.3689
200 40 0.461 59.3669 3338.93 14.9332
200 40 0.471 52.5931 3267.21 14.1049
200 40 0.481 53.0226 3273.28 14.693
200 40 0.491 44.2303 3183.36 15.0528
200 40 0.501 41.0567 3148.72 14.5906
200 40 0.511 39.6475 3135.34 27.2596
200 40 0.521 37.5966 3116.71 19.4562
200 40 0.531 33.3694 3071.96 21.0723
200 40 0.541 33.9442 3084.21 17.0891
200 40 0.551 34.3682 3089.33 15.0539
200 40 0.561 30.6082 3049.87 15.4023
200 40 0.571 29.6821 3039.7 16.4498
200 40 0.581 27.5848 3021.45 16.3341
200 40 0.591 26.8411 3013.8 15.6391
200 40 0.601 25.2172 2999.91 15.917
200 40 0.611 23.2193 2978.12 16.8565
200 40 0.621 24.1806 2995.02 17.1915
200 40 0.631 23.2734 2987.45 16.4159
200 40 0.641 22.3266 2981.28 16.9642
200 40 0.651 20.9887 2968.24 17.2871
200 40 0.661 21.6986 2979.59 18.0407
200 40 0.671 19.6534 2958.67 18.1122
200 40 0.681 19.9457 2965.99 17.9224
200 40 0.691 19.4378 2965.74 18.8778
200 40 0.701 19.1145 2964.31 19.6204
200 40 0.711 18.4649 2962.28 19.6992
200 40 0.721 18.093 2958.73 19.1701
200 40 0.731 17.9558 2963.42 19.5528
200 40 0.741 17.498 2958.58 19.9238
200 40 0.751 17.0461 2960.34 20.3243
200 40 0.761 17.2137 2962.28 20.5308
200 40 0.771 16.6519 2959.08 19.9425
200 40 0.781 16.3949 2958.26 20.1458
200 40 0.791 15.8612 2956.13 20.7812
200 40 0.801 15.7991 2961.17 20.8446
200 40 0.811 15.1416 2954.24 21.5465
200 40 0.821 15.2205 2961.72 22.1023
200 40 0.831 15.5129 2967.85 22.3754
200 40 0.841 15.0249 2963.38 23.116
200 40 0.851 14.6781 2962.82 22.42
200 40 0.861 14.5556 2965.16 22.6355
200 40 0.871 14.1409 2962.81 22.7418
200 40 0.881 14.2123 2968.34 23.1985
200 40 0.891 13.7358 2962.75 23.2986
200 40 0.901 13.8601 2967.7 23.8044
200 40 0.911 13.9774 2972.09 24.3205
200 40 0.921 13.6127 2969.64 26.1886
200 40 0.931 13.3187 2968.18 26.9836
200 40 0.941 13.1283 2968.89 26.1516
200 40 0.951 13.1997 2969.63 26.1337
200 40 0.961 12.9735 2969.61 26.7504
200 40 0.971 12.8746 2970.55 27.9315
200 40 0.981 12.8516 2970.65 26.8854
200 40 0.991 12.5261 2968.31 27.3654
200 40 1.001 12.7074 2971.34 28.1519
200 40 1.011 12.4686 2968.43 29.9371
200 40 1.021 12.3168 2967.54 30.8045
200 40 1.031 12.1417 2966.55 31.2608
200 40 1.041 11.8484 2961.09 30.3883
200 40 1.051 11.7833 2960.63 30.5402
200 40 1.061 11.959 2963.55 31.42
200 40 1.071 11.8524 2960.71 30.3214
200 40 1.081 11.8803 2961.43 32.8557
200 40 1.091 11.6114 2956.32 33.1817
200 40 1.101 11.8374 2958.73 33.6434
200 40 1.111 11.5836 2954.73 33.9148
200 40 1.121 11.5468 2952.58 33.7169
200 40 1.131 11.7321 2954.62 33.0473
200 40 1.141 11.6718 2952.44 32.8546
200 40 1.151 11.4516 2948.5 33.0806
200 40 1.161 11.4264 2946.47 33.4476
200 40 1.171 11.3143 2942.75 33.5287
200 40 1.181 11.4658 2942.81 33.8875
200 40 1.191 11.4151 2941.33 34.1404
200 40 1.201 11.3135 2937.6 34.4178
200 40 1.211 11.3366 2936.67 34.8019
200 40 1.221 11.4016 2935.28 35.1526
200 40 1.231 11.3008 2930.38 35.0937
200 40 1.241 11.3676 2931.86 35.0968
200 40 1.251 11.3345 2928.03 35.7124
200 40 1.261 11.3494 2926.2 35.9861
200 40 1.271 11.1338 2919.22 36.1939
200 40 1.281 11.319 2920.19 36.4412
200 40 1.291 11.1787 2915.67 36.63
200 40 1.301 11.1479 2913.02 36.855
200 40 1.311 11.2345 2911.16 38.8399
200 40 1.321 11.2409 2908.44 37.4847
200 40 1.331 11.2597 2905.86 37.4665
200 40 1.341 11.2023 2903.2 37.5624
200 40 1.351 11.3254 2901.18 37.8981
200 40 1.361 11.1895 2895.55 40.3991
200 40 1.371 11.2069 2893.04 39.0909
200 40 1.381 11.2967 2891.79 38.1213
200 40 1.391 11.3188 2887.55 38.4125
200 40 1.401 11.2482 2884.74 40.8524
200 40 1.411 11.1932 2880.17 40.9866
200 40 1.421 11.2686 2876.94 39.6009
200 40 1.431 11.1868 2873.18 39.5627
200 40 1.441 11.2393 2870.24 40.0014
200 40 1.451 11.2314 2866.74 40.1635
200 40 1.461 11.203 2862.88 39.3419
200 40 1.471 11.274 2860.68 39.4397
200 40 1.481 11.2896 2856.95 39.4762
200 40 1.491 11.3544 2855.06 40.193
200 40 1.501 11.3034 2848.62 39.0853
200 40 1.511 11.3936 2847.16 39.9599
200 40 1.521 11.2803 2841.68 41.1905
200 40 1.531 11.4204 2839.54 41.9363
200 40 1.541 11.3894 2835.37 41.529
200 40 1.551 11.4097 2831.79 39.8957
200 40 1.561 11.3679 2825.94 38.9129
200 40 1.571 11.3571 2822.11 38.7114
200 40 1.581 11.3541 2818.5 38.7871
200 40 1.591 11.3625 2813.88 38.5162
200 40 1.601 11.4467 2812.95 38.6838
200 40 1.611 11.4501 2810.82 38.5391
200 40 1.621 11.4797 2808.19 38.5796
200 40 1.631 11.5451 2805.68 38.7421
200 40 1.641 11.6139 2804.98 38.4697
200 40 1.651 11.6063 2800.64 38.5282
200 40 1.661 11.6429 2799.01 38.4688
200 40 1.671 11.5826 2795.31 39.3678
200 40 1.681 11.7317 2794.65 39.2433
200 40 1.691 11.7287 2790.8 40.6039
200 40 1.701 11.7599 2788.63 38.2921
200 40 1.711 11.7934 2784.16 38.0681
200 40 1.721 11.8133 2782.98 38.066
200 40 1.731 11.9139 2780.19 38.0228
200 40 1.741 11.9113 2776.74 37.8701
200 40 1.751 11.927 2772.95 37.806
200 40 1.761 11.9779 2771.53 39.1676
200 40 1.771 12.0139 2766.24 37.561
200 40 1.781 12.0604 2765.39 37.7447
200 40 1.791 12.0772 2762.01 38.1145
200 40 1.801 12.1776 2758.2 38.5822
200 40 1.811 12.2011 2754.82 40.8553
200 40 1.821 12.2271 2753.15 41.0889
200 40 1.831 12.3032 2747.9 40.4086
200 40 1.841 12.3171 2745.13 40.9717
200 40 1.851 12.3353 2740.41 39.8192
200 40 1.861 12.3865 2737.29 38.2582
200 40 1.871 12.4748 2736.18 37.5051
200 40 1.881 12.5585 2731.13 39.9579
200 40 1.891 12.536 2726.99 39.8761
200 40 1.901 12.6393 2724.11 39.8122
200 40 1.911 12.6379 2719.95 36.8529
200 40 1.921 12.7369 2716.88 35.8733
200 40 1.931 12.7727 2711.46 35.6222
200 40 1.941 12.8349 2708.65 35.5193
200 40 1.951 12.8789 2705.47 35.465
200 40 1.961 12.9451 2700.25 37.751
200 40 1.971 12.9621 2695.86 37.8957
200 40 1.981 13.0566 2693.22 37.729
200 40 1.991 13.1216 2689.43 36.8517
300 10 0.001 1336.83 17268.7 5.1277
300 10 0.011 1327.26 17159.4 5.2205
300 10 0.021 1294.63 16783.9 5.3163
300 10 0.031 1243.94 16197.8 6.0608
300 10 0.041 1239.81 16152 6.3847
300 10 0.051 1198.64 15678 6.3378
300 10 0.061 1206.73 15774.7 6.265
300 10 0.071 1165.37 15295.2 6.4499
300 10 0.081 1157.25 15202.8 6.749
300 10 0.091 1096.83 14510 7.056
300 10 0.101 1092.33 14460.6 7.3753
300 10 0.111 1061.15 14099.6 7.5708
300 10 0.121 1069.53 14199 7.67
300 10 0.131 1032.75 13777.7 8.21
300 10 0.141 1046.71 13940.1 7.9684
300 10 0.151 967.194 13021.6 8.3881
300 10 0.161 916.567 12439 8.6081
300 10 0.171 919.219 12473.2 8.8642
300 10 0.181 860.818 11799.6 9.2102
300 10 0.191 886.031 12093.8 9.4011
300 10 0.201 856.17 11747.2 9.5829
300 10 0.211 841.78 11585.4 9.9296
300 10 0.221 814.329 11267 10.0043
300 10 0.231 807.581 11184.7 9.8001
300 10 0.241 769.402 10751.6 10.3104
300 10 0.251 743.821 10460.7 10.5768
300 10 0.261 729.78 10298.2 10.7243
300 10 0.271 692.227 9871.34 11.1339
300 10 0.281 682.705 9758.71 11.6254
300 10 0.291 667.374 9585.8 11.7002
300 10 0.301 618.314 9015.84 11.6211
300 10 0.311 614.398 8976.98 12.2898
300 10 0.321 595.053 8752.75 12.6459
300 10 0.331 593.157 8730.29 13.5121
300 10 0.341 562.216 8379.85 13.4635
300 10 0.351 554.07 8284.38 13.9898
300 10 0.361 526.783 7969.38 13.9666
300 10 0.371 506.991 7740.61 14.4841
300 10 0.381 497.461 7631.59 14.7632
300 10 0.391 492.817 7579.86 14.7848
300 10 0.401 469.657 7314 15.1647
300 10 0.411 422.955 6768.37 14.8081
300 10 0.421 430.559 6860.72 15.4623
300 10 0.431 423.566 6786.96 15.7585
300 10 0.441 399.936 6514.69 16.0783
300 10 0.451 378.447 6266.5 16.2026
300 10 0.461 376.429 6244.92 16.9291
300 10 0.471 370.18 6172.95 16.955
300 10 0.481 353.773 5986.3 17.5278
300 10 0.491 346.511 5900.68 17.7267
300 10 0.501 338.137 5803.39 17.7975
300 10 0.511 321.64 5610.12 17.8292
300 10 0.521 317.708 5571.27 18.5755
300 10 0.531 303.237 5404.45 19.2931
300 10 0.541 297.601 5337.89 19.7617
300 10 0.551 285.893 5200.66 19.907
300 10 0.561 266.112 4969.17 19.7868
300 10 0.571 261.538 4917.62 19.6444
300 10 0.581 236.613 4635.3 20.4205
300 10 0.591 241.518 4690.2 20.4144
300 10 0.601 228.337 4532.55 20.3354
300 10 0.611 221.811 4460.67 20.4985
300 10 0.621 226.721 4517.47 21.5169
300 10 0.631 209.434 4313.69 20.6588
300 10 0.641 197.042 4172.89 20.8521
300 10 0.651 201.843 4228.09 21.5214
300 10 0.661 182.519 4005.5 21.3907
300 10 0.671 176.408 3938.96 21.7329
300 10 0.681 177.518 3946.28 21.8591
300 10 0.691 173.642 3906.35 22.6214
300 10 0.701 162.459 3775.51 22.92
300 10 0.711 159.307 3735.83 22.778
300 10 0.721 146.931 3591.8 22.7175
300 10 0.731 145.725 3578.41 22.6426
300 10 0.741 139.566 3502.97 23.1288
300 10 0.751 137.785 3482.04 23.1351
300 10 0.761 135.635 3455.38 23.459
300 10 0.771 131.099 3402.74 23.5991
300 10 0.781 122.176 3304.96 24.0956
300 10 0.791 124.24 3322.34 23.756
300 10 0.801 123.314 3315.47 24.649
300 10 0.811 117.098 3240.77 24.309
300 10 0.821 112.057 3178.11 24.4514
300 10 0.831 108.889 3141.35 25.054
300 10 0.841 103.287 3077.68 26.3602
300 10 0.851 103.198 3070.65 25.9546
300 10 0.861 99.9535 3037.27 26.4384
300 10 0.871 95.3768 2978.99 26.3867
300 10 0.881 93.2239 2957.22 26.8893
300 10 0.891 90.5628 2923.99 26.8049
300 10 0.901 89.6255 2916.82 27.4214
300 10 0.911 87.684 2890.77 27.5698
300 10 0.921 85.5348 2864.2 27.4315
300 10 0.931 81.3795 2811.87 27.2178
300 10 0.941 80.7522 2807.54 26.9184
300 10 0.951 77.623 2765.24 26.2456
300 10 0.961 77.7967 2771.8 26.726
300 10 0.971 75.319 2740.38 26.6386
300 10 0.981 73.3264 2720.74 27.2444
300 10 0.991 71.3029 2691.09 26.764
300 10 1.001 71.7311 2695.95 26.9675
300 10 1.011 68.2377 2652.29 26.8624
300 10 1.021 67.8679 2645.09 26.8626
300 10 1.031 66.1585 2629.98 27.5353
300 10 1.041 64.4725 2607.97 28.6715
300 10 1.051 63.7596 2596.14 27.002
300 10 1.061 63.5418 2594.08 27.4205
300 10 1.071 63.0355 2587.97 28.9359
300 10 1.081 62.0147 2576.91 28.4383
300 10 1.091 60.8885 2557.64 28.0973
300 10 1.101 61.0631 2563 28.5561
300 10 1.111 59.9024 2546.75 29.7952
300 10 1.121 58.5334 2525.38 29.4518
300 10 1.131 59.1568 2534.57 29.9125
300 10 1.141 58.0395 2521.37 29.214
300 10 1.151 57.6598 2516.9 28.2215
300 10 1.161 57.6894 2515.73 28.8251
300 10 1.171 57.2082 2508.25 28.4523
300 10 1.181 57.5991 2511.75 29.0415
300 10 1.191 56.6887 2502.68 28.9372
300 10 1.201 55.9633 2491.86 28.7148
300 10 1.211 55.9163 2489.12 28.7775
300 10 1.221 55.9648 2490 28.8665
300 10 1.231 55.4365 2479.52 28.813
300 10 1.241 54.9361 2475.43 28.8858
300 10 1.251 54.381 2466.34 28.8673
300 10 1.261 54.8815 2474.99 29.3268
300 10 1.271 54.828 2473.94 28.9721
300 10 1.281 54.3429 2467.05 29.0839
300 10 1.291 54.3246 2466.32 29.0928
300 10 1.301 53.6655 2456.16 29.9251
300 10 1.311 53.4428 2451.79 30.0034
300 10 1.321 53.2565 2449.84 28.84
300 10 1.331 52.9909 2446.83 28.9049
300 10 1.341 52.4101 2436.15 28.5786
300 10 1.351 52.7209 2439.1 28.8069
300 10 1.361 52.1917 2430.05 29.2995
300 10 1.371 52.3076 2432.98 29.4881
300 10 1.381 52.6912 2439 29.9042
300 10 1.391 52.6548 2438.85 29.9492
300 10 1.401 52.3758 2433.89 30.2201
300 10 1.411 52.4153 2434.48 32.2882
300 10 1.421 51.6036 2419.32 31.8615
300 10 1.431 51.737 2422.35 31.61
300 10 1.441 51.7647 2421.65 30.1775
300 10 1.451 51.294 2414.98 29.0348
300 10 1.461 51.4611 2417.16 29.2293
300 10 1.471 51.1623 2411.44 31.2667
300 10 1.481 51.6642 2419 29.8884
300 10 1.491 51.2291 2412.76 31.1636
300 10 1.501 50.9361 2406.4 31.5114
300 10 1.511 51.2173 2410.86 31.9587
300 10 1.521 51.1447 2409.69 31.9022
300 10 1.531 50.554 2399 31.3792
300 10 1.541 50.9332 2405.15 31.9049
300 10 1.551 50.6765 2399.36 29.8029
300 10 1.561 50.973 2404.54 30.0001
300 10 1.571 50.7083 2399.2 29.747
300 10 1.581 50.9018 2402.45 30.069
300 10 1.591 50.5023 2396.06 29.7851
300 10 1.601 50.974 2403.23 30.1288
300 10 1.611 50.6457 2396.4 29.9367
300 10 1.621 50.6862 2396.6 30.7326
300 10 1.631 50.7398 2396.55 32.2767
300 10 1.641 50.6041 2394.85 30.0421
300 10 1.651 50.6848 2395.15 30.2934
300 10 1.661 50.5782 2393.09 32.2214
300 10 1.671 50.4401 2390.03 31.4026
300 10 1.681 50.7949 2395.6 32.4293
300 10 1.691 50.599 2391.28 30.021
300 10 1.701 50.3405 2386.34 29.1096
300 10 1.711 50.5322 2389.85 29.3664
300 10 1.721 50.7191 2391.8 29.4915
300 10 1.731 50.6139 2389.23 31.6666
300 10 1.741 50.4563 2385.71 32.3953
300 10 1.751 50.5678 2387.98 32.6716
300 10 1.761 50.7292 2390.6 30.2479
300 10 1.771 50.5738 2386.86 30.0255
300 10 1.781 50.7106 2388.52 30.4141
300 10 1.791 50.662 2387.25 30.0243
300 10 1.801 50.5918 2385.28 29.9128
300 10 1.811 50.85 2389.03 30.0732
300 10 1.821 50.8249 2387.6 30.2005
300 10 1.831 50.8229 2387.68 30.0949
300 10 1.841 50.6883 2383.22 30.0192
300 10 1.851 50.7604 2384.8 30.5257
300 10 1.861 50.7908 2384.36 32.278
300 10 1.871 50.9263 2386.44 33.2938
300 10 1.881 51.0407 2387.51 32.3405
300 10 1.891 50.8915 2384.24 32.0292
300 10 1.901 51.1124 2387.41 32.8468
300 10 1.911 51.068 2385.52 30.8501
300 10 1.921 51.1731 2386.59 30.7002
300 10 1.931 51.1935 2386.19 32.0876
300 10 1.941 51.3596 2387.49 30.2279
300 10 1.951 51.3879 2388.25 30.3934
300 10 1.961 51.4447 2388.35 30.2377
300 10 1.971 51.5383 2388.87 30.2332
300 10 1.981 51.5386 2388.3 30.1731
300 10 1.991 51.6108 2388.96 30.124
300 20 0.001 2720.39 32102.2 5.7926
300 20 0.011 2585.74 30618.9 5.8742
300 20 0.021 2557.11 30306.9 6.2572
300 20 0.031 2375.33 28303.1 6.3988
300 20 0.041 2265.97 27099.9 6.6826
300 20 0.051 2275.53 27207.1 7.1616
300 20 0.061 2114.55 25431.9 7.2024
300 20 0.071 2011.77 24303.1 7.0011
300 20 0.081 1906.23 23141.9 7.2811
300 20 0.091 1807.02 22048.3 7.5097
300 20 0.101 1780.04 21758.1 8.3327
300 20 0.111 1708.43 20972.1 8.4052
300 20 0.121 1635.79 20174.7 8.7246
300 20 0.131 1495.18 18622.1 9.1188
300 20 0.141 1415.26 17742.3 9.3253
300 20 0.151 1319.38 16688.6 9.4522
300 20 0.161 1288.2 16345.7 10.057
300 20 0.171 1245.64 15884.5 10.6201
300 20 0.181 1210.47 15496 11.2368
300 20 0.191 1109.53 14391.8 11.8366
300 20 0.201 1054.09 13781.5 12.1654
300 20 0.211 978.886 12951.6 12.2462
300 20 0.221 936.869 12489.8 12.6751
300 20 0.231 863.089 11678 12.9568
300 20 0.241 835.595 11380.2 13.3719
300 20 0.251 775.392 10714.5 13.5332
300 20 0.261 735.544 10277.4 14.0768
300 20 0.271 693.3 9810.77 14.0626
300 20 0.281 647.055 9298.28 14.4074
300 20 0.291 615.479 8955.66 14.6708
300 20 0.301 578.508 8545.42 14.8612
300 20 0.311 504.91 7732.85 14.6625
300 20 0.321 495.973 7636.6 14.4604
300 20 0.331 476.512 7421.83 14.7227
300 20 0.341 439.386 7012.53 14.8869
300 20 0.351 438.986 7007.05 15.2544
300 20 0.361 372.806 6285.75 16.6212
300 20 0.371 384.071 6403.14 16.5681
300 20 0.381 350.997 6035.38 15.9926
300 20 0.391 306.899 5554.54 16.2974
300 20 0.401 304.36 5521.22 16.5068
300 20 0.411 278.718 5241.49 16.887
300 20 0.421 260.405 5039.25 17.416
300 20 0.431 243.591 4850.47 17.8872
300 20 0.441 225.36 4657 18.0957
300 20 0.451 224.642 4638.46 17.9771
300 20 0.461 205.426 4426.63 18.6811
300 20 0.471 194.534 4305.42 18.5189
300 20 0.481 173.13 4062.13 18.0351
300 20 0.491 172.135 4055.82 18.2353
300 20 0.501 162.579 3947.85 17.7377
300 20 0.511 148.131 3789.36 17.9367
300 20 0.521 136.968 3660.89 17.9773
300 20 0.531 130.982 3594.33 19.2953
300 20 0.541 123.738 3511.64 19.3268
300 20 0.551 123.038 3504.04 20.162
300 20 0.561 109.363 3353.01 19.9848
300 20 0.571 105.479 3307.68 19.9997
300 20 0.581 99.6969 3241.15 20.1764
300 20 0.591 99.4754 3237.62 20.7512
300 20 0.601 93.5544 3172.23 20.4447
300 20 0.611 85.3025 3080.14 19.7123
300 20 0.621 81.6692 3028.68 20.1989
300 20 0.631 76.2823 2969.44 19.9682
300 20 0.641 75.5238 2956.73 19.7638
300 20 0.651 75.0312 2954.11 21.0564
300 20 0.661 68.741 2883.8 21.355
300 20 0.671 65.1902 2839.36 21.4967
300 20 0.681 66.7401 2859.64 21.8056
300 20 0.691 63.238 2815.44 21.8006
300 20 0.701 60.9869 2792.3 22.0621
300 20 0.711 60.6551 2787.6 22.4588
300 20 0.721 57.7577 2744.56 22.0242
300 20 0.731 55.8579 2728.12 22.1078
300 20 0.741 53.9268 2706.8 22.9785
300 20 0.751 52.1118 2680.08 22.7598
300 20 0.761 50.1601 2655.21 21.5296
300 20 0.771 51.2109 2671.45 21.9326
300 20 0.781 48.0674 2632.64 22.0518
300 20 0.791 47.2877 2618.68 21.8653
300 20 0.801 45.2487 2592.72 21.7851
300 20 0.811 44.6567 2583.68 22.0743
300 20 0.821 44.2621 2579.5 22.9536
300 20 0.831 42.7243 2559.76 22.9765
300 20 0.841 42.9206 2563.47 24.423
300 20 0.851 41.1966 2538.61 24.6966
300 20 0.861 41.0201 2536.18 23.088
300 20 0.871 39.7998 2519.76 23.8349
300 20 0.881 40.0467 2525.39 24.111
300 20 0.891 39.1408 2509.28 24.7575
300 20 0.901 38.0343 2489.85 24.2792
300 20 0.911 38.0143 2490.62 24.2654
300 20 0.921 37.3479 2483.75 24.2233
300 20 0.931 37.1046 2479.42 25.0096
300 20 0.941 36.4227 2465.45 25.6337
300 20 0.951 35.2088 2449.43 25.5441
300 20 0.961 35.8733 2458.46 24.3634
300 20 0.971 35.2645 2448.48 24.5939
300 20 0.981 34.7281 2437.1 24.6318
300 20 0.991 34.9808 2442.09 25.1168
300 20 1.001 34.2883 2431.71 25.314
300 20 1.011 33.988 2424.87 25.3662
300 20 1.021 33.5025 2416.01 25.7675
300 20 1.031 33.0415 2409.93 25.6798
300 20 1.041 32.8906 2405.45 26.0851
300 20 1.051 32.0206 2391.65 25.8908
300 20 1.061 32.2233 2392.54 26.1509
300 20 1.071 32.4312 2396.4 26.7825
300 20 1.081 31.9297 2387.76 26.6585
300 20 1.091 31.6333 2380.57 26.5358
300 20 1.101 31.6023 2381.46 26.7349
300 20 1.111 31.3735 2375.86 26.749
300 20 1.121 31.3087 2373.63 27.1344
300 20 1.131 30.923 2366.08 27.1291
300 20 1.141 30.6708 2362.01 27.1702
300 20 1.151 30.7106 2362.09 27.1992
300 20 1.161 30.4812 2355.92 27.5166
300 20 1.171 30.4686 2355.84 29.465
300 20 1.181 30.5309 2355.67 30.0632
300 20 1.191 30.2366 2349.28 30.1785
300 20 1.201 30.6267 2354.77 28.7612
300 20 1.211 30.1298 2345.01 28.2286
300 20 1.221 30.1976 2345.12 28.3084
300 20 1.231 29.8579 2338.12 28.3662
300 20 1.241 30.1012 2341.52 28.6508
300 20 1.251 30.2919 2343.26 29.4633
300 20 1.261 29.987 2337.12 31.5137
300 20 1.271 29.7991 2332.19 31.2854
300 20 1.281 30.0293 2335.03 31.6334
300 20 1.291 29.7687 2329.55 31.7271
300 20 1.301 29.6789 2327.46 31.7995
300 20 1.311 29.7764 2326.9 32.0382
300 20 1.321 29.7047 2326.72 30.6111
300 20 1.331 29.3496 2317.69 29.888
300 20 1.341 29.2829 2315.25 30.0043
300 20 1.351 29.3261 2314.55 30.1052
300 20 1.361 29.2303 2311.15 30.1697
300 20 1.371 29.2576 2310.78 30.2717
300 20 1.381 29.289 2310.48 30.4563
300 20 1.391 29.2083 2308.08 30.5039
300 20 1.401 29.3515 2308.6 30.5889
300 20 1.411 29.1313 2302.96 31.2521
300 20 1.421 29.1514 2302.2 30.8334
300 20 1.431 29.0933 2299.63 30.842
300 20 1.441 29.2743 2301.44 31.0372
300 20 1.451 29.1945 2297.35 31.3457
300 20 1.461 28.9707 2292.14 31.1585
300 20 1.471 29.4037 2297.97 32.7854
300 20 1.481 28.8393 2287.87 31.8692
300 20 1.491 29.0763 2288.83 32.0523
300 20 1.501 29.0471 2287.72 31.8549
300 20 1.511 29.1284 2287.56 31.4788
300 20 1.521 29.2773 2287.79 31.5946
300 20 1.531 29.1582 2284.36 31.6442
300 20 1.541 29.1638 2283.11 31.231
300 20 1.551 29.0715 2279.99 32.4117
300 20 1.561 29.2816 2280.95 34.0559
300 20 1.571 29.2049 2277.24 34.3206
300 20 1.581 29.2176 2276.72 34.3447
300 20 1.591 29.1751 2274.67 34.2722
300 20 1.601 29.0535 2271.22 32.5714
300 20 1.611 29.3109 2273.85 33.8424
300 20 1.621 29.3337 2273.66 33.7345
300 20 1.631 29.2961 2272.46 34.4203
300 20 1.641 29.1013 2266.44 34.3175
300 20 1.651 29.3952 2270.5 31.8397
300 20 1.661 29.3684 2269.35 34.4375
300 20 1.671 29.3705 2267.63 34.0005
300 20 1.681 29.4985 2268.49 32.4534
300 20 1.691 29.4803 2266.55 32.5579
300 20 1.701 29.5699 2266.25 32.5774
300 20 1.711 29.6642 2267.85 32.4083
300 20 1.721 29.7202 2265.75 32.9688
300 20 1.731 29.5441 2261.01 33.2653
300 20 1.741 29.7888 2263.98 31.3379
300 20 1.751 29.7839 2263.06 31.4048
300 20 1.761 29.8125 2261.3 31.3799
300 20 1.771 29.8103 2260.3 34.6934
300 20 1.781 29.7647 2257.17 33.2283
300 20 1.791 29.9547 2259.1 32.214
300 20 1.801 30.167 2261.36 31.9802
300 20 1.811 30.2913 2261.17 31.4341
300 20 1.821 30.2198 2258.63 31.0111
300 20 1.831 30.2724 2257.03 30.9463
300 20 1.841 30.2707 2255.97 30.8412
300 20 1.851 30.4517 2257.45 31.5408
300 20 1.861 30.5149 2257.02 34.392
300 20 1.871 30.5812 2255.06 34.4648
300 20 1.881 30.6678 2256.39 33.803
300 20 1.891 30.7683 2253.99 33.0879
300 20 1.901 30.9014 2254.8 30.4834
300 20 1.911 30.9222 2253.37 30.2418
300 20 1.921 31.0178 2253.96 30.1787
300 20 1.931 31.1705 2254 30.0906
300 20 1.941 31.2667 2253.27 29.866
300 20 1.951 31.3346 2253.08 29.5911
300 20 1.961 31.4048 2251.73 29.5485
300 20 1.971 31.5019 2251.44 30.8723
300 20 1.981 31.657 2251.27 31.8006
300 20 1.991 31.8742 2252.68 31.291
300 30 0.001 3940.31 45363.9 5.0051
300 30 0.011 3682.87 42571.6 5.273
300 30 0.021 3609.57 41781.8 5.7968
300 30 0.031 3406.49 39580.3 6.101
300 30 0.041 3107.3 36334.1 6.0289
300 30 0.051 2952.52 34659.1 6.7544
300 30 0.061 2779.05 32781.5 7.2636
300 30 0.071 2620.14 31063 7.6857
300 30 0.081 2405.21 28730.9 7.9439
300 30 0.091 2254.4 27097.6 8.3536
300 30 0.101 2111.03 25547.3 8.8266
300 30 0.111 1897.73 23238.9 9.3431
300 30 0.121 1787.26 22039.7 9.5703
300 30 0.131 1641.48 20465.2 9.959
300 30 0.141 1535.24 19319.6 10.4406
300 30 0.151 1464.54 18541.4 10.5962
300 30 0.161 1243.79 16152.8 10.9474
300 30 0.171 1177.77 15438.5 11.2521
300 30 0.181 1055.57 14119.1 11.4861
300 30 0.191 1012.77 13651 12.262
300 30 0.201 969.4 13183.2 12.6318
300 30 0.211 848.845 11877.9 12.4733
300 30 0.221 721 10493.1 12.8368
300 30 0.231 733.538 10629.4 13.4543
300 30 0.241 654.04 9770.93 13.4216
300 30 0.251 577.026 8934.4 13.4723
300 30 0.261 538.544 8512.01 13.7197
300 30 0.271 484.309 7923.31 13.2615
300 30 0.281 457.143 7627.97 13.1845
300 30 0.291 391.883 6919.19 13.1469
300 30 0.301 382.577 6815.66 13.4098
300 30 0.311 342.307 6375.63 13.4704
300 30 0.321 306.38 5986.83 13.8679
300 30 0.331 287.27 5771.82 14.2932
300 30 0.341 270.062 5593.47 14.0443
300 30 0.351 223.654 5085.7 14.0359
300 30 0.361 214.588 4988.63 14.1999
300 30 0.371 204.148 4873.16 14.4626
300 30 0.381 189.446 4706.85 14.3656
300 30 0.391 172.336 4520.64 14.5534
300 30 0.401 159.084 4373.82 14.858
300 30 0.411 136.846 4128.81 14.7787
300 30 0.421 136.874 4131.88 16.2441
300 30 0.431 119.106 3930.88 16.6501
300 30 0.441 111.568 3850.58 17.5779
300 30 0.451 102.286 3742.14 17.1408
300 30 0.461 104.131 3763.04 17.704
300 30 0.471 92.1757 3626.55 17.468
300 30 0.481 86.9628 3573.41 18.0676
300 30 0.491 81.1349 3507.45 16.9295
300 30 0.501 74.0818 3424.79 17.1199
300 30 0.511 72.7569 3411.55 17.5284
300 30 0.521 65.8886 3334.43 16.8225
300 30 0.531 63.7544 3304.15 16.8338
300 30 0.541 58.1201 3242.05 17.1593
300 30 0.551 59.0368 3250.26 17.655
300 30 0.561 53.4763 3182.34 17.4978
300 30 0.571 53.6393 3188.76 17.9057
300 30 0.581 50.5694 3149.4 17.8735
300 30 0.591 46.9091 3108.27 19.0752
300 30 0.601 43.8537 3071.77 19.3767
300 30 0.611 45.6415 3092.84 20.3833
300 30 0.621 42.7362 3056.09 20.2015
300 30 0.631 41.6638 3042.77 20.1459
300 30 0.641 40.9401 3026.26 20.8738
300 30 0.651 39.5953 3014.67 21.0508
300 30 0.661 38.1618 2993.17 20.5565
300 30 0.671 38.467 2995.03 21.3526
300 30 0.681 37.0488 2975.46 21.4228
300 30 0.691 35.4411 2955.95 21.3529
300 30 0.701 35.3399 2950.38 22.1403
300 30 0.711 33.7044 2927.5 20.8592
300 30 0.721 33.0073 2918.89 20.159
300 30 0.731 33.3295 2922.25 21.3905
300 30 0.741 33.2848 2920.38 22.6564
300 30 0.751 32.362 2904.94 22.5778
300 30 0.761 31.7184 2897.4 22.7653
300 30 0.771 30.7889 2882.64 23.2402
300 30 0.781 30.5784 2877.9 21.8381
300 30 0.791 30.0447 2870.66 21.7552
300 30 0.801 29.567 2862.37 21.8371
300 30 0.811 28.8949 2850.79 22.5107
300 30 0.821 28.9519 2848.11 24.0786
300 30 0.831 28.4104 2841.39 24.3698
300 30 0.841 28.5913 2840.94 24.7175
300 30 0.851 27.4529 2823.24 24.9507
300 30 0.861 27.1869 2817.52 23.9818
300 30 0.871 26.7785 2808.88 23.9024
300 30 0.881 27.2212 2816.42 24.8495
300 30 0.891 25.9264 2794.68 24.605
300 30 0.901 26.4675 2800.59 24.6679
300 30 0.911 26.1105 2795.7 24.5365
300 30 0.921 25.4042 2782.22 24.7278
300 30 0.931 25.1205 2776.39 24.815
300 30 0.941 25.1569 2775.18 26.4547
300 30 0.951 24.808 2766.96 27.3335
300 30 0.961 24.3142 2758.67 27.4459
300 30 0.971 24.3424 2756.77 27.7671
300 30 0.981 24.3544 2753.77 28.2309
300 30 0.991 24.1896 2750.09 28.2906
300 30 1.001 24.1217 2748.43 28.867
300 30 1.011 23.5892 2735.98 28.3291
300 30 1.021 23.6222 2733.66 28.0289
300 30 1.031 23.3189 2728.37 28.1597
300 30 1.041 23.0324 2722.28 28.333
300 30 1.051 23.1176 2721.19 29.1901
300 30 1.061 22.807 2713.43 29.9763
300 30 1.071 22.5005 2706.74 29.2012
300 30 1.081 22.6382 2705.23 29.5964
300 30 1.091 22.4379 2700.33 29.8141
300 30 1.101 22.5061 2698.49 30.3425
300 30 1.111 22.2521 2692.64 30.4429
300 30 1.121 22.4099 2694.87 30.7543
300 30 1.131 22.1554 2689.03 30.7235
300 30 1.141 21.7831 2680.27 32.5623
300 30 1.151 21.8511 2680.38 30.9471
300 30 1.161 22.0985 2683.82 31.7921
300 30 1.171 21.8558 2675.52 31.5976
300 30 1.181 21.9749 2675.54 31.4445
300 30 1.191 21.6974 2670.25 31.3768
300 30 1.201 21.6713 2667.7 31.5888
300 30 1.211 21.7225 2666.05 31.8188
300 30 1.221 21.4561 2659.96 31.9448
300 30 1.231 21.3687 2656.22 32.1279
300 30 1.241 21.3341 2653.27 32.3848
300 30 1.251 21.218 2650.62 32.2801
300 30 1.261 21.4655 2651.03 32.8307
300 30 1.271 21.187 2644.86 32.7568
300 30 1.281 21.2053 2642.96 32.913
300 30 1.291 20.7661 2633.39 32.8666
300 30 1.301 21.1783 2638.11 33.3572
300 30 1.311 21.2768 2637.42 33.7281
300 30 1.321 21.3208 2637.06 33.8641
300 30 1.331 21.3579 2633.51 35.9614
300 30 1.341 21.0453 2625.75 34.8953
300 30 1.351 21.1112 2625.08 36.4847
300 30 1.361 20.9211 2619.61 36.7168
300 30 1.371 21.1611 2621.8 37.5548
300 30 1.381 20.9516 2615.54 36.0209
300 30 1.391 21.2131 2618.88 34.972
300 30 1.401 21.2367 2615.83 35.126
300 30 1.411 21.1345 2612.85 35.1894
300 30 1.421 21.1215 2608.6 35.2887
300 30 1.431 21.1423 2606.44 35.5538
300 30 1.441 21.2736 2606.14 35.6727
300 30 1.451 21.1962 2602.35 35.5766
300 30 1.461 21.0763 2598.05 35.5463
300 30 1.471 21.1819 2597.35 35.7442
300 30 1.481 21.0948 2592.5 35.8232
300 30 1.491 21.2277 2591.6 35.8704
300 30 1.501 21.1447 2588.16 35.8163
300 30 1.511 21.123 2585.11 35.7771
300 30 1.521 21.2675 2584.8 36.0011
300 30 1.531 21.2391 2581.37 35.9489
300 30 1.541 21.3419 2580.32 36.1393
300 30 1.551 21.3453 2577.85 36.2027
300 30 1.561 21.454 2575.65 36.1829
300 30 1.571 21.1935 2568.61 35.9005
300 30 1.581 21.3355 2569.33 35.9988
300 30 1.591 21.276 2564.54 35.8839
300 30 1.601 21.5322 2567.38 36.0116
300 30 1.611 21.4525 2564.02 37.831
300 30 1.621 21.3888 2560.89 37.298
300 30 1.631 21.6054 2561.9 35.6852
300 30 1.641 21.7216 2563.11 36.556
300 30 1.651 21.6919 2560.64 35.4418
300 30 1.661 21.6995 2558.46 35.4852
300 30 1.671 21.8664 2558.91 35.3657
300 30 1.681 21.7899 2555.16 35.297
300 30 1.691 21.7896 2552.13 35.2032
300 30 1.701 21.7913 2548.77 35.2494
300 30 1.711 21.8787 2547.96 35.0485
300 30 1.721 21.9377 2548.07 35.1661
300 30 1.731 21.978 2544.74 35.7629
300 30 1.741 22.0426 2544.4 38.8093
300 30 1.751 22.2144 2545.02 39.4616
300 30 1.761 22.3715 2543.68 38.9707
300 30 1.771 22.3083 2540.38 36.5248
300 30 1.781 22.2914 2538.32 38.1995
300 30 1.791 22.3487 2537.05 35.3046
300 30 1.801 22.5228 2536.66 35.1828
300 30 1.811 22.5873 2536.64 35.3234
300 30 1.821 22.5968 2531.9 34.9116
300 30 1.831 22.7717 2532.48 35.0213
300 30 1.841 22.8108 2529.67 37.2943
300 30 1.851 22.8608 2528.45 35.735
300 30 1.861 22.8533 2525.47 34.2351
300 30 1.871 22.9281 2525 34.0253
300 30 1.881 23.1758 2525.09 36.1523
300 30 1.891 23.1801 2521.24 35.3339
300 30 1.901 23.3002 2520.67 37.0211
300 30 1.911 23.3248 2517.58 37.1234
300 30 1.921 23.4344 2516.07 36.9486
300 30 1.931 23.4987 2514.69 35.2472
300 30 1.941 23.5897 2512.56 32.9681
300 30 1.951 23.66 2509.25 32.5366
300 30 1.961 23.8328 2508.59 35.6907
300 30 1.971 23.9201 2506.81 35.0698
300 30 1.981 24.0097 2504.14 34.8394
300 30 1.991 24.0696 2501.6 33.8885
300 40 0.001 4618.03 51897.2 9.4392
300 40 0.011 4625.99 51999.2 10.6162
300 40 0.021 4255.66 48062.9 10.6952
300 40 0.031 3979.68 45136.9 11.6018
300 40 0.041 3719.79 42376.6 12.4653
300 40 0.051 3415.71 39151.6 13.0314
300 40 0.061 3172.6 36575.6 14.6394
300 40 0.071 3026.93 35035.4 14.8722
300 40 0.081 2754.11 32129.2 14.7432
300 40 0.091 2513.32 29584 15.4807
300 40 0.101 2320.62 27533.8 15.3777
300 40 0.111 2195.02 26202.5 16.6101
300 40 0.121 2021.22 24355 16.724
300 40 0.131 1806.42 22064.7 16.4732
300 40 0.141 1614.94 20034.9 16.4903
300 40 0.151 1573.64 19593.8 16.8131
300 40 0.161 1381.27 17553.5 16.6054
300 40 0.171 1245.27 16108.4 16.6986
300 40 0.181 1158.07 15173.1 16.6319
300 40 0.191 1120.04 14776.8 16.937
300 40 0.201 990.01 13384.8 16.5845
300 40 0.211 858.945 11988 16.0422
300 40 0.221 804.713 11417.7 15.8676
300 40 0.231 762.429 10962.7 15.9705
300 40 0.241 687.423 10165.5 16.0488
300 40 0.251 587 9092.91 15.5287
300 40 0.261 533.888 8524.33 15.4978
300 40 0.271 529.165 8472.7 15.9628
300 40 0.281 468.174 7823.79 16.1164
300 40 0.291 405.385 7148.32 15.787
300 40 0.301 348.758 6547.02 15.7994
300 40 0.311 335.283 6405.4 15.6701
300 40 0.321 298.778 6011.9 15.4686
300 40 0.331 275.435 5767.95 15.4533
300 40 0.341 241.68 5396.88 15.5671
300 40 0.351 217.746 5146.19 16.1216
300 40 0.361 198.594 4939.85 16.0826
300 40 0.371 192.125 4869.21 16.4108
300 40 0.381 177.388 4716.94 16.323
300 40 0.391 169.121 4625.24 16.3903
300 40 0.401 142.698 4344.14 16.2589
300 40 0.411 134.096 4254.03 16.2127
300 40 0.421 116.332 4062.71 15.4458
300 40 0.431 120.745 4109.53 15.6967
300 40 0.441 102.563 3922.9 15.8861
300 40 0.451 91.184 3803.1 15.9902
300 40 0.461 91.6088 3802.42 16.1982
300 40 0.471 76.6937 3648.64 16.154
300 40 0.481 72.7919 3599.95 16.1271
300 40 0.491 72.8961 3603.53 17.0053
300 40 0.501 63.915 3504.77 17.2908
300 40 0.511 58.8589 3453.74 17.2192
300 40 0.521 59.4247 3461.35 17.2813
300 40 0.531 53.9428 3398.68 17.0861
300 40 0.541 52.3533 3391.65 17.5048
300 40 0.551 48.8067 3351.53 17.6328
300 40 0.561 45.5593 3316.64 17.5605
300 40 0.571 45.7181 3323.36 17.9606
300 40 0.581 44.2138 3308.83 18.4527
300 40 0.591 41.6445 3280.18 18.3316
300 40 0.601 40.4183 3270.5 18.1047
300 40 0.611 39.0104 3258.1 18.3563
300 40 0.621 35.6691 3220.68 18.2139
300 40 0.631 35.8627 3224.72 18.3595
300 40 0.641 33.2792 3199.79 18.6484
300 40 0.651 33.0433 3201.74 19.0436
300 40 0.661 31.3699 3183.04 19.1861
300 40 0.671 32.3793 3202.23 19.844
300 40 0.681 30.6405 3181.82 19.9425
300 40 0.691 30.8633 3189.92 20.2181
300 40 0.701 29.0697 3168.85 20.2193
300 40 0.711 29.3338 3175.98 20.751
300 40 0.721 28.3305 3165.12 20.8017
300 40 0.731 27.4395 3160.81 21.2326
300 40 0.741 27.3871 3164.84 21.8728
300 40 0.751 26.7314 3155.77 21.8954
300 40 0.761 26.1091 3152.01 21.5141
300 40 0.771 25.5292 3148.95 22.7383
300 40 0.781 24.8597 3142.73 23.4763
300 40 0.791 24.5594 3143.63 23.9938
300 40 0.801 24.0467 3138.8 23.77
300 40 0.811 23.8307 3138.56 24.2345
300 40 0.821 22.9646 3130.82 23.2334
300 40 0.831 23.0064 3136.95 24.0275
300 40 0.841 22.7118 3133.89 24.1941
300 40 0.851 21.7773 3124.54 24.5523
300 40 0.861 22.3501 3136 26.1289
300 40 0.871 21.3483 3125.4 25.8833
300 40 0.881 21.4897 3131.46 25.4821
300 40 0.891 20.9728 3126.16 25.7262
300 40 0.901 20.6084 3123.55 26.2639
300 40 0.911 20.1473 3118.8 27.9429
300 40 0.921 20.1219 3121.78 28.3101
300 40 0.931 19.8565 3118.05 27.4905
300 40 0.941 19.8601 3120.79 27.464
300 40 0.951 19.8118 3121 27.6818
300 40 0.961 19.0358 3112.75 27.9556
300 40 0.971 18.8189 3109.86 28.1788
300 40 0.981 18.8712 3112.5 28.7606
300 40 0.991 19.0129 3115.31 29.2625
300 40 1.001 18.1836 3103.93 29.5003
300 40 1.011 18.2175 3105.77 30.0567
300 40 1.021 17.8933 3100.52 30.6573
300 40 1.031 17.8649 3101.83 31.2121
300 40 1.041 17.1961 3092.02 31.3973
300 40 1.051 17.3786 3094.17 32.1646
300 40 1.061 16.9292 3086.25 32.1595
300 40 1.071 16.9045 3086.35 32.5422
300 40 1.081 17.2228 3091.39 33.0416
300 40 1.091 16.9531 3084.98 33.3637
300 40 1.101 16.8435 3083.45 33.6033
300 40 1.111 16.6972 3080.23 33.8554
300 40 1.121 16.5545 3077 34.1679
300 40 1.131 16.8494 3079.81 35.049
300 40 1.141 16.4498 3073.05 36.5973
300 40 1.151 16.4612 3071.75 37.1536
300 40 1.161 16.3785 3068.93 37.1076
300 40 1.171 16.5207 3070.78 36.6112
300 40 1.181 16.2561 3063.91 37.7971
300 40 1.191 16.2918 3063.44 37.5232
300 40 1.201 15.9971 3056.86 36.7842
300 40 1.211 16.2746 3059.03 38.5265
300 40 1.221 16.1775 3055.95 37.4968
300 40 1.231 16.0198 3049.98 38.6446
300 40 1.241 15.9487 3047.36 38.179
300 40 1.251 16.007 3046.93 38.3165
300 40 1.261 15.9689 3043.76 37.6047
300 40 1.271 15.903 3040.45 37.8724
300 40 1.281 15.9199 3038.1 38.0145
300 40 1.291 15.8992 3035.51 38.1957
300 40 1.301 15.8887 3030.79 38.8571
300 40 1.311 15.9668 3030.59 41.2912
300 40 1.321 15.8155 3023.75 41.1611
300 40 1.331 15.8253 3021.4 39.859
300 40 1.341 15.8224 3018.96 39.4134
300 40 1.351 15.6648 3014.04 39.509
300 40 1.361 15.7776 3013.15 41.1417
300 40 1.371 15.7245 3008.65 41.4276
300 40 1.381 15.7188 3005.39 40.5421
300 40 1.391 15.811 3004.72 40.7384
300 40 1.401 15.8873 3003.35 43.5999
300 40 1.411 15.7289 2997.54 43.5472
300 40 1.421 15.7119 2994 43.9198
300 40 1.431 15.6095 2988.21 44.0418
300 40 1.441 15.8505 2988.73 44.2457
300 40 1.451 15.724 2982.85 41.6777
300 40 1.461 15.8829 2982.48 41.0151
300 40 1.471 15.7334 2974.38 41.063
300 40 1.481 15.7392 2971.69 41.1718
300 40 1.491 15.8491 2970.52 41.1902
300 40 1.501 15.8361 2965.91 41.1951
300 40 1.511 15.7715 2960.48 41.9646
300 40 1.521 15.7962 2958.22 44.776
300 40 1.531 15.9021 2956.27 44.9063
300 40 1.541 15.7819 2950.32 42.3698
300 40 1.551 15.785 2945.66 40.8406
300 40 1.561 15.9565 2944.9 41.7261
300 40 1.571 15.8706 2938.98 43.3599
300 40 1.581 15.9574 2936.59 43.7388
300 40 1.591 16.0872 2934.84 41.7373
300 40 1.601 16.1079 2932.69 41.3608
300 40 1.611 16.0786 2930.66 42.6048
300 40 1.621 15.9954 2924.85 42.2889
300 40 1.631 16.2099 2925.94 42.4444
300 40 1.641 16.2408 2922.31 44.3196
300 40 1.651 16.264 2922.06 41.5535
300 40 1.661 16.3897 2920.22 40.178
300 40 1.671 16.2461 2914.5 40.1842
300 40 1.681 16.3159 2912.24 40.2824
300 40 1.691 16.3319 2909.53 40.0779
300 40 1.701 16.4032 2908.46 39.8376
300 40 1.711 16.5666 2907.29 39.7582
300 40 1.721 16.633 2904.47 39.941
300 40 1.731 16.6158 2900.66 39.6605
300 40 1.741 16.8024 2900.39 41.7662
300 40 1.751 16.7551 2897.31 43.088
300 40 1.761 16.6716 2891.41 40.0675
300 40 1.771 16.7907 2889.94 42.2209
300 40 1.781 16.8597 2886.36 42.3629
300 40 1.791 16.9518 2884.41 39.6809
300 40 1.801 17.0325 2882.31 39.4162
300 40 1.811 17.0797 2879.57 39.8132
300 40 1.821 17.1322 2876.65 40.2554
300 40 1.831 17.1764 2872.6 40.8429
300 40 1.841 17.2475 2871.24 42.6617
300 40 1.851 17.3024 2865.49 42.5219
300 40 1.861 17.4168 2864.54 42.3474
300 40 1.871 17.5013 2861.68 39.0912
300 40 1.881 17.4766 2857.48 38.1309
300 40 1.891 17.6284 2855.89 38.1282
300 40 1.901 17.6636 2851.13 37.9949
300 40 1.911 17.7419 2849.78 37.7279
300 40 1.921 17.7824 2843.63 40.0088
300 40 1.931 17.895 2841.6 40.929
300 40 1.941 17.9057 2837.85 38.2757
300 40 1.951 18.0442 2836.47 37.5745
300 40 1.961 18.1227 2831.61 37.4341
300 40 1.971 18.1942 2828.29 37.0467
300 40 1.981 18.2659 2823.86 36.7927
300 40 1.991 18.3433 2820.13 36.448
400 10 0.001 1743 22211.3 5.4165
400 10 0.011 1828.63 23207.5 6.0472
400 10 0.021 1748.18 22275.3 5.9571
400 10 0.031 1761.69 22436 5.9095
400 10 0.041 1698.83 21714.7 6.2398
400 10 0.051 1617.67 20772.9 6.4923
400 10 0.061 1638.93 21025 6.8126
400 10 0.071 1533.72 19808.6 7.0056
400 10 0.081 1532.13 19792.2 7.2717
400 10 0.091 1480.93 19201.3 7.6222
400 10 0.101 1432.9 18649.1 7.9719
400 10 0.111 1427.18 18585 7.7494
400 10 0.121 1350.34 17698.2 8.1711
400 10 0.131 1385 18105.6 8.5497
400 10 0.141 1358.05 17798.2 9.4251
400 10 0.151 1340.5 17600.1 9.9867
400 10 0.161 1308.04 17226.6 10.2312
400 10 0.171 1259.89 16671.7 10.4611
400 10 0.181 1213.45 16141.3 11.0654
400 10 0.191 1184.69 15803.5 10.8885
400 10 0.201 1131.51 15192.1 11.0096
400 10 0.211 1131.99 15199.5 11.2015
400 10 0.221 1071.28 14501.8 11.5421
400 10 0.231 1030.73 14034.7 11.978
400 10 0.241 1009.09 13785.1 12.134
400 10 0.251 987.47 13540.8 12.5719
400 10 0.261 990.554 13579.2 13.0145
400 10 0.271 915.46 12712.6 13.3771
400 10 0.281 914.336 12708.4 13.8103
400 10 0.291 879.932 12320.8 14.0135
400 10 0.301 855.907 12034.6 14.0283
400 10 0.311 822.16 11647.4 14.7273
400 10 0.321 812.594 11537.9 15.1123
400 10 0.331 801.916 11421.2 15.4721
400 10 0.341 766.624 11002.9 15.1637
400 10 0.351 742.348 10729.4 15.5444
400 10 0.361 701.586 10262.7 16.2236
400 10 0.371 710.786 10370.2 16.3467
400 10 0.381 665.397 9848.52 16.6032
400 10 0.391 652.726 9704.11 16.4849
400 10 0.401 636.37 9522.96 17.112
400 10 0.411 603.169 9133.91 17.1066
400 10 0.421 556.896 8599.66 17.2126
400 10 0.431 568.925 8744.35 17.8169
400 10 0.441 574.832 8815.76 18.5084
400 10 0.451 527.382 8271.41 18.4222
400 10 0.461 486.768 7799.49 18.6602
400 10 0.471 505.038 8010.97 19.5108
400 10 0.481 487.842 7803.28 19.1752
400 10 0.491 465.707 7554.91 19.8881
400 10 0.501 443.207 7301.9 20.098
400 10 0.511 425.816 7099.96 20.2986
400 10 0.521 418.208 7008.93 20.7645
400 10 0.531 415.719 6983.17 21.3477
400 10 0.541 392.876 6725.54 21.8461
400 10 0.551 367.104 6407.66 22.0847
400 10 0.561 362.375 6371.32 22.8953
400 10 0.571 343.647 6151.48 22.2419
400 10 0.581 332.14 6017.61 22.7342
400 10 0.591 314.662 5819.04 23.4796
400 10 0.601 309.434 5756.23 24.097
400 10 0.611 291.976 5550.59 24.2973
400 10 0.621 297.505 5622.68 25.4021
400 10 0.631 285.677 5486.04 25.7493
400 10 0.641 271.598 5325.24 26.2696
400 10 0.651 243.393 4993.99 26.1564
400 10 0.661 250.697 5075.98 26.3565
400 10 0.671 244.697 5005.02 26.5833
400 10 0.681 232.158 4861.28 25.9201
400 10 0.691 222.931 4760.07 26.8129
400 10 0.701 213.964 4651.93 27.174
400 10 0.711 208.732 4597.42 27.9703
400 10 0.721 203.139 4522.79 27.3734
400 10 0.731 201.747 4513.43 27.1744
400 10 0.741 191.278 4387.03 26.7775
400 10 0.751 179.405 4244.04 27.2256
400 10 0.761 177.258 4221.91 27.6395
400 10 0.771 173.669 4185.48 28.2511
400 10 0.781 166.623 4099.15 28.1066
400 10 0.791 157.93 3988.39 28.1844
400 10 0.801 159.093 4010.64 29.3227
400 10 0.811 153.47 3942.2 29.0031
400 10 0.821 145.016 3843.07 28.8434
400 10 0.831 141.19 3797.82 29.6786
400 10 0.841 136.179 3740.71 29.9533
400 10 0.851 132.78 3700.82 29.33
400 10 0.861 129.402 3658.01 29.8064
400 10 0.871 130.1 3663.55 29.8408
400 10 0.881 123.416 3589.07 30.1125
400 10 0.891 120.404 3554.7 30.1039
400 10 0.901 120.744 3559.88 31.0092
400 10 0.911 115.778 3497.89 31.1229
400 10 0.921 115.808 3499.89 31.3535
400 10 0.931 111.278 3447.13 31.3975
400 10 0.941 109.788 3429.4 31.6466
400 10 0.951 104.404 3357.99 31.3294
400 10 0.961 104.345 3369.22 32.3449
400 10 0.971 101.157 3316.88 32.109
400 10 0.981 100.517 3313.52 33.9906
400 10 0.991 96.0409 3261.74 32.7894
400 10 1.001 93.6843 3228.07 32.5699
400 10 1.011 92.7934 3222.66 33.5225
400 10 1.021 90.2723 3190.29 34.5242
400 10 1.031 89.6432 3186.61 34.8793
400 10 1.041 88.7097 3167.8 34.1376
400 10 1.051 85.6681 3131.84 33.4522
400 10 1.061 83.717 3106.6 33.232
400 10 1.071 83.8999 3108.62 33.5316
400 10 1.081 82.8083 3096.84 33.7037
400 10 1.091 82.9496 3098.26 33.9411
400 10 1.101 80.9667 3074.14 33.5874
400 10 1.111 80.1457 3064.31 33.6671
400 10 1.121 79.2624 3051.26 33.7794
400 10 1.131 78.0232 3032.26 33.1704
400 10 1.141 78.0273 3033.27 33.7945
400 10 1.151 77.1494 3021.16 34.1878
400 10 1.161 77.8139 3030.41 34.0687
400 10 1.171 76.103 3009.67 34.2078
400 10 1.181 75.9746 3006.28 34.2748
400 10 1.191 75.7424 2999.84 34.3033
400 10 1.201 75.0402 2992.6 35.2255
400 10 1.211 74.6367 2986.23 34.3589
400 10 1.221 74.017 2978.08 34.3706
400 10 1.231 74.2581 2980.26 34.6268
400 10 1.241 74.4515 2984.65 35.5621
400 10 1.251 73.6301 2972.96 36.1216
400 10 1.261 72.7449 2959.38 36.4322
400 10 1.271 72.8624 2961.48 36.4976
400 10 1.281 72.8342 2961.88 35.5398
400 10 1.291 72.4379 2953.88 36.3135
400 10 1.301 71.2988 2937.66 34.3764
400 10 1.311 71.2043 2935.58 34.3734
400 10 1.321 71.0139 2935.7 35.6879
400 10 1.331 70.7422 2932.02 37.3754
400 10 1.341 70.7897 2932.12 36.6368
400 10 1.351 70.8311 2929.55 36.7834
400 10 1.361 69.5894 2910.27 36.5732
400 10 1.371 69.9624 2918.29 36.7712
400 10 1.381 70.168 2921.26 37.1968
400 10 1.391 69.6713 2912.79 36.999
400 10 1.401 70.1334 2922.13 37.151
400 10 1.411 69.1998 2905.02 35.5628
400 10 1.421 69.8455 2915.3 36.1477
400 10 1.431 69.3093 2906.05 36.7522
400 10 1.441 68.9599 2902.32 36.0679
400 10 1.451 68.7085 2894.42 35.1559
400 10 1.461 68.7491 2894.75 35.4951
400 10 1.471 69.1448 2902.27 35.7521
400 10 1.481 68.717 2894.67 35.0955
400 10 1.491 68.2195 2887.96 34.7158
400 10 1.501 68.4475 2891.31 35.0516
400 10 1.511 68.4085 2889.94 35.0772
400 10 1.521 68.1381 2884.1 34.884
400 10 1.531 67.9058 2880.74 34.8618
400 10 1.541 67.9437 2881.57 35.0167
400 10 1.551 68.1997 2885.58 35.2684
400 10 1.561 68.4685 2889.4 37.8204
400 10 1.571 68.01 2881.17 36.1998
400 10 1.581 68.0977 2883.16 36.1408
400 10 1.591 67.7259 2875.41 36.0415
400 10 1.601 67.6749 2875.16 36.1976
400 10 1.611 67.6468 2873.61 36.0791
400 10 1.621 67.8628 2876.76 35.4513
400 10 1.631 67.7436 2874.85 35.3531
400 10 1.641 67.7882 2875.68 36.7874
400 10 1.651 67.7271 2874.73 38.4138
400 10 1.661 67.8011 2875.59 35.488
400 10 1.671 67.4404 2867.41 35.2259
400 10 1.681 67.7834 2873.58 35.5254
400 10 1.691 67.6523 2870.19 35.4789
400 10 1.701 67.5401 2867.87 35.3688
400 10 1.711 67.8261 2873.67 35.7178
400 10 1.721 68.0252 2876.43 38.5458
400 10 1.731 67.7641 2870.95 38.1419
400 10 1.741 67.5553 2868.22 37.2246
400 10 1.751 67.7825 2870.31 37.4395
400 10 1.761 67.6031 2866.49 37.4628
400 10 1.771 67.8594 2870.59 37.7015
400 10 1.781 67.6723 2867.05 37.5362
400 10 1.791 67.8853 2870.19 37.7943
400 10 1.801 67.6463 2865.54 37.5566
400 10 1.811 67.7426 2866.71 37.6135
400 10 1.821 67.9097 2868.98 37.8157
400 10 1.831 67.847 2866.49 38.7026
400 10 1.841 67.9095 2867.38 38.8413
400 10 1.851 67.7968 2865.7 37.8221
400 10 1.861 68.118 2870.09 36.5078
400 10 1.871 68.0746 2868.64 36.4748
400 10 1.881 68.1653 2869.17 39.1588
400 10 1.891 68.4154 2872.74 39.3528
400 10 1.901 68.3226 2871.19 39.2794
400 10 1.911 68.3564 2871.16 39.0673
400 10 1.921 68.5124 2873.5 37.3782
400 10 1.931 68.4847 2872.53 37.7964
400 10 1.941 68.6786 2875.4 39.4047
400 10 1.951 68.8143 2876.07 39.2969
400 10 1.961 68.9935 2878.62 39.2739
400 10 1.971 68.9219 2876.52 37.7388
400 10 1.981 69.1444 2879.74 37.2166
400 10 1.991 69.22 2880.56 37.2229
400 20 0.001 3528.66 41151.2 5.9113
400 20 0.011 3522.95 41092.5 6.2045
400 20 0.021 3385.38 39577.3 6.5378
400 20 0.031 3232.13 37892.8 6.8085
400 20 0.041 3176.05 37276.1 7.2977
400 20 0.051 2970.72 35014.2 7.1043
400 20 0.061 2914.32 34398.7 7.4329
400 20 0.071 2807.33 33213.6 7.5212
400 20 0.081 2769.99 32813.6 8.1275
400 20 0.091 2525.13 30120.9 8.4714
400 20 0.101 2455.94 29363.2 9.1788
400 20 0.111 2236.23 26941.7 9.4687
400 20 0.121 2105.11 25498.1 9.8333
400 20 0.131 2109.63 25549.2 10.1354
400 20 0.141 1951 23815.8 10.844
400 20 0.151 1868.82 22898.5 10.7827
400 20 0.161 1729.31 21369.8 11.2497
400 20 0.171 1680.79 20844.3 11.8764
400 20 0.181 1597.48 19922.7 12.0347
400 20 0.191 1508.5 18943.9 12.515
400 20 0.201 1383.75 17568.7 12.7562
400 20 0.211 1307.22 16725.6 13.2359
400 20 0.221 1278.96 16428.2 14.0928
400 20 0.231 1205.87 15628.7 14.5936
400 20 0.241 1101.68 14475.7 14.5857
400 20 0.251 1063.13 14051.4 15.1304
400 20 0.261 998.864 13337.2 15.2191
400 20 0.271 925.531 12540.8 16.0922
400 20 0.281 872.331 11940.9 16.1475
400 20 0.291 801.424 11172.8 15.8628
400 20 0.301 777.48 10914.3 15.9551
400 20 0.311 735.32 10443.7 16.1579
400 20 0.321 669.844 9724.78 16.2895
400 20 0.331 636.665 9364.55 16.8496
400 20 0.341 592.486 8876.46 17.0719
400 20 0.351 600.356 8966.05 17.7465
400 20 0.361 521.282 8085.54 17.1523
400 20 0.371 468.759 7509.22 17.8231
400 20 0.381 455.183 7362.22 18.2841
400 20 0.391 434.91 7131.72 18.0097
400 20 0.401 407.082 6826.63 18.282
400 20 0.411 373.655 6449.01 18.4413
400 20 0.421 349.161 6182.88 18.507
400 20 0.431 323.958 5900.01 18.7346
400 20 0.441 318.663 5845.06 19.0578
400 20 0.451 294.084 5582.05 19.5942
400 20 0.461 280.266 5427.47 20.3544
400 20 0.471 255.088 5142.05 20.6113
400 20 0.481 243.875 5018.58 20.6949
400 20 0.491 220.725 4763.42 21.3647
400 20 0.501 210.533 4647.95 21.2983
400 20 0.511 204.111 4578.93 21.1025
400 20 0.521 192.98 4446.78 21.1765
400 20 0.531 183.361 4340.72 21.7242
400 20 0.541 173.878 4234.89 21.3144
400 20 0.551 164.538 4133.61 22.1662
400 20 0.561 150.112 3965.64 22.2917
400 20 0.571 144.858 3910 22.2479
400 20 0.581 143.278 3891.46 22.2552
400 20 0.591 127.626 3709.68 22.3021
400 20 0.601 119.602 3621.23 23.1634
400 20 0.611 122.365 3649.5 22.6513
400 20 0.621 112.831 3543.09 22.7817
400 20 0.631 110.712 3512.96 22.8447
400 20 0.641 105.574 3455.32 23.1063
400 20 0.651 97.6918 3365.85 23.479
400 20 0.661 96.7773 3359.14 23.502
400 20 0.671 91.0521 3294.14 23.3147
400 20 0.681 90.3745 3288.7 23.6354
400 20 0.691 84.7764 3211.81 23.1692
400 20 0.701 83.6079 3201.17 23.8142
400 20 0.711 78.1335 3141.42 24.7511
400 20 0.721 77.1493 3124.46 25.5703
400 20 0.731 72.4742 3070.94 25.1337
400 20 0.741 70.9688 3053.27 25.5456
400 20 0.751 70.6896 3044.37 25.8458
400 20 0.761 67.636 3004.6 25.7827
400 20 0.771 63.9688 2961.49 25.1129
400 20 0.781 64.7198 2972.28 24.829
400 20 0.791 62.4521 2941.85 24.8339
400 20 0.801 62.653 2947.24 25.4207
400 20 0.811 61.348 2931.97 25.6635
400 20 0.821 59.6732 2907.83 25.7195
400 20 0.831 57.8522 2880.31 25.3136
400 20 0.841 56.1135 2863.79 25.7452
400 20 0.851 56.7728 2871.94 26.22
400 20 0.861 53.8325 2829.28 26.0154
400 20 0.871 52.0594 2809.17 27.0247
400 20 0.881 53.3 2821.85 26.8382
400 20 0.891 52.4709 2812.32 26.705
400 20 0.901 51.8176 2805.26 28.3908
400 20 0.911 51.8502 2805.57 27.8341
400 20 0.921 50.2183 2779.52 27.133
400 20 0.931 50.0095 2776.09 27.2517
400 20 0.941 49.1447 2766.33 27.5752
400 20 0.951 48.2197 2750.79 27.4411
400 20 0.961 48.3105 2751.03 27.9985
400 20 0.971 46.6547 2726.85 27.8693
400 20 0.981 47.2249 2735.1 28.4427
400 20 0.991 46.2098 2718.43 28.3835
400 20 1.001 45.949 2713.96 28.6792
400 20 1.011 44.5646 2693.73 28.6248
400 20 1.021 44.296 2687.99 28.7882
400 20 1.031 44.5684 2692.86 29.3668
400 20 1.041 43.9064 2680.12 30.7081
400 20 1.051 43.5622 2673.85 30.8854
400 20 1.061 43.9462 2678.85 30.5466
400 20 1.071 42.9859 2665.63 30.1999
400 20 1.081 42.8073 2661.61 30.5127
400 20 1.091 42.4289 2653.16 30.7486
400 20 1.101 42.2595 2650.72 30.8105
400 20 1.111 42.635 2655.1 31.3432
400 20 1.121 41.8049 2642.64 31.0566
400 20 1.131 41.575 2637.37 31.2569
400 20 1.141 41.3269 2631.4 31.2942
400 20 1.151 41.4881 2636.17 31.6252
400 20 1.161 41.0581 2627.71 32.8594
400 20 1.171 41.2902 2629.87 33.7602
400 20 1.181 41.0587 2624.54 33.7727
400 20 1.191 40.9028 2622.63 32.7161
400 20 1.201 40.54 2614.61 32.0066
400 20 1.211 40.1843 2608.78 31.6646
400 20 1.221 40.4986 2611.82 32.1683
400 20 1.231 40.3626 2609.53 32.3755
400 20 1.241 40.2913 2606.91 32.4429
400 20 1.251 39.9586 2599.38 32.3315
400 20 1.261 40.0053 2601.08 32.4011
400 20 1.271 40.1345 2601.24 34.2984
400 20 1.281 40.0378 2599 33.6995
400 20 1.291 40.1328 2598.69 34.4402
400 20 1.301 39.8918 2593.45 35.1219
400 20 1.311 39.4481 2585.96 34.1597
400 20 1.321 39.8144 2590.56 34.3089
400 20 1.331 39.8153 2589.66 33.8821
400 20 1.341 39.5722 2583.35 34.0191
400 20 1.351 39.1195 2574.93 35.3511
400 20 1.361 39.4476 2579.52 36.6779
400 20 1.371 39.1324 2573.23 35.8401
400 20 1.381 39.4992 2576.86 34.2944
400 20 1.391 38.9255 2567.47 33.8985
400 20 1.401 39.4708 2573.75 34.359
400 20 1.411 39.127 2568.48 34.4384
400 20 1.421 38.9266 2562.3 34.4347
400 20 1.431 39.1824 2565.1 34.7306
400 20 1.441 39.5881 2571.6 36.8652
400 20 1.451 38.9957 2560.59 35.2648
400 20 1.461 38.8787 2557.97 35.0748
400 20 1.471 39.1947 2559.09 35.4019
400 20 1.481 38.933 2553.94 36.7449
400 20 1.491 39.0618 2554.48 36.8395
400 20 1.501 38.8834 2550.4 37.8672
400 20 1.511 38.9535 2548.94 37.0384
400 20 1.521 38.9609 2548.31 37.2355
400 20 1.531 39.1033 2550.05 35.7605
400 20 1.541 39.1391 2548.01 37.0623
400 20 1.551 38.8468 2541.68 38.2531
400 20 1.561 39.0821 2544.23 39.0767
400 20 1.571 39.0173 2540.67 38.4909
400 20 1.581 38.8915 2538.02 38.4459
400 20 1.591 38.9693 2536.98 38.6369
400 20 1.601 38.9989 2536.62 36.5492
400 20 1.611 38.9681 2534.11 36.6414
400 20 1.621 39.2066 2537.01 36.5535
400 20 1.631 38.9568 2531.63 35.2665
400 20 1.641 39.3245 2537.26 35.5537
400 20 1.651 39.4029 2536.31 35.6351
400 20 1.661 39.144 2532.1 35.79
400 20 1.671 39.1819 2530.85 35.625
400 20 1.681 39.4944 2535.13 35.6895
400 20 1.691 39.4595 2533.02 35.7205
400 20 1.701 39.4309 2531.31 35.5586
400 20 1.711 39.5503 2532.63 35.6307
400 20 1.721 39.7018 2532.59 35.7047
400 20 1.731 39.6927 2531.17 35.5814
400 20 1.741 39.8139 2531.96 35.6039
400 20 1.751 39.9247 2531.81 35.6254
400 20 1.761 39.8023 2529.07 35.5624
400 20 1.771 39.9818 2530.19 35.563
400 20 1.781 40.0592 2529.87 35.5556
400 20 1.791 40.1627 2529.72 35.5116
400 20 1.801 40.1909 2529.46 35.6158
400 20 1.811 40.3499 2530.38 35.4351
400 20 1.821 40.3604 2527.76 36.8747
400 20 1.831 40.5413 2530.37 37.9957
400 20 1.841 40.489 2527.35 35.0977
400 20 1.851 40.5687 2528 36.8101
400 20 1.861 40.6111 2525.95 38.3513
400 20 1.871 40.7976 2526.74 37.3388
400 20 1.881 40.9464 2527.48 38.2957
400 20 1.891 40.9692 2525.86 34.525
400 20 1.901 41.1887 2529.46 35.1425
400 20 1.911 41.3171 2528.45 37.4888
400 20 1.921 41.3218 2526.55 34.339
400 20 1.931 41.4729 2527.17 34.0378
400 20 1.941 41.5875 2527.71 33.8716
400 20 1.951 41.7469 2528.01 33.9873
400 20 1.961 41.8937 2528.78 34.2007
400 20 1.971 41.9933 2528.39 33.8106
400 20 1.981 42.2789 2530.69 33.6382
400 20 1.991 42.3461 2530.46 33.3417
400 30 0.001 5489.7 62273.8 5.7315
400 30 0.011 5200.89 59145.2 6.0488
400 30 0.021 4898.85 55867.6 6.3375
400 30 0.031 4674.01 53430.8 6.8913
400 30 0.041 4441.69 50917.4 7.523
400 30 0.051 4126.17 47492.5 7.6906
400 30 0.061 3732.2 43227 7.9636
400 30 0.071 3551.18 41272.1 8.7849
400 30 0.081 3345.94 39047.8 9.0972
400 30 0.091 3043.84 35780.4 9.5603
400 30 0.101 2796.22 33098.5 9.866
400 30 0.111 2626.93 31257.9 10.6464
400 30 0.121 2440.79 29241.2 11.3973
400 30 0.131 2250.6 27193.7 11.8086
400 30 0.141 2161 26215.8 12.1151
400 30 0.151 1886.05 23238.6 11.9992
400 30 0.161 1804.48 22357 12.2688
400 30 0.171 1675.37 20955.3 13.263
400 30 0.181 1475.12 18794.8 13.1183
400 30 0.191 1412.67 18111.8 13.3296
400 30 0.201 1265.88 16528 14.0095
400 30 0.211 1209.53 15922.5 15.085
400 30 0.221 1061.21 14307.3 14.9514
400 30 0.231 997.093 13610.3 15.0579
400 30 0.241 905.786 12616.7 14.8525
400 30 0.251 834.57 11849.6 15.1696
400 30 0.261 724.514 10659.5 15.4718
400 30 0.271 715.195 10552.3 15.9135
400 30 0.281 578.159 9063.61 15.9636
400 30 0.291 555.513 8818.22 16.7322
400 30 0.301 517.005 8401.57 17.2634
400 30 0.311 451.169 7681.6 17.0461
400 30 0.321 439.641 7552.69 16.9134
400 30 0.331 417.318 7307.41 17.5407
400 30 0.341 344.286 6525.99 17.9607
400 30 0.351 351.421 6600.29 18.2712
400 30 0.361 284.701 5874.06 17.228
400 30 0.371 275.499 5757.03 17.918
400 30 0.381 253.313 5529.46 19.3125
400 30 0.391 231.187 5278.94 19.09
400 30 0.401 218.694 5144.65 19.4266
400 30 0.411 207.808 5019.34 18.0491
400 30 0.421 185.648 4785.77 18.3402
400 30 0.431 165.056 4552.21 18.0774
400 30 0.441 157.099 4464.6 18.246
400 30 0.451 136.561 4237.3 18.589
400 30 0.461 138.575 4262.02 20.3667
400 30 0.471 128.43 4151.73 20.9459
400 30 0.481 110.64 3942.82 19.5404
400 30 0.491 105.087 3887.07 19.8861
400 30 0.501 93.9562 3761.02 20.3719
400 30 0.511 95.8359 3779.13 20.9295
400 30 0.521 87.7189 3685.66 20.9731
400 30 0.531 89.4945 3700.96 21.536
400 30 0.541 78.1568 3573.56 21.2379
400 30 0.551 77.8501 3570.85 21.8178
400 30 0.561 73.0636 3511.27 21.931
400 30 0.571 69.2697 3464.78 21.8941
400 30 0.581 69.3521 3465.23 21.9469
400 30 0.591 64.7093 3412.63 22.1554
400 30 0.601 63.4915 3396.98 22.5403
400 30 0.611 59.2754 3342.23 22.2877
400 30 0.621 56.7909 3317.61 22.223
400 30 0.631 57.1786 3317.25 22.7115
400 30 0.641 53.6762 3276.28 21.3731
400 30 0.651 54.1614 3279.37 21.8167
400 30 0.661 52.9093 3267.91 22.8602
400 30 0.671 50.411 3234.05 22.6213
400 30 0.681 48.5875 3207.32 22.2838
400 30 0.691 49.2851 3215.11 23.051
400 30 0.701 46.36 3180.41 22.6874
400 30 0.711 45.5618 3164.54 22.9762
400 30 0.721 45.4805 3164.74 23.2826
400 30 0.731 45.6825 3167.69 23.7588
400 30 0.741 43.8894 3141.93 23.7709
400 30 0.751 41.8172 3108.66 23.5086
400 30 0.761 41.8695 3111.2 24.057
400 30 0.771 41.1695 3101.54 24.1785
400 30 0.781 41.6287 3104.38 24.5034
400 30 0.791 39.6045 3076.69 24.523
400 30 0.801 40.2146 3083.7 25.1413
400 30 0.811 38.3022 3055.74 24.7505
400 30 0.821 38.2942 3055.62 26.1698
400 30 0.831 38.5067 3056.42 27.2878
400 30 0.841 38.0682 3049.15 27.2526
400 30 0.851 36.7506 3028.71 26.0625
400 30 0.861 37.2143 3034.66 26.3
400 30 0.871 35.6537 3012.06 26.1287
400 30 0.881 36.2759 3019.91 26.7321
400 30 0.891 35.0177 2997.67 26.9166
400 30 0.901 34.1485 2984.24 26.8834
400 30 0.911 34.6499 2991.13 27.333
400 30 0.921 34.4359 2984.7 27.7944
400 30 0.931 33.3352 2966.77 28.8734
400 30 0.941 33.267 2963.4 29.5507
400 30 0.951 33.0386 2960.03 28.3931
400 30 0.961 32.6468 2950.16 28.8511
400 30 0.971 32.4827 2946.11 29.154
400 30 0.981 31.6635 2932.13 29.0559
400 30 0.991 31.5955 2930.41 29.1857
400 30 1.001 31.6552 2927.65 29.5263
400 30 1.011 31.49 2923.54 30.1033
400 30 1.021 30.7516 2908.35 30.9635
400 30 1.031 30.677 2907.09 30.8525
400 30 1.041 30.7658 2906.59 31.6125
400 30 1.051 30.1368 2893.41 33.2463
400 30 1.061 30.264 2895.03 32.2113
400 30 1.071 30.0701 2888.72 31.4894
400 30 1.081 29.5522 2879.23 31.527
400 30 1.091 29.7803 2881.42 32.642
400 30 1.101 29.2258 2869.5 33.9302
400 30 1.111 29.1465 2867.19 32.4643
400 30 1.121 29.1594 2865.45 32.6129
400 30 1.131 29.1808 2864.42 32.7492
400 30 1.141 29.1059 2860.8 33.0795
400 30 1.151 28.6984 2853.43 33.0562
400 30 1.161 28.7273 2851.31 33.9738
400 30 1.171 28.9655 2852.93 36.0773
400 30 1.181 28.7521 2847.94 34.75
400 30 1.191 28.6105 2843.51 34.6374
400 30 1.201 28.3997 2839.27 34.3115
400 30 1.211 28.6388 2839.66 36.3415
400 30 1.221 28.3003 2832.52 35.7019
400 30 1.231 28.1067 2827.54 35.2499
400 30 1.241 28.4478 2831.14 35.7412
400 30 1.251 28.0979 2822.23 35.8163
400 30 1.261 28.0846 2822.01 35.8971
400 30 1.271 27.8031 2813.47 36.0778
400 30 1.281 28.0316 2816.43 36.757
400 30 1.291 28.0109 2813.94 37.3076
400 30 1.301 27.9854 2810.3 38.5215
400 30 1.311 27.8599 2807.82 39.1198
400 30 1.321 27.8613 2804.53 38.5647
400 30 1.331 27.908 2802.86 36.7436
400 30 1.341 27.9684 2802.74 39.287
400 30 1.351 27.8723 2798.19 39.6548
400 30 1.361 27.7298 2792.12 39.462
400 30 1.371 27.5706 2789.28 39.7809
400 30 1.381 27.7275 2788.06 39.3823
400 30 1.391 27.8099 2787.43 40.2886
400 30 1.401 27.5144 2780.73 38.7786
400 30 1.411 27.7319 2781.35 38.0459
400 30 1.421 27.4651 2773.79 40.3262
400 30 1.431 27.8227 2779.56 40.5977
400 30 1.441 27.6405 2773.54 39.5733
400 30 1.451 27.5803 2768.7 38.9948
400 30 1.461 27.4841 2764.08 39.1874
400 30 1.471 27.7187 2766.28 38.2658
400 30 1.481 27.6305 2761.11 38.2881
400 30 1.491 27.7906 2762.43 38.2871
400 30 1.501 27.7824 2759.35 38.2911
400 30 1.511 27.6732 2755.61 38.1202
400 30 1.521 27.7786 2753.83 38.2544
400 30 1.531 27.8028 2752.49 38.3224
400 30 1.541 27.6477 2746.35 38.2081
400 30 1.551 27.7045 2743.52 39.6515
400 30 1.561 27.6995 2741.08 41.9505
400 30 1.571 27.8134 2741.62 38.4388
400 30 1.581 27.7215 2734.89 38.1563
400 30 1.591 27.8204 2735.91 38.1141
400 30 1.601 27.8233 2732.76 38.076
400 30 1.611 28.0275 2735.18 40.0006
400 30 1.621 28.0364 2733.57 41.117
400 30 1.631 28.083 2733.19 41.3208
400 30 1.641 28.0893 2729.26 40.7484
400 30 1.651 28.2837 2730.83 39.4375
400 30 1.661 28.2557 2728.29 41.1873
400 30 1.671 28.3793 2728.73 39.8061
400 30 1.681 28.3378 2724.91 39.1685
400 30 1.691 28.4767 2725.04 39.2288
400 30 1.701 28.5667 2724.74 39.4256
400 30 1.711 28.5334 2721.21 41.1086
400 30 1.721 28.4996 2718.5 39.1627
400 30 1.731 28.7873 2722.65 38.2119
400 30 1.741 28.7746 2719.01 38.1172
400 30 1.751 28.7058 2715.94 38.1474
400 30 1.761 28.8415 2714.26 39.5709
400 30 1.771 29.0317 2715.85 42.5702
400 30 1.781 29.0232 2712.74 41.7225
400 30 1.791 29.1216 2712.79 38.4099
400 30 1.801 29.1969 2709.33 37.452
400 30 1.811 29.3844 2712.39 37.3464
400 30 1.821 29.4118 2708.32 37.3724
400 30 1.831 29.4844 2707.31 37.1263
400 30 1.841 29.5849 2705.48 38.5318
400 30 1.851 29.7677 2705.97 37.3931
400 30 1.861 29.841 2704.27 37.2549
400 30 1.871 29.8889 2701.82 36.8736
400 30 1.881 30.1546 2704.03 38.2758
400 30 1.891 30.0298 2700.09 39.8274
400 30 1.901 30.1957 2699.26 36.2825
400 30 1.911 30.4026 2698.71 39.545
400 30 1.921 30.5103 2697.69 39.679
400 30 1.931 30.6402 2696.77 38.1547
400 30 1.941 30.6658 2694.47 36.829
400 30 1.951 30.8262 2692.97 36.2307
400 30 1.961 30.9765 2691.87 35.9545
400 30 1.971 31.0891 2690.22 36.1756
400 30 1.981 31.2202 2689.82 36.3488
400 30 1.991 31.3217 2688.23 35.0934
400 40 0.001 6366.55 70628.5 9.5928
400 40 0.011 6327.85 70240.7 11.4443
400 40 0.021 5718.6 63762.7 12.3363
400 40 0.031 5407.26 60465 13.6391
400 40 0.041 5141.14 57645.8 14.7555
400 40 0.051 4698.17 52946.9 15.9548
400 40 0.061 4430.36 50100.2 16.7126
400 40 0.071 4086.55 46452.8 17.3991
400 40 0.081 3834.64 43784.9 17.6404
400 40 0.091 3515.11 40392.4 17.9308
400 40 0.101 3362.41 38776.1 18.9666
400 40 0.111 2911.12 33970.3 18.5624
400 40 0.121 2709.86 31831.3 18.6096
400 40 0.131 2528.84 29915 19.097
400 40 0.141 2367.17 28208 19.3085
400 40 0.151 2067.25 25005.7 18.8659
400 40 0.161 1813.13 22282.9 18.0997
400 40 0.171 1754.6 21673.1 18.9264
400 40 0.181 1564.32 19652.8 18.8272
400 40 0.191 1574.75 19769.8 19.4529
400 40 0.201 1352.73 17392.5 18.7061
400 40 0.211 1201.52 15785.4 18.8081
400 40 0.221 1144.2 15182.7 18.6692
400 40 0.231 990.223 13540.2 18.4447
400 40 0.241 985.726 13486.5 19.0932
400 40 0.251 817.294 11692.7 18.603
400 40 0.261 754.178 11019.5 18.7522
400 40 0.271 681.751 10234.9 18.1851
400 40 0.281 611.785 9495.23 18.0393
400 40 0.291 554.974 8886.19 18.1785
400 40 0.301 506.671 8366.7 18.1202
400 40 0.311 462.763 7889.46 17.738
400 40 0.321 429.277 7546.49 18.1856
400 40 0.331 379.785 7010.99 17.6704
400 40 0.341 337.694 6558.31 17.5728
400 40 0.351 316.261 6328.4 17.7467
400 40 0.361 280.222 5948.61 17.7382
400 40 0.371 261.382 5743.58 18.5197
400 40 0.381 226.852 5368.16 17.7748
400 40 0.391 217.607 5270.98 18.2275
400 40 0.401 205.98 5145.95 18.1368
400 40 0.411 182.131 4894.08 18.6766
400 40 0.421 162.531 4679.02 18.7516
400 40 0.431 149.843 4545 18.0941
400 40 0.441 145.141 4494.73 18.3409
400 40 0.451 131.525 4353.83 18.5297
400 40 0.461 116.887 4189.06 18.8779
400 40 0.471 118.497 4207.97 18.8793
400 40 0.481 99.2225 3999.56 18.3099
400 40 0.491 101.828 4034.3 19.3218
400 40 0.501 83.0552 3828.14 18.3333
400 40 0.511 79.2133 3781.79 18.5527
400 40 0.521 80.7394 3805.36 18.9244
400 40 0.531 73.6935 3730.64 18.9998
400 40 0.541 73.3369 3728.46 19.3432
400 40 0.551 66.3902 3650.18 19.6257
400 40 0.561 62.7069 3614.23 20.4195
400 40 0.571 59.8961 3580.15 20.1047
400 40 0.581 58.1797 3566.42 19.5457
400 40 0.591 54.4969 3531.16 19.8913
400 40 0.601 54.6546 3532.44 19.9973
400 40 0.611 51.3895 3492.45 19.8523
400 40 0.621 49.9596 3480.23 19.9596
400 40 0.631 48.7427 3472.31 20.4969
400 40 0.641 48.4231 3474.46 20.8253
400 40 0.651 44.2002 3420.29 20.7834
400 40 0.661 44.8957 3435.16 21.1968
400 40 0.671 42.1272 3404.62 21.2454
400 40 0.681 42.9531 3423.1 22.697
400 40 0.691 39.917 3384.17 22.9545
400 40 0.701 39.749 3385.6 22.8245
400 40 0.711 39.2256 3383.17 22.6819
400 40 0.721 38.5737 3380.02 23.2536
400 40 0.731 36.8598 3359.02 22.9744
400 40 0.741 36.7435 3364.77 23.561
400 40 0.751 35.7606 3353.75 23.6578
400 40 0.761 35.4933 3353.1 24.4219
400 40 0.771 35.4822 3358.12 24.4345
400 40 0.781 34.1832 3344.84 25.3389
400 40 0.791 33.3845 3334.42 25.3663
400 40 0.801 33.3254 3339.71 26.0885
400 40 0.811 32.2694 3327.4 25.67
400 40 0.821 32.2454 3331.58 26.0566
400 40 0.831 31.5843 3326.06 26.3614
400 40 0.841 30.7731 3319.46 26.6854
400 40 0.851 30.9812 3323.22 26.8577
400 40 0.861 30.807 3323.3 27.2346
400 40 0.871 30.0516 3316.23 27.6462
400 40 0.881 28.7985 3302.15 28.4725
400 40 0.891 28.5918 3303.08 28.8355
400 40 0.901 28.2747 3301.55 27.9613
400 40 0.911 28.2923 3304.45 28.209
400 40 0.921 27.7403 3300 28.5241
400 40 0.931 27.0763 3292.96 28.7507
400 40 0.941 26.9538 3291.59 29.2285
400 40 0.951 27.0091 3295.23 29.862
400 40 0.961 26.8772 3295.39 30.7302
400 40 0.971 25.8984 3282.87 30.5874
400 40 0.981 26.048 3285.96 31.5045
400 40 0.991 25.705 3281.42 31.4431
400 40 1.001 25.5449 3282.65 31.9131
400 40 1.011 24.7526 3270.43 33.632
400 40 1.021 25.2035 3278.74 34.7301
400 40 1.031 25.1039 3277.02 34.9867
400 40 1.041 24.3178 3263.29 35.5341
400 40 1.051 24.1437 3262.64 33.7159
400 40 1.061 24.1335 3261.93 34.3217
400 40 1.071 24.2829 3262.85 35.6515
400 40 1.081 23.7239 3255.38 37.0924
400 40 1.091 23.5352 3250.87 37.7812
400 40 1.101 23.5701 3251.18 38.0567
400 40 1.111 23.63 3252.63 35.5617
400 40 1.121 23.5476 3249.38 36.1372
400 40 1.131 23.2619 3243.86 36.1214
400 40 1.141 23.2103 3244.01 36.4087
400 40 1.151 23.438 3246.27 36.9181
400 40 1.161 23.1861 3240.3 37.0784
400 40 1.171 22.9284 3234.86 38.6896
400 40 1.181 22.7919 3232.2 39.8632
400 40 1.191 23.0278 3233.2 40.5316
400 40 1.201 23.0726 3231.68 39.3604
400 40 1.211 22.9668 3230.58 39.0953
400 40 1.221 23.0132 3228.13 39.3562
400 40 1.231 22.8537 3222.55 39.3211
400 40 1.241 22.7754 3220.48 39.5773
400 40 1.251 22.6073 3213.89 39.8347
400 40 1.261 22.3461 3208.3 39.9122
400 40 1.271 22.6445 3211.75 40.271
400 40 1.281 22.4851 3206.53 40.5215
400 40 1.291 22.6625 3207.01 40.939
400 40 1.301 22.5869 3203.62 41.2474
400 40 1.311 22.7056 3203.14 41.5965
400 40 1.321 22.5284 3196.84 41.5174
400 40 1.331 22.5432 3194.36 41.8166
400 40 1.341 22.5364 3191.61 41.8443
400 40 1.351 22.6043 3189.62 42.1091
400 40 1.361 22.8006 3190.95 42.5727
400 40 1.371 22.3383 3179.74 42.4533
400 40 1.381 22.5483 3179.74 42.5246
400 40 1.391 22.5321 3176.72 42.6695
400 40 1.401 22.3917 3171.7 42.7848
400 40 1.411 22.3802 3167.98 42.7457
400 40 1.421 22.6301 3169.16 43.1107
400 40 1.431 22.4674 3162.86 43.3919
400 40 1.441 22.4074 3158.78 43.4543
400 40 1.451 22.5862 3158.35 45.1336
400 40 1.461 22.2507 3147.99 46.4937
400 40 1.471 22.4858 3150.39 45.2858
400 40 1.481 22.453 3145.15 44.2169
400 40 1.491 22.6512 3144.8 44.178
400 40 1.501 22.7575 3143.06 44.2272
400 40 1.511 22.6284 3137.93 44.3508
400 40 1.521 22.7322 3135.88 44.1539
400 40 1.531 22.7251 3131.37 45.3148
400 40 1.541 22.755 3127.72 46.7514
400 40 1.551 22.7401 3123.77 46.3093
400 40 1.561 22.7059 3118.89 43.8926
400 40 1.571 22.6749 3114.19 43.5452
400 40 1.581 22.7402 3110.61 44.5561
400 40 1.591 22.7739 3108.44 47.315
400 40 1.601 22.9661 3109.97 45.9947
400 40 1.611 23.0077 3107 47.421
400 40 1.621 22.9727 3103.45 45.014
400 40 1.631 23.0542 3102.86 43.5036
400 40 1.641 23.1253 3100.23 43.0306
400 40 1.651 23.1062 3098.48 43.1066
400 40 1.661 23.2756 3097.98 44.397
400 40 1.671 23.3462 3095.64 45.9472
400 40 1.681 23.3166 3092.61 43.1515
400 40 1.691 23.5347 3093.12 43.0703
400 40 1.701 23.568 3091.73 42.7825
400 40 1.711 23.4203 3085.92 45.3885
400 40 1.721 23.6667 3084.55 44.4888
400 40 1.731 23.6558 3082.54 43.5899
400 40 1.741 23.6709 3079.16 43.4137
400 40 1.751 23.7818 3077.03 43.4476
400 40 1.761 23.9553 3076.83 43.3613
400 40 1.771 24.0262 3073.77 44.3053
400 40 1.781 24.0682 3072.63 45.2911
400 40 1.791 24.2025 3071.49 44.8906
400 40 1.801 24.3349 3068.49 44.6058
400 40 1.811 24.3709 3065.03 43.5434
400 40 1.821 24.3784 3060.33 44.1554
400 40 1.831 24.5505 3060.19 44.0006
400 40 1.841 24.7154 3059.91 43.8051
400 40 1.851 24.7373 3057.2 43.5068
400 40 1.861 24.8066 3052.25 43.4214
400 40 1.871 24.932 3051.31 42.9929
400 40 1.881 25.0587 3046.9 42.7938
400 40 1.891 25.1838 3047.38 42.5775
400 40 1.901 25.1852 3042.35 42.4551
400 40 1.911 25.3834 3041.05 42.2275
400 40 1.921 25.4332 3037.26 42.0811
400 40 1.931 25.544 3035.17 41.6579
400 40 1.941 25.5626 3031.35 41.3351
400 40 1.951 25.8218 3030.4 41.2523
400 40 1.961 25.8835 3026.97 40.8025
400 40 1.971 25.9908 3023.07 40.7993
400 40 1.981 26.1283 3019.08 40.1075
400 40 1.991 26.2817 3019.85 39.4041
