200 10 0.001 881.355 1.37906e-05
200 10 0.011 857.157 1.37354e-05
200 10 0.021 842.617 1.37013e-05
200 10 0.031 820.029 1.36407e-05
200 10 0.041 819.743 1.36124e-05
200 10 0.051 801.9 1.36054e-05
200 10 0.061 767.374 1.35542e-05
200 10 0.071 745.329 1.35451e-05
200 10 0.081 733.322 1.35068e-05
200 10 0.091 737.636 1.35636e-05
200 10 0.101 724.86 1.35023e-05
200 10 0.111 717.328 1.34773e-05
200 10 0.121 679.809 1.34569e-05
200 10 0.131 686.544 1.34767e-05
200 10 0.141 662.928 1.34678e-05
200 10 0.151 643.641 1.29375e-05
200 10 0.161 625.711 1.30053e-05
200 10 0.171 606.533 1.38442e-05
200 10 0.181 596.164 1.38216e-05
200 10 0.191 549.39 1.37557e-05
200 10 0.201 574.365 1.38041e-05
200 10 0.211 553.195 1.37803e-05
200 10 0.221 529.08 1.37251e-05
200 10 0.231 501.203 1.36803e-05
200 10 0.241 510.508 1.37185e-05
200 10 0.251 498.756 1.36952e-05
200 10 0.261 469.186 1.36386e-05
200 10 0.271 441.493 1.35916e-05
200 10 0.281 437.375 1.35994e-05
200 10 0.291 409.343 1.35554e-05
200 10 0.301 408.858 1.31577e-05
200 10 0.311 412.332 1.3074e-05
200 10 0.321 393.483 1.31011e-05
200 10 0.331 382.201 1.30778e-05
200 10 0.341 363.244 1.30248e-05
200 10 0.351 364.701 1.30118e-05
200 10 0.361 346.29 1.27834e-05
200 10 0.371 347.085 1.31618e-05
200 10 0.381 326.367 1.36118e-05
200 10 0.391 313.759 1.35819e-05
200 10 0.401 299.929 1.35641e-05
200 10 0.411 293.284 1.35509e-05
200 10 0.421 278.556 1.35363e-05
200 10 0.431 280.801 1.35324e-05
200 10 0.441 268.58 1.3499e-05
200 10 0.451 266.013 1.35057e-05
200 10 0.461 249.84 1.34708e-05
200 10 0.471 256.941 1.35013e-05
200 10 0.481 232.215 1.25753e-05
200 10 0.491 219.343 1.27157e-05
200 10 0.501 218.648 1.26981e-05
200 10 0.511 205.677 1.26101e-05
200 10 0.521 203.921 1.21356e-05
200 10 0.531 191.482 1.23437e-05
200 10 0.541 187.059 1.24599e-05
200 10 0.551 180.634 1.24481e-05
200 10 0.561 171.975 1.24363e-05
200 10 0.571 169.951 1.23953e-05
200 10 0.581 168.762 1.24148e-05
200 10 0.591 157.327 1.23789e-05
200 10 0.601 149.742 1.23744e-05
200 10 0.611 151.085 1.23991e-05
200 10 0.621 139.55 1.23957e-05
200 10 0.631 135.95 1.23957e-05
200 10 0.641 136.26 1.235e-05
200 10 0.651 128.696 1.23611e-05
200 10 0.661 124.111 1.23693e-05
200 10 0.671 118.534 1.23795e-05
200 10 0.681 113.41 1.23211e-05
200 10 0.691 109.579 1.23292e-05
200 10 0.701 105.444 1.23459e-05
200 10 0.711 100.704 1.23516e-05
200 10 0.721 98.8571 1.23273e-05
200 10 0.731 99.0997 1.22966e-05
200 10 0.741 95.6028 1.23157e-05
200 10 0.751 92.5834 1.25338e-05
200 10 0.761 88.587 1.25547e-05
200 10 0.771 87.2608 1.25481e-05
200 10 0.781 80.3606 1.25022e-05
200 10 0.791 80.308 1.25488e-05
200 10 0.801 78.9392 1.25507e-05
200 10 0.811 74.2306 1.25513e-05
200 10 0.821 72.3127 1.25028e-05
200 10 0.831 71.7858 1.23793e-05
200 10 0.841 69.9086 1.24219e-05
200 10 0.851 69.657 1.22867e-05
200 10 0.861 65.923 1.21707e-05
200 10 0.871 64.8984 1.24941e-05
200 10 0.881 61.9108 1.24629e-05
200 10 0.891 60.0381 1.24572e-05
200 10 0.901 56.9508 1.24971e-05
200 10 0.911 57.9591 1.25034e-05
200 10 0.921 56.3387 1.2346e-05
200 10 0.931 53.5974 1.29046e-05
200 10 0.941 52.8852 1.30377e-05
200 10 0.951 51.8123 1.30529e-05
200 10 0.961 50.6835 1.30465e-05
200 10 0.971 49.9959 1.30379e-05
200 10 0.981 49.0046 1.30286e-05
200 10 0.991 47.8003 1.28053e-05
200 10 1.001 47.253 1.25964e-05
200 10 1.011 44.9887 1.27406e-05
200 10 1.021 44.9929 1.27067e-05
200 10 1.031 43.7454 1.27065e-05
200 10 1.041 42.7359 1.27759e-05
200 10 1.051 42.6405 1.28563e-05
200 10 1.061 41.3692 1.26781e-05
200 10 1.071 41.1612 1.28279e-05
200 10 1.081 40.6487 1.24448e-05
200 10 1.091 40.2793 1.24558e-05
200 10 1.101 39.7288 1.24456e-05
200 10 1.111 40.1276 1.26291e-05
200 10 1.121 39.2008 1.26659e-05
200 10 1.131 39.1941 1.26868e-05
200 10 1.141 38.1172 1.27132e-05
200 10 1.151 37.8858 1.26715e-05
200 10 1.161 37.9184 1.24855e-05
200 10 1.171 37.8685 1.23249e-05
200 10 1.181 37.2106 1.20944e-05
200 10 1.191 37.6646 1.21824e-05
200 10 1.201 37.5483 1.2065e-05
200 10 1.211 36.7623 1.23644e-05
200 10 1.221 36.8973 1.25217e-05
200 10 1.231 36.5516 1.25418e-05
200 10 1.241 36.4039 1.2533e-05
200 10 1.251 36.0192 1.24648e-05
200 10 1.261 36.3319 1.25185e-05
200 10 1.271 36.24 1.25344e-05
200 10 1.281 35.8467 1.25205e-05
200 10 1.291 35.7854 1.25198e-05
200 10 1.301 35.8258 1.21795e-05
200 10 1.311 35.1109 1.25855e-05
200 10 1.321 35.4265 1.29467e-05
200 10 1.331 35.0199 1.2964e-05
200 10 1.341 34.8658 1.297e-05
200 10 1.351 34.9267 1.2969e-05
200 10 1.361 34.9576 1.29615e-05
200 10 1.371 34.7106 1.29545e-05
200 10 1.381 34.7154 1.29523e-05
200 10 1.391 34.6184 1.29495e-05
200 10 1.401 34.2706 1.27901e-05
200 10 1.411 34.5013 1.2766e-05
200 10 1.421 34.234 1.27614e-05
200 10 1.431 34.406 1.2777e-05
200 10 1.441 34.3817 1.279e-05
200 10 1.451 34.2774 1.27642e-05
200 10 1.461 34.2608 1.27567e-05
200 10 1.471 33.9282 1.25691e-05
200 10 1.481 33.9436 1.25872e-05
200 10 1.491 33.8877 1.26709e-05
200 10 1.501 33.9313 1.26851e-05
200 10 1.511 34.0536 1.27083e-05
200 10 1.521 33.721 1.27194e-05
200 10 1.531 33.769 1.26507e-05
200 10 1.541 33.7843 1.26413e-05
200 10 1.551 33.7344 1.26656e-05
200 10 1.561 33.4285 1.26681e-05
200 10 1.571 33.4936 1.26291e-05
200 10 1.581 33.6371 1.26253e-05
200 10 1.591 33.7166 1.26436e-05
200 10 1.601 33.5052 1.264e-05
200 10 1.611 33.6249 1.26105e-05
200 10 1.621 33.408 1.25933e-05
200 10 1.631 33.5115 1.24735e-05
200 10 1.641 33.4915 1.25654e-05
200 10 1.651 33.4763 1.25772e-05
200 10 1.661 33.32 1.2544e-05
200 10 1.671 33.596 1.25577e-05
200 10 1.681 33.4989 1.25807e-05
200 10 1.691 33.482 1.25512e-05
200 10 1.701 33.4285 1.25228e-05
200 10 1.711 33.5358 1.25321e-05
200 10 1.721 33.3976 1.21862e-05
200 10 1.731 33.4022 1.22582e-05
200 10 1.741 33.3895 1.2152e-05
200 10 1.751 33.5561 1.22226e-05
200 10 1.761 33.5391 1.2477e-05
200 10 1.771 33.609 1.24938e-05
200 10 1.781 33.6469 1.24859e-05
200 10 1.791 33.489 1.24378e-05
200 10 1.801 33.4687 1.2454e-05
200 10 1.811 33.452 1.24719e-05
200 10 1.821 33.5712 1.25145e-05
200 10 1.831 33.632 1.24845e-05
200 10 1.841 33.5971 1.2382e-05
200 10 1.851 33.5493 1.23904e-05
200 10 1.861 33.6474 1.24971e-05
200 10 1.871 33.69 1.23315e-05
200 10 1.881 33.6645 1.2368e-05
200 10 1.891 33.8217 1.23301e-05
200 10 1.901 33.8171 1.23686e-05
200 10 1.911 33.8207 1.23487e-05
200 10 1.921 33.7852 1.23527e-05
200 10 1.931 33.9291 1.23995e-05
200 10 1.941 33.8738 1.23568e-05
200 10 1.951 33.9606 1.22576e-05
200 10 1.961 33.948 1.22506e-05
200 10 1.971 34.0018 1.21998e-05
200 10 1.981 34.1483 1.20582e-05
200 10 1.991 34.1491 1.19148e-05
200 20 0.001 1739.01 1.41923e-05
200 20 0.011 1657.32 1.51302e-05
200 20 0.021 1694.17 1.53894e-05
200 20 0.031 1506.01 1.50709e-05
200 20 0.041 1505.82 1.50385e-05
200 20 0.051 1484.05 1.36626e-05
200 20 0.061 1381.47 1.35744e-05
200 20 0.071 1305.84 1.42243e-05
200 20 0.081 1261.37 1.46486e-05
200 20 0.091 1197.03 1.44863e-05
200 20 0.101 1097.89 1.42952e-05
200 20 0.111 1073 1.39903e-05
200 20 0.121 1046.77 1.3259e-05
200 20 0.131 935.007 1.41297e-05
200 20 0.141 897.356 1.40815e-05
200 20 0.151 892.798 1.41208e-05
200 20 0.161 799.902 1.39733e-05
200 20 0.171 801.795 1.31911e-05
200 20 0.181 750.069 1.27606e-05
200 20 0.191 714.375 1.26885e-05
200 20 0.201 650.931 1.26539e-05
200 20 0.211 616.484 1.31147e-05
200 20 0.221 607.599 1.37084e-05
200 20 0.231 580.99 1.37467e-05
200 20 0.241 541.301 1.35995e-05
200 20 0.251 521.587 1.35502e-05
200 20 0.261 464.553 1.34335e-05
200 20 0.271 454.36 1.32573e-05
200 20 0.281 423.256 1.29084e-05
200 20 0.291 371.051 1.34629e-05
200 20 0.301 366.636 1.34662e-05
200 20 0.311 339.176 1.33829e-05
200 20 0.321 338.807 1.33897e-05
200 20 0.331 291.806 1.32683e-05
200 20 0.341 287.509 1.33315e-05
200 20 0.351 265.552 1.32576e-05
200 20 0.361 258.014 1.32396e-05
200 20 0.371 240.181 1.32027e-05
200 20 0.381 213.83 1.31239e-05
200 20 0.391 216.337 1.31636e-05
200 20 0.401 196.438 1.31471e-05
200 20 0.411 180.999 1.30958e-05
200 20 0.421 174.456 1.30839e-05
200 20 0.431 155.175 1.30402e-05
200 20 0.441 140.921 1.30266e-05
200 20 0.451 141.719 1.30835e-05
200 20 0.461 130.926 1.28044e-05
200 20 0.471 127.751 1.34128e-05
200 20 0.481 106.787 1.33593e-05
200 20 0.491 114.061 1.33738e-05
200 20 0.501 110.385 1.33721e-05
200 20 0.511 103.31 1.33032e-05
200 20 0.521 93.8509 1.2403e-05
200 20 0.531 88.9488 1.27866e-05
200 20 0.541 79.7681 1.27407e-05
200 20 0.551 78.2025 1.27605e-05
200 20 0.561 73.9504 1.27746e-05
200 20 0.571 69.7989 1.27667e-05
200 20 0.581 65.53 1.27324e-05
200 20 0.591 59.3086 1.27173e-05
200 20 0.601 59.5123 1.25391e-05
200 20 0.611 60.8316 1.24465e-05
200 20 0.621 53.3095 1.29827e-05
200 20 0.631 54.3842 1.24382e-05
200 20 0.641 50.4268 1.28078e-05
200 20 0.651 47.8205 1.32717e-05
200 20 0.661 47.1153 1.27047e-05
200 20 0.671 43.5876 1.23865e-05
200 20 0.681 43.0165 1.23785e-05
200 20 0.691 41.0526 1.23692e-05
200 20 0.701 40.1316 1.26255e-05
200 20 0.711 39.2063 1.2676e-05
200 20 0.721 37.2822 1.26763e-05
200 20 0.731 35.56 1.26885e-05
200 20 0.741 35.5998 1.26869e-05
200 20 0.751 34.557 1.26856e-05
200 20 0.761 33.8396 1.26837e-05
200 20 0.771 31.3247 1.26704e-05
200 20 0.781 31.1337 1.25768e-05
200 20 0.791 30.484 1.26043e-05
200 20 0.801 30.4841 1.26732e-05
200 20 0.811 30.1335 1.26787e-05
200 20 0.821 28.889 1.21572e-05
200 20 0.831 28.3602 1.23228e-05
200 20 0.841 27.0593 1.28679e-05
200 20 0.851 27.6192 1.28744e-05
200 20 0.861 27.0112 1.28794e-05
200 20 0.871 26.4587 1.24157e-05
200 20 0.881 26.2854 1.23574e-05
200 20 0.891 26.0698 1.2366e-05
200 20 0.901 25.3536 1.24013e-05
200 20 0.911 25.0405 1.27005e-05
200 20 0.921 24.7012 1.26674e-05
200 20 0.931 24.3239 1.26868e-05
200 20 0.941 24.0546 1.27373e-05
200 20 0.951 23.7636 1.27052e-05
200 20 0.961 23.3834 1.26662e-05
200 20 0.971 23.2705 1.26611e-05
200 20 0.981 22.8009 1.27004e-05
200 20 0.991 22.493 1.27003e-05
200 20 1.001 22.3414 1.27039e-05
200 20 1.011 22.2657 1.26778e-05
200 20 1.021 21.872 1.24416e-05
200 20 1.031 21.6357 1.25489e-05
200 20 1.041 21.871 1.27959e-05
200 20 1.051 21.5194 1.27527e-05
200 20 1.061 21.0112 1.27515e-05
200 20 1.071 21.2499 1.27907e-05
200 20 1.081 21.2684 1.28103e-05
200 20 1.091 20.8034 1.27711e-05
200 20 1.101 20.8495 1.27716e-05
200 20 1.111 20.6793 1.27803e-05
200 20 1.121 20.6001 1.28076e-05
200 20 1.131 20.464 1.28196e-05
200 20 1.141 20.6129 1.27557e-05
200 20 1.151 20.3275 1.27878e-05
200 20 1.161 20.3638 1.28202e-05
200 20 1.171 20.4418 1.28115e-05
200 20 1.181 19.9053 1.28139e-05
200 20 1.191 20.5035 1.28032e-05
200 20 1.201 20.0681 1.27664e-05
200 20 1.211 20.0324 1.27998e-05
200 20 1.221 20.1939 1.27762e-05
200 20 1.231 19.7188 1.27182e-05
200 20 1.241 19.9922 1.25634e-05
200 20 1.251 19.7173 1.24773e-05
200 20 1.261 20.0338 1.23251e-05
200 20 1.271 19.8799 1.22957e-05
200 20 1.281 19.6708 1.25112e-05
200 20 1.291 19.7077 1.25894e-05
200 20 1.301 19.7209 1.25434e-05
200 20 1.311 19.6836 1.24846e-05
200 20 1.321 19.5775 1.25887e-05
200 20 1.331 19.4167 1.25864e-05
200 20 1.341 19.3857 1.28804e-05
200 20 1.351 19.5314 1.25892e-05
200 20 1.361 19.5257 1.25756e-05
200 20 1.371 19.5199 1.25698e-05
200 20 1.381 19.5089 1.2655e-05
200 20 1.391 19.5547 1.24731e-05
200 20 1.401 19.4726 1.24703e-05
200 20 1.411 19.385 1.25352e-05
200 20 1.421 19.373 1.27323e-05
200 20 1.431 19.4892 1.27453e-05
200 20 1.441 19.4123 1.27594e-05
200 20 1.451 19.229 1.27081e-05
200 20 1.461 19.3962 1.27568e-05
200 20 1.471 19.3582 1.27854e-05
200 20 1.481 19.2283 1.27152e-05
200 20 1.491 19.1741 1.2534e-05
200 20 1.501 19.3265 1.24796e-05
200 20 1.511 19.4396 1.24808e-05
200 20 1.521 19.3386 1.25057e-05
200 20 1.531 19.4082 1.24847e-05
200 20 1.541 19.3296 1.23673e-05
200 20 1.551 19.5176 1.25361e-05
200 20 1.561 19.4494 1.25629e-05
200 20 1.571 19.3845 1.25245e-05
200 20 1.581 19.3908 1.25186e-05
200 20 1.591 19.3543 1.253e-05
200 20 1.601 19.4547 1.25199e-05
200 20 1.611 19.3193 1.2525e-05
200 20 1.621 19.4595 1.25072e-05
200 20 1.631 19.4284 1.25083e-05
200 20 1.641 19.4769 1.25361e-05
200 20 1.651 19.5341 1.25023e-05
200 20 1.661 19.525 1.24637e-05
200 20 1.671 19.5104 1.25123e-05
200 20 1.681 19.5948 1.25059e-05
200 20 1.691 19.7358 1.25198e-05
200 20 1.701 19.7136 1.24736e-05
200 20 1.711 19.8597 1.24808e-05
200 20 1.721 19.8182 1.24783e-05
200 20 1.731 19.8363 1.24753e-05
200 20 1.741 19.9228 1.24663e-05
200 20 1.751 19.8128 1.23509e-05
200 20 1.761 19.8243 1.24601e-05
200 20 1.771 19.9674 1.24579e-05
200 20 1.781 19.9114 1.24469e-05
200 20 1.791 20.0542 1.23885e-05
200 20 1.801 20.0686 1.23395e-05
200 20 1.811 20.0721 1.23244e-05
200 20 1.821 20.1836 1.23246e-05
200 20 1.831 20.2773 1.2309e-05
200 20 1.841 20.1456 1.23111e-05
200 20 1.851 20.2367 1.2319e-05
200 20 1.861 20.3583 1.23398e-05
200 20 1.871 20.3905 1.22923e-05
200 20 1.881 20.4579 1.22604e-05
200 20 1.891 20.5217 1.2174e-05
200 20 1.901 20.5337 1.22751e-05
200 20 1.911 20.6073 1.20796e-05
200 20 1.921 20.6981 1.21202e-05
200 20 1.931 20.7481 1.20919e-05
200 20 1.941 20.8035 1.21533e-05
200 20 1.951 20.8653 1.21209e-05
200 20 1.961 20.9719 1.19966e-05
200 20 1.971 21.1022 1.20021e-05
200 20 1.981 21.1349 1.20169e-05
200 20 1.991 21.219 1.19831e-05
200 30 0.001 2491.09 1.44631e-05
200 30 0.011 2373.21 1.43179e-05
200 30 0.021 2185.93 1.62042e-05
200 30 0.031 2230.57 1.64596e-05
200 30 0.041 1974.02 1.60014e-05
200 30 0.051 1851.61 1.57914e-05
200 30 0.061 1776.94 1.47363e-05
200 30 0.071 1624.84 1.56345e-05
200 30 0.081 1527.92 1.55152e-05
200 30 0.091 1468.03 1.53957e-05
200 30 0.101 1334.71 1.51368e-05
200 30 0.111 1263 1.50209e-05
200 30 0.121 1150.9 1.48245e-05
200 30 0.131 1006.8 1.45894e-05
200 30 0.141 984.652 1.45818e-05
200 30 0.151 871.086 1.43912e-05
200 30 0.161 840.148 1.42908e-05
200 30 0.171 755.859 1.41237e-05
200 30 0.181 699.095 1.40169e-05
200 30 0.191 649.938 1.39542e-05
200 30 0.201 605.736 1.3447e-05
200 30 0.211 562.629 1.38869e-05
200 30 0.221 504.128 1.33045e-05
200 30 0.231 447.925 1.26894e-05
200 30 0.241 420.427 1.2753e-05
200 30 0.251 386.817 1.33159e-05
200 30 0.261 353.161 1.30211e-05
200 30 0.271 309.117 1.34686e-05
200 30 0.281 287.847 1.34321e-05
200 30 0.291 256.553 1.29789e-05
200 30 0.301 235.89 1.32604e-05
200 30 0.311 216.209 1.32163e-05
200 30 0.321 187.606 1.32185e-05
200 30 0.331 186.391 1.31935e-05
200 30 0.341 162.607 1.31365e-05
200 30 0.351 149.433 1.31088e-05
200 30 0.361 139.142 1.30888e-05
200 30 0.371 125.599 1.30775e-05
200 30 0.381 113.785 1.30925e-05
200 30 0.391 103.88 1.28295e-05
200 30 0.401 99.2084 1.28827e-05
200 30 0.411 91.401 1.28251e-05
200 30 0.421 89.1615 1.28124e-05
200 30 0.431 79.7652 1.26139e-05
200 30 0.441 72.8069 1.24645e-05
200 30 0.451 68.5652 1.28891e-05
200 30 0.461 59.0111 1.28389e-05
200 30 0.471 59.0345 1.28445e-05
200 30 0.481 54.3887 1.28311e-05
200 30 0.491 54.0364 1.28471e-05
200 30 0.501 47.8244 1.28438e-05
200 30 0.511 48.7019 1.28466e-05
200 30 0.521 43.2595 1.27854e-05
200 30 0.531 38.5575 1.27901e-05
200 30 0.541 36.6785 1.28024e-05
200 30 0.551 35.3355 1.28191e-05
200 30 0.561 35.9458 1.28113e-05
200 30 0.571 33.1164 1.28083e-05
200 30 0.581 31.1374 1.27933e-05
200 30 0.591 29.9009 1.27973e-05
200 30 0.601 29.2534 1.28136e-05
200 30 0.611 29.2115 1.28408e-05
200 30 0.621 26.4251 1.28024e-05
200 30 0.631 26.0586 1.27866e-05
200 30 0.641 26.6322 1.25151e-05
200 30 0.651 24.7221 1.23575e-05
200 30 0.661 24.3009 1.23469e-05
200 30 0.671 23.9172 1.25473e-05
200 30 0.681 23.5105 1.26617e-05
200 30 0.691 22.4263 1.26455e-05
200 30 0.701 22.488 1.26827e-05
200 30 0.711 21.6075 1.27054e-05
200 30 0.721 21.1444 1.26693e-05
200 30 0.731 20.707 1.26991e-05
200 30 0.741 20.3606 1.25353e-05
200 30 0.751 20.6364 1.25061e-05
200 30 0.761 19.8915 1.27255e-05
200 30 0.771 19.5354 1.26997e-05
200 30 0.781 19.2467 1.25455e-05
200 30 0.791 18.8908 1.24089e-05
200 30 0.801 18.4692 1.24982e-05
200 30 0.811 18.6754 1.26045e-05
200 30 0.821 18.3932 1.26943e-05
200 30 0.831 18.1849 1.26934e-05
200 30 0.841 17.7449 1.26962e-05
200 30 0.851 17.4987 1.26868e-05
200 30 0.861 17.2738 1.2692e-05
200 30 0.871 16.8326 1.27138e-05
200 30 0.881 16.9629 1.2686e-05
200 30 0.891 16.5965 1.27065e-05
200 30 0.901 16.645 1.27083e-05
200 30 0.911 16.3363 1.27115e-05
200 30 0.921 16.3093 1.24178e-05
200 30 0.931 15.8626 1.2414e-05
200 30 0.941 15.6526 1.23746e-05
200 30 0.951 15.7273 1.23764e-05
200 30 0.961 15.4143 1.27617e-05
200 30 0.971 15.5834 1.27865e-05
200 30 0.981 15.0276 1.27844e-05
200 30 0.991 15.118 1.27601e-05
200 30 1.001 14.7996 1.27438e-05
200 30 1.011 14.5647 1.27464e-05
200 30 1.021 14.776 1.27576e-05
200 30 1.031 14.512 1.27353e-05
200 30 1.041 14.3953 1.2738e-05
200 30 1.051 14.4603 1.27641e-05
200 30 1.061 14.0934 1.2778e-05
200 30 1.071 13.9499 1.27537e-05
200 30 1.081 14.0121 1.27267e-05
200 30 1.091 13.9458 1.27729e-05
200 30 1.101 13.7194 1.27538e-05
200 30 1.111 13.7749 1.27979e-05
200 30 1.121 13.4867 1.27747e-05
200 30 1.131 13.6264 1.27753e-05
200 30 1.141 13.6528 1.27757e-05
200 30 1.151 13.514 1.27353e-05
200 30 1.161 13.3076 1.27179e-05
200 30 1.171 13.4995 1.27589e-05
200 30 1.181 13.2969 1.27803e-05
200 30 1.191 13.3063 1.27503e-05
200 30 1.201 13.3986 1.27971e-05
200 30 1.211 13.2075 1.28531e-05
200 30 1.221 13.4467 1.26666e-05
200 30 1.231 13.3891 1.25246e-05
200 30 1.241 13.2455 1.26167e-05
200 30 1.251 13.166 1.25469e-05
200 30 1.261 13.1637 1.29161e-05
200 30 1.271 13.0053 1.29125e-05
200 30 1.281 13.0667 1.26543e-05
200 30 1.291 13.1866 1.28789e-05
200 30 1.301 12.9955 1.30129e-05
200 30 1.311 12.9921 1.29921e-05
200 30 1.321 13.0162 1.29494e-05
200 30 1.331 13.0219 1.30219e-05
200 30 1.341 13.0362 1.29613e-05
200 30 1.351 12.8883 1.29694e-05
200 30 1.361 12.8721 1.29721e-05
200 30 1.371 12.916 1.28508e-05
200 30 1.381 12.8284 1.27076e-05
200 30 1.391 13.0261 1.27413e-05
200 30 1.401 12.8238 1.28896e-05
200 30 1.411 12.8536 1.29003e-05
200 30 1.421 12.8498 1.28614e-05
200 30 1.431 12.7089 1.27498e-05
200 30 1.441 12.8473 1.27798e-05
200 30 1.451 12.7798 1.27464e-05
200 30 1.461 12.766 1.28169e-05
200 30 1.471 12.8576 1.29222e-05
200 30 1.481 12.7143 1.28839e-05
200 30 1.491 12.8636 1.28827e-05
200 30 1.501 12.7479 1.29274e-05
200 30 1.511 12.7371 1.28345e-05
200 30 1.521 12.8185 1.28863e-05
200 30 1.531 12.7938 1.28872e-05
200 30 1.541 12.7854 1.28924e-05
200 30 1.551 12.8088 1.29003e-05
200 30 1.561 12.8913 1.29071e-05
200 30 1.571 12.9233 1.29391e-05
200 30 1.581 12.9362 1.29245e-05
200 30 1.591 12.9357 1.27784e-05
200 30 1.601 12.9886 1.26302e-05
200 30 1.611 12.9104 1.27899e-05
200 30 1.621 12.9523 1.31902e-05
200 30 1.631 12.9545 1.31858e-05
200 30 1.641 13.0734 1.31923e-05
200 30 1.651 12.9726 1.3168e-05
200 30 1.661 13.0288 1.267e-05
200 30 1.671 13.0806 1.25972e-05
200 30 1.681 13.0366 1.28465e-05
200 30 1.691 13.1736 1.28095e-05
200 30 1.701 13.1028 1.25247e-05
200 30 1.711 13.1763 1.27352e-05
200 30 1.721 13.2187 1.27459e-05
200 30 1.731 13.2585 1.26972e-05
200 30 1.741 13.2751 1.27038e-05
200 30 1.751 13.3358 1.27101e-05
200 30 1.761 13.3053 1.27502e-05
200 30 1.771 13.4251 1.27379e-05
200 30 1.781 13.4445 1.27114e-05
200 30 1.791 13.5267 1.27027e-05
200 30 1.801 13.5446 1.27362e-05
200 30 1.811 13.5244 1.25589e-05
200 30 1.821 13.608 1.25305e-05
200 30 1.831 13.6653 1.25393e-05
200 30 1.841 13.665 1.25174e-05
200 30 1.851 13.7041 1.26059e-05
200 30 1.861 13.7722 1.276e-05
200 30 1.871 13.7834 1.25134e-05
200 30 1.881 13.8364 1.25213e-05
200 30 1.891 13.9275 1.25128e-05
200 30 1.901 14.0024 1.24535e-05
200 30 1.911 14.0344 1.25079e-05
200 30 1.921 14.0822 1.24607e-05
200 30 1.931 14.0581 1.23845e-05
200 30 1.941 14.1736 1.24031e-05
200 30 1.951 14.2346 1.23845e-05
200 30 1.961 14.2283 1.2326e-05
200 30 1.971 14.3309 1.23363e-05
200 30 1.981 14.4511 1.22365e-05
200 30 1.991 14.5008 1.21621e-05
200 40 0.001 2874.87 1.75072e-05
200 40 0.011 2734.98 1.72567e-05
200 40 0.021 2597.11 1.70573e-05
200 40 0.031 2500.08 1.69402e-05
200 40 0.041 2294.97 1.65536e-05
200 40 0.051 2118.76 1.62276e-05
200 40 0.061 1999.41 1.60284e-05
200 40 0.071 1884.3 1.60221e-05
200 40 0.081 1730.67 1.60682e-05
200 40 0.091 1593.12 1.5791e-05
200 40 0.101 1495.03 1.56643e-05
200 40 0.111 1392.92 1.5529e-05
200 40 0.121 1267.66 1.51435e-05
200 40 0.131 1178.77 1.4866e-05
200 40 0.141 1047.45 1.46597e-05
200 40 0.151 1028.19 1.4596e-05
200 40 0.161 876.278 1.44786e-05
200 40 0.171 813.07 1.44085e-05
200 40 0.181 716.696 1.42325e-05
200 40 0.191 675.386 1.41654e-05
200 40 0.201 612.85 1.34472e-05
200 40 0.211 591.243 1.37723e-05
200 40 0.221 519.028 1.36318e-05
200 40 0.231 462.445 1.33805e-05
200 40 0.241 410.615 1.29034e-05
200 40 0.251 400.858 1.29898e-05
200 40 0.261 343.979 1.87787e-05
200 40 0.271 302.6 2.01169e-05
200 40 0.281 291.717 1.98038e-05
200 40 0.291 275.316 1.35695e-05
200 40 0.301 234.536 1.38618e-05
200 40 0.311 219.916 1.36624e-05
200 40 0.321 199.394 1.35964e-05
200 40 0.331 176.883 1.33384e-05
200 40 0.341 159.689 1.32749e-05
200 40 0.351 144.884 1.32674e-05
200 40 0.361 131.182 1.32529e-05
200 40 0.371 127.779 1.32306e-05
200 40 0.381 99.4938 1.31638e-05
200 40 0.391 103.862 1.28962e-05
200 40 0.401 90.6028 1.2878e-05
200 40 0.411 84.0841 1.28778e-05
200 40 0.421 73.2079 1.27451e-05
200 40 0.431 72.6026 1.29021e-05
200 40 0.441 64.8772 1.29052e-05
200 40 0.451 61.3327 1.27335e-05
200 40 0.461 54.2678 1.24425e-05
200 40 0.471 53.2845 1.27837e-05
200 40 0.481 48.2054 1.24977e-05
200 40 0.491 42.7494 1.24126e-05
200 40 0.501 43.2615 1.26178e-05
200 40 0.511 34.4661 1.29943e-05
200 40 0.521 37.8826 1.2991e-05
200 40 0.531 35.6007 1.2986e-05
200 40 0.541 34.2074 1.29829e-05
200 40 0.551 30.6225 1.30476e-05
200 40 0.561 29.2995 1.30959e-05
200 40 0.571 28.0851 1.29657e-05
200 40 0.581 28.7606 1.28817e-05
200 40 0.591 27.1582 1.32217e-05
200 40 0.601 25.5303 1.32582e-05
200 40 0.611 24.61 1.32956e-05
200 40 0.621 23.6564 1.32883e-05
200 40 0.631 23.7623 1.32668e-05
200 40 0.641 21.9273 1.32476e-05
200 40 0.651 21.7846 1.32599e-05
200 40 0.661 21.3153 1.33004e-05
200 40 0.671 20.3288 1.32753e-05
200 40 0.681 20.2303 1.32628e-05
200 40 0.691 20.1887 1.32515e-05
200 40 0.701 19.8089 1.33067e-05
200 40 0.711 18.7133 1.33442e-05
200 40 0.721 18.4348 1.33155e-05
200 40 0.731 17.6472 1.32944e-05
200 40 0.741 17.6595 1.2677e-05
200 40 0.751 16.9477 1.24858e-05
200 40 0.761 16.5255 1.24514e-05
200 40 0.771 16.5574 1.2783e-05
200 40 0.781 16.8802 1.30667e-05
200 40 0.791 16.1127 1.31188e-05
200 40 0.801 15.3868 1.31239e-05
200 40 0.811 15.9033 1.3151e-05
200 40 0.821 15.7636 1.31586e-05
200 40 0.831 15.3362 1.31512e-05
200 40 0.841 14.618 1.31286e-05
200 40 0.851 14.3668 1.31494e-05
200 40 0.861 14.6953 1.31653e-05
200 40 0.871 14.0415 1.31383e-05
200 40 0.881 14.245 1.31632e-05
200 40 0.891 14.0006 1.31718e-05
200 40 0.901 13.6664 1.32001e-05
200 40 0.911 13.7982 1.32006e-05
200 40 0.921 13.435 1.31745e-05
200 40 0.931 13.4265 1.28183e-05
200 40 0.941 13.1996 1.27433e-05
200 40 0.951 13.2499 1.2763e-05
200 40 0.961 12.8016 1.26742e-05
200 40 0.971 12.7516 1.26658e-05
200 40 0.981 12.865 1.26922e-05
200 40 0.991 12.4748 1.27216e-05
200 40 1.001 12.4882 1.30031e-05
200 40 1.011 12.1678 1.30158e-05
200 40 1.021 12.2318 1.3022e-05
200 40 1.031 12.0915 1.29994e-05
200 40 1.041 11.9307 1.30033e-05
200 40 1.051 12.111 1.30354e-05
200 40 1.061 11.7233 1.27486e-05
200 40 1.071 11.8217 1.27407e-05
200 40 1.081 11.6905 1.27438e-05
200 40 1.091 11.7297 1.32193e-05
200 40 1.101 11.8921 1.2978e-05
200 40 1.111 11.5539 1.28693e-05
200 40 1.121 11.5742 1.28827e-05
200 40 1.131 11.5863 1.29293e-05
200 40 1.141 11.4753 1.32593e-05
200 40 1.151 11.5925 1.33191e-05
200 40 1.161 11.5381 1.33722e-05
200 40 1.171 11.4167 1.33312e-05
200 40 1.181 11.4754 1.32716e-05
200 40 1.191 11.4512 1.3306e-05
200 40 1.201 11.3833 1.30623e-05
200 40 1.211 11.4445 1.32223e-05
200 40 1.221 11.3419 1.32125e-05
200 40 1.231 11.3501 1.32033e-05
200 40 1.241 11.3522 1.30457e-05
200 40 1.251 11.3243 1.32094e-05
200 40 1.261 11.3505 1.32014e-05
200 40 1.271 11.3148 1.30105e-05
200 40 1.281 11.3087 1.28601e-05
200 40 1.291 11.1936 1.2824e-05
200 40 1.301 11.2111 1.27953e-05
200 40 1.311 11.3118 1.30124e-05
200 40 1.321 11.1594 1.32634e-05
200 40 1.331 11.3313 1.3329e-05
200 40 1.341 11.1698 1.33231e-05
200 40 1.351 11.3078 1.28365e-05
200 40 1.361 11.2709 1.29041e-05
200 40 1.371 11.3614 1.29052e-05
200 40 1.381 11.2449 1.33007e-05
200 40 1.391 11.2453 1.33132e-05
200 40 1.401 11.3027 1.32845e-05
200 40 1.411 11.2419 1.327e-05
200 40 1.421 11.1958 1.32801e-05
200 40 1.431 11.184 1.33233e-05
200 40 1.441 11.2493 1.32875e-05
200 40 1.451 11.2906 1.33154e-05
200 40 1.461 11.2636 1.3326e-05
200 40 1.471 11.3138 1.33008e-05
200 40 1.481 11.33 1.32857e-05
200 40 1.491 11.3264 1.32809e-05
200 40 1.501 11.3036 1.3294e-05
200 40 1.511 11.308 1.32667e-05
200 40 1.521 11.2986 1.32573e-05
200 40 1.531 11.2671 1.30479e-05
200 40 1.541 11.3486 1.35423e-05
200 40 1.551 11.3953 1.31414e-05
200 40 1.561 11.4035 1.30899e-05
200 40 1.571 11.4471 1.31293e-05
200 40 1.581 11.449 1.31991e-05
200 40 1.591 11.5317 1.31963e-05
200 40 1.601 11.4964 1.31318e-05
200 40 1.611 11.4733 1.31341e-05
200 40 1.621 11.4506 1.31556e-05
200 40 1.631 11.5816 1.31874e-05
200 40 1.641 11.6482 1.31338e-05
200 40 1.651 11.5769 1.3112e-05
200 40 1.661 11.561 1.31222e-05
200 40 1.671 11.6573 1.26903e-05
200 40 1.681 11.7572 1.28021e-05
200 40 1.691 11.6908 1.27916e-05
200 40 1.701 11.7352 1.28252e-05
200 40 1.711 11.8087 1.28254e-05
200 40 1.721 11.8686 1.28092e-05
200 40 1.731 11.8793 1.27954e-05
200 40 1.741 11.9261 1.31117e-05
200 40 1.751 11.949 1.31074e-05
200 40 1.761 12.0314 1.31276e-05
200 40 1.771 11.9605 1.31412e-05
200 40 1.781 12.0777 1.31196e-05
200 40 1.791 12.1066 1.29679e-05
200 40 1.801 12.0972 1.29955e-05
200 40 1.811 12.1958 1.29949e-05
200 40 1.821 12.1899 1.27737e-05
200 40 1.831 12.3421 1.26915e-05
200 40 1.841 12.2911 1.26824e-05
200 40 1.851 12.3653 1.26603e-05
200 40 1.861 12.4062 1.26764e-05
200 40 1.871 12.4141 1.29604e-05
200 40 1.881 12.521 1.29967e-05
200 40 1.891 12.562 1.2947e-05
200 40 1.901 12.7145 1.29046e-05
200 40 1.911 12.6737 1.29051e-05
200 40 1.921 12.6789 1.28812e-05
200 40 1.931 12.7575 1.28707e-05
200 40 1.941 12.8636 1.28485e-05
200 40 1.951 12.9092 1.28015e-05
200 40 1.961 12.9114 1.27695e-05
200 40 1.971 13.0025 1.27132e-05
200 40 1.981 13.0401 1.26799e-05
200 40 1.991 13.1045 1.26139e-05
300 10 0.001 1361.5 1.47312e-05
300 10 0.011 1318.12 1.47216e-05
300 10 0.021 1313.99 1.4684e-05
300 10 0.031 1222.29 1.4516e-05
300 10 0.041 1265.71 1.46127e-05
300 10 0.051 1228.68 1.45843e-05
300 10 0.061 1213.95 1.45762e-05
300 10 0.071 1189.48 1.4513e-05
300 10 0.081 1099.83 1.37876e-05
300 10 0.091 1141.44 1.41777e-05
300 10 0.101 1120.02 1.41738e-05
300 10 0.111 1069.92 1.41078e-05
300 10 0.121 1059.47 1.4103e-05
300 10 0.131 1025.08 1.3425e-05
300 10 0.141 996.949 1.31085e-05
300 10 0.151 959.773 1.35936e-05
300 10 0.161 956.58 1.47028e-05
300 10 0.171 942.987 1.46801e-05
300 10 0.181 892.666 1.31712e-05
300 10 0.191 897.401 1.30386e-05
300 10 0.201 838.826 1.29815e-05
300 10 0.211 827.498 1.29673e-05
300 10 0.221 811.299 1.29549e-05
300 10 0.231 775.507 1.35641e-05
300 10 0.241 754.564 1.37333e-05
300 10 0.251 747.349 1.37198e-05
300 10 0.261 717.123 1.33749e-05
300 10 0.271 704.71 1.28874e-05
300 10 0.281 682.343 1.28426e-05
300 10 0.291 655.302 1.3418e-05
300 10 0.301 640.579 1.34512e-05
300 10 0.311 609.315 1.33878e-05
300 10 0.321 593.721 1.33633e-05
300 10 0.331 593.662 1.33957e-05
300 10 0.341 559.758 1.33518e-05
300 10 0.351 561.254 1.33703e-05
300 10 0.361 515.29 1.32659e-05
300 10 0.371 515.35 1.3265e-05
300 10 0.381 489.515 1.32119e-05
300 10 0.391 476.566 1.32233e-05
300 10 0.401 453.512 1.31886e-05
300 10 0.411 454.227 1.31778e-05
300 10 0.421 443 1.26663e-05
300 10 0.431 403.585 1.32288e-05
300 10 0.441 403.621 1.29003e-05
300 10 0.451 394.586 1.29911e-05
300 10 0.461 385.771 1.3409e-05
300 10 0.471 359.003 1.33947e-05
300 10 0.481 349.668 1.31895e-05
300 10 0.491 341.808 1.27357e-05
300 10 0.501 338.383 1.24459e-05
300 10 0.511 319.407 1.29209e-05
300 10 0.521 303.445 1.32787e-05
300 10 0.531 296.237 1.32784e-05
300 10 0.541 284.813 1.32551e-05
300 10 0.551 272.719 1.32082e-05
300 10 0.561 272.984 1.32487e-05
300 10 0.571 255.307 1.32116e-05
300 10 0.581 247.256 1.31977e-05
300 10 0.591 246.393 1.32121e-05
300 10 0.601 239.678 1.31936e-05
300 10 0.611 218.665 1.31655e-05
300 10 0.621 218.293 1.31676e-05
300 10 0.631 210.796 1.31519e-05
300 10 0.641 199.773 1.31098e-05
300 10 0.651 197.203 1.31164e-05
300 10 0.661 186.477 1.31042e-05
300 10 0.671 181.945 1.31091e-05
300 10 0.681 175.674 1.31127e-05
300 10 0.691 170.529 1.31184e-05
300 10 0.701 158.29 1.3062e-05
300 10 0.711 158.681 1.30705e-05
300 10 0.721 155.746 1.27907e-05
300 10 0.731 147.549 1.24628e-05
300 10 0.741 141.175 1.22922e-05
300 10 0.751 138.367 1.2153e-05
300 10 0.761 134.077 1.21494e-05
300 10 0.771 127.257 1.23911e-05
300 10 0.781 123.356 1.25784e-05
300 10 0.791 122.255 1.22723e-05
300 10 0.801 115.66 1.21282e-05
300 10 0.811 111 1.21987e-05
300 10 0.821 112.12 1.24662e-05
300 10 0.831 110.935 1.24829e-05
300 10 0.841 107.447 1.2401e-05
300 10 0.851 102.785 1.2552e-05
300 10 0.861 95.2695 1.24867e-05
300 10 0.871 95.7236 1.25e-05
300 10 0.881 92.1317 1.25047e-05
300 10 0.891 90.7709 1.25331e-05
300 10 0.901 90.3358 1.24983e-05
300 10 0.911 84.9873 1.24898e-05
300 10 0.921 83.8062 1.24873e-05
300 10 0.931 82.5009 1.24963e-05
300 10 0.941 78.3158 1.23428e-05
300 10 0.951 78.317 1.27149e-05
300 10 0.961 76.9349 1.27433e-05
300 10 0.971 75.5354 1.25414e-05
300 10 0.981 73.3803 1.31239e-05
300 10 0.991 71.8168 1.28853e-05
300 10 1.001 68.9579 1.25932e-05
300 10 1.011 68.6232 1.25966e-05
300 10 1.021 66.1982 1.26183e-05
300 10 1.031 66.2375 1.26321e-05
300 10 1.041 63.9617 1.25908e-05
300 10 1.051 63.6138 1.25828e-05
300 10 1.061 63.228 1.26034e-05
300 10 1.071 62.2382 1.26129e-05
300 10 1.081 61.6534 1.25987e-05
300 10 1.091 60.6541 1.25784e-05
300 10 1.101 61.3173 1.2605e-05
300 10 1.111 60.6167 1.26153e-05
300 10 1.121 59.1192 1.25668e-05
300 10 1.131 58.5547 1.2527e-05
300 10 1.141 58.5215 1.26652e-05
300 10 1.151 57.7053 1.26744e-05
300 10 1.161 58.3444 1.25911e-05
300 10 1.171 57.2446 1.26452e-05
300 10 1.181 56.5475 1.24265e-05
300 10 1.191 56.4838 1.24274e-05
300 10 1.201 56.4338 1.2276e-05
300 10 1.211 56.1817 1.2278e-05
300 10 1.221 56.1765 1.22602e-05
300 10 1.231 54.9561 1.24409e-05
300 10 1.241 55.2065 1.24728e-05
300 10 1.251 54.9507 1.24025e-05
300 10 1.261 54.5416 1.2088e-05
300 10 1.271 54.4334 1.20796e-05
300 10 1.281 54.1789 1.20697e-05
300 10 1.291 53.7919 1.20755e-05
300 10 1.301 53.7399 1.24465e-05
300 10 1.311 53.5736 1.24458e-05
300 10 1.321 53.6463 1.24633e-05
300 10 1.331 53.6271 1.21661e-05
300 10 1.341 52.3172 1.21361e-05
300 10 1.351 52.6361 1.22113e-05
300 10 1.361 52.8131 1.22425e-05
300 10 1.371 52.0438 1.23352e-05
300 10 1.381 52.7086 1.2669e-05
300 10 1.391 52.5714 1.26604e-05
300 10 1.401 52.1172 1.2629e-05
300 10 1.411 52.0938 1.26039e-05
300 10 1.421 51.9887 1.25998e-05
300 10 1.431 52.1463 1.2461e-05
300 10 1.441 51.973 1.25994e-05
300 10 1.451 51.9887 1.26769e-05
300 10 1.461 51.4977 1.26319e-05
300 10 1.471 51.407 1.26532e-05
300 10 1.481 50.9337 1.26941e-05
300 10 1.491 51.3267 1.25665e-05
300 10 1.501 50.8482 1.251e-05
300 10 1.511 51.0284 1.25165e-05
300 10 1.521 50.8389 1.28062e-05
300 10 1.531 50.7878 1.28151e-05
300 10 1.541 50.834 1.279e-05
300 10 1.551 50.8946 1.27573e-05
300 10 1.561 50.6277 1.27801e-05
300 10 1.571 50.7917 1.27862e-05
300 10 1.581 50.7386 1.27292e-05
300 10 1.591 50.6271 1.25032e-05
300 10 1.601 50.5698 1.25039e-05
300 10 1.611 50.6815 1.26996e-05
300 10 1.621 50.4743 1.27195e-05
300 10 1.631 50.5675 1.26796e-05
300 10 1.641 50.2441 1.26855e-05
300 10 1.651 50.7165 1.27107e-05
300 10 1.661 50.5223 1.26954e-05
300 10 1.671 50.4564 1.26691e-05
300 10 1.681 50.2142 1.26549e-05
300 10 1.691 50.5454 1.26853e-05
300 10 1.701 50.6688 1.26665e-05
300 10 1.711 50.7146 1.2738e-05
300 10 1.721 50.7685 1.27566e-05
300 10 1.731 50.3179 1.26209e-05
300 10 1.741 50.6936 1.24761e-05
300 10 1.751 50.6409 1.24881e-05
300 10 1.761 50.4124 1.2383e-05
300 10 1.771 50.5969 1.22556e-05
300 10 1.781 50.7643 1.23935e-05
300 10 1.791 50.6283 1.23907e-05
300 10 1.801 50.5577 1.2396e-05
300 10 1.811 50.7466 1.23914e-05
300 10 1.821 50.6056 1.23822e-05
300 10 1.831 50.6287 1.23771e-05
300 10 1.841 50.7412 1.23677e-05
300 10 1.851 50.8477 1.23117e-05
300 10 1.861 50.9337 1.22868e-05
300 10 1.871 50.774 1.25159e-05
300 10 1.881 50.9828 1.23966e-05
300 10 1.891 51.0213 1.23084e-05
300 10 1.901 50.9627 1.23226e-05
300 10 1.911 51.0934 1.23379e-05
300 10 1.921 51.1654 1.23346e-05
300 10 1.931 51.0438 1.23341e-05
300 10 1.941 51.3256 1.22704e-05
300 10 1.951 51.4575 1.22429e-05
300 10 1.961 51.4726 1.22057e-05
300 10 1.971 51.5 1.21687e-05
300 10 1.981 51.5673 1.21431e-05
300 10 1.991 51.7687 1.20645e-05
300 20 0.001 2612.62 1.5235e-05
300 20 0.011 2570.36 1.68853e-05
300 20 0.021 2556.93 1.68788e-05
300 20 0.031 2354.92 1.45003e-05
300 20 0.041 2327.06 1.4227e-05
300 20 0.051 2156.7 1.48192e-05
300 20 0.061 2133.22 1.61855e-05
300 20 0.071 1995.78 1.59063e-05
300 20 0.081 1865.25 1.42261e-05
300 20 0.091 1852.93 1.38177e-05
300 20 0.101 1794.35 1.45007e-05
300 20 0.111 1642.49 1.56539e-05
300 20 0.121 1693.24 1.56459e-05
300 20 0.131 1540.78 1.5431e-05
300 20 0.141 1392.2 1.51837e-05
300 20 0.151 1381.52 1.51434e-05
300 20 0.161 1301.8 1.47691e-05
300 20 0.171 1236.76 1.3555e-05
300 20 0.181 1141.86 1.45742e-05
300 20 0.191 1087.2 1.44921e-05
300 20 0.201 1041.82 1.44272e-05
300 20 0.211 990.619 1.43235e-05
300 20 0.221 904.564 1.40983e-05
300 20 0.231 899.148 1.32443e-05
300 20 0.241 845.152 1.31061e-05
300 20 0.251 801.135 1.30538e-05
300 20 0.261 718.321 1.2967e-05
300 20 0.271 692.729 1.297e-05
300 20 0.281 641.845 1.29198e-05
300 20 0.291 600.214 1.29124e-05
300 20 0.301 560.502 1.3413e-05
300 20 0.311 528.611 1.36228e-05
300 20 0.321 498.059 1.35783e-05
300 20 0.331 490.645 1.35914e-05
300 20 0.341 446.897 1.35212e-05
300 20 0.351 418.81 1.34899e-05
300 20 0.361 417.668 1.35031e-05
300 20 0.371 367.19 1.33654e-05
300 20 0.381 346.052 1.3071e-05
300 20 0.391 308.645 1.28805e-05
300 20 0.401 302.096 1.33044e-05
300 20 0.411 278.249 1.32503e-05
300 20 0.421 256.955 1.31717e-05
300 20 0.431 249.122 1.31587e-05
300 20 0.441 229.776 1.31554e-05
300 20 0.451 214.631 1.31328e-05
300 20 0.461 220.205 1.31606e-05
300 20 0.471 184.544 1.31069e-05
300 20 0.481 185.021 1.31053e-05
300 20 0.491 175.417 1.30735e-05
300 20 0.501 163.412 1.27156e-05
300 20 0.511 148.644 1.27758e-05
300 20 0.521 141.501 1.24218e-05
300 20 0.531 136.023 1.25098e-05
300 20 0.541 124.042 1.24886e-05
300 20 0.551 121.178 1.26216e-05
300 20 0.561 111.997 1.28859e-05
300 20 0.571 110.311 1.28826e-05
300 20 0.581 102.765 1.28896e-05
300 20 0.591 96.8678 1.2869e-05
300 20 0.601 90.4615 1.28719e-05
300 20 0.611 86.3224 1.28955e-05
300 20 0.621 80.5535 1.28546e-05
300 20 0.631 79.1399 1.28174e-05
300 20 0.641 79.0704 1.28555e-05
300 20 0.651 73.8387 1.28477e-05
300 20 0.661 70.3827 1.2875e-05
300 20 0.671 68.568 1.28381e-05
300 20 0.681 65.4669 1.28127e-05
300 20 0.691 61.5959 1.28475e-05
300 20 0.701 61.4433 1.28618e-05
300 20 0.711 59.2806 1.28484e-05
300 20 0.721 56.7392 1.28189e-05
300 20 0.731 53.0688 1.27796e-05
300 20 0.741 55.4086 1.28341e-05
300 20 0.751 52.3664 1.28707e-05
300 20 0.761 50.758 1.28365e-05
300 20 0.771 48.3826 1.27946e-05
300 20 0.781 48.0723 1.27834e-05
300 20 0.791 47.1182 1.28039e-05
300 20 0.801 46.1464 1.28213e-05
300 20 0.811 43.217 1.28089e-05
300 20 0.821 44.4351 1.28109e-05
300 20 0.831 42.6016 1.27988e-05
300 20 0.841 42.0913 1.28366e-05
300 20 0.851 41.7086 1.28525e-05
300 20 0.861 41.1642 1.28033e-05
300 20 0.871 40.5525 1.27877e-05
300 20 0.881 39.9477 1.28308e-05
300 20 0.891 39.0368 1.25115e-05
300 20 0.901 38.8058 1.24475e-05
300 20 0.911 37.8324 1.24364e-05
300 20 0.921 37.8405 1.24683e-05
300 20 0.931 36.4923 1.26325e-05
300 20 0.941 36.9788 1.28195e-05
300 20 0.951 35.6361 1.28328e-05
300 20 0.961 35.7797 1.28141e-05
300 20 0.971 35.2792 1.28045e-05
300 20 0.981 34.5258 1.27919e-05
300 20 0.991 34.2368 1.2813e-05
300 20 1.001 34.2867 1.28032e-05
300 20 1.011 33.1676 1.27678e-05
300 20 1.021 33.8751 1.27626e-05
300 20 1.031 33.1621 1.27721e-05
300 20 1.041 33.036 1.27855e-05
300 20 1.051 32.7727 1.28106e-05
300 20 1.061 32.3655 1.27952e-05
300 20 1.071 32.1514 1.28125e-05
300 20 1.081 31.5446 1.28468e-05
300 20 1.091 31.8206 1.28569e-05
300 20 1.101 31.6586 1.28089e-05
300 20 1.111 31.393 1.28395e-05
300 20 1.121 31.306 1.28561e-05
300 20 1.131 31.4082 1.25125e-05
300 20 1.141 31.2339 1.28122e-05
300 20 1.151 30.7391 1.27829e-05
300 20 1.161 30.647 1.28109e-05
300 20 1.171 30.589 1.28244e-05
300 20 1.181 30.5421 1.28157e-05
300 20 1.191 30.3586 1.27749e-05
300 20 1.201 30.1392 1.27935e-05
300 20 1.211 30.1409 1.28139e-05
300 20 1.221 30.2522 1.2824e-05
300 20 1.231 30.1332 1.27921e-05
300 20 1.241 30.1712 1.28044e-05
300 20 1.251 30.2215 1.28283e-05
300 20 1.261 29.8334 1.28234e-05
300 20 1.271 30.0323 1.282e-05
300 20 1.281 29.6135 1.28577e-05
300 20 1.291 29.6605 1.28755e-05
300 20 1.301 29.6954 1.28528e-05
300 20 1.311 29.5532 1.28503e-05
300 20 1.321 29.4973 1.28369e-05
300 20 1.331 29.4046 1.25869e-05
300 20 1.341 29.3904 1.24536e-05
300 20 1.351 29.6358 1.24999e-05
300 20 1.361 29.5049 1.28455e-05
300 20 1.371 29.2919 1.22447e-05
300 20 1.381 29.3963 1.2589e-05
300 20 1.391 29.147 1.26018e-05
300 20 1.401 29.3041 1.26569e-05
300 20 1.411 29.14 1.26496e-05
300 20 1.421 29.3766 1.2636e-05
300 20 1.431 29.1336 1.26964e-05
300 20 1.441 29.078 1.28225e-05
300 20 1.451 29.2937 1.27788e-05
300 20 1.461 29.1156 1.27548e-05
300 20 1.471 29.1732 1.27877e-05
300 20 1.481 29.1739 1.25951e-05
300 20 1.491 28.8982 1.22503e-05
300 20 1.501 29.1329 1.23046e-05
300 20 1.511 29.2515 1.23727e-05
300 20 1.521 29.075 1.22543e-05
300 20 1.531 29.033 1.24256e-05
300 20 1.541 29.2214 1.25704e-05
300 20 1.551 29.1219 1.25258e-05
300 20 1.561 29.0681 1.25496e-05
300 20 1.571 28.8731 1.2565e-05
300 20 1.581 29.2014 1.25429e-05
300 20 1.591 29.0838 1.25247e-05
300 20 1.601 29.1397 1.23783e-05
300 20 1.611 29.0289 1.24519e-05
300 20 1.621 29.263 1.2523e-05
300 20 1.631 29.3076 1.22779e-05
300 20 1.641 29.3829 1.2284e-05
300 20 1.651 29.3397 1.23935e-05
300 20 1.661 29.4211 1.25402e-05
300 20 1.671 29.5318 1.25332e-05
300 20 1.681 29.4655 1.25083e-05
300 20 1.691 29.6066 1.25151e-05
300 20 1.701 29.6873 1.25538e-05
300 20 1.711 29.4864 1.25318e-05
300 20 1.721 29.6368 1.25254e-05
300 20 1.731 29.5524 1.25143e-05
300 20 1.741 29.6678 1.25301e-05
300 20 1.751 29.7785 1.25192e-05
300 20 1.761 29.8492 1.25187e-05
300 20 1.771 29.8934 1.25005e-05
300 20 1.781 29.9192 1.2504e-05
300 20 1.791 30.0209 1.2483e-05
300 20 1.801 30.1188 1.2483e-05
300 20 1.811 30.1895 1.25018e-05
300 20 1.821 30.1776 1.25068e-05
300 20 1.831 30.3019 1.24779e-05
300 20 1.841 30.4262 1.24381e-05
300 20 1.851 30.3991 1.24754e-05
300 20 1.861 30.53 1.24721e-05
300 20 1.871 30.5646 1.24469e-05
300 20 1.881 30.6548 1.24232e-05
300 20 1.891 30.7132 1.23971e-05
300 20 1.901 30.8192 1.24053e-05
300 20 1.911 31.046 1.24182e-05
300 20 1.921 31.0022 1.24033e-05
300 20 1.931 31.0763 1.23762e-05
300 20 1.941 31.2147 1.25325e-05
300 20 1.951 31.3125 1.23998e-05
300 20 1.961 31.4887 1.23586e-05
300 20 1.971 31.5028 1.23694e-05
300 20 1.981 31.7065 1.23765e-05
300 20 1.991 31.8403 1.23172e-05
300 30 0.001 3907.39 1.63141e-05
300 30 0.011 3714.74 1.61667e-05
300 30 0.021 3478.41 1.56667e-05
300 30 0.031 3327.44 1.5504e-05
300 30 0.041 3166.32 1.53855e-05
300 30 0.051 3049.21 1.52993e-05
300 30 0.061 2814.99 1.50404e-05
300 30 0.071 2500.71 1.47898e-05
300 30 0.081 2419.78 1.49601e-05
300 30 0.091 2307.63 1.46217e-05
300 30 0.101 2058.03 1.44231e-05
300 30 0.111 1944.13 1.43074e-05
300 30 0.121 1817.95 1.56423e-05
300 30 0.131 1668.73 1.53232e-05
300 30 0.141 1570.65 1.39318e-05
300 30 0.151 1395.18 1.44736e-05
300 30 0.161 1313.34 1.5199e-05
300 30 0.171 1232.82 1.50969e-05
300 30 0.181 1097.45 1.40122e-05
300 30 0.191 978.14 1.38452e-05
300 30 0.201 969.495 1.44871e-05
300 30 0.211 821.922 1.4224e-05
300 30 0.221 760.053 1.41341e-05
300 30 0.231 710.705 1.4079e-05
300 30 0.241 649.196 1.39155e-05
300 30 0.251 577.394 1.38383e-05
300 30 0.261 559.983 1.37707e-05
300 30 0.271 494.065 1.3663e-05
300 30 0.281 422.168 1.35511e-05
300 30 0.291 420.905 1.35853e-05
300 30 0.301 376.488 1.34967e-05
300 30 0.311 343.354 1.34227e-05
300 30 0.321 306.918 1.33226e-05
300 30 0.331 305.645 1.33528e-05
300 30 0.341 248.821 1.32973e-05
300 30 0.351 241.431 1.32819e-05
300 30 0.361 226.457 1.32457e-05
300 30 0.371 209.568 1.31934e-05
300 30 0.381 187.908 1.3165e-05
300 30 0.391 167.027 1.31397e-05
300 30 0.401 153.253 1.31528e-05
300 30 0.411 144.027 1.31252e-05
300 30 0.421 131.022 1.30843e-05
300 30 0.431 119.153 1.30728e-05
300 30 0.441 109.673 1.30526e-05
300 30 0.451 108.639 1.30551e-05
300 30 0.461 93.0435 1.30573e-05
300 30 0.471 94.1026 1.30406e-05
300 30 0.481 84.8123 1.30154e-05
300 30 0.491 76.0203 1.29915e-05
300 30 0.501 76.0786 1.302e-05
300 30 0.511 70.6385 1.30223e-05
300 30 0.521 69.1942 1.30311e-05
300 30 0.531 61.9401 1.29956e-05
300 30 0.541 57.0787 1.28009e-05
300 30 0.551 57.262 1.29916e-05
300 30 0.561 57.1483 1.30207e-05
300 30 0.571 53.1163 1.25901e-05
300 30 0.581 49.3982 1.25414e-05
300 30 0.591 46.3831 1.25335e-05
300 30 0.601 47.5766 1.25501e-05
300 30 0.611 46.3046 1.27579e-05
300 30 0.621 43.4863 1.29159e-05
300 30 0.631 41.7309 1.26832e-05
300 30 0.641 41.384 1.24805e-05
300 30 0.651 38.5138 1.24329e-05
300 30 0.661 37.4871 1.24466e-05
300 30 0.671 38.725 1.29666e-05
300 30 0.681 37.0741 1.29623e-05
300 30 0.691 36.188 1.29749e-05
300 30 0.701 35.5958 1.29818e-05
300 30 0.711 34.8015 1.29729e-05
300 30 0.721 33.5194 1.2967e-05
300 30 0.731 33.6087 1.29575e-05
300 30 0.741 33.0723 1.29545e-05
300 30 0.751 32.3075 1.29714e-05
300 30 0.761 32.0745 1.29649e-05
300 30 0.771 30.4865 1.29801e-05
300 30 0.781 30.701 1.29588e-05
300 30 0.791 30.1523 1.30136e-05
300 30 0.801 29.7714 1.30137e-05
300 30 0.811 29.5777 1.30309e-05
300 30 0.821 28.5459 1.29577e-05
300 30 0.831 29.2902 1.26147e-05
300 30 0.841 28.6904 1.27413e-05
300 30 0.851 27.7046 1.32074e-05
300 30 0.861 27.042 1.32437e-05
300 30 0.871 26.9234 1.32054e-05
300 30 0.881 26.7719 1.31816e-05
300 30 0.891 26.4458 1.35621e-05
300 30 0.901 25.875 1.37228e-05
300 30 0.911 26.1035 1.30686e-05
300 30 0.921 26.0099 1.30337e-05
300 30 0.931 25.4636 1.30141e-05
300 30 0.941 24.6605 1.30146e-05
300 30 0.951 25.2773 1.26594e-05
300 30 0.961 24.5157 1.25407e-05
300 30 0.971 24.6306 1.27801e-05
300 30 0.981 23.9913 1.26637e-05
300 30 0.991 24.4254 1.30077e-05
300 30 1.001 24.2298 1.30315e-05
300 30 1.011 23.9541 1.30326e-05
300 30 1.021 23.6384 1.30062e-05
300 30 1.031 22.8611 1.29878e-05
300 30 1.041 23.1739 1.30108e-05
300 30 1.051 22.5984 1.30124e-05
300 30 1.061 22.5884 1.28782e-05
300 30 1.071 22.3806 1.25982e-05
300 30 1.081 22.4703 1.26308e-05
300 30 1.091 22.4999 1.2594e-05
300 30 1.101 22.0943 1.25762e-05
300 30 1.111 22.3337 1.2642e-05
300 30 1.121 22.1304 1.27761e-05
300 30 1.131 22.218 1.29817e-05
300 30 1.141 21.8272 1.28088e-05
300 30 1.151 21.8569 1.28881e-05
300 30 1.161 21.838 1.3062e-05
300 30 1.171 21.8009 1.30539e-05
300 30 1.181 21.6288 1.30356e-05
300 30 1.191 21.7041 1.30437e-05
300 30 1.201 21.389 1.30539e-05
300 30 1.211 21.7392 1.26354e-05
300 30 1.221 21.5001 1.26338e-05
300 30 1.231 21.7509 1.29011e-05
300 30 1.241 21.4531 1.30307e-05
300 30 1.251 21.4829 1.26816e-05
300 30 1.261 21.4022 1.25891e-05
300 30 1.271 21.3695 1.26537e-05
300 30 1.281 21.5196 1.30062e-05
300 30 1.291 21.1209 1.28674e-05
300 30 1.301 21.3346 1.27103e-05
300 30 1.311 21.3237 1.26401e-05
300 30 1.321 21.0295 1.29808e-05
300 30 1.331 21.1459 1.2962e-05
300 30 1.341 21.3462 1.29994e-05
300 30 1.351 21.2541 1.30003e-05
300 30 1.361 21.1167 1.27405e-05
300 30 1.371 21.0481 1.27332e-05
300 30 1.381 21.3139 1.24518e-05
300 30 1.391 21.101 1.26386e-05
300 30 1.401 21.1305 1.29179e-05
300 30 1.411 21.2935 1.2896e-05
300 30 1.421 21.3372 1.29177e-05
300 30 1.431 21.196 1.29488e-05
300 30 1.441 21.2046 1.29374e-05
300 30 1.451 21.2736 1.26846e-05
300 30 1.461 21.1617 1.25884e-05
300 30 1.471 21.1426 1.27257e-05
300 30 1.481 21.2291 1.30214e-05
300 30 1.491 21.2664 1.27733e-05
300 30 1.501 21.1342 1.26881e-05
300 30 1.511 21.2704 1.269e-05
300 30 1.521 21.3124 1.27191e-05
300 30 1.531 21.2722 1.2684e-05
300 30 1.541 21.4367 1.26917e-05
300 30 1.551 21.2025 1.29881e-05
300 30 1.561 21.478 1.25047e-05
300 30 1.571 21.404 1.28114e-05
300 30 1.581 21.2423 1.27829e-05
300 30 1.591 21.3241 1.26893e-05
300 30 1.601 21.3542 1.27322e-05
300 30 1.611 21.3448 1.26742e-05
300 30 1.621 21.4214 1.26208e-05
300 30 1.631 21.4531 1.2626e-05
300 30 1.641 21.6705 1.26911e-05
300 30 1.651 21.6161 1.29036e-05
300 30 1.661 21.6386 1.29014e-05
300 30 1.671 21.6727 1.29405e-05
300 30 1.681 21.865 1.29282e-05
300 30 1.691 21.8428 1.26252e-05
300 30 1.701 21.843 1.28586e-05
300 30 1.711 21.9868 1.28612e-05
300 30 1.721 21.9477 1.28568e-05
300 30 1.731 21.9823 1.28341e-05
300 30 1.741 22.2366 1.28098e-05
300 30 1.751 22.1499 1.28218e-05
300 30 1.761 22.1948 1.28518e-05
300 30 1.771 22.2883 1.25773e-05
300 30 1.781 22.398 1.23144e-05
300 30 1.791 22.3994 1.2368e-05
300 30 1.801 22.4604 1.23821e-05
300 30 1.811 22.6039 1.24992e-05
300 30 1.821 22.6985 1.2549e-05
300 30 1.831 22.6369 1.27589e-05
300 30 1.841 22.7179 1.29925e-05
300 30 1.851 22.8277 1.29542e-05
300 30 1.861 22.863 1.29659e-05
300 30 1.871 23.0136 1.29817e-05
300 30 1.881 22.9756 1.298e-05
300 30 1.891 23.1693 1.29386e-05
300 30 1.901 23.2647 1.29136e-05
300 30 1.911 23.3463 1.29122e-05
300 30 1.921 23.5069 1.29043e-05
300 30 1.931 23.5271 1.29121e-05
300 30 1.941 23.6191 1.28486e-05
300 30 1.951 23.7562 1.27894e-05
300 30 1.961 23.7745 1.27353e-05
300 30 1.971 23.8762 1.27171e-05
300 30 1.981 24.0036 1.26577e-05
300 30 1.991 24.1588 1.25572e-05
300 40 0.001 4678.18 2.13568e-05
300 40 0.011 4425.26 2.09862e-05
300 40 0.021 4116.98 1.98712e-05
300 40 0.031 4001.08 1.90077e-05
300 40 0.041 3782.3 1.58879e-05
300 40 0.051 3502.56 1.56505e-05
300 40 0.061 3221.95 1.67838e-05
300 40 0.071 2902.64 1.82277e-05
300 40 0.081 2721.19 1.79349e-05
300 40 0.091 2417.05 1.73982e-05
300 40 0.101 2362.03 1.72891e-05
300 40 0.111 2190.76 1.69598e-05
300 40 0.121 1962.7 1.65875e-05
300 40 0.131 1805.46 1.63288e-05
300 40 0.141 1711.37 1.54151e-05
300 40 0.151 1600.9 1.37952e-05
300 40 0.161 1347.28 1.35678e-05
300 40 0.171 1327.45 1.35575e-05
300 40 0.181 1199.92 1.34329e-05
300 40 0.191 1067.01 1.3304e-05
300 40 0.201 963.877 1.40308e-05
300 40 0.211 863.475 1.38219e-05
300 40 0.221 799.933 1.38391e-05
300 40 0.231 717.39 1.31419e-05
300 40 0.241 631.744 1.4085e-05
300 40 0.251 607.371 1.36824e-05
300 40 0.261 562.892 1.34102e-05
300 40 0.271 475.694 1.36002e-05
300 40 0.281 440.395 1.34012e-05
300 40 0.291 407.19 1.38081e-05
300 40 0.301 396.507 1.37851e-05
300 40 0.311 349.737 1.36809e-05
300 40 0.321 310.471 1.35998e-05
300 40 0.331 281.078 1.34192e-05
300 40 0.341 241.02 1.34328e-05
300 40 0.351 235.34 1.33391e-05
300 40 0.361 197.624 1.34287e-05
300 40 0.371 200.256 1.32576e-05
300 40 0.381 156.213 1.32214e-05
300 40 0.391 168.928 1.32592e-05
300 40 0.401 134.415 1.32052e-05
300 40 0.411 132.064 1.32073e-05
300 40 0.421 128.479 1.31873e-05
300 40 0.431 113.57 1.31528e-05
300 40 0.441 102.439 1.29992e-05
300 40 0.451 94.9267 1.24785e-05
300 40 0.461 92.1719 1.24902e-05
300 40 0.471 74.8171 1.24508e-05
300 40 0.481 78.1497 1.24906e-05
300 40 0.491 71.7745 1.24595e-05
300 40 0.501 64.2051 1.24532e-05
300 40 0.511 61.7115 1.24561e-05
300 40 0.521 59.8258 1.25653e-05
300 40 0.531 54.0299 1.30554e-05
300 40 0.541 52.8232 1.26088e-05
300 40 0.551 49.996 1.30834e-05
300 40 0.561 46.4714 1.32265e-05
300 40 0.571 44.1189 1.32261e-05
300 40 0.581 45.7573 1.3266e-05
300 40 0.591 40.6081 1.32038e-05
300 40 0.601 38.9151 1.29294e-05
300 40 0.611 37.9349 1.27379e-05
300 40 0.621 36.6244 1.2759e-05
300 40 0.631 38.1567 1.27623e-05
300 40 0.641 34.6102 1.27026e-05
300 40 0.651 33.1321 1.27691e-05
300 40 0.661 32.5454 1.31254e-05
300 40 0.671 31.5121 1.28885e-05
300 40 0.681 31.1033 1.26607e-05
300 40 0.691 29.5358 1.29601e-05
300 40 0.701 29.5378 1.31711e-05
300 40 0.711 29.5014 1.31874e-05
300 40 0.721 27.4953 1.3187e-05
300 40 0.731 27.5831 1.3172e-05
300 40 0.741 27.4826 1.31507e-05
300 40 0.751 26.3265 1.31981e-05
300 40 0.761 26.2726 1.32064e-05
300 40 0.771 25.4734 1.32031e-05
300 40 0.781 25.4317 1.30917e-05
300 40 0.791 24.8434 1.31026e-05
300 40 0.801 24.2398 1.28031e-05
300 40 0.811 23.4119 1.29396e-05
300 40 0.821 23.4823 1.32432e-05
300 40 0.831 23.0085 1.29018e-05
300 40 0.841 22.551 1.27041e-05
300 40 0.851 22.2852 1.27337e-05
300 40 0.861 21.8614 1.29951e-05
300 40 0.871 21.5188 1.27469e-05
300 40 0.881 21.605 1.27014e-05
300 40 0.891 20.7836 1.2756e-05
300 40 0.901 21.1298 1.25287e-05
300 40 0.911 20.2784 1.27181e-05
300 40 0.921 20.2187 1.27692e-05
300 40 0.931 19.8465 1.27191e-05
300 40 0.941 19.7431 1.301e-05
300 40 0.951 19.5216 1.30776e-05
300 40 0.961 19.2554 1.3069e-05
300 40 0.971 19.0919 1.31065e-05
300 40 0.981 18.4874 1.31064e-05
300 40 0.991 18.2035 1.31102e-05
300 40 1.001 18.4073 1.3089e-05
300 40 1.011 18.1298 1.30615e-05
300 40 1.021 17.5302 1.28988e-05
300 40 1.031 17.7975 1.2507e-05
300 40 1.041 17.3018 1.26925e-05
300 40 1.051 17.1964 1.31882e-05
300 40 1.061 17.0365 1.36154e-05
300 40 1.071 17.2115 1.36195e-05
300 40 1.081 17.0118 1.36389e-05
300 40 1.091 16.8037 1.36273e-05
300 40 1.101 16.9436 1.34865e-05
300 40 1.111 16.6221 1.26632e-05
300 40 1.121 16.6868 1.28967e-05
300 40 1.131 16.4046 1.30661e-05
300 40 1.141 16.6584 1.3064e-05
300 40 1.151 16.3828 1.30366e-05
300 40 1.161 16.3452 1.30973e-05
300 40 1.171 16.1786 1.30869e-05
300 40 1.181 16.2613 1.30407e-05
300 40 1.191 16.0369 1.30444e-05
300 40 1.201 16.1562 1.30586e-05
300 40 1.211 16.2681 1.29585e-05
300 40 1.221 16.1715 1.30757e-05
300 40 1.231 16.1508 1.30529e-05
300 40 1.241 15.9509 1.30794e-05
300 40 1.251 15.9036 1.31009e-05
300 40 1.261 15.8798 1.30679e-05
300 40 1.271 16.072 1.28322e-05
300 40 1.281 15.7564 1.26035e-05
300 40 1.291 15.8034 1.26122e-05
300 40 1.301 15.7154 1.30613e-05
300 40 1.311 15.8286 1.31196e-05
300 40 1.321 15.8935 1.31056e-05
300 40 1.331 15.7564 1.31168e-05
300 40 1.341 15.8795 1.2892e-05
300 40 1.351 15.8708 1.27057e-05
300 40 1.361 15.8162 1.29225e-05
300 40 1.371 15.7998 1.25771e-05
300 40 1.381 15.7892 1.28179e-05
300 40 1.391 15.6556 1.27999e-05
300 40 1.401 15.7166 1.26519e-05
300 40 1.411 15.8106 1.2568e-05
300 40 1.421 15.68 1.26032e-05
300 40 1.431 15.7614 1.28544e-05
300 40 1.441 15.7566 1.28045e-05
300 40 1.451 15.7364 1.29332e-05
300 40 1.461 15.7727 1.31599e-05
300 40 1.471 15.7446 1.31629e-05
300 40 1.481 15.6529 1.31883e-05
300 40 1.491 15.8093 1.33714e-05
300 40 1.501 15.8354 1.34125e-05
300 40 1.511 15.8421 1.34323e-05
300 40 1.521 15.8812 1.32739e-05
300 40 1.531 15.8609 1.32994e-05
300 40 1.541 15.7923 1.33292e-05
300 40 1.551 16.0523 1.33054e-05
300 40 1.561 15.9296 1.33906e-05
300 40 1.571 15.9793 1.34176e-05
300 40 1.581 16.0404 1.33947e-05
300 40 1.591 15.9884 1.33808e-05
300 40 1.601 16.0286 1.33976e-05
300 40 1.611 16.0885 1.33821e-05
300 40 1.621 16.1653 1.33663e-05
300 40 1.631 16.163 1.3358e-05
300 40 1.641 16.1983 1.33825e-05
300 40 1.651 16.1504 1.33739e-05
300 40 1.661 16.2764 1.33566e-05
300 40 1.671 16.3534 1.33369e-05
300 40 1.681 16.4664 1.33686e-05
300 40 1.691 16.3907 1.33649e-05
300 40 1.701 16.4205 1.33319e-05
300 40 1.711 16.5469 1.33317e-05
300 40 1.721 16.5343 1.33425e-05
300 40 1.731 16.5985 1.33515e-05
300 40 1.741 16.5693 1.33008e-05
300 40 1.751 16.7212 1.33117e-05
300 40 1.761 16.7719 1.33088e-05
300 40 1.771 16.8779 1.33272e-05
300 40 1.781 16.9648 1.32854e-05
300 40 1.791 16.9308 1.32568e-05
300 40 1.801 16.9603 1.32554e-05
300 40 1.811 17.0704 1.32757e-05
300 40 1.821 17.1535 1.32427e-05
300 40 1.831 17.1618 1.32263e-05
300 40 1.841 17.2517 1.31972e-05
300 40 1.851 17.3038 1.27341e-05
300 40 1.861 17.2522 1.24467e-05
300 40 1.871 17.3933 1.24355e-05
300 40 1.881 17.5576 1.2463e-05
300 40 1.891 17.592 1.2675e-05
300 40 1.901 17.6648 1.28197e-05
300 40 1.911 17.7283 1.28167e-05
300 40 1.921 17.8912 1.28372e-05
300 40 1.931 17.8745 1.2811e-05
300 40 1.941 17.955 1.27706e-05
300 40 1.951 17.9805 1.27201e-05
300 40 1.961 18.1454 1.26978e-05
300 40 1.971 18.1831 1.26501e-05
300 40 1.981 18.2581 1.26043e-05
300 40 1.991 18.3579 1.2579e-05
400 10 0.001 1741.79 1.53712e-05
400 10 0.011 1790.88 1.54874e-05
400 10 0.021 1741.58 1.53607e-05
400 10 0.031 1681.67 1.52394e-05
400 10 0.041 1697.58 1.52713e-05
400 10 0.051 1592.48 1.51061e-05
400 10 0.061 1617.5 1.52017e-05
400 10 0.071 1580.12 1.51175e-05
400 10 0.081 1596.47 1.44177e-05
400 10 0.091 1527.99 1.49066e-05
400 10 0.101 1485.56 1.47979e-05
400 10 0.111 1454.64 1.47501e-05
400 10 0.121 1432.25 1.47232e-05
400 10 0.131 1372.85 1.46549e-05
400 10 0.141 1368.26 1.46463e-05
400 10 0.151 1306.73 1.43585e-05
400 10 0.161 1287.49 1.3183e-05
400 10 0.171 1215.17 1.31106e-05
400 10 0.181 1238.99 1.31371e-05
400 10 0.191 1152.81 1.38448e-05
400 10 0.201 1149.07 1.32671e-05
400 10 0.211 1111.75 1.30249e-05
400 10 0.221 1100.19 1.30755e-05
400 10 0.231 1041.95 1.33324e-05
400 10 0.241 1038.56 1.43534e-05
400 10 0.251 1008.56 1.43808e-05
400 10 0.261 969.863 1.43473e-05
400 10 0.271 930.93 1.42562e-05
400 10 0.281 893.375 1.41819e-05
400 10 0.291 868.847 1.41493e-05
400 10 0.301 850.079 1.41195e-05
400 10 0.311 813.638 1.39385e-05
400 10 0.321 810.201 1.35255e-05
400 10 0.331 747.851 1.27162e-05
400 10 0.341 758.564 1.27223e-05
400 10 0.351 707.272 1.26855e-05
400 10 0.361 709.119 1.26857e-05
400 10 0.371 687.975 1.26609e-05
400 10 0.381 680.634 1.2973e-05
400 10 0.391 643.187 1.29161e-05
400 10 0.401 647.481 1.32184e-05
400 10 0.411 585.285 1.31418e-05
400 10 0.421 601.022 1.33578e-05
400 10 0.431 546.78 1.32297e-05
400 10 0.441 543.838 1.32609e-05
400 10 0.451 528.328 1.32191e-05
400 10 0.461 523.986 1.32478e-05
400 10 0.471 480.695 1.31779e-05
400 10 0.481 464.586 1.31435e-05
400 10 0.491 453.68 1.31171e-05
400 10 0.501 426.926 1.30383e-05
400 10 0.511 431.728 1.30793e-05
400 10 0.521 410.595 1.3075e-05
400 10 0.531 405.809 1.30295e-05
400 10 0.541 389.583 1.29554e-05
400 10 0.551 373.823 1.29296e-05
400 10 0.561 355.934 1.29162e-05
400 10 0.571 351.191 1.29318e-05
400 10 0.581 340.768 1.29493e-05
400 10 0.591 328.909 1.29032e-05
400 10 0.601 321.139 1.28702e-05
400 10 0.611 304.864 1.28544e-05
400 10 0.621 293.978 1.28638e-05
400 10 0.631 279.878 1.28467e-05
400 10 0.641 254.389 1.27701e-05
400 10 0.651 258.406 1.27778e-05
400 10 0.661 254.787 1.27884e-05
400 10 0.671 238.122 1.27947e-05
400 10 0.681 228.206 1.23966e-05
400 10 0.691 231.028 1.25972e-05
400 10 0.701 227.847 1.28086e-05
400 10 0.711 207.486 1.2425e-05
400 10 0.721 200.856 1.23077e-05
400 10 0.731 200.115 1.23105e-05
400 10 0.741 186.996 1.23011e-05
400 10 0.751 187.839 1.26336e-05
400 10 0.761 173.991 1.24827e-05
400 10 0.771 171.892 1.25133e-05
400 10 0.781 164.246 1.29032e-05
400 10 0.791 166.836 1.29433e-05
400 10 0.801 156.363 1.28466e-05
400 10 0.811 156.221 1.27624e-05
400 10 0.821 147.919 1.26809e-05
400 10 0.831 144.796 1.27535e-05
400 10 0.841 137.38 1.2312e-05
400 10 0.851 133.273 1.23493e-05
400 10 0.861 130.089 1.29752e-05
400 10 0.871 132.115 1.29858e-05
400 10 0.881 123.989 1.30142e-05
400 10 0.891 120.744 1.30321e-05
400 10 0.901 117.433 1.29968e-05
400 10 0.911 114.461 1.29812e-05
400 10 0.921 109.36 1.26806e-05
400 10 0.931 110.255 1.26194e-05
400 10 0.941 107.135 1.26252e-05
400 10 0.951 102.993 1.26142e-05
400 10 0.961 106.797 1.2599e-05
400 10 0.971 101.173 1.26343e-05
400 10 0.981 96.6975 1.26254e-05
400 10 0.991 94.288 1.26316e-05
400 10 1.001 91.8829 1.26315e-05
400 10 1.011 91.417 1.24695e-05
400 10 1.021 89.6951 1.25835e-05
400 10 1.031 88.9345 1.26036e-05
400 10 1.041 86.167 1.2632e-05
400 10 1.051 86.1653 1.25292e-05
400 10 1.061 83.7686 1.25474e-05
400 10 1.071 83.5016 1.25622e-05
400 10 1.081 81.8072 1.2592e-05
400 10 1.091 82.2158 1.2563e-05
400 10 1.101 81.2112 1.25542e-05
400 10 1.111 79.6394 1.2547e-05
400 10 1.121 78.5214 1.25616e-05
400 10 1.131 77.2051 1.25685e-05
400 10 1.141 77.2158 1.25429e-05
400 10 1.151 77.855 1.25424e-05
400 10 1.161 76.5047 1.25838e-05
400 10 1.171 76.6305 1.25908e-05
400 10 1.181 75.3309 1.2557e-05
400 10 1.191 75.1297 1.25521e-05
400 10 1.201 74.8761 1.26436e-05
400 10 1.211 74.0349 1.26409e-05
400 10 1.221 74.9778 1.26515e-05
400 10 1.231 74.4819 1.26136e-05
400 10 1.241 74.1368 1.26433e-05
400 10 1.251 73.7399 1.26498e-05
400 10 1.261 72.7566 1.2631e-05
400 10 1.271 72.7745 1.25962e-05
400 10 1.281 72.9316 1.26397e-05
400 10 1.291 71.9048 1.26619e-05
400 10 1.301 71.5198 1.26182e-05
400 10 1.311 71.9464 1.26558e-05
400 10 1.321 71.2048 1.26567e-05
400 10 1.331 71.2382 1.26701e-05
400 10 1.341 70.6559 1.26634e-05
400 10 1.351 70.0985 1.26283e-05
400 10 1.361 70.247 1.26329e-05
400 10 1.371 70.4262 1.26763e-05
400 10 1.381 70.122 1.25423e-05
400 10 1.391 70.294 1.22801e-05
400 10 1.401 69.3682 1.22899e-05
400 10 1.411 69.7709 1.25067e-05
400 10 1.421 68.9568 1.29814e-05
400 10 1.431 69.6209 1.29696e-05
400 10 1.441 69.385 1.2987e-05
400 10 1.451 69.0644 1.2991e-05
400 10 1.461 68.9769 1.29829e-05
400 10 1.471 68.9355 1.29751e-05
400 10 1.481 68.413 1.27145e-05
400 10 1.491 68.3582 1.26005e-05
400 10 1.501 68.1701 1.26308e-05
400 10 1.511 68.3869 1.25969e-05
400 10 1.521 68.5215 1.24971e-05
400 10 1.531 68.1111 1.25728e-05
400 10 1.541 67.7231 1.26649e-05
400 10 1.551 67.8658 1.26417e-05
400 10 1.561 67.7228 1.26165e-05
400 10 1.571 67.6165 1.2641e-05
400 10 1.581 68.1617 1.26666e-05
400 10 1.591 68.0827 1.26365e-05
400 10 1.601 67.6037 1.23613e-05
400 10 1.611 68.0559 1.26727e-05
400 10 1.621 67.8182 1.26406e-05
400 10 1.631 67.8368 1.26437e-05
400 10 1.641 67.6323 1.23917e-05
400 10 1.651 67.3201 1.24634e-05
400 10 1.661 67.6062 1.25484e-05
400 10 1.671 67.4814 1.26998e-05
400 10 1.681 67.7022 1.26444e-05
400 10 1.691 67.6645 1.24777e-05
400 10 1.701 67.6248 1.2738e-05
400 10 1.711 67.5597 1.27357e-05
400 10 1.721 67.5064 1.24688e-05
400 10 1.731 67.6096 1.29375e-05
400 10 1.741 67.1985 1.31359e-05
400 10 1.751 67.6099 1.312e-05
400 10 1.761 67.6083 1.31101e-05
400 10 1.771 67.6498 1.31222e-05
400 10 1.781 67.7683 1.31101e-05
400 10 1.791 67.7769 1.31062e-05
400 10 1.801 68.062 1.31219e-05
400 10 1.811 67.5298 1.31211e-05
400 10 1.821 67.8349 1.31345e-05
400 10 1.831 67.7231 1.31176e-05
400 10 1.841 67.9136 1.30978e-05
400 10 1.851 68.1054 1.31e-05
400 10 1.861 67.99 1.30993e-05
400 10 1.871 68.0205 1.309e-05
400 10 1.881 67.9861 1.31045e-05
400 10 1.891 68.1349 1.31112e-05
400 10 1.901 68.2948 1.27334e-05
400 10 1.911 68.6385 1.22011e-05
400 10 1.921 68.5201 1.23294e-05
400 10 1.931 68.6872 1.22942e-05
400 10 1.941 68.7187 1.22256e-05
400 10 1.951 68.7668 1.22554e-05
400 10 1.961 68.8167 1.21972e-05
400 10 1.971 69.1646 1.22402e-05
400 10 1.981 69.033 1.21634e-05
400 10 1.991 69.2006 1.22211e-05
400 20 0.001 3711.18 1.55254e-05
400 20 0.011 3518.97 1.52849e-05
400 20 0.021 3443.95 1.51967e-05
400 20 0.031 3418.1 1.54447e-05
400 20 0.041 3155.81 1.79368e-05
400 20 0.051 3059.05 1.77845e-05
400 20 0.061 2851 1.74165e-05
400 20 0.071 2739.15 1.7237e-05
400 20 0.081 2613.38 1.70043e-05
400 20 0.091 2503.7 1.68935e-05
400 20 0.101 2355.94 1.5149e-05
400 20 0.111 2338.38 1.4896e-05
400 20 0.121 2111.48 1.4265e-05
400 20 0.131 2077.69 1.42727e-05
400 20 0.141 1988.71 1.52779e-05
400 20 0.151 1828.25 1.58624e-05
400 20 0.161 1790.81 1.57762e-05
400 20 0.171 1644.65 1.55186e-05
400 20 0.181 1547.13 1.53272e-05
400 20 0.191 1490.1 1.52671e-05
400 20 0.201 1426.2 1.51964e-05
400 20 0.211 1345.34 1.43672e-05
400 20 0.221 1298.98 1.36797e-05
400 20 0.231 1178.5 1.37024e-05
400 20 0.241 1128.48 1.46811e-05
400 20 0.251 1041.98 1.39615e-05
400 20 0.261 999.281 1.38303e-05
400 20 0.271 919.845 1.40725e-05
400 20 0.281 880.627 1.40194e-05
400 20 0.291 805.549 1.38607e-05
400 20 0.301 785.079 1.34525e-05
400 20 0.311 754.557 1.39139e-05
400 20 0.321 675 1.36049e-05
400 20 0.331 637.128 1.32873e-05
400 20 0.341 598.915 1.31401e-05
400 20 0.351 555.898 1.30152e-05
400 20 0.361 527.766 1.30035e-05
400 20 0.371 506.542 1.29913e-05
400 20 0.381 441.652 1.31703e-05
400 20 0.391 433.408 1.32752e-05
400 20 0.401 399.116 1.30784e-05
400 20 0.411 382.76 1.31461e-05
400 20 0.421 364.875 1.34209e-05
400 20 0.431 330.866 1.27942e-05
400 20 0.441 319.907 1.28478e-05
400 20 0.451 307.336 1.27429e-05
400 20 0.461 263.497 1.27e-05
400 20 0.471 253.805 1.2579e-05
400 20 0.481 249.78 1.24232e-05
400 20 0.491 227.469 1.23935e-05
400 20 0.501 224.362 1.2393e-05
400 20 0.511 207.974 1.2442e-05
400 20 0.521 195.918 1.24134e-05
400 20 0.531 185.093 1.23563e-05
400 20 0.541 168.115 1.28677e-05
400 20 0.551 160.876 1.23965e-05
400 20 0.561 150.976 1.23399e-05
400 20 0.571 147.533 1.30291e-05
400 20 0.581 141.77 1.30839e-05
400 20 0.591 131.933 1.29884e-05
400 20 0.601 127.455 1.27416e-05
400 20 0.611 123.402 1.27357e-05
400 20 0.621 108.269 1.27082e-05
400 20 0.631 106.533 1.2683e-05
400 20 0.641 104.832 1.26747e-05
400 20 0.651 96.7642 1.2681e-05
400 20 0.661 96.8858 1.26936e-05
400 20 0.671 93.27 1.26723e-05
400 20 0.681 85.3942 1.26606e-05
400 20 0.691 84.8498 1.26424e-05
400 20 0.701 80.9345 1.2673e-05
400 20 0.711 80.3434 1.26804e-05
400 20 0.721 75.7976 1.23138e-05
400 20 0.731 74.4306 1.24118e-05
400 20 0.741 71.1522 1.28992e-05
400 20 0.751 71.4694 1.2954e-05
400 20 0.761 68.7541 1.29577e-05
400 20 0.771 66.6635 1.29061e-05
400 20 0.781 64.9216 1.29085e-05
400 20 0.791 62.7598 1.29177e-05
400 20 0.801 62.559 1.29436e-05
400 20 0.811 61.4446 1.2949e-05
400 20 0.821 59.9819 1.29145e-05
400 20 0.831 58.3546 1.28896e-05
400 20 0.841 56.5042 1.29208e-05
400 20 0.851 54.775 1.29352e-05
400 20 0.861 55.2753 1.29213e-05
400 20 0.871 53.7593 1.23658e-05
400 20 0.881 52.9791 1.2342e-05
400 20 0.891 53.7362 1.26627e-05
400 20 0.901 50.0694 1.26826e-05
400 20 0.911 51.4197 1.26796e-05
400 20 0.921 49.2659 1.26442e-05
400 20 0.931 49.8205 1.26339e-05
400 20 0.941 48.7175 1.26736e-05
400 20 0.951 48.9375 1.26913e-05
400 20 0.961 48.3742 1.26671e-05
400 20 0.971 47.1725 1.26746e-05
400 20 0.981 46.9452 1.26543e-05
400 20 0.991 45.6668 1.29931e-05
400 20 1.001 45.7885 1.29185e-05
400 20 1.011 45.5372 1.26399e-05
400 20 1.021 45.2243 1.30157e-05
400 20 1.031 44.1218 1.28382e-05
400 20 1.041 44.1006 1.27626e-05
400 20 1.051 43.5588 1.23486e-05
400 20 1.061 43.1916 1.25574e-05
400 20 1.071 42.5551 1.24219e-05
400 20 1.081 42.501 1.23327e-05
400 20 1.091 42.6291 1.23281e-05
400 20 1.101 42.2382 1.22753e-05
400 20 1.111 42.402 1.22711e-05
400 20 1.121 41.3751 1.24634e-05
400 20 1.131 42.2064 1.2618e-05
400 20 1.141 41.3675 1.26118e-05
400 20 1.151 40.9374 1.27233e-05
400 20 1.161 41.3753 1.25693e-05
400 20 1.171 40.981 1.26898e-05
400 20 1.181 40.6071 1.26527e-05
400 20 1.191 40.9961 1.2674e-05
400 20 1.201 40.8906 1.26977e-05
400 20 1.211 40.6355 1.2423e-05
400 20 1.221 40.2625 1.25113e-05
400 20 1.231 40.3269 1.29321e-05
400 20 1.241 40.4556 1.297e-05
400 20 1.251 40.4405 1.29706e-05
400 20 1.261 40.1748 1.29457e-05
400 20 1.271 39.9267 1.2958e-05
400 20 1.281 40.0621 1.29779e-05
400 20 1.291 40.1918 1.29883e-05
400 20 1.301 39.6691 1.29523e-05
400 20 1.311 39.6572 1.29627e-05
400 20 1.321 39.8782 1.24355e-05
400 20 1.331 39.6416 1.23156e-05
400 20 1.341 39.8028 1.3071e-05
400 20 1.351 38.9353 1.30933e-05
400 20 1.361 39.3753 1.31148e-05
400 20 1.371 38.9254 1.31191e-05
400 20 1.381 39.0857 1.31116e-05
400 20 1.391 39.3974 1.31065e-05
400 20 1.401 39.2865 1.29708e-05
400 20 1.411 38.9464 1.25481e-05
400 20 1.421 39.1764 1.28082e-05
400 20 1.431 39.1866 1.29098e-05
400 20 1.441 39.163 1.29293e-05
400 20 1.451 38.7484 1.29253e-05
400 20 1.461 38.9449 1.29013e-05
400 20 1.471 38.9422 1.28877e-05
400 20 1.481 39.0269 1.28979e-05
400 20 1.491 38.9508 1.25266e-05
400 20 1.501 38.9185 1.26048e-05
400 20 1.511 39.083 1.23453e-05
400 20 1.521 38.9345 1.24049e-05
400 20 1.531 38.9332 1.2333e-05
400 20 1.541 38.8413 1.23135e-05
400 20 1.551 38.8679 1.2675e-05
400 20 1.561 38.9324 1.25624e-05
400 20 1.571 39.0089 1.26114e-05
400 20 1.581 39.052 1.26358e-05
400 20 1.591 38.9433 1.26529e-05
400 20 1.601 39.2185 1.26254e-05
400 20 1.611 39.0241 1.26078e-05
400 20 1.621 39.2388 1.26339e-05
400 20 1.631 39.3499 1.26378e-05
400 20 1.641 39.2613 1.26069e-05
400 20 1.651 39.3582 1.26032e-05
400 20 1.661 39.3752 1.26202e-05
400 20 1.671 39.2778 1.26258e-05
400 20 1.681 39.4365 1.26065e-05
400 20 1.691 39.3936 1.25843e-05
400 20 1.701 39.635 1.26041e-05
400 20 1.711 39.505 1.25936e-05
400 20 1.721 39.6855 1.25803e-05
400 20 1.731 39.6357 1.25496e-05
400 20 1.741 39.9389 1.24051e-05
400 20 1.751 39.7049 1.22923e-05
400 20 1.761 39.8542 1.22964e-05
400 20 1.771 39.8796 1.26001e-05
400 20 1.781 39.9709 1.25874e-05
400 20 1.791 40.0653 1.26871e-05
400 20 1.801 40.2638 1.27954e-05
400 20 1.811 40.2515 1.27998e-05
400 20 1.821 40.4264 1.25307e-05
400 20 1.831 40.4919 1.25728e-05
400 20 1.841 40.3427 1.32492e-05
400 20 1.851 40.6366 1.26293e-05
400 20 1.861 40.6018 1.26875e-05
400 20 1.871 40.8641 1.26566e-05
400 20 1.881 40.8797 1.26182e-05
400 20 1.891 41.1579 1.25321e-05
400 20 1.901 41.1389 1.2465e-05
400 20 1.911 41.3896 1.24135e-05
400 20 1.921 41.3924 1.26072e-05
400 20 1.931 41.5867 1.25711e-05
400 20 1.941 41.6625 1.25341e-05
400 20 1.951 41.7926 1.24759e-05
400 20 1.961 41.931 1.24648e-05
400 20 1.971 42.0411 1.24154e-05
400 20 1.981 42.1511 1.23519e-05
400 20 1.991 42.3948 1.22554e-05
400 30 0.001 5581.85 2.22226e-05
400 30 0.011 5055.4 2.13198e-05
400 30 0.021 4982.73 1.93601e-05
400 30 0.031 4586.42 1.72021e-05
400 30 0.041 4350.43 1.64663e-05
400 30 0.051 3896.84 1.60803e-05
400 30 0.061 3869.76 1.60621e-05
400 30 0.071 3571.69 1.73444e-05
400 30 0.081 3351.96 1.88627e-05
400 30 0.091 3107.3 1.84433e-05
400 30 0.101 2915.01 1.80792e-05
400 30 0.111 2578.79 1.74771e-05
400 30 0.121 2418.21 1.72224e-05
400 30 0.131 2362.29 1.71782e-05
400 30 0.141 2134.87 1.6804e-05
400 30 0.151 1872.69 1.63154e-05
400 30 0.161 1832.56 1.62139e-05
400 30 0.171 1600.65 1.57928e-05
400 30 0.181 1545.29 1.57156e-05
400 30 0.191 1407.89 1.5498e-05
400 30 0.201 1256.97 1.52528e-05
400 30 0.211 1132.46 1.50196e-05
400 30 0.221 1055.98 1.40899e-05
400 30 0.231 983.791 1.46051e-05
400 30 0.241 905.754 1.44808e-05
400 30 0.251 819.74 1.43558e-05
400 30 0.261 726.974 1.42444e-05
400 30 0.271 659.532 1.40822e-05
400 30 0.281 644.406 1.40584e-05
400 30 0.291 553.769 1.38537e-05
400 30 0.301 512.479 1.38209e-05
400 30 0.311 499.532 1.38237e-05
400 30 0.321 454.057 1.37695e-05
400 30 0.331 393.505 1.3645e-05
400 30 0.341 367.21 1.35615e-05
400 30 0.351 337.621 1.35288e-05
400 30 0.361 310.257 1.34027e-05
400 30 0.371 269.289 1.347e-05
400 30 0.381 249.211 1.28824e-05
400 30 0.391 218.457 1.29138e-05
400 30 0.401 204.296 1.33087e-05
400 30 0.411 180.583 1.32264e-05
400 30 0.421 172.031 1.32422e-05
400 30 0.431 164.446 1.32167e-05
400 30 0.441 156.404 1.28484e-05
400 30 0.451 135.894 1.32106e-05
400 30 0.461 138.78 1.31926e-05
400 30 0.471 122.716 1.30524e-05
400 30 0.481 113.056 1.31657e-05
400 30 0.491 101.66 1.27122e-05
400 30 0.501 107.463 1.29244e-05
400 30 0.511 97.7846 1.30302e-05
400 30 0.521 93.4591 1.27129e-05
400 30 0.531 81.9172 1.28015e-05
400 30 0.541 78.8227 1.2693e-05
400 30 0.551 77.8921 1.27523e-05
400 30 0.561 75.8502 1.31425e-05
400 30 0.571 69.3827 1.31296e-05
400 30 0.581 66.677 1.31036e-05
400 30 0.591 65.7975 1.29732e-05
400 30 0.601 61.9441 1.28671e-05
400 30 0.611 58.7581 1.30566e-05
400 30 0.621 56.8789 1.27302e-05
400 30 0.631 57.3227 1.27978e-05
400 30 0.641 54.3752 1.25077e-05
400 30 0.651 53.9913 1.27289e-05
400 30 0.661 53.3017 1.30859e-05
400 30 0.671 50.6812 1.26546e-05
400 30 0.681 48.5925 1.34025e-05
400 30 0.691 48.8087 1.34075e-05
400 30 0.701 47.2478 1.33865e-05
400 30 0.711 46.0586 1.33868e-05
400 30 0.721 45.0071 1.33833e-05
400 30 0.731 44.8274 1.34037e-05
400 30 0.741 43.871 1.34097e-05
400 30 0.751 42.7282 1.33991e-05
400 30 0.761 42.2336 1.32671e-05
400 30 0.771 41.7897 1.24471e-05
400 30 0.781 41.1407 1.27034e-05
400 30 0.791 40.1306 1.27162e-05
400 30 0.801 40.4365 1.27274e-05
400 30 0.811 39.4817 1.27364e-05
400 30 0.821 37.6636 1.27253e-05
400 30 0.831 38.5105 1.28377e-05
400 30 0.841 37.601 1.29644e-05
400 30 0.851 37.0833 1.29655e-05
400 30 0.861 36.169 1.29279e-05
400 30 0.871 36.1077 1.29453e-05
400 30 0.881 36.1548 1.29228e-05
400 30 0.891 35.4015 1.25853e-05
400 30 0.901 35.1969 1.29187e-05
400 30 0.911 34.5811 1.28438e-05
400 30 0.921 34.3082 1.29179e-05
400 30 0.931 33.6358 1.30774e-05
400 30 0.941 33.5829 1.30736e-05
400 30 0.951 33.0433 1.30649e-05
400 30 0.961 32.5217 1.2974e-05
400 30 0.971 32.6197 1.27356e-05
400 30 0.981 31.7561 1.29617e-05
400 30 0.991 32.0733 1.29803e-05
400 30 1.001 31.9835 1.2937e-05
400 30 1.011 31.1406 1.29615e-05
400 30 1.021 30.4273 1.28104e-05
400 30 1.031 30.7834 1.27023e-05
400 30 1.041 30.3574 1.26895e-05
400 30 1.051 30.3965 1.26765e-05
400 30 1.061 30.2054 1.26981e-05
400 30 1.071 29.9898 1.27902e-05
400 30 1.081 29.6844 1.30139e-05
400 30 1.091 29.6446 1.30034e-05
400 30 1.101 29.5075 1.30653e-05
400 30 1.111 29.1617 1.30673e-05
400 30 1.121 28.9374 1.30396e-05
400 30 1.131 29.4821 1.30116e-05
400 30 1.141 29.2254 1.30389e-05
400 30 1.151 28.9191 1.304e-05
400 30 1.161 28.9827 1.30318e-05
400 30 1.171 28.8324 1.30073e-05
400 30 1.181 28.7052 1.29683e-05
400 30 1.191 28.7248 1.29188e-05
400 30 1.201 28.1952 1.29134e-05
400 30 1.211 28.6291 1.26928e-05
400 30 1.221 28.4116 1.25281e-05
400 30 1.231 28.2098 1.2445e-05
400 30 1.241 28.0806 1.27865e-05
400 30 1.251 27.9528 1.29975e-05
400 30 1.261 28.2188 1.29307e-05
400 30 1.271 28.0411 1.28616e-05
400 30 1.281 27.7627 1.28607e-05
400 30 1.291 27.9203 1.29457e-05
400 30 1.301 28.0996 1.30442e-05
400 30 1.311 27.7686 1.3061e-05
400 30 1.321 27.869 1.27951e-05
400 30 1.331 27.9343 1.31099e-05
400 30 1.341 27.9148 1.30924e-05
400 30 1.351 27.708 1.28187e-05
400 30 1.361 27.7275 1.27343e-05
400 30 1.371 27.34 1.2702e-05
400 30 1.381 27.8693 1.27162e-05
400 30 1.391 27.6983 1.272e-05
400 30 1.401 27.7221 1.27256e-05
400 30 1.411 27.4556 1.31327e-05
400 30 1.421 27.522 1.30252e-05
400 30 1.431 27.6527 1.29329e-05
400 30 1.441 27.5787 1.2876e-05
400 30 1.451 27.5906 1.29374e-05
400 30 1.461 27.5229 1.27858e-05
400 30 1.471 27.6817 1.29364e-05
400 30 1.481 27.6078 1.29154e-05
400 30 1.491 27.7273 1.26285e-05
400 30 1.501 27.4929 1.28252e-05
400 30 1.511 27.5728 1.2992e-05
400 30 1.521 27.4236 1.28557e-05
400 30 1.531 27.6715 1.28837e-05
400 30 1.541 27.6671 1.29415e-05
400 30 1.551 27.8141 1.29471e-05
400 30 1.561 27.8097 1.29142e-05
400 30 1.571 27.7434 1.312e-05
400 30 1.581 27.8888 1.33396e-05
400 30 1.591 27.8399 1.33325e-05
400 30 1.601 27.8191 1.33426e-05
400 30 1.611 27.9031 1.33383e-05
400 30 1.621 27.9857 1.33389e-05
400 30 1.631 27.9199 1.33009e-05
400 30 1.641 28.0316 1.33074e-05
400 30 1.651 28.1128 1.33388e-05
400 30 1.661 28.1714 1.33092e-05
400 30 1.671 28.5483 1.32955e-05
400 30 1.681 28.256 1.3046e-05
400 30 1.691 28.3745 1.27924e-05
400 30 1.701 28.4827 1.27036e-05
400 30 1.711 28.4212 1.28266e-05
400 30 1.721 28.7095 1.29688e-05
400 30 1.731 28.7645 1.29357e-05
400 30 1.741 28.7035 1.28851e-05
400 30 1.751 28.8904 1.27571e-05
400 30 1.761 29.0551 1.29933e-05
400 30 1.771 29.0382 1.28974e-05
400 30 1.781 29.1557 1.27422e-05
400 30 1.791 29.3147 1.27475e-05
400 30 1.801 29.2175 1.28048e-05
400 30 1.811 29.321 1.30717e-05
400 30 1.821 29.4704 1.30815e-05
400 30 1.831 29.4467 1.27897e-05
400 30 1.841 29.5582 1.27486e-05
400 30 1.851 29.735 1.28005e-05
400 30 1.861 29.8897 1.24172e-05
400 30 1.871 29.8682 1.22845e-05
400 30 1.881 30.1043 1.2378e-05
400 30 1.891 30.053 1.26812e-05
400 30 1.901 30.3115 1.26968e-05
400 30 1.911 30.2767 1.24985e-05
400 30 1.921 30.4732 1.2435e-05
400 30 1.931 30.6433 1.24944e-05
400 30 1.941 30.72 1.23219e-05
400 30 1.951 30.7944 1.22981e-05
400 30 1.961 30.9166 1.23096e-05
400 30 1.971 31.0811 1.22798e-05
400 30 1.981 31.2206 1.22804e-05
400 30 1.991 31.3948 1.2266e-05
400 40 0.001 6405.35 1.80007e-05
400 40 0.011 6048.8 2.11228e-05
400 40 0.021 5722.95 2.29899e-05
400 40 0.031 5261.33 1.82475e-05
400 40 0.041 5120.96 1.70442e-05
400 40 0.051 4629.96 2.0027e-05
400 40 0.061 4429.37 2.08453e-05
400 40 0.071 4042.42 2.01312e-05
400 40 0.081 3816.13 1.97404e-05
400 40 0.091 3436 1.90571e-05
400 40 0.101 3348.71 1.88795e-05
400 40 0.111 3029.79 1.83655e-05
400 40 0.121 2811.67 1.65838e-05
400 40 0.131 2577.68 1.4668e-05
400 40 0.141 2350.83 1.61293e-05
400 40 0.151 2131.03 1.55845e-05
400 40 0.161 1914.61 1.5044e-05
400 40 0.171 1713.15 1.39944e-05
400 40 0.181 1701.27 1.39188e-05
400 40 0.191 1410.23 1.36482e-05
400 40 0.201 1384.15 1.36417e-05
400 40 0.211 1202.51 1.48834e-05
400 40 0.221 1059.85 1.41582e-05
400 40 0.231 1030.29 1.39619e-05
400 40 0.241 937.121 1.34055e-05
400 40 0.251 856.732 1.33374e-05
400 40 0.261 767.848 1.41542e-05
400 40 0.271 712.314 1.4862e-05
400 40 0.281 598.591 1.46607e-05
400 40 0.291 529.079 1.40324e-05
400 40 0.301 522.323 1.43847e-05
400 40 0.311 450.908 1.42661e-05
400 40 0.321 434.179 1.42503e-05
400 40 0.331 349.67 1.39542e-05
400 40 0.341 330.447 1.31723e-05
400 40 0.351 315.95 1.33268e-05
400 40 0.361 290.743 1.3533e-05
400 40 0.371 261.478 1.30106e-05
400 40 0.381 229.874 1.29232e-05
400 40 0.391 207.827 1.29112e-05
400 40 0.401 197.703 1.29259e-05
400 40 0.411 178.943 1.28604e-05
400 40 0.421 161.548 1.29163e-05
400 40 0.431 157.787 1.33468e-05
400 40 0.441 143.754 1.3364e-05
400 40 0.451 128.19 1.33364e-05
400 40 0.461 120.174 1.33368e-05
400 40 0.471 110.4 1.30227e-05
400 40 0.481 98.5536 1.30448e-05
400 40 0.491 98.5061 1.33099e-05
400 40 0.501 88.1073 1.31228e-05
400 40 0.511 84.5722 1.28201e-05
400 40 0.521 79.0694 1.30429e-05
400 40 0.531 69.8913 1.32341e-05
400 40 0.541 73.6332 1.32479e-05
400 40 0.551 69.2275 1.32368e-05
400 40 0.561 65.9511 1.32687e-05
400 40 0.571 61.2132 1.3256e-05
400 40 0.581 61.568 1.31234e-05
400 40 0.591 54.2733 1.33511e-05
400 40 0.601 54.8006 1.333e-05
400 40 0.611 51.3124 1.3348e-05
400 40 0.621 49.5208 1.33705e-05
400 40 0.631 48.8144 1.33406e-05
400 40 0.641 47.5543 1.32846e-05
400 40 0.651 43.0772 1.33164e-05
400 40 0.661 44.0571 1.33561e-05
400 40 0.671 42.7223 1.33492e-05
400 40 0.681 41.2549 1.33273e-05
400 40 0.691 40.4364 1.33452e-05
400 40 0.701 39.8622 1.3335e-05
400 40 0.711 39.4046 1.33361e-05
400 40 0.721 37.4433 1.27148e-05
400 40 0.731 37.4006 1.30335e-05
400 40 0.741 36.4803 1.30216e-05
400 40 0.751 35.366 1.32644e-05
400 40 0.761 35.4806 1.33255e-05
400 40 0.771 34.8168 1.33175e-05
400 40 0.781 34.1686 1.32906e-05
400 40 0.791 33.2665 1.32807e-05
400 40 0.801 32.9672 1.33238e-05
400 40 0.811 31.8459 1.33802e-05
400 40 0.821 31.6964 1.33539e-05
400 40 0.831 31.7506 1.33123e-05
400 40 0.841 31.1709 1.33345e-05
400 40 0.851 30.4635 1.33745e-05
400 40 0.861 30.2787 1.33796e-05
400 40 0.871 29.7601 1.33685e-05
400 40 0.881 29.6369 1.29046e-05
400 40 0.891 29.067 1.28264e-05
400 40 0.901 28.1801 1.32008e-05
400 40 0.911 27.9507 1.33953e-05
400 40 0.921 27.1614 1.32175e-05
400 40 0.931 27.276 1.32858e-05
400 40 0.941 27.8003 1.38041e-05
400 40 0.951 27.1598 1.38358e-05
400 40 0.961 26.1623 1.38194e-05
400 40 0.971 26.4809 1.38295e-05
400 40 0.981 25.9827 1.38103e-05
400 40 0.991 25.588 1.38155e-05
400 40 1.001 25.2548 1.38227e-05
400 40 1.011 25.1258 1.38288e-05
400 40 1.021 25.0812 1.38349e-05
400 40 1.031 24.8076 1.38263e-05
400 40 1.041 24.3292 1.38371e-05
400 40 1.051 24.5829 1.38391e-05
400 40 1.061 24.269 1.38472e-05
400 40 1.071 23.8538 1.38412e-05
400 40 1.081 23.7243 1.38419e-05
400 40 1.091 24.0128 1.37977e-05
400 40 1.101 23.3031 1.32163e-05
400 40 1.111 23.6848 1.31321e-05
400 40 1.121 23.1897 1.3276e-05
400 40 1.131 23.3709 1.33154e-05
400 40 1.141 23.133 1.29676e-05
400 40 1.151 23.1437 1.29356e-05
400 40 1.161 23.0642 1.28879e-05
400 40 1.171 23.3843 1.31319e-05
400 40 1.181 22.9922 1.33116e-05
400 40 1.191 22.8672 1.31205e-05
400 40 1.201 22.7157 1.29383e-05
400 40 1.211 22.8975 1.28995e-05
400 40 1.221 22.7833 1.29223e-05
400 40 1.231 22.8991 1.32901e-05
400 40 1.241 22.7298 1.33317e-05
400 40 1.251 22.6983 1.33075e-05
400 40 1.261 22.6032 1.37176e-05
400 40 1.271 22.4583 1.337e-05
400 40 1.281 22.5869 1.28205e-05
400 40 1.291 22.4136 1.284e-05
400 40 1.301 22.3805 1.28222e-05
400 40 1.311 22.4567 1.28076e-05
400 40 1.321 22.6257 1.29471e-05
400 40 1.331 22.214 1.34051e-05
400 40 1.341 22.6634 1.34131e-05
400 40 1.351 22.3431 1.33541e-05
400 40 1.361 22.573 1.33853e-05
400 40 1.371 22.6562 1.32772e-05
400 40 1.381 22.5149 1.26682e-05
400 40 1.391 22.5684 1.26541e-05
400 40 1.401 22.5682 1.26344e-05
400 40 1.411 22.433 1.26498e-05
400 40 1.421 22.7068 1.26333e-05
400 40 1.431 22.5599 1.2701e-05
400 40 1.441 22.4271 1.2691e-05
400 40 1.451 22.4362 1.30874e-05
400 40 1.461 22.4523 1.3313e-05
400 40 1.471 22.5801 1.33539e-05
400 40 1.481 22.408 1.33498e-05
400 40 1.491 22.5949 1.33089e-05
400 40 1.501 22.6574 1.32894e-05
400 40 1.511 22.6719 1.3316e-05
400 40 1.521 22.4344 1.33159e-05
400 40 1.531 22.5883 1.32895e-05
400 40 1.541 22.8544 1.32898e-05
400 40 1.551 22.6291 1.33054e-05
400 40 1.561 22.7338 1.32985e-05
400 40 1.571 22.8877 1.32668e-05
400 40 1.581 22.9101 1.32578e-05
400 40 1.591 22.8677 1.32035e-05
400 40 1.601 22.9354 1.28706e-05
400 40 1.611 22.8615 1.28964e-05
400 40 1.621 23.0287 1.28576e-05
400 40 1.631 23.1225 1.3285e-05
400 40 1.641 23.1489 1.32085e-05
400 40 1.651 23.2007 1.29317e-05
400 40 1.661 23.2342 1.29005e-05
400 40 1.671 23.412 1.29268e-05
400 40 1.681 23.2763 1.29211e-05
400 40 1.691 23.5567 1.2913e-05
400 40 1.701 23.5263 1.29154e-05
400 40 1.711 23.7289 1.29057e-05
400 40 1.721 23.6671 1.28642e-05
400 40 1.731 23.7671 1.2879e-05
400 40 1.741 23.8413 1.28554e-05
400 40 1.751 23.8607 1.28546e-05
400 40 1.761 23.9104 1.28465e-05
400 40 1.771 24.0921 1.28535e-05
400 40 1.781 24.1342 1.28283e-05
400 40 1.791 24.067 1.28263e-05
400 40 1.801 24.3347 1.2816e-05
400 40 1.811 24.4089 1.2809e-05
400 40 1.821 24.4567 1.27884e-05
400 40 1.831 24.5874 1.27948e-05
400 40 1.841 24.6716 1.28139e-05
400 40 1.851 24.7026 1.27683e-05
400 40 1.861 24.8362 1.27564e-05
400 40 1.871 24.8943 1.27557e-05
400 40 1.881 25.036 1.27576e-05
400 40 1.891 25.117 1.27729e-05
400 40 1.901 25.2079 1.27502e-05
400 40 1.911 25.3121 1.27569e-05
400 40 1.921 25.4214 1.27618e-05
400 40 1.931 25.5554 1.27431e-05
400 40 1.941 25.6266 1.27194e-05
400 40 1.951 25.7792 1.27273e-05
400 40 1.961 25.9599 1.27278e-05
400 40 1.971 26.0252 1.27235e-05
400 40 1.981 26.089 1.27198e-05
400 40 1.991 26.2078 1.26326e-05
