200 10 0.001 624.364 1.198e-06
200 10 0.011 614.427 1.3276e-06
200 10 0.021 610.44 1.1805e-06
200 10 0.031 602.548 1.3283e-06
200 10 0.041 605.671 1.6646e-06
200 10 0.051 600.799 1.6031e-06
200 10 0.061 587.423 1.172e-06
200 10 0.071 579.797 1.183e-06
200 10 0.081 575.704 1.1654e-06
200 10 0.091 583.654 1.1672e-06
200 10 0.101 580.143 1.1779e-06
200 10 0.111 578.807 1.4207e-06
200 10 0.121 564.719 1.5694e-06
200 10 0.131 570.925 1.5834e-06
200 10 0.141 561.702 1.5951e-06
200 10 0.151 556.662 1.5797e-06
200 10 0.161 550.226 1.5839e-06
200 10 0.171 543.221 1.5712e-06
200 10 0.181 539.88 1.5677e-06
200 10 0.191 519.14 1.5409e-06
200 10 0.201 535.036 1.5701e-06
200 10 0.211 527.887 1.5626e-06
200 10 0.221 516.712 1.5449e-06
200 10 0.231 503.826 1.5319e-06
200 10 0.241 517.029 1.5562e-06
200 10 0.251 511.938 1.5531e-06
200 10 0.261 500.639 1.5357e-06
200 10 0.271 484.479 1.504e-06
200 10 0.281 484.738 1.5121e-06
200 10 0.291 471.146 1.5022e-06
200 10 0.301 475.215 1.4481e-06
200 10 0.311 481.119 1.153e-06
200 10 0.321 471.933 1.3225e-06
200 10 0.331 466.076 1.5146e-06
200 10 0.341 459.591 1.4054e-06
200 10 0.351 465.552 1.1228e-06
200 10 0.361 449.664 1.1494e-06
200 10 0.371 455.988 1.4936e-06
200 10 0.381 445.17 1.4416e-06
200 10 0.391 437.703 1.4036e-06
200 10 0.401 432.14 1.483e-06
200 10 0.411 433.756 1.238e-06
200 10 0.421 423.862 1.1035e-06
200 10 0.431 428.45 1.1143e-06
200 10 0.441 423.388 1.3586e-06
200 10 0.451 424.18 1.2959e-06
200 10 0.461 413.115 1.4511e-06
200 10 0.471 421.206 1.4862e-06
200 10 0.481 407.971 1.4498e-06
200 10 0.491 400.002 1.4289e-06
200 10 0.501 399.696 1.4615e-06
200 10 0.511 391.223 1.4555e-06
200 10 0.521 389.945 1.4509e-06
200 10 0.531 384.116 1.4279e-06
200 10 0.541 384.234 1.3031e-06
200 10 0.551 380.779 1.4153e-06
200 10 0.561 375.494 1.4406e-06
200 10 0.571 378.049 1.452e-06
200 10 0.581 378.762 1.4486e-06
200 10 0.591 369.491 1.4386e-06
200 10 0.601 364.392 1.1209e-06
200 10 0.611 367.428 1.2278e-06
200 10 0.621 358.254 1.3277e-06
200 10 0.631 353.934 1.3801e-06
200 10 0.641 359.039 1.1023e-06
200 10 0.651 352.689 1.2904e-06
200 10 0.661 350.738 1.4234e-06
200 10 0.671 345.634 1.4533e-06
200 10 0.681 342.354 1.4458e-06
200 10 0.691 340.601 1.455e-06
200 10 0.701 335.807 1.4161e-06
200 10 0.711 332.106 1.4095e-06
200 10 0.721 331.901 1.4138e-06
200 10 0.731 333.527 1.4198e-06
200 10 0.741 330.788 1.4235e-06
200 10 0.751 329.831 1.4348e-06
200 10 0.761 327.181 1.4283e-06
200 10 0.771 324.854 1.43e-06
200 10 0.781 316.159 1.4168e-06
200 10 0.791 320.291 1.298e-06
200 10 0.801 319.959 1.43e-06
200 10 0.811 312.729 1.4144e-06
200 10 0.821 310.989 1.4207e-06
200 10 0.831 311.383 1.429e-06
200 10 0.841 311.833 1.4398e-06
200 10 0.851 312.015 1.1574e-06
200 10 0.861 307.391 1.2867e-06
200 10 0.871 308.363 1.4826e-06
200 10 0.881 303.164 1.4705e-06
200 10 0.891 301.731 1.3579e-06
200 10 0.901 296.852 1.2085e-06
200 10 0.911 299.021 1.3275e-06
200 10 0.921 297.002 1.1376e-06
200 10 0.931 293.438 1.1381e-06
200 10 0.941 291.736 1.1915e-06
200 10 0.951 291.209 1.4648e-06
200 10 0.961 290.544 1.4479e-06
200 10 0.971 289.75 1.2376e-06
200 10 0.981 287.547 1.4682e-06
200 10 0.991 283.437 1.4685e-06
200 10 1.001 287.18 1.4842e-06
200 10 1.011 281.603 1.4747e-06
200 10 1.021 281.834 1.4513e-06
200 10 1.031 279.922 1.3598e-06
200 10 1.041 278.775 1.4344e-06
200 10 1.051 279.633 1.1892e-06
200 10 1.061 275.144 1.4911e-06
200 10 1.071 274.487 1.4843e-06
200 10 1.081 274.742 1.3717e-06
200 10 1.091 275.154 1.1833e-06
200 10 1.101 273.699 1.2149e-06
200 10 1.111 274.598 1.21e-06
200 10 1.121 273.304 1.316e-06
200 10 1.131 272.381 1.3427e-06
200 10 1.141 269.661 1.3071e-06
200 10 1.151 269.181 1.3358e-06
200 10 1.161 270.396 1.5202e-06
200 10 1.171 269.273 1.5106e-06
200 10 1.181 267.394 1.5169e-06
200 10 1.191 269.416 1.5268e-06
200 10 1.201 270.51 1.5428e-06
200 10 1.211 266.088 1.5177e-06
200 10 1.221 268.164 1.5388e-06
200 10 1.231 266.581 1.5537e-06
200 10 1.241 266.452 1.5509e-06
200 10 1.251 264.28 1.5409e-06
200 10 1.261 266.48 1.5541e-06
200 10 1.271 266.33 1.5438e-06
200 10 1.281 263.978 1.5465e-06
200 10 1.291 264.414 1.5424e-06
200 10 1.301 265.475 1.5614e-06
200 10 1.311 262.472 1.4113e-06
200 10 1.321 263.81 1.3605e-06
200 10 1.331 261.786 1.5539e-06
200 10 1.341 261.98 1.559e-06
200 10 1.351 262.219 1.5647e-06
200 10 1.361 261.864 1.5685e-06
200 10 1.371 261.278 1.5711e-06
200 10 1.381 261.886 1.59e-06
200 10 1.391 260.967 1.5922e-06
200 10 1.401 260.322 1.4899e-06
200 10 1.411 261.908 1.4317e-06
200 10 1.421 259.787 1.4172e-06
200 10 1.431 261.362 1.286e-06
200 10 1.441 260.242 1.3627e-06
200 10 1.451 260.459 1.4667e-06
200 10 1.461 260.478 1.2752e-06
200 10 1.471 258.743 1.5146e-06
200 10 1.481 258.392 1.3693e-06
200 10 1.491 259.234 1.3474e-06
200 10 1.501 258.899 1.6187e-06
200 10 1.511 258.403 1.6159e-06
200 10 1.521 257.401 1.3236e-06
200 10 1.531 257.867 1.3048e-06
200 10 1.541 258.398 1.5974e-06
200 10 1.551 258.037 1.3033e-06
200 10 1.561 256.739 1.5069e-06
200 10 1.571 257.061 1.2864e-06
200 10 1.581 257.008 1.4465e-06
200 10 1.591 257.259 1.6166e-06
200 10 1.601 257.087 1.6017e-06
200 10 1.611 256.989 1.6036e-06
200 10 1.621 256.691 1.5948e-06
200 10 1.631 256.769 1.6036e-06
200 10 1.641 256.411 1.4907e-06
200 10 1.651 256.373 1.5388e-06
200 10 1.661 255.923 1.3053e-06
200 10 1.671 256.338 1.2996e-06
200 10 1.681 256.376 1.3688e-06
200 10 1.691 255.901 1.6236e-06
200 10 1.701 255.551 1.6329e-06
200 10 1.711 256.429 1.5065e-06
200 10 1.721 255.651 1.3041e-06
200 10 1.731 256.002 1.3079e-06
200 10 1.741 256.186 1.372e-06
200 10 1.751 255.717 1.3762e-06
200 10 1.761 255.59 1.6296e-06
200 10 1.771 255.708 1.6311e-06
200 10 1.781 254.688 1.5146e-06
200 10 1.791 255.719 1.5284e-06
200 10 1.801 255.026 1.7036e-06
200 10 1.811 254.782 1.678e-06
200 10 1.821 254.713 1.6615e-06
200 10 1.831 254.675 1.6682e-06
200 10 1.841 255.479 1.7092e-06
200 10 1.851 254.951 1.6712e-06
200 10 1.861 254.64 1.6724e-06
200 10 1.871 255.11 1.6718e-06
200 10 1.881 254.405 1.6421e-06
200 10 1.891 254.894 1.6544e-06
200 10 1.901 254.888 1.6587e-06
200 10 1.911 254.906 1.6594e-06
200 10 1.921 255.093 1.6661e-06
200 10 1.931 254.869 1.6629e-06
200 10 1.941 254.577 1.6571e-06
200 10 1.951 254.785 1.644e-06
200 10 1.961 254.621 1.6537e-06
200 10 1.971 254.471 1.4897e-06
200 10 1.981 254.733 1.6591e-06
200 10 1.991 254.706 1.6526e-06
200 20 0.001 1047.5 2.2514e-06
200 20 0.011 1017.98 2.216e-06
200 20 0.021 1050.55 2.2693e-06
200 20 0.031 971.717 2.1673e-06
200 20 0.041 980.819 2.1771e-06
200 20 0.051 985.318 1.5976e-06
200 20 0.061 947.123 1.4173e-06
200 20 0.071 920.116 1.4043e-06
200 20 0.081 907.991 1.4266e-06
200 20 0.091 890.572 1.391e-06
200 20 0.101 849.207 1.3718e-06
200 20 0.111 850.765 1.3731e-06
200 20 0.121 849.049 1.3958e-06
200 20 0.131 798.959 1.338e-06
200 20 0.141 782.657 1.6024e-06
200 20 0.151 791.089 1.7967e-06
200 20 0.161 752.649 1.3203e-06
200 20 0.171 761.159 1.5811e-06
200 20 0.181 738.692 1.8383e-06
200 20 0.191 734.478 1.8452e-06
200 20 0.201 703.976 1.5098e-06
200 20 0.211 688.381 1.7932e-06
200 20 0.221 692.095 1.5008e-06
200 20 0.231 681.738 1.4837e-06
200 20 0.241 665.615 1.5766e-06
200 20 0.251 662.537 1.7573e-06
200 20 0.261 625.643 1.7071e-06
200 20 0.271 621.491 1.7053e-06
200 20 0.281 625.239 1.6073e-06
200 20 0.291 583.422 1.3384e-06
200 20 0.301 589.73 1.2361e-06
200 20 0.311 568.553 1.2075e-06
200 20 0.321 577.145 1.6911e-06
200 20 0.331 541.926 1.2331e-06
200 20 0.341 543.271 1.62e-06
200 20 0.351 528.042 1.6212e-06
200 20 0.361 533.236 1.6315e-06
200 20 0.371 521.251 1.6203e-06
200 20 0.381 498.663 1.5844e-06
200 20 0.391 505.562 1.606e-06
200 20 0.401 496.354 1.609e-06
200 20 0.411 484.523 1.561e-06
200 20 0.421 479.847 1.5645e-06
200 20 0.431 457.74 1.5274e-06
200 20 0.441 453.162 1.5388e-06
200 20 0.451 451.222 1.5253e-06
200 20 0.461 441.214 1.517e-06
200 20 0.471 443.026 1.426e-06
200 20 0.481 421.001 1.1243e-06
200 20 0.491 434.322 1.1421e-06
200 20 0.501 431.065 1.4113e-06
200 20 0.511 419.693 1.5426e-06
200 20 0.521 407.557 1.499e-06
200 20 0.531 405.104 1.5018e-06
200 20 0.541 397.877 1.4961e-06
200 20 0.551 394.053 1.1382e-06
200 20 0.561 385.54 1.2821e-06
200 20 0.571 382.907 1.4553e-06
200 20 0.581 375.2 1.4469e-06
200 20 0.591 362.686 1.4083e-06
200 20 0.601 368.495 1.4389e-06
200 20 0.611 364.487 1.4353e-06
200 20 0.621 361.443 1.4439e-06
200 20 0.631 366.273 1.3908e-06
200 20 0.641 352.158 1.0893e-06
200 20 0.651 345.358 1.3441e-06
200 20 0.661 351.949 1.4218e-06
200 20 0.671 341.82 1.4048e-06
200 20 0.681 334.874 1.3709e-06
200 20 0.691 334.125 1.3957e-06
200 20 0.701 328.125 1.3683e-06
200 20 0.711 333.525 1.3924e-06
200 20 0.721 328.289 1.3913e-06
200 20 0.731 325.734 1.4175e-06
200 20 0.741 319.603 1.2654e-06
200 20 0.751 320.792 1.3927e-06
200 20 0.761 317.091 1.3904e-06
200 20 0.771 309.54 1.3833e-06
200 20 0.781 308 1.3893e-06
200 20 0.791 307.296 1.387e-06
200 20 0.801 305.199 1.3912e-06
200 20 0.811 304.618 1.4005e-06
200 20 0.821 301.256 1.4012e-06
200 20 0.831 298.339 1.1875e-06
200 20 0.841 292.589 1.1244e-06
200 20 0.851 296.692 1.0979e-06
200 20 0.861 292.356 1.3686e-06
200 20 0.871 291.559 1.4149e-06
200 20 0.881 288.65 1.3945e-06
200 20 0.891 287.416 1.392e-06
200 20 0.901 286.394 1.2285e-06
200 20 0.911 282.968 1.2844e-06
200 20 0.921 282.496 1.4044e-06
200 20 0.931 281.61 1.4334e-06
200 20 0.941 278.757 1.4369e-06
200 20 0.951 277.393 1.3349e-06
200 20 0.961 275.607 1.1168e-06
200 20 0.971 274.537 1.1175e-06
200 20 0.981 270.873 1.1338e-06
200 20 0.991 270.409 1.4548e-06
200 20 1.001 271.279 1.4673e-06
200 20 1.011 267.549 1.4191e-06
200 20 1.021 268.016 1.4318e-06
200 20 1.031 265.518 1.4366e-06
200 20 1.041 268.068 1.4522e-06
200 20 1.051 263.928 1.442e-06
200 20 1.061 261.04 1.4302e-06
200 20 1.071 262.783 1.4467e-06
200 20 1.081 261.68 1.4367e-06
200 20 1.091 259.465 1.4427e-06
200 20 1.101 260.248 1.4607e-06
200 20 1.111 257.48 1.4012e-06
200 20 1.121 258.351 1.3956e-06
200 20 1.131 257.443 1.458e-06
200 20 1.141 259.506 1.4678e-06
200 20 1.151 256.349 1.455e-06
200 20 1.161 255.962 1.4521e-06
200 20 1.171 255.984 1.3794e-06
200 20 1.181 255.107 1.4436e-06
200 20 1.191 255.647 1.4964e-06
200 20 1.201 254.506 1.4995e-06
200 20 1.211 252.532 1.4961e-06
200 20 1.221 255.006 1.5114e-06
200 20 1.231 252.16 1.4963e-06
200 20 1.241 253.824 1.5129e-06
200 20 1.251 252.734 1.4324e-06
200 20 1.261 253.068 1.1829e-06
200 20 1.271 251.137 1.4278e-06
200 20 1.281 250.376 1.3751e-06
200 20 1.291 251.575 1.435e-06
200 20 1.301 250.126 1.2585e-06
200 20 1.311 250.204 1.2229e-06
200 20 1.321 250.226 1.512e-06
200 20 1.331 249.026 1.5065e-06
200 20 1.341 248.053 1.5299e-06
200 20 1.351 249.052 1.2966e-06
200 20 1.361 249.152 1.2003e-06
200 20 1.371 248.935 1.2352e-06
200 20 1.381 248.301 1.5501e-06
200 20 1.391 248.532 1.4935e-06
200 20 1.401 246.713 1.525e-06
200 20 1.411 246.621 1.3432e-06
200 20 1.421 247.053 1.3097e-06
200 20 1.431 247.261 1.2477e-06
200 20 1.441 246.069 1.2731e-06
200 20 1.451 245.714 1.2408e-06
200 20 1.461 245.712 1.498e-06
200 20 1.471 246.209 1.5677e-06
200 20 1.481 244.896 1.4162e-06
200 20 1.491 244.242 1.25e-06
200 20 1.501 244.802 1.5916e-06
200 20 1.511 245.762 1.5643e-06
200 20 1.521 244.486 1.5333e-06
200 20 1.531 243.622 1.5335e-06
200 20 1.541 244.847 1.5479e-06
200 20 1.551 243.7 1.5187e-06
200 20 1.561 245.072 1.554e-06
200 20 1.571 244.623 1.5583e-06
200 20 1.581 243.302 1.5986e-06
200 20 1.591 243.593 1.4668e-06
200 20 1.601 243.221 1.5976e-06
200 20 1.611 243.076 1.5642e-06
200 20 1.621 243.176 1.5511e-06
200 20 1.631 243.292 1.5569e-06
200 20 1.641 242.493 1.5583e-06
200 20 1.651 242.478 1.5621e-06
200 20 1.661 242.7 1.5598e-06
200 20 1.671 242.387 1.5874e-06
200 20 1.681 242.314 1.5818e-06
200 20 1.691 242.587 1.5952e-06
200 20 1.701 242.845 1.5845e-06
200 20 1.711 242.737 1.5995e-06
200 20 1.721 242.288 1.601e-06
200 20 1.731 242.961 1.5923e-06
200 20 1.741 243.018 1.5996e-06
200 20 1.751 241.961 1.5913e-06
200 20 1.761 242.561 1.4424e-06
200 20 1.771 242.213 1.2858e-06
200 20 1.781 241.972 1.2681e-06
200 20 1.791 242.531 1.2803e-06
200 20 1.801 241.821 1.4294e-06
200 20 1.811 242.244 1.6129e-06
200 20 1.821 242.095 1.5793e-06
200 20 1.831 241.829 1.5357e-06
200 20 1.841 241.328 1.5235e-06
200 20 1.851 241.433 1.6223e-06
200 20 1.861 241.912 1.6224e-06
200 20 1.871 241.513 1.6164e-06
200 20 1.881 241.198 1.6156e-06
200 20 1.891 241.185 1.617e-06
200 20 1.901 241.68 1.6172e-06
200 20 1.911 241.664 1.6291e-06
200 20 1.921 241.23 1.3046e-06
200 20 1.931 241.273 1.3855e-06
200 20 1.941 241.495 1.6309e-06
200 20 1.951 241.338 1.6318e-06
200 20 1.961 241.164 1.6192e-06
200 20 1.971 241.142 1.62e-06
200 20 1.981 241.433 1.6222e-06
200 20 1.991 241.269 1.6241e-06
200 30 0.001 1415.57 2.7507e-06
200 30 0.011 1382.6 2.703e-06
200 30 0.021 1319.59 2.6405e-06
200 30 0.031 1368.84 2.7223e-06
200 30 0.041 1269.16 2.5897e-06
200 30 0.051 1235.74 2.5418e-06
200 30 0.061 1211.9 2.4955e-06
200 30 0.071 1164.8 2.4625e-06
200 30 0.081 1127.38 2.4078e-06
200 30 0.091 1126.72 2.4122e-06
200 30 0.101 1091.3 2.3618e-06
200 30 0.111 1070.34 1.8393e-06
200 30 0.121 1023.32 1.8282e-06
200 30 0.131 959.922 2.1762e-06
200 30 0.141 962.323 2.1873e-06
200 30 0.151 913.132 2.1227e-06
200 30 0.161 897.323 2.0922e-06
200 30 0.171 850.645 2.0319e-06
200 30 0.181 847.946 2.0388e-06
200 30 0.191 835.074 1.7544e-06
200 30 0.201 810.748 1.8173e-06
200 30 0.211 794.595 1.939e-06
200 30 0.221 765.193 1.8934e-06
200 30 0.231 718.693 1.8283e-06
200 30 0.241 709.147 1.8182e-06
200 30 0.251 700.089 1.8025e-06
200 30 0.261 683.906 1.7845e-06
200 30 0.271 651.88 1.7365e-06
200 30 0.281 634.303 1.7137e-06
200 30 0.291 616.436 1.6953e-06
200 30 0.301 600.093 1.6692e-06
200 30 0.311 584.911 1.6533e-06
200 30 0.321 561.112 1.6205e-06
200 30 0.331 562.906 1.6251e-06
200 30 0.341 545.412 1.6023e-06
200 30 0.351 540.724 1.6036e-06
200 30 0.361 525.822 1.5833e-06
200 30 0.371 520.035 1.5787e-06
200 30 0.381 502.301 1.5552e-06
200 30 0.391 496.587 1.5418e-06
200 30 0.401 485.719 1.532e-06
200 30 0.411 474.595 1.348e-06
200 30 0.421 468.716 1.1363e-06
200 30 0.431 456.586 1.2547e-06
200 30 0.441 444.48 1.1285e-06
200 30 0.451 443.253 1.2426e-06
200 30 0.461 425.905 1.104e-06
200 30 0.471 426.684 1.1149e-06
200 30 0.481 419.526 1.1041e-06
200 30 0.491 419.154 1.1151e-06
200 30 0.501 396.817 1.0841e-06
200 30 0.511 408.234 1.1125e-06
200 30 0.521 392.008 1.1267e-06
200 30 0.531 382.169 1.2393e-06
200 30 0.541 378.592 1.0916e-06
200 30 0.551 367.008 1.0893e-06
200 30 0.561 375.822 1.2384e-06
200 30 0.571 372.28 1.4136e-06
200 30 0.581 360.881 1.3923e-06
200 30 0.591 355.809 1.3871e-06
200 30 0.601 349.242 1.3806e-06
200 30 0.611 347.838 1.3823e-06
200 30 0.621 341.452 1.3556e-06
200 30 0.631 334.007 1.0582e-06
200 30 0.641 341.066 1.0706e-06
200 30 0.651 328.025 1.1394e-06
200 30 0.661 326.457 1.0679e-06
200 30 0.671 322.87 1.0726e-06
200 30 0.681 321.704 1.0912e-06
200 30 0.691 315.51 1.1856e-06
200 30 0.701 314.543 1.0576e-06
200 30 0.711 312.47 1.0593e-06
200 30 0.721 309.125 1.2354e-06
200 30 0.731 300.794 1.0475e-06
200 30 0.741 299.193 1.1227e-06
200 30 0.751 304.318 1.3045e-06
200 30 0.761 299.294 1.1895e-06
200 30 0.771 295.88 1.4127e-06
200 30 0.781 293.895 1.3665e-06
200 30 0.791 291.601 1.3439e-06
200 30 0.801 284.717 1.3508e-06
200 30 0.811 286.686 1.3552e-06
200 30 0.821 285.001 1.3713e-06
200 30 0.831 285.301 1.3675e-06
200 30 0.841 280.674 1.119e-06
200 30 0.851 278.24 1.1344e-06
200 30 0.861 276.966 1.1413e-06
200 30 0.871 272.1 1.0992e-06
200 30 0.881 271.534 1.2845e-06
200 30 0.891 269.991 1.1206e-06
200 30 0.901 270.574 1.0933e-06
200 30 0.911 268.146 1.0697e-06
200 30 0.921 268.132 1.3238e-06
200 30 0.931 263.214 1.3494e-06
200 30 0.941 263.081 1.3623e-06
200 30 0.951 261.834 1.3634e-06
200 30 0.961 260.453 1.3601e-06
200 30 0.971 261.419 1.3754e-06
200 30 0.981 256.544 1.3658e-06
200 30 0.991 256.924 1.3763e-06
200 30 1.001 254.649 1.3721e-06
200 30 1.011 253.37 1.3779e-06
200 30 1.021 252.92 1.3884e-06
200 30 1.031 252.577 1.3962e-06
200 30 1.041 250.246 1.1548e-06
200 30 1.051 251.196 1.2679e-06
200 30 1.061 248.132 1.2964e-06
200 30 1.071 247.295 1.21e-06
200 30 1.081 248.057 1.3951e-06
200 30 1.091 246.331 1.397e-06
200 30 1.101 243.721 1.3945e-06
200 30 1.111 245.555 1.4083e-06
200 30 1.121 242.282 1.4024e-06
200 30 1.131 243.538 1.4171e-06
200 30 1.141 244.662 1.4138e-06
200 30 1.151 244.308 1.2908e-06
200 30 1.161 241.316 1.2183e-06
200 30 1.171 241.79 1.123e-06
200 30 1.181 240.448 1.4038e-06
200 30 1.191 239.439 1.443e-06
200 30 1.201 240.065 1.4431e-06
200 30 1.211 238.814 1.4782e-06
200 30 1.221 240.679 1.3705e-06
200 30 1.231 240.564 1.4937e-06
200 30 1.241 238.373 1.4951e-06
200 30 1.251 237.618 1.4951e-06
200 30 1.261 239.481 1.5284e-06
200 30 1.271 236.873 1.5054e-06
200 30 1.281 237.682 1.315e-06
200 30 1.291 238.509 1.2533e-06
200 30 1.301 235.886 1.1877e-06
200 30 1.311 235.624 1.1844e-06
200 30 1.321 235.319 1.3022e-06
200 30 1.331 236.414 1.4762e-06
200 30 1.341 235.609 1.4801e-06
200 30 1.351 234.657 1.4789e-06
200 30 1.361 234.529 1.4761e-06
200 30 1.371 234.502 1.4785e-06
200 30 1.381 233.331 1.4732e-06
200 30 1.391 234.688 1.503e-06
200 30 1.401 234.396 1.5065e-06
200 30 1.411 233.531 1.5057e-06
200 30 1.421 232.865 1.4939e-06
200 30 1.431 231.98 1.4982e-06
200 30 1.441 231.923 1.4991e-06
200 30 1.451 231.332 1.5157e-06
200 30 1.461 231.285 1.5014e-06
200 30 1.471 232.839 1.5139e-06
200 30 1.481 231.446 1.3608e-06
200 30 1.491 232.115 1.4537e-06
200 30 1.501 231.249 1.5093e-06
200 30 1.511 231.155 1.5259e-06
200 30 1.521 230.95 1.5224e-06
200 30 1.531 230.45 1.5223e-06
200 30 1.541 230.184 1.5256e-06
200 30 1.551 230.671 1.5242e-06
200 30 1.561 231.305 1.5419e-06
200 30 1.571 230.63 1.5371e-06
200 30 1.581 230.571 1.5321e-06
200 30 1.591 230.217 1.5208e-06
200 30 1.601 229.9 1.5259e-06
200 30 1.611 230.033 1.5095e-06
200 30 1.621 229.882 1.5048e-06
200 30 1.631 229.599 1.5216e-06
200 30 1.641 229.703 1.5206e-06
200 30 1.651 229.544 1.3972e-06
200 30 1.661 229.338 1.5771e-06
200 30 1.671 229.519 1.5957e-06
200 30 1.681 229.352 1.5933e-06
200 30 1.691 229.499 1.5865e-06
200 30 1.701 228.843 1.5816e-06
200 30 1.711 228.841 1.4466e-06
200 30 1.721 228.582 1.3873e-06
200 30 1.731 228.624 1.4617e-06
200 30 1.741 229.139 1.458e-06
200 30 1.751 228.796 1.5251e-06
200 30 1.761 228.48 1.4658e-06
200 30 1.771 228.647 1.2304e-06
200 30 1.781 228.586 1.4086e-06
200 30 1.791 229.193 1.5657e-06
200 30 1.801 228.327 1.5758e-06
200 30 1.811 228.115 1.576e-06
200 30 1.821 228.579 1.6096e-06
200 30 1.831 228.76 1.5575e-06
200 30 1.841 228.394 1.2556e-06
200 30 1.851 228.305 1.2364e-06
200 30 1.861 227.881 1.4344e-06
200 30 1.871 228.213 1.5365e-06
200 30 1.881 228.383 1.5506e-06
200 30 1.891 228.07 1.5292e-06
200 30 1.901 228.513 1.5703e-06
200 30 1.911 227.885 1.5952e-06
200 30 1.921 228.354 1.4222e-06
200 30 1.931 227.768 1.5744e-06
200 30 1.941 228.463 1.5731e-06
200 30 1.951 227.797 1.4934e-06
200 30 1.961 227.885 1.601e-06
200 30 1.971 228.234 1.6005e-06
200 30 1.981 228.137 1.6074e-06
200 30 1.991 228.1 1.5892e-06
200 40 0.001 1706.8 3.3339e-06
200 40 0.011 1653.41 3.2593e-06
200 40 0.021 1613.63 3.1731e-06
200 40 0.031 1583.18 3.068e-06
200 40 0.041 1501.89 1.9358e-06
200 40 0.051 1429.84 2.7151e-06
200 40 0.061 1398.54 2.387e-06
200 40 0.071 1362.18 1.8367e-06
200 40 0.081 1289.04 1.7819e-06
200 40 0.091 1243.64 1.74e-06
200 40 0.101 1202.03 2.2911e-06
200 40 0.111 1167.06 1.8757e-06
200 40 0.121 1114.24 2.1327e-06
200 40 0.131 1072.23 1.8847e-06
200 40 0.141 1013.56 1.5699e-06
200 40 0.151 1005.16 2.1943e-06
200 40 0.161 933.432 2.1591e-06
200 40 0.171 911.78 2.122e-06
200 40 0.181 857.838 2.0411e-06
200 40 0.191 843.663 2.0246e-06
200 40 0.201 811.938 1.9744e-06
200 40 0.211 795.494 1.9553e-06
200 40 0.221 760.269 1.9038e-06
200 40 0.231 731.702 1.8756e-06
200 40 0.241 694.567 1.7819e-06
200 40 0.251 700.14 1.3091e-06
200 40 0.261 676.79 1.2904e-06
200 40 0.271 639.374 1.2633e-06
200 40 0.281 630.202 1.4092e-06
200 40 0.291 615.311 1.586e-06
200 40 0.301 581.427 1.2361e-06
200 40 0.311 574.167 1.6103e-06
200 40 0.321 559.48 1.6575e-06
200 40 0.331 542.241 1.6278e-06
200 40 0.341 533.103 1.6276e-06
200 40 0.351 521.517 1.6134e-06
200 40 0.361 512.799 1.5947e-06
200 40 0.371 506.906 1.5896e-06
200 40 0.381 461.827 1.5145e-06
200 40 0.391 478.642 1.5493e-06
200 40 0.401 456.686 1.5122e-06
200 40 0.411 455.558 1.516e-06
200 40 0.421 435.265 1.4924e-06
200 40 0.431 434.2 1.4956e-06
200 40 0.441 422.506 1.4699e-06
200 40 0.451 421.393 1.4795e-06
200 40 0.461 408.002 1.4583e-06
200 40 0.471 406.522 1.462e-06
200 40 0.481 390.225 1.9518e-06
200 40 0.491 380.983 3.077e-06
200 40 0.501 383.592 2.3461e-06
200 40 0.511 372.134 1.4502e-06
200 40 0.521 373.559 1.4658e-06
200 40 0.531 369.543 1.4809e-06
200 40 0.541 355.506 1.4373e-06
200 40 0.551 351.651 1.3369e-06
200 40 0.561 346.356 1.1497e-06
200 40 0.571 339.963 1.3403e-06
200 40 0.581 340.977 1.3507e-06
200 40 0.591 329.869 1.3655e-06
200 40 0.601 331.802 1.3549e-06
200 40 0.611 322.687 1.3458e-06
200 40 0.621 323.115 1.363e-06
200 40 0.631 325.805 1.3443e-06
200 40 0.641 315.925 1.3235e-06
200 40 0.651 314.393 1.3261e-06
200 40 0.661 310.766 1.3264e-06
200 40 0.671 303.741 1.1776e-06
200 40 0.681 301.91 1.0237e-06
200 40 0.691 302.497 1.081e-06
200 40 0.701 298.295 1.3474e-06
200 40 0.711 293.821 1.0481e-06
200 40 0.721 289.25 1.0234e-06
200 40 0.731 289.337 1.0802e-06
200 40 0.741 285.033 1.3165e-06
200 40 0.751 282.959 1.3054e-06
200 40 0.761 280.742 1.1804e-06
200 40 0.771 280.177 1.3155e-06
200 40 0.781 280.892 1.218e-06
200 40 0.791 274.902 1.312e-06
200 40 0.801 267.368 1.3237e-06
200 40 0.811 272.613 1.3295e-06
200 40 0.821 270.316 1.3245e-06
200 40 0.831 267.049 1.322e-06
200 40 0.841 261.427 1.3193e-06
200 40 0.851 259.908 1.3131e-06
200 40 0.861 263.495 1.3569e-06
200 40 0.871 257.308 1.3247e-06
200 40 0.881 258.709 1.0462e-06
200 40 0.891 255.608 1.066e-06
200 40 0.901 253.058 1.0633e-06
200 40 0.911 252.921 1.1566e-06
200 40 0.921 249.913 1.052e-06
200 40 0.931 249.64 1.0642e-06
200 40 0.941 248.602 1.0617e-06
200 40 0.951 247.44 1.0785e-06
200 40 0.961 243.683 1.2127e-06
200 40 0.971 244.117 1.3319e-06
200 40 0.981 243.678 1.0562e-06
200 40 0.991 240.275 1.0467e-06
200 40 1.001 240.07 1.1624e-06
200 40 1.011 235.924 1.5453e-06
200 40 1.021 237.188 1.5402e-06
200 40 1.031 235.088 1.5511e-06
200 40 1.041 234.546 1.5438e-06
200 40 1.051 235.433 1.5497e-06
200 40 1.061 232.494 1.5603e-06
200 40 1.071 232.732 1.5532e-06
200 40 1.081 230.426 1.5462e-06
200 40 1.091 231.781 1.5636e-06
200 40 1.101 231.856 1.5551e-06
200 40 1.111 229.329 1.5499e-06
200 40 1.121 230.547 1.5822e-06
200 40 1.131 229.669 1.586e-06
200 40 1.141 227.589 1.566e-06
200 40 1.151 228.564 1.5672e-06
200 40 1.161 227.423 1.5846e-06
200 40 1.171 227.099 1.5786e-06
200 40 1.181 226.664 1.5814e-06
200 40 1.191 226.84 1.588e-06
200 40 1.201 225.022 1.5737e-06
200 40 1.211 226.105 1.575e-06
200 40 1.221 224.737 1.5967e-06
200 40 1.231 224.657 1.5879e-06
200 40 1.241 224.394 1.5845e-06
200 40 1.251 224.169 1.5762e-06
200 40 1.261 224.607 1.5942e-06
200 40 1.271 222.716 1.5956e-06
200 40 1.281 223.544 1.5973e-06
200 40 1.291 221.927 1.5858e-06
200 40 1.301 222.366 1.5905e-06
200 40 1.311 222.536 1.6138e-06
200 40 1.321 221.609 1.61e-06
200 40 1.331 222.136 1.3504e-06
200 40 1.341 221.501 1.1173e-06
200 40 1.351 222.205 1.3777e-06
200 40 1.361 220.532 1.4078e-06
200 40 1.371 221.404 1.4007e-06
200 40 1.381 220.856 1.416e-06
200 40 1.391 220.838 1.2327e-06
200 40 1.401 220.493 1.1875e-06
200 40 1.411 220.122 1.1332e-06
200 40 1.421 219.133 1.1338e-06
200 40 1.431 218.849 1.138e-06
200 40 1.441 219.485 1.2361e-06
200 40 1.451 219.549 1.4542e-06
200 40 1.461 217.845 1.4597e-06
200 40 1.471 218.722 1.4698e-06
200 40 1.481 218.897 1.4774e-06
200 40 1.491 218.334 1.4799e-06
200 40 1.501 217.747 1.4768e-06
200 40 1.511 217.369 1.4705e-06
200 40 1.521 218.231 1.3711e-06
200 40 1.531 217.374 1.4737e-06
200 40 1.541 217.569 1.504e-06
200 40 1.551 217.15 1.4675e-06
200 40 1.561 216.335 1.4153e-06
200 40 1.571 216.875 1.2012e-06
200 40 1.581 216.745 1.2732e-06
200 40 1.591 217.427 1.4832e-06
200 40 1.601 216.991 1.4823e-06
200 40 1.611 217.106 1.191e-06
200 40 1.621 215.917 1.1962e-06
200 40 1.631 216.945 1.3343e-06
200 40 1.641 216.982 1.4705e-06
200 40 1.651 216.192 1.4658e-06
200 40 1.661 215.589 1.4603e-06
200 40 1.671 215.59 1.4665e-06
200 40 1.681 216.537 1.4779e-06
200 40 1.691 215.487 1.442e-06
200 40 1.701 215.544 1.4777e-06
200 40 1.711 215.854 1.4779e-06
200 40 1.721 215.568 1.3804e-06
200 40 1.731 215.849 1.4136e-06
200 40 1.741 215.405 1.4716e-06
200 40 1.751 215.28 1.4776e-06
200 40 1.761 215.214 1.4779e-06
200 40 1.771 215.548 1.4825e-06
200 40 1.781 215.161 1.511e-06
200 40 1.791 215.199 1.2216e-06
200 40 1.801 214.971 1.2043e-06
200 40 1.811 215.275 1.1776e-06
200 40 1.821 214.657 1.2695e-06
200 40 1.831 215.549 1.2188e-06
200 40 1.841 215.164 1.2273e-06
200 40 1.851 215.137 1.192e-06
200 40 1.861 214.51 1.1931e-06
200 40 1.871 214.748 1.3649e-06
200 40 1.881 215.001 1.4878e-06
200 40 1.891 215.316 1.4735e-06
200 40 1.901 215.238 1.4837e-06
200 40 1.911 214.662 1.4789e-06
200 40 1.921 214.876 1.4729e-06
200 40 1.931 214.704 1.4749e-06
200 40 1.941 214.706 1.4741e-06
200 40 1.951 214.68 1.2557e-06
200 40 1.961 214.699 1.1949e-06
200 40 1.971 214.717 1.185e-06
200 40 1.981 214.586 1.1898e-06
200 40 1.991 214.783 1.1772e-06
300 10 0.001 960.873 1.5579e-06
300 10 0.011 943.09 1.5615e-06
300 10 0.021 946.455 1.8673e-06
300 10 0.031 906.616 2.1933e-06
300 10 0.041 931.661 2.1338e-06
300 10 0.051 918.927 1.8048e-06
300 10 0.061 916.881 2.2217e-06
300 10 0.071 910.106 2.2004e-06
300 10 0.081 868.836 2.1462e-06
300 10 0.091 894.484 2.1843e-06
300 10 0.101 892.424 2.1844e-06
300 10 0.111 871.784 2.1529e-06
300 10 0.121 870.061 2.1486e-06
300 10 0.131 861.186 2.1399e-06
300 10 0.141 847.255 2.1223e-06
300 10 0.151 834.866 2.1094e-06
300 10 0.161 840.74 1.7843e-06
300 10 0.171 837.92 1.6629e-06
300 10 0.181 817.334 1.9718e-06
300 10 0.191 822.847 1.5257e-06
300 10 0.201 795.808 1.6109e-06
300 10 0.211 796.421 2.0805e-06
300 10 0.221 789.978 2.0769e-06
300 10 0.231 776.085 1.7054e-06
300 10 0.241 771.972 1.4966e-06
300 10 0.251 767.903 1.4799e-06
300 10 0.261 762.305 1.9427e-06
300 10 0.271 758.903 2.0477e-06
300 10 0.281 748.866 1.7444e-06
300 10 0.291 739.384 1.4966e-06
300 10 0.301 731.744 1.486e-06
300 10 0.311 717.21 1.869e-06
300 10 0.321 711.97 1.9963e-06
300 10 0.331 719.792 2.0096e-06
300 10 0.341 704.498 1.9933e-06
300 10 0.351 707.506 2.0119e-06
300 10 0.361 686.091 1.9599e-06
300 10 0.371 690.583 1.7635e-06
300 10 0.381 672.685 1.4564e-06
300 10 0.391 672.911 1.6069e-06
300 10 0.401 655.815 1.6531e-06
300 10 0.411 660.618 1.7308e-06
300 10 0.421 661.729 1.4346e-06
300 10 0.431 639.05 1.6527e-06
300 10 0.441 640.614 1.4309e-06
300 10 0.451 640.343 1.4378e-06
300 10 0.461 640.314 1.4286e-06
300 10 0.471 618.578 1.4107e-06
300 10 0.481 613.098 1.4058e-06
300 10 0.491 615.51 1.4128e-06
300 10 0.501 617.874 1.4244e-06
300 10 0.511 604.139 1.8411e-06
300 10 0.521 591.202 1.8632e-06
300 10 0.531 593.74 1.8808e-06
300 10 0.541 586.687 1.8732e-06
300 10 0.551 578.462 1.6745e-06
300 10 0.561 582.896 1.7467e-06
300 10 0.571 570.205 1.5638e-06
300 10 0.581 567.508 1.4059e-06
300 10 0.591 566.936 1.4109e-06
300 10 0.601 566.255 1.4108e-06
300 10 0.611 549.393 1.3992e-06
300 10 0.621 551.492 1.4085e-06
300 10 0.631 546.838 1.4079e-06
300 10 0.641 540.684 1.4058e-06
300 10 0.651 543.469 1.4211e-06
300 10 0.661 532.156 1.4102e-06
300 10 0.671 532.111 1.4076e-06
300 10 0.681 524.448 1.4048e-06
300 10 0.691 521.535 1.4102e-06
300 10 0.701 510.579 1.8011e-06
300 10 0.711 514.207 1.9055e-06
300 10 0.721 511.673 2.0282e-06
300 10 0.731 508.608 1.6168e-06
300 10 0.741 501.24 1.7478e-06
300 10 0.751 498.029 1.512e-06
300 10 0.761 495.766 1.4296e-06
300 10 0.771 489.886 1.9038e-06
300 10 0.781 484.078 1.8118e-06
300 10 0.791 488.806 1.4203e-06
300 10 0.801 479.104 1.4148e-06
300 10 0.811 474.456 1.4173e-06
300 10 0.821 477.416 1.4248e-06
300 10 0.831 482.019 1.7435e-06
300 10 0.841 478.962 1.8837e-06
300 10 0.851 471.323 1.8905e-06
300 10 0.861 458.085 1.846e-06
300 10 0.871 462.073 1.8793e-06
300 10 0.881 461.159 1.7959e-06
300 10 0.891 455.352 1.4409e-06
300 10 0.901 460.619 1.4787e-06
300 10 0.911 453.709 1.5846e-06
300 10 0.921 448.255 1.5233e-06
300 10 0.931 445.823 1.7448e-06
300 10 0.941 444.234 1.8741e-06
300 10 0.951 442.938 1.8488e-06
300 10 0.961 442.162 1.7344e-06
300 10 0.971 439.924 1.9367e-06
300 10 0.981 438.344 1.9526e-06
300 10 0.991 434.541 1.9299e-06
300 10 1.001 430.907 1.9181e-06
300 10 1.011 433.377 1.9454e-06
300 10 1.021 426.121 1.9156e-06
300 10 1.031 428.056 1.9502e-06
300 10 1.041 422.499 1.9241e-06
300 10 1.051 422.752 1.9362e-06
300 10 1.061 421.675 1.9527e-06
300 10 1.071 418.419 1.9504e-06
300 10 1.081 418.182 1.9591e-06
300 10 1.091 418.967 1.967e-06
300 10 1.101 419.802 1.9754e-06
300 10 1.111 419.689 1.9876e-06
300 10 1.121 414.446 1.9759e-06
300 10 1.131 413.285 1.9646e-06
300 10 1.141 413.307 2.0008e-06
300 10 1.151 412.346 1.9866e-06
300 10 1.161 416.45 2.0053e-06
300 10 1.171 410.718 1.9962e-06
300 10 1.181 410.954 2.0063e-06
300 10 1.191 409.374 2.0077e-06
300 10 1.201 409.597 2.0358e-06
300 10 1.211 409.475 2.0298e-06
300 10 1.221 407.487 2.0311e-06
300 10 1.231 405.147 2.0154e-06
300 10 1.241 407.361 2.0324e-06
300 10 1.251 407.113 2.0504e-06
300 10 1.261 404.145 1.8626e-06
300 10 1.271 405.63 2.0727e-06
300 10 1.281 403.884 2.0411e-06
300 10 1.291 402.42 2.034e-06
300 10 1.301 402.44 2.0654e-06
300 10 1.311 402.111 2.0684e-06
300 10 1.321 403.317 2.089e-06
300 10 1.331 403.138 2.075e-06
300 10 1.341 399.021 2.076e-06
300 10 1.351 400.89 2.0708e-06
300 10 1.361 399.672 2.0871e-06
300 10 1.371 398.957 2.0055e-06
300 10 1.381 399.597 1.6355e-06
300 10 1.391 399.148 1.9146e-06
300 10 1.401 398.948 2.0837e-06
300 10 1.411 398.443 1.728e-06
300 10 1.421 396.514 1.788e-06
300 10 1.431 398.826 1.7589e-06
300 10 1.441 396.639 1.6473e-06
300 10 1.451 397.428 1.6652e-06
300 10 1.461 395.545 2.0069e-06
300 10 1.471 395.621 2.0016e-06
300 10 1.481 393.677 2.158e-06
300 10 1.491 394.206 1.9437e-06
300 10 1.501 392.106 2.1215e-06
300 10 1.511 394.117 2.1094e-06
300 10 1.521 391.421 2.0958e-06
300 10 1.531 392.559 2.1072e-06
300 10 1.541 393.258 2.1257e-06
300 10 1.551 391.892 2.1253e-06
300 10 1.561 392.105 2.1238e-06
300 10 1.571 392.998 1.7341e-06
300 10 1.581 391.707 1.721e-06
300 10 1.591 391.436 2.044e-06
300 10 1.601 392.018 2.1856e-06
300 10 1.611 390.809 2.1814e-06
300 10 1.621 390.661 2.1771e-06
300 10 1.631 389.909 2.181e-06
300 10 1.641 390.324 2.1928e-06
300 10 1.651 390.394 1.7647e-06
300 10 1.661 391.204 2.1646e-06
300 10 1.671 389.608 2.1923e-06
300 10 1.681 389.449 1.9849e-06
300 10 1.691 391.448 2.1681e-06
300 10 1.701 390.988 2.1494e-06
300 10 1.711 389.986 2.1409e-06
300 10 1.721 389.915 2.1423e-06
300 10 1.731 388.593 2.1497e-06
300 10 1.741 389.269 2.1432e-06
300 10 1.751 389.802 1.9962e-06
300 10 1.761 389.454 1.7537e-06
300 10 1.771 389 1.7313e-06
300 10 1.781 390.276 1.804e-06
300 10 1.791 388.95 2.2342e-06
300 10 1.801 389.204 2.1975e-06
300 10 1.811 389.129 2.1901e-06
300 10 1.821 388.39 2.2057e-06
300 10 1.831 388.195 2.2362e-06
300 10 1.841 388.235 2.2325e-06
300 10 1.851 389.077 2.2474e-06
300 10 1.861 388.815 2.2468e-06
300 10 1.871 387.378 2.2269e-06
300 10 1.881 388.569 2.2539e-06
300 10 1.891 388.572 2.254e-06
300 10 1.901 388.673 2.2512e-06
300 10 1.911 388.042 2.2493e-06
300 10 1.921 387.849 2.2434e-06
300 10 1.931 387.847 1.9191e-06
300 10 1.941 388.451 2.2286e-06
300 10 1.951 388.734 2.2526e-06
300 10 1.961 387.985 2.2444e-06
300 10 1.971 388.115 2.2495e-06
300 10 1.981 387.958 2.244e-06
300 10 1.991 387.874 2.2425e-06
300 20 0.001 1583.01 3.1283e-06
300 20 0.011 1583.14 3.134e-06
300 20 0.021 1594.56 3.1672e-06
300 20 0.031 1513.77 3.0543e-06
300 20 0.041 1519.15 3.0648e-06
300 20 0.051 1459.59 2.9836e-06
300 20 0.061 1464.63 2.9098e-06
300 20 0.071 1413.58 2.2598e-06
300 20 0.081 1357.54 2.8264e-06
300 20 0.091 1378.62 2.8646e-06
300 20 0.101 1364.24 2.8533e-06
300 20 0.111 1288.95 2.7376e-06
300 20 0.121 1351.77 2.8374e-06
300 20 0.131 1292.41 2.751e-06
300 20 0.141 1216.98 2.6346e-06
300 20 0.151 1227.92 2.6493e-06
300 20 0.161 1207.15 2.6344e-06
300 20 0.171 1183.4 2.602e-06
300 20 0.181 1137.18 2.5447e-06
300 20 0.191 1113.22 2.5188e-06
300 20 0.201 1110.16 2.5255e-06
300 20 0.211 1092.93 2.5025e-06
300 20 0.221 1050.79 2.4484e-06
300 20 0.231 1064.09 2.4523e-06
300 20 0.241 1030.87 2.4162e-06
300 20 0.251 1020.75 2.4143e-06
300 20 0.261 979.446 2.3575e-06
300 20 0.271 975.953 2.3399e-06
300 20 0.281 951.032 2.3072e-06
300 20 0.291 929.142 2.2856e-06
300 20 0.301 898.903 2.2421e-06
300 20 0.311 889.664 2.2226e-06
300 20 0.321 876.93 2.2018e-06
300 20 0.331 882.786 2.2242e-06
300 20 0.341 852.313 2.1868e-06
300 20 0.351 833.286 2.1621e-06
300 20 0.361 843.482 2.1805e-06
300 20 0.371 810.496 2.1402e-06
300 20 0.381 805.573 2.15e-06
300 20 0.391 777.048 2.1081e-06
300 20 0.401 755.831 2.0765e-06
300 20 0.411 749.579 2.0633e-06
300 20 0.421 725.45 2.0326e-06
300 20 0.431 730.849 2.0592e-06
300 20 0.441 709.042 1.9775e-06
300 20 0.451 700.682 1.5065e-06
300 20 0.461 713.703 1.5463e-06
300 20 0.471 673.751 1.5026e-06
300 20 0.481 674.748 1.5161e-06
300 20 0.491 674.454 1.5177e-06
300 20 0.501 646.923 1.498e-06
300 20 0.511 639.557 1.4852e-06
300 20 0.521 633.847 1.4856e-06
300 20 0.531 630.063 1.4534e-06
300 20 0.541 606.08 1.4248e-06
300 20 0.551 612.397 1.4403e-06
300 20 0.561 602.347 1.438e-06
300 20 0.571 592.251 1.774e-06
300 20 0.581 590.359 1.9349e-06
300 20 0.591 579.582 1.9181e-06
300 20 0.601 572.521 1.9054e-06
300 20 0.611 566.068 1.9047e-06
300 20 0.621 551.569 1.8742e-06
300 20 0.631 547.701 1.8734e-06
300 20 0.641 548.97 1.8887e-06
300 20 0.651 541.025 1.8842e-06
300 20 0.661 528.044 1.8751e-06
300 20 0.671 530.754 1.8736e-06
300 20 0.681 526.754 1.8843e-06
300 20 0.691 520.388 1.8926e-06
300 20 0.701 519.77 1.4743e-06
300 20 0.711 510.585 1.42e-06
300 20 0.721 505.102 1.676e-06
300 20 0.731 497.114 1.8505e-06
300 20 0.741 504.399 1.8659e-06
300 20 0.751 494.991 1.8395e-06
300 20 0.761 487.15 1.8333e-06
300 20 0.771 480.817 1.8387e-06
300 20 0.781 483.868 1.8518e-06
300 20 0.791 478.501 1.8476e-06
300 20 0.801 474.699 1.8558e-06
300 20 0.811 458.544 1.7938e-06
300 20 0.821 467.729 1.8211e-06
300 20 0.831 461.103 1.8392e-06
300 20 0.841 460.02 1.8375e-06
300 20 0.851 454.357 1.8495e-06
300 20 0.861 454.919 1.8616e-06
300 20 0.871 451.167 1.8514e-06
300 20 0.881 448.641 1.8552e-06
300 20 0.891 446.156 1.865e-06
300 20 0.901 445.59 1.8719e-06
300 20 0.911 436.803 1.8563e-06
300 20 0.921 440.068 1.8749e-06
300 20 0.931 432.85 1.8571e-06
300 20 0.941 434.768 1.8806e-06
300 20 0.951 426.876 1.6941e-06
300 20 0.961 429.765 1.8983e-06
300 20 0.971 423.241 1.8942e-06
300 20 0.981 420.926 1.8843e-06
300 20 0.991 420.089 1.905e-06
300 20 1.001 420.468 1.9118e-06
300 20 1.011 412.529 1.8902e-06
300 20 1.021 416.935 1.9189e-06
300 20 1.031 414.789 1.9061e-06
300 20 1.041 413.751 1.9337e-06
300 20 1.051 410.389 1.9198e-06
300 20 1.061 408.88 1.9207e-06
300 20 1.071 407.622 1.9307e-06
300 20 1.081 402.817 1.9313e-06
300 20 1.091 404.981 1.7701e-06
300 20 1.101 403.288 1.5014e-06
300 20 1.111 401.823 1.7389e-06
300 20 1.121 400.9 1.9263e-06
300 20 1.131 403.082 1.9457e-06
300 20 1.141 400.555 1.9309e-06
300 20 1.151 397.867 1.9481e-06
300 20 1.161 397.963 1.9437e-06
300 20 1.171 396.686 1.8461e-06
300 20 1.181 394.917 1.7127e-06
300 20 1.191 394.084 1.978e-06
300 20 1.201 393.883 1.9886e-06
300 20 1.211 391.302 1.9807e-06
300 20 1.221 393.711 1.9956e-06
300 20 1.231 390.626 1.9859e-06
300 20 1.241 393.608 2.0116e-06
300 20 1.251 392.816 2.0166e-06
300 20 1.261 389.949 2.0109e-06
300 20 1.271 392.691 2.0195e-06
300 20 1.281 387.579 2.0102e-06
300 20 1.291 388.662 2.0123e-06
300 20 1.301 387.619 2.0212e-06
300 20 1.311 386.962 1.7104e-06
300 20 1.321 387.235 1.5668e-06
300 20 1.331 385.412 1.5776e-06
300 20 1.341 385.908 1.5905e-06
300 20 1.351 389.309 1.5994e-06
300 20 1.361 386.501 1.5988e-06
300 20 1.371 384.118 1.5796e-06
300 20 1.381 384.497 1.5849e-06
300 20 1.391 384.532 1.5906e-06
300 20 1.401 383.366 1.5878e-06
300 20 1.411 384.049 1.611e-06
300 20 1.421 383.622 1.934e-06
300 20 1.431 381.784 2.0592e-06
300 20 1.441 382.636 2.0856e-06
300 20 1.451 382.621 2.0609e-06
300 20 1.461 382.809 2.0644e-06
300 20 1.471 380.647 2.0726e-06
300 20 1.481 380.746 2.0784e-06
300 20 1.491 380.358 2.0819e-06
300 20 1.501 379.83 2.0824e-06
300 20 1.511 381.423 2.1057e-06
300 20 1.521 379.938 2.1036e-06
300 20 1.531 379.199 2.1032e-06
300 20 1.541 379.161 2.1094e-06
300 20 1.551 379.107 2.1127e-06
300 20 1.561 378.206 2.1241e-06
300 20 1.571 377.191 1.9201e-06
300 20 1.581 379.007 1.9775e-06
300 20 1.591 378.583 1.8894e-06
300 20 1.601 379.164 2.0953e-06
300 20 1.611 377.611 1.8376e-06
300 20 1.621 376.26 1.696e-06
300 20 1.631 378.328 1.7154e-06
300 20 1.641 377.926 1.6971e-06
300 20 1.651 376.334 2.0589e-06
300 20 1.661 377.424 2.1294e-06
300 20 1.671 377.753 2.1245e-06
300 20 1.681 377.076 2.1373e-06
300 20 1.691 377.619 2.1391e-06
300 20 1.701 376.52 2.1178e-06
300 20 1.711 376.484 2.1233e-06
300 20 1.721 376.269 1.7502e-06
300 20 1.731 375.466 1.6803e-06
300 20 1.741 375.978 1.6796e-06
300 20 1.751 375.877 1.7212e-06
300 20 1.761 375.825 2.1497e-06
300 20 1.771 375.454 1.9998e-06
300 20 1.781 375.165 1.8256e-06
300 20 1.791 375.684 1.7469e-06
300 20 1.801 375.615 1.8325e-06
300 20 1.811 375.324 1.6951e-06
300 20 1.821 375.313 1.9603e-06
300 20 1.831 375.196 2.1604e-06
300 20 1.841 375.984 2.1659e-06
300 20 1.851 374.689 2.1581e-06
300 20 1.861 375.84 2.1776e-06
300 20 1.871 375.594 2.165e-06
300 20 1.881 375.285 1.9892e-06
300 20 1.891 375.072 1.9613e-06
300 20 1.901 375.514 2.2048e-06
300 20 1.911 374.638 1.8824e-06
300 20 1.921 375.476 1.7281e-06
300 20 1.931 374.521 1.7178e-06
300 20 1.941 374.15 1.7213e-06
300 20 1.951 374.897 1.8349e-06
300 20 1.961 374.87 2.2115e-06
300 20 1.971 374.557 1.7666e-06
300 20 1.981 374.664 1.7207e-06
300 20 1.991 374.633 1.7352e-06
300 30 0.001 2222.95 2.4276e-06
300 30 0.011 2167.15 2.3786e-06
300 30 0.021 2095.9 2.3546e-06
300 30 0.031 2061.53 2.3293e-06
300 30 0.041 2028.6 3.4304e-06
300 30 0.051 2013.75 3.7389e-06
300 30 0.061 1923.09 3.6276e-06
300 30 0.071 1811.64 3.4733e-06
300 30 0.081 1794.99 3.4747e-06
300 30 0.091 1792.67 3.4986e-06
300 30 0.101 1669.57 3.3044e-06
300 30 0.111 1652.72 3.28e-06
300 30 0.121 1618.54 3.2329e-06
300 30 0.131 1557.14 3.1408e-06
300 30 0.141 1521.9 3.1351e-06
300 30 0.151 1459.31 3.0603e-06
300 30 0.161 1422.41 3.0036e-06
300 30 0.171 1410.42 2.9922e-06
300 30 0.181 1317.77 2.8375e-06
300 30 0.191 1250.05 2.2023e-06
300 30 0.201 1285.18 2.7508e-06
300 30 0.211 1208.41 2.6612e-06
300 30 0.221 1184.86 2.6251e-06
300 30 0.231 1152.09 2.5862e-06
300 30 0.241 1124.89 2.5454e-06
300 30 0.251 1074.04 2.4821e-06
300 30 0.261 1063.26 2.47e-06
300 30 0.271 1033.71 2.1486e-06
300 30 0.281 1002.01 2.1663e-06
300 30 0.291 983.545 2.3425e-06
300 30 0.301 972.338 1.9553e-06
300 30 0.311 930.711 2.2344e-06
300 30 0.321 909.895 2.2067e-06
300 30 0.331 912.819 2.2232e-06
300 30 0.341 852.322 2.1339e-06
300 30 0.351 843.592 2.1318e-06
300 30 0.361 837.218 2.1523e-06
300 30 0.371 827.23 2.1431e-06
300 30 0.381 797.144 1.8226e-06
300 30 0.391 791.611 1.5452e-06
300 30 0.401 763.419 1.52e-06
300 30 0.411 750.436 1.5092e-06
300 30 0.421 742.651 1.5164e-06
300 30 0.431 725.731 1.6294e-06
300 30 0.441 699.573 1.6541e-06
300 30 0.451 709.297 1.4865e-06
300 30 0.461 675.442 1.4668e-06
300 30 0.471 676.805 1.4664e-06
300 30 0.481 666.58 1.6869e-06
300 30 0.491 636.699 1.9352e-06
300 30 0.501 638.769 1.4594e-06
300 30 0.511 635.451 1.771e-06
300 30 0.521 615.691 1.9331e-06
300 30 0.531 610.038 1.9502e-06
300 30 0.541 596.403 1.8015e-06
300 30 0.551 593.091 1.5322e-06
300 30 0.561 598.694 1.9437e-06
300 30 0.571 587.572 1.9394e-06
300 30 0.581 569.272 1.4502e-06
300 30 0.591 553.334 1.3881e-06
300 30 0.601 557.807 1.3943e-06
300 30 0.611 555.783 1.5995e-06
300 30 0.621 541.657 1.5619e-06
300 30 0.631 531.855 1.3862e-06
300 30 0.641 535.549 1.4047e-06
300 30 0.651 520.495 1.8003e-06
300 30 0.661 512.889 1.3782e-06
300 30 0.671 514.957 1.3907e-06
300 30 0.681 509.601 1.3958e-06
300 30 0.691 503.934 1.6525e-06
300 30 0.701 501.756 1.6236e-06
300 30 0.711 495.466 1.4128e-06
300 30 0.721 490.859 1.3817e-06
300 30 0.731 488.919 1.3824e-06
300 30 0.741 486.969 1.3823e-06
300 30 0.751 481.594 1.3773e-06
300 30 0.761 474.108 1.3752e-06
300 30 0.771 463.367 1.3665e-06
300 30 0.781 465.746 1.3775e-06
300 30 0.791 460.835 1.3725e-06
300 30 0.801 458.404 1.371e-06
300 30 0.811 456.763 1.7833e-06
300 30 0.821 448.348 1.8285e-06
300 30 0.831 454.029 1.8583e-06
300 30 0.841 450.597 1.815e-06
300 30 0.851 440.085 1.5001e-06
300 30 0.861 433.672 1.7017e-06
300 30 0.871 432.299 1.8271e-06
300 30 0.881 431.406 1.6961e-06
300 30 0.891 430.97 1.8103e-06
300 30 0.901 424.508 1.8279e-06
300 30 0.911 424.514 1.7853e-06
300 30 0.921 425.318 1.4124e-06
300 30 0.931 419.476 1.3938e-06
300 30 0.941 411.178 1.3974e-06
300 30 0.951 415.84 1.412e-06
300 30 0.961 409.677 1.4084e-06
300 30 0.971 413.67 1.4264e-06
300 30 0.981 406.46 1.6606e-06
300 30 0.991 411.316 1.834e-06
300 30 1.001 406.921 1.523e-06
300 30 1.011 406.027 1.5744e-06
300 30 1.021 402.033 1.4912e-06
300 30 1.031 394.441 1.4349e-06
300 30 1.041 396.389 1.7907e-06
300 30 1.051 391.888 1.8555e-06
300 30 1.061 395.288 1.8801e-06
300 30 1.071 388.083 1.4751e-06
300 30 1.081 390.734 1.4994e-06
300 30 1.091 389.971 1.4943e-06
300 30 1.101 389.537 1.6503e-06
300 30 1.111 388.334 1.6197e-06
300 30 1.121 387.314 1.8601e-06
300 30 1.131 388.937 1.8827e-06
300 30 1.141 382.505 1.8607e-06
300 30 1.151 383.227 1.874e-06
300 30 1.161 382.514 1.8686e-06
300 30 1.171 383.282 1.8919e-06
300 30 1.181 382.313 1.8799e-06
300 30 1.191 380.917 1.8886e-06
300 30 1.201 377.541 1.8788e-06
300 30 1.211 381.722 1.9e-06
300 30 1.221 379.079 1.9098e-06
300 30 1.231 379.916 1.9077e-06
300 30 1.241 376.864 1.9085e-06
300 30 1.251 376.846 1.9089e-06
300 30 1.261 376.667 1.9014e-06
300 30 1.271 378.671 1.9601e-06
300 30 1.281 378.889 1.9828e-06
300 30 1.291 373.226 1.959e-06
300 30 1.301 373.829 1.9583e-06
300 30 1.311 375.623 1.9646e-06
300 30 1.321 371.451 1.6001e-06
300 30 1.331 371.927 1.652e-06
300 30 1.341 374.496 1.9867e-06
300 30 1.351 374.822 1.9748e-06
300 30 1.361 372.327 1.9568e-06
300 30 1.371 370.874 1.9837e-06
300 30 1.381 371.675 2.0049e-06
300 30 1.391 368.575 1.9951e-06
300 30 1.401 369.281 1.6762e-06
300 30 1.411 370.172 1.5632e-06
300 30 1.421 370.012 1.9565e-06
300 30 1.431 370.821 1.6802e-06
300 30 1.441 368.624 1.6351e-06
300 30 1.451 368.713 1.8465e-06
300 30 1.461 367.368 1.7233e-06
300 30 1.471 367.251 1.9831e-06
300 30 1.481 367.826 1.8911e-06
300 30 1.491 367.021 1.9997e-06
300 30 1.501 366.866 1.7485e-06
300 30 1.511 367.321 1.7416e-06
300 30 1.521 366.526 1.8152e-06
300 30 1.531 367.412 2.0324e-06
300 30 1.541 367.317 2.0387e-06
300 30 1.551 364.773 1.7606e-06
300 30 1.561 366.201 2.0438e-06
300 30 1.571 364.919 2.038e-06
300 30 1.581 364.912 2.0492e-06
300 30 1.591 364.095 2.0331e-06
300 30 1.601 364.023 1.7724e-06
300 30 1.611 364.389 1.6787e-06
300 30 1.621 363.694 1.8067e-06
300 30 1.631 362.966 1.6479e-06
300 30 1.641 363.98 1.6331e-06
300 30 1.651 362.877 1.6564e-06
300 30 1.661 362.772 2.0664e-06
300 30 1.671 363.381 2.0779e-06
300 30 1.681 364.22 2.0765e-06
300 30 1.691 362.674 2.0756e-06
300 30 1.701 362.613 2.077e-06
300 30 1.711 363.607 2.0882e-06
300 30 1.721 362.839 2.0839e-06
300 30 1.731 363.039 2.0815e-06
300 30 1.741 363.667 2.098e-06
300 30 1.751 362.647 2.0648e-06
300 30 1.761 362.304 1.9388e-06
300 30 1.771 362.907 2.0845e-06
300 30 1.781 362.463 2.0337e-06
300 30 1.791 362.201 1.6537e-06
300 30 1.801 361.582 2.0395e-06
300 30 1.811 362.346 2.0743e-06
300 30 1.821 362.138 2.0894e-06
300 30 1.831 362.327 1.9981e-06
300 30 1.841 361.699 1.6592e-06
300 30 1.851 361.959 1.6998e-06
300 30 1.861 361.658 1.7059e-06
300 30 1.871 360.969 2.1868e-06
300 30 1.881 362.222 1.9644e-06
300 30 1.891 361.876 1.7062e-06
300 30 1.901 362.227 1.6757e-06
300 30 1.911 361.651 1.6689e-06
300 30 1.921 361.696 1.7234e-06
300 30 1.931 361.783 1.6841e-06
300 30 1.941 361.4 2.0387e-06
300 30 1.951 361.592 2.1369e-06
300 30 1.961 361.52 2.1122e-06
300 30 1.971 361.335 2.1132e-06
300 30 1.981 361.524 1.7243e-06
300 30 1.991 361.501 2.0756e-06
300 40 0.001 2822.67 3.7403e-06
300 40 0.011 2729.41 5.1247e-06
300 40 0.021 2605.39 4.9427e-06
300 40 0.031 2596.77 4.9441e-06
300 40 0.041 2511.03 4.823e-06
300 40 0.051 2394.91 4.6569e-06
300 40 0.061 2286.18 2.9725e-06
300 40 0.071 2140.75 2.6586e-06
300 40 0.081 2085.45 2.6178e-06
300 40 0.091 1940.56 2.4847e-06
300 40 0.101 1947.29 2.4709e-06
300 40 0.111 1858.82 2.3989e-06
300 40 0.121 1775.81 2.3197e-06
300 40 0.131 1694.54 2.7721e-06
300 40 0.141 1682.07 2.2513e-06
300 40 0.151 1602.92 2.206e-06
300 40 0.161 1485.13 2.8357e-06
300 40 0.171 1515.94 3.2021e-06
300 40 0.181 1432.8 3.0828e-06
300 40 0.191 1357.05 2.7427e-06
300 40 0.201 1309.27 2.8666e-06
300 40 0.211 1254.39 2.7859e-06
300 40 0.221 1220.73 2.7424e-06
300 40 0.231 1157.68 2.6559e-06
300 40 0.241 1101.39 2.5712e-06
300 40 0.251 1125.75 2.6094e-06
300 40 0.261 1088.51 2.5148e-06
300 40 0.271 1045.02 2.4845e-06
300 40 0.281 1004.19 2.4316e-06
300 40 0.291 991.229 2.4017e-06
300 40 0.301 982.885 2.4059e-06
300 40 0.311 943.845 2.3468e-06
300 40 0.321 904.619 2.2825e-06
300 40 0.331 900.521 2.2827e-06
300 40 0.341 843.875 2.1919e-06
300 40 0.351 854.908 2.2195e-06
300 40 0.361 825.474 2.1693e-06
300 40 0.371 812.775 2.1657e-06
300 40 0.381 763.529 2.0774e-06
300 40 0.391 784.93 2.1181e-06
300 40 0.401 739.052 2.0418e-06
300 40 0.411 734.637 2.0254e-06
300 40 0.421 734.315 2.0355e-06
300 40 0.431 702.605 2.0153e-06
300 40 0.441 693.169 1.9913e-06
300 40 0.451 669.068 1.9655e-06
300 40 0.461 681.014 1.9905e-06
300 40 0.471 643.874 1.9297e-06
300 40 0.481 638.051 1.8989e-06
300 40 0.491 625.936 1.916e-06
300 40 0.501 610.624 1.8909e-06
300 40 0.511 609.098 1.8844e-06
300 40 0.521 603.862 1.8694e-06
300 40 0.531 583.503 1.8496e-06
300 40 0.541 594.241 1.8595e-06
300 40 0.551 582.121 1.845e-06
300 40 0.561 562.84 1.8323e-06
300 40 0.571 554.618 1.6324e-06
300 40 0.581 562.759 1.3879e-06
300 40 0.591 539.453 1.8054e-06
300 40 0.601 534.441 1.8192e-06
300 40 0.611 530.024 1.8209e-06
300 40 0.621 522.899 1.8062e-06
300 40 0.631 526.912 1.8143e-06
300 40 0.641 511.16 1.5964e-06
300 40 0.651 510.53 1.6021e-06
300 40 0.661 497.169 1.807e-06
300 40 0.671 495.136 1.8e-06
300 40 0.681 494.352 1.8162e-06
300 40 0.691 484.426 1.8173e-06
300 40 0.701 481.856 1.8071e-06
300 40 0.711 479.659 1.8036e-06
300 40 0.721 468.718 1.7967e-06
300 40 0.731 470.002 1.8033e-06
300 40 0.741 468.054 1.8005e-06
300 40 0.751 457.865 1.791e-06
300 40 0.761 457.887 1.934e-06
300 40 0.771 450.407 1.9318e-06
300 40 0.781 447.914 1.8868e-06
300 40 0.791 446.094 1.8076e-06
300 40 0.801 443.099 1.5945e-06
300 40 0.811 435.418 1.7937e-06
300 40 0.821 436.544 1.7989e-06
300 40 0.831 432.459 1.8093e-06
300 40 0.841 426.075 1.7954e-06
300 40 0.851 426.624 1.8021e-06
300 40 0.861 423.262 1.7889e-06
300 40 0.871 415.54 1.7928e-06
300 40 0.881 418.328 1.8008e-06
300 40 0.891 412.758 1.7931e-06
300 40 0.901 413.865 1.8071e-06
300 40 0.911 407.843 1.7998e-06
300 40 0.921 406.381 1.8065e-06
300 40 0.931 401.356 1.7978e-06
300 40 0.941 404.376 1.8239e-06
300 40 0.951 398.824 1.6268e-06
300 40 0.961 398.253 1.4526e-06
300 40 0.971 396.597 1.4349e-06
300 40 0.981 390.809 1.378e-06
300 40 0.991 387.751 1.3797e-06
300 40 1.001 390.669 1.4008e-06
300 40 1.011 388.786 1.4345e-06
300 40 1.021 383.96 1.8129e-06
300 40 1.031 385.886 1.8302e-06
300 40 1.041 382.108 1.8116e-06
300 40 1.051 379.875 1.8232e-06
300 40 1.061 378.093 1.8233e-06
300 40 1.071 378.868 1.8359e-06
300 40 1.081 376.023 1.8342e-06
300 40 1.091 374.291 1.8417e-06
300 40 1.101 373.63 1.8368e-06
300 40 1.111 372.372 1.8367e-06
300 40 1.121 373.751 1.8777e-06
300 40 1.131 370.891 1.8802e-06
300 40 1.141 373.892 1.8972e-06
300 40 1.151 370.251 1.8661e-06
300 40 1.161 367.957 1.86e-06
300 40 1.171 369.398 1.8746e-06
300 40 1.181 368.333 1.8796e-06
300 40 1.191 365.369 1.9113e-06
300 40 1.201 366.726 1.9083e-06
300 40 1.211 366.693 1.9166e-06
300 40 1.221 365.782 1.9246e-06
300 40 1.231 365.688 1.8502e-06
300 40 1.241 362.174 1.6128e-06
300 40 1.251 362.313 1.8786e-06
300 40 1.261 361.149 1.8654e-06
300 40 1.271 363.373 1.6282e-06
300 40 1.281 359.849 1.4744e-06
300 40 1.291 358.877 1.4796e-06
300 40 1.301 359.513 1.7344e-06
300 40 1.311 359.631 1.9187e-06
300 40 1.321 360.545 1.9155e-06
300 40 1.331 357.984 1.898e-06
300 40 1.341 359.408 1.9311e-06
300 40 1.351 358.704 1.9238e-06
300 40 1.361 357.88 1.9309e-06
300 40 1.371 357.026 1.7469e-06
300 40 1.381 357.528 1.5434e-06
300 40 1.391 353.458 1.6697e-06
300 40 1.401 356.174 1.9283e-06
300 40 1.411 356.739 1.9256e-06
300 40 1.421 353.403 1.9072e-06
300 40 1.431 355.095 1.9449e-06
300 40 1.441 354.982 1.5684e-06
300 40 1.451 355.126 1.5371e-06
300 40 1.461 353.99 1.5373e-06
300 40 1.471 355.076 1.783e-06
300 40 1.481 352.712 1.9423e-06
300 40 1.491 353.594 1.956e-06
300 40 1.501 353.585 1.9643e-06
300 40 1.511 352.893 1.9679e-06
300 40 1.521 351.736 1.9572e-06
300 40 1.531 352.668 1.9644e-06
300 40 1.541 352.194 1.9831e-06
300 40 1.551 353.183 1.9869e-06
300 40 1.561 351.301 1.9818e-06
300 40 1.571 352.836 1.9953e-06
300 40 1.581 352.032 1.9958e-06
300 40 1.591 351.204 2.0059e-06
300 40 1.601 350.904 2.0076e-06
300 40 1.611 351.259 2.0248e-06
300 40 1.621 351.756 1.7883e-06
300 40 1.631 350.004 1.5797e-06
300 40 1.641 350.52 1.5889e-06
300 40 1.651 349.913 1.5937e-06
300 40 1.661 349.741 1.5859e-06
300 40 1.671 350.258 1.5975e-06
300 40 1.681 351.236 1.789e-06
300 40 1.691 349.886 1.8569e-06
300 40 1.701 350.13 1.8339e-06
300 40 1.711 350.402 2.0185e-06
300 40 1.721 350.064 2.0266e-06
300 40 1.731 349.628 1.8752e-06
300 40 1.741 349.417 2.0606e-06
300 40 1.751 348.988 2.0555e-06
300 40 1.761 350.058 2.0637e-06
300 40 1.771 349.247 2.0689e-06
300 40 1.781 349.244 2.0686e-06
300 40 1.791 349.599 2.044e-06
300 40 1.801 349.581 2.0538e-06
300 40 1.811 347.67 2.0652e-06
300 40 1.821 348.68 2.0788e-06
300 40 1.831 348.687 2.0434e-06
300 40 1.841 348.905 1.6317e-06
300 40 1.851 348.064 1.6272e-06
300 40 1.861 347.731 2.0018e-06
300 40 1.871 347.292 2.0666e-06
300 40 1.881 347.929 2.0832e-06
300 40 1.891 348.328 1.8402e-06
300 40 1.901 348.066 1.8666e-06
300 40 1.911 348.355 1.639e-06
300 40 1.921 348.686 2.0415e-06
300 40 1.931 348.121 2.0697e-06
300 40 1.941 347.871 1.9404e-06
300 40 1.951 348.317 1.6511e-06
300 40 1.961 347.87 1.6355e-06
300 40 1.971 347.849 1.6297e-06
300 40 1.981 348.079 1.6491e-06
300 40 1.991 348.178 1.6472e-06
400 10 0.001 1247.18 1.8984e-06
400 10 0.011 1277.63 1.9366e-06
400 10 0.021 1260.19 1.9147e-06
400 10 0.031 1236.82 1.9105e-06
400 10 0.041 1252.1 1.9243e-06
400 10 0.051 1204.7 1.8899e-06
400 10 0.061 1227.26 1.9102e-06
400 10 0.071 1212.71 1.9056e-06
400 10 0.081 1229.82 2.2484e-06
400 10 0.091 1202.51 2.719e-06
400 10 0.101 1185.28 2.3059e-06
400 10 0.111 1179.59 2.0562e-06
400 10 0.121 1176.56 1.8949e-06
400 10 0.131 1149.58 1.8683e-06
400 10 0.141 1153.73 2.1625e-06
400 10 0.151 1132.58 2.6085e-06
400 10 0.161 1127.41 2.6044e-06
400 10 0.171 1098.36 2.4143e-06
400 10 0.181 1117.68 2.1162e-06
400 10 0.191 1079.92 2.5886e-06
400 10 0.201 1085.06 2.6006e-06
400 10 0.211 1070.76 2.5737e-06
400 10 0.221 1069.12 2.5728e-06
400 10 0.231 1043.49 2.5437e-06
400 10 0.241 1053.87 2.5768e-06
400 10 0.251 1037.44 2.5524e-06
400 10 0.261 1026.33 2.5441e-06
400 10 0.271 1008.84 2.5116e-06
400 10 0.281 990.468 2.4904e-06
400 10 0.291 977.919 2.4843e-06
400 10 0.301 977.757 2.4881e-06
400 10 0.311 964.784 2.4669e-06
400 10 0.321 966.895 2.4811e-06
400 10 0.331 935.809 2.4306e-06
400 10 0.341 945.154 2.4518e-06
400 10 0.351 919.184 2.4046e-06
400 10 0.361 927.903 2.4362e-06
400 10 0.371 921.497 2.0797e-06
400 10 0.381 928.002 2.3739e-06
400 10 0.391 898.831 2.2793e-06
400 10 0.401 908.819 2.3643e-06
400 10 0.411 878.974 2.147e-06
400 10 0.421 890.329 2.3339e-06
400 10 0.431 851.749 1.7606e-06
400 10 0.441 861.465 2.1608e-06
400 10 0.451 861.843 1.8442e-06
400 10 0.461 860.947 1.7882e-06
400 10 0.471 833.58 1.7634e-06
400 10 0.481 822.013 1.7444e-06
400 10 0.491 825.78 1.7289e-06
400 10 0.501 801.884 2.1952e-06
400 10 0.511 809.065 2.3124e-06
400 10 0.521 802.411 2.0858e-06
400 10 0.531 805.089 1.7328e-06
400 10 0.541 798.212 1.7174e-06
400 10 0.551 785.179 1.7255e-06
400 10 0.561 773.404 1.7035e-06
400 10 0.571 771.467 1.7191e-06
400 10 0.581 769.737 1.7209e-06
400 10 0.591 760.392 1.7398e-06
400 10 0.601 757.226 1.7414e-06
400 10 0.611 748.486 2.0812e-06
400 10 0.621 742.28 2.2781e-06
400 10 0.631 730.822 2.2721e-06
400 10 0.641 710.704 2.2429e-06
400 10 0.651 724.527 2.2758e-06
400 10 0.661 716.331 2.2663e-06
400 10 0.671 707.422 2.2645e-06
400 10 0.681 698.315 2.2487e-06
400 10 0.691 700.572 1.7668e-06
400 10 0.701 705.368 1.757e-06
400 10 0.711 685.603 1.7164e-06
400 10 0.721 685.808 1.7292e-06
400 10 0.731 686.593 1.726e-06
400 10 0.741 675.079 1.7231e-06
400 10 0.751 672.772 1.7157e-06
400 10 0.761 662.331 2.0506e-06
400 10 0.771 658.235 2.3297e-06
400 10 0.781 655.988 2.3213e-06
400 10 0.791 663.323 2.0628e-06
400 10 0.801 645.545 1.7263e-06
400 10 0.811 647.509 1.7418e-06
400 10 0.821 640.031 1.8994e-06
400 10 0.831 644.857 1.8982e-06
400 10 0.841 627.777 2.2433e-06
400 10 0.851 625.537 2.2781e-06
400 10 0.861 621.335 2.2746e-06
400 10 0.871 628.812 2.3106e-06
400 10 0.881 618.807 2.3042e-06
400 10 0.891 617.125 2.3134e-06
400 10 0.901 610.597 2.3008e-06
400 10 0.911 608.022 2.3046e-06
400 10 0.921 603.126 2.3058e-06
400 10 0.931 604.699 2.3139e-06
400 10 0.941 602.357 2.3138e-06
400 10 0.951 593.781 2.3142e-06
400 10 0.961 600.812 2.0061e-06
400 10 0.971 589.692 2.2414e-06
400 10 0.981 585.913 2.3595e-06
400 10 0.991 580.81 2.351e-06
400 10 1.001 577.452 2.3568e-06
400 10 1.011 575.653 2.3816e-06
400 10 1.021 576.746 2.3956e-06
400 10 1.031 576.902 2.41e-06
400 10 1.041 568.911 2.1371e-06
400 10 1.051 569.647 2.3731e-06
400 10 1.061 564.339 2.3699e-06
400 10 1.071 564.604 2.0752e-06
400 10 1.081 563.472 1.946e-06
400 10 1.091 564.85 2.2226e-06
400 10 1.101 563.53 2.1416e-06
400 10 1.111 558.891 1.8801e-06
400 10 1.121 555.808 1.8928e-06
400 10 1.131 551.421 1.8754e-06
400 10 1.141 554.107 1.9001e-06
400 10 1.151 553.492 1.9071e-06
400 10 1.161 552.274 1.8987e-06
400 10 1.171 552.579 1.9239e-06
400 10 1.181 551.902 1.9261e-06
400 10 1.191 549.938 2.0234e-06
400 10 1.201 545.969 2.4154e-06
400 10 1.211 547.3 2.4913e-06
400 10 1.221 547.905 2.4954e-06
400 10 1.231 548.547 2.5305e-06
400 10 1.241 549.305 2.5262e-06
400 10 1.251 546.242 2.527e-06
400 10 1.261 541.8 2.5035e-06
400 10 1.271 544.869 2.2991e-06
400 10 1.281 543.763 2.5008e-06
400 10 1.291 539.376 2.4973e-06
400 10 1.301 539.62 1.9846e-06
400 10 1.311 541.541 1.9839e-06
400 10 1.321 538.541 1.9816e-06
400 10 1.331 539.092 2.5458e-06
400 10 1.341 538.525 2.5701e-06
400 10 1.351 536.392 2.5808e-06
400 10 1.361 535.176 2.5746e-06
400 10 1.371 535.025 2.5905e-06
400 10 1.381 537.744 2.6089e-06
400 10 1.391 535.244 2.6058e-06
400 10 1.401 533.669 2.0865e-06
400 10 1.411 534.503 2.4653e-06
400 10 1.421 532.596 2.6107e-06
400 10 1.431 531.881 2.6146e-06
400 10 1.441 532.649 2.617e-06
400 10 1.451 533.249 2.6484e-06
400 10 1.461 533.254 2.6498e-06
400 10 1.471 529.919 2.6521e-06
400 10 1.481 530.243 2.6636e-06
400 10 1.491 528.919 2.6562e-06
400 10 1.501 528.393 2.6614e-06
400 10 1.511 529.035 2.6792e-06
400 10 1.521 528.671 2.6203e-06
400 10 1.531 529.069 2.0914e-06
400 10 1.541 527.349 2.5278e-06
400 10 1.551 526.936 2.8001e-06
400 10 1.561 527.36 2.6696e-06
400 10 1.571 524.896 2.0942e-06
400 10 1.581 528.122 2.589e-06
400 10 1.591 526.177 2.1151e-06
400 10 1.601 524.825 2.1068e-06
400 10 1.611 526.563 2.2065e-06
400 10 1.621 526.734 2.2948e-06
400 10 1.631 525.775 2.6151e-06
400 10 1.641 525.45 2.6959e-06
400 10 1.651 524.224 2.6818e-06
400 10 1.661 523.599 2.679e-06
400 10 1.671 523.415 2.6741e-06
400 10 1.681 523.923 2.5292e-06
400 10 1.691 525.75 2.1571e-06
400 10 1.701 523.985 2.3141e-06
400 10 1.711 522.963 2.3636e-06
400 10 1.721 524.145 2.7156e-06
400 10 1.731 524.574 2.7252e-06
400 10 1.741 520.962 2.7003e-06
400 10 1.751 523.095 2.7174e-06
400 10 1.761 523.287 2.7186e-06
400 10 1.771 522.757 2.7259e-06
400 10 1.781 522.541 2.7265e-06
400 10 1.791 521.665 2.7238e-06
400 10 1.801 523.546 2.7405e-06
400 10 1.811 521.778 2.7395e-06
400 10 1.821 522.461 2.7416e-06
400 10 1.831 522.858 2.7492e-06
400 10 1.841 522.036 2.742e-06
400 10 1.851 521.823 2.7476e-06
400 10 1.861 522.655 2.7546e-06
400 10 1.871 522.276 2.7538e-06
400 10 1.881 521.231 2.7666e-06
400 10 1.891 522.172 2.7576e-06
400 10 1.901 522.468 2.7555e-06
400 10 1.911 522.005 2.7609e-06
400 10 1.921 521.108 2.7597e-06
400 10 1.931 521.64 2.778e-06
400 10 1.941 522.03 2.6605e-06
400 10 1.951 520.866 2.206e-06
400 10 1.961 521.407 2.2106e-06
400 10 1.971 521.47 2.4675e-06
400 10 1.981 521.555 2.7497e-06
400 10 1.991 521.371 2.4441e-06
400 20 0.001 2230.55 2.5711e-06
400 20 0.011 2161.93 2.5346e-06
400 20 0.021 2147.96 2.5271e-06
400 20 0.031 2167.81 2.5659e-06
400 20 0.041 2061.72 3.2969e-06
400 20 0.051 2039.1 3.9012e-06
400 20 0.061 1960.28 3.7876e-06
400 20 0.071 1932.81 3.7587e-06
400 20 0.081 1899.15 3.7151e-06
400 20 0.091 1858.95 3.67e-06
400 20 0.101 1815.28 3.6179e-06
400 20 0.111 1826.43 3.6297e-06
400 20 0.121 1710.6 3.4504e-06
400 20 0.131 1742.16 3.5265e-06
400 20 0.141 1709.66 3.4819e-06
400 20 0.151 1640.78 3.3777e-06
400 20 0.161 1654.11 3.4041e-06
400 20 0.171 1567.99 3.2866e-06
400 20 0.181 1557.96 3.2601e-06
400 20 0.191 1536.8 3.2458e-06
400 20 0.201 1511.86 3.2176e-06
400 20 0.211 1485.78 3.1854e-06
400 20 0.221 1470.7 3.1751e-06
400 20 0.231 1412.08 3.089e-06
400 20 0.241 1405.64 3.0944e-06
400 20 0.251 1348.96 3.0114e-06
400 20 0.261 1337.08 3.0051e-06
400 20 0.271 1306.06 2.9681e-06
400 20 0.281 1283.12 2.9339e-06
400 20 0.291 1235.76 2.8654e-06
400 20 0.301 1244.24 2.8902e-06
400 20 0.311 1242.62 2.894e-06
400 20 0.321 1187.15 2.8096e-06
400 20 0.331 1148.87 2.7735e-06
400 20 0.341 1145.14 2.399e-06
400 20 0.351 1100.77 2.1869e-06
400 20 0.361 1100.69 2.6788e-06
400 20 0.371 1098.72 2.5767e-06
400 20 0.381 1060.7 2.1737e-06
400 20 0.391 1044.11 1.8793e-06
400 20 0.401 1026.08 1.8898e-06
400 20 0.411 1011.35 1.8675e-06
400 20 0.421 1010.89 1.8839e-06
400 20 0.431 979.489 2.2391e-06
400 20 0.441 974.459 2.526e-06
400 20 0.451 956.527 2.5104e-06
400 20 0.461 916.2 2.4521e-06
400 20 0.471 908.002 2.4298e-06
400 20 0.481 917.846 2.454e-06
400 20 0.491 901.064 2.1245e-06
400 20 0.501 889.822 2.2133e-06
400 20 0.511 868.186 2.4319e-06
400 20 0.521 871.011 2.4438e-06
400 20 0.531 856.537 1.8955e-06
400 20 0.541 840.424 1.7834e-06
400 20 0.551 823.601 1.7587e-06
400 20 0.561 810.627 1.9929e-06
400 20 0.571 810.625 2.3478e-06
400 20 0.581 801.351 2.3456e-06
400 20 0.591 781.941 2.3153e-06
400 20 0.601 777.877 2.3279e-06
400 20 0.611 770.28 2.3187e-06
400 20 0.621 750.81 2.2909e-06
400 20 0.631 752.024 2.3006e-06
400 20 0.641 749.484 1.8777e-06
400 20 0.651 724.335 2.157e-06
400 20 0.661 730.124 2.3208e-06
400 20 0.671 726.31 2.3349e-06
400 20 0.681 708.499 2.311e-06
400 20 0.691 702.969 2.3133e-06
400 20 0.701 700.646 2.3161e-06
400 20 0.711 696.913 2.312e-06
400 20 0.721 689.451 2.0014e-06
400 20 0.731 686.164 2.2685e-06
400 20 0.741 679.048 2.2712e-06
400 20 0.751 677.338 2.2832e-06
400 20 0.761 665.131 2.1763e-06
400 20 0.771 658.544 1.9478e-06
400 20 0.781 657.62 1.734e-06
400 20 0.791 649.691 1.7252e-06
400 20 0.801 650.097 1.7265e-06
400 20 0.811 635.591 1.7176e-06
400 20 0.821 635.225 1.7444e-06
400 20 0.831 630.234 1.9729e-06
400 20 0.841 621.996 2.2568e-06
400 20 0.851 612.604 1.8596e-06
400 20 0.861 616.468 1.7891e-06
400 20 0.871 610.155 2.2125e-06
400 20 0.881 608.463 2.2631e-06
400 20 0.891 612.221 1.8967e-06
400 20 0.901 590.136 1.7276e-06
400 20 0.911 600.673 2.2144e-06
400 20 0.921 587.772 2.2965e-06
400 20 0.931 592.432 2.3346e-06
400 20 0.941 585.714 2.3167e-06
400 20 0.951 585.886 2.2946e-06
400 20 0.961 581.453 2.3046e-06
400 20 0.971 575.731 2.2205e-06
400 20 0.981 574.668 1.7758e-06
400 20 0.991 569.26 1.7897e-06
400 20 1.001 568.651 1.7979e-06
400 20 1.011 568.269 1.8087e-06
400 20 1.021 564.952 1.887e-06
400 20 1.031 557.293 2.3031e-06
400 20 1.041 560.713 1.9556e-06
400 20 1.051 557.031 1.8297e-06
400 20 1.061 554.661 1.8352e-06
400 20 1.071 549.206 1.8379e-06
400 20 1.081 548.612 2.1709e-06
400 20 1.091 549.09 2.3483e-06
400 20 1.101 548.16 2.3453e-06
400 20 1.111 545.313 2.3558e-06
400 20 1.121 542.073 2.3541e-06
400 20 1.131 547.728 2.3736e-06
400 20 1.141 540.329 2.3612e-06
400 20 1.151 535.651 2.3451e-06
400 20 1.161 538.858 2.3773e-06
400 20 1.171 534.678 2.3784e-06
400 20 1.181 533.146 2.1015e-06
400 20 1.191 535.793 2.3677e-06
400 20 1.201 536.221 2.4696e-06
400 20 1.211 534.652 1.9575e-06
400 20 1.221 532.184 2.0746e-06
400 20 1.231 530.181 2.4267e-06
400 20 1.241 530.885 2.4432e-06
400 20 1.251 532.343 2.3808e-06
400 20 1.261 531.422 1.9116e-06
400 20 1.271 528.747 2.0343e-06
400 20 1.281 530.065 2.4814e-06
400 20 1.291 528.478 2.4934e-06
400 20 1.301 528.033 2.4789e-06
400 20 1.311 524.963 2.322e-06
400 20 1.321 527.176 2.3235e-06
400 20 1.331 527.596 2.6602e-06
400 20 1.341 525.97 2.6567e-06
400 20 1.351 521.576 2.6325e-06
400 20 1.361 523.099 2.6572e-06
400 20 1.371 520.423 2.5744e-06
400 20 1.381 521.797 2.0021e-06
400 20 1.391 520.853 2.1106e-06
400 20 1.401 519.348 1.9901e-06
400 20 1.411 519.635 2.0239e-06
400 20 1.421 521.952 2.0414e-06
400 20 1.431 519.378 2.3925e-06
400 20 1.441 517.671 2.537e-06
400 20 1.451 516.975 2.5619e-06
400 20 1.461 516.037 2.5213e-06
400 20 1.471 517.657 2.3872e-06
400 20 1.481 518.373 2.034e-06
400 20 1.491 517.339 2.0682e-06
400 20 1.501 515.338 2.6119e-06
400 20 1.511 516.293 2.6235e-06
400 20 1.521 515.266 2.6334e-06
400 20 1.531 515.65 2.6386e-06
400 20 1.541 512.627 2.6204e-06
400 20 1.551 513.131 2.6463e-06
400 20 1.561 511.825 2.6413e-06
400 20 1.571 513.305 2.0909e-06
400 20 1.581 512.915 2.0873e-06
400 20 1.591 510.503 2.1532e-06
400 20 1.601 514.027 2.4175e-06
400 20 1.611 511.266 2.6051e-06
400 20 1.621 512.964 2.5821e-06
400 20 1.631 511.604 2.1138e-06
400 20 1.641 512.235 2.1214e-06
400 20 1.651 511.491 2.1282e-06
400 20 1.661 510.781 2.626e-06
400 20 1.671 511.791 2.6875e-06
400 20 1.681 510.977 2.6817e-06
400 20 1.691 510.427 2.6876e-06
400 20 1.701 511.729 2.7028e-06
400 20 1.711 510.377 2.6941e-06
400 20 1.721 509.284 2.2419e-06
400 20 1.731 508.804 2.6482e-06
400 20 1.741 509.4 2.6407e-06
400 20 1.751 509.328 2.6471e-06
400 20 1.761 508.396 2.6544e-06
400 20 1.771 509.151 2.6596e-06
400 20 1.781 509.482 2.669e-06
400 20 1.791 509.742 2.69e-06
400 20 1.801 508.94 2.6685e-06
400 20 1.811 509.969 2.6884e-06
400 20 1.821 508.738 2.2988e-06
400 20 1.831 509.45 2.6143e-06
400 20 1.841 509.368 2.7012e-06
400 20 1.851 510.144 2.7067e-06
400 20 1.861 508.65 2.6863e-06
400 20 1.871 509.647 2.7019e-06
400 20 1.881 508.603 2.6863e-06
400 20 1.891 508.652 2.7127e-06
400 20 1.901 508.756 2.6842e-06
400 20 1.911 508.643 2.6444e-06
400 20 1.921 508.605 2.1963e-06
400 20 1.931 507.98 2.1952e-06
400 20 1.941 507.69 2.2488e-06
400 20 1.951 508.176 2.3017e-06
400 20 1.961 508.267 2.7236e-06
400 20 1.971 507.825 2.7063e-06
400 20 1.981 507.835 2.7143e-06
400 20 1.991 507.82 2.6291e-06
400 30 0.001 3161.85 3.2204e-06
400 30 0.011 2957.24 3.1127e-06
400 30 0.021 2988.35 3.9112e-06
400 30 0.031 2826.68 3.1485e-06
400 30 0.041 2787.35 3.9811e-06
400 30 0.051 2608.44 4.6208e-06
400 30 0.061 2641.38 4.674e-06
400 30 0.071 2549.24 4.5757e-06
400 30 0.081 2487.73 4.481e-06
400 30 0.091 2407.2 4.3501e-06
400 30 0.101 2364.59 4.3311e-06
400 30 0.111 2214.8 3.2399e-06
400 30 0.121 2164.71 4.0765e-06
400 30 0.131 2164.67 4.1065e-06
400 30 0.141 2085.31 3.9893e-06
400 30 0.151 1955.12 3.5272e-06
400 30 0.161 1959.83 3.0017e-06
400 30 0.171 1848.72 2.4338e-06
400 30 0.181 1840.58 2.4444e-06
400 30 0.191 1787.54 2.8377e-06
400 30 0.201 1711.55 3.2841e-06
400 30 0.211 1626.97 2.2886e-06
400 30 0.221 1614.05 2.5886e-06
400 30 0.231 1594.36 2.3045e-06
400 30 0.241 1550.94 2.2785e-06
400 30 0.251 1513.61 2.44e-06
400 30 0.261 1440.27 3.108e-06
400 30 0.271 1408.78 3.0696e-06
400 30 0.281 1407.88 3.1068e-06
400 30 0.291 1318.44 2.9547e-06
400 30 0.301 1309.94 2.5966e-06
400 30 0.311 1314.83 2.4921e-06
400 30 0.321 1274.13 2.8898e-06
400 30 0.331 1221.78 2.8233e-06
400 30 0.341 1204.76 2.7961e-06
400 30 0.351 1175.23 2.7624e-06
400 30 0.361 1158.41 2.7375e-06
400 30 0.371 1108.22 2.3659e-06
400 30 0.381 1109.36 1.9431e-06
400 30 0.391 1046.97 1.9147e-06
400 30 0.401 1042.86 1.8891e-06
400 30 0.411 1015.05 1.8778e-06
400 30 0.421 989.066 1.8562e-06
400 30 0.431 987.539 2.1275e-06
400 30 0.441 972.743 2.5695e-06
400 30 0.451 941.925 2.5143e-06
400 30 0.461 957.757 2.5419e-06
400 30 0.471 918.754 2.1506e-06
400 30 0.481 927.362 2.5029e-06
400 30 0.491 870.952 2.4184e-06
400 30 0.501 902.209 2.4774e-06
400 30 0.511 865.701 2.4238e-06
400 30 0.521 856.269 2.0959e-06
400 30 0.531 832.502 2.3921e-06
400 30 0.541 821.083 2.3933e-06
400 30 0.551 818.773 2.4006e-06
400 30 0.561 817.791 2.4037e-06
400 30 0.571 789.427 2.3674e-06
400 30 0.581 780.046 2.3507e-06
400 30 0.591 778.359 2.361e-06
400 30 0.601 769.293 2.3467e-06
400 30 0.611 742.738 2.2811e-06
400 30 0.621 729.56 2.2304e-06
400 30 0.631 736.59 2.1724e-06
400 30 0.641 717.745 1.6962e-06
400 30 0.651 723.144 1.7087e-06
400 30 0.661 717.93 1.7114e-06
400 30 0.671 700.199 1.7208e-06
400 30 0.681 693.962 1.6911e-06
400 30 0.691 693.53 1.7015e-06
400 30 0.701 686.558 1.84e-06
400 30 0.711 674.835 2.4177e-06
400 30 0.721 668.516 2.4107e-06
400 30 0.731 668.506 2.4118e-06
400 30 0.741 663.741 2.398e-06
400 30 0.751 653.694 2.3879e-06
400 30 0.761 649.015 2.4041e-06
400 30 0.771 647.182 2.4024e-06
400 30 0.781 639.553 2.3405e-06
400 30 0.791 630.825 2.2065e-06
400 30 0.801 633.68 2.2092e-06
400 30 0.811 626.527 2.23e-06
400 30 0.821 612.575 2.2178e-06
400 30 0.831 618.902 2.2474e-06
400 30 0.841 608.317 2.2029e-06
400 30 0.851 601.124 2.1663e-06
400 30 0.861 593.329 1.6941e-06
400 30 0.871 596.306 1.708e-06
400 30 0.881 595.951 1.7213e-06
400 30 0.891 589.822 1.7082e-06
400 30 0.901 589.246 1.72e-06
400 30 0.911 581.634 2.1522e-06
400 30 0.921 578.794 2.2186e-06
400 30 0.931 573.887 2.2312e-06
400 30 0.941 574.22 2.0005e-06
400 30 0.951 567.563 1.7528e-06
400 30 0.961 562.68 1.7659e-06
400 30 0.971 561.565 1.7415e-06
400 30 0.981 554.909 1.9134e-06
400 30 0.991 559.049 2.3599e-06
400 30 1.001 559.173 1.7945e-06
400 30 1.011 551.438 1.8469e-06
400 30 1.021 542.351 2.0138e-06
400 30 1.031 545.675 1.7799e-06
400 30 1.041 540.229 1.7953e-06
400 30 1.051 542.578 1.7995e-06
400 30 1.061 540.39 1.9339e-06
400 30 1.071 537.503 1.8765e-06
400 30 1.081 532.974 1.9661e-06
400 30 1.091 531.917 1.7999e-06
400 30 1.101 532.207 1.8293e-06
400 30 1.111 531.322 2.2125e-06
400 30 1.121 528.999 2.1384e-06
400 30 1.131 530.759 2.1478e-06
400 30 1.141 529.193 2.3707e-06
400 30 1.151 528.238 2.384e-06
400 30 1.161 526.979 2.3819e-06
400 30 1.171 527.866 2.4007e-06
400 30 1.181 524.707 2.3743e-06
400 30 1.191 524.342 2.3947e-06
400 30 1.201 518.792 2.3699e-06
400 30 1.211 521.65 2.4084e-06
400 30 1.221 520.093 2.4137e-06
400 30 1.231 517.962 2.4198e-06
400 30 1.241 516.603 2.4185e-06
400 30 1.251 515.26 2.4254e-06
400 30 1.261 516.643 2.4395e-06
400 30 1.271 513.696 2.4428e-06
400 30 1.281 511.024 2.4319e-06
400 30 1.291 512.972 2.4491e-06
400 30 1.301 515.653 2.4759e-06
400 30 1.311 512.454 2.463e-06
400 30 1.321 512.264 2.466e-06
400 30 1.331 511.672 2.4749e-06
400 30 1.341 512.242 2.4877e-06
400 30 1.351 509.547 2.4773e-06
400 30 1.361 508.004 2.443e-06
400 30 1.371 506.498 1.925e-06
400 30 1.381 508.138 2.1928e-06
400 30 1.391 508.818 2.3154e-06
400 30 1.401 507.55 2.4738e-06
400 30 1.411 504.478 2.4642e-06
400 30 1.421 504.57 2.2996e-06
400 30 1.431 504.794 2.5936e-06
400 30 1.441 503.747 2.6559e-06
400 30 1.451 504.75 2.6604e-06
400 30 1.461 504.002 2.6518e-06
400 30 1.471 503.328 2.387e-06
400 30 1.481 502.736 2.5514e-06
400 30 1.491 504.731 2.5651e-06
400 30 1.501 500.985 2.546e-06
400 30 1.511 505.385 2.5715e-06
400 30 1.521 500.908 2.5681e-06
400 30 1.531 500.134 2.5644e-06
400 30 1.541 500.719 2.5825e-06
400 30 1.551 500.652 2.5773e-06
400 30 1.561 500.931 2.5979e-06
400 30 1.571 500.523 2.6001e-06
400 30 1.581 499.575 2.5844e-06
400 30 1.591 499.067 2.5958e-06
400 30 1.601 498.71 2.6066e-06
400 30 1.611 497.741 2.6005e-06
400 30 1.621 498.659 2.615e-06
400 30 1.631 497.366 2.59e-06
400 30 1.641 497.531 2.0594e-06
400 30 1.651 499.253 2.3347e-06
400 30 1.661 497.863 2.5799e-06
400 30 1.671 499.98 2.2355e-06
400 30 1.681 499.345 2.6046e-06
400 30 1.691 496.378 2.6139e-06
400 30 1.701 496.889 2.6011e-06
400 30 1.711 496.779 2.0891e-06
400 30 1.721 496.304 2.5476e-06
400 30 1.731 497.465 2.62e-06
400 30 1.741 496.78 2.6171e-06
400 30 1.751 496.166 2.6108e-06
400 30 1.761 494.857 2.6055e-06
400 30 1.771 496.946 2.6411e-06
400 30 1.781 496.542 2.633e-06
400 30 1.791 496.326 2.627e-06
400 30 1.801 495.692 2.6278e-06
400 30 1.811 495.804 2.6319e-06
400 30 1.821 495.39 2.6279e-06
400 30 1.831 494.744 2.6316e-06
400 30 1.841 495.822 2.6431e-06
400 30 1.851 494.265 2.6393e-06
400 30 1.861 496.243 2.563e-06
400 30 1.871 495.001 2.5062e-06
400 30 1.881 494.585 2.6766e-06
400 30 1.891 495.037 2.683e-06
400 30 1.901 496.138 2.6832e-06
400 30 1.911 494.681 2.6575e-06
400 30 1.921 494.926 2.681e-06
400 30 1.931 495.346 2.6872e-06
400 30 1.941 494.226 2.7024e-06
400 30 1.951 494.227 2.6835e-06
400 30 1.961 494.704 2.6953e-06
400 30 1.971 494.591 2.6964e-06
400 30 1.981 494.553 2.6965e-06
400 30 1.991 494.977 2.6361e-06
400 40 0.001 3897.79 4.1814e-06
400 40 0.011 3763.58 5.8902e-06
400 40 0.021 3634.11 6.5314e-06
400 40 0.031 3450.48 4.1452e-06
400 40 0.041 3439.56 3.8661e-06
400 40 0.051 3226.48 4.4843e-06
400 40 0.061 3168.97 5.7309e-06
400 40 0.071 3013.51 5.4954e-06
400 40 0.081 2914.77 5.3541e-06
400 40 0.091 2748.09 5.1513e-06
400 40 0.101 2747.88 3.343e-06
400 40 0.111 2620.61 3.1769e-06
400 40 0.121 2523.68 4.0213e-06
400 40 0.131 2413.32 4.6575e-06
400 40 0.141 2308.84 3.7897e-06
400 40 0.151 2204.54 3.2713e-06
400 40 0.161 2119.36 4.1811e-06
400 40 0.171 2016.04 4.0359e-06
400 40 0.181 2022.45 3.3981e-06
400 40 0.191 1852.2 2.5157e-06
400 40 0.201 1854.11 2.7501e-06
400 40 0.211 1756.6 3.6074e-06
400 40 0.221 1672.92 3.4807e-06
400 40 0.231 1669.54 3.4785e-06
400 40 0.241 1611.27 3.3814e-06
400 40 0.251 1562.77 3.3251e-06
400 40 0.261 1472.12 2.4859e-06
400 40 0.271 1475.43 2.2975e-06
400 40 0.281 1383.44 3.0082e-06
400 40 0.291 1351.92 2.9761e-06
400 40 0.301 1335.41 2.9608e-06
400 40 0.311 1289.79 2.9064e-06
400 40 0.321 1263.34 2.8748e-06
400 40 0.331 1193.14 2.7521e-06
400 40 0.341 1167.65 2.7057e-06
400 40 0.351 1147.35 2.7014e-06
400 40 0.361 1126.35 2.6598e-06
400 40 0.371 1105.45 2.6493e-06
400 40 0.381 1072.46 2.6049e-06
400 40 0.391 1051.59 2.5897e-06
400 40 0.401 1036.85 2.5616e-06
400 40 0.411 1020.38 2.5557e-06
400 40 0.421 977.75 2.4903e-06
400 40 0.431 969.567 2.4835e-06
400 40 0.441 941.542 2.3388e-06
400 40 0.451 918.931 2.2275e-06
400 40 0.461 913.515 2.4315e-06
400 40 0.471 899.537 2.4016e-06
400 40 0.481 880.494 2.3841e-06
400 40 0.491 879.771 2.392e-06
400 40 0.501 848.584 2.342e-06
400 40 0.511 837.163 2.3414e-06
400 40 0.521 828.801 2.3374e-06
400 40 0.531 802.609 2.301e-06
400 40 0.541 810.686 2.3313e-06
400 40 0.551 803.704 1.7511e-06
400 40 0.561 801.775 2.3641e-06
400 40 0.571 775.553 2.1421e-06
400 40 0.581 772.002 2.2774e-06
400 40 0.591 742.448 2.2512e-06
400 40 0.601 752.68 2.258e-06
400 40 0.611 732.758 2.241e-06
400 40 0.621 730.645 2.1165e-06
400 40 0.631 721.015 2.2547e-06
400 40 0.641 714.439 2.2427e-06
400 40 0.651 687.538 2.1681e-06
400 40 0.661 686.161 1.6797e-06
400 40 0.671 686.201 1.6838e-06
400 40 0.681 677.002 1.6612e-06
400 40 0.691 667.566 1.6552e-06
400 40 0.701 670.532 1.6904e-06
400 40 0.711 663.058 2.0651e-06
400 40 0.721 643.952 1.8834e-06
400 40 0.731 648.029 1.933e-06
400 40 0.741 633.226 1.6645e-06
400 40 0.751 632.554 1.6696e-06
400 40 0.761 630.71 2.0933e-06
400 40 0.771 630.744 2.2132e-06
400 40 0.781 617.057 2.205e-06
400 40 0.791 610.503 2.1955e-06
400 40 0.801 610.415 2.2039e-06
400 40 0.811 596.792 2.1635e-06
400 40 0.821 596.138 1.8472e-06
400 40 0.831 600.542 2.2217e-06
400 40 0.841 596.598 2.229e-06
400 40 0.851 585.384 2.0023e-06
400 40 0.861 585.843 1.7188e-06
400 40 0.871 581.882 1.7932e-06
400 40 0.881 580.854 2.1814e-06
400 40 0.891 575.238 2.1699e-06
400 40 0.901 563.311 2.1303e-06
400 40 0.911 563.491 1.71e-06
400 40 0.921 557.014 1.8844e-06
400 40 0.931 556.236 2.1863e-06
400 40 0.941 564.746 1.9532e-06
400 40 0.951 554.104 1.6984e-06
400 40 0.961 546.522 2.1355e-06
400 40 0.971 549.615 2.2188e-06
400 40 0.981 541.701 1.716e-06
400 40 0.991 542.726 1.7248e-06
400 40 1.001 538.594 1.7553e-06
400 40 1.011 536.724 2.0209e-06
400 40 1.021 532.482 1.8745e-06
400 40 1.031 530.379 1.9716e-06
400 40 1.041 527.743 2.258e-06
400 40 1.051 534.163 2.2942e-06
400 40 1.061 526.153 2.2857e-06
400 40 1.071 519.61 2.2669e-06
400 40 1.081 519.017 2.2534e-06
400 40 1.091 522.135 2.2649e-06
400 40 1.101 515.389 2.1998e-06
400 40 1.111 516.151 1.7777e-06
400 40 1.121 513.459 1.7822e-06
400 40 1.131 514.151 1.7866e-06
400 40 1.141 511.71 1.8188e-06
400 40 1.151 508.35 1.8279e-06
400 40 1.161 510.948 1.8279e-06
400 40 1.171 510.684 2.2059e-06
400 40 1.181 509.103 2.3348e-06
400 40 1.191 507.121 2.337e-06
400 40 1.201 503.7 2.338e-06
400 40 1.211 505.302 2.3601e-06
400 40 1.221 506.342 2.3536e-06
400 40 1.231 503.299 2.3484e-06
400 40 1.241 502.29 2.3821e-06
400 40 1.251 504.483 2.3842e-06
400 40 1.261 501.747 2.1605e-06
400 40 1.271 499.579 1.9569e-06
400 40 1.281 501.64 1.8959e-06
400 40 1.291 498.787 1.8982e-06
400 40 1.301 498.82 2.3913e-06
400 40 1.311 496.302 2.3963e-06
400 40 1.321 498.175 2.1834e-06
400 40 1.331 492.665 2.343e-06
400 40 1.341 497.697 2.3914e-06
400 40 1.351 495.736 2.3927e-06
400 40 1.361 496.032 2.3871e-06
400 40 1.371 494.674 2.3405e-06
400 40 1.381 493.453 2.4243e-06
400 40 1.391 495.515 2.4505e-06
400 40 1.401 493.893 2.4592e-06
400 40 1.411 494.001 2.4475e-06
400 40 1.421 496.458 2.0784e-06
400 40 1.431 491.596 2.0836e-06
400 40 1.441 489.771 1.9147e-06
400 40 1.451 490.556 1.9254e-06
400 40 1.461 489.867 1.9307e-06
400 40 1.471 490.266 2.2274e-06
400 40 1.481 487.842 2.4689e-06
400 40 1.491 489.798 2.5006e-06
400 40 1.501 489.373 2.4903e-06
400 40 1.511 488.599 2.104e-06
400 40 1.521 485.405 1.9558e-06
400 40 1.531 485.373 1.9623e-06
400 40 1.541 489.413 1.9851e-06
400 40 1.551 486.739 1.9816e-06
400 40 1.561 487.023 2.2916e-06
400 40 1.571 488.645 2.5433e-06
400 40 1.581 484.864 2.5267e-06
400 40 1.591 486.595 2.5477e-06
400 40 1.601 486.567 2.5458e-06
400 40 1.611 485.397 2.5393e-06
400 40 1.621 485.997 2.5331e-06
400 40 1.631 487.033 2.5399e-06
400 40 1.641 485.863 2.5456e-06
400 40 1.651 482.904 2.3304e-06
400 40 1.661 484.326 2.5103e-06
400 40 1.671 484.133 2.4822e-06
400 40 1.681 483.736 2.1755e-06
400 40 1.691 484.141 2.3294e-06
400 40 1.701 484.567 2.0605e-06
400 40 1.711 485.299 2.0631e-06
400 40 1.721 483.686 2.0304e-06
400 40 1.731 485.218 2.5148e-06
400 40 1.741 482.782 2.5581e-06
400 40 1.751 483.177 2.5538e-06
400 40 1.761 482.714 2.5558e-06
400 40 1.771 483.91 2.2327e-06
400 40 1.781 482.913 2.0954e-06
400 40 1.791 482.945 2.05e-06
400 40 1.801 482.656 2.0496e-06
400 40 1.811 482.959 2.0443e-06
400 40 1.821 482.703 2.0523e-06
400 40 1.831 482.594 2.0764e-06
400 40 1.841 481.95 2.6233e-06
400 40 1.851 481.484 2.1576e-06
400 40 1.861 482.485 2.0509e-06
400 40 1.871 482.273 2.0547e-06
400 40 1.881 481.51 2.071e-06
400 40 1.891 481.377 2.5804e-06
400 40 1.901 481.463 2.0909e-06
400 40 1.911 481.927 2.0516e-06
400 40 1.921 481.438 2.0577e-06
400 40 1.931 481.701 2.0631e-06
400 40 1.941 481.013 2.0696e-06
400 40 1.951 480.444 2.2826e-06
400 40 1.961 481.353 2.0721e-06
400 40 1.971 481.653 2.0796e-06
400 40 1.981 481.51 2.0706e-06
400 40 1.991 481.404 2.0885e-06
