200 10 0.001 610.165 7334.91 1.5219
200 10 0.011 615.618 7389.37 1.6458
200 10 0.021 618.603 7417.98 1.9165
200 10 0.031 606.872 7288.86 2.1874
200 10 0.041 615.839 7380.27 2.6476
200 10 0.051 594.749 7152.32 2.698
200 10 0.061 609.591 7305.73 3.1496
200 10 0.071 596.851 7166.01 3.5322
200 10 0.081 579.695 6980.21 3.4374
200 10 0.091 583.507 7017.03 3.8045
200 10 0.101 581.733 6992.95 4.4396
200 10 0.111 578.828 6958.32 4.5724
200 10 0.121 569.131 6852.38 4.6712
200 10 0.131 565.881 6813.39 4.971
200 10 0.141 558.582 6731.83 5.3357
200 10 0.151 545.568 6591.07 5.5464
200 10 0.161 542.536 6553.35 5.8101
200 10 0.171 548.221 6611.32 6.1867
200 10 0.181 540.095 6521.79 6.5001
200 10 0.191 522.416 6330.67 6.5197
200 10 0.201 523.683 6339.03 6.9452
200 10 0.211 531.193 6412.17 7.2663
200 10 0.221 512.971 6217.34 7.3372
200 10 0.231 515.302 6236.79 7.9206
200 10 0.241 510.965 6192.22 8.0974
200 10 0.251 508.026 6157.86 9.2543
200 10 0.261 497.195 6039.08 9.3224
200 10 0.271 502.082 6089.71 9.7712
200 10 0.281 486.173 5918.15 9.8942
200 10 0.291 488.798 5941.34 9.6676
200 10 0.301 482.682 5873.72 9.7075
200 10 0.311 471.417 5752.75 10.891
200 10 0.321 474.929 5787.94 10.5012
200 10 0.331 465.874 5687.83 10.6405
200 10 0.341 459.974 5624.49 10.9247
200 10 0.351 458.547 5609.02 11.6949
200 10 0.361 452.062 5534.02 12.0081
200 10 0.371 456.866 5582.88 12.5093
200 10 0.381 452.122 5532.98 12.617
200 10 0.391 442.36 5428.1 13.0046
200 10 0.401 434.236 5339.84 13.3508
200 10 0.411 426.906 5262.87 13.3241
200 10 0.421 418.899 5177.19 13.6182
200 10 0.431 422.588 5211.11 13.9551
200 10 0.441 423.097 5217.99 15.0035
200 10 0.451 406.294 5041.04 15.7095
200 10 0.461 421.145 5190.93 15.4696
200 10 0.471 405.835 5033.2 15.3934
200 10 0.481 402.207 4994.4 15.4611
200 10 0.491 398.896 4956.57 16.1323
200 10 0.501 405.931 5029.11 16.9983
200 10 0.511 393.862 4901.85 17.6455
200 10 0.521 391.853 4877.38 18.4542
200 10 0.531 387.13 4829.43 18.5714
200 10 0.541 382.68 4781.2 18.9475
200 10 0.551 382.917 4782.38 19.3931
200 10 0.561 380.617 4757.7 19.8635
200 10 0.571 378.321 4732.88 20.3241
200 10 0.581 374.873 4694.77 20.8694
200 10 0.591 378.022 4723.8 21.3988
200 10 0.601 369.732 4640.62 21.6408
200 10 0.611 361.818 4559.41 21.7625
200 10 0.621 355.886 4497.13 21.8645
200 10 0.631 362.478 4561.42 22.9381
200 10 0.641 355.724 4490.7 23.3224
200 10 0.651 347.689 4408.96 23.3969
200 10 0.661 349.875 4431.53 23.8811
200 10 0.671 339.507 4326.09 23.8941
200 10 0.681 345.297 4381.57 24.9637
200 10 0.691 344.275 4369.73 25.3159
200 10 0.701 339.906 4327.03 25.7044
200 10 0.711 335.017 4274.49 26.9838
200 10 0.721 335.096 4273.67 26.8712
200 10 0.731 331.846 4241.32 26.8925
200 10 0.741 333.42 4257.1 27.1473
200 10 0.751 326.596 4187.43 27.6237
200 10 0.761 323.347 4153.08 27.9242
200 10 0.771 324.546 4165.3 28.63
200 10 0.781 324.32 4162.2 29.2763
200 10 0.791 317.595 4093.21 29.985
200 10 0.801 317.713 4094.79 30.1707
200 10 0.811 314.167 4058.35 30.1221
200 10 0.821 309.35 4009.13 30.9096
200 10 0.831 314.413 4058.35 31.813
200 10 0.841 311.299 4027.95 31.8758
200 10 0.851 314.02 4052.79 33.3483
200 10 0.861 302.197 3936.12 32.4936
200 10 0.871 305.134 3964.31 33.6391
200 10 0.881 302.072 3933.56 33.7529
200 10 0.891 299.838 3910.4 34.6079
200 10 0.901 298.944 3901.97 34.7986
200 10 0.911 299.9 3908.15 36.5014
200 10 0.921 297.097 3881.17 36.5157
200 10 0.931 296.955 3879.61 37.1363
200 10 0.941 290.947 3819.61 37.4682
200 10 0.951 292.684 3835.52 38.388
200 10 0.961 289.257 3801.42 38.3625
200 10 0.971 285.988 3769.97 38.4918
200 10 0.981 286.86 3777.44 39.8065
200 10 0.991 284.371 3752.46 40.1136
200 10 1.001 284.327 3750.88 41.4524
200 10 1.011 283.289 3741.19 41.5352
200 10 1.021 281.718 3725.11 42.833
200 10 1.031 283.076 3737.45 43.7938
200 10 1.041 280.359 3710.59 44.2774
200 10 1.051 278.041 3687.57 44.6637
200 10 1.061 278.237 3689.04 45.7317
200 10 1.071 279.522 3701.32 46.7164
200 10 1.081 276.929 3675.76 46.5623
200 10 1.091 276.001 3666.79 46.3394
200 10 1.101 275.238 3659.15 47.153
200 10 1.111 272.1 3628.29 47.3986
200 10 1.121 272.096 3628.38 47.1661
200 10 1.131 273.401 3640.34 48.3175
200 10 1.141 270.723 3614.36 48.3103
200 10 1.151 270.16 3608.19 48.6428
200 10 1.161 270.974 3616.45 49.4144
200 10 1.171 270.008 3606.58 50.0741
200 10 1.181 270.062 3606.89 50.6041
200 10 1.191 269.851 3604.45 51.0221
200 10 1.201 269.155 3597.82 51.0526
200 10 1.211 268.553 3591.57 52.0436
200 10 1.221 266.911 3575.8 51.507
200 10 1.231 264.805 3555.17 52.0828
200 10 1.241 266.235 3568.58 52.6891
200 10 1.251 267.223 3578.12 53.533
200 10 1.261 265.726 3563.62 53.52
200 10 1.271 266.077 3566.84 53.7601
200 10 1.281 264.541 3551.74 53.7028
200 10 1.291 262.765 3534.48 53.9411
200 10 1.301 263.932 3545.71 54.7831
200 10 1.311 264.533 3551.4 55.8559
200 10 1.321 263.075 3537.33 55.2291
200 10 1.331 262.275 3529.44 55.6469
200 10 1.341 263.354 3539.41 56.8186
200 10 1.351 261.82 3524.6 56.2462
200 10 1.361 263.528 3541.06 57.3705
200 10 1.371 261.292 3519.58 56.8458
200 10 1.381 261.324 3519.49 57.5341
200 10 1.391 260.717 3513.9 57.6765
200 10 1.401 260.11 3508.02 58.256
200 10 1.411 260.91 3515.22 58.6732
200 10 1.421 259.836 3505.05 58.3567
200 10 1.431 260.544 3511.5 59.1721
200 10 1.441 258.79 3495.19 59.4929
200 10 1.451 259.442 3500.85 60.8394
200 10 1.461 259.555 3501.92 60.803
200 10 1.471 259.947 3505.58 61.1233
200 10 1.481 259.82 3503.77 62.0288
200 10 1.491 258.355 3490.03 61.3003
200 10 1.501 259.732 3502.79 62.3015
200 10 1.511 258.257 3488.88 61.6929
200 10 1.521 258.32 3489.39 62.2186
200 10 1.531 258.016 3486.55 63.0496
200 10 1.541 258.002 3486.33 63.4558
200 10 1.551 257.812 3484.3 63.9568
200 10 1.561 257.153 3477.92 63.44
200 10 1.571 256.659 3473.5 63.4968
200 10 1.581 256.576 3472.26 63.8709
200 10 1.591 258.122 3486.94 65.3409
200 10 1.601 256.421 3470.89 64.2672
200 10 1.611 258.104 3486.45 65.9222
200 10 1.621 256.924 3475.52 64.9077
200 10 1.631 256.755 3473.64 67.0124
200 10 1.641 256.068 3467.31 66.8931
200 10 1.651 256.37 3470.11 67.3582
200 10 1.661 257.091 3476.73 66.616
200 10 1.671 257.519 3480.68 66.8619
200 10 1.681 256.624 3472.39 65.9911
200 10 1.691 256.826 3474.04 68.2516
200 10 1.701 256.517 3470.97 69.0545
200 10 1.711 256.744 3473.19 68.6015
200 10 1.721 255.728 3463.59 66.4911
200 10 1.731 256.028 3466.56 66.7777
200 10 1.741 255.687 3463.21 66.6168
200 10 1.751 255.71 3463.25 67.2344
200 10 1.761 255.442 3460.67 67.2577
200 10 1.771 254.911 3455.77 67.0271
200 10 1.781 255.802 3463.84 67.9975
200 10 1.791 254.78 3454.44 67.0318
200 10 1.801 254.632 3453.04 66.8423
200 10 1.811 255.306 3459.31 68.6877
200 10 1.821 255.409 3460.19 71.224
200 10 1.831 255.062 3456.96 68.4905
200 10 1.841 254.545 3452.01 70.0616
200 10 1.851 254.738 3453.81 70.0879
200 10 1.861 254.763 3454.02 68.3337
200 10 1.871 255.068 3456.85 68.7791
200 10 1.881 254.58 3452.27 68.3911
200 10 1.891 255.254 3458.48 69.343
200 10 1.901 255.038 3456.6 70.8863
200 10 1.911 254.809 3454.32 72.671
200 10 1.921 254.997 3456.05 71.0639
200 10 1.931 254.666 3452.9 69.4282
200 10 1.941 254.57 3452.02 69.2365
200 10 1.951 254.728 3453.54 69.2689
200 10 1.961 254.621 3452.49 71.446
200 10 1.971 254.908 3455.15 69.6037
200 10 1.981 254.682 3453.12 69.543
200 10 1.991 254.756 3453.8 69.1079
200 20 0.001 1037.21 11555.9 1.9694
200 20 0.011 1010.9 11279.2 3.09
200 20 0.021 1004.02 11200.6 3.1457
200 20 0.031 999.07 11143.7 3.8646
200 20 0.041 963.422 10769.6 4.5849
200 20 0.051 952.358 10648.2 5.1499
200 20 0.061 956.783 10687.4 5.7319
200 20 0.071 938.846 10496.4 6.352
200 20 0.081 918.032 10274.4 6.8656
200 20 0.091 918.17 10268.2 7.5519
200 20 0.101 877.258 9844.71 8.0296
200 20 0.111 856.525 9623.67 8.4625
200 20 0.121 831.714 9365.95 8.8837
200 20 0.131 832.425 9367.08 9.0989
200 20 0.141 812.685 9158.53 9.1993
200 20 0.151 815.12 9177.67 9.8458
200 20 0.161 781.576 8829.31 10.0921
200 20 0.171 765.678 8659.69 10.6252
200 20 0.181 733.031 8322.45 10.6659
200 20 0.191 741.872 8408.02 11.2773
200 20 0.201 713.904 8118.98 11.3855
200 20 0.211 683.067 7801.48 11.3809
200 20 0.221 669.727 7659.79 11.7654
200 20 0.231 657.787 7537.83 11.9852
200 20 0.241 662.664 7580.66 12.6912
200 20 0.251 641.7 7363.77 12.9559
200 20 0.261 636.406 7306.87 13.1208
200 20 0.271 619.021 7130.34 13.0907
200 20 0.281 600.53 6937.89 13.3344
200 20 0.291 594.194 6871.37 13.5757
200 20 0.301 587.617 6799.86 14.1046
200 20 0.311 572.263 6643.05 14.1923
200 20 0.321 567.057 6587.61 14.5897
200 20 0.331 561.799 6532.49 14.9402
200 20 0.341 550.838 6418.74 15.8624
200 20 0.351 535.031 6256.77 15.5465
200 20 0.361 537.501 6277.83 15.6583
200 20 0.371 508.761 5988.76 15.412
200 20 0.381 504.517 5944.53 15.8947
200 20 0.391 509.215 5987.89 16.4086
200 20 0.401 494.831 5840.51 16.7454
200 20 0.411 479.456 5686.25 16.5696
200 20 0.421 466.081 5550.41 16.77
200 20 0.431 462.79 5514.69 17.0356
200 20 0.441 453.303 5419.36 17.2349
200 20 0.451 456.978 5453.57 18.6313
200 20 0.461 446.806 5351.89 18.7964
200 20 0.471 440.357 5285.01 19.0609
200 20 0.481 422.614 5108.55 18.5207
200 20 0.491 429.963 5178.41 19.3446
200 20 0.501 427.336 5152.79 19.6336
200 20 0.511 418.257 5059.94 20.0545
200 20 0.521 408.212 4959.28 20.5371
200 20 0.531 400.898 4885.38 20.4906
200 20 0.541 402.815 4903.43 20.6118
200 20 0.551 390.057 4775.15 20.8761
200 20 0.561 382.564 4700.13 20.867
200 20 0.571 381.704 4691.03 21.5211
200 20 0.581 381.312 4686.14 22.1459
200 20 0.591 379.547 4667.77 22.7083
200 20 0.601 362.009 4493.07 22.1078
200 20 0.611 363.186 4504.57 22.6725
200 20 0.621 359.25 4464.17 23.12
200 20 0.631 352.106 4393.45 23.1222
200 20 0.641 351.739 4388.65 24.161
200 20 0.651 351.554 4386.98 24.4052
200 20 0.661 339.592 4267.35 24.5469
200 20 0.671 343.85 4308.6 25.3432
200 20 0.681 345.368 4322.75 26.1043
200 20 0.691 336.566 4236.01 25.6488
200 20 0.701 336.643 4236.02 25.8639
200 20 0.711 332.217 4191.39 26.2516
200 20 0.721 321.933 4089.34 26.3487
200 20 0.731 323.379 4103.6 26.7184
200 20 0.741 317.493 4045.22 26.7035
200 20 0.751 318.035 4049.5 27.6441
200 20 0.761 316.299 4032.55 27.8993
200 20 0.771 313.035 3999.3 28.4269
200 20 0.781 311.797 3986.32 29.1039
200 20 0.791 309.409 3962.6 29.5733
200 20 0.801 306.314 3931.61 29.8662
200 20 0.811 308.259 3950.7 31.1112
200 20 0.821 303.835 3906.5 30.7946
200 20 0.831 302.453 3892.5 31.3663
200 20 0.841 298.402 3852.59 31.1261
200 20 0.851 297.345 3841.83 32.1407
200 20 0.861 295.048 3818.8 32.8432
200 20 0.871 287.974 3749.52 32.4869
200 20 0.881 288.408 3753.15 33.2102
200 20 0.891 284.576 3715.33 33.4889
200 20 0.901 282.792 3697.65 33.4441
200 20 0.911 283.327 3702.86 34.2394
200 20 0.921 281.03 3679.41 35.3582
200 20 0.931 277.517 3643.98 35.1076
200 20 0.941 279.49 3663.16 35.7154
200 20 0.951 278.086 3649.32 36.0799
200 20 0.961 276.501 3633.24 37.0782
200 20 0.971 273.56 3604.63 37.5434
200 20 0.981 273.322 3601.43 38.4637
200 20 0.991 269.663 3566.14 38.369
200 20 1.001 270.123 3569.97 39.4442
200 20 1.011 272.704 3594.75 40.7464
200 20 1.021 266.453 3533.72 40.1847
200 20 1.031 267.178 3540.47 41.87
200 20 1.041 265.527 3523.26 42.805
200 20 1.051 263.046 3499.31 42.3174
200 20 1.061 264.025 3508.97 43.2228
200 20 1.071 262.661 3495.16 43.6664
200 20 1.081 261.755 3485.82 44.3031
200 20 1.091 261.237 3480.84 44.3152
200 20 1.101 260.79 3476.07 45.1972
200 20 1.111 258.162 3451.05 44.7794
200 20 1.121 258.952 3458.17 45.3508
200 20 1.131 255.61 3425.64 45.7603
200 20 1.141 257.186 3440.51 46.6857
200 20 1.151 256.068 3429.83 46.1845
200 20 1.161 256.427 3432.92 47.1097
200 20 1.171 256.377 3431.93 47.8141
200 20 1.181 256.042 3428.42 48.2153
200 20 1.191 254.872 3417.34 48.3981
200 20 1.201 252.811 3397.57 47.9226
200 20 1.211 253.457 3403.5 48.5675
200 20 1.221 253.703 3405.68 49.1162
200 20 1.231 252.349 3392.5 49.5654
200 20 1.241 253.633 3404.43 50.675
200 20 1.251 252.962 3398.3 50.4231
200 20 1.261 251.039 3379.32 50.3373
200 20 1.271 250.738 3376.43 51.2444
200 20 1.281 250.117 3370.4 51.3507
200 20 1.291 249.79 3367.37 51.4967
200 20 1.301 249.66 3365.63 52.036
200 20 1.311 251.961 3387.49 53.5962
200 20 1.321 249.841 3367.03 53.173
200 20 1.331 250.683 3374.94 54.0815
200 20 1.341 248.48 3353.85 53.2519
200 20 1.351 249.17 3360.33 54.1085
200 20 1.361 248.747 3356.25 54.3714
200 20 1.371 248.936 3357.44 55.4517
200 20 1.381 247.82 3347.05 54.8322
200 20 1.391 248.113 3349.78 55.3625
200 20 1.401 247.205 3340.87 56.1124
200 20 1.411 246.945 3338.5 56.4876
200 20 1.421 247.607 3344.42 57.2407
200 20 1.431 246.564 3334.32 56.9429
200 20 1.441 246.255 3331.25 57.1653
200 20 1.451 246.301 3331.49 57.986
200 20 1.461 245.471 3323.55 58.0123
200 20 1.471 245.26 3321.57 57.9611
200 20 1.481 245.491 3323.7 58.736
200 20 1.491 245.682 3325.36 58.8208
200 20 1.501 245.784 3326.1 59.9479
200 20 1.511 245.363 3322.13 59.8084
200 20 1.521 245.425 3322.53 60.344
200 20 1.531 244.991 3318.52 60.173
200 20 1.541 243.764 3306.72 59.9304
200 20 1.551 245.436 3322.32 61.6463
200 20 1.561 243.526 3304.32 60.5635
200 20 1.571 244.951 3317.64 62.229
200 20 1.581 243.094 3300.09 61.3378
200 20 1.591 244.088 3309.25 62.3253
200 20 1.601 243.731 3306.02 63.4507
200 20 1.611 242.762 3296.69 61.3069
200 20 1.621 243.629 3304.9 61.8843
200 20 1.631 242.739 3296.42 61.6438
200 20 1.641 243.441 3303.01 62.418
200 20 1.651 242.999 3298.87 62.0827
200 20 1.661 243.123 3299.84 62.9244
200 20 1.671 243.062 3299.27 62.8912
200 20 1.681 242.587 3294.78 62.8508
200 20 1.691 242.462 3293.33 62.9115
200 20 1.701 242.696 3295.62 63.0377
200 20 1.711 241.877 3288.04 62.71
200 20 1.721 242.246 3291.16 63.515
200 20 1.731 242.412 3292.86 63.4801
200 20 1.741 241.987 3288.65 63.6803
200 20 1.751 242.316 3291.87 64.0448
200 20 1.761 241.636 3285.52 63.5805
200 20 1.771 242.036 3289.14 64.02
200 20 1.781 242.5 3293.38 64.6716
200 20 1.791 242.19 3290.5 63.9938
200 20 1.801 240.921 3278.5 63.3347
200 20 1.811 242.077 3289.33 64.622
200 20 1.821 241.931 3288 64.4856
200 20 1.831 241.819 3286.91 64.831
200 20 1.841 241.695 3285.67 64.9876
200 20 1.851 241.525 3284.11 64.984
200 20 1.861 241.534 3284.08 64.844
200 20 1.871 241.987 3288.34 65.5185
200 20 1.881 241.61 3284.79 65.5129
200 20 1.891 241.783 3286.43 65.3388
200 20 1.901 241.647 3285.19 65.9563
200 20 1.911 242.013 3288.6 66.1577
200 20 1.921 241.578 3284.5 65.8321
200 20 1.931 241.556 3284.12 65.9342
200 20 1.941 241.588 3284.46 66.2588
200 20 1.951 241.232 3281.2 65.6431
200 20 1.961 241.523 3283.84 66.3101
200 20 1.971 241.239 3281.19 65.8883
200 20 1.981 241.54 3284.01 66.1307
200 20 1.991 241.376 3282.5 65.9913
200 30 0.001 1425.13 15384.4 2.8033
200 30 0.011 1397.07 15089.4 3.6583
200 30 0.021 1332.3 14421.6 4.4527
200 30 0.031 1295.59 14036.5 5.5005
200 30 0.041 1269.72 13763.2 6.5566
200 30 0.051 1227.54 13325.6 7.1505
200 30 0.061 1212.72 13164 8.2988
200 30 0.071 1160.46 12622.7 8.8871
200 30 0.081 1151.23 12523 9.6831
200 30 0.091 1118.96 12186.8 10.3531
200 30 0.101 1088.22 11865.8 10.968
200 30 0.111 1023.59 11207.1 11.3029
200 30 0.121 1007.41 11032.9 11.8665
200 30 0.131 970.87 10657 12.5058
200 30 0.141 941.048 10349.1 12.3984
200 30 0.151 927.521 10205.5 13.8581
200 30 0.161 903.555 9959.21 13.9393
200 30 0.171 872.801 9644.71 13.8962
200 30 0.181 859.623 9505.73 14.3385
200 30 0.191 820.876 9111.02 14.3039
200 30 0.201 789.93 8791.62 14.7922
200 30 0.211 748.715 8373.41 14.5297
200 30 0.221 752.219 8403.93 15.1707
200 30 0.231 738.461 8261.91 15.7459
200 30 0.241 716.087 8034.73 15.2213
200 30 0.251 688.222 7750.9 15.36
200 30 0.261 681.636 7681.22 15.3966
200 30 0.271 659.638 7458.22 15.6537
200 30 0.281 657.498 7434.81 16.4844
200 30 0.291 628.745 7141.43 17.2259
200 30 0.301 629.456 7147.04 16.7237
200 30 0.311 580.866 6659.18 15.4925
200 30 0.321 583.035 6678.05 16.1548
200 30 0.331 573.175 6577.91 16.2678
200 30 0.341 552.54 6371.04 16.4632
200 30 0.351 535.497 6198.26 16.642
200 30 0.361 523.139 6074.36 17.6244
200 30 0.371 513.678 5978.23 17.1331
200 30 0.381 503.049 5870.69 16.67
200 30 0.391 493.688 5776.26 16.8915
200 30 0.401 479.518 5632.4 17.1975
200 30 0.411 477.031 5606.77 18.5429
200 30 0.421 470.573 5542.82 18.5887
200 30 0.431 446.827 5304.6 18.5688
200 30 0.441 448.796 5322.9 19.0757
200 30 0.451 437.461 5210.13 18.1811
200 30 0.461 439.543 5229.55 19.1399
200 30 0.471 418.959 5023.28 19.1857
200 30 0.481 420.533 5039.06 19.7099
200 30 0.491 408.244 4915.93 19.2514
200 30 0.501 411.98 4952.96 19.9703
200 30 0.511 400.64 4839.49 20.2306
200 30 0.521 394.762 4780.16 20.3922
200 30 0.531 381.795 4651.46 20.2177
200 30 0.541 377.757 4610.02 20.5151
200 30 0.551 376.162 4593.09 20.1901
200 30 0.561 372.583 4557.46 20.1375
200 30 0.571 364.848 4480.81 20.3179
200 30 0.581 361.347 4445.32 21.576
200 30 0.591 354.677 4378.64 21.2799
200 30 0.601 350.157 4333.38 21.7636
200 30 0.611 348.081 4311.97 22.2247
200 30 0.621 341.824 4249.29 22.5373
200 30 0.631 337.03 4202.22 22.7818
200 30 0.641 333.519 4166.71 23.1402
200 30 0.651 327.737 4109.81 23.2301
200 30 0.661 330.031 4132.35 23.8792
200 30 0.671 318.683 4018.95 23.7145
200 30 0.681 323.617 4066.49 24.3487
200 30 0.691 319.191 4024.21 24.2019
200 30 0.701 314.938 3980.69 24.6132
200 30 0.711 315.482 3985.21 25.1564
200 30 0.721 306.868 3900.45 24.8697
200 30 0.731 305.258 3883.54 25.5321
200 30 0.741 299.88 3830.62 25.5193
200 30 0.751 298.626 3817.88 26.2447
200 30 0.761 300.311 3834.09 26.6957
200 30 0.771 291.709 3749.23 26.5613
200 30 0.781 298.403 3814.23 28.2846
200 30 0.791 291.708 3747.45 28.5275
200 30 0.801 288.416 3715.59 28.3673
200 30 0.811 285.523 3686.1 28.9655
200 30 0.821 282.484 3656.62 28.9103
200 30 0.831 281.319 3644.68 29.3948
200 30 0.841 281.407 3645.65 29.4941
200 30 0.851 280.824 3638.71 30.7588
200 30 0.861 278.881 3619.47 30.8174
200 30 0.871 274.276 3573.9 31.2993
200 30 0.881 275.282 3583.96 31.7771
200 30 0.891 269.524 3526.34 32.0971
200 30 0.901 272.856 3558.73 32.8457
200 30 0.911 268.636 3516.77 33.6964
200 30 0.921 268.77 3518.01 34.5536
200 30 0.931 265.467 3485.94 33.9174
200 30 0.941 263.684 3467.94 34.0853
200 30 0.951 261.229 3444.39 33.7318
200 30 0.961 261.43 3445.24 35.2688
200 30 0.971 260.654 3437.19 35.7869
200 30 0.981 255.348 3386.04 36.25
200 30 0.991 257.075 3401.87 36.8879
200 30 1.001 256.104 3392.17 37.8167
200 30 1.011 252.082 3352.83 37.9503
200 30 1.021 252.616 3357.17 39.3582
200 30 1.031 253.363 3364.21 40.5751
200 30 1.041 249.157 3323.51 39.4485
200 30 1.051 251.883 3349.26 41.1664
200 30 1.061 247.861 3310.31 40.832
200 30 1.071 248.013 3311.32 41.7878
200 30 1.081 245.938 3290.86 41.857
200 30 1.091 245.464 3286.31 42.3679
200 30 1.101 244.921 3280.77 43.2466
200 30 1.111 245.862 3289.67 43.1721
200 30 1.121 243.278 3264.66 42.9897
200 30 1.131 242.834 3259.59 44.2332
200 30 1.141 242.589 3257.75 44.3207
200 30 1.151 242.536 3256.48 44.6851
200 30 1.161 241.457 3246.02 45.1067
200 30 1.171 241.621 3247.62 45.5783
200 30 1.181 242.068 3251.36 46.4345
200 30 1.191 240.934 3240.62 46.3473
200 30 1.201 239.567 3226.75 46.864
200 30 1.211 241.564 3245.72 48.2145
200 30 1.221 239.451 3226.13 47.3464
200 30 1.231 238.694 3218.47 47.7681
200 30 1.241 238.774 3218.81 48.1459
200 30 1.251 239.705 3227.75 49.0037
200 30 1.261 238.765 3218.62 49.0817
200 30 1.271 237.835 3209.17 49.1985
200 30 1.281 236.812 3199.43 49.3503
200 30 1.291 237.21 3203.17 50.0288
200 30 1.301 236.567 3196.98 49.3676
200 30 1.311 234.611 3178.09 48.8123
200 30 1.321 235.153 3183.15 50.0966
200 30 1.331 235.273 3184.19 50.2773
200 30 1.341 235.583 3186.79 50.8561
200 30 1.351 235.019 3181.52 51.207
200 30 1.361 235.395 3184.92 52.4868
200 30 1.371 234.445 3175.81 52.3736
200 30 1.381 233.792 3169.49 52.2215
200 30 1.391 233.288 3164.48 51.8033
200 30 1.401 233.162 3163.13 52.9748
200 30 1.411 233.215 3163.38 53.118
200 30 1.421 234.392 3174.68 53.897
200 30 1.431 232.329 3154.98 53.926
200 30 1.441 232.142 3152.94 54.0458
200 30 1.451 232.444 3155.78 54.0655
200 30 1.461 232.164 3153.1 54.1661
200 30 1.471 231.906 3150.64 54.4351
200 30 1.481 231.905 3150.66 54.4562
200 30 1.491 231.99 3151.26 55.2791
200 30 1.501 231.275 3143.97 55.6536
200 30 1.511 230.91 3140.48 55.6082
200 30 1.521 232.079 3151.33 56.8308
200 30 1.531 231.767 3148.47 56.5931
200 30 1.541 231.484 3145.48 57.3555
200 30 1.551 229.707 3128.8 56.2244
200 30 1.561 230.868 3139.69 57.9297
200 30 1.571 230.212 3133.34 57.8709
200 30 1.581 230.813 3139.04 58.7375
200 30 1.591 229.808 3129.59 58.0792
200 30 1.601 230.466 3135.66 58.7826
200 30 1.611 229.24 3124.05 58.0488
200 30 1.621 230.276 3133.73 58.8984
200 30 1.631 230.743 3138.07 59.421
200 30 1.641 229.821 3129.54 59.025
200 30 1.651 229.691 3128.18 59.0172
200 30 1.661 229.606 3127.09 59.2836
200 30 1.671 229.028 3122.03 58.7725
200 30 1.681 229.442 3125.58 59.2641
200 30 1.691 229.196 3123.27 59.5475
200 30 1.701 229.451 3125.72 59.7339
200 30 1.711 229.136 3122.6 59.6979
200 30 1.721 228.766 3118.91 59.5912
200 30 1.731 229.066 3121.83 60.4969
200 30 1.741 229.044 3121.6 60.3137
200 30 1.751 228.739 3118.66 61.26
200 30 1.761 228.643 3117.89 60.1588
200 30 1.771 228.747 3118.59 60.4376
200 30 1.781 228.373 3115.19 60.0123
200 30 1.791 229.087 3121.85 61.0378
200 30 1.801 228.47 3115.9 60.451
200 30 1.811 228.716 3118.31 61.3006
200 30 1.821 228.369 3115.11 60.7787
200 30 1.831 228.039 3111.9 60.6556
200 30 1.841 228.204 3113.51 62.4792
200 30 1.851 228.075 3112.18 64.0695
200 30 1.861 228.104 3112.41 63.5958
200 30 1.871 228.17 3113.1 61.3878
200 30 1.881 228.021 3111.45 61.5858
200 30 1.891 228.488 3115.95 61.9807
200 30 1.901 228.174 3112.89 63.2844
200 30 1.911 228.418 3115.23 62.1756
200 30 1.921 228.102 3112.28 62.2188
200 30 1.931 227.831 3109.79 61.7188
200 30 1.941 228.027 3111.53 61.9167
200 30 1.951 228.423 3115.26 62.5911
200 30 1.961 227.866 3110.07 62.0008
200 30 1.971 227.885 3110.15 62.0516
200 30 1.981 227.833 3109.69 61.9908
200 30 1.991 228.064 3111.9 62.5725
200 40 0.001 1714.17 18213.7 42.1986
200 40 0.011 1665.75 17712.3 40.7598
200 40 0.021 1628.65 17325.1 39.9333
200 40 0.031 1601.02 17033.3 39.6428
200 40 0.041 1516.22 16161.9 37.1912
200 40 0.051 1486.33 15848.8 37.3469
200 40 0.061 1408.83 15053.1 35.1563
200 40 0.071 1366.14 14613.2 33.8239
200 40 0.081 1284.83 13782.5 32.4943
200 40 0.091 1219.1 13113 31.0943
200 40 0.101 1177.63 12683.6 29.2988
200 40 0.111 1142.37 12316.9 28.0721
200 40 0.121 1146.62 12354.8 28.6365
200 40 0.131 1064.44 11521.1 26.8482
200 40 0.141 1017.75 11043.6 25.6827
200 40 0.151 994.572 10803.4 26.1064
200 40 0.161 970.629 10559.8 24.9928
200 40 0.171 913.883 9983.52 23.6334
200 40 0.181 876.579 9603.5 22.9251
200 40 0.191 852.554 9360.01 22.5927
200 40 0.201 819.082 9020.92 21.8189
200 40 0.211 799.228 8817.56 20.9155
200 40 0.221 745.888 8278.34 19.7547
200 40 0.231 733.543 8151.86 19.982
200 40 0.241 706.735 7883.58 19.901
200 40 0.251 673.829 7550.3 19.2593
200 40 0.261 676.42 7574.41 19.363
200 40 0.271 664.104 7449 19.1755
200 40 0.281 626.943 7074.92 18.3947
200 40 0.291 601.736 6821.5 18.2496
200 40 0.301 609.543 6897.51 19.2213
200 40 0.311 581.81 6618.62 17.8646
200 40 0.321 560.589 6406.04 17.6775
200 40 0.331 535.489 6155.33 17.0932
200 40 0.341 524.921 6048.83 17.2338
200 40 0.351 513.335 5931.04 17.0193
200 40 0.361 496.723 5765.21 16.7204
200 40 0.371 487.554 5673.33 17.1164
200 40 0.381 483.459 5631.64 17.2012
200 40 0.391 470.082 5496.65 17.0556
200 40 0.401 466.563 5460.4 17.4174
200 40 0.411 445.865 5254.46 17.0219
200 40 0.421 450.393 5298.55 17.6451
200 40 0.431 430.821 5102.93 17.6046
200 40 0.441 428.633 5080.73 18.676
200 40 0.451 417.662 4970.34 18.5356
200 40 0.461 417.872 4972.37 18.6861
200 40 0.471 400.989 4804.59 18.3318
200 40 0.481 394.674 4741.45 18.4862
200 40 0.491 391.504 4708.66 18.8528
200 40 0.501 377.235 4566.87 18.6427
200 40 0.511 373.744 4531.32 19.586
200 40 0.521 370.815 4502.18 19.8115
200 40 0.531 362.547 4419.13 19.2486
200 40 0.541 362.029 4413 20.9951
200 40 0.551 359.084 4383.97 29.6874
200 40 0.561 351.083 4304.36 20.6056
200 40 0.571 346.78 4261.37 20.423
200 40 0.581 339.527 4188.75 20.6562
200 40 0.591 339.204 4184.98 23.7519
200 40 0.601 333.487 4128.41 21.3668
200 40 0.611 322.963 4024.13 21.2343
200 40 0.621 324.009 4033.73 21.7619
200 40 0.631 317.783 3972.12 21.8502
200 40 0.641 313.56 3929.81 22.1579
200 40 0.651 311.315 3906.45 22.6155
200 40 0.661 310.702 3900.12 23.0771
200 40 0.671 300.985 3805.11 22.6465
200 40 0.681 305.391 3846.82 23.618
200 40 0.691 301.137 3804.76 23.6609
200 40 0.701 296.151 3755.41 24.0132
200 40 0.711 286.898 3663.66 23.9897
200 40 0.721 290.298 3696.72 24.795
200 40 0.731 290.477 3697.48 25.4297
200 40 0.741 282.29 3616.9 25.3084
200 40 0.751 282.064 3614.13 26.1261
200 40 0.761 285.926 3652.19 26.3635
200 40 0.771 277.763 3572.18 26.2627
200 40 0.781 278.884 3582.07 26.6701
200 40 0.791 272.946 3523.66 26.9292
200 40 0.801 272.546 3519.01 28.0006
200 40 0.811 265.467 3449.57 27.4335
200 40 0.821 266.557 3459.6 28.3568
200 40 0.831 270 3492.64 29.219
200 40 0.841 264.883 3442.15 28.9514
200 40 0.851 261.4 3407.6 29.2877
200 40 0.861 261.283 3406.75 29.1807
200 40 0.871 256.842 3362.47 29.6914
200 40 0.881 257.488 3368.37 30.2882
200 40 0.891 253.059 3325.05 30.0897
200 40 0.901 255.424 3348.01 31.1828
200 40 0.911 256.408 3356.59 32.3473
200 40 0.921 250.492 3298.76 31.8199
200 40 0.931 250.243 3296.16 32.4797
200 40 0.941 246.707 3261.42 33.1041
200 40 0.951 246.387 3258.58 32.8195
200 40 0.961 246.034 3253.37 34.443
200 40 0.971 244.028 3234.2 34.2689
200 40 0.981 243.829 3232.13 34.6185
200 40 0.991 241.374 3207.69 34.8816
200 40 1.001 241.794 3211.28 36.194
200 40 1.011 239.829 3191.2 36.6648
200 40 1.021 239.346 3185.94 38.1675
200 40 1.031 236.883 3162.66 37.6817
200 40 1.041 235.446 3148.29 37.9013
200 40 1.051 231.57 3110.37 38.1719
200 40 1.061 234.602 3139.36 39.2904
200 40 1.071 233.042 3124.03 39.6588
200 40 1.081 231.674 3110.59 39.4702
200 40 1.091 231.059 3104.84 39.5238
200 40 1.101 232.776 3121 40.4707
200 40 1.111 228.348 3077.99 40.283
200 40 1.121 229.221 3086.26 41.0223
200 40 1.131 231.168 3105.23 41.6511
200 40 1.141 228.817 3082.41 41.6432
200 40 1.151 227.473 3068.96 41.7605
200 40 1.161 227.717 3071.23 42.3663
200 40 1.171 225.96 3053.88 42.3686
200 40 1.181 226.995 3063.92 43.257
200 40 1.191 225.753 3051.49 43.4828
200 40 1.201 225.811 3052.05 43.7879
200 40 1.211 226.001 3053.45 44.6551
200 40 1.221 225.58 3049.25 44.7452
200 40 1.231 225.197 3045.68 44.8897
200 40 1.241 225.015 3043.73 45.3294
200 40 1.251 223.862 3032.45 45.7425
200 40 1.261 223.921 3032.97 46.2152
200 40 1.271 222.767 3021.68 46.0619
200 40 1.281 223.644 3029.97 46.7092
200 40 1.291 222.028 3014.53 46.6139
200 40 1.301 220.708 3001.75 46.4914
200 40 1.311 222.619 3019.79 47.4816
200 40 1.321 222.519 3018.87 47.7147
200 40 1.331 221.813 3011.95 48.0319
200 40 1.341 221.167 3005.69 47.9835
200 40 1.351 221.34 3006.93 48.7677
200 40 1.361 220.087 2995.2 48.4233
200 40 1.371 220.989 3003.12 49.3809
200 40 1.381 219.833 2992.57 49.6099
200 40 1.391 220.862 3002.13 49.8643
200 40 1.401 219.489 2989.09 50.1971
200 40 1.411 219.62 2989.93 50.6415
200 40 1.421 219.161 2985.41 50.8422
200 40 1.431 218.303 2977.23 49.9696
200 40 1.441 218.918 2983.05 50.7749
200 40 1.451 218.94 2983.19 51.0189
200 40 1.461 217.74 2971.67 50.5907
200 40 1.471 219.023 2983.48 52.4025
200 40 1.481 218.055 2974.52 51.7559
200 40 1.491 218.69 2980.38 52.8065
200 40 1.501 218.249 2976.06 53.0087
200 40 1.511 218.178 2975.4 53.2087
200 40 1.521 217.386 2967.89 52.9225
200 40 1.531 217.706 2970.61 53.6201
200 40 1.541 218.048 2973.67 54.205
200 40 1.551 217.954 2972.74 54.9338
200 40 1.561 217.194 2965.48 54.5726
200 40 1.571 216.922 2962.99 54.652
200 40 1.581 216.917 2962.89 54.9636
200 40 1.591 216.605 2959.64 56.6444
200 40 1.601 215.946 2953.58 54.6678
200 40 1.611 216.249 2956.35 55.0804
200 40 1.621 216.009 2953.98 56.9507
200 40 1.631 215.886 2953.01 56.889
200 40 1.641 216.546 2958.98 57.7359
200 40 1.651 216.717 2960.55 57.2381
200 40 1.661 215.433 2948.74 55.2633
200 40 1.671 215.162 2945.94 55.2583
200 40 1.681 215.304 2947.23 55.5682
200 40 1.691 215.876 2952.37 57.6094
200 40 1.701 215.838 2952.05 56.5968
200 40 1.711 215.731 2951.09 56.777
200 40 1.721 215.54 2949.28 56.678
200 40 1.731 215.478 2948.64 56.6651
200 40 1.741 215.421 2948.11 58.435
200 40 1.751 215.593 2949.65 59.1412
200 40 1.761 215.391 2947.61 59.1704
200 40 1.771 215.854 2951.91 59.4906
200 40 1.781 215.549 2949.09 57.4469
200 40 1.791 215.327 2947.01 57.0766
200 40 1.801 215.424 2947.93 57.4055
200 40 1.811 215.393 2947.56 57.5768
200 40 1.821 215.129 2945 57.7077
200 40 1.831 214.801 2941.93 59.1887
200 40 1.841 214.681 2940.86 60.0705
200 40 1.851 214.51 2939.14 60.1797
200 40 1.861 214.976 2943.48 60.8139
200 40 1.871 214.955 2943.34 61.0316
200 40 1.881 214.953 2943.25 60.5811
200 40 1.891 214.572 2939.66 58.1315
200 40 1.901 214.546 2939.44 57.951
200 40 1.911 214.452 2938.4 58.8503
200 40 1.921 214.945 2942.93 60.5298
200 40 1.931 214.625 2940.1 61.7109
200 40 1.941 214.701 2940.79 61.8707
200 40 1.951 214.409 2938.02 61.7999
200 40 1.961 214.734 2940.99 60.4215
200 40 1.971 214.877 2942.42 59.1802
200 40 1.981 214.815 2941.84 60.0843
200 40 1.991 214.659 2940.32 62.7299
300 10 0.001 948.539 11277.4 1.8589
300 10 0.011 947.792 11264.9 2.4448
300 10 0.021 936.521 11138.2 2.8153
300 10 0.031 914.415 10899.5 3.1094
300 10 0.041 920.084 10951.8 3.1787
300 10 0.051 904.149 10775.4 3.4671
300 10 0.061 913.948 10873.7 3.9056
300 10 0.071 895.929 10678.6 4.0927
300 10 0.081 899.797 10711.9 4.4932
300 10 0.091 873.506 10426 4.8713
300 10 0.101 879.728 10481.4 5.3425
300 10 0.111 868.968 10362.6 6.0131
300 10 0.121 876.78 10441.9 6.4865
300 10 0.131 861.697 10276.7 6.9867
300 10 0.141 874.615 10408 7.6884
300 10 0.151 841.334 10045.8 7.8611
300 10 0.161 818.714 9800.39 8.0725
300 10 0.171 824.08 9850.36 8.5821
300 10 0.181 795.54 9545.98 8.9993
300 10 0.191 819.821 9793.86 9.4229
300 10 0.201 805.292 9638.11 9.7708
300 10 0.211 807.414 9651.58 10.227
300 10 0.221 797.073 9536.79 10.6179
300 10 0.231 789.125 9457.68 10.7209
300 10 0.241 780.487 9351.57 10.6756
300 10 0.251 768.882 9227.24 10.8804
300 10 0.261 764.433 9176.07 11.3124
300 10 0.271 746.507 8982.13 11.7874
300 10 0.281 751.896 9030.15 12.4053
300 10 0.291 747.071 8975.76 12.794
300 10 0.301 717.818 8670.68 12.7319
300 10 0.311 723.168 8714.91 13.5885
300 10 0.321 716.252 8639.92 14.0566
300 10 0.331 719.315 8668.55 14.9756
300 10 0.341 701.633 8481.35 14.8611
300 10 0.351 704.758 8507.41 15.5791
300 10 0.361 686.704 8317.48 15.5893
300 10 0.371 682.612 8268.3 16.4661
300 10 0.381 681.289 8249.86 17.3653
300 10 0.391 681.468 8248.07 17.6606
300 10 0.401 673.079 8157.26 17.334
300 10 0.411 638.942 7803.36 17.7695
300 10 0.421 651.276 7924.6 18.892
300 10 0.431 646.137 7869.04 18.9539
300 10 0.441 639.397 7794.5 19.5463
300 10 0.451 623.385 7627.53 20.0406
300 10 0.461 633.532 7723.19 20.8638
300 10 0.471 626.828 7654.56 21.6222
300 10 0.481 621.586 7595.75 22.0076
300 10 0.491 619.488 7571.99 22.5374
300 10 0.501 613.451 7508.44 23.2095
300 10 0.511 603.454 7403.38 23.7376
300 10 0.521 604.914 7415.47 24.4525
300 10 0.531 597.737 7338.6 25.0853
300 10 0.541 597.791 7335.31 25.4053
300 10 0.551 588.105 7237.09 26.2526
300 10 0.561 576.254 7111.23 26.4314
300 10 0.571 573.947 7086.62 27.4397
300 10 0.581 559.37 6930.5 27.642
300 10 0.591 564.943 6987.7 28.3107
300 10 0.601 554.378 6880.08 28.1879
300 10 0.611 553.715 6869.97 28.9367
300 10 0.621 560.987 6941.95 30.1684
300 10 0.631 542.882 6759.52 30.6692
300 10 0.641 536.572 6690.14 31.0091
300 10 0.651 548.251 6804.69 32.4545
300 10 0.661 528.437 6605.11 32.3471
300 10 0.671 526.937 6584.56 34.0696
300 10 0.681 526.292 6579.74 34.5797
300 10 0.691 526.41 6577.42 34.9369
300 10 0.701 518.912 6500.05 35.4937
300 10 0.711 514.605 6456.79 35.904
300 10 0.721 504.697 6354.82 36.2038
300 10 0.731 500.911 6316.9 36.4253
300 10 0.741 503.481 6339.12 38.2009
300 10 0.751 498.577 6289.33 38.5331
300 10 0.761 497.028 6273.77 38.6039
300 10 0.771 496.558 6266.2 40.0019
300 10 0.781 489.519 6193.2 40.7651
300 10 0.791 489.371 6192.58 41.3861
300 10 0.801 491.035 6207.37 42.3522
300 10 0.811 483.696 6133.84 42.9363
300 10 0.821 478.678 6082.69 43.5513
300 10 0.831 478.104 6074.19 45.2789
300 10 0.841 471.646 6009.61 45.2453
300 10 0.851 469.22 5985.84 45.4871
300 10 0.861 470.793 5998.54 46.9956
300 10 0.871 461.996 5911.8 46.8761
300 10 0.881 461.672 5906.43 48.0377
300 10 0.891 455.941 5849.8 48.0834
300 10 0.901 459.882 5886.81 50.2307
300 10 0.911 456.633 5854.6 51.236
300 10 0.921 453.204 5819.15 52.0155
300 10 0.931 446.076 5748.67 51.6811
300 10 0.941 444.925 5736.73 52.5899
300 10 0.951 444.994 5735.59 54.3292
300 10 0.961 446.327 5747.69 55.8728
300 10 0.971 441.755 5702.11 56.3187
300 10 0.981 439.328 5677.54 56.2068
300 10 0.991 433.662 5621.89 56.9476
300 10 1.001 434.65 5631.6 57.8197
300 10 1.011 430.44 5588.42 59.3245
300 10 1.021 428.913 5573.67 59.8662
300 10 1.031 428.076 5563.74 61.9267
300 10 1.041 425.711 5539.15 62.9017
300 10 1.051 422.592 5509.56 63.2354
300 10 1.061 422.29 5506.32 64.1688
300 10 1.071 422.533 5507.17 65.7472
300 10 1.081 420.503 5486.95 66.1247
300 10 1.091 419.202 5473.82 66.7763
300 10 1.101 418.007 5462.57 67.2195
300 10 1.111 416.599 5448.5 68.239
300 10 1.121 412.897 5412.57 67.1632
300 10 1.131 414.59 5428.44 69.8054
300 10 1.141 411.477 5397.51 70.3549
300 10 1.151 411.769 5399.96 71.4228
300 10 1.161 412.551 5407.09 72.213
300 10 1.171 411.849 5399.8 72.0005
300 10 1.181 414.397 5424.75 73.5426
300 10 1.191 410.05 5381.71 72.671
300 10 1.201 407.318 5355.58 72.8264
300 10 1.211 407.273 5355.46 73.0519
300 10 1.221 408.618 5367.34 74.4207
300 10 1.231 407.835 5360.01 74.8036
300 10 1.241 406.907 5349.84 76.4191
300 10 1.251 404.317 5325.02 76.2386
300 10 1.261 406.017 5341.24 77.7973
300 10 1.271 406.329 5343.55 79.3011
300 10 1.281 404.678 5327.87 79.0104
300 10 1.291 403.456 5316.52 78.9799
300 10 1.301 401.458 5296.94 78.7035
300 10 1.311 402.113 5302.67 80.3293
300 10 1.321 401.241 5293.95 80.3881
300 10 1.331 399.111 5273.36 80.647
300 10 1.341 397.854 5261.07 81.0624
300 10 1.351 400.312 5284.53 82.6642
300 10 1.361 398.088 5263.08 81.5735
300 10 1.371 398.413 5265.63 83.3247
300 10 1.381 399.881 5279.38 84.2107
300 10 1.391 399.704 5277.53 86.1358
300 10 1.401 398.41 5265.07 85.6908
300 10 1.411 398.97 5270.1 86.6876
300 10 1.421 396.621 5247.66 85.9019
300 10 1.431 396.343 5244.86 86.9704
300 10 1.441 396.745 5248.58 87.7615
300 10 1.451 394.07 5223.08 87.03
300 10 1.461 394.642 5228.24 88.1442
300 10 1.471 393.68 5219 88.1134
300 10 1.481 396.095 5241.7 90.3198
300 10 1.491 393.144 5213.73 89.5532
300 10 1.501 393.779 5219.19 90.7842
300 10 1.511 394.234 5223.46 92.2855
300 10 1.521 394.672 5226.85 93.7279
300 10 1.531 391.976 5201.63 92.1046
300 10 1.541 391.716 5199.11 92.6321
300 10 1.551 391.799 5199.89 93.0548
300 10 1.561 392.324 5204.54 94.5159
300 10 1.571 391.711 5198.7 96.6718
300 10 1.581 392.135 5202.66 97.9825
300 10 1.591 390.549 5187.28 97.7634
300 10 1.601 392.208 5202.97 99.0085
300 10 1.611 391.006 5191.54 96.0767
300 10 1.621 391.463 5195.8 97.0066
300 10 1.631 390.492 5186.7 96.3398
300 10 1.641 390.021 5182.08 96.4753
300 10 1.651 391.047 5191.45 99.1481
300 10 1.661 390.124 5182.82 99.7261
300 10 1.671 389.996 5181.45 100.537
300 10 1.681 391.085 5191.76 101.513
300 10 1.691 390.301 5184.33 101.682
300 10 1.701 389.35 5175.3 101.164
300 10 1.711 390.489 5185.57 102.931
300 10 1.721 390.895 5189.67 101.926
300 10 1.731 389.665 5178.03 99.4715
300 10 1.741 388.89 5170.67 99.4992
300 10 1.751 389.405 5175.27 100.834
300 10 1.761 390.472 5185.15 105.109
300 10 1.771 389.238 5173.62 100.972
300 10 1.781 389.374 5174.88 102.791
300 10 1.791 389.088 5171.97 101.381
300 10 1.801 388.404 5165.66 103.745
300 10 1.811 389.062 5171.69 105.598
300 10 1.821 389.34 5174.47 105.974
300 10 1.831 388.964 5170.59 106.311
300 10 1.841 388.717 5168.47 105.508
300 10 1.851 389.008 5171.03 105.287
300 10 1.861 388.407 5165.32 107.106
300 10 1.871 389.161 5172.12 106.418
300 10 1.881 388.695 5167.89 103.838
300 10 1.891 388.03 5161.68 103.711
300 10 1.901 388.375 5164.84 107.75
300 10 1.911 388.614 5167.12 107.625
300 10 1.921 387.744 5158.98 105.905
300 10 1.931 388.436 5165.44 104.342
300 10 1.941 388.556 5166.43 104.968
300 10 1.951 387.932 5160.68 106.94
300 10 1.961 388.289 5163.97 104.876
300 10 1.971 388.065 5161.91 105.487
300 10 1.981 387.823 5159.52 105.954
300 10 1.991 387.877 5160.05 104.946
300 20 0.001 1637.15 18112.9 7.2864
300 20 0.011 1586.57 17583 7.6317
300 20 0.021 1595.86 17667.5 7.8669
300 20 0.031 1523.79 16914.8 8.8415
300 20 0.041 1486.28 16517.9 9.4395
300 20 0.051 1515.48 16808.7 10.612
300 20 0.061 1450.99 16135.9 10.9878
300 20 0.071 1419.82 15804.3 11.1398
300 20 0.081 1391.98 15503.8 11.5219
300 20 0.091 1352 15087.4 11.7635
300 20 0.101 1370.42 15260.1 13.4524
300 20 0.111 1335.48 14898.2 14.0103
300 20 0.121 1322.39 14753.7 14.2774
300 20 0.131 1261.7 14122 12.1679
300 20 0.141 1229.98 13788.9 12.2469
300 20 0.151 1179.89 13272.8 12.1867
300 20 0.161 1190.83 13373.5 13.3333
300 20 0.171 1192.25 13377.7 15.2953
300 20 0.181 1179.6 13244 17.7596
300 20 0.191 1139.3 12819.7 17.2002
300 20 0.201 1122.62 12643.3 14.9542
300 20 0.211 1085.67 12261.6 15.4674
300 20 0.221 1076.82 12163.6 15.9113
300 20 0.231 1037.64 11760.1 15.9932
300 20 0.241 1032.11 11698.5 16.6309
300 20 0.251 1002.02 11386.7 16.9176
300 20 0.261 994.328 11302.4 17.4361
300 20 0.271 970.925 11061.5 17.68
300 20 0.281 949.413 10837.4 18.8786
300 20 0.291 938.141 10717.8 18.948
300 20 0.301 919.68 10526.9 19.2476
300 20 0.311 869.245 10013.4 18.4745
300 20 0.321 874.566 10063.1 19.3263
300 20 0.331 861.596 9929.2 19.9056
300 20 0.341 839.899 9706.76 20.0495
300 20 0.351 853.154 9836.85 20.6428
300 20 0.361 813.256 9426.68 20.9906
300 20 0.371 821.098 9507.09 21.5096
300 20 0.381 788.715 9180.3 21.5733
300 20 0.391 760.43 8890.35 21.4823
300 20 0.401 762.277 8905.83 22.5284
300 20 0.411 751.654 8795.42 22.7095
300 20 0.421 729.885 8574.65 23.2456
300 20 0.431 724.559 8518.7 23.6725
300 20 0.441 713.335 8401.43 24.1317
300 20 0.451 700.198 8271.72 24.4484
300 20 0.461 700.129 8266.24 25.0973
300 20 0.471 684.502 8110.19 25.2136
300 20 0.481 663.271 7895.8 25.156
300 20 0.491 666.804 7928.7 26.238
300 20 0.501 652.219 7782.21 26.4474
300 20 0.511 639.229 7650.29 26.9626
300 20 0.521 624.608 7503.32 27.0493
300 20 0.531 615.634 7412.88 27.5072
300 20 0.541 607.68 7332.28 27.8664
300 20 0.551 614.794 7401.5 28.8127
300 20 0.561 588.334 7137.26 28.6508
300 20 0.571 589.53 7147.1 29.7487
300 20 0.581 579.406 7046.24 29.7456
300 20 0.591 586.121 7110.85 30.6236
300 20 0.601 571.63 6966.3 30.8336
300 20 0.611 563.52 6883.31 31.3493
300 20 0.621 550.711 6757.32 31.1811
300 20 0.631 544.077 6690.46 31.8148
300 20 0.641 545.459 6702.6 32.7459
300 20 0.651 543.916 6686.15 33.1343
300 20 0.661 535.477 6600.41 34.0529
300 20 0.671 525.168 6499.74 34.2972
300 20 0.681 525.879 6505.4 35.2562
300 20 0.691 523.786 6483.41 35.9103
300 20 0.701 518.085 6425.03 36.6829
300 20 0.711 515.948 6404.6 37.1028
300 20 0.721 506.604 6312.93 37.2935
300 20 0.731 497.855 6224.63 37.0567
300 20 0.741 500.339 6247.63 37.8524
300 20 0.751 492.821 6173.9 38.2985
300 20 0.761 489.757 6142.24 39.473
300 20 0.771 491.546 6157.93 41.4148
300 20 0.781 480.08 6045.69 40.6729
300 20 0.791 477.812 6022.51 41.261
300 20 0.801 469.62 5941.55 41.9185
300 20 0.811 467.618 5921.27 42.2772
300 20 0.821 469.843 5942.11 43.134
300 20 0.831 463.731 5881.11 43.7076
300 20 0.841 463.151 5874.86 44.7759
300 20 0.851 457.683 5820.35 44.8917
300 20 0.861 451.3 5757.94 45.2025
300 20 0.871 450.736 5750.62 46.612
300 20 0.881 447.712 5720.57 47.4986
300 20 0.891 443.367 5678.96 47.3571
300 20 0.901 440.587 5650.87 47.6363
300 20 0.911 442.418 5667.8 49.4188
300 20 0.921 436.695 5611.16 50.5323
300 20 0.931 434.828 5592.05 51.5043
300 20 0.941 432.409 5568.3 51.948
300 20 0.951 426.731 5511.62 52.7763
300 20 0.961 428.903 5532.57 54.1165
300 20 0.971 426.907 5512.16 53.811
300 20 0.981 424.424 5487.69 54.7281
300 20 0.991 424.583 5488.63 56.0954
300 20 1.001 418.696 5430.33 57.5037
300 20 1.011 418.841 5431.13 59.3735
300 20 1.021 416.411 5407.21 60.2486
300 20 1.031 412.469 5368.66 60.6224
300 20 1.041 412.549 5368.66 61.5445
300 20 1.051 407.134 5316.13 61.7403
300 20 1.061 410.322 5346.48 63.0441
300 20 1.071 410.008 5342.25 64.6229
300 20 1.081 404.42 5288.17 64.4762
300 20 1.091 403.762 5282.03 64.3196
300 20 1.101 402.994 5273.79 65.453
300 20 1.111 401.53 5259.99 65.6665
300 20 1.121 402.204 5265.29 67.1894
300 20 1.131 399.829 5241.87 67.8742
300 20 1.141 398.226 5225.95 68.056
300 20 1.151 396.032 5205.65 67.3741
300 20 1.161 396.524 5209.71 69.0878
300 20 1.171 394.431 5189.56 68.1245
300 20 1.181 394.864 5192.93 69.528
300 20 1.191 394.679 5190.66 70.1257
300 20 1.201 395.455 5198.45 70.8654
300 20 1.211 392.89 5173.3 70.9941
300 20 1.221 394.46 5187.85 72.7382
300 20 1.231 391.901 5162.84 72.8412
300 20 1.241 392.378 5167.2 73.6909
300 20 1.251 392.51 5168.39 74.3739
300 20 1.261 391.796 5161.23 74.6591
300 20 1.271 390.527 5148.67 75.9537
300 20 1.281 391.55 5158.52 77.2989
300 20 1.291 390.077 5144.69 76.6943
300 20 1.301 390.05 5143.14 78.1653
300 20 1.311 389.119 5134.52 78.8069
300 20 1.321 386.656 5110.73 79.2031
300 20 1.331 385.521 5099.73 78.261
300 20 1.341 385.464 5099.07 78.6092
300 20 1.351 386.185 5105.65 79.9234
300 20 1.361 385.047 5094.59 79.533
300 20 1.371 385.227 5096.03 80.4898
300 20 1.381 385.73 5100.37 82.1726
300 20 1.391 384.444 5087.78 81.9742
300 20 1.401 384.561 5089.11 82.88
300 20 1.411 383.402 5077.9 83.9709
300 20 1.421 382.607 5070.27 84.711
300 20 1.431 382.78 5071.64 84.8394
300 20 1.441 383.212 5075.55 85.3428
300 20 1.451 382.458 5068.33 85.049
300 20 1.461 380.462 5049.27 84.5908
300 20 1.471 383.306 5075.67 87.5143
300 20 1.481 380.759 5051.19 86.5802
300 20 1.491 380.978 5053.52 87.6222
300 20 1.501 380.023 5044.03 87.7105
300 20 1.511 379.186 5036.23 87.5514
300 20 1.521 381.629 5058.65 90.0781
300 20 1.531 380.599 5049.19 90.3997
300 20 1.541 379.646 5040.4 90.2202
300 20 1.551 379.421 5037.75 90.8635
300 20 1.561 378.858 5032.47 91.1532
300 20 1.571 378.6 5029.77 92.1977
300 20 1.581 379.219 5035.37 92.9618
300 20 1.591 378.275 5026.62 94.2405
300 20 1.601 377.672 5020.44 93.432
300 20 1.611 378.016 5023.93 93.5182
300 20 1.621 377.024 5014.45 93.1139
300 20 1.631 377.213 5016.44 93.4492
300 20 1.641 377.202 5015.8 93.8909
300 20 1.651 377.193 5015.98 94.252
300 20 1.661 375.794 5002.5 95.4433
300 20 1.671 376.607 5010.04 94.8396
300 20 1.681 376.53 5009.32 94.9594
300 20 1.691 376.075 5005.01 95.2797
300 20 1.701 377.199 5015.61 96.4087
300 20 1.711 376.04 5004.64 95.7344
300 20 1.721 376.766 5011.06 96.7971
300 20 1.731 375.41 4998.45 95.7757
300 20 1.741 376.72 5010.73 97.3794
300 20 1.751 376.787 5011.25 97.7221
300 20 1.761 375.832 5002.21 97.2788
300 20 1.771 375.785 5001.51 97.8648
300 20 1.781 375.767 5001.28 97.7649
300 20 1.791 375.639 5000.13 98.1814
300 20 1.801 375.77 5001.35 98.7994
300 20 1.811 376.094 5004.33 99.1924
300 20 1.821 375.639 4999.89 99.2023
300 20 1.831 374.855 4992.77 98.604
300 20 1.841 374.952 4993.36 98.9148
300 20 1.851 375.468 4998.2 99.6143
300 20 1.861 375.147 4995.27 99.6034
300 20 1.871 375.065 4994.45 99.7665
300 20 1.881 374.76 4991.52 99.933
300 20 1.891 375.119 4994.84 100.283
300 20 1.901 374.968 4993.33 100.777
300 20 1.911 374.843 4992.25 100.601
300 20 1.921 374.915 4992.85 100.938
300 20 1.931 374.84 4992.09 103.378
300 20 1.941 374.19 4986.05 100.472
300 20 1.951 374.504 4988.9 101.054
300 20 1.961 374.498 4988.86 102.467
300 20 1.971 374.658 4990.34 107.433
300 20 1.981 374.443 4988.39 107.533
300 20 1.991 374.761 4991.38 108.054
300 30 0.001 2242 24100.4 2.6892
300 30 0.011 2154.26 23192.4 4.1187
300 30 0.021 2155.63 23194.5 5.6523
300 30 0.031 2114.75 22758.1 7.5146
300 30 0.041 1994.2 21518.5 8.5004
300 30 0.051 1958.2 21138.6 9.6868
300 30 0.061 1907.02 20604.2 11.3255
300 30 0.071 1869.36 20205.7 12.233
300 30 0.081 1802.2 19508.3 12.8821
300 30 0.091 1747.71 18945.4 13.779
300 30 0.101 1718.33 18632.1 14.7546
300 30 0.111 1638.28 17805.7 15.7787
300 30 0.121 1587.99 17291.1 15.4111
300 30 0.131 1536.84 16760.3 15.8864
300 30 0.141 1506.29 16441.9 16.6898
300 30 0.151 1478.86 16159.6 17.365
300 30 0.161 1382.92 15173.6 17.0903
300 30 0.171 1356.43 14900.8 17.8554
300 30 0.181 1297.59 14297.4 17.6942
300 30 0.191 1291.05 14225.9 18.4597
300 30 0.201 1284.42 14153.3 19.1741
300 30 0.211 1214.89 13444.6 18.7295
300 30 0.221 1147.14 12754.3 18.8999
300 30 0.231 1191.91 13197.8 20.0779
300 30 0.241 1134.12 12613.2 19.8214
300 30 0.251 1076.06 12025.6 19.7827
300 30 0.261 1047.33 11733.5 19.9424
300 30 0.271 1022.53 11478.9 20.2887
300 30 0.281 1003.6 11286.2 20.5672
300 30 0.291 951.99 10764.7 20.5677
300 30 0.301 964.358 10884.7 20.497
300 30 0.311 932.374 10561.9 20.2291
300 30 0.321 908.952 10322.6 20.6058
300 30 0.331 877.378 10006.7 20.5664
300 30 0.341 885.796 10086.2 21.3486
300 30 0.351 838.611 9610.43 21.194
300 30 0.361 828.388 9506.32 21.71
300 30 0.371 827.106 9491.89 22.7957
300 30 0.381 802.653 9247.17 22.8873
300 30 0.391 782.249 9040.66 23.4899
300 30 0.401 781.702 9033.26 24.3819
300 30 0.411 733.274 8549.23 23.7503
300 30 0.421 744.057 8654.45 24.8002
300 30 0.431 702.782 8243.83 24.0564
300 30 0.441 718.935 8400.61 25.1933
300 30 0.451 689.973 8112.58 24.7609
300 30 0.461 694.811 8158.21 25.9413
300 30 0.471 673.718 7948.8 25.4894
300 30 0.481 672.557 7934.97 26.5589
300 30 0.491 653.006 7738.49 26.9093
300 30 0.501 644.578 7654.1 26.8642
300 30 0.511 636.839 7576.69 26.954
300 30 0.521 612.89 7338.15 27.3729
300 30 0.531 606.966 7278.63 27.921
300 30 0.541 599.825 7206.3 28.8096
300 30 0.551 601.988 7226.08 29.5444
300 30 0.561 577.053 6979.61 28.9664
300 30 0.571 588.549 7091.71 30.3605
300 30 0.581 572.412 6930.98 29.7689
300 30 0.591 555.902 6766.68 30.375
300 30 0.601 549.313 6700.77 30.6648
300 30 0.611 555.021 6755.87 31.7514
300 30 0.621 535.476 6561.9 31.6087
300 30 0.631 534.383 6549.68 32.6439
300 30 0.641 532.71 6534 32.4981
300 30 0.651 523.714 6443.88 32.993
300 30 0.661 514.105 6348.34 32.899
300 30 0.671 519.354 6399.23 33.8254
300 30 0.681 513.719 6342.66 34.234
300 30 0.691 498.899 6195.78 34.2612
300 30 0.701 501.443 6220.66 34.6586
300 30 0.711 487.908 6087.03 34.6727
300 30 0.721 484.287 6050.59 35.9785
300 30 0.731 485.706 6063.69 36.4704
300 30 0.741 487.469 6078.15 38.4113
300 30 0.751 481.101 6018.2 37.978
300 30 0.761 472.237 5928.24 38.637
300 30 0.771 464.362 5850.95 38.6416
300 30 0.781 462.646 5833.49 39.3262
300 30 0.791 462.859 5833.77 40.5153
300 30 0.801 455.119 5758.78 40.8655
300 30 0.811 449.651 5703.55 41.1199
300 30 0.821 453.298 5739.8 41.5083
300 30 0.831 445.72 5664.05 42.3008
300 30 0.841 447.978 5685.58 43.2441
300 30 0.851 436.727 5574.86 43.1364
300 30 0.861 434.935 5556.12 43.911
300 30 0.871 433.532 5542.79 44.6811
300 30 0.881 434.472 5549.66 46.2474
300 30 0.891 425.676 5464.63 46.3064
300 30 0.901 430.46 5510.61 48.358
300 30 0.911 424.959 5455.45 48.5798
300 30 0.921 419.259 5399.19 48.4608
300 30 0.931 414.725 5355.54 48.1174
300 30 0.941 417.897 5385.13 50.0263
300 30 0.951 414.689 5353.83 50.0823
300 30 0.961 409.811 5305.32 51.0233
300 30 0.971 408.657 5294.04 51.5401
300 30 0.981 410.732 5313.54 53.9686
300 30 0.991 406.929 5275.48 54.575
300 30 1.001 406.998 5275.02 56.5646
300 30 1.011 402.435 5230.83 55.4262
300 30 1.021 401.841 5224.48 57.0695
300 30 1.031 400.006 5205.47 58.0804
300 30 1.041 394.356 5150.6 57.7696
300 30 1.051 395.666 5162.32 60.113
300 30 1.061 393.75 5143.54 59.6401
300 30 1.071 392.112 5127.44 61.3134
300 30 1.081 393.464 5140.09 63.4313
300 30 1.091 391.644 5122.02 62.8487
300 30 1.101 392.745 5131.93 65.0212
300 30 1.111 389.507 5100.79 65.3079
300 30 1.121 389.416 5099.4 66.3431
300 30 1.131 387.006 5075.94 65.8949
300 30 1.141 384.801 5054.12 66.363
300 30 1.151 384.421 5050.42 67.5079
300 30 1.161 384.061 5046 68.2545
300 30 1.171 383.67 5042.43 68.4508
300 30 1.181 383.822 5043.49 69.2748
300 30 1.191 382.23 5027.89 70.2765
300 30 1.201 380.09 5007.28 69.5225
300 30 1.211 380.429 5010.41 70.119
300 30 1.221 378.468 4991.46 70.4541
300 30 1.231 377.492 4981.71 71.3536
300 30 1.241 376.525 4972.29 71.6708
300 30 1.251 376.409 4971.01 71.3814
300 30 1.261 377.55 4981.68 72.3038
300 30 1.271 375.201 4959.22 72.7945
300 30 1.281 376.05 4966.35 73.5499
300 30 1.291 372.278 4929.9 72.5799
300 30 1.301 373.55 4942.64 73.662
300 30 1.311 373.334 4940.05 74.3502
300 30 1.321 374.811 4953.65 76.6573
300 30 1.331 374.827 4953.98 76.9632
300 30 1.341 371.429 4921.35 76.01
300 30 1.351 371.891 4925.16 77.4168
300 30 1.361 370.32 4910.29 76.523
300 30 1.371 371.508 4921.24 79.4078
300 30 1.381 370.63 4912.57 80.0801
300 30 1.391 370.735 4913.32 80.2949
300 30 1.401 371.483 4920.73 80.5444
300 30 1.411 369.542 4902.38 80.8402
300 30 1.421 368.534 4892.13 81.244
300 30 1.431 369.925 4905.78 82.4823
300 30 1.441 369.154 4897.73 82.7677
300 30 1.451 370.679 4911.56 84.0068
300 30 1.461 368.13 4887.47 83.4487
300 30 1.471 367.161 4878.2 83.7618
300 30 1.481 367.988 4885.95 84.4586
300 30 1.491 368.399 4889.33 85.6248
300 30 1.501 366.815 4874.72 85.4527
300 30 1.511 364.332 4850.84 84.2636
300 30 1.521 366.052 4866.43 86.4588
300 30 1.531 366.267 4868.95 87.2365
300 30 1.541 366.407 4869.81 88.4872
300 30 1.551 365.18 4858.44 87.8412
300 30 1.561 366.384 4869.53 88.9418
300 30 1.571 363.935 4846.45 87.6442
300 30 1.581 364.364 4850.29 88.9625
300 30 1.591 364.126 4847.74 90.6212
300 30 1.601 365.441 4860.16 92.8519
300 30 1.611 364.101 4847.31 92.5765
300 30 1.621 361.954 4827.23 90.8224
300 30 1.631 364.906 4854.77 93.9634
300 30 1.641 364.647 4852.26 93.8632
300 30 1.651 363.017 4837.11 92.6623
300 30 1.661 363.253 4839.02 92.9656
300 30 1.671 364.252 4848.09 94.8719
300 30 1.681 364.306 4848.7 94.4777
300 30 1.691 361.852 4825.72 93.1176
300 30 1.701 362.713 4833.69 92.7789
300 30 1.711 362.254 4829.27 92.1906
300 30 1.721 363.374 4839.75 93.4289
300 30 1.731 362.78 4834.11 93.0528
300 30 1.741 362.015 4826.84 93.1492
300 30 1.751 363.395 4839.58 94.6319
300 30 1.761 363.462 4840.32 94.8647
300 30 1.771 363.29 4838.67 96.1164
300 30 1.781 361.943 4825.74 97.3088
300 30 1.791 362.025 4826.69 95.8807
300 30 1.801 363.291 4838.46 95.6545
300 30 1.811 361.683 4823.22 96.3746
300 30 1.821 362.751 4833.33 99.3996
300 30 1.831 361.881 4825.13 97.2568
300 30 1.841 362.29 4828.9 95.81
300 30 1.851 361.9 4825.26 96.3356
300 30 1.861 360.891 4815.73 95.2956
300 30 1.871 361.64 4822.6 95.9655
300 30 1.881 361.727 4823.36 98.5908
300 30 1.891 362.206 4827.75 101.523
300 30 1.901 361.764 4823.89 99.9526
300 30 1.911 361.473 4820.95 96.9716
300 30 1.921 361.806 4824.01 97.7308
300 30 1.931 361.344 4819.73 97.5464
300 30 1.941 361.464 4820.88 97.249
300 30 1.951 361.22 4818.51 97.7794
300 30 1.961 361.262 4818.94 98.547
300 30 1.971 361.438 4820.61 100.727
300 30 1.981 361.3 4819.23 101.935
300 30 1.991 361.245 4818.73 104.01
300 40 0.001 2790.2 29523.9 67.0112
300 40 0.011 2834.19 29955.7 68.5846
300 40 0.021 2676.03 28332.9 64.5237
300 40 0.031 2561.86 27158.3 61.5049
300 40 0.041 2467.21 26182.3 59.3668
300 40 0.051 2343.89 24914.2 55.7553
300 40 0.061 2256.03 24004.3 53.167
300 40 0.071 2208.55 23511.2 51.7979
300 40 0.081 2094 22338.7 48.9915
300 40 0.091 2016.56 21535.2 46.6258
300 40 0.101 1916.44 20514.8 46.1144
300 40 0.111 1883.17 20168.6 46.1448
300 40 0.121 1805.11 19369 42.9363
300 40 0.131 1705.08 18350 38.4666
300 40 0.141 1605.58 17338 37.9441
300 40 0.151 1598.61 17263.9 38.757
300 40 0.161 1518.49 16444.1 36.5299
300 40 0.171 1442.65 15674.7 34.4352
300 40 0.181 1404.41 15286.7 33.9069
300 40 0.191 1391.5 15150.4 34.1039
300 40 0.201 1323.24 14459.3 31.8988
300 40 0.211 1256.18 13778.5 30.0347
300 40 0.221 1235.05 13561.3 28.9776
300 40 0.231 1192.42 13133.5 28.0132
300 40 0.241 1178.86 12989.6 27.7654
300 40 0.251 1098.16 12177.8 26.4638
300 40 0.261 1065.33 11847.2 25.6824
300 40 0.271 1064.23 11835.5 26.4689
300 40 0.281 1030.43 11492.7 25.8487
300 40 0.291 966.224 10848.9 24.7404
300 40 0.301 942.035 10602.1 24.5373
300 40 0.311 925.774 10438.6 24.5264
300 40 0.321 896.489 10144 24.2331
300 40 0.331 883.468 10011.9 24.7845
300 40 0.341 843.307 9609.27 24.4086
300 40 0.351 827.566 9450.39 24.2388
300 40 0.361 796.603 9141.94 23.5223
300 40 0.371 802.325 9196.47 24.2399
300 40 0.381 788.007 9052.97 24.2536
300 40 0.391 773.948 8912.21 24.1175
300 40 0.401 759.37 8763.7 24.6209
300 40 0.411 748.488 8654.27 25.0632
300 40 0.421 709.114 8262.6 24.3601
300 40 0.431 708.508 8255.84 25.1206
300 40 0.441 683.794 8008.19 24.914
300 40 0.451 671.619 7885.6 24.8317
300 40 0.461 676.336 7931.28 25.7674
300 40 0.471 650.187 7670.92 25.6121
300 40 0.481 637.326 7542.24 26.0075
300 40 0.491 640.759 7575.7 26.2235
300 40 0.501 617.883 7348.27 25.3429
300 40 0.511 597.445 7145.41 25.5489
300 40 0.521 602.995 7198.33 26.5017
300 40 0.531 580.179 6973.18 25.9427
300 40 0.541 580.074 6970.95 26.6101
300 40 0.551 574.282 6911.46 27.0053
300 40 0.561 557.576 6746.61 26.868
300 40 0.571 557.616 6744.48 28.0027
300 40 0.581 551.455 6683.5 28.5447
300 40 0.591 546.013 6628.78 29.5173
300 40 0.601 542.332 6591.68 30.1152
300 40 0.611 534.708 6515.57 30.585
300 40 0.621 514.315 6313.61 30.1872
300 40 0.631 510.754 6277.83 30.9607
300 40 0.641 500.425 6173.93 31.2194
300 40 0.651 502.12 6190.76 31.6475
300 40 0.661 496.559 6135.14 31.7781
300 40 0.671 507.527 6241.45 33.3458
300 40 0.681 493.455 6102.6 33.5027
300 40 0.691 490.93 6076.83 34.0315
300 40 0.701 480.732 5975.6 34.3133
300 40 0.711 476.845 5936.86 34.8869
300 40 0.721 475.087 5919.39 35.6132
300 40 0.731 468.453 5851.69 36.6558
300 40 0.741 465.041 5818.67 36.783
300 40 0.751 459.342 5761.54 37.6224
300 40 0.761 452.938 5697.9 37.3502
300 40 0.771 452.388 5692.44 37.8258
300 40 0.781 444.909 5618.41 37.5713
300 40 0.791 442.332 5592.68 38.5398
300 40 0.801 439.522 5564.34 39.4213
300 40 0.811 440.583 5574.66 40.4594
300 40 0.821 429.406 5463.77 40.1171
300 40 0.831 428.252 5451.17 41.7068
300 40 0.841 430.769 5475.57 42.201
300 40 0.851 419.563 5365.26 41.8743
300 40 0.861 431.211 5478.17 44.4683
300 40 0.871 415.818 5328.36 43.1207
300 40 0.881 418.754 5355.91 44.2065
300 40 0.891 414.537 5315.01 44.5932
300 40 0.901 407.897 5249.14 45.0491
300 40 0.911 406.378 5232.83 45.6501
300 40 0.921 405.562 5224.39 46.6885
300 40 0.931 404.468 5213.58 47.4154
300 40 0.941 402.526 5194.45 48.1913
300 40 0.951 403.113 5199.77 49.0031
300 40 0.961 397.083 5139.52 49.8253
300 40 0.971 393.603 5104.9 49.7208
300 40 0.981 395.724 5125.45 51.3331
300 40 0.991 395.268 5120.86 52.2686
300 40 1.001 388.881 5058.24 52.6717
300 40 1.011 389.321 5061.42 54.6875
300 40 1.021 385.268 5021.95 56.2251
300 40 1.031 384.083 5009.56 56.4813
300 40 1.041 379.533 4964.81 57.4793
300 40 1.051 381.362 4981.12 58.4951
300 40 1.061 375.68 4927.05 58.1074
300 40 1.071 374.14 4911.14 59.2749
300 40 1.081 376.638 4935.15 60.5513
300 40 1.091 376.275 4931.35 60.5561
300 40 1.101 375.043 4919.28 60.939
300 40 1.111 373.583 4904.97 61.175
300 40 1.121 372.108 4890.01 62.0459
300 40 1.131 373.914 4907.18 63.4426
300 40 1.141 371.714 4885.63 63.261
300 40 1.151 370.804 4876.34 63.77
300 40 1.161 369.09 4860.45 64.1415
300 40 1.171 370.408 4871.33 67.0741
300 40 1.181 367.987 4848.44 65.9484
300 40 1.191 367.58 4844.61 66.7721
300 40 1.201 365.805 4827.11 67.0674
300 40 1.211 367.78 4846.03 68.7374
300 40 1.221 365.667 4825.14 67.9023
300 40 1.231 365.072 4819.46 68.9504
300 40 1.241 364.923 4817.4 69.9274
300 40 1.251 363.414 4803.17 69.4453
300 40 1.261 364.189 4810.44 70.1938
300 40 1.271 362.098 4789.44 71.2844
300 40 1.281 360.987 4778.9 71.2487
300 40 1.291 361.359 4782.27 71.7287
300 40 1.301 360.619 4775.08 72.3159
300 40 1.311 358.918 4759.1 71.7324
300 40 1.321 358.328 4753.03 72.9153
300 40 1.331 359.377 4762.58 73.9161
300 40 1.341 358.161 4750.6 73.8782
300 40 1.351 357.732 4746.56 74.5048
300 40 1.361 359.571 4763.44 75.7682
300 40 1.371 356.899 4738.02 75.4275
300 40 1.381 358.532 4753.24 77.5883
300 40 1.391 357.461 4742.98 77.8618
300 40 1.401 357.812 4746.14 78.8547
300 40 1.411 355.66 4725.75 78.2155
300 40 1.421 355.85 4727.41 79.1942
300 40 1.431 354.229 4711.71 78.7414
300 40 1.441 356.507 4733.16 81.0543
300 40 1.451 354.565 4714.23 80.8869
300 40 1.461 353.343 4703.42 80.2739
300 40 1.471 353.083 4700.4 80.8804
300 40 1.481 352.673 4696.3 80.6167
300 40 1.491 353.842 4707.13 83.2102
300 40 1.501 352.792 4697.41 83.119
300 40 1.511 352.628 4695.31 84.0368
300 40 1.521 353.394 4702.5 85.5529
300 40 1.531 351.737 4686.76 85.1242
300 40 1.541 351.898 4687.82 86.0566
300 40 1.551 351.275 4681.74 85.2692
300 40 1.561 351.139 4680.75 84.2722
300 40 1.571 350.824 4677.61 84.2946
300 40 1.581 352.113 4689.45 86.3409
300 40 1.591 350.815 4677.49 86.3622
300 40 1.601 351.796 4686.32 89.4035
300 40 1.611 349.778 4667.35 87.3095
300 40 1.621 350.505 4673.97 89.3119
300 40 1.631 351.245 4680.8 88.9585
300 40 1.641 350.567 4674.64 89.8786
300 40 1.651 351.179 4679.97 89.9336
300 40 1.661 351.683 4684.86 89.2781
300 40 1.671 349.806 4667.27 87.8685
300 40 1.681 349.727 4666.3 88.4095
300 40 1.691 349.208 4661.32 88.5231
300 40 1.701 349.286 4662.1 88.4862
300 40 1.711 350.054 4669.12 89.6767
300 40 1.721 349.696 4665.84 89.9306
300 40 1.731 349.286 4661.62 92.5421
300 40 1.741 348.952 4658.7 89.5069
300 40 1.751 349.483 4663.31 90.3717
300 40 1.761 348.273 4652.15 89.504
300 40 1.771 348.852 4657.5 90.1988
300 40 1.781 349.167 4660.29 91.2925
300 40 1.791 349.693 4665.23 95.3154
300 40 1.801 348.758 4656.51 94.4814
300 40 1.811 348.595 4654.73 92.0224
300 40 1.821 348.574 4654.71 91.2444
300 40 1.831 348.937 4657.85 92.0979
300 40 1.841 348.324 4652.13 91.9589
300 40 1.851 348.207 4651.04 92.2289
300 40 1.861 348.889 4657.35 93.3176
300 40 1.871 348.355 4652.31 92.8733
300 40 1.881 347.569 4644.92 95.6559
300 40 1.891 348.659 4655.12 97.8363
300 40 1.901 348.977 4657.87 98.2423
300 40 1.911 347.982 4648.78 97.79
300 40 1.921 348.238 4650.95 97.44
300 40 1.931 348.316 4651.85 94.2861
300 40 1.941 347.715 4646.01 93.5036
300 40 1.951 348.007 4648.88 93.8939
300 40 1.961 347.858 4647.42 93.8943
300 40 1.971 347.657 4645.6 93.7267
300 40 1.981 348.042 4649.14 98.4275
300 40 1.991 348.112 4649.84 100.72
400 10 0.001 1247.63 14801.1 1.9691
400 10 0.011 1297.87 15329.4 2.7508
400 10 0.021 1262.8 14948.7 3.3736
400 10 0.031 1276.49 15086.7 3.9315
400 10 0.041 1256.42 14860.8 4.4913
400 10 0.051 1217.2 14438.7 4.7944
400 10 0.061 1236.95 14640.4 5.321
400 10 0.071 1194.05 14171.1 5.4346
400 10 0.081 1194.7 14176.2 6.1392
400 10 0.091 1175.83 13970 5.89
400 10 0.101 1161.71 13807 6.3394
400 10 0.111 1167.6 13859.6 7.1851
400 10 0.121 1128.28 13442.2 7.0881
400 10 0.131 1160.57 13768 7.7922
400 10 0.141 1149.88 13650.8 8.3752
400 10 0.151 1152.41 13666.6 8.8724
400 10 0.161 1141.67 13544.2 9.2794
400 10 0.171 1120.82 13317.2 9.7517
400 10 0.181 1107.16 13158.9 10.4069
400 10 0.191 1091.68 12998.2 10.3979
400 10 0.201 1073.13 12791.2 10.9119
400 10 0.211 1079.17 12847.7 11.6495
400 10 0.221 1050.52 12538.4 12.191
400 10 0.231 1035.47 12375.3 12.6233
400 10 0.241 1027.66 12284.3 12.5523
400 10 0.251 1032.09 12315 13.2886
400 10 0.261 1039.19 12388.2 14.1795
400 10 0.271 1001.98 11989.5 14.4498
400 10 0.281 1004.46 12010.8 14.7192
400 10 0.291 996.265 11913.6 15.0797
400 10 0.301 985.52 11796.2 15.6779
400 10 0.311 972.418 11651.8 16.2222
400 10 0.321 968.093 11604.6 16.8351
400 10 0.331 969.113 11608.8 17.3177
400 10 0.341 949.218 11401.1 17.6989
400 10 0.351 940.508 11303.1 18.1418
400 10 0.361 925.651 11136.2 18.9302
400 10 0.371 934.525 11225.8 19.7461
400 10 0.381 910.271 10969.3 20.3669
400 10 0.391 908.268 10941.3 21.149
400 10 0.401 910.501 10953.1 21.8418
400 10 0.411 891.006 10751.2 22.4335
400 10 0.421 861.243 10439 23.3503
400 10 0.431 876.185 10585.8 24.5521
400 10 0.441 887.79 10701.4 25.7274
400 10 0.451 853.183 10342.5 25.7274
400 10 0.461 832.787 10125 26.2369
400 10 0.471 852.842 10328.9 27.4483
400 10 0.481 839.698 10193.8 28.0538
400 10 0.491 834.321 10128 28.6087
400 10 0.501 820.869 9986.17 28.3892
400 10 0.511 808.166 9854.85 29.1153
400 10 0.521 808.186 9850.53 30.2612
400 10 0.531 808.578 9852.98 30.5528
400 10 0.541 796.144 9719.74 31.5576
400 10 0.551 774.865 9502.14 31.6257
400 10 0.561 779.882 9546.94 33.2885
400 10 0.571 768.577 9428.55 33.4791
400 10 0.581 765.441 9390.85 34.7338
400 10 0.591 746.814 9202.54 34.9436
400 10 0.601 747.136 9202.53 35.7415
400 10 0.611 733.963 9064.78 36.1152
400 10 0.621 746.594 9188.46 37.8533
400 10 0.631 738.267 9103.02 38.6516
400 10 0.641 728.591 9001.1 39.2118
400 10 0.651 705.698 8766.23 39.7003
400 10 0.661 716.116 8870.9 40.7841
400 10 0.671 717.098 8875.1 42.0781
400 10 0.681 701.49 8718.73 42.0321
400 10 0.691 700.555 8703.25 43.2939
400 10 0.701 689.901 8597.17 43.891
400 10 0.711 688.635 8580.41 44.8534
400 10 0.721 684.09 8533.53 45.7926
400 10 0.731 680.874 8500.21 47.5937
400 10 0.741 668.515 8377.15 47.6051
400 10 0.751 666.129 8347.6 48.5622
400 10 0.761 664.802 8332.69 49.9653
400 10 0.771 665.123 8333.16 51.2762
400 10 0.781 654.075 8222.79 50.976
400 10 0.791 646.927 8150.01 51.5485
400 10 0.801 650.72 8184.6 53.2832
400 10 0.811 644.638 8123.94 54.3694
400 10 0.821 633.904 8015.49 54.1809
400 10 0.831 637.201 8044.57 55.9214
400 10 0.841 628.962 7963.02 56.5464
400 10 0.851 622.578 7898.51 56.8567
400 10 0.861 624.75 7917.19 58.3758
400 10 0.871 623.151 7902.84 59.6158
400 10 0.881 616.285 7831.48 60.6191
400 10 0.891 610.644 7775.39 61.2954
400 10 0.901 615.117 7817.65 63.7426
400 10 0.911 613.507 7798.72 64.3331
400 10 0.921 612.806 7791.82 65.4395
400 10 0.931 606.015 7723.09 66.5343
400 10 0.941 604.607 7708.46 68.4619
400 10 0.951 596.897 7632.26 67.9738
400 10 0.961 598.158 7641.9 70.971
400 10 0.971 591.686 7580.27 69.9048
400 10 0.981 593.843 7598.27 73.0345
400 10 0.991 585.11 7511.8 73.4721
400 10 1.001 579.802 7459.6 73.9853
400 10 1.011 582.703 7485.25 77.6678
400 10 1.021 578.815 7447.03 79.3889
400 10 1.031 577.504 7432.78 80.3902
400 10 1.041 577.163 7429.21 80.444
400 10 1.051 571.718 7374.55 82.1706
400 10 1.061 567.619 7333.57 82.9536
400 10 1.071 568.37 7341.51 84.348
400 10 1.081 563.579 7294.12 83.7406
400 10 1.091 565.305 7310.8 86.1471
400 10 1.101 559.91 7256.77 87.9058
400 10 1.111 559.117 7248.79 89.3566
400 10 1.121 559.426 7250.56 88.9486
400 10 1.131 555.644 7214 88.9466
400 10 1.141 554.775 7206.29 89.4053
400 10 1.151 553.566 7193.04 90.8941
400 10 1.161 555.994 7216.24 93.6644
400 10 1.171 548.428 7143.32 92.8643
400 10 1.181 549.141 7149.39 94.61
400 10 1.191 552.034 7176.75 95.268
400 10 1.201 549.507 7151.53 95.0683
400 10 1.211 548.173 7138.61 96.1016
400 10 1.221 546.34 7120.63 97.1535
400 10 1.231 546.709 7124.21 97.7521
400 10 1.241 548.607 7141.71 100.179
400 10 1.251 546.626 7122.53 101.195
400 10 1.261 544.643 7102.11 100.336
400 10 1.271 544.702 7102.38 102.404
400 10 1.281 543.454 7090.87 102.045
400 10 1.291 543.944 7095.27 104.54
400 10 1.301 540.005 7057 104.865
400 10 1.311 540.029 7056.24 104.605
400 10 1.321 538.331 7039.89 107.07
400 10 1.331 536.82 7025.07 106.593
400 10 1.341 536.9 7026.01 107.477
400 10 1.351 538.466 7040.68 107.731
400 10 1.361 533.684 6995 107.182
400 10 1.371 533.348 6991.52 109.448
400 10 1.381 535.354 7009.88 110.967
400 10 1.391 534.756 7004.06 111.105
400 10 1.401 534.388 6999.98 113.785
400 10 1.411 531.423 6971.63 112.368
400 10 1.421 533.997 6996.44 114.192
400 10 1.431 533.628 6991.99 116.063
400 10 1.441 530.414 6961.5 116.223
400 10 1.451 531.904 6975.28 115.947
400 10 1.461 533.168 6986.81 117.021
400 10 1.471 531.811 6974.08 117.593
400 10 1.481 532.028 6975.37 119.62
400 10 1.491 529.156 6947.89 118.774
400 10 1.501 528.061 6937.8 119.342
400 10 1.511 529.918 6954.81 121.231
400 10 1.521 530.085 6956.43 122.58
400 10 1.531 527.223 6929.23 122.194
400 10 1.541 526.038 6917.75 124.292
400 10 1.551 528.654 6941.85 124.119
400 10 1.561 528.214 6938.13 124.709
400 10 1.571 527.938 6934.96 125.532
400 10 1.581 527.255 6928.18 129.255
400 10 1.591 526.998 6925.58 130.635
400 10 1.601 525.207 6908.73 129.949
400 10 1.611 525.239 6909.07 130.106
400 10 1.621 526.861 6924.13 128.933
400 10 1.631 526.834 6923.58 129.468
400 10 1.641 526.21 6917.42 129.352
400 10 1.651 525.258 6908.34 129.883
400 10 1.661 524.777 6904.1 129.336
400 10 1.671 523.902 6895.94 129.285
400 10 1.681 524.826 6904.47 132.618
400 10 1.691 525.12 6907.02 131.037
400 10 1.701 525.809 6912.93 132.539
400 10 1.711 524.308 6899.16 131.92
400 10 1.721 524.134 6897.61 132.026
400 10 1.731 524.414 6899.84 133.292
400 10 1.741 522.527 6881.84 131.953
400 10 1.751 523.944 6895.19 133.608
400 10 1.761 523.274 6888.93 133.518
400 10 1.771 523.365 6889.84 133.9
400 10 1.781 522.934 6885.63 138.517
400 10 1.791 522.304 6879.63 138.313
400 10 1.801 522.573 6881.93 135.151
400 10 1.811 522.419 6880.75 135.32
400 10 1.821 521.941 6875.89 135.52
400 10 1.831 521.85 6875.08 139.468
400 10 1.841 521.636 6873.04 141.374
400 10 1.851 521.337 6869.86 141.641
400 10 1.861 521.725 6873.76 142.43
400 10 1.871 521.352 6869.97 142.979
400 10 1.881 521.784 6874.18 141.691
400 10 1.891 521.738 6873.64 137.997
400 10 1.901 521.637 6872.71 138.083
400 10 1.911 521.722 6873.28 138.692
400 10 1.921 521.149 6867.92 143.986
400 10 1.931 520.931 6865.95 142.87
400 10 1.941 521.614 6872.13 146.709
400 10 1.951 521.662 6872.61 147.408
400 10 1.961 521.662 6872.64 143.549
400 10 1.971 521.142 6867.8 140.175
400 10 1.981 521.579 6871.92 141.118
400 10 1.991 521.106 6867.53 140.755
400 20 0.001 2139.44 23662.9 4.4804
400 20 0.011 2162.61 23889.5 8.0972
400 20 0.021 2119.4 23431.1 6.8317
400 20 0.031 2073.71 22944.9 7.8296
400 20 0.041 2071.25 22906.9 9.003
400 20 0.051 1990.65 22064.2 9.9577
400 20 0.061 1987.4 22016.2 9.7461
400 20 0.071 1961.19 21734.5 9.8145
400 20 0.081 1979.98 21909.6 10.7158
400 20 0.091 1873.07 20797.6 14.4958
400 20 0.101 1875.68 20807 19.9765
400 20 0.111 1766.83 19682.5 19.4229
400 20 0.121 1738.47 19370.7 15.7259
400 20 0.131 1746.18 19450.2 14.4879
400 20 0.141 1699.24 18946.7 14.807
400 20 0.151 1652.35 18466.4 15.0164
400 20 0.161 1610.23 18015.6 15.2217
400 20 0.171 1601.91 17922.6 15.6646
400 20 0.181 1573.43 17624.7 16.5896
400 20 0.191 1547.23 17345.1 16.9417
400 20 0.201 1474.93 16600.1 17.2235
400 20 0.211 1454.52 16382.7 17.3921
400 20 0.221 1464.45 16470.4 18.3861
400 20 0.231 1439.67 16207.6 19.0872
400 20 0.241 1359.68 15396.4 18.981
400 20 0.251 1370.3 15490.7 20.2654
400 20 0.261 1320.85 14987.8 19.7018
400 20 0.271 1303.62 14800.4 20.8043
400 20 0.281 1279.87 14554.6 21.1525
400 20 0.291 1242.92 14171.1 21.3652
400 20 0.301 1240.99 14144.3 22.876
400 20 0.311 1214.52 13873.4 22.8136
400 20 0.321 1169.92 13418.8 22.9322
400 20 0.331 1170.64 13415.7 24.3079
400 20 0.341 1133.33 13037.6 24.5535
400 20 0.351 1161.9 13320.1 25.7136
400 20 0.361 1087.76 12571.7 24.9668
400 20 0.371 1071.46 12396.9 25.9978
400 20 0.381 1076.29 12441.6 26.6971
400 20 0.391 1045.95 12137.6 26.2974
400 20 0.401 1028.95 11961.8 27.1468
400 20 0.411 1008.7 11753.7 27.2019
400 20 0.421 977.644 11440.3 27.4946
400 20 0.431 972.469 11383.9 27.8891
400 20 0.441 965.255 11311.5 28.6824
400 20 0.451 950.193 11153.9 30.1444
400 20 0.461 940.496 11053.6 31.0627
400 20 0.471 918.718 10833.6 30.9861
400 20 0.481 897.486 10621.2 31.0847
400 20 0.491 897.93 10619.5 32.6521
400 20 0.501 884.96 10489.2 33.5119
400 20 0.511 870.896 10346.8 34.6341
400 20 0.521 860.204 10239.4 34.6237
400 20 0.531 850.899 10144.1 35.4021
400 20 0.541 847.593 10108.4 36.0599
400 20 0.551 838.361 10012.3 36.8982
400 20 0.561 821.711 9845.76 37.2441
400 20 0.571 802.496 9653.29 37.9052
400 20 0.581 797.204 9601.78 38.4922
400 20 0.591 773.341 9362.82 38.6
400 20 0.601 768.278 9309.98 39.2823
400 20 0.611 772.541 9352.92 39.7276
400 20 0.621 760.343 9228.95 39.9451
400 20 0.631 750.387 9130.91 40.6247
400 20 0.641 743.527 9059.52 41.6787
400 20 0.651 732.658 8951.09 41.5836
400 20 0.661 734.683 8966.61 43.4267
400 20 0.671 722.199 8843.48 44.5541
400 20 0.681 723.214 8851.7 44.8904
400 20 0.691 703.169 8655.4 44.6614
400 20 0.701 706.483 8685.95 46.6297
400 20 0.711 687.787 8499.65 46.9983
400 20 0.721 691.888 8539.38 47.9154
400 20 0.731 676.342 8384.12 48.1763
400 20 0.741 668.357 8305.19 48.5689
400 20 0.751 672.574 8345.85 50.1277
400 20 0.761 659.011 8212.74 49.545
400 20 0.771 648.87 8110.41 50.9483
400 20 0.781 652.962 8149.91 51.9587
400 20 0.791 644.642 8067.8 52.3562
400 20 0.801 644.863 8067.74 53.2532
400 20 0.811 642.735 8046.15 54.1364
400 20 0.821 639.294 8011.47 55.0736
400 20 0.831 627.785 7898.13 55.0695
400 20 0.841 622.419 7843.81 56.4669
400 20 0.851 622.061 7839.21 58.5636
400 20 0.861 611.921 7739.07 57.5094
400 20 0.871 601.535 7636.42 57.9341
400 20 0.881 606.607 7685.73 59.5889
400 20 0.891 600.962 7629.54 59.8254
400 20 0.901 602.923 7646.76 63.0425
400 20 0.911 603.126 7648.36 65.7174
400 20 0.921 594.854 7567 64.7827
400 20 0.931 589.754 7517.34 64.261
400 20 0.941 587.94 7497.84 66.73
400 20 0.951 582.118 7441.01 66.2018
400 20 0.961 582.219 7441.49 67.7995
400 20 0.971 573.086 7351.64 68.4583
400 20 0.981 580.189 7418.27 72.0391
400 20 0.991 571.18 7331.05 71.8747
400 20 1.001 568.41 7303.02 73.4304
400 20 1.011 559.535 7216 74.8218
400 20 1.021 560.442 7223.84 75.0712
400 20 1.031 562.476 7241.79 78.7136
400 20 1.041 557.306 7191.74 78.9417
400 20 1.051 554.972 7168.29 79.5138
400 20 1.061 558.226 7199.28 81.899
400 20 1.071 552.575 7143.3 82.9642
400 20 1.081 548.674 7106.32 83.1214
400 20 1.091 550.528 7122.49 86.2502
400 20 1.101 545.81 7077.46 84.5164
400 20 1.111 549.476 7111.96 86.8744
400 20 1.121 544.501 7063.73 86.8499
400 20 1.131 542.478 7044.06 86.9304
400 20 1.141 540.988 7028.91 88.0479
400 20 1.151 538.304 7002.36 89.2786
400 20 1.161 537.121 6990.31 90.1045
400 20 1.171 540.092 7018.88 90.8343
400 20 1.181 536.773 6986.62 91.197
400 20 1.191 533.28 6953.38 90.8356
400 20 1.201 535.083 6969.51 94.2198
400 20 1.211 530.058 6921.77 92.2503
400 20 1.221 535.014 6968.23 95.3498
400 20 1.231 534.553 6962.76 97.847
400 20 1.241 530.241 6922.36 96.0659
400 20 1.251 530.491 6923.06 98.6803
400 20 1.261 527.547 6895.11 99.0046
400 20 1.271 527.869 6899.02 98.4964
400 20 1.281 528.524 6903.89 100.232
400 20 1.291 530.486 6922.32 103.14
400 20 1.301 528.067 6898.09 101.961
400 20 1.311 523.377 6854.11 100.843
400 20 1.321 527.251 6889.99 103.631
400 20 1.331 526.153 6880.01 103.791
400 20 1.341 525.368 6872.42 104.748
400 20 1.351 522.387 6842.89 104.28
400 20 1.361 524.146 6859.53 107.385
400 20 1.371 520.995 6829.1 106.634
400 20 1.381 523.911 6857.08 107.616
400 20 1.391 518.764 6807.73 106.996
400 20 1.401 522.318 6841.55 109.105
400 20 1.411 518.306 6802.76 108.812
400 20 1.421 518.259 6802.09 111.008
400 20 1.431 521.776 6834.94 114.868
400 20 1.441 521.622 6833.74 115.714
400 20 1.451 517.366 6792.22 114.168
400 20 1.461 515.718 6776.98 114.327
400 20 1.471 518.204 6800.64 113.942
400 20 1.481 516.61 6784.59 114.946
400 20 1.491 516.886 6787.39 115.955
400 20 1.501 517.097 6788.79 117.424
400 20 1.511 516.81 6785.97 117.886
400 20 1.521 516.124 6778.84 118.937
400 20 1.531 513.572 6755.47 118.48
400 20 1.541 516.075 6778.69 120.865
400 20 1.551 514.481 6763.27 120.926
400 20 1.561 513.968 6758.38 121.724
400 20 1.571 513.564 6754 122.334
400 20 1.581 510.581 6725.65 120.577
400 20 1.591 511.101 6730.5 122.114
400 20 1.601 511.148 6731.19 122.814
400 20 1.611 511.223 6731.57 123.481
400 20 1.621 513.174 6749.99 125.512
400 20 1.631 511.202 6731.18 124.843
400 20 1.641 511.249 6731.94 124.827
400 20 1.651 511.853 6736.98 126.327
400 20 1.661 510.899 6727.95 125.976
400 20 1.671 509.127 6711.42 124.953
400 20 1.681 510.763 6726.32 129.899
400 20 1.691 512.469 6742.41 132.619
400 20 1.701 510.819 6726.41 131.982
400 20 1.711 510.585 6724.3 131.467
400 20 1.721 509.961 6718.81 132.16
400 20 1.731 511.343 6731.37 133.84
400 20 1.741 510.305 6721.7 133.066
400 20 1.751 510.783 6726.05 132.369
400 20 1.761 509.944 6718.06 134.174
400 20 1.771 510.113 6719.39 134.578
400 20 1.781 509.686 6715.77 135.291
400 20 1.791 511.24 6729.87 136.022
400 20 1.801 509.288 6711.59 131.748
400 20 1.811 509.145 6710.18 132.539
400 20 1.821 508.915 6708.09 136.746
400 20 1.831 508.615 6705.13 137.623
400 20 1.841 507.965 6698.95 137.491
400 20 1.851 508.443 6703.43 134.7
400 20 1.861 509.048 6708.74 133.982
400 20 1.871 509.387 6712.01 134.874
400 20 1.881 508.712 6705.88 134.409
400 20 1.891 508.193 6700.81 135.348
400 20 1.901 507.797 6696.76 140.499
400 20 1.911 508.601 6704.57 141.879
400 20 1.921 507.994 6698.88 139.988
400 20 1.931 507.681 6695.95 141.784
400 20 1.941 508.987 6708 140.574
400 20 1.951 508.841 6706.66 137.51
400 20 1.961 507.846 6697.3 135.884
400 20 1.971 507.665 6695.65 142.724
400 20 1.981 507.944 6698.25 145.107
400 20 1.991 508.039 6699.11 145.907
400 30 0.001 3115.36 33393.7 2.962
400 30 0.011 3033.27 32536.4 5.0827
400 30 0.021 2939.77 31564.3 6.8223
400 30 0.031 2881.97 30958 8.8137
400 30 0.041 2838.69 30493.3 10.6282
400 30 0.051 2721.46 29285.1 11.6992
400 30 0.061 2567.03 27693 12.7474
400 30 0.071 2559.54 27590.4 14.3317
400 30 0.081 2485.52 26826.6 15.4943
400 30 0.091 2380.29 25735.7 16.4291
400 30 0.101 2293.49 24838.4 17.0738
400 30 0.111 2229.05 24172.9 17.9537
400 30 0.121 2184.62 23705.5 18.7723
400 30 0.131 2115.67 22991.9 19.0159
400 30 0.141 2092.63 22750.6 20.0891
400 30 0.151 1984.54 21637.3 20.243
400 30 0.161 1952.07 21302.3 21.6255
400 30 0.171 1917.66 20942.2 21.7082
400 30 0.181 1826.68 20006.4 22.0661
400 30 0.191 1797.12 19704.8 22.5865
400 30 0.201 1720.65 18923.7 22.3656
400 30 0.211 1747.2 19175.8 24.3871
400 30 0.221 1633.63 18028.6 23.8696
400 30 0.231 1586.79 17552.5 24.2475
400 30 0.241 1537.91 17053.9 24.2369
400 30 0.251 1499.93 16664.5 23.8341
400 30 0.261 1447.49 16127.1 24.6219
400 30 0.271 1462.98 16279.7 25.9301
400 30 0.281 1321.07 14850.5 24.6585
400 30 0.291 1329.39 14929.3 25.1296
400 30 0.301 1323.59 14863.6 26.7518
400 30 0.311 1243.4 14058.1 25.9184
400 30 0.321 1238.09 14004.4 26.841
400 30 0.331 1227.55 13895 26.8331
400 30 0.341 1182.34 13432.1 27.0945
400 30 0.351 1205.75 13664.8 28.7414
400 30 0.361 1137.21 12974.5 28.5111
400 30 0.371 1123.37 12836.5 28.3661
400 30 0.381 1086.34 12464 28.779
400 30 0.391 1067.77 12275.8 29.3875
400 30 0.401 1041.95 12016.1 29.6261
400 30 0.411 1045.74 12053.2 30.1398
400 30 0.421 1025.98 11850.4 30.683
400 30 0.431 987.281 11463.6 30.7637
400 30 0.441 970.006 11291.8 30.8487
400 30 0.451 953.162 11119.6 31.3966
400 30 0.461 966.526 11250.2 33.1113
400 30 0.471 940.405 10989.6 33.4172
400 30 0.481 898.529 10571.9 32.7918
400 30 0.491 895.87 10542.6 32.8524
400 30 0.501 868.694 10271.5 32.5666
400 30 0.511 853.397 10119.8 33.9362
400 30 0.521 845.554 10040.2 34.0379
400 30 0.531 854.14 10123 35.1492
400 30 0.541 815.142 9735.87 34.8384
400 30 0.551 813.804 9719.92 35.9575
400 30 0.561 808.525 9667.12 36.4998
400 30 0.571 789.638 9479.12 36.6581
400 30 0.581 781.759 9400.38 37.1453
400 30 0.591 770.139 9283.75 37.87
400 30 0.601 763.005 9211.76 38.9038
400 30 0.611 738.955 8974.02 38.5713
400 30 0.621 728.101 8863.55 39.1242
400 30 0.631 740.196 8984.61 40.5559
400 30 0.641 718.531 8769.87 40.0421
400 30 0.651 718.041 8763.44 40.9758
400 30 0.661 714.292 8723.54 42.4098
400 30 0.671 705.608 8636.6 42.7242
400 30 0.681 694.779 8529.26 43.5952
400 30 0.691 708.159 8659.27 45.2153
400 30 0.701 671.859 8301.29 44.0777
400 30 0.711 677.129 8353.01 45.5968
400 30 0.721 670.097 8282.16 46.7321
400 30 0.731 675.571 8333.6 47.4489
400 30 0.741 659.44 8174.93 47.8599
400 30 0.751 646.302 8047.21 46.6903
400 30 0.761 646.908 8050.41 48.5263
400 30 0.771 636.687 7949.48 48.8592
400 30 0.781 642.042 8000.89 50.6684
400 30 0.791 626.077 7843.27 50.6778
400 30 0.801 634.093 7920.24 52.4403
400 30 0.811 617.757 7759.36 51.9922
400 30 0.821 617.755 7758.25 53.7802
400 30 0.831 617.866 7759.82 55.2501
400 30 0.841 614.21 7721.82 55.8035
400 30 0.851 601.061 7592.12 56.9665
400 30 0.861 606.442 7644.61 57.4218
400 30 0.871 591.995 7501.72 58.1593
400 30 0.881 596.653 7546.32 59.5816
400 30 0.891 584.242 7425.7 59.1588
400 30 0.901 577.74 7360.07 60.1635
400 30 0.911 578.872 7372.12 61.0946
400 30 0.921 579.899 7381.07 62.6545
400 30 0.931 571.469 7296.56 63.6378
400 30 0.941 569.965 7281.72 64.2839
400 30 0.951 566.068 7242.75 64.9718
400 30 0.961 563.828 7219.8 66.1912
400 30 0.971 564.655 7227.83 67.751
400 30 0.981 555.88 7141.19 68.3971
400 30 0.991 551.653 7099.24 69.4879
400 30 1.001 554.349 7125.21 70.8491
400 30 1.011 553.64 7117.26 73.7063
400 30 1.021 546.413 7046.76 74.0231
400 30 1.031 543.864 7020.87 75.381
400 30 1.041 543.668 7018.43 76.2533
400 30 1.051 539.333 6975.74 77.302
400 30 1.061 541.604 6995.97 79.5826
400 30 1.071 539.368 6974.21 81.0333
400 30 1.081 534.084 6922.08 81.8251
400 30 1.091 533.912 6920.77 82.2468
400 30 1.101 531.341 6895.18 81.793
400 30 1.111 529.248 6874.53 83.3641
400 30 1.121 530.344 6884.24 84.7539
400 30 1.131 529.377 6874.33 85.5906
400 30 1.141 528.819 6868.75 86.7712
400 30 1.151 524.147 6822.83 87.5651
400 30 1.161 522.907 6811.45 87.5559
400 30 1.171 527.577 6856.04 88.6242
400 30 1.181 522.808 6809.63 89.3585
400 30 1.191 519.951 6782.42 88.8575
400 30 1.201 518.082 6763.37 89.8849
400 30 1.211 521.782 6799.03 91.9686
400 30 1.221 518.559 6766.87 92.0894
400 30 1.231 516.829 6750.23 93.047
400 30 1.241 517.649 6758.37 93.6071
400 30 1.251 516.259 6743.84 96.287
400 30 1.261 515.288 6734.74 97.088
400 30 1.271 513.657 6718.61 97.1289
400 30 1.281 512.717 6708.76 98.1415
400 30 1.291 511.923 6702 99.5874
400 30 1.301 513.599 6716.96 100.692
400 30 1.311 511.685 6698.38 100.092
400 30 1.321 511.54 6697.28 100.539
400 30 1.331 512.536 6706.08 101.54
400 30 1.341 510.792 6689.16 103.052
400 30 1.351 510.157 6682.7 104.287
400 30 1.361 508.52 6667.01 104.515
400 30 1.371 507.225 6654.03 105.051
400 30 1.381 510.023 6681.06 107.319
400 30 1.391 511.841 6697.3 108.493
400 30 1.401 506.02 6641.99 105.224
400 30 1.411 506.736 6648.98 106.77
400 30 1.421 504.821 6630.15 106.443
400 30 1.431 505.857 6639.8 108.47
400 30 1.441 504.067 6621.69 110.753
400 30 1.451 505.306 6633.48 111.119
400 30 1.461 503.509 6616.63 110.737
400 30 1.471 504.63 6626.67 112.646
400 30 1.481 505.53 6635.28 113.316
400 30 1.491 503.567 6616.82 113.727
400 30 1.501 503.543 6616.16 114.669
400 30 1.511 501.006 6592.01 115.044
400 30 1.521 500.622 6587.9 117.108
400 30 1.531 501.225 6593.45 118.043
400 30 1.541 500.046 6582.02 117.041
400 30 1.551 501.939 6599.54 121.116
400 30 1.561 498.689 6568.93 118.251
400 30 1.571 499.366 6575.46 118.031
400 30 1.581 500.188 6582.89 119.289
400 30 1.591 499.146 6572.42 119.876
400 30 1.601 499 6571.36 120.426
400 30 1.611 499.045 6571.57 121.09
400 30 1.621 499.318 6574.41 122.645
400 30 1.631 498.678 6567.8 122.479
400 30 1.641 499.327 6573.6 123.317
400 30 1.651 499.486 6575.66 123.96
400 30 1.661 497.885 6560.3 123.051
400 30 1.671 497.251 6554.25 123.26
400 30 1.681 497.198 6553.81 123.496
400 30 1.691 498.88 6569.53 125.565
400 30 1.701 497.527 6556.59 124.79
400 30 1.711 496.667 6548.05 124.865
400 30 1.721 496.725 6548.72 125.109
400 30 1.731 496.275 6544.44 127.013
400 30 1.741 497.287 6553.78 127.507
400 30 1.751 495.716 6538.97 125.97
400 30 1.761 495.88 6540.46 126.781
400 30 1.771 495.754 6539.04 126.907
400 30 1.781 496.933 6549.87 128.648
400 30 1.791 495.298 6534.8 127.414
400 30 1.801 497.692 6556.81 130.109
400 30 1.811 495.013 6531.86 128.196
400 30 1.821 496.859 6548.95 129.934
400 30 1.831 495.954 6540.38 131.454
400 30 1.841 495.448 6535.79 130.072
400 30 1.851 495.225 6533.55 132.605
400 30 1.861 495.568 6536.75 130.643
400 30 1.871 494.587 6527.57 132.177
400 30 1.881 496.22 6542.79 132.248
400 30 1.891 494.753 6528.9 130.992
400 30 1.901 494.795 6529.45 131.049
400 30 1.911 494.716 6528.67 131.896
400 30 1.921 494.82 6529.47 131.718
400 30 1.931 495.359 6534.62 132.889
400 30 1.941 494.415 6525.64 135.788
400 30 1.951 494.887 6530.06 132.83
400 30 1.961 495.024 6531.31 134.447
400 30 1.971 494.381 6525.29 136.817
400 30 1.981 494.974 6530.87 134.24
400 30 1.991 494.4 6525.49 133.778
400 40 0.001 3876.29 40936.7 92.6887
400 40 0.011 3909.68 41252.7 94.0643
400 40 0.021 3650.31 38593.5 87.2528
400 40 0.031 3539.23 37440.8 85.0396
400 40 0.041 3449.21 36507.3 83.2577
400 40 0.051 3249.24 34458.1 75.7899
400 40 0.061 3164.04 33574.8 72.7506
400 40 0.071 3032.9 32221.8 68.8758
400 40 0.081 2958.74 31451.9 66.3766
400 40 0.091 2798.97 29818.8 61.8914
400 40 0.101 2758.47 29396 62.0226
400 40 0.111 2535.66 27125.5 58.357
400 40 0.121 2447.35 26222.6 56.0956
400 40 0.131 2383.52 25563.2 54.6071
400 40 0.141 2336.67 25074.5 53.0795
400 40 0.151 2169.84 23385.5 47.5355
400 40 0.161 2017.41 21844.5 42.3374
400 40 0.171 2004.29 21703.3 44.7722
400 40 0.181 1948.76 21128.4 42.5197
400 40 0.191 1980.81 21444.3 43.8318
400 40 0.201 1799.04 19616.1 39.924
400 40 0.211 1728.35 18895.7 38.3795
400 40 0.221 1730.58 18909.2 37.8565
400 40 0.231 1647.57 18070.7 36.2503
400 40 0.241 1639.67 17990.3 36.7908
400 40 0.251 1559.65 17177.9 33.9592
400 40 0.261 1529.1 16866.5 33.9877
400 40 0.271 1434.37 15920.5 31.7345
400 40 0.281 1384.06 15411.7 31.0785
400 40 0.291 1379.83 15362.9 31.5891
400 40 0.301 1330.63 14868.7 30.9983
400 40 0.311 1288.78 14450.2 30.6129
400 40 0.321 1275.8 14314.8 30.9747
400 40 0.331 1205.39 13610.9 30.2008
400 40 0.341 1200.62 13560 30.2139
400 40 0.351 1170.11 13253 30.3801
400 40 0.361 1117.87 12730.2 30.1413
400 40 0.371 1110.46 12654.1 30.814
400 40 0.381 1053.29 12084 29.6227
400 40 0.391 1066.62 12214.5 30.6769
400 40 0.401 1053.53 12083.4 31.0811
400 40 0.411 1013.66 11682.9 30.9193
400 40 0.421 981.174 11359.3 31.0185
400 40 0.431 957.237 11119.7 30.5475
400 40 0.441 961.941 11164.5 30.7811
400 40 0.451 939.222 10935.9 31.1083
400 40 0.461 921.84 10762.9 31.7483
400 40 0.471 924.982 10793.1 32.9033
400 40 0.481 877.445 10320 32.07
400 40 0.491 876.985 10313 33.2142
400 40 0.501 844.801 9993.16 32.9659
400 40 0.511 828.994 9835.79 32.9886
400 40 0.521 837.696 9920.12 33.9966
400 40 0.531 822.53 9768.34 34.8143
400 40 0.541 822.884 9771.56 35.4409
400 40 0.551 785.628 9400.67 35.0679
400 40 0.561 779.026 9334.11 35.7862
400 40 0.571 764.574 9190.4 35.7057
400 40 0.581 758.742 9132.31 37.0955
400 40 0.591 752.373 9067.43 37.2227
400 40 0.601 747.021 9013.69 38.2602
400 40 0.611 724.692 8792 38.1004
400 40 0.621 714.353 8689.96 38.1316
400 40 0.631 716.163 8704.89 39.8569
400 40 0.641 711.902 8661.57 40.542
400 40 0.651 695.839 8502.8 40.5881
400 40 0.661 692.485 8469.16 41.5962
400 40 0.671 679.604 8342.46 40.6358
400 40 0.681 689.065 8430.98 42.8655
400 40 0.691 657.422 8119.72 41.927
400 40 0.701 656.09 8106.83 42.5943
400 40 0.711 659.547 8139.71 44.0127
400 40 0.721 659.561 8137.57 45.811
400 40 0.731 640.306 7948.23 46.213
400 40 0.741 643.533 7978.26 47.105
400 40 0.751 637.347 7917.08 47.1692
400 40 0.761 628.89 7832.56 47.9714
400 40 0.771 628.968 7830.65 50.1231
400 40 0.781 622.642 7770.11 50.4429
400 40 0.791 611.224 7656.74 50.6458
400 40 0.801 612.994 7673.08 51.5872
400 40 0.811 605.9 7603.81 52.2255
400 40 0.821 600.73 7551.22 52.7023
400 40 0.831 597.88 7521.05 54.8062
400 40 0.841 590.093 7445.73 54.5913
400 40 0.851 591.067 7454.28 55.4011
400 40 0.861 590.238 7445.47 56.1279
400 40 0.871 584.888 7392.61 58.1504
400 40 0.881 571.184 7257.64 57.4565
400 40 0.891 568.51 7229.75 58.5152
400 40 0.901 565.546 7200.8 59.0949
400 40 0.911 567.127 7214.47 61.3517
400 40 0.921 562.894 7172.25 62.6435
400 40 0.931 554.797 7092.64 62.9837
400 40 0.941 553.947 7083.61 62.5205
400 40 0.951 559.522 7136.41 65.1606
400 40 0.961 555.67 7099.16 67.0846
400 40 0.971 541.656 6962.73 65.7557
400 40 0.981 546.678 7008.31 68.3649
400 40 0.991 539.366 6937.6 68.4157
400 40 1.001 536.966 6913.84 70.14
400 40 1.011 532.353 6868.91 70.8681
400 40 1.021 536.19 6904.03 73.7781
400 40 1.031 536.605 6908.28 75.5601
400 40 1.041 529.534 6838.18 75.8817
400 40 1.051 522.349 6768.65 76.5938
400 40 1.061 524.362 6787.61 78.3107
400 40 1.071 527.346 6815.81 79.284
400 40 1.081 521.115 6755.12 80.4089
400 40 1.091 520.179 6745.21 81.6168
400 40 1.101 518.412 6727.81 82.3464
400 40 1.111 519.086 6733.6 82.732
400 40 1.121 517.387 6716.45 83.5464
400 40 1.131 513.492 6679.17 83.1025
400 40 1.141 511.24 6657.29 84.1319
400 40 1.151 515.476 6697.57 86.1237
400 40 1.161 513.268 6674.57 86.8346
400 40 1.171 505.978 6605.41 85.7881
400 40 1.181 506.231 6607.07 86.0789
400 40 1.191 510.289 6646.07 88.6787
400 40 1.201 508.928 6632.45 89.2084
400 40 1.211 504.912 6592.92 89.856
400 40 1.221 506.937 6613.02 91.075
400 40 1.231 505.082 6594.49 91.1329
400 40 1.241 504.24 6585.72 92.1691
400 40 1.251 504.219 6585.43 93.536
400 40 1.261 500.6 6550.15 92.9402
400 40 1.271 499.698 6541.71 93.4879
400 40 1.281 500.384 6547.55 95.6919
400 40 1.291 501.775 6560.83 95.3086
400 40 1.301 497.628 6520.55 95.2087
400 40 1.311 498.002 6523.81 97.0695
400 40 1.321 497.364 6517.77 99.9662
400 40 1.331 497.07 6514.07 99.7938
400 40 1.341 495.475 6498.7 99.3689
400 40 1.351 497.693 6520.56 100.562
400 40 1.361 497.797 6520.48 101.697
400 40 1.371 494.977 6493.59 101.4
400 40 1.381 494.665 6489.81 103.241
400 40 1.391 495.478 6497.15 104.375
400 40 1.401 491.786 6462.58 102.461
400 40 1.411 492.513 6468.68 104.768
400 40 1.421 494.541 6487.99 106.221
400 40 1.431 491.023 6454.59 105.482
400 40 1.441 490.894 6452.52 106.717
400 40 1.451 492.312 6466.36 108.069
400 40 1.461 488.939 6433.84 108.568
400 40 1.471 489.31 6437.76 109.707
400 40 1.481 487.398 6418.67 110.147
400 40 1.491 489.472 6438.42 112.709
400 40 1.501 489.841 6441.54 113.347
400 40 1.511 489.568 6439.07 112.624
400 40 1.521 490.168 6443.67 114.645
400 40 1.531 486.82 6412.85 111.954
400 40 1.541 487.145 6415.6 112.95
400 40 1.551 487.106 6414.81 114.854
400 40 1.561 486.993 6413.38 114.894
400 40 1.571 486.786 6411.46 116.061
400 40 1.581 485.456 6398.41 116.028
400 40 1.591 486.311 6406.54 117.707
400 40 1.601 484.988 6394.42 116.839
400 40 1.611 487.203 6415 119.223
400 40 1.621 484.933 6393.47 118.742
400 40 1.631 484.277 6387.12 121.459
400 40 1.641 484.196 6386.12 118.505
400 40 1.651 484.314 6387.17 119.269
400 40 1.661 484.124 6385.1 120.057
400 40 1.671 484.353 6386.99 120.395
400 40 1.681 484.478 6388.28 120.855
400 40 1.691 485.19 6394.92 121.994
400 40 1.701 484.276 6386.01 122.192
400 40 1.711 481.965 6364.55 120.302
400 40 1.721 482.99 6374.05 122.074
400 40 1.731 483.877 6382 123.084
400 40 1.741 482.755 6371.26 122.726
400 40 1.751 484.995 6392.55 124.884
400 40 1.761 482.695 6371.09 123.556
400 40 1.771 482.16 6365.87 123.401
400 40 1.781 481.549 6360.29 123.284
400 40 1.791 482.444 6368.47 124.549
400 40 1.801 481.759 6361.59 124.752
400 40 1.811 482.52 6369.11 125.424
400 40 1.821 481.476 6359.22 124.679
400 40 1.831 482.117 6365.06 126.14
400 40 1.841 483.395 6376.76 132.258
400 40 1.851 481.322 6357.51 130.946
400 40 1.861 481.966 6363.2 132.129
400 40 1.871 481.475 6358.81 131.988
400 40 1.881 481.473 6358.86 132.525
400 40 1.891 481.886 6362.54 133.463
400 40 1.901 480.762 6352.08 132.778
400 40 1.911 481.306 6357.13 134.046
400 40 1.921 481.729 6360.91 135.084
400 40 1.931 481.825 6361.81 135.333
400 40 1.941 481.265 6356.61 135.442
400 40 1.951 481.791 6361.47 136.131
400 40 1.961 481.313 6356.9 136.27
400 40 1.971 481.507 6358.76 129.448
400 40 1.981 481.558 6359.29 130.345
400 40 1.991 481.246 6356.3 130.559
