200 10 0.001 48.133 9.566e-07
200 10 0.011 46.706 9.379e-07
200 10 0.021 45.8007 9.31e-07
200 10 0.031 44.4529 9.349e-07
200 10 0.041 44.3004 9.429e-07
200 10 0.051 43.1689 9.494e-07
200 10 0.061 41.121 9.16e-07
200 10 0.071 39.7621 9.162e-07
200 10 0.081 39.02 9.449e-07
200 10 0.091 39.3091 9.536e-07
200 10 0.101 38.5272 9.317e-07
200 10 0.111 37.951 9.195e-07
200 10 0.121 35.7321 9.338e-07
200 10 0.131 35.894 9.273e-07
200 10 0.141 34.598 9.341e-07
200 10 0.151 33.2799 9.522e-07
200 10 0.161 32.2988 9.519e-07
200 10 0.171 31.1264 9.528e-07
200 10 0.181 30.4239 9.357e-07
200 10 0.191 28.092 9.482e-07
200 10 0.201 29.2554 9.475e-07
200 10 0.211 27.977 9.403e-07
200 10 0.221 26.6474 9.271e-07
200 10 0.231 24.9705 9.435e-07
200 10 0.241 25.3138 8.614e-07
200 10 0.251 24.5183 8.089e-07
200 10 0.261 23.0563 8.082e-07
200 10 0.271 21.3261 8.006e-07
200 10 0.281 21.0849 8.301e-07
200 10 0.291 19.7414 8.778e-07
200 10 0.301 19.5087 8.986e-07
200 10 0.311 19.461 9.286e-07
200 10 0.321 18.3652 9.321e-07
200 10 0.331 17.7175 9.23e-07
200 10 0.341 16.6772 9.35e-07
200 10 0.351 16.7677 9.402e-07
200 10 0.361 15.9091 9.346e-07
200 10 0.371 15.8474 9.257e-07
200 10 0.381 14.7207 9.258e-07
200 10 0.391 13.9436 9.261e-07
200 10 0.401 13.3227 9.211e-07
200 10 0.411 12.6706 9.188e-07
200 10 0.421 11.9844 9.208e-07
200 10 0.431 12.0817 8.865e-07
200 10 0.441 11.3695 9.435e-07
200 10 0.451 11.1933 9.382e-07
200 10 0.461 10.4007 9.385e-07
200 10 0.471 10.7976 9.339e-07
200 10 0.481 9.3442 9.395e-07
200 10 0.491 8.6902 8.426e-07
200 10 0.501 8.6369 8.684e-07
200 10 0.511 8.0863 9.169e-07
200 10 0.521 7.9473 8.635e-07
200 10 0.531 7.0772 8.201e-07
200 10 0.541 6.7954 8.181e-07
200 10 0.551 6.5394 9.281e-07
200 10 0.561 6.2277 9.322e-07
200 10 0.571 6.0353 9.532e-07
200 10 0.581 5.9168 9.509e-07
200 10 0.591 5.3393 9.652e-07
200 10 0.601 5.0693 9.252e-07
200 10 0.611 4.8794 9.119e-07
200 10 0.621 4.4561 9.38e-07
200 10 0.631 4.3244 9.447e-07
200 10 0.641 4.3091 9.501e-07
200 10 0.651 3.9007 9.461e-07
200 10 0.661 3.7997 9.458e-07
200 10 0.671 3.394 9.429e-07
200 10 0.681 3.2165 9.505e-07
200 10 0.691 3.0258 9.445e-07
200 10 0.701 2.8256 9.407e-07
200 10 0.711 2.5606 9.39e-07
200 10 0.721 2.5973 9.223e-07
200 10 0.731 2.4868 8.459e-07
200 10 0.741 2.367 9.107e-07
200 10 0.751 2.2206 9.092e-07
200 10 0.761 1.9974 9.04e-07
200 10 0.771 1.9866 9.09e-07
200 10 0.781 1.6901 8.991e-07
200 10 0.791 1.6298 9.093e-07
200 10 0.801 1.5326 8.868e-07
200 10 0.811 1.4206 8.032e-07
200 10 0.821 1.2789 7.837e-07
200 10 0.831 1.3186 8.558e-07
200 10 0.841 1.1153 9.065e-07
200 10 0.851 1.1422 9.125e-07
200 10 0.861 1.0176 8.253e-07
200 10 0.871 0.986 7.987e-07
200 10 0.881 0.8362 8.486e-07
200 10 0.891 0.7812 9.277e-07
200 10 0.901 0.6822 8.276e-07
200 10 0.911 0.7271 9.334e-07
200 10 0.921 0.6515 9.155e-07
200 10 0.931 0.5499 8.549e-07
200 10 0.941 0.5245 9.476e-07
200 10 0.951 0.4877 8.803e-07
200 10 0.961 0.4298 9.404e-07
200 10 0.971 0.4045 8.959e-07
200 10 0.981 0.3913 9.299e-07
200 10 0.991 0.3736 8.646e-07
200 10 1.001 0.3336 9.616e-07
200 10 1.011 0.2383 9.595e-07
200 10 1.021 0.2637 9.464e-07
200 10 1.031 0.2294 9.46e-07
200 10 1.041 0.1673 9.489e-07
200 10 1.051 0.1832 9.489e-07
200 10 1.061 0.1654 8.129e-07
200 10 1.071 0.14 8.136e-07
200 10 1.081 0.1332 7.999e-07
200 10 1.091 0.1009 8.943e-07
200 10 1.101 0.0908 8.949e-07
200 10 1.111 0.1097 8.793e-07
200 10 1.121 0.0804 8.974e-07
200 10 1.131 0.0822 8.843e-07
200 10 1.141 0.0724 9.209e-07
200 10 1.151 0.0655 9.197e-07
200 10 1.161 0.0584 8.795e-07
200 10 1.171 0.0644 9.047e-07
200 10 1.181 0.0452 8.998e-07
200 10 1.191 0.0508 9.079e-07
200 10 1.201 0.0515 9.101e-07
200 10 1.211 0.0422 9.171e-07
200 10 1.221 0.0409 9.108e-07
200 10 1.231 0.0387 9.157e-07
200 10 1.241 0.0346 9.15e-07
200 10 1.251 0.0327 9.24e-07
200 10 1.261 0.0298 9.256e-07
200 10 1.271 0.0323 9.208e-07
200 10 1.281 0.0273 9.236e-07
200 10 1.291 0.0241 8.368e-07
200 10 1.301 0.0179 8.547e-07
200 10 1.311 0.0177 8.103e-07
200 10 1.321 0.0161 8.865e-07
200 10 1.331 0.0195 9.144e-07
200 10 1.341 0.015 9.008e-07
200 10 1.351 0.0108 9.17e-07
200 10 1.361 0.0116 9.262e-07
200 10 1.371 0.0102 9.281e-07
200 10 1.381 0.0138 9.361e-07
200 10 1.391 0.0098 8.967e-07
200 10 1.401 0.0095 9.143e-07
200 10 1.411 0.007 8.767e-07
200 10 1.421 0.0096 8.15e-07
200 10 1.431 0.0051 8.194e-07
200 10 1.441 0.0055 8.647e-07
200 10 1.451 0.0051 9.318e-07
200 10 1.461 0.0048 9.112e-07
200 10 1.471 0.0043 8.952e-07
200 10 1.481 0.004 8.994e-07
200 10 1.491 0.0038 8.996e-07
200 10 1.501 0.0035 8.956e-07
200 10 1.511 0.0033 9.013e-07
200 10 1.521 0.0032 8.016e-07
200 10 1.531 0.0029 8.353e-07
200 10 1.541 0.0023 8.259e-07
200 10 1.551 0.0019 9.188e-07
200 10 1.561 0.0013 9.143e-07
200 10 1.571 0.0013 9.233e-07
200 10 1.581 0.0019 9.311e-07
200 10 1.591 0.0014 9.383e-07
200 10 1.601 0.0012 9.267e-07
200 10 1.611 0.0011 8.193e-07
200 10 1.621 0.0015 8.042e-07
200 10 1.631 0.0014 9.093e-07
200 10 1.641 0.0009 9.044e-07
200 10 1.651 0.001 9.004e-07
200 10 1.661 0.001 8.906e-07
200 10 1.671 0.0016 8.95e-07
200 10 1.681 0.0014 8.947e-07
200 10 1.691 0.0011 8.848e-07
200 10 1.701 0.0015 8.872e-07
200 10 1.711 0.0005 8.851e-07
200 10 1.721 0.0004 9.33e-07
200 10 1.731 0.0007 9.065e-07
200 10 1.741 0.0004 9.03e-07
200 10 1.751 0.0005 9.01e-07
200 10 1.761 0.0007 9.116e-07
200 10 1.771 0.0003 9.14e-07
200 10 1.781 0.0006 8.578e-07
200 10 1.791 0.0004 8.507e-07
200 10 1.801 0.0004 9.069e-07
200 10 1.811 0.0004 9.031e-07
200 10 1.821 0.0006 8.988e-07
200 10 1.831 0.0005 8.978e-07
200 10 1.841 0.0004 9.032e-07
200 10 1.851 0.0004 8.982e-07
200 10 1.861 0.0004 8.941e-07
200 10 1.871 0 8.966e-07
200 10 1.881 0.0001 9.054e-07
200 10 1.891 0 8.978e-07
200 10 1.901 0.0002 8.794e-07
200 10 1.911 0.0003 8.833e-07
200 10 1.921 0 8.815e-07
200 10 1.931 0.0001 8.862e-07
200 10 1.941 0.0003 8.97e-07
200 10 1.951 0.0003 9.12e-07
200 10 1.961 0.0001 9.048e-07
200 10 1.971 0 9.081e-07
200 10 1.981 0.0001 8.96e-07
200 10 1.991 0.0003 8.771e-07
200 20 0.001 45.5659 9.768e-07
200 20 0.011 43.2767 9.793e-07
200 20 0.021 44.2209 8.777e-07
200 20 0.031 39.0039 9.782e-07
200 20 0.041 38.974 9.827e-07
200 20 0.051 38.3172 9.856e-07
200 20 0.061 35.5455 9.103e-07
200 20 0.071 33.3488 8.362e-07
200 20 0.081 32.1773 8.366e-07
200 20 0.091 30.4266 8.407e-07
200 20 0.101 27.5936 8.391e-07
200 20 0.111 26.8094 9.239e-07
200 20 0.121 26.135 9.668e-07
200 20 0.131 23.1009 9.642e-07
200 20 0.141 22.1143 9.608e-07
200 20 0.151 22.0657 9.722e-07
200 20 0.161 19.4351 9.732e-07
200 20 0.171 19.2645 9.662e-07
200 20 0.181 18.1314 9.615e-07
200 20 0.191 17.0952 9.653e-07
200 20 0.201 15.2785 9.57e-07
200 20 0.211 14.5523 9.551e-07
200 20 0.221 14.1848 9.577e-07
200 20 0.231 13.4836 9.591e-07
200 20 0.241 12.4458 9.505e-07
200 20 0.251 11.7877 9.581e-07
200 20 0.261 10.4615 9.57e-07
200 20 0.271 10.2306 9.129e-07
200 20 0.281 9.3896 8.717e-07
200 20 0.291 7.8993 8.485e-07
200 20 0.301 7.9131 8.688e-07
200 20 0.311 7.159 8.035e-07
200 20 0.321 7.0482 8.123e-07
200 20 0.331 5.9863 8.684e-07
200 20 0.341 5.8937 9.032e-07
200 20 0.351 5.3545 8.738e-07
200 20 0.361 5.1353 8.444e-07
200 20 0.371 4.6934 9.205e-07
200 20 0.381 4.1253 9.488e-07
200 20 0.391 3.9982 8.397e-07
200 20 0.401 3.6206 8.329e-07
200 20 0.411 3.1816 8.31e-07
200 20 0.421 3.1094 8.769e-07
200 20 0.431 2.6404 9.161e-07
200 20 0.441 2.2757 9.031e-07
200 20 0.451 2.3284 9.029e-07
200 20 0.461 2.103 9.489e-07
200 20 0.471 2.0161 9.425e-07
200 20 0.481 1.5197 9.546e-07
200 20 0.491 1.6625 9.548e-07
200 20 0.501 1.5435 9.821e-07
200 20 0.511 1.4575 9.495e-07
200 20 0.521 1.2532 8.353e-07
200 20 0.531 1.1497 8.77e-07
200 20 0.541 0.8983 9.267e-07
200 20 0.551 0.9111 9.148e-07
200 20 0.561 0.8202 9.153e-07
200 20 0.571 0.7287 9.126e-07
200 20 0.581 0.6547 9.436e-07
200 20 0.591 0.5381 8.196e-07
200 20 0.601 0.5148 8.7e-07
200 20 0.611 0.5663 9.513e-07
200 20 0.621 0.4007 9.244e-07
200 20 0.631 0.3953 9.514e-07
200 20 0.641 0.3723 9.546e-07
200 20 0.651 0.3357 9.553e-07
200 20 0.661 0.2773 8.402e-07
200 20 0.671 0.2443 8.539e-07
200 20 0.681 0.228 7.854e-07
200 20 0.691 0.1989 8.567e-07
200 20 0.701 0.1807 9.216e-07
200 20 0.711 0.146 8.855e-07
200 20 0.721 0.139 7.912e-07
200 20 0.731 0.0974 9.196e-07
200 20 0.741 0.1187 9.252e-07
200 20 0.751 0.0946 9.27e-07
200 20 0.761 0.0904 9.227e-07
200 20 0.771 0.0555 9.307e-07
200 20 0.781 0.0466 9.276e-07
200 20 0.791 0.0576 8.301e-07
200 20 0.801 0.068 8.155e-07
200 20 0.811 0.0542 8.681e-07
200 20 0.821 0.0328 9.234e-07
200 20 0.831 0.0329 9.178e-07
200 20 0.841 0.0232 9.181e-07
200 20 0.851 0.0224 9.029e-07
200 20 0.861 0.0229 8.851e-07
200 20 0.871 0.014 9.306e-07
200 20 0.881 0.0159 9.332e-07
200 20 0.891 0.0205 9.307e-07
200 20 0.901 0.0085 9.336e-07
200 20 0.911 0.0106 9.286e-07
200 20 0.921 0.008 9.351e-07
200 20 0.931 0.0056 9.342e-07
200 20 0.941 0.0074 9.196e-07
200 20 0.951 0.0059 9.346e-07
200 20 0.961 0.0039 9.117e-07
200 20 0.971 0.0036 8.321e-07
200 20 0.981 0.0056 8.211e-07
200 20 0.991 0.0024 9.245e-07
200 20 1.001 0.0019 9.093e-07
200 20 1.011 0.0036 9.121e-07
200 20 1.021 0.0008 9.296e-07
200 20 1.031 0.0018 9.235e-07
200 20 1.041 0.0009 9.249e-07
200 20 1.051 0.0006 9.13e-07
200 20 1.061 0.0003 9.263e-07
200 20 1.071 0 9.242e-07
200 20 1.081 0.0021 8.185e-07
200 20 1.091 0.0012 8.682e-07
200 20 1.101 0.0003 9.312e-07
200 20 1.111 0.0003 9.404e-07
200 20 1.121 0 8.454e-07
200 20 1.131 0.0002 7.961e-07
200 20 1.141 0.0001 8.296e-07
200 20 1.151 0.0002 9.219e-07
200 20 1.161 0.0006 9.37e-07
200 20 1.171 0.0004 9.285e-07
200 20 1.181 0 9.291e-07
200 20 1.191 0.0001 9.448e-07
200 20 1.201 0 8.398e-07
200 20 1.211 0.0001 8.023e-07
200 20 1.221 0.0001 8.818e-07
200 20 1.231 0 8.97e-07
200 20 1.241 0 8.956e-07
200 20 1.251 0.0001 8.987e-07
200 20 1.261 0 9.143e-07
200 20 1.271 0 9.223e-07
200 20 1.281 0 9.225e-07
200 20 1.291 0 9.202e-07
200 20 1.301 0 9.206e-07
200 20 1.311 0 9.272e-07
200 20 1.321 0 8.491e-07
200 20 1.331 0 7.986e-07
200 20 1.341 0 8.174e-07
200 20 1.351 0 9.205e-07
200 20 1.361 0 9.071e-07
200 20 1.371 0 9.111e-07
200 20 1.381 0 8.204e-07
200 20 1.391 0 9.047e-07
200 20 1.401 0 9.232e-07
200 20 1.411 0 9.12e-07
200 20 1.421 0 9.26e-07
200 20 1.431 0 8.549e-07
200 20 1.441 0 9.018e-07
200 20 1.451 0 9.139e-07
200 20 1.461 0 9.212e-07
200 20 1.471 0 9.262e-07
200 20 1.481 0 8.67e-07
200 20 1.491 0 8.083e-07
200 20 1.501 0 8.487e-07
200 20 1.511 0 9.267e-07
200 20 1.521 0 8.667e-07
200 20 1.531 0 8.422e-07
200 20 1.541 0 9.236e-07
200 20 1.551 0 8.81e-07
200 20 1.561 0 8.027e-07
200 20 1.571 0 8.497e-07
200 20 1.581 0 7.99e-07
200 20 1.591 0 8.366e-07
200 20 1.601 0 8.006e-07
200 20 1.611 0 9.225e-07
200 20 1.621 0 9.416e-07
200 20 1.631 0 9.584e-07
200 20 1.641 0 9.58e-07
200 20 1.651 0 9.621e-07
200 20 1.661 0 9.622e-07
200 20 1.671 0 9.401e-07
200 20 1.681 0 9.307e-07
200 20 1.691 0 9.28e-07
200 20 1.701 0 8.347e-07
200 20 1.711 0 7.885e-07
200 20 1.721 0 8.845e-07
200 20 1.731 0 9.272e-07
200 20 1.741 0 9.275e-07
200 20 1.751 0 9.248e-07
200 20 1.761 0 9.262e-07
200 20 1.771 0 9.275e-07
200 20 1.781 0 9.182e-07
200 20 1.791 0 9.253e-07
200 20 1.801 0 9.221e-07
200 20 1.811 0 8.982e-07
200 20 1.821 0 8.048e-07
200 20 1.831 0 9.264e-07
200 20 1.841 0 9.349e-07
200 20 1.851 0 9.113e-07
200 20 1.861 0 8.753e-07
200 20 1.871 0 9.234e-07
200 20 1.881 0 9.226e-07
200 20 1.891 0 8.184e-07
200 20 1.901 0 7.996e-07
200 20 1.911 0 9.06e-07
200 20 1.921 0 9.26e-07
200 20 1.931 0 9.118e-07
200 20 1.941 0 8.983e-07
200 20 1.951 0 9.04e-07
200 20 1.961 0 9.111e-07
200 20 1.971 0 8.007e-07
200 20 1.981 0 7.668e-07
200 20 1.991 0 8.029e-07
200 30 0.001 42.8553 9.209e-07
200 30 0.011 40.6777 9.203e-07
200 30 0.021 37.368 9.801e-07
200 30 0.031 38.0256 9.968e-07
200 30 0.041 33.5765 9.956e-07
200 30 0.051 31.2778 9.9e-07
200 30 0.061 29.8259 9.909e-07
200 30 0.071 27.1861 9.897e-07
200 30 0.081 25.6086 9.832e-07
200 30 0.091 24.4175 9.746e-07
200 30 0.101 21.9668 9.908e-07
200 30 0.111 20.6367 9.805e-07
200 30 0.121 18.7701 9.879e-07
200 30 0.131 16.1583 9.672e-07
200 30 0.141 15.7752 9.575e-07
200 30 0.151 13.8937 9.865e-07
200 30 0.161 13.2646 9.61e-07
200 30 0.171 11.8918 9.703e-07
200 30 0.181 10.8101 9.885e-07
200 30 0.191 10.0068 9.544e-07
200 30 0.201 9.1855 8.238e-07
200 30 0.211 8.4509 8.208e-07
200 30 0.221 7.4921 9.343e-07
200 30 0.231 6.6283 9.761e-07
200 30 0.241 6.019 9.734e-07
200 30 0.251 5.538 9.802e-07
200 30 0.261 4.962 9.161e-07
200 30 0.271 4.2091 8.198e-07
200 30 0.281 3.9189 8.874e-07
200 30 0.291 3.374 8.148e-07
200 30 0.301 3.0706 8.24e-07
200 30 0.311 2.7479 9.082e-07
200 30 0.321 2.3486 8.629e-07
200 30 0.331 2.2554 8.535e-07
200 30 0.341 1.9297 9.773e-07
200 30 0.351 1.6661 8.859e-07
200 30 0.361 1.5284 9.204e-07
200 30 0.371 1.3137 9.56e-07
200 30 0.381 1.1686 9.529e-07
200 30 0.391 1.0298 9.395e-07
200 30 0.401 0.9134 9.396e-07
200 30 0.411 0.8401 9.249e-07
200 30 0.421 0.8098 9.214e-07
200 30 0.431 0.6419 9.524e-07
200 30 0.441 0.6026 9.399e-07
200 30 0.451 0.507 9.251e-07
200 30 0.461 0.4048 9.418e-07
200 30 0.471 0.4158 9.255e-07
200 30 0.481 0.3188 9.274e-07
200 30 0.491 0.3245 9.448e-07
200 30 0.501 0.247 9.564e-07
200 30 0.511 0.2627 9.524e-07
200 30 0.521 0.184 9.561e-07
200 30 0.531 0.1373 9.47e-07
200 30 0.541 0.1264 9.454e-07
200 30 0.551 0.1161 9.468e-07
200 30 0.561 0.1044 9.418e-07
200 30 0.571 0.0871 9.374e-07
200 30 0.581 0.0592 9.396e-07
200 30 0.591 0.0509 8.868e-07
200 30 0.601 0.0584 9.238e-07
200 30 0.611 0.0549 8.622e-07
200 30 0.621 0.0256 8.571e-07
200 30 0.631 0.0348 8.16e-07
200 30 0.641 0.032 8.362e-07
200 30 0.651 0.0211 9.476e-07
200 30 0.661 0.0195 9.563e-07
200 30 0.671 0.018 9.583e-07
200 30 0.681 0.013 9.573e-07
200 30 0.691 0.0101 9.523e-07
200 30 0.701 0.0114 9.543e-07
200 30 0.711 0.0035 9.611e-07
200 30 0.721 0.0016 8.987e-07
200 30 0.731 0.007 8.527e-07
200 30 0.741 0.0027 9.193e-07
200 30 0.751 0.0033 9.616e-07
200 30 0.761 0.003 9.416e-07
200 30 0.771 0.0009 9.009e-07
200 30 0.781 0.0017 9.236e-07
200 30 0.791 0.0011 9.48e-07
200 30 0.801 0.0011 9.4e-07
200 30 0.811 0.0005 9.318e-07
200 30 0.821 0.0012 8.579e-07
200 30 0.831 0.0002 8.261e-07
200 30 0.841 0.0009 8.069e-07
200 30 0.851 0.0001 8.089e-07
200 30 0.861 0.0012 8.722e-07
200 30 0.871 0.0004 9.575e-07
200 30 0.881 0.0001 9.304e-07
200 30 0.891 0 9.328e-07
200 30 0.901 0.0002 9.041e-07
200 30 0.911 0.0005 9.354e-07
200 30 0.921 0.0001 8.08e-07
200 30 0.931 0.0006 9.024e-07
200 30 0.941 0 9.413e-07
200 30 0.951 0.0001 8.891e-07
200 30 0.961 0.0001 9.515e-07
200 30 0.971 0.0003 9.484e-07
200 30 0.981 0 9.409e-07
200 30 0.991 0 8.845e-07
200 30 1.001 0 9.392e-07
200 30 1.011 0 9.435e-07
200 30 1.021 0 9.631e-07
200 30 1.031 0.0001 9.466e-07
200 30 1.041 0 9.498e-07
200 30 1.051 0 9.448e-07
200 30 1.061 0 9.423e-07
200 30 1.071 0 9.465e-07
200 30 1.081 0 9.408e-07
200 30 1.091 0 9.503e-07
200 30 1.101 0 9.507e-07
200 30 1.111 0 9.148e-07
200 30 1.121 0 8.953e-07
200 30 1.131 0 9.457e-07
200 30 1.141 0 9.454e-07
200 30 1.151 0 8.882e-07
200 30 1.161 0 8.388e-07
200 30 1.171 0 8.434e-07
200 30 1.181 0 9.345e-07
200 30 1.191 0 9.315e-07
200 30 1.201 0 9.344e-07
200 30 1.211 0 9.396e-07
200 30 1.221 0 8.45e-07
200 30 1.231 0 8.159e-07
200 30 1.241 0 8.083e-07
200 30 1.251 0 8.058e-07
200 30 1.261 0 8.323e-07
200 30 1.271 0 8.976e-07
200 30 1.281 0 9.513e-07
200 30 1.291 0 9.556e-07
200 30 1.301 0 9.602e-07
200 30 1.311 0 9.64e-07
200 30 1.321 0 9.644e-07
200 30 1.331 0 9.66e-07
200 30 1.341 0 9.271e-07
200 30 1.351 0 9.002e-07
200 30 1.361 0 9.431e-07
200 30 1.371 0 8.581e-07
200 30 1.381 0 8.057e-07
200 30 1.391 0 8.767e-07
200 30 1.401 0 9.338e-07
200 30 1.411 0 8.112e-07
200 30 1.421 0 8.127e-07
200 30 1.431 0 7.995e-07
200 30 1.441 0 8.855e-07
200 30 1.451 0 9.407e-07
200 30 1.461 0 8.899e-07
200 30 1.471 0 9.465e-07
200 30 1.481 0 9.377e-07
200 30 1.491 0 9.383e-07
200 30 1.501 0 9.453e-07
200 30 1.511 0 8.489e-07
200 30 1.521 0 8.683e-07
200 30 1.531 0 8.399e-07
200 30 1.541 0 8.087e-07
200 30 1.551 0 8.958e-07
200 30 1.561 0 9.548e-07
200 30 1.571 0 9.575e-07
200 30 1.581 0 9.501e-07
200 30 1.591 0 9.602e-07
200 30 1.601 0 9.613e-07
200 30 1.611 0 9.531e-07
200 30 1.621 0 9.584e-07
200 30 1.631 0 9.575e-07
200 30 1.641 0 9.598e-07
200 30 1.651 0 8.375e-07
200 30 1.661 0 8.627e-07
200 30 1.671 0 8.307e-07
200 30 1.681 0 8.172e-07
200 30 1.691 0 8.404e-07
200 30 1.701 0 8.83e-07
200 30 1.711 0 8.224e-07
200 30 1.721 0 9.42e-07
200 30 1.731 0 8.36e-07
200 30 1.741 0 8.015e-07
200 30 1.751 0 8.068e-07
200 30 1.761 0 8.072e-07
200 30 1.771 0 8.531e-07
200 30 1.781 0 9.356e-07
200 30 1.791 0 9.096e-07
200 30 1.801 0 8.967e-07
200 30 1.811 0 9.393e-07
200 30 1.821 0 9.298e-07
200 30 1.831 0 9.283e-07
200 30 1.841 0 9.083e-07
200 30 1.851 0 8.456e-07
200 30 1.861 0 8.373e-07
200 30 1.871 0 9.115e-07
200 30 1.881 0 9.528e-07
200 30 1.891 0 9.475e-07
200 30 1.901 0 9.288e-07
200 30 1.911 0 9.3e-07
200 30 1.921 0 9.28e-07
200 30 1.931 0 9.245e-07
200 30 1.941 0 9.207e-07
200 30 1.951 0 9.062e-07
200 30 1.961 0 9.269e-07
200 30 1.971 0 9.277e-07
200 30 1.981 0 8.124e-07
200 30 1.991 0 9.202e-07
200 40 0.001 1692.7 3.8331e-06
200 40 0.011 1605.09 3.6539e-06
200 40 0.021 1514.11 2.9671e-06
200 40 0.031 1455.03 2.4286e-06
200 40 0.041 1323.89 3.2302e-06
200 40 0.051 1218.2 2.2376e-06
200 40 0.061 1141.53 1.9476e-06
200 40 0.071 1067.62 2.0065e-06
200 40 0.081 974.644 2.6401e-06
200 40 0.091 891.083 2.5028e-06
200 40 0.101 834.649 2.4073e-06
200 40 0.111 770.67 2.3017e-06
200 40 0.121 696.408 2.1707e-06
200 40 0.131 639.268 2.082e-06
200 40 0.141 565.025 1.955e-06
200 40 0.151 553.523 1.9435e-06
200 40 0.161 461.239 1.7803e-06
200 40 0.171 423.959 1.7104e-06
200 40 0.181 364.328 1.6042e-06
200 40 0.191 344.158 1.5798e-06
200 40 0.201 309.998 1.3785e-06
200 40 0.211 294.664 1.1111e-06
200 40 0.221 257.305 1.0753e-06
200 40 0.231 224.854 1.0537e-06
200 40 0.241 196.081 1.1314e-06
200 40 0.251 190.167 1.363e-06
200 40 0.261 158.061 1.2791e-06
200 40 0.271 134.893 1.2305e-06
200 40 0.281 128.293 1.2185e-06
200 40 0.291 121.235 1.1387e-06
200 40 0.301 99.9522 9.261e-07
200 40 0.311 90.519 9.192e-07
200 40 0.321 81.9496 1.021e-06
200 40 0.331 69.7731 1.0862e-06
200 40 0.341 61.3637 1.0549e-06
200 40 0.351 53.21 9.308e-07
200 40 0.361 44.9945 1.0394e-06
200 40 0.371 44.5253 1.0314e-06
200 40 0.381 31.76 1.0082e-06
200 40 0.391 32.8719 8.54e-07
200 40 0.401 26.4979 8.484e-07
200 40 0.411 24.1914 9.834e-07
200 40 0.421 19.3104 1.0284e-06
200 40 0.431 19.124 1.016e-06
200 40 0.441 15.6649 8.672e-07
200 40 0.451 14.6634 8.672e-07
200 40 0.461 11.0374 9.191e-07
200 40 0.471 11.2234 8.373e-07
200 40 0.481 9.3616 8.524e-07
200 40 0.491 6.7188 1.6696e-06
200 40 0.501 7.6297 3.0969e-06
200 40 0.511 3.4222 2.3161e-06
200 40 0.521 4.9857 9.999e-07
200 40 0.531 3.6948 1.1292e-06
200 40 0.541 4.1848 1.364e-06
200 40 0.551 2.5566 1.1911e-06
200 40 0.561 2.05 8.992e-07
200 40 0.571 2.1773 9.061e-07
200 40 0.581 2.2693 9.958e-07
200 40 0.591 2.1497 9.217e-07
200 40 0.601 1.4881 9.191e-07
200 40 0.611 1.2386 1.0122e-06
200 40 0.621 0.7802 9.749e-07
200 40 0.631 0.6774 9.158e-07
200 40 0.641 0.552 8.624e-07
200 40 0.651 0.5062 9.064e-07
200 40 0.661 0.5408 9.678e-07
200 40 0.671 0.3455 9.215e-07
200 40 0.681 0.3442 8.469e-07
200 40 0.691 0.3484 8.897e-07
200 40 0.701 0.4532 9.747e-07
200 40 0.711 0.2878 8.912e-07
200 40 0.721 0.3415 8.276e-07
200 40 0.731 0.0665 9.729e-07
200 40 0.741 0.1338 9.775e-07
200 40 0.751 0.0574 9.845e-07
200 40 0.761 0.0106 8.382e-07
200 40 0.771 0.0635 8.266e-07
200 40 0.781 0.0837 9.146e-07
200 40 0.791 0.0462 8.201e-07
200 40 0.801 0.0071 8.179e-07
200 40 0.811 0.0339 9.524e-07
200 40 0.821 0.0518 9.82e-07
200 40 0.831 0.0146 9.17e-07
200 40 0.841 0 9.64e-07
200 40 0.851 0 9.644e-07
200 40 0.861 0.0038 8.18e-07
200 40 0.871 0 8.702e-07
200 40 0.881 0.0041 9.786e-07
200 40 0.891 0 9.931e-07
200 40 0.901 0 9.911e-07
200 40 0.911 0.0035 9.929e-07
200 40 0.921 0 9.881e-07
200 40 0.931 0 9.805e-07
200 40 0.941 0.0036 9.709e-07
200 40 0.951 0.0034 9.795e-07
200 40 0.961 0 9.822e-07
200 40 0.971 0 9.251e-07
200 40 0.981 0 9.921e-07
200 40 0.991 0 9.918e-07
200 40 1.001 0 9.92e-07
200 40 1.011 0.0033 9.865e-07
200 40 1.021 0 9.838e-07
200 40 1.031 0 9.838e-07
200 40 1.041 0 9.774e-07
200 40 1.051 0 9.887e-07
200 40 1.061 0 9.851e-07
200 40 1.071 0 9.86e-07
200 40 1.081 0 9.843e-07
200 40 1.091 0 9.865e-07
200 40 1.101 0 9.792e-07
200 40 1.111 0 9.838e-07
200 40 1.121 0 9.798e-07
200 40 1.131 0 9.853e-07
200 40 1.141 0 9.849e-07
200 40 1.151 0 9.768e-07
200 40 1.161 0 9.879e-07
200 40 1.171 0 9.328e-07
200 40 1.181 0 9.238e-07
200 40 1.191 0 9.779e-07
200 40 1.201 0 9.846e-07
200 40 1.211 0 9.812e-07
200 40 1.221 0 9.895e-07
200 40 1.231 0 9.624e-07
200 40 1.241 0 8.28e-07
200 40 1.251 0 8.264e-07
200 40 1.261 0 9.534e-07
200 40 1.271 0 8.31e-07
200 40 1.281 0 8.307e-07
200 40 1.291 0 8.193e-07
200 40 1.301 0 8.167e-07
200 40 1.311 0 8.259e-07
200 40 1.321 0 8.219e-07
200 40 1.331 0 8.232e-07
200 40 1.341 0 8.564e-07
200 40 1.351 0 9.701e-07
200 40 1.361 0 9.809e-07
200 40 1.371 0 9.145e-07
200 40 1.381 0 1.0048e-06
200 40 1.391 0 1.0055e-06
200 40 1.401 0 9.986e-07
200 40 1.411 0 9.954e-07
200 40 1.421 0 9.962e-07
200 40 1.431 0 1.0005e-06
200 40 1.441 0 1.0066e-06
200 40 1.451 0 1.0052e-06
200 40 1.461 0 8.683e-07
200 40 1.471 0 1.0349e-06
200 40 1.481 0 8.799e-07
200 40 1.491 0 1.0297e-06
200 40 1.501 0 8.466e-07
200 40 1.511 0 8.867e-07
200 40 1.521 0 1.0085e-06
200 40 1.531 0 1.0084e-06
200 40 1.541 0 1.0097e-06
200 40 1.551 0 9.898e-07
200 40 1.561 0 9.928e-07
200 40 1.571 0 9.886e-07
200 40 1.581 0 9.245e-07
200 40 1.591 0 8.13e-07
200 40 1.601 0 8.209e-07
200 40 1.611 0 8.202e-07
200 40 1.621 0 8.249e-07
200 40 1.631 0 8.916e-07
200 40 1.641 0 9.933e-07
200 40 1.651 0 9.844e-07
200 40 1.661 0 9.796e-07
200 40 1.671 0 9.879e-07
200 40 1.681 0 9.289e-07
200 40 1.691 0 9.847e-07
200 40 1.701 0 9.906e-07
200 40 1.711 0 9.91e-07
200 40 1.721 0 9.891e-07
200 40 1.731 0 9.883e-07
200 40 1.741 0 9.816e-07
200 40 1.751 0 9.863e-07
200 40 1.761 0 9.822e-07
200 40 1.771 0 9.815e-07
200 40 1.781 0 8.365e-07
200 40 1.791 0 8.58e-07
200 40 1.801 0 9.016e-07
200 40 1.811 0 1.0497e-06
200 40 1.821 0 1.0446e-06
200 40 1.831 0 1.0441e-06
200 40 1.841 0 1.0413e-06
200 40 1.851 0 1.0371e-06
200 40 1.861 0 1.0413e-06
200 40 1.871 0 1.0418e-06
200 40 1.881 0 1.0423e-06
200 40 1.891 0 9.227e-07
200 40 1.901 0 8.217e-07
200 40 1.911 0 9.578e-07
200 40 1.921 0 1.0414e-06
200 40 1.931 0 1.0381e-06
200 40 1.941 0 8.041e-07
200 40 1.951 0 8.597e-07
200 40 1.961 0 8.225e-07
200 40 1.971 0 7.897e-07
200 40 1.981 0 7.921e-07
200 40 1.991 0 7.917e-07
300 10 0.001 74.3964 9.712e-07
300 10 0.011 71.8955 9.668e-07
300 10 0.021 71.3688 9.95e-07
300 10 0.031 66.1017 9.489e-07
300 10 0.041 68.5297 1e-06
300 10 0.051 66.2689 1.1475e-06
300 10 0.061 65.3177 1.1304e-06
300 10 0.071 63.6363 1.0169e-06
300 10 0.081 58.7001 1.1252e-06
300 10 0.091 60.7938 1.121e-06
300 10 0.101 59.3879 1.1091e-06
300 10 0.111 56.4324 1.1122e-06
300 10 0.121 55.9679 1.0787e-06
300 10 0.131 53.6306 1.0799e-06
300 10 0.141 51.8269 9.668e-07
300 10 0.151 49.9215 9.464e-07
300 10 0.161 49.5147 9.465e-07
300 10 0.171 48.783 9.44e-07
300 10 0.181 45.6539 1.0321e-06
300 10 0.191 45.7037 9.78e-07
300 10 0.201 42.6793 9.479e-07
300 10 0.211 41.8971 1.0834e-06
300 10 0.221 40.8762 9.497e-07
300 10 0.231 38.8168 1.1374e-06
300 10 0.241 37.4536 1.1388e-06
300 10 0.251 36.877 1.136e-06
300 10 0.261 35.1469 1.1466e-06
300 10 0.271 34.3345 1.1476e-06
300 10 0.281 33.3027 1.1489e-06
300 10 0.291 31.2877 1.1397e-06
300 10 0.301 30.4735 1.1468e-06
300 10 0.311 29.0986 1.1416e-06
300 10 0.321 27.9312 1.1442e-06
300 10 0.331 27.6098 1.0324e-06
300 10 0.341 25.7059 1.1113e-06
300 10 0.351 25.8545 1.1217e-06
300 10 0.361 23.4953 1.1912e-06
300 10 0.371 23.3709 1.1846e-06
300 10 0.381 22.006 1.1769e-06
300 10 0.391 21.0937 1.1855e-06
300 10 0.401 20.0391 1.1878e-06
300 10 0.411 20.0899 1.1768e-06
300 10 0.421 19.2329 1.098e-06
300 10 0.431 16.9136 9.43e-07
300 10 0.441 16.9709 9.444e-07
300 10 0.451 16.6081 9.775e-07
300 10 0.461 15.7621 1.0999e-06
300 10 0.471 14.6314 1.1048e-06
300 10 0.481 14.3496 1.1032e-06
300 10 0.491 13.7279 1.0415e-06
300 10 0.501 13.3356 1.0693e-06
300 10 0.511 12.3711 1.0881e-06
300 10 0.521 11.4963 1.0804e-06
300 10 0.531 11.2233 9.664e-07
300 10 0.541 10.6739 9.713e-07
300 10 0.551 9.8912 9.583e-07
300 10 0.561 9.9255 9.426e-07
300 10 0.571 9.1364 9.513e-07
300 10 0.581 8.6356 9.752e-07
300 10 0.591 8.6323 1.0129e-06
300 10 0.601 8.1145 1.1142e-06
300 10 0.611 7.2357 1.115e-06
300 10 0.621 6.9869 1.1214e-06
300 10 0.631 6.744 1.1139e-06
300 10 0.641 6.1116 1.1104e-06
300 10 0.651 6.0227 9.721e-07
300 10 0.661 5.5448 9.37e-07
300 10 0.671 5.2078 9.365e-07
300 10 0.681 5.0377 9.331e-07
300 10 0.691 4.7068 9.933e-07
300 10 0.701 4.0881 9.614e-07
300 10 0.711 4.1662 1.0687e-06
300 10 0.721 4.1147 1.078e-06
300 10 0.731 3.5935 1.0804e-06
300 10 0.741 3.415 1.0797e-06
300 10 0.751 3.1823 1.0785e-06
300 10 0.761 3.0802 1.0782e-06
300 10 0.771 2.7514 1.0757e-06
300 10 0.781 2.5211 1.0823e-06
300 10 0.791 2.4462 1.0695e-06
300 10 0.801 2.2992 9.507e-07
300 10 0.811 2.0818 9.312e-07
300 10 0.821 2.1007 9.292e-07
300 10 0.831 1.9688 1.005e-06
300 10 0.841 1.8621 9.474e-07
300 10 0.851 1.7248 9.577e-07
300 10 0.861 1.402 1.0454e-06
300 10 0.871 1.3838 1.0448e-06
300 10 0.881 1.2793 1.0573e-06
300 10 0.891 1.2514 1.0627e-06
300 10 0.901 1.1759 1.0435e-06
300 10 0.911 0.9339 1.0406e-06
300 10 0.921 0.9575 1.036e-06
300 10 0.931 0.9669 9.283e-07
300 10 0.941 0.7368 9.292e-07
300 10 0.951 0.7668 9.368e-07
300 10 0.961 0.721 1.0015e-06
300 10 0.971 0.6641 9.463e-07
300 10 0.981 0.5215 9.276e-07
300 10 0.991 0.5451 9.44e-07
300 10 1.001 0.4424 9.227e-07
300 10 1.011 0.4031 9.624e-07
300 10 1.021 0.3237 1.0261e-06
300 10 1.031 0.3214 9.435e-07
300 10 1.041 0.2785 1.0275e-06
300 10 1.051 0.2497 1.0297e-06
300 10 1.061 0.2445 1.0335e-06
300 10 1.071 0.2362 1.0641e-06
300 10 1.081 0.2117 9.299e-07
300 10 1.091 0.1889 9.273e-07
300 10 1.101 0.1831 9.997e-07
300 10 1.111 0.1601 1.0568e-06
300 10 1.121 0.1287 1.0655e-06
300 10 1.131 0.1213 9.719e-07
300 10 1.141 0.1045 9.254e-07
300 10 1.151 0.1061 1.0163e-06
300 10 1.161 0.1007 9.762e-07
300 10 1.171 0.1039 9.239e-07
300 10 1.181 0.0825 9.98e-07
300 10 1.191 0.0685 1.058e-06
300 10 1.201 0.0618 1.0089e-06
300 10 1.211 0.0631 9.442e-07
300 10 1.221 0.0678 9.534e-07
300 10 1.231 0.0572 9.607e-07
300 10 1.241 0.0394 1.0402e-06
300 10 1.251 0.0488 1.0623e-06
300 10 1.261 0.0456 1.0618e-06
300 10 1.271 0.0479 1.0592e-06
300 10 1.281 0.0415 1.0121e-06
300 10 1.291 0.0395 1.0519e-06
300 10 1.301 0.0322 9.189e-07
300 10 1.311 0.0293 1.0502e-06
300 10 1.321 0.0291 1.0054e-06
300 10 1.331 0.0251 1.0734e-06
300 10 1.341 0.0197 1.0767e-06
300 10 1.351 0.0214 9.261e-07
300 10 1.361 0.0229 9.592e-07
300 10 1.371 0.017 9.263e-07
300 10 1.381 0.0143 1.0051e-06
300 10 1.391 0.016 1.0548e-06
300 10 1.401 0.0162 1.0601e-06
300 10 1.411 0.0108 1.0253e-06
300 10 1.421 0.0128 9.602e-07
300 10 1.431 0.0079 1.0441e-06
300 10 1.441 0.0082 1.0477e-06
300 10 1.451 0.0085 1.054e-06
300 10 1.461 0.0069 1.048e-06
300 10 1.471 0.0088 1.0384e-06
300 10 1.481 0.0076 1.0502e-06
300 10 1.491 0.0075 1.055e-06
300 10 1.501 0.0051 1.0619e-06
300 10 1.511 0.0066 1.059e-06
300 10 1.521 0.006 1.0449e-06
300 10 1.531 0.0048 9.618e-07
300 10 1.541 0.0034 9.242e-07
300 10 1.551 0.0033 1.0614e-06
300 10 1.561 0.0031 1.0947e-06
300 10 1.571 0.0025 9.687e-07
300 10 1.581 0.0035 9.252e-07
300 10 1.591 0.0019 9.372e-07
300 10 1.601 0.0028 1.0166e-06
300 10 1.611 0.0019 1.0793e-06
300 10 1.621 0.0016 9.902e-07
300 10 1.631 0.0019 9.224e-07
300 10 1.641 0.0018 9.248e-07
300 10 1.651 0.0017 9.76e-07
300 10 1.661 0.0012 1.062e-06
300 10 1.671 0.0013 9.987e-07
300 10 1.681 0.0021 9.485e-07
300 10 1.691 0.0013 9.578e-07
300 10 1.701 0.001 1.0051e-06
300 10 1.711 0.0005 9.303e-07
300 10 1.721 0.0011 9.584e-07
300 10 1.731 0.001 9.23e-07
300 10 1.741 0.0011 9.18e-07
300 10 1.751 0.0008 9.099e-07
300 10 1.761 0.0011 1.0416e-06
300 10 1.771 0.0005 1.0369e-06
300 10 1.781 0.0004 1.0359e-06
300 10 1.791 0.0011 1.0475e-06
300 10 1.801 0.0007 1.0502e-06
300 10 1.811 0.0002 1.0728e-06
300 10 1.821 0.0007 1.0825e-06
300 10 1.831 0.0006 1.0804e-06
300 10 1.841 0.0004 1.0799e-06
300 10 1.851 0.0004 1.082e-06
300 10 1.861 0.0008 1.0663e-06
300 10 1.871 0.0005 1.0729e-06
300 10 1.881 0.0006 1.0726e-06
300 10 1.891 0.0004 1.0728e-06
300 10 1.901 0.0003 1.0786e-06
300 10 1.911 0.0001 1.0633e-06
300 10 1.921 0.0006 1.0598e-06
300 10 1.931 0.0004 1.0619e-06
300 10 1.941 0.0002 1.0561e-06
300 10 1.951 0.0003 9.077e-07
300 10 1.961 0.0004 9.062e-07
300 10 1.971 0.0003 9.059e-07
300 10 1.981 0.0001 9.901e-07
300 10 1.991 0.0005 9.137e-07
300 20 0.001 68.4499 1.016e-06
300 20 0.011 67.0687 1.1534e-06
300 20 0.021 66.7122 1.1489e-06
300 20 0.031 61.0917 1.1275e-06
300 20 0.041 60.2138 9.695e-07
300 20 0.051 55.3888 1.102e-06
300 20 0.061 54.594 1.1397e-06
300 20 0.071 51.1352 1.1368e-06
300 20 0.081 47.7524 1.1324e-06
300 20 0.091 47.0687 1.0529e-06
300 20 0.101 45.3981 9.628e-07
300 20 0.111 41.2828 9.527e-07
300 20 0.121 42.6022 9.639e-07
300 20 0.131 38.102 9.589e-07
300 20 0.141 34.3631 1.0562e-06
300 20 0.151 33.9352 1.1154e-06
300 20 0.161 31.8362 1.1103e-06
300 20 0.171 30.0171 1.111e-06
300 20 0.181 27.773 1.1039e-06
300 20 0.191 26.054 1.0844e-06
300 20 0.201 24.8137 1.0306e-06
300 20 0.211 23.1787 1.1045e-06
300 20 0.221 21.0163 1.1003e-06
300 20 0.231 20.8837 1.0977e-06
300 20 0.241 19.5351 1.1017e-06
300 20 0.251 18.3098 1.1064e-06
300 20 0.261 16.1434 1.0991e-06
300 20 0.271 15.3492 1.0996e-06
300 20 0.281 13.9088 1.0961e-06
300 20 0.291 13.0257 1.0955e-06
300 20 0.301 12.1008 1.0895e-06
300 20 0.311 11.2915 1.074e-06
300 20 0.321 10.4342 9.386e-07
300 20 0.331 10.3767 9.457e-07
300 20 0.341 9.1002 9.385e-07
300 20 0.351 8.3591 9.727e-07
300 20 0.361 8.3078 1.0902e-06
300 20 0.371 7.2039 1.0827e-06
300 20 0.381 6.4951 1.0789e-06
300 20 0.391 5.6398 1.0558e-06
300 20 0.401 5.599 1.0525e-06
300 20 0.411 4.9446 1.0471e-06
300 20 0.421 4.5413 1.0481e-06
300 20 0.431 4.3359 1.0482e-06
300 20 0.441 3.899 1.0456e-06
300 20 0.451 3.5447 1.0607e-06
300 20 0.461 3.633 1.0691e-06
300 20 0.471 2.7657 1.0707e-06
300 20 0.481 2.8654 1.0703e-06
300 20 0.491 2.5767 1.0643e-06
300 20 0.501 2.4097 1.0227e-06
300 20 0.511 1.9982 9.857e-07
300 20 0.521 1.8393 9.641e-07
300 20 0.531 1.6887 9.595e-07
300 20 0.541 1.5658 9.306e-07
300 20 0.551 1.3792 9.688e-07
300 20 0.561 1.2203 1.0665e-06
300 20 0.571 1.2137 1.0662e-06
300 20 0.581 1.0366 1.065e-06
300 20 0.591 0.9269 1.0653e-06
300 20 0.601 0.7745 1.0683e-06
300 20 0.611 0.7083 1.0704e-06
300 20 0.621 0.6188 1.0667e-06
300 20 0.631 0.5917 1.064e-06
300 20 0.641 0.5855 1.0652e-06
300 20 0.651 0.4947 1.0679e-06
300 20 0.661 0.4642 1.0639e-06
300 20 0.671 0.3985 1.0686e-06
300 20 0.681 0.3486 1.0632e-06
300 20 0.691 0.2651 1.0656e-06
300 20 0.701 0.2715 1.0719e-06
300 20 0.711 0.2776 1.0701e-06
300 20 0.721 0.2161 1.0609e-06
300 20 0.731 0.1538 9.314e-07
300 20 0.741 0.2024 9.606e-07
300 20 0.751 0.1418 1.0868e-06
300 20 0.761 0.1271 1.0805e-06
300 20 0.771 0.1035 1.0811e-06
300 20 0.781 0.0965 1.0986e-06
300 20 0.791 0.0841 1.0873e-06
300 20 0.801 0.0916 1.0688e-06
300 20 0.811 0.0613 9.693e-07
300 20 0.821 0.075 1.058e-06
300 20 0.831 0.0398 1.0414e-06
300 20 0.841 0.0459 1.0756e-06
300 20 0.851 0.0538 1.0784e-06
300 20 0.861 0.0308 1.0145e-06
300 20 0.871 0.0377 1.0227e-06
300 20 0.881 0.0246 1.0473e-06
300 20 0.891 0.0199 1.0646e-06
300 20 0.901 0.0201 1.057e-06
300 20 0.911 0.0176 9.732e-07
300 20 0.921 0.0161 9.32e-07
300 20 0.931 0.0074 9.325e-07
300 20 0.941 0.0142 1.0204e-06
300 20 0.951 0.0081 1.0823e-06
300 20 0.961 0.009 1.076e-06
300 20 0.971 0.0094 1.0222e-06
300 20 0.981 0.0034 9.33e-07
300 20 0.991 0.0043 1.0197e-06
300 20 1.001 0.0048 1.0818e-06
300 20 1.011 0.0032 9.835e-07
300 20 1.021 0.0064 1.0997e-06
300 20 1.031 0.0043 1.049e-06
300 20 1.041 0.0016 1.1088e-06
300 20 1.051 0.0005 1.0889e-06
300 20 1.061 0.0024 1.0334e-06
300 20 1.071 0.0012 1.087e-06
300 20 1.081 0.0004 9.955e-07
300 20 1.091 0.0008 9.552e-07
300 20 1.101 0.0006 9.299e-07
300 20 1.111 0.0001 9.386e-07
300 20 1.121 0.0002 1.0031e-06
300 20 1.131 0.0003 9.57e-07
300 20 1.141 0.0002 1.0655e-06
300 20 1.151 0.0007 9.388e-07
300 20 1.161 0.0004 9.373e-07
300 20 1.171 0.0001 9.325e-07
300 20 1.181 0.0001 9.768e-07
300 20 1.191 0.0001 9.529e-07
300 20 1.201 0.0002 9.75e-07
300 20 1.211 0 9.763e-07
300 20 1.221 0 1.0496e-06
300 20 1.231 0 1.0757e-06
300 20 1.241 0.0002 1.0744e-06
300 20 1.251 0.0002 1.064e-06
300 20 1.261 0.0001 1.075e-06
300 20 1.271 0 1.0126e-06
300 20 1.281 0 1.0237e-06
300 20 1.291 0 1.0098e-06
300 20 1.301 0 1.0668e-06
300 20 1.311 0 1.0702e-06
300 20 1.321 0.0001 9.373e-07
300 20 1.331 0 9.38e-07
300 20 1.341 0 9.366e-07
300 20 1.351 0 9.383e-07
300 20 1.361 0 9.93e-07
300 20 1.371 0 9.664e-07
300 20 1.381 0 9.365e-07
300 20 1.391 0 9.286e-07
300 20 1.401 0 9.389e-07
300 20 1.411 0 9.345e-07
300 20 1.421 0 9.245e-07
300 20 1.431 0 1.0638e-06
300 20 1.441 0 1.0785e-06
300 20 1.451 0 1.0794e-06
300 20 1.461 0 1.0868e-06
300 20 1.471 0 1.0853e-06
300 20 1.481 0 1.0888e-06
300 20 1.491 0 1.0838e-06
300 20 1.501 0 1.0849e-06
300 20 1.511 0 1.0822e-06
300 20 1.521 0 1.0697e-06
300 20 1.531 0 1.0623e-06
300 20 1.541 0 1.0574e-06
300 20 1.551 0 1.0598e-06
300 20 1.561 0 1.0721e-06
300 20 1.571 0 1.0771e-06
300 20 1.581 0 9.82e-07
300 20 1.591 0 9.282e-07
300 20 1.601 0 9.376e-07
300 20 1.611 0 9.848e-07
300 20 1.621 0 1.0035e-06
300 20 1.631 0 1.0703e-06
300 20 1.641 0 1.0839e-06
300 20 1.651 0 1.0788e-06
300 20 1.661 0 1.0948e-06
300 20 1.671 0 1.0872e-06
300 20 1.681 0 1.0881e-06
300 20 1.691 0 1.0897e-06
300 20 1.701 0 1.0847e-06
300 20 1.711 0 9.595e-07
300 20 1.721 0 1.0865e-06
300 20 1.731 0 1.0799e-06
300 20 1.741 0 1.0853e-06
300 20 1.751 0 1.0892e-06
300 20 1.761 0 1.0914e-06
300 20 1.771 0 1.0726e-06
300 20 1.781 0 1.0291e-06
300 20 1.791 0 1.0861e-06
300 20 1.801 0 9.939e-07
300 20 1.811 0 9.294e-07
300 20 1.821 0 1.0531e-06
300 20 1.831 0 1.066e-06
300 20 1.841 0 1.0663e-06
300 20 1.851 0 1.0642e-06
300 20 1.861 0 1.0461e-06
300 20 1.871 0 1.0842e-06
300 20 1.881 0 1.0053e-06
300 20 1.891 0 1.0712e-06
300 20 1.901 0 1.0768e-06
300 20 1.911 0 1.0713e-06
300 20 1.921 0 1.0838e-06
300 20 1.931 0 1.0879e-06
300 20 1.941 0 9.231e-07
300 20 1.951 0 9.198e-07
300 20 1.961 0 9.171e-07
300 20 1.971 0 9.087e-07
300 20 1.981 0 9.089e-07
300 20 1.991 0 9.091e-07
300 30 0.001 67.2371 1.0079e-06
300 30 0.011 63.7389 9.979e-07
300 30 0.021 59.5015 9.933e-07
300 30 0.031 56.8264 9.906e-07
300 30 0.041 53.7744 1.1856e-06
300 30 0.051 51.4423 1.1861e-06
300 30 0.061 47.3627 1.1824e-06
300 30 0.071 41.7094 1.1789e-06
300 30 0.081 40.2773 1.1694e-06
300 30 0.091 38.0121 1.1486e-06
300 30 0.101 33.856 1.1367e-06
300 30 0.111 31.8616 1.1304e-06
300 30 0.121 29.4753 1.1289e-06
300 30 0.131 26.8016 1.1285e-06
300 30 0.141 25.3402 1.1197e-06
300 30 0.151 22.2998 1.1162e-06
300 30 0.161 20.6993 1.1174e-06
300 30 0.171 19.2195 1.1105e-06
300 30 0.181 17.1179 1.1155e-06
300 30 0.191 15.1387 1.1142e-06
300 30 0.201 14.7139 1.1108e-06
300 30 0.211 12.2982 1.1073e-06
300 30 0.221 11.259 1.0991e-06
300 30 0.231 10.4625 1.1085e-06
300 30 0.241 9.4497 1.1031e-06
300 30 0.251 8.18 1.107e-06
300 30 0.261 7.9446 1.102e-06
300 30 0.271 6.9127 1.1035e-06
300 30 0.281 5.5599 1.1028e-06
300 30 0.291 5.6693 1.0999e-06
300 30 0.301 4.8813 1.1054e-06
300 30 0.311 4.4171 1.0991e-06
300 30 0.321 3.7608 1.0963e-06
300 30 0.331 3.7683 1.0981e-06
300 30 0.341 2.9421 1.0944e-06
300 30 0.351 2.784 1.0918e-06
300 30 0.361 2.6015 1.0929e-06
300 30 0.371 2.3267 1.1e-06
300 30 0.381 2.0161 1.0963e-06
300 30 0.391 1.6263 1.0963e-06
300 30 0.401 1.4185 1.0954e-06
300 30 0.411 1.3083 1.0865e-06
300 30 0.421 1.1675 1.0857e-06
300 30 0.431 0.9809 1.0948e-06
300 30 0.441 0.8519 1.0947e-06
300 30 0.451 0.7927 1.0813e-06
300 30 0.461 0.6328 1.091e-06
300 30 0.471 0.6117 1.0978e-06
300 30 0.481 0.5055 1.0105e-06
300 30 0.491 0.3961 9.555e-07
300 30 0.501 0.3889 1.0528e-06
300 30 0.511 0.3461 1.0284e-06
300 30 0.521 0.3515 1.0983e-06
300 30 0.531 0.2314 9.458e-07
300 30 0.541 0.1933 1.0132e-06
300 30 0.551 0.1998 1.0638e-06
300 30 0.561 0.1865 1.0791e-06
300 30 0.571 0.1471 1.0624e-06
300 30 0.581 0.1165 1.0636e-06
300 30 0.591 0.0921 1.0837e-06
300 30 0.601 0.1057 1.0966e-06
300 30 0.611 0.0968 1.089e-06
300 30 0.621 0.0676 1.0582e-06
300 30 0.631 0.0514 9.516e-07
300 30 0.641 0.043 9.547e-07
300 30 0.651 0.0345 1.0041e-06
300 30 0.661 0.0328 1.0817e-06
300 30 0.671 0.0297 1.0853e-06
300 30 0.681 0.0241 1.085e-06
300 30 0.691 0.0165 1.0872e-06
300 30 0.701 0.0166 1.087e-06
300 30 0.711 0.0211 1.0867e-06
300 30 0.721 0.0044 1.0842e-06
300 30 0.731 0.0102 1.0739e-06
300 30 0.741 0.0092 9.663e-07
300 30 0.751 0.0081 1.0905e-06
300 30 0.761 0.0135 1.0915e-06
300 30 0.771 0.0037 1.0916e-06
300 30 0.781 0.0041 1.0918e-06
300 30 0.791 0.0044 1.0974e-06
300 30 0.801 0.0022 1.0935e-06
300 30 0.811 0.0019 1.0853e-06
300 30 0.821 0.0023 1.0916e-06
300 30 0.831 0.0015 1.0911e-06
300 30 0.841 0.001 1.001e-06
300 30 0.851 0.0008 9.49e-07
300 30 0.861 0.0002 1.0211e-06
300 30 0.871 0.0012 9.679e-07
300 30 0.881 0.0001 1.0399e-06
300 30 0.891 0.0027 1.1122e-06
300 30 0.901 0.0002 1.1147e-06
300 30 0.911 0.0006 1.1126e-06
300 30 0.921 0 1.114e-06
300 30 0.931 0 1.1146e-06
300 30 0.941 0.0002 1.1205e-06
300 30 0.951 0.0002 1.097e-06
300 30 0.961 0 9.434e-07
300 30 0.971 0 1.0967e-06
300 30 0.981 0.0002 1.1347e-06
300 30 0.991 0 1.0516e-06
300 30 1.001 0 9.64e-07
300 30 1.011 0 9.457e-07
300 30 1.021 0.0001 9.669e-07
300 30 1.031 0 9.848e-07
300 30 1.041 0 9.541e-07
300 30 1.051 0 1.0599e-06
300 30 1.061 0 1.0958e-06
300 30 1.071 0 1.0934e-06
300 30 1.081 0 1.0519e-06
300 30 1.091 0 1.0474e-06
300 30 1.101 0 1.1008e-06
300 30 1.111 0 1.092e-06
300 30 1.121 0 1.0879e-06
300 30 1.131 0 1.0862e-06
300 30 1.141 0 1.0809e-06
300 30 1.151 0 1.083e-06
300 30 1.161 0 1.0813e-06
300 30 1.171 0 1.0772e-06
300 30 1.181 0 1.0854e-06
300 30 1.191 0 9.854e-07
300 30 1.201 0 1.1157e-06
300 30 1.211 0 1.1104e-06
300 30 1.221 0 1.0695e-06
300 30 1.231 0 9.882e-07
300 30 1.241 0 1.0886e-06
300 30 1.251 0 1.088e-06
300 30 1.261 0 1.0461e-06
300 30 1.271 0 9.873e-07
300 30 1.281 0 1.1053e-06
300 30 1.291 0 1.0505e-06
300 30 1.301 0 9.793e-07
300 30 1.311 0 9.78e-07
300 30 1.321 0 1.0633e-06
300 30 1.331 0 1.0683e-06
300 30 1.341 0 1.1271e-06
300 30 1.351 0 1.0372e-06
300 30 1.361 0 1.0976e-06
300 30 1.371 0 1.0956e-06
300 30 1.381 0 1.0897e-06
300 30 1.391 0 1.0962e-06
300 30 1.401 0 1.0897e-06
300 30 1.411 0 1.0877e-06
300 30 1.421 0 1.086e-06
300 30 1.431 0 1.0667e-06
300 30 1.441 0 1.0605e-06
300 30 1.451 0 1.0879e-06
300 30 1.461 0 1.0504e-06
300 30 1.471 0 1.0316e-06
300 30 1.481 0 1.0818e-06
300 30 1.491 0 1.1012e-06
300 30 1.501 0 1.1119e-06
300 30 1.511 0 1.1142e-06
300 30 1.521 0 9.705e-07
300 30 1.531 0 1.0229e-06
300 30 1.541 0 1.1157e-06
300 30 1.551 0 9.5e-07
300 30 1.561 0 1.1246e-06
300 30 1.571 0 1.1244e-06
300 30 1.581 0 1.1247e-06
300 30 1.591 0 1.1231e-06
300 30 1.601 0 1.1107e-06
300 30 1.611 0 1.1169e-06
300 30 1.621 0 1.1084e-06
300 30 1.631 0 1.134e-06
300 30 1.641 0 1.0323e-06
300 30 1.651 0 9.49e-07
300 30 1.661 0 9.397e-07
300 30 1.671 0 9.392e-07
300 30 1.681 0 9.917e-07
300 30 1.691 0 1.075e-06
300 30 1.701 0 9.867e-07
300 30 1.711 0 9.459e-07
300 30 1.721 0 9.721e-07
300 30 1.731 0 9.816e-07
300 30 1.741 0 1.0713e-06
300 30 1.751 0 9.365e-07
300 30 1.761 0 9.39e-07
300 30 1.771 0 9.345e-07
300 30 1.781 0 9.389e-07
300 30 1.791 0 1.0637e-06
300 30 1.801 0 1.0783e-06
300 30 1.811 0 9.348e-07
300 30 1.821 0 1.0715e-06
300 30 1.831 0 1.0752e-06
300 30 1.841 0 1.0736e-06
300 30 1.851 0 1.0185e-06
300 30 1.861 0 9.463e-07
300 30 1.871 0 1.0924e-06
300 30 1.881 0 1.0188e-06
300 30 1.891 0 9.336e-07
300 30 1.901 0 9.396e-07
300 30 1.911 0 1.0924e-06
300 30 1.921 0 1.0829e-06
300 30 1.931 0 1.0875e-06
300 30 1.941 0 1.069e-06
300 30 1.951 0 1.0752e-06
300 30 1.961 0 1.0034e-06
300 30 1.971 0 1.0347e-06
300 30 1.981 0 1.0898e-06
300 30 1.991 0 1.0834e-06
300 40 0.001 2762.74 5.8001e-06
300 40 0.011 2602.69 5.5432e-06
300 40 0.021 2412.1 5.2256e-06
300 40 0.031 2333.86 5.0949e-06
300 40 0.041 2194.1 3.8763e-06
300 40 0.051 2025.27 2.9002e-06
300 40 0.061 1843.81 2.7276e-06
300 40 0.071 1651.43 2.5523e-06
300 40 0.081 1529.48 2.428e-06
300 40 0.091 1357.75 2.2735e-06
300 40 0.101 1320.8 2.9918e-06
300 40 0.111 1213.3 3.2341e-06
300 40 0.121 1071.77 2.8479e-06
300 40 0.131 984.58 1.8962e-06
300 40 0.141 922.335 2.5812e-06
300 40 0.151 863.897 1.7941e-06
300 40 0.161 709.663 1.7866e-06
300 40 0.171 699.783 1.6429e-06
300 40 0.181 626.82 1.5779e-06
300 40 0.191 549.342 1.5026e-06
300 40 0.201 487.968 1.4464e-06
300 40 0.211 429.7 1.5711e-06
300 40 0.221 397.842 1.4855e-06
300 40 0.231 352.4 1.828e-06
300 40 0.241 300.995 1.7527e-06
300 40 0.251 286.278 1.7026e-06
300 40 0.261 262.49 1.6656e-06
300 40 0.271 213.564 1.5755e-06
300 40 0.281 195.181 1.5383e-06
300 40 0.291 176.983 1.5181e-06
300 40 0.301 168.833 1.4977e-06
300 40 0.311 147.207 1.1709e-06
300 40 0.321 128.388 1.1276e-06
300 40 0.331 110.864 1.3234e-06
300 40 0.341 92.3247 1.2904e-06
300 40 0.351 87.7379 1.2822e-06
300 40 0.361 68.8696 1.2514e-06
300 40 0.371 71.6816 1.2529e-06
300 40 0.381 50.1238 1.2186e-06
300 40 0.391 54.8545 1.1218e-06
300 40 0.401 38.2138 1.0306e-06
300 40 0.411 37.1235 1.0366e-06
300 40 0.421 36.8409 1.001e-06
300 40 0.431 30.5081 9.921e-07
300 40 0.441 26.1841 9.882e-07
300 40 0.451 21.8097 1.0201e-06
300 40 0.461 19.6941 1.1379e-06
300 40 0.471 12.7303 1.121e-06
300 40 0.481 16.6716 1.0624e-06
300 40 0.491 12.8707 1.1687e-06
300 40 0.501 10.2204 1.1531e-06
300 40 0.511 9.0986 1.1521e-06
300 40 0.521 8.1814 1.1459e-06
300 40 0.531 6.5171 1.1475e-06
300 40 0.541 5.3701 1.1381e-06
300 40 0.551 4.7335 1.1436e-06
300 40 0.561 3.7922 1.1381e-06
300 40 0.571 3.1519 1.1492e-06
300 40 0.581 3.8069 1.1478e-06
300 40 0.591 2.3089 1.1254e-06
300 40 0.601 1.6476 1.1484e-06
300 40 0.611 1.6564 1.1379e-06
300 40 0.621 1.5361 1.1442e-06
300 40 0.631 2.0642 1.1478e-06
300 40 0.641 1.0561 1.145e-06
300 40 0.651 0.4825 1.1341e-06
300 40 0.661 0.9814 1.1419e-06
300 40 0.671 0.5424 1.1401e-06
300 40 0.681 0.4363 1.015e-06
300 40 0.691 0.2552 1.0297e-06
300 40 0.701 0.442 9.998e-07
300 40 0.711 0.3306 1.0203e-06
300 40 0.721 0.1917 1.1221e-06
300 40 0.731 0.2184 1.0822e-06
300 40 0.741 0.1313 9.604e-07
300 40 0.751 0.1215 9.628e-07
300 40 0.761 0.1474 9.912e-07
300 40 0.771 0.0286 1.1249e-06
300 40 0.781 0.1479 1.0148e-06
300 40 0.791 0.1457 9.783e-07
300 40 0.801 0.0281 1.0443e-06
300 40 0.811 0.0376 1.1011e-06
300 40 0.821 0.0277 1.1258e-06
300 40 0.831 0.007 1.1199e-06
300 40 0.841 0.019 1.1184e-06
300 40 0.851 0.0036 1.1161e-06
300 40 0.861 0.014 1.1243e-06
300 40 0.871 0.0067 1.0548e-06
300 40 0.881 0.0035 9.582e-07
300 40 0.891 0.0069 9.565e-07
300 40 0.901 0.0033 9.634e-07
300 40 0.911 0.01 9.601e-07
300 40 0.921 0.0036 9.62e-07
300 40 0.931 0 9.535e-07
300 40 0.941 0 1.0599e-06
300 40 0.951 0.0033 9.828e-07
300 40 0.961 0 9.651e-07
300 40 0.971 0 1.032e-06
300 40 0.981 0 9.731e-07
300 40 0.991 0 9.73e-07
300 40 1.001 0 9.684e-07
300 40 1.011 0 1.0457e-06
300 40 1.021 0 1.1944e-06
300 40 1.031 0 1.1982e-06
300 40 1.041 0 1.1889e-06
300 40 1.051 0 1.1881e-06
300 40 1.061 0 1.145e-06
300 40 1.071 0 1.1493e-06
300 40 1.081 0 1.1435e-06
300 40 1.091 0 1.1446e-06
300 40 1.101 0 9.996e-07
300 40 1.111 0 9.869e-07
300 40 1.121 0 1.1281e-06
300 40 1.131 0 9.947e-07
300 40 1.141 0 1.0104e-06
300 40 1.151 0 1.1113e-06
300 40 1.161 0 1.1294e-06
300 40 1.171 0 1.1451e-06
300 40 1.181 0 1.0446e-06
300 40 1.191 0 9.555e-07
300 40 1.201 0 9.801e-07
300 40 1.211 0 1.1236e-06
300 40 1.221 0 1.1244e-06
300 40 1.231 0 1.1265e-06
300 40 1.241 0 1.1133e-06
300 40 1.251 0 1.1011e-06
300 40 1.261 0 1.0462e-06
300 40 1.271 0 9.697e-07
300 40 1.281 0 9.898e-07
300 40 1.291 0 1.1452e-06
300 40 1.301 0 1.1372e-06
300 40 1.311 0 1.1424e-06
300 40 1.321 0 1.1365e-06
300 40 1.331 0 1.1323e-06
300 40 1.341 0 1.1488e-06
300 40 1.351 0 1.1415e-06
300 40 1.361 0 1.1407e-06
300 40 1.371 0 1.1425e-06
300 40 1.381 0 1.1419e-06
300 40 1.391 0 1.1438e-06
300 40 1.401 0 1.1337e-06
300 40 1.411 0 1.1242e-06
300 40 1.421 0 1.0264e-06
300 40 1.431 0 9.695e-07
300 40 1.441 0 1.1201e-06
300 40 1.451 0 1.1124e-06
300 40 1.461 0 1.1199e-06
300 40 1.471 0 1.0776e-06
300 40 1.481 0 9.579e-07
300 40 1.491 0 9.707e-07
300 40 1.501 0 1.0322e-06
300 40 1.511 0 1.1471e-06
300 40 1.521 0 9.983e-07
300 40 1.531 0 9.597e-07
300 40 1.541 0 1.0686e-06
300 40 1.551 0 1.1116e-06
300 40 1.561 0 1.1182e-06
300 40 1.571 0 1.1494e-06
300 40 1.581 0 1.1512e-06
300 40 1.591 0 1.1591e-06
300 40 1.601 0 1.1615e-06
300 40 1.611 0 1.1505e-06
300 40 1.621 0 1.1565e-06
300 40 1.631 0 1.1488e-06
300 40 1.641 0 1.154e-06
300 40 1.651 0 1.1602e-06
300 40 1.661 0 1.1625e-06
300 40 1.671 0 1.1708e-06
300 40 1.681 0 1.1528e-06
300 40 1.691 0 1.1174e-06
300 40 1.701 0 1.1078e-06
300 40 1.711 0 1.1243e-06
300 40 1.721 0 1.123e-06
300 40 1.731 0 1.1284e-06
300 40 1.741 0 1.103e-06
300 40 1.751 0 1.0585e-06
300 40 1.761 0 1.0472e-06
300 40 1.771 0 1.1338e-06
300 40 1.781 0 1.0836e-06
300 40 1.791 0 9.55e-07
300 40 1.801 0 9.571e-07
300 40 1.811 0 9.613e-07
300 40 1.821 0 9.476e-07
300 40 1.831 0 9.525e-07
300 40 1.841 0 9.451e-07
300 40 1.851 0 9.455e-07
300 40 1.861 0 9.541e-07
300 40 1.871 0 9.482e-07
300 40 1.881 0 1.0127e-06
300 40 1.891 0 1.1197e-06
300 40 1.901 0 1.1059e-06
300 40 1.911 0 1.108e-06
300 40 1.921 0 1.1075e-06
300 40 1.931 0 1.1127e-06
300 40 1.941 0 1.107e-06
300 40 1.951 0 1.1081e-06
300 40 1.961 0 1.1135e-06
300 40 1.971 0 1.1113e-06
300 40 1.981 0 1.1151e-06
300 40 1.991 0 1.1149e-06
400 10 0.001 95.0783 1.2934e-06
400 10 0.011 97.6258 1.3044e-06
400 10 0.021 94.6474 1.3059e-06
400 10 0.031 91.1 1.2899e-06
400 10 0.041 91.687 1.3018e-06
400 10 0.051 85.6825 1.2925e-06
400 10 0.061 86.986 1.2978e-06
400 10 0.071 84.7879 1.289e-06
400 10 0.081 85.3002 1.2906e-06
400 10 0.091 81.0425 1.2938e-06
400 10 0.101 79.0126 1.2909e-06
400 10 0.111 76.8367 1.2921e-06
400 10 0.121 75.1988 1.2934e-06
400 10 0.131 72.0226 1.2901e-06
400 10 0.141 71.5498 1.282e-06
400 10 0.151 67.7825 1.2915e-06
400 10 0.161 66.8783 1.1171e-06
400 10 0.171 62.7652 1.0986e-06
400 10 0.181 63.2659 1.1045e-06
400 10 0.191 58.435 1.0973e-06
400 10 0.201 58.0712 1.2273e-06
400 10 0.211 56.1824 1.2585e-06
400 10 0.221 55.7125 1.2719e-06
400 10 0.231 51.7351 1.1779e-06
400 10 0.241 51.3705 1.2745e-06
400 10 0.251 49.9376 1.2706e-06
400 10 0.261 47.0737 1.2641e-06
400 10 0.271 45.128 1.2727e-06
400 10 0.281 43.3187 1.2552e-06
400 10 0.291 42.0373 1.2585e-06
400 10 0.301 40.3406 1.2737e-06
400 10 0.311 38.4382 1.2581e-06
400 10 0.321 38.373 1.2751e-06
400 10 0.331 34.813 1.278e-06
400 10 0.341 35.812 1.2689e-06
400 10 0.351 32.2555 1.2804e-06
400 10 0.361 32.2339 1.2658e-06
400 10 0.371 31.076 1.2726e-06
400 10 0.381 30.5599 1.2658e-06
400 10 0.391 28.7105 1.2585e-06
400 10 0.401 29.0955 1.2652e-06
400 10 0.411 25.1803 1.2553e-06
400 10 0.421 26.3162 1.1809e-06
400 10 0.431 23.387 1.1351e-06
400 10 0.441 22.9836 1.1052e-06
400 10 0.451 22.0965 1.0908e-06
400 10 0.461 21.8547 1.0953e-06
400 10 0.471 19.7026 1.1389e-06
400 10 0.481 18.8011 1.2473e-06
400 10 0.491 18.0198 1.1628e-06
400 10 0.501 16.5266 1.0903e-06
400 10 0.511 17.0004 1.0881e-06
400 10 0.521 15.6394 1.1115e-06
400 10 0.531 15.4678 1.1291e-06
400 10 0.541 14.4979 1.1487e-06
400 10 0.551 13.7231 1.1397e-06
400 10 0.561 12.9531 1.2231e-06
400 10 0.571 12.8074 1.0874e-06
400 10 0.581 11.9896 1.1222e-06
400 10 0.591 11.4494 1.2384e-06
400 10 0.601 10.9477 1.2349e-06
400 10 0.611 10.0662 1.2365e-06
400 10 0.621 9.457 1.2377e-06
400 10 0.631 9.0818 1.2148e-06
400 10 0.641 7.5879 1.1933e-06
400 10 0.651 7.6991 1.2173e-06
400 10 0.661 7.7423 1.1187e-06
400 10 0.671 6.8413 1.2489e-06
400 10 0.681 6.365 1.2314e-06
400 10 0.691 6.7247 1.2482e-06
400 10 0.701 6.2514 1.2392e-06
400 10 0.711 5.4042 1.2368e-06
400 10 0.721 5.0384 1.0809e-06
400 10 0.731 5.0277 1.0788e-06
400 10 0.741 4.3516 1.0708e-06
400 10 0.751 4.6355 1.0754e-06
400 10 0.761 3.8904 1.1298e-06
400 10 0.771 3.8134 1.2229e-06
400 10 0.781 3.3873 1.2298e-06
400 10 0.791 3.4143 1.1585e-06
400 10 0.801 3.0609 1.1054e-06
400 10 0.811 3.1545 1.1094e-06
400 10 0.821 2.7047 1.1069e-06
400 10 0.831 2.4726 1.1084e-06
400 10 0.841 2.3166 1.1368e-06
400 10 0.851 2.05 1.252e-06
400 10 0.861 2.0682 1.2427e-06
400 10 0.871 2.0065 1.2179e-06
400 10 0.881 1.6714 1.2004e-06
400 10 0.891 1.5292 1.2056e-06
400 10 0.901 1.4665 1.2076e-06
400 10 0.911 1.2961 1.21e-06
400 10 0.921 1.1301 1.209e-06
400 10 0.931 1.2116 1.2184e-06
400 10 0.941 1.0414 1.2085e-06
400 10 0.951 0.9063 1.2032e-06
400 10 0.961 1.0415 1.2052e-06
400 10 0.971 0.9001 1.205e-06
400 10 0.981 0.7144 1.1951e-06
400 10 0.991 0.6316 1.1964e-06
400 10 1.001 0.5541 1.1991e-06
400 10 1.011 0.5329 1.1914e-06
400 10 1.021 0.4593 1.2051e-06
400 10 1.031 0.4326 1.2036e-06
400 10 1.041 0.3663 1.2075e-06
400 10 1.051 0.3668 1.1966e-06
400 10 1.061 0.3213 1.2007e-06
400 10 1.071 0.3083 1.202e-06
400 10 1.081 0.2293 1.1971e-06
400 10 1.091 0.2145 1.1978e-06
400 10 1.101 0.2339 1.1734e-06
400 10 1.111 0.1695 1.0647e-06
400 10 1.121 0.1562 1.1322e-06
400 10 1.131 0.1578 1.2076e-06
400 10 1.141 0.1534 1.2171e-06
400 10 1.151 0.1575 1.2111e-06
400 10 1.161 0.1223 1.1672e-06
400 10 1.171 0.1269 1.1356e-06
400 10 1.181 0.1084 1.0709e-06
400 10 1.191 0.0988 1.1515e-06
400 10 1.201 0.1023 1.0848e-06
400 10 1.211 0.0771 1.1654e-06
400 10 1.221 0.0928 1.2274e-06
400 10 1.231 0.0853 1.1811e-06
400 10 1.241 0.0728 1.1813e-06
400 10 1.251 0.0621 1.2143e-06
400 10 1.261 0.0569 1.2005e-06
400 10 1.271 0.0561 1.1664e-06
400 10 1.281 0.0531 1.064e-06
400 10 1.291 0.0469 1.1553e-06
400 10 1.301 0.0406 1.1931e-06
400 10 1.311 0.0489 1.1953e-06
400 10 1.321 0.0321 1.201e-06
400 10 1.331 0.0324 1.2029e-06
400 10 1.341 0.026 1.2051e-06
400 10 1.351 0.0222 1.217e-06
400 10 1.361 0.022 1.2104e-06
400 10 1.371 0.0223 1.0813e-06
400 10 1.381 0.0255 1.0563e-06
400 10 1.391 0.0221 1.0977e-06
400 10 1.401 0.0176 1.218e-06
400 10 1.411 0.0147 1.2153e-06
400 10 1.421 0.0115 1.2107e-06
400 10 1.431 0.0173 1.2018e-06
400 10 1.441 0.0144 1.1865e-06
400 10 1.451 0.011 1.1917e-06
400 10 1.461 0.0108 1.1066e-06
400 10 1.471 0.0081 1.1069e-06
400 10 1.481 0.0109 1.0951e-06
400 10 1.491 0.0087 1.0641e-06
400 10 1.501 0.0065 1.0669e-06
400 10 1.511 0.0066 1.0616e-06
400 10 1.521 0.0055 1.0616e-06
400 10 1.531 0.0056 1.0578e-06
400 10 1.541 0.0056 1.1746e-06
400 10 1.551 0.003 1.1622e-06
400 10 1.561 0.0041 1.2064e-06
400 10 1.571 0.0032 1.2084e-06
400 10 1.581 0.0031 1.2091e-06
400 10 1.591 0.0036 1.2088e-06
400 10 1.601 0.002 1.2057e-06
400 10 1.611 0.0022 1.2036e-06
400 10 1.621 0.0025 1.2059e-06
400 10 1.631 0.0025 1.201e-06
400 10 1.641 0.0029 1.203e-06
400 10 1.651 0.002 1.216e-06
400 10 1.661 0.002 1.1631e-06
400 10 1.671 0.0022 1.1475e-06
400 10 1.681 0.0017 1.2024e-06
400 10 1.691 0.0011 1.1675e-06
400 10 1.701 0.0012 1.2378e-06
400 10 1.711 0.0014 1.2034e-06
400 10 1.721 0.0009 1.2685e-06
400 10 1.731 0.0013 1.2497e-06
400 10 1.741 0.0015 1.1955e-06
400 10 1.751 0.0009 1.1812e-06
400 10 1.761 0.001 1.1344e-06
400 10 1.771 0.0012 1.1984e-06
400 10 1.781 0.0013 1.099e-06
400 10 1.791 0.0007 1.135e-06
400 10 1.801 0.0011 1.2617e-06
400 10 1.811 0.0005 1.2819e-06
400 10 1.821 0.0008 1.2792e-06
400 10 1.831 0.0006 1.2641e-06
400 10 1.841 0.0005 1.2554e-06
400 10 1.851 0.0005 1.2651e-06
400 10 1.861 0.0004 1.2661e-06
400 10 1.871 0.0005 1.2771e-06
400 10 1.881 0.0007 1.2695e-06
400 10 1.891 0.0008 1.2719e-06
400 10 1.901 0.0004 1.2781e-06
400 10 1.911 0.0004 1.2974e-06
400 10 1.921 0.0004 1.2936e-06
400 10 1.931 0.0005 1.2937e-06
400 10 1.941 0.0005 1.0973e-06
400 10 1.951 0.0002 1.179e-06
400 10 1.961 0.0008 1.2042e-06
400 10 1.971 0.0004 1.1177e-06
400 10 1.981 0.0002 1.0741e-06
400 10 1.991 0.0002 1.0579e-06
400 20 0.001 97.2693 1.1637e-06
400 20 0.011 92.0037 1.2564e-06
400 20 0.021 89.8768 1.3298e-06
400 20 0.031 88.6829 1.3266e-06
400 20 0.041 81.7799 1.3214e-06
400 20 0.051 79.108 1.3134e-06
400 20 0.061 73.3865 1.1781e-06
400 20 0.071 70.2078 1.2271e-06
400 20 0.081 66.6115 1.3101e-06
400 20 0.091 63.1916 1.2937e-06
400 20 0.101 59.3385 1.289e-06
400 20 0.111 59.0485 1.2946e-06
400 20 0.121 52.7552 1.2863e-06
400 20 0.131 51.6463 1.276e-06
400 20 0.141 49.3891 1.2928e-06
400 20 0.151 44.9142 1.276e-06
400 20 0.161 43.8923 1.283e-06
400 20 0.171 39.9377 1.2724e-06
400 20 0.181 37.2432 1.2703e-06
400 20 0.191 35.6146 1.2621e-06
400 20 0.201 34.1725 1.2534e-06
400 20 0.211 31.5806 1.2599e-06
400 20 0.221 30.3474 1.2635e-06
400 20 0.231 27.1398 1.2411e-06
400 20 0.241 25.9305 1.2515e-06
400 20 0.251 23.7766 1.2665e-06
400 20 0.261 22.68 1.2596e-06
400 20 0.271 20.7329 1.2516e-06
400 20 0.281 19.6269 1.2475e-06
400 20 0.291 17.7854 1.2413e-06
400 20 0.301 17.0597 1.255e-06
400 20 0.311 15.9583 1.2496e-06
400 20 0.321 14.2029 1.2536e-06
400 20 0.331 13.2533 1.2454e-06
400 20 0.341 12.395 1.2387e-06
400 20 0.351 11.4262 1.2399e-06
400 20 0.361 10.588 1.2438e-06
400 20 0.371 9.9597 1.2455e-06
400 20 0.381 8.2932 1.2473e-06
400 20 0.391 8.0709 1.267e-06
400 20 0.401 7.2275 1.2681e-06
400 20 0.411 6.9267 1.2658e-06
400 20 0.421 6.554 1.2672e-06
400 20 0.431 5.6852 1.2529e-06
400 20 0.441 5.5151 1.187e-06
400 20 0.451 5.1872 1.2266e-06
400 20 0.461 4.1197 1.2402e-06
400 20 0.471 3.9777 1.2288e-06
400 20 0.481 3.7229 1.0879e-06
400 20 0.491 3.2695 1.0771e-06
400 20 0.501 3.3402 1.1462e-06
400 20 0.511 2.8631 1.2401e-06
400 20 0.521 2.6174 1.2214e-06
400 20 0.531 2.3928 1.2297e-06
400 20 0.541 1.913 1.2369e-06
400 20 0.551 1.8646 1.2407e-06
400 20 0.561 1.6907 1.2192e-06
400 20 0.571 1.5688 1.2337e-06
400 20 0.581 1.4568 1.2317e-06
400 20 0.591 1.3018 1.2357e-06
400 20 0.601 1.2201 1.2372e-06
400 20 0.611 1.1867 1.2243e-06
400 20 0.621 0.8112 1.2258e-06
400 20 0.631 0.7525 1.2249e-06
400 20 0.641 0.7534 1.2289e-06
400 20 0.651 0.6063 1.223e-06
400 20 0.661 0.6392 1.2252e-06
400 20 0.671 0.5552 1.1645e-06
400 20 0.681 0.4165 1.0734e-06
400 20 0.691 0.4462 1.0744e-06
400 20 0.701 0.336 1.0685e-06
400 20 0.711 0.3644 1.1704e-06
400 20 0.721 0.2834 1.2363e-06
400 20 0.731 0.2381 1.2333e-06
400 20 0.741 0.2015 1.2411e-06
400 20 0.751 0.2262 1.2098e-06
400 20 0.761 0.1738 1.0854e-06
400 20 0.771 0.1495 1.0721e-06
400 20 0.781 0.1249 1.0759e-06
400 20 0.791 0.0999 1.1621e-06
400 20 0.801 0.1176 1.2293e-06
400 20 0.811 0.1235 1.2303e-06
400 20 0.821 0.0983 1.2255e-06
400 20 0.831 0.0815 1.227e-06
400 20 0.841 0.0574 1.2381e-06
400 20 0.851 0.0595 1.2329e-06
400 20 0.861 0.0383 1.2357e-06
400 20 0.871 0.0386 1.2272e-06
400 20 0.881 0.0269 1.24e-06
400 20 0.891 0.0351 1.2275e-06
400 20 0.901 0.0242 1.1076e-06
400 20 0.911 0.0246 1.2042e-06
400 20 0.921 0.0164 1.2294e-06
400 20 0.931 0.0167 1.1448e-06
400 20 0.941 0.0099 1.0812e-06
400 20 0.951 0.0186 1.0902e-06
400 20 0.961 0.0164 1.088e-06
400 20 0.971 0.0068 1.1804e-06
400 20 0.981 0.0138 1.2014e-06
400 20 0.991 0.0083 1.2245e-06
400 20 1.001 0.0054 1.2062e-06
400 20 1.011 0.0053 1.2075e-06
400 20 1.021 0.0077 1.2099e-06
400 20 1.031 0.0019 1.2339e-06
400 20 1.041 0.0019 1.2277e-06
400 20 1.051 0.004 1.2185e-06
400 20 1.061 0.0005 1.2104e-06
400 20 1.071 0.0019 1.2259e-06
400 20 1.081 0.0025 1.2215e-06
400 20 1.091 0.0007 1.2227e-06
400 20 1.101 0.0019 1.2118e-06
400 20 1.111 0.0007 1.2318e-06
400 20 1.121 0.0004 1.2348e-06
400 20 1.131 0.0011 1.2442e-06
400 20 1.141 0.0005 1.2439e-06
400 20 1.151 0.0004 1.2385e-06
400 20 1.161 0.0003 1.2007e-06
400 20 1.171 0.0001 1.1033e-06
400 20 1.181 0.0001 1.1043e-06
400 20 1.191 0.0002 1.1538e-06
400 20 1.201 0.0001 1.2237e-06
400 20 1.211 0 1.2317e-06
400 20 1.221 0 1.1866e-06
400 20 1.231 0.0002 1.1958e-06
400 20 1.241 0 1.1148e-06
400 20 1.251 0.0001 1.1973e-06
400 20 1.261 0 1.2151e-06
400 20 1.271 0.0001 1.2007e-06
400 20 1.281 0.0001 1.1524e-06
400 20 1.291 0 1.1114e-06
400 20 1.301 0 1.1134e-06
400 20 1.311 0 1.1472e-06
400 20 1.321 0 1.2185e-06
400 20 1.331 0.0001 1.2251e-06
400 20 1.341 0 1.1883e-06
400 20 1.351 0.0001 1.1828e-06
400 20 1.361 0 1.2145e-06
400 20 1.371 0.0001 1.216e-06
400 20 1.381 0 1.2195e-06
400 20 1.391 0 1.2128e-06
400 20 1.401 0 1.2036e-06
400 20 1.411 0 1.2326e-06
400 20 1.421 0 1.2174e-06
400 20 1.431 0 1.2203e-06
400 20 1.441 0 1.2247e-06
400 20 1.451 0 1.2233e-06
400 20 1.461 0 1.2365e-06
400 20 1.471 0 1.2373e-06
400 20 1.481 0 1.2402e-06
400 20 1.491 0 1.2423e-06
400 20 1.501 0 1.242e-06
400 20 1.511 0 1.2336e-06
400 20 1.521 0 1.2316e-06
400 20 1.531 0 1.2131e-06
400 20 1.541 0 1.2057e-06
400 20 1.551 0 1.2525e-06
400 20 1.561 0 1.2316e-06
400 20 1.571 0 1.2055e-06
400 20 1.581 0 1.2221e-06
400 20 1.591 0 1.2229e-06
400 20 1.601 0 1.2222e-06
400 20 1.611 0 1.2254e-06
400 20 1.621 0 1.2251e-06
400 20 1.631 0 1.2282e-06
400 20 1.641 0 1.1082e-06
400 20 1.651 0 1.122e-06
400 20 1.661 0 1.2903e-06
400 20 1.671 0 1.2775e-06
400 20 1.681 0 1.2831e-06
400 20 1.691 0 1.2912e-06
400 20 1.701 0 1.2793e-06
400 20 1.711 0 1.1692e-06
400 20 1.721 0 1.1014e-06
400 20 1.731 0 1.0736e-06
400 20 1.741 0 1.0653e-06
400 20 1.751 0 1.0893e-06
400 20 1.761 0 1.1246e-06
400 20 1.771 0 1.1453e-06
400 20 1.781 0 1.2048e-06
400 20 1.791 0 1.1102e-06
400 20 1.801 0 1.2751e-06
400 20 1.811 0 1.2956e-06
400 20 1.821 0 1.2926e-06
400 20 1.831 0 1.3033e-06
400 20 1.841 0 1.3052e-06
400 20 1.851 0 1.1673e-06
400 20 1.861 0 1.0673e-06
400 20 1.871 0 1.0615e-06
400 20 1.881 0 1.0639e-06
400 20 1.891 0 1.0624e-06
400 20 1.901 0 1.0638e-06
400 20 1.911 0 1.1127e-06
400 20 1.921 0 1.0642e-06
400 20 1.931 0 1.1099e-06
400 20 1.941 0 1.1009e-06
400 20 1.951 0 1.2083e-06
400 20 1.961 0 1.1221e-06
400 20 1.971 0 1.1959e-06
400 20 1.981 0 1.0609e-06
400 20 1.991 0 1.0489e-06
400 30 0.001 96.0656 1.1591e-06
400 30 0.011 86.6952 1.1535e-06
400 30 0.021 85.2079 1.1534e-06
400 30 0.031 78.2624 1.1476e-06
400 30 0.041 73.8859 1.2258e-06
400 30 0.051 65.8404 1.2087e-06
400 30 0.061 65.216 1.2896e-06
400 30 0.071 60.0031 1.2851e-06
400 30 0.081 56.0593 1.2813e-06
400 30 0.091 51.6201 1.2718e-06
400 30 0.101 47.8663 1.2735e-06
400 30 0.111 42.2317 1.2685e-06
400 30 0.121 39.3971 1.25e-06
400 30 0.131 38.3298 1.1188e-06
400 30 0.141 34.1098 1.1853e-06
400 30 0.151 29.8329 1.1926e-06
400 30 0.161 29.1043 1.1114e-06
400 30 0.171 25.186 1.1112e-06
400 30 0.181 23.9945 1.1002e-06
400 30 0.191 21.7346 1.1035e-06
400 30 0.201 19.2333 1.2336e-06
400 30 0.211 16.9765 1.2607e-06
400 30 0.221 15.7499 1.266e-06
400 30 0.231 14.4885 1.2637e-06
400 30 0.241 13.1299 1.2611e-06
400 30 0.251 11.5796 1.2562e-06
400 30 0.261 10.2752 1.2563e-06
400 30 0.271 9.0368 1.2517e-06
400 30 0.281 8.8555 1.2543e-06
400 30 0.291 7.4131 1.2479e-06
400 30 0.301 6.7201 1.2481e-06
400 30 0.311 6.4322 1.2514e-06
400 30 0.321 5.6325 1.2399e-06
400 30 0.331 4.8986 1.2432e-06
400 30 0.341 4.3901 1.2352e-06
400 30 0.351 3.9283 1.2625e-06
400 30 0.361 3.5518 1.2656e-06
400 30 0.371 2.8795 1.2544e-06
400 30 0.381 2.4605 1.2694e-06
400 30 0.391 2.2093 1.2639e-06
400 30 0.401 1.9735 1.2676e-06
400 30 0.411 1.5514 1.2644e-06
400 30 0.421 1.5064 1.259e-06
400 30 0.431 1.3443 1.2661e-06
400 30 0.441 1.2632 1.258e-06
400 30 0.451 0.9657 1.2727e-06
400 30 0.461 1.0057 1.2624e-06
400 30 0.471 0.812 1.2646e-06
400 30 0.481 0.6271 1.2684e-06
400 30 0.491 0.5412 1.263e-06
400 30 0.501 0.6221 1.2542e-06
400 30 0.511 0.5025 1.2477e-06
400 30 0.521 0.4449 1.266e-06
400 30 0.531 0.2832 1.2692e-06
400 30 0.541 0.2557 1.2571e-06
400 30 0.551 0.2495 1.2597e-06
400 30 0.561 0.2334 1.1959e-06
400 30 0.571 0.1883 1.2933e-06
400 30 0.581 0.1516 1.2807e-06
400 30 0.591 0.146 1.2783e-06
400 30 0.601 0.1057 1.2513e-06
400 30 0.611 0.0818 1.1312e-06
400 30 0.621 0.0917 1.1327e-06
400 30 0.631 0.0877 1.1351e-06
400 30 0.641 0.0739 1.1352e-06
400 30 0.651 0.0656 1.2248e-06
400 30 0.661 0.06 1.2474e-06
400 30 0.671 0.0496 1.1323e-06
400 30 0.681 0.0307 1.1236e-06
400 30 0.691 0.0324 1.1319e-06
400 30 0.701 0.023 1.152e-06
400 30 0.711 0.0198 1.2285e-06
400 30 0.721 0.0192 1.2047e-06
400 30 0.731 0.0166 1.125e-06
400 30 0.741 0.0051 1.175e-06
400 30 0.751 0.0079 1.129e-06
400 30 0.761 0.0096 1.1246e-06
400 30 0.771 0.006 1.1302e-06
400 30 0.781 0.007 1.1626e-06
400 30 0.791 0.002 1.2315e-06
400 30 0.801 0.0035 1.2323e-06
400 30 0.811 0.0074 1.2409e-06
400 30 0.821 0.002 1.245e-06
400 30 0.831 0.0021 1.2415e-06
400 30 0.841 0.0014 1.2427e-06
400 30 0.851 0.0012 1.2359e-06
400 30 0.861 0.0007 1.2348e-06
400 30 0.871 0.0016 1.1362e-06
400 30 0.881 0.0006 1.0909e-06
400 30 0.891 0.0005 1.0891e-06
400 30 0.901 0.0003 1.0972e-06
400 30 0.911 0.0001 1.1498e-06
400 30 0.921 0.0001 1.2348e-06
400 30 0.931 0.0002 1.2156e-06
400 30 0.941 0 1.2219e-06
400 30 0.951 0.0001 1.2497e-06
400 30 0.961 0.0001 1.146e-06
400 30 0.971 0 1.2482e-06
400 30 0.981 0 1.2542e-06
400 30 0.991 0.0001 1.1673e-06
400 30 1.001 0 1.1256e-06
400 30 1.011 0 1.2019e-06
400 30 1.021 0 1.1834e-06
400 30 1.031 0 1.1624e-06
400 30 1.041 0 1.1997e-06
400 30 1.051 0 1.2477e-06
400 30 1.061 0 1.2502e-06
400 30 1.071 0 1.239e-06
400 30 1.081 0 1.2443e-06
400 30 1.091 0 1.2535e-06
400 30 1.101 0 1.2574e-06
400 30 1.111 0 1.2568e-06
400 30 1.121 0 1.2503e-06
400 30 1.131 0 1.1872e-06
400 30 1.141 0 1.1756e-06
400 30 1.151 0 1.2531e-06
400 30 1.161 0 1.2497e-06
400 30 1.171 0 1.2564e-06
400 30 1.181 0 1.2525e-06
400 30 1.191 0 1.1895e-06
400 30 1.201 0 1.1162e-06
400 30 1.211 0 1.2524e-06
400 30 1.221 0 1.2467e-06
400 30 1.231 0 1.2483e-06
400 30 1.241 0 1.2633e-06
400 30 1.251 0 1.2041e-06
400 30 1.261 0 1.1217e-06
400 30 1.271 0 1.2486e-06
400 30 1.281 0 1.2577e-06
400 30 1.291 0 1.2076e-06
400 30 1.301 0 1.2447e-06
400 30 1.311 0 1.2606e-06
400 30 1.321 0 1.2559e-06
400 30 1.331 0 1.1475e-06
400 30 1.341 0 1.1225e-06
400 30 1.351 0 1.0904e-06
400 30 1.361 0 1.1399e-06
400 30 1.371 0 1.2033e-06
400 30 1.381 0 1.0831e-06
400 30 1.391 0 1.1378e-06
400 30 1.401 0 1.1951e-06
400 30 1.411 0 1.0999e-06
400 30 1.421 0 1.2491e-06
400 30 1.431 0 1.2421e-06
400 30 1.441 0 1.2479e-06
400 30 1.451 0 1.2512e-06
400 30 1.461 0 1.253e-06
400 30 1.471 0 1.2464e-06
400 30 1.481 0 1.2443e-06
400 30 1.491 0 1.2328e-06
400 30 1.501 0 1.2233e-06
400 30 1.511 0 1.2248e-06
400 30 1.521 0 1.2364e-06
400 30 1.531 0 1.2322e-06
400 30 1.541 0 1.2222e-06
400 30 1.551 0 1.183e-06
400 30 1.561 0 1.2269e-06
400 30 1.571 0 1.2308e-06
400 30 1.581 0 1.2321e-06
400 30 1.591 0 1.2319e-06
400 30 1.601 0 1.1772e-06
400 30 1.611 0 1.1223e-06
400 30 1.621 0 1.1506e-06
400 30 1.631 0 1.1506e-06
400 30 1.641 0 1.2327e-06
400 30 1.651 0 1.2279e-06
400 30 1.661 0 1.2245e-06
400 30 1.671 0 1.2277e-06
400 30 1.681 0 1.2251e-06
400 30 1.691 0 1.1842e-06
400 30 1.701 0 1.0849e-06
400 30 1.711 0 1.1955e-06
400 30 1.721 0 1.2391e-06
400 30 1.731 0 1.2333e-06
400 30 1.741 0 1.2443e-06
400 30 1.751 0 1.2456e-06
400 30 1.761 0 1.2309e-06
400 30 1.771 0 1.1901e-06
400 30 1.781 0 1.0841e-06
400 30 1.791 0 1.0872e-06
400 30 1.801 0 1.2174e-06
400 30 1.811 0 1.2379e-06
400 30 1.821 0 1.241e-06
400 30 1.831 0 1.2357e-06
400 30 1.841 0 1.2429e-06
400 30 1.851 0 1.2405e-06
400 30 1.861 0 1.2316e-06
400 30 1.871 0 1.1847e-06
400 30 1.881 0 1.2124e-06
400 30 1.891 0 1.2445e-06
400 30 1.901 0 1.2153e-06
400 30 1.911 0 1.2277e-06
400 30 1.921 0 1.1586e-06
400 30 1.931 0 1.1764e-06
400 30 1.941 0 1.2551e-06
400 30 1.951 0 1.2398e-06
400 30 1.961 0 1.2242e-06
400 30 1.971 0 1.0759e-06
400 30 1.981 0 1.0687e-06
400 30 1.991 0 1.2553e-06
400 40 0.001 3786.33 7.8208e-06
400 40 0.011 3562.41 7.4355e-06
400 40 0.021 3354.06 7.0865e-06
400 40 0.031 3073.46 6.603e-06
400 40 0.041 2976.71 6.4318e-06
400 40 0.051 2673.49 5.9198e-06
400 40 0.061 2544.26 5.6994e-06
400 40 0.071 2305.87 5.2898e-06
400 40 0.081 2164.1 5.0463e-06
400 40 0.091 1934.82 4.6627e-06
400 40 0.101 1881.63 4.5699e-06
400 40 0.111 1682.66 4.2343e-06
400 40 0.121 1553.06 3.9999e-06
400 40 0.131 1413.79 3.7708e-06
400 40 0.141 1272.43 3.5212e-06
400 40 0.151 1140.16 3.2966e-06
400 40 0.161 1015.44 3.0798e-06
400 40 0.171 901.234 2.886e-06
400 40 0.181 889.9 2.7458e-06
400 40 0.191 723.919 1.8229e-06
400 40 0.201 699.835 2.0273e-06
400 40 0.211 599.038 2.3092e-06
400 40 0.221 517.421 2.173e-06
400 40 0.231 502.773 2.1508e-06
400 40 0.241 456.208 2.0701e-06
400 40 0.251 408.697 1.9802e-06
400 40 0.261 362.348 1.8831e-06
400 40 0.271 327.676 1.8438e-06
400 40 0.281 263.844 1.7502e-06
400 40 0.291 227.258 1.6838e-06
400 40 0.301 227.081 1.6786e-06
400 40 0.311 184.367 1.6026e-06
400 40 0.321 179.269 1.5794e-06
400 40 0.331 135.149 1.5252e-06
400 40 0.341 126.779 1.4966e-06
400 40 0.351 119.793 1.4838e-06
400 40 0.361 106.824 1.4563e-06
400 40 0.371 92.1797 1.4411e-06
400 40 0.381 76.6994 1.4148e-06
400 40 0.391 63.9154 1.3947e-06
400 40 0.401 62.2796 1.3949e-06
400 40 0.411 52.0893 1.3788e-06
400 40 0.421 46.0409 1.3653e-06
400 40 0.431 44.086 1.3594e-06
400 40 0.441 38.2267 1.3555e-06
400 40 0.451 32.0042 1.3409e-06
400 40 0.461 27.555 1.368e-06
400 40 0.471 22.7427 1.3309e-06
400 40 0.481 17.8317 1.31e-06
400 40 0.491 18.3201 1.31e-06
400 40 0.501 14.2485 1.2178e-06
400 40 0.511 13.2318 1.3212e-06
400 40 0.521 10.6512 1.3166e-06
400 40 0.531 7.5511 1.296e-06
400 40 0.541 9.5756 1.2868e-06
400 40 0.551 6.8696 1.2769e-06
400 40 0.561 5.9286 1.2764e-06
400 40 0.571 4.6806 1.2803e-06
400 40 0.581 4.9086 1.2032e-06
400 40 0.591 3.1307 1.1049e-06
400 40 0.601 3.1177 1.0985e-06
400 40 0.611 2.3056 1.1098e-06
400 40 0.621 1.6678 1.1656e-06
400 40 0.631 1.5794 1.1021e-06
400 40 0.641 1.2311 1.2512e-06
400 40 0.651 0.4963 1.204e-06
400 40 0.661 1.1526 1.143e-06
400 40 0.671 0.6884 1.1499e-06
400 40 0.681 0.5003 1.2267e-06
400 40 0.691 0.6541 1.1023e-06
400 40 0.701 0.1671 1.1193e-06
400 40 0.711 0.414 1.2007e-06
400 40 0.721 0.1657 1.2683e-06
400 40 0.731 0.2326 1.2678e-06
400 40 0.741 0.4596 1.2689e-06
400 40 0.751 0.0741 1.2778e-06
400 40 0.761 0.1058 1.2764e-06
400 40 0.771 0.0424 1.286e-06
400 40 0.781 0.038 1.285e-06
400 40 0.791 0.0578 1.28e-06
400 40 0.801 0.0318 1.269e-06
400 40 0.811 0.0214 1.2748e-06
400 40 0.821 0.0359 1.2349e-06
400 40 0.831 0.02 1.2496e-06
400 40 0.841 0.0102 1.2759e-06
400 40 0.851 0.0447 1.2792e-06
400 40 0.861 0.0139 1.2836e-06
400 40 0.871 0.0069 1.1653e-06
400 40 0.881 0.0104 1.274e-06
400 40 0.891 0.0037 1.2707e-06
400 40 0.901 0 1.2847e-06
400 40 0.911 0 1.2808e-06
400 40 0.921 0.0373 1.1144e-06
400 40 0.931 0 1.1272e-06
400 40 0.941 0 1.1043e-06
400 40 0.951 0 1.1007e-06
400 40 0.961 0 1.2157e-06
400 40 0.971 0 1.2767e-06
400 40 0.981 0 1.1742e-06
400 40 0.991 0 1.1001e-06
400 40 1.001 0 1.144e-06
400 40 1.011 0 1.2777e-06
400 40 1.021 0 1.2828e-06
400 40 1.031 0 1.1734e-06
400 40 1.041 0 1.1484e-06
400 40 1.051 0 1.1457e-06
400 40 1.061 0 1.1471e-06
400 40 1.071 0 1.1432e-06
400 40 1.081 0 1.142e-06
400 40 1.091 0 1.1485e-06
400 40 1.101 0 1.1456e-06
400 40 1.111 0 1.1459e-06
400 40 1.121 0 1.1425e-06
400 40 1.131 0 1.1423e-06
400 40 1.141 0 1.1983e-06
400 40 1.151 0 1.2666e-06
400 40 1.161 0 1.2707e-06
400 40 1.171 0 1.2658e-06
400 40 1.181 0 1.2649e-06
400 40 1.191 0 1.277e-06
400 40 1.201 0 1.2396e-06
400 40 1.211 0 1.1452e-06
400 40 1.221 0 1.2048e-06
400 40 1.231 0 1.2843e-06
400 40 1.241 0 1.2822e-06
400 40 1.251 0 1.2888e-06
400 40 1.261 0 1.2912e-06
400 40 1.271 0 1.295e-06
400 40 1.281 0 1.2852e-06
400 40 1.291 0 1.2139e-06
400 40 1.301 0 1.296e-06
400 40 1.311 0 1.2935e-06
400 40 1.321 0 1.2925e-06
400 40 1.331 0 1.2842e-06
400 40 1.341 0 1.2916e-06
400 40 1.351 0 1.2789e-06
400 40 1.361 0 1.2629e-06
400 40 1.371 0 1.255e-06
400 40 1.381 0 1.2685e-06
400 40 1.391 0 1.2418e-06
400 40 1.401 0 1.2349e-06
400 40 1.411 0 1.1598e-06
400 40 1.421 0 1.2474e-06
400 40 1.431 0 1.2809e-06
400 40 1.441 0 1.27e-06
400 40 1.451 0 1.2769e-06
400 40 1.461 0 1.2865e-06
400 40 1.471 0 1.1777e-06
400 40 1.481 0 1.0973e-06
400 40 1.491 0 1.0985e-06
400 40 1.501 0 1.2108e-06
400 40 1.511 0 1.2709e-06
400 40 1.521 0 1.2757e-06
400 40 1.531 0 1.2761e-06
400 40 1.541 0 1.2756e-06
400 40 1.551 0 1.279e-06
400 40 1.561 0 1.2799e-06
400 40 1.571 0 1.2792e-06
400 40 1.581 0 1.2885e-06
400 40 1.591 0 1.2823e-06
400 40 1.601 0 1.2737e-06
400 40 1.611 0 1.2772e-06
400 40 1.621 0 1.277e-06
400 40 1.631 0 1.24e-06
400 40 1.641 0 1.1493e-06
400 40 1.651 0 1.2484e-06
400 40 1.661 0 1.2994e-06
400 40 1.671 0 1.2707e-06
400 40 1.681 0 1.2708e-06
400 40 1.691 0 1.2613e-06
400 40 1.701 0 1.2883e-06
400 40 1.711 0 1.2684e-06
400 40 1.721 0 1.2597e-06
400 40 1.731 0 1.2773e-06
400 40 1.741 0 1.2756e-06
400 40 1.751 0 1.2631e-06
400 40 1.761 0 1.2755e-06
400 40 1.771 0 1.2638e-06
400 40 1.781 0 1.2771e-06
400 40 1.791 0 1.281e-06
400 40 1.801 0 1.2809e-06
400 40 1.811 0 1.2019e-06
400 40 1.821 0 1.2694e-06
400 40 1.831 0 1.2606e-06
400 40 1.841 0 1.2608e-06
400 40 1.851 0 1.1032e-06
400 40 1.861 0 1.0898e-06
400 40 1.871 0 1.0909e-06
400 40 1.881 0 1.0888e-06
400 40 1.891 0 1.0884e-06
400 40 1.901 0 1.084e-06
400 40 1.911 0 1.1128e-06
400 40 1.921 0 1.0972e-06
400 40 1.931 0 1.0818e-06
400 40 1.941 0 1.1037e-06
400 40 1.951 0 1.0752e-06
400 40 1.961 0 1.0773e-06
400 40 1.971 0 1.0798e-06
400 40 1.981 0 1.0724e-06
400 40 1.991 0 1.0662e-06
