200 10 0.001 46.5428 1960.15 1.3163
200 10 0.011 46.6784 1960.36 1.4578
200 10 0.021 46.6201 1960.24 1.4586
200 10 0.031 44.7899 1956.58 1.5194
200 10 0.041 45.2939 1957.59 1.6441
200 10 0.051 42.5692 1952.14 1.6236
200 10 0.061 43.5876 1954.18 1.8323
200 10 0.071 41.7303 1950.46 1.8911
200 10 0.081 39.4796 1945.96 1.8174
200 10 0.091 39.431 1945.86 1.9239
200 10 0.101 38.5252 1944.05 2.1734
200 10 0.111 37.7859 1942.57 2.2749
200 10 0.121 36.4051 1939.81 2.4178
200 10 0.131 35.5165 1938.03 2.3724
200 10 0.141 34.3181 1935.64 2.1418
200 10 0.151 32.6154 1932.23 2.2963
200 10 0.161 31.6178 1930.24 2.8491
200 10 0.171 31.9221 1930.84 2.7392
200 10 0.181 30.7148 1928.43 3.2228
200 10 0.191 28.4043 1923.81 3.2301
200 10 0.201 27.9413 1922.88 3.3851
200 10 0.211 27.9078 1922.82 3.5627
200 10 0.221 25.8536 1918.71 2.7832
200 10 0.231 25.4603 1917.92 2.8405
200 10 0.241 25.2205 1917.44 2.881
200 10 0.251 24.5521 1916.1 3.3936
200 10 0.261 22.9603 1912.92 3.6652
200 10 0.271 23.3428 1913.69 3.7704
200 10 0.281 21.3929 1909.79 3.7579
200 10 0.291 21.1004 1909.2 3.6855
200 10 0.301 20.1512 1907.3 3.2271
200 10 0.311 18.8474 1904.69 3.2634
200 10 0.321 18.9876 1904.98 3.2878
200 10 0.331 17.5975 1902.2 3.2984
200 10 0.341 16.9453 1900.89 3.4326
200 10 0.351 16.7543 1900.51 3.367
200 10 0.361 15.349 1897.7 3.3294
200 10 0.371 15.5929 1898.19 3.3368
200 10 0.381 15.1511 1897.3 3.3711
200 10 0.391 14.114 1895.23 3.2981
200 10 0.401 13.0314 1893.06 3.2358
200 10 0.411 12.4707 1891.94 3.1658
200 10 0.421 11.5823 1890.16 3.1598
200 10 0.431 11.29 1889.58 3.4614
200 10 0.441 11.543 1890.09 3.8666
200 10 0.451 10.0968 1887.19 3.6235
200 10 0.461 10.6221 1888.24 3.1024
200 10 0.471 9.6636 1886.33 2.9899
200 10 0.481 9.3285 1885.66 2.9709
200 10 0.491 8.6685 1884.34 2.8908
200 10 0.501 9.1312 1885.26 3.0008
200 10 0.511 8.0237 1883.05 2.9327
200 10 0.521 7.5959 1882.19 2.8597
200 10 0.531 7.3457 1881.69 3.0194
200 10 0.541 6.85 1880.7 2.8448
200 10 0.551 6.6551 1880.31 3.1008
200 10 0.561 6.4758 1879.95 3.2913
200 10 0.571 6.2268 1879.45 3.413
200 10 0.581 5.7988 1878.6 3.1936
200 10 0.591 5.5696 1878.14 2.7848
200 10 0.601 5.3384 1877.68 2.7532
200 10 0.611 4.9059 1876.81 2.6919
200 10 0.621 4.4139 1875.83 2.6412
200 10 0.631 4.4845 1875.97 2.6438
200 10 0.641 3.9279 1874.86 2.5291
200 10 0.651 3.597 1874.19 2.4236
200 10 0.661 3.7443 1874.49 2.4412
200 10 0.671 3.3141 1873.63 2.3276
200 10 0.681 3.2725 1873.55 2.349
200 10 0.691 3.0688 1873.14 2.541
200 10 0.701 3.0361 1873.07 2.3341
200 10 0.711 2.6356 1872.27 2.224
200 10 0.721 2.4325 1871.87 2.1519
200 10 0.731 2.384 1871.77 2.1455
200 10 0.741 2.4044 1871.81 2.1665
200 10 0.751 2.1341 1871.27 2.0261
200 10 0.761 1.8497 1870.7 1.9885
200 10 0.771 1.9332 1870.87 2.0124
200 10 0.781 1.8943 1870.79 1.9825
200 10 0.791 1.5659 1870.13 1.9204
200 10 0.801 1.5691 1870.14 2.2894
200 10 0.811 1.4112 1869.82 2.2212
200 10 0.821 1.1922 1869.38 1.697
200 10 0.831 1.2426 1869.49 1.7058
200 10 0.841 1.1937 1869.39 2.0737
200 10 0.851 1.1376 1869.28 2.1928
200 10 0.861 0.9123 1868.82 1.8716
200 10 0.871 0.9658 1868.93 1.8096
200 10 0.881 0.85 1868.7 1.7065
200 10 0.891 0.7978 1868.6 1.6541
200 10 0.901 0.7905 1868.58 1.6728
200 10 0.911 0.605 1868.21 1.6727
200 10 0.921 0.6333 1868.27 1.8592
200 10 0.931 0.6252 1868.25 1.617
200 10 0.941 0.4827 1867.97 1.4358
200 10 0.951 0.4755 1867.95 1.8207
200 10 0.961 0.3964 1867.79 1.7011
200 10 0.971 0.3629 1867.73 1.4035
200 10 0.981 0.3666 1867.73 1.3393
200 10 0.991 0.3308 1867.66 1.3121
200 10 1.001 0.2804 1867.56 1.637
200 10 1.011 0.2638 1867.53 1.3214
200 10 1.021 0.246 1867.49 1.3309
200 10 1.031 0.2413 1867.48 1.3083
200 10 1.041 0.1997 1867.4 1.2617
200 10 1.051 0.163 1867.33 1.2309
200 10 1.061 0.1578 1867.32 1.1771
200 10 1.071 0.178 1867.36 1.1834
200 10 1.081 0.1353 1867.27 1.1527
200 10 1.091 0.1331 1867.27 1.1768
200 10 1.101 0.1307 1867.26 1.4031
200 10 1.111 0.0816 1867.16 1.4691
200 10 1.121 0.0937 1867.19 1.1983
200 10 1.131 0.0942 1867.19 1.1647
200 10 1.141 0.0822 1867.16 1.1545
200 10 1.151 0.0672 1867.13 1.1308
200 10 1.161 0.0734 1867.15 1.3605
200 10 1.171 0.0586 1867.12 1.4059
200 10 1.181 0.0538 1867.11 1.1083
200 10 1.191 0.0534 1867.11 1.4645
200 10 1.201 0.0401 1867.08 1.3994
200 10 1.211 0.047 1867.09 1.4954
200 10 1.221 0.0454 1867.09 1.3428
200 10 1.231 0.0338 1867.07 1.3232
200 10 1.241 0.0342 1867.07 1.0916
200 10 1.251 0.0301 1867.06 1.0715
200 10 1.261 0.0301 1867.06 1.0401
200 10 1.271 0.027 1867.05 1.036
200 10 1.281 0.0208 1867.04 1.0321
200 10 1.291 0.0169 1867.03 1.0307
200 10 1.301 0.0162 1867.03 1.149
200 10 1.311 0.026 1867.05 1.4301
200 10 1.321 0.0136 1867.03 1.1471
200 10 1.331 0.0107 1867.02 1.2093
200 10 1.341 0.0181 1867.04 1.0527
200 10 1.351 0.0075 1867.02 1.0303
200 10 1.361 0.0146 1867.03 1.0487
200 10 1.371 0.0105 1867.02 1.0418
200 10 1.381 0.0084 1867.02 1.0345
200 10 1.391 0.0089 1867.02 1.0251
200 10 1.401 0.0084 1867.02 1.0529
200 10 1.411 0.0059 1867.01 1.0676
200 10 1.421 0.0056 1867.01 1.0568
200 10 1.431 0.005 1867.01 1.0482
200 10 1.441 0.0063 1867.01 1.0491
200 10 1.451 0.0062 1867.01 1.0579
200 10 1.461 0.0044 1867.01 1.0598
200 10 1.471 0.0046 1867.01 1.0506
200 10 1.481 0.0032 1867.01 1.0349
200 10 1.491 0.0042 1867.01 1.1833
200 10 1.501 0.003 1867.01 1.0757
200 10 1.511 0.0028 1867.01 1.0703
200 10 1.521 0.003 1867.01 1.0963
200 10 1.531 0.0025 1867.01 1.0955
200 10 1.541 0.0027 1867.01 1.15
200 10 1.551 0.0022 1867 1.0773
200 10 1.561 0.0015 1867 1.092
200 10 1.571 0.002 1867 1.1742
200 10 1.581 0.0012 1867 1.2352
200 10 1.591 0.0021 1867 1.4713
200 10 1.601 0.0014 1867 1.4373
200 10 1.611 0.0014 1867 1.1821
200 10 1.621 0.0014 1867 1.1819
200 10 1.631 0.0011 1867 1.414
200 10 1.641 0.0011 1867 1.3881
200 10 1.651 0.0006 1867 1.3754
200 10 1.661 0.0007 1867 1.4121
200 10 1.671 0.0008 1867 1.108
200 10 1.681 0.001 1867 1.1106
200 10 1.691 0.0009 1867 1.2791
200 10 1.701 0.0006 1867 1.1656
200 10 1.711 0.001 1867 1.0191
200 10 1.721 0.0012 1867 1.0122
200 10 1.731 0.0006 1867 1.0115
200 10 1.741 0.0003 1867 1.012
200 10 1.751 0.0003 1867 1.1978
200 10 1.761 0.0003 1867 1.0549
200 10 1.771 0.0005 1867 1.3262
200 10 1.781 0.0003 1867 1.3919
200 10 1.791 0.0003 1867 1.366
200 10 1.801 0.0004 1867 1.3799
200 10 1.811 0.0005 1867 1.3838
200 10 1.821 0.0001 1867 1.0849
200 10 1.831 0.0002 1867 1.0583
200 10 1.841 0.0005 1867 1.3437
200 10 1.851 0.0004 1867 1.2202
200 10 1.861 0.0003 1867 1.2041
200 10 1.871 0.0003 1867 1.0387
200 10 1.881 0.0002 1867 1.0059
200 10 1.891 0.0001 1867 1.0045
200 10 1.901 0.0003 1867 1.0042
200 10 1.911 0.0002 1867 1.0023
200 10 1.921 0.0001 1867 1.0036
200 10 1.931 0.0004 1867 1.0046
200 10 1.941 0.0002 1867 1.0113
200 10 1.951 0.0005 1867 1.0059
200 10 1.961 0.0002 1867 1.004
200 10 1.971 0.0001 1867 1.0073
200 10 1.981 0.0003 1867 1.0051
200 10 1.991 0.0003 1867 1.0044
200 20 0.001 44.9798 2016.96 2.1765
200 20 0.011 42.962 2012.92 1.8955
200 20 0.021 41.6165 2010.23 2.149
200 20 0.031 40.635 2008.27 2.4888
200 20 0.041 37.9944 2002.99 2.5647
200 20 0.051 36.507 2000.01 2.5105
200 20 0.061 35.9415 1998.88 2.6874
200 20 0.071 34.2682 1995.54 2.8956
200 20 0.081 32.2886 1991.58 2.9022
200 20 0.091 31.3517 1989.7 2.3442
200 20 0.101 29.0924 1985.18 2.7955
200 20 0.111 27.1054 1981.21 2.9351
200 20 0.121 25.6697 1978.34 2.9583
200 20 0.131 24.8918 1976.78 3.0238
200 20 0.141 23.3673 1973.73 2.6321
200 20 0.151 22.6973 1972.39 2.5086
200 20 0.161 20.7168 1968.43 2.5342
200 20 0.171 19.2459 1965.49 2.6149
200 20 0.181 17.5301 1962.06 3.1238
200 20 0.191 17.3508 1961.7 3.1014
200 20 0.201 15.8881 1958.78 3.1054
200 20 0.211 14.3748 1955.75 3.1
200 20 0.221 13.2356 1953.47 3.0803
200 20 0.231 12.8575 1952.72 3.0702
200 20 0.241 12.3246 1951.65 2.4836
200 20 0.251 11.0937 1949.19 2.5437
200 20 0.261 10.6286 1948.26 2.5373
200 20 0.271 10.0863 1947.17 2.504
200 20 0.281 8.9382 1944.88 2.6284
200 20 0.291 8.6138 1944.23 2.3853
200 20 0.301 7.9366 1942.87 2.3553
200 20 0.311 7.3808 1941.76 2.4868
200 20 0.321 6.8578 1940.72 2.2403
200 20 0.331 6.5663 1940.13 2.222
200 20 0.341 5.9614 1938.92 2.7595
200 20 0.351 5.4484 1937.9 2.4562
200 20 0.361 5.0366 1937.07 2.1524
200 20 0.371 4.5303 1936.06 2.0687
200 20 0.381 4.276 1935.55 2.0613
200 20 0.391 4.0388 1935.08 2.5447
200 20 0.401 3.5137 1934.03 2.6792
200 20 0.411 3.2503 1933.5 1.9481
200 20 0.421 2.9127 1932.83 1.9936
200 20 0.431 2.6198 1932.24 1.9905
200 20 0.441 2.3775 1931.76 1.9514
200 20 0.451 2.279 1931.56 2.1936
200 20 0.461 2.1697 1931.34 2.4667
200 20 0.471 1.9137 1930.83 1.9236
200 20 0.481 1.7514 1930.5 1.8044
200 20 0.491 1.5225 1930.05 2.1202
200 20 0.501 1.6191 1930.24 1.7946
200 20 0.511 1.3764 1929.75 1.759
200 20 0.521 1.2564 1929.51 1.7451
200 20 0.531 1.0816 1929.16 2.3486
200 20 0.541 1.0278 1929.06 2.1244
200 20 0.551 0.8549 1928.71 1.6897
200 20 0.561 0.7352 1928.47 1.5885
200 20 0.571 0.7332 1928.47 1.5612
200 20 0.581 0.6687 1928.34 1.6153
200 20 0.591 0.5877 1928.18 1.5368
200 20 0.601 0.5077 1928.02 2.0823
200 20 0.611 0.4994 1928 2.1606
200 20 0.621 0.4191 1927.84 2.1475
200 20 0.631 0.3696 1927.74 2.1352
200 20 0.641 0.3489 1927.7 1.8564
200 20 0.651 0.3445 1927.69 1.4234
200 20 0.661 0.2365 1927.47 1.3829
200 20 0.671 0.2333 1927.47 1.8056
200 20 0.681 0.219 1927.44 2.0477
200 20 0.691 0.2201 1927.44 1.6576
200 20 0.701 0.1659 1927.33 2.044
200 20 0.711 0.1577 1927.32 1.5448
200 20 0.721 0.1387 1927.28 1.5175
200 20 0.731 0.1014 1927.2 1.4902
200 20 0.741 0.0894 1927.18 1.4795
200 20 0.751 0.091 1927.18 1.4536
200 20 0.761 0.0979 1927.2 1.4926
200 20 0.771 0.0626 1927.13 1.4464
200 20 0.781 0.0424 1927.08 1.5455
200 20 0.791 0.0534 1927.11 1.5007
200 20 0.801 0.0478 1927.1 1.6371
200 20 0.811 0.0434 1927.09 1.5417
200 20 0.821 0.0373 1927.07 1.5122
200 20 0.831 0.0307 1927.06 1.5198
200 20 0.841 0.0216 1927.04 1.4995
200 20 0.851 0.0239 1927.05 1.5007
200 20 0.861 0.0173 1927.03 1.4874
200 20 0.871 0.0176 1927.04 1.8967
200 20 0.881 0.0124 1927.03 2.0103
200 20 0.891 0.015 1927.03 1.9984
200 20 0.901 0.0124 1927.02 1.9906
200 20 0.911 0.0145 1927.03 1.8735
200 20 0.921 0.0101 1927.02 1.7978
200 20 0.931 0.009 1927.02 1.8521
200 20 0.941 0.0056 1927.01 1.8229
200 20 0.951 0.0081 1927.02 1.8667
200 20 0.961 0.0084 1927.02 1.8923
200 20 0.971 0.0015 1927 1.8304
200 20 0.981 0.003 1927.01 1.8868
200 20 0.991 0.0012 1927 1.8618
200 20 1.001 0.0035 1927.01 1.8184
200 20 1.011 0.0031 1927.01 1.7676
200 20 1.021 0.0011 1927 1.6913
200 20 1.031 0.0006 1927 1.7847
200 20 1.041 0.0018 1927 1.5206
200 20 1.051 0.0003 1927 1.8863
200 20 1.061 0.0017 1927 1.8995
200 20 1.071 0.0014 1927 1.6118
200 20 1.081 0.0005 1927 1.506
200 20 1.091 0.0006 1927 1.3539
200 20 1.101 0.0006 1927 1.7143
200 20 1.111 0.0004 1927 1.8269
200 20 1.121 0.0003 1927 1.8709
200 20 1.131 0.0002 1927 1.8865
200 20 1.141 0.0001 1927 1.8204
200 20 1.151 0.0001 1927 1.7894
200 20 1.161 0 1927 1.7313
200 20 1.171 0 1927 1.6741
200 20 1.181 0 1927 1.6564
200 20 1.191 0 1927 1.6431
200 20 1.201 0 1927 1.7046
200 20 1.211 0 1927 1.5851
200 20 1.221 0 1927 1.5418
200 20 1.231 0.0001 1927 1.4176
200 20 1.241 0 1927 1.2865
200 20 1.251 0.0001 1927 1.4479
200 20 1.261 0 1927 1.6319
200 20 1.271 0 1927 1.6624
200 20 1.281 0 1927 1.3798
200 20 1.291 0 1927 1.3136
200 20 1.301 0 1927 1.2933
200 20 1.311 0 1927 1.2941
200 20 1.321 0 1927 1.2939
200 20 1.331 0 1927 1.5548
200 20 1.341 0 1927 1.4995
200 20 1.351 0 1927 1.3749
200 20 1.361 0 1927 1.3804
200 20 1.371 0 1927 1.5313
200 20 1.381 0 1927 1.6713
200 20 1.391 0 1927 1.9381
200 20 1.401 0 1927 1.968
200 20 1.411 0 1927 1.9801
200 20 1.421 0 1927 2.0021
200 20 1.431 0 1927 2.0021
200 20 1.441 0 1927 2.0005
200 20 1.451 0 1927 2.0191
200 20 1.461 0 1927 2.0393
200 20 1.471 0 1927 1.5972
200 20 1.481 0 1927 1.7608
200 20 1.491 0 1927 1.8702
200 20 1.501 0 1927 1.8991
200 20 1.511 0 1927 1.9106
200 20 1.521 0 1927 1.9204
200 20 1.531 0 1927 1.9127
200 20 1.541 0 1927 1.9097
200 20 1.551 0 1927 1.9009
200 20 1.561 0 1927 1.5548
200 20 1.571 0 1927 1.79
200 20 1.581 0 1927 1.6831
200 20 1.591 0 1927 1.6788
200 20 1.601 0 1927 1.5574
200 20 1.611 0 1927 1.6957
200 20 1.621 0 1927 1.6762
200 20 1.631 0 1927 1.6481
200 20 1.641 0 1927 1.6128
200 20 1.651 0 1927 1.6841
200 20 1.661 0 1927 1.5434
200 20 1.671 0 1927 1.308
200 20 1.681 0 1927 1.2931
200 20 1.691 0 1927 1.5194
200 20 1.701 0 1927 1.6551
200 20 1.711 0 1927 2.0149
200 20 1.721 0 1927 1.7006
200 20 1.731 0 1927 1.3145
200 20 1.741 0 1927 1.4155
200 20 1.751 0 1927 1.8277
200 20 1.761 0 1927 2.0175
200 20 1.771 0 1927 2.0296
200 20 1.781 0 1927 2.0214
200 20 1.791 0 1927 2.0175
200 20 1.801 0 1927 1.9266
200 20 1.811 0 1927 1.5273
200 20 1.821 0 1927 1.5076
200 20 1.831 0 1927 1.7945
200 20 1.841 0 1927 1.8198
200 20 1.851 0 1927 1.832
200 20 1.861 0 1927 1.665
200 20 1.871 0 1927 1.5176
200 20 1.881 0 1927 1.7903
200 20 1.891 0 1927 1.8643
200 20 1.901 0 1927 1.9305
200 20 1.911 0 1927 1.8983
200 20 1.921 0 1927 1.6109
200 20 1.931 0 1927 1.4975
200 20 1.941 0 1927 1.3923
200 20 1.951 0 1927 1.5006
200 20 1.961 0 1927 1.07
200 20 1.971 0 1927 1.0779
200 20 1.981 0 1927 1.0534
200 20 1.991 0 1927 1.0517
200 30 0.001 43.1991 2073.4 2.2884
200 30 0.011 41.1501 2069.3 2.3379
200 30 0.021 38.0992 2063.2 2.3805
200 30 0.031 35.5339 2058.07 2.7115
200 30 0.041 33.5346 2054.07 3.048
200 30 0.051 31.2201 2049.44 2.8446
200 30 0.061 29.3943 2045.79 2.9085
200 30 0.071 26.6763 2040.35 3.1607
200 30 0.081 25.745 2038.49 2.9527
200 30 0.091 23.8077 2034.62 2.6983
200 30 0.101 21.8296 2030.66 2.7302
200 30 0.111 19.8304 2026.66 2.8037
200 30 0.121 18.2062 2023.41 2.835
200 30 0.131 16.7004 2020.4 2.8497
200 30 0.141 15.254 2017.51 2.8015
200 30 0.151 14.2596 2015.52 2.7913
200 30 0.161 13.2303 2013.46 2.7541
200 30 0.171 12.1468 2011.29 2.7199
200 30 0.181 11.2618 2009.52 2.738
200 30 0.191 10.1316 2007.26 2.6872
200 30 0.201 8.724 2004.45 2.6898
200 30 0.211 7.6821 2002.36 2.6347
200 30 0.221 7.2774 2001.55 2.7254
200 30 0.231 6.6052 2000.21 2.7839
200 30 0.241 6.0604 1999.12 2.7565
200 30 0.251 5.3244 1997.65 2.7025
200 30 0.261 4.8695 1996.74 2.6784
200 30 0.271 4.4126 1995.83 2.6428
200 30 0.281 4.3019 1995.6 2.6257
200 30 0.291 3.3783 1993.76 2.5773
200 30 0.301 3.1914 1993.38 2.578
200 30 0.311 2.6655 1992.33 2.528
200 30 0.321 2.5053 1992.01 2.4849
200 30 0.331 2.2197 1991.44 2.4846
200 30 0.341 2.0191 1991.04 2.426
200 30 0.351 1.6835 1990.37 2.6796
200 30 0.361 1.525 1990.05 2.7048
200 30 0.371 1.3912 1989.78 2.5626
200 30 0.381 1.2254 1989.45 2.5597
200 30 0.391 1.091 1989.18 2.6405
200 30 0.401 0.9095 1988.82 2.5739
200 30 0.411 0.7722 1988.54 2.2515
200 30 0.421 0.8179 1988.64 2.2269
200 30 0.431 0.5842 1988.17 2.2059
200 30 0.441 0.5789 1988.16 2.4141
200 30 0.451 0.506 1988.01 2.3839
200 30 0.461 0.4904 1987.98 2.1689
200 30 0.471 0.3395 1987.68 2.298
200 30 0.481 0.3762 1987.75 2.3748
200 30 0.491 0.3064 1987.61 2.1132
200 30 0.501 0.3198 1987.64 2.0997
200 30 0.511 0.2212 1987.44 2.082
200 30 0.521 0.1912 1987.38 2.0755
200 30 0.531 0.1736 1987.35 2.0824
200 30 0.541 0.1352 1987.27 2.1604
200 30 0.551 0.1309 1987.26 2.069
200 30 0.561 0.1131 1987.23 2.2596
200 30 0.571 0.0781 1987.16 2.1221
200 30 0.581 0.0675 1987.14 2.0656
200 30 0.591 0.0671 1987.13 2.072
200 30 0.601 0.0644 1987.13 2.0505
200 30 0.611 0.0451 1987.09 2.0535
200 30 0.621 0.0239 1987.05 2.1778
200 30 0.631 0.0372 1987.07 2.2424
200 30 0.641 0.0288 1987.06 2.0313
200 30 0.651 0.0274 1987.05 2.0264
200 30 0.661 0.0253 1987.05 2.0311
200 30 0.671 0.0136 1987.03 2.2988
200 30 0.681 0.0082 1987.02 2.2798
200 30 0.691 0.0194 1987.04 2.0362
200 30 0.701 0.0153 1987.03 2.3006
200 30 0.711 0.0088 1987.02 2.251
200 30 0.721 0.0039 1987.01 2.257
200 30 0.731 0.0029 1987.01 2.2452
200 30 0.741 0.0064 1987.01 2.0469
200 30 0.751 0.0064 1987.01 2.0187
200 30 0.761 0.0082 1987.02 2.0405
200 30 0.771 0.0026 1987.01 2.0384
200 30 0.781 0.0011 1987 2.0256
200 30 0.791 0.0037 1987.01 2.0333
200 30 0.801 0.0025 1987.01 2.0184
200 30 0.811 0.0021 1987 2.0348
200 30 0.821 0.0026 1987.01 2.03
200 30 0.831 0.0009 1987 2.0213
200 30 0.841 0.0003 1987 2.0149
200 30 0.851 0.0019 1987 2.0224
200 30 0.861 0.0001 1987 2.0177
200 30 0.871 0.0001 1987 2.0206
200 30 0.881 0.0002 1987 2.0302
200 30 0.891 0.0001 1987 2.2168
200 30 0.901 0.0002 1987 2.0754
200 30 0.911 0.0001 1987 2.1231
200 30 0.921 0.0003 1987 2.051
200 30 0.931 0.0001 1987 2.061
200 30 0.941 0 1987 2.049
200 30 0.951 0.0004 1987 2.0283
200 30 0.961 0 1987 2.0282
200 30 0.971 0 1987 2.0221
200 30 0.981 0 1987 2.0353
200 30 0.991 0 1987 2.0275
200 30 1.001 0 1987 2.0124
200 30 1.011 0.0001 1987 2.0353
200 30 1.021 0 1987 2.0243
200 30 1.031 0 1987 2.0189
200 30 1.041 0 1987 2.0459
200 30 1.051 0 1987 2.0577
200 30 1.061 0 1987 2.05
200 30 1.071 0.0002 1987 2.0343
200 30 1.081 0 1987 2.0609
200 30 1.091 0 1987 2.0525
200 30 1.101 0 1987 2.0717
200 30 1.111 0 1987 2.0874
200 30 1.121 0 1987 2.1529
200 30 1.131 0 1987 2.0108
200 30 1.141 0 1987 2.0122
200 30 1.151 0 1987 2.0067
200 30 1.161 0 1987 2.0071
200 30 1.171 0 1987 2.0015
200 30 1.181 0 1987 2.0015
200 30 1.191 0 1987 2.0008
200 30 1.201 0 1987 2.0016
200 30 1.211 0 1987 2.0022
200 30 1.221 0 1987 2.1233
200 30 1.231 0 1987 2.0054
200 30 1.241 0 1987 2.0076
200 30 1.251 0 1987 2.0022
200 30 1.261 0 1987 2.0061
200 30 1.271 0 1987 2.0127
200 30 1.281 0 1987 2.0176
200 30 1.291 0 1987 2.4015
200 30 1.301 0 1987 2.3476
200 30 1.311 0 1987 2.29
200 30 1.321 0 1987 2.0132
200 30 1.331 0 1987 3.0798
200 30 1.341 0 1987 3.8473
200 30 1.351 0 1987 2.9621
200 30 1.361 0 1987 2.3772
200 30 1.371 0 1987 2.2799
200 30 1.381 0 1987 2.03
200 30 1.391 0 1987 2.0311
200 30 1.401 0 1987 2.0234
200 30 1.411 0 1987 2.0353
200 30 1.421 0 1987 2.0832
200 30 1.431 0 1987 2.3529
200 30 1.441 0 1987 2.1184
200 30 1.451 0 1987 2.0083
200 30 1.461 0 1987 2.0042
200 30 1.471 0 1987 2.0042
200 30 1.481 0 1987 2.0053
200 30 1.491 0 1987 2.005
200 30 1.501 0 1987 2.0897
200 30 1.511 0 1987 2.0101
200 30 1.521 0 1987 2.0084
200 30 1.531 0 1987 2.0051
200 30 1.541 0 1987 2.0061
200 30 1.551 0 1987 2.0056
200 30 1.561 0 1987 2.0048
200 30 1.571 0 1987 2.0297
200 30 1.581 0 1987 2.0286
200 30 1.591 0 1987 2.0243
200 30 1.601 0 1987 2.1855
200 30 1.611 0 1987 2.0244
200 30 1.621 0 1987 2.0152
200 30 1.631 0 1987 2.0143
200 30 1.641 0 1987 2.0168
200 30 1.651 0 1987 2.0134
200 30 1.661 0 1987 2.0193
200 30 1.671 0 1987 2.0187
200 30 1.681 0 1987 2.0136
200 30 1.691 0 1987 2.0095
200 30 1.701 0 1987 2.011
200 30 1.711 0 1987 2.0174
200 30 1.721 0 1987 2.0106
200 30 1.731 0 1987 2.0067
200 30 1.741 0 1987 2.0063
200 30 1.751 0 1987 2.0114
200 30 1.761 0 1987 2.0097
200 30 1.771 0 1987 2.0083
200 30 1.781 0 1987 2.0103
200 30 1.791 0 1987 2.0167
200 30 1.801 0 1987 2.0068
200 30 1.811 0 1987 2.0098
200 30 1.821 0 1987 2.0066
200 30 1.831 0 1987 2.0093
200 30 1.841 0 1987 2.0072
200 30 1.851 0 1987 2.1273
200 30 1.861 0 1987 2.0657
200 30 1.871 0 1987 2.0239
200 30 1.881 0 1987 2.0382
200 30 1.891 0 1987 2.0117
200 30 1.901 0 1987 2.0108
200 30 1.911 0 1987 2.0217
200 30 1.921 0 1987 2.014
200 30 1.931 0 1987 2.0149
200 30 1.941 0 1987 2.0223
200 30 1.951 0 1987 2.0254
200 30 1.961 0 1987 2.0358
200 30 1.971 0 1987 2.0056
200 30 1.981 0 1987 2.0124
200 30 1.991 0 1987 2.0061
200 40 0.001 1702.5 19231.2 45.2135
200 40 0.011 1612.94 18336.7 43.0441
200 40 0.021 1535.61 17565.1 41.1662
200 40 0.031 1471.36 16924.9 39.6315
200 40 0.041 1337.56 15587.7 36.3171
200 40 0.051 1264.13 14853.9 30.7974
200 40 0.061 1145.27 13666.1 29.5026
200 40 0.071 1076.68 12981 27.9023
200 40 0.081 977.407 11989.4 23.783
200 40 0.091 885.046 11063.9 25.0405
200 40 0.101 806.306 10277.1 23.0875
200 40 0.111 742.292 9638.31 21.7483
200 40 0.121 722.658 9442.18 21.1413
200 40 0.131 638.483 8599.98 19.0378
200 40 0.141 563.114 7844.33 17.1985
200 40 0.151 517.932 7392.54 16.0341
200 40 0.161 485.14 7063.67 15.2204
200 40 0.171 427.133 6483.37 13.7401
200 40 0.181 377.107 5982.31 12.3903
200 40 0.191 358.966 5800.8 11.8296
200 40 0.201 321.345 5423.38 11.0383
200 40 0.211 285.336 5062.5 9.8854
200 40 0.221 236.762 4575.66 8.5621
200 40 0.231 216.775 4375.39 8.1502
200 40 0.241 206.776 4274.74 7.49
200 40 0.251 176.784 3974.26 6.4118
200 40 0.261 169.585 3901.64 6.3828
200 40 0.271 150.982 3715.17 6.3664
200 40 0.281 129.605 3500.84 5.786
200 40 0.291 109.712 3300.72 5.2287
200 40 0.301 107.807 3281.86 5.168
200 40 0.311 88.1746 3084.83 4.6146
200 40 0.321 76.4118 2966.45 4.2502
200 40 0.331 71.6863 2919.1 4.1205
200 40 0.341 65.6444 2858.24 4.0114
200 40 0.351 51.3497 2714.83 3.6064
200 40 0.361 46.3127 2664 3.4507
200 40 0.371 43.2257 2632.95 3.4404
200 40 0.381 38.3736 2584.04 3.2515
200 40 0.391 29.7016 2497.08 2.9845
200 40 0.401 28.205 2481.92 2.9603
200 40 0.411 23.9141 2438.91 2.916
200 40 0.421 23.3798 2433.44 2.7876
200 40 0.431 16.3298 2362.56 2.58
200 40 0.441 18.4537 2383.83 2.6252
200 40 0.451 13.2174 2331.31 2.5208
200 40 0.461 13.2909 2332.02 5.7401
200 40 0.471 10.236 2301.15 7.2393
200 40 0.481 11.8217 2317.18 2.4239
200 40 0.491 7.1137 2269.67 2.2617
200 40 0.501 6.5582 2264.11 2.2414
200 40 0.511 5.817 2256.67 2.2421
200 40 0.521 5.3439 2251.87 2.2497
200 40 0.531 3.2839 2231.11 2.1653
200 40 0.541 3.5743 2234.09 2.1889
200 40 0.551 3.861 2236.89 2.1795
200 40 0.561 2.3621 2221.84 2.1484
200 40 0.571 2.6536 2224.77 2.1388
200 40 0.581 1.9639 2217.8 2.1101
200 40 0.591 1.6897 2215.05 2.1052
200 40 0.601 1.2824 2210.94 2.0874
200 40 0.611 0.6994 2205.06 2.1488
200 40 0.621 1.0055 2208.17 2.2891
200 40 0.631 0.8645 2206.72 2.3058
200 40 0.641 0.8017 2206.07 2.2549
200 40 0.651 0.4536 2202.58 2.2613
200 40 0.661 0.6548 2204.6 2.0366
200 40 0.671 0.2737 2200.77 2.0219
200 40 0.681 0.233 2200.36 2.0254
200 40 0.691 0.2483 2200.51 2.0256
200 40 0.701 0.434 2202.39 2.0253
200 40 0.711 0.4096 2202.14 2.0201
200 40 0.721 0.1676 2199.69 2.0082
200 40 0.731 0.1021 2199.03 2.0052
200 40 0.741 0.1836 2199.86 2.0114
200 40 0.751 0.0214 2198.22 2.0019
200 40 0.761 0.0352 2198.36 2.0024
200 40 0.771 0.1324 2199.34 2.0065
200 40 0.781 0.0278 2198.28 2.0021
200 40 0.791 0.0137 2198.14 2.001
200 40 0.801 0.0035 2198.04 2.0231
200 40 0.811 0.0132 2198.13 2.5415
200 40 0.821 0.0071 2198.07 2.4921
200 40 0.831 0.0414 2198.42 2.5843
200 40 0.841 0.0796 2198.8 2.3199
200 40 0.851 0 2198 2.0882
200 40 0.861 0 2198 2.0034
200 40 0.871 0.0036 2198.04 2.0052
200 40 0.881 0 2198 2.0588
200 40 0.891 0 2198 2.0356
200 40 0.901 0 2198 2.011
200 40 0.911 0 2198 2.0048
200 40 0.921 0.0654 2198.66 2.0043
200 40 0.931 0 2198 2.0056
200 40 0.941 0 2198 2.0055
200 40 0.951 0 2198 2.0034
200 40 0.961 0 2198 2.0516
200 40 0.971 0 2198 2.064
200 40 0.981 0 2198 2.0082
200 40 0.991 0 2198 2.0122
200 40 1.001 0 2198 2.0097
200 40 1.011 0 2198 2.0028
200 40 1.021 0 2198 2.0134
200 40 1.031 0 2198 2.0166
200 40 1.041 0 2198 2.012
200 40 1.051 0 2198 2.0088
200 40 1.061 0 2198 2.0075
200 40 1.071 0 2198 2.0069
200 40 1.081 0 2198 2.0157
200 40 1.091 0 2198 2.0098
200 40 1.101 0 2198 2.0095
200 40 1.111 0 2198 2.0124
200 40 1.121 0 2198 2.2139
200 40 1.131 0 2198 2.2996
200 40 1.141 0 2198 2.0156
200 40 1.151 0 2198 2.1179
200 40 1.161 0 2198 2.3383
200 40 1.171 0 2198 2.2596
200 40 1.181 0 2198 2.2522
200 40 1.191 0 2198 2.2546
200 40 1.201 0 2198 2.2773
200 40 1.211 0 2198 2.2767
200 40 1.221 0 2198 2.2806
200 40 1.231 0 2198 2.2858
200 40 1.241 0 2198 2.1642
200 40 1.251 0 2198 2.0377
200 40 1.261 0 2198 2.0449
200 40 1.271 0 2198 2.2701
200 40 1.281 0 2198 2.2811
200 40 1.291 0 2198 2.3022
200 40 1.301 0 2198 2.2326
200 40 1.311 0 2198 2.3347
200 40 1.321 0 2198 2.2827
200 40 1.331 0 2198 2.0128
200 40 1.341 0 2198 2.0081
200 40 1.351 0 2198 2.0035
200 40 1.361 0 2198 2.0043
200 40 1.371 0 2198 2.0037
200 40 1.381 0 2198 2.0028
200 40 1.391 0 2198 2.0036
200 40 1.401 0 2198 2.0192
200 40 1.411 0 2198 2.0037
200 40 1.421 0 2198 2.0286
200 40 1.431 0 2198 2.0283
200 40 1.441 0 2198 2.1776
200 40 1.451 0 2198 2.1242
200 40 1.461 0 2198 2.0094
200 40 1.471 0 2198 2.0088
200 40 1.481 0 2198 2.0086
200 40 1.491 0 2198 2.0086
200 40 1.501 0 2198 2.0083
200 40 1.511 0 2198 2.0121
200 40 1.521 0 2198 2.0085
200 40 1.531 0 2198 2.4193
200 40 1.541 0 2198 2.1709
200 40 1.551 0 2198 2.0015
200 40 1.561 0 2198 2.1908
200 40 1.571 0 2198 2.0068
200 40 1.581 0 2198 2.0118
200 40 1.591 0 2198 2.1699
200 40 1.601 0 2198 2.0354
200 40 1.611 0 2198 2.0315
200 40 1.621 0 2198 2.0155
200 40 1.631 0 2198 2.0091
200 40 1.641 0 2198 2.0028
200 40 1.651 0 2198 2.0057
200 40 1.661 0 2198 2.0171
200 40 1.671 0 2198 2.1791
200 40 1.681 0 2198 2.1238
200 40 1.691 0 2198 2.0129
200 40 1.701 0 2198 2.0136
200 40 1.711 0 2198 2.0164
200 40 1.721 0 2198 2.0111
200 40 1.731 0 2198 2.0138
200 40 1.741 0 2198 2.0149
200 40 1.751 0 2198 2.008
200 40 1.761 0 2198 2.0081
200 40 1.771 0 2198 2.0094
200 40 1.781 0 2198 2.0092
200 40 1.791 0 2198 2.0057
200 40 1.801 0 2198 2.0011
200 40 1.811 0 2198 2.0024
200 40 1.821 0 2198 2.2142
200 40 1.831 0 2198 2.2425
200 40 1.841 0 2198 2.2705
200 40 1.851 0 2198 2.2046
200 40 1.861 0 2198 2.208
200 40 1.871 0 2198 2.2329
200 40 1.881 0 2198 2.2064
200 40 1.891 0 2198 2.0216
200 40 1.901 0 2198 2.0086
200 40 1.911 0 2198 2.0043
200 40 1.921 0 2198 2.0037
200 40 1.931 0 2198 2.0034
200 40 1.941 0 2198 2.0016
200 40 1.951 0 2198 2.0928
200 40 1.961 0 2198 2.0044
200 40 1.971 0 2198 2.0017
200 40 1.981 0 2198 2.0407
200 40 1.991 0 2198 2.0854
300 10 0.001 73.0169 2813.03 1.7127
300 10 0.011 72.3481 2811.7 1.708
300 10 0.021 70.2834 2807.57 1.5868
300 10 0.031 67.4996 2802 1.6364
300 10 0.041 67.0987 2801.2 1.8208
300 10 0.051 64.4817 2795.96 1.8915
300 10 0.061 64.8064 2796.61 2.0611
300 10 0.071 62.4627 2791.93 2.1463
300 10 0.081 61.8921 2790.78 2.3119
300 10 0.091 58.3701 2783.74 2.452
300 10 0.101 57.6423 2782.28 2.7438
300 10 0.111 55.9181 2778.84 2.9423
300 10 0.121 56.3389 2779.68 3.2757
300 10 0.131 54.133 2775.27 3.4781
300 10 0.141 54.7212 2776.44 3.671
300 10 0.151 50.153 2767.31 3.6267
300 10 0.161 47.2033 2761.41 3.6987
300 10 0.171 46.8186 2760.64 3.9545
300 10 0.181 43.834 2754.67 4.1561
300 10 0.191 45.158 2757.32 3.5403
300 10 0.201 43.3864 2753.77 3.6025
300 10 0.211 42.5641 2752.13 3.694
300 10 0.221 40.8209 2748.64 3.5653
300 10 0.231 40.7314 2748.46 3.695
300 10 0.241 37.9307 2742.86 3.7716
300 10 0.251 36.7566 2740.51 3.9305
300 10 0.261 35.8266 2738.65 3.9752
300 10 0.271 33.6736 2734.35 3.9057
300 10 0.281 32.958 2732.92 3.999
300 10 0.291 32.1918 2731.38 4.3697
300 10 0.301 29.9182 2726.84 4.3653
300 10 0.311 28.8721 2724.74 4.4973
300 10 0.321 28.0628 2723.13 4.3963
300 10 0.331 27.8681 2722.74 4.5838
300 10 0.341 26.209 2719.42 4.5081
300 10 0.351 25.7375 2718.48 4.6253
300 10 0.361 23.992 2714.98 4.5256
300 10 0.371 23.0023 2713.01 4.7638
300 10 0.381 22.3757 2711.75 4.6122
300 10 0.391 21.9101 2710.82 4.4503
300 10 0.401 20.8039 2708.61 4.3849
300 10 0.411 18.5109 2704.02 4.1579
300 10 0.421 18.6586 2704.32 4.2562
300 10 0.431 18.0875 2703.18 4.322
300 10 0.441 16.9759 2700.95 4.2777
300 10 0.451 15.7182 2698.44 4.1276
300 10 0.461 15.4354 2697.87 4.1656
300 10 0.471 15.0695 2697.14 4.1973
300 10 0.481 14.2285 2695.46 4.5289
300 10 0.491 13.8212 2694.64 4.2805
300 10 0.501 13.3239 2693.65 3.9022
300 10 0.511 12.4932 2691.99 4.2217
300 10 0.521 12.3629 2691.73 4.49
300 10 0.531 11.5729 2690.15 4.6339
300 10 0.541 11.0592 2689.12 4.5213
300 10 0.551 10.7362 2688.47 4.3741
300 10 0.561 9.6962 2686.39 4.3085
300 10 0.571 9.3971 2685.79 4.033
300 10 0.581 7.7847 2682.57 3.4303
300 10 0.591 8.2379 2683.48 3.9872
300 10 0.601 7.6319 2682.26 3.8535
300 10 0.611 7.372 2681.74 3.8691
300 10 0.621 7.5136 2682.03 3.8548
300 10 0.631 6.9231 2680.85 3.7104
300 10 0.641 6.105 2679.21 3.5655
300 10 0.651 6.2413 2679.48 3.6544
300 10 0.661 5.4467 2677.89 3.4356
300 10 0.671 4.9932 2676.99 3.324
300 10 0.681 5.1942 2677.39 3.413
300 10 0.691 4.7689 2676.54 3.3986
300 10 0.701 4.3262 2675.65 3.2508
300 10 0.711 4.2417 2675.48 3.226
300 10 0.721 3.6865 2674.37 2.5891
300 10 0.731 3.5908 2674.18 2.4861
300 10 0.741 3.414 2673.83 2.4952
300 10 0.751 3.1991 2673.4 2.4039
300 10 0.761 3.1319 2673.26 2.3895
300 10 0.771 2.8578 2672.72 2.3165
300 10 0.781 2.4081 2671.82 2.1981
300 10 0.791 2.6836 2672.37 2.2589
300 10 0.801 2.5141 2672.03 2.2134
300 10 0.811 2.3107 2671.62 2.3023
300 10 0.821 2.0745 2671.15 2.468
300 10 0.831 1.972 2670.94 2.0455
300 10 0.841 1.661 2670.32 1.9476
300 10 0.851 1.6983 2670.4 1.957
300 10 0.861 1.5248 2670.05 1.9254
300 10 0.871 1.4067 2669.81 2.0417
300 10 0.881 1.322 2669.64 1.9343
300 10 0.891 1.2021 2669.4 1.8351
300 10 0.901 1.1542 2669.31 1.7908
300 10 0.911 1.1218 2669.24 1.9455
300 10 0.921 0.975 2668.95 2.0371
300 10 0.931 0.8994 2668.8 1.7057
300 10 0.941 0.8578 2668.72 1.5559
300 10 0.951 0.7156 2668.43 1.4957
300 10 0.961 0.688 2668.38 1.675
300 10 0.971 0.609 2668.22 1.7913
300 10 0.981 0.5357 2668.07 1.7887
300 10 0.991 0.5056 2668.01 1.7146
300 10 1.001 0.5259 2668.05 1.7166
300 10 1.011 0.3917 2667.78 1.9218
300 10 1.021 0.3918 2667.78 1.6436
300 10 1.031 0.2888 2667.58 1.2937
300 10 1.041 0.2526 2667.51 1.2827
300 10 1.051 0.2763 2667.55 1.295
300 10 1.061 0.2382 2667.48 1.2571
300 10 1.071 0.2294 2667.46 1.2424
300 10 1.081 0.1908 2667.38 1.1937
300 10 1.091 0.1819 2667.36 1.1741
300 10 1.101 0.1705 2667.34 1.1665
300 10 1.111 0.1537 2667.31 1.4844
300 10 1.121 0.1129 2667.23 1.4768
300 10 1.131 0.143 2667.29 1.4731
300 10 1.141 0.1186 2667.24 1.3916
300 10 1.151 0.099 2667.2 1.1112
300 10 1.161 0.0916 2667.18 1.0969
300 10 1.171 0.096 2667.19 1.0941
300 10 1.181 0.098 2667.2 1.0929
300 10 1.191 0.0708 2667.14 1.1556
300 10 1.201 0.0633 2667.13 1.3966
300 10 1.211 0.0702 2667.14 1.4755
300 10 1.221 0.0663 2667.13 1.3491
300 10 1.231 0.0692 2667.14 1.0824
300 10 1.241 0.0458 2667.09 1.0612
300 10 1.251 0.0458 2667.09 1.2997
300 10 1.261 0.0398 2667.08 1.1764
300 10 1.271 0.0461 2667.09 1.0619
300 10 1.281 0.0379 2667.08 1.1805
300 10 1.291 0.0409 2667.08 1.1589
300 10 1.301 0.0299 2667.06 1.0555
300 10 1.311 0.0284 2667.06 1.3646
300 10 1.321 0.0247 2667.05 1.284
300 10 1.331 0.0269 2667.05 1.072
300 10 1.341 0.0191 2667.04 1.1873
300 10 1.351 0.0221 2667.04 1.1854
300 10 1.361 0.0261 2667.05 1.3735
300 10 1.371 0.0173 2667.03 1.3728
300 10 1.381 0.0167 2667.03 1.1403
300 10 1.391 0.0184 2667.04 1.0316
300 10 1.401 0.0131 2667.03 1.0209
300 10 1.411 0.0111 2667.02 1.0188
300 10 1.421 0.0097 2667.02 1.2889
300 10 1.431 0.0107 2667.02 1.4196
300 10 1.441 0.0126 2667.03 1.4156
300 10 1.451 0.0057 2667.01 1.3997
300 10 1.461 0.0087 2667.02 1.3982
300 10 1.471 0.0051 2667.01 1.3959
300 10 1.481 0.0051 2667.01 1.4116
300 10 1.491 0.0064 2667.01 1.4023
300 10 1.501 0.0066 2667.01 1.3973
300 10 1.511 0.0051 2667.01 1.4124
300 10 1.521 0.0044 2667.01 1.4061
300 10 1.531 0.0037 2667.01 1.4152
300 10 1.541 0.004 2667.01 1.4163
300 10 1.551 0.0058 2667.01 1.439
300 10 1.561 0.0038 2667.01 1.3873
300 10 1.571 0.0034 2667.01 1.3315
300 10 1.581 0.0016 2667 1.1543
300 10 1.591 0.0028 2667.01 1.0309
300 10 1.601 0.0027 2667.01 1.0199
300 10 1.611 0.003 2667.01 1.0162
300 10 1.621 0.0025 2667.01 1.0115
300 10 1.631 0.0022 2667 1.0158
300 10 1.641 0.0017 2667 1.0108
300 10 1.651 0.0019 2667 1.0106
300 10 1.661 0.0007 2667 1.0163
300 10 1.671 0.0017 2667 1.1233
300 10 1.681 0.0011 2667 1.0097
300 10 1.691 0.0012 2667 1.0897
300 10 1.701 0.0011 2667 1.8898
300 10 1.711 0.001 2667 1.6854
300 10 1.721 0.001 2667 1.0076
300 10 1.731 0.0017 2667 1.0079
300 10 1.741 0.0008 2667 1.0094
300 10 1.751 0.0006 2667 1.0044
300 10 1.761 0.0008 2667 1.0079
300 10 1.771 0.0004 2667 1.0106
300 10 1.781 0.0012 2667 1.2325
300 10 1.791 0.0002 2667 1.5198
300 10 1.801 0.0005 2667 1.0536
300 10 1.811 0.0009 2667 1.0721
300 10 1.821 0.0006 2667 1.2539
300 10 1.831 0.0005 2667 1.2593
300 10 1.841 0.0005 2667 1.2655
300 10 1.851 0.0007 2667 1.7571
300 10 1.861 0.0005 2667 1.884
300 10 1.871 0.0002 2667 1.0042
300 10 1.881 0.0001 2667 1.0199
300 10 1.891 0.0005 2667 1.0226
300 10 1.901 0.0004 2667 1.0479
300 10 1.911 0.0005 2667 1.051
300 10 1.921 0.0004 2667 1.0663
300 10 1.931 0.0002 2667 1.0718
300 10 1.941 0.0004 2667 1.0849
300 10 1.951 0.0002 2667 1.1162
300 10 1.961 0.0001 2667 1.1658
300 10 1.971 0.0001 2667 1.1999
300 10 1.981 0.0004 2667 1.1206
300 10 1.991 0.0003 2667 1.0059
300 20 0.001 71.2718 2869.54 2.2811
300 20 0.011 67.6119 2862.22 2.3728
300 20 0.021 66.6833 2860.37 2.4992
300 20 0.031 61.7405 2850.48 2.6078
300 20 0.041 58.5156 2844.03 2.6989
300 20 0.051 58.7782 2844.56 2.2702
300 20 0.061 54.4908 2835.98 2.8246
300 20 0.071 51.5858 2830.17 2.7414
300 20 0.081 48.4436 2823.89 2.59
300 20 0.091 45.988 2818.98 2.5787
300 20 0.101 44.7448 2816.49 3.3325
300 20 0.111 42.889 2812.78 3.3442
300 20 0.121 41.0794 2809.16 3.4603
300 20 0.131 37.1577 2801.32 2.9012
300 20 0.141 34.8274 2796.65 3.1169
300 20 0.151 32.3696 2791.74 3.0035
300 20 0.161 31.4349 2789.87 3.5121
300 20 0.171 30.3171 2787.63 3.5062
300 20 0.181 29.3604 2785.72 4.2199
300 20 0.191 26.3166 2779.63 4.1343
300 20 0.201 24.932 2776.86 3.6961
300 20 0.211 23.0418 2773.08 3.3783
300 20 0.221 21.8362 2770.67 3.3799
300 20 0.231 19.9102 2766.82 3.4878
300 20 0.241 19.1512 2765.3 3.6748
300 20 0.251 17.5113 2762.02 3.5497
300 20 0.261 16.6278 2760.26 3.5765
300 20 0.271 15.6272 2758.25 3.5487
300 20 0.281 14.2165 2755.43 3.5509
300 20 0.291 13.3851 2753.77 3.474
300 20 0.301 12.4064 2751.81 3.3156
300 20 0.311 10.7442 2748.49 3.3658
300 20 0.321 10.3976 2747.8 3.2589
300 20 0.331 9.9153 2746.83 3.2384
300 20 0.341 9.0264 2745.05 3.1448
300 20 0.351 8.9046 2744.81 3.1721
300 20 0.361 7.2116 2741.42 3.0764
300 20 0.371 7.6577 2742.32 3.1204
300 20 0.381 6.8759 2740.75 3.0571
300 20 0.391 5.6987 2738.4 2.777
300 20 0.401 5.5713 2738.14 2.7049
300 20 0.411 4.9916 2736.98 2.5556
300 20 0.421 4.5715 2736.14 2.5273
300 20 0.431 4.1815 2735.36 2.4732
300 20 0.441 3.5699 2734.14 2.3836
300 20 0.451 3.7366 2734.47 2.3831
300 20 0.461 3.2504 2733.5 2.313
300 20 0.471 3.0905 2733.18 2.1451
300 20 0.481 2.5717 2732.14 2.2339
300 20 0.491 2.5109 2732.02 2.1978
300 20 0.501 2.3391 2731.68 2.1281
300 20 0.511 2.0498 2731.1 2.1166
300 20 0.521 1.7886 2730.58 2.0318
300 20 0.531 1.6837 2730.37 2.5928
300 20 0.541 1.5031 2730.01 2.5398
300 20 0.551 1.4686 2729.94 2.5069
300 20 0.561 1.1814 2729.36 2.4409
300 20 0.571 1.0446 2729.09 2.4073
300 20 0.581 0.9785 2728.96 2.388
300 20 0.591 0.9575 2728.92 2.3285
300 20 0.601 0.8407 2728.68 2.0626
300 20 0.611 0.6456 2728.29 2.3335
300 20 0.621 0.6675 2728.34 2.3014
300 20 0.631 0.5272 2728.05 2.2775
300 20 0.641 0.5158 2728.03 2.266
300 20 0.651 0.509 2728.02 2.2574
300 20 0.661 0.3962 2727.79 2.2231
300 20 0.671 0.3259 2727.65 2.2102
300 20 0.681 0.3447 2727.69 2.2104
300 20 0.691 0.3051 2727.61 2.1729
300 20 0.701 0.2582 2727.52 2.1749
300 20 0.711 0.2696 2727.54 2.1676
300 20 0.721 0.2465 2727.49 2.1713
300 20 0.731 0.2112 2727.42 2.1611
300 20 0.741 0.1639 2727.33 2.1315
300 20 0.751 0.1541 2727.31 2.1222
300 20 0.761 0.1286 2727.26 2.1136
300 20 0.771 0.1455 2727.29 2.1237
300 20 0.781 0.0927 2727.19 2.0954
300 20 0.791 0.098 2727.2 2.0882
300 20 0.801 0.0784 2727.16 2.0794
300 20 0.811 0.0704 2727.14 2.0718
300 20 0.821 0.0586 2727.12 2.0644
300 20 0.831 0.0445 2727.09 2.0575
300 20 0.841 0.0444 2727.09 2.0562
300 20 0.851 0.0264 2727.05 2.0456
300 20 0.861 0.0409 2727.08 1.7927
300 20 0.871 0.0191 2727.04 1.6555
300 20 0.881 0.025 2727.05 1.6
300 20 0.891 0.0234 2727.05 1.7061
300 20 0.901 0.0191 2727.04 1.5045
300 20 0.911 0.0113 2727.02 1.4375
300 20 0.921 0.01 2727.02 1.8387
300 20 0.931 0.009 2727.02 2.018
300 20 0.941 0.01 2727.02 2.0197
300 20 0.951 0.0077 2727.02 2.009
300 20 0.961 0.0084 2727.02 1.8378
300 20 0.971 0.0077 2727.02 1.8803
300 20 0.981 0.0077 2727.02 1.8841
300 20 0.991 0.0073 2727.01 1.8422
300 20 1.001 0.0028 2727.01 1.6421
300 20 1.011 0.0061 2727.01 1.7758
300 20 1.021 0.0019 2727 1.7712
300 20 1.031 0.0021 2727 1.7557
300 20 1.041 0.002 2727 1.7666
300 20 1.051 0.0007 2727 1.7584
300 20 1.061 0.0013 2727 1.8037
300 20 1.071 0.0006 2727 1.7848
300 20 1.081 0.0003 2727 1.8149
300 20 1.091 0.0004 2727 1.4791
300 20 1.101 0.0003 2727 1.4677
300 20 1.111 0.0003 2727 1.4888
300 20 1.121 0.0004 2727 1.5281
300 20 1.131 0.0002 2727 1.4634
300 20 1.141 0.0002 2727 1.5044
300 20 1.151 0.0002 2727 1.5385
300 20 1.161 0.0006 2727 1.5854
300 20 1.171 0.0003 2727 1.7644
300 20 1.181 0.0001 2727 1.7541
300 20 1.191 0 2727 1.8485
300 20 1.201 0 2727 1.7328
300 20 1.211 0 2727 1.6442
300 20 1.221 0.0001 2727 1.6215
300 20 1.231 0 2727 1.6243
300 20 1.241 0.0001 2727 1.6186
300 20 1.251 0.0001 2727 1.5631
300 20 1.261 0 2727 1.6081
300 20 1.271 0.0001 2727 1.3532
300 20 1.281 0.0001 2727 1.311
300 20 1.291 0.0001 2727 1.3164
300 20 1.301 0 2727 1.3108
300 20 1.311 0 2727 1.2917
300 20 1.321 0 2727 1.2963
300 20 1.331 0 2727 1.544
300 20 1.341 0.0001 2727 1.4856
300 20 1.351 0 2727 1.4079
300 20 1.361 0 2727 1.646
300 20 1.371 0 2727 2.0653
300 20 1.381 0 2727 1.97
300 20 1.391 0 2727 1.937
300 20 1.401 0 2727 1.9321
300 20 1.411 0 2727 1.8475
300 20 1.421 0 2727 1.5633
300 20 1.431 0 2727 1.6129
300 20 1.441 0 2727 1.7407
300 20 1.451 0 2727 1.6692
300 20 1.461 0 2727 1.6658
300 20 1.471 0 2727 1.6305
300 20 1.481 0 2727 1.762
300 20 1.491 0 2727 1.8607
300 20 1.501 0 2727 1.8567
300 20 1.511 0 2727 1.8943
300 20 1.521 0 2727 1.8019
300 20 1.531 0 2727 1.8352
300 20 1.541 0 2727 1.8122
300 20 1.551 0 2727 1.8371
300 20 1.561 0 2727 1.571
300 20 1.571 0 2727 1.7823
300 20 1.581 0 2727 1.9124
300 20 1.591 0 2727 1.9327
300 20 1.601 0 2727 1.9184
300 20 1.611 0 2727 1.9052
300 20 1.621 0 2727 1.9118
300 20 1.631 0 2727 1.914
300 20 1.641 0 2727 1.9348
300 20 1.651 0 2727 1.9514
300 20 1.661 0 2727 1.7234
300 20 1.671 0 2727 1.2795
300 20 1.681 0 2727 1.1932
300 20 1.691 0 2727 1.2259
300 20 1.701 0 2727 1.3954
300 20 1.711 0 2727 1.5986
300 20 1.721 0 2727 2.0226
300 20 1.731 0 2727 1.5243
300 20 1.741 0 2727 1.4759
300 20 1.751 0 2727 1.4612
300 20 1.761 0 2727 1.5113
300 20 1.771 0 2727 1.5665
300 20 1.781 0 2727 1.29
300 20 1.791 0 2727 1.374
300 20 1.801 0 2727 1.7924
300 20 1.811 0 2727 1.3429
300 20 1.821 0 2727 1.391
300 20 1.831 0 2727 1.3743
300 20 1.841 0 2727 1.3742
300 20 1.851 0 2727 1.4037
300 20 1.861 0 2727 1.4461
300 20 1.871 0 2727 1.3201
300 20 1.881 0 2727 1.5782
300 20 1.891 0 2727 1.4082
300 20 1.901 0 2727 1.3547
300 20 1.911 0 2727 1.3709
300 20 1.921 0 2727 1.4311
300 20 1.931 0 2727 1.4318
300 20 1.941 0 2727 1.4356
300 20 1.951 0 2727 1.6109
300 20 1.961 0 2727 1.1623
300 20 1.971 0 2727 1.2048
300 20 1.981 0 2727 1.1471
300 20 1.991 0 2727 1.1578
300 30 0.001 67.7938 2922.59 2.6328
300 30 0.011 63.196 2913.39 2.7354
300 30 0.021 61.8314 2910.66 2.6497
300 30 0.031 57.9766 2902.95 2.602
300 30 0.041 52.736 2892.47 2.6626
300 30 0.051 49.9766 2886.95 2.7377
300 30 0.061 46.7983 2880.6 2.8373
300 30 0.071 43.7913 2874.58 2.8995
300 30 0.081 39.9402 2866.88 3.0513
300 30 0.091 37.3764 2861.75 3.4179
300 30 0.101 34.7709 2856.54 3.491
300 30 0.111 30.9451 2848.89 3.109
300 30 0.121 29.1794 2845.36 3.5142
300 30 0.131 26.4849 2839.97 3.4629
300 30 0.141 24.7519 2836.5 3.3105
300 30 0.151 23.4906 2833.98 3.3379
300 30 0.161 19.5918 2826.18 3.5133
300 30 0.171 18.4936 2823.99 3.5361
300 30 0.181 16.2519 2819.5 3.5785
300 30 0.191 15.5198 2818.04 3.474
300 30 0.201 14.85 2816.7 3.4791
300 30 0.211 12.7053 2812.41 3.1081
300 30 0.221 10.6465 2808.29 3.3385
300 30 0.231 10.6144 2808.23 3.3591
300 30 0.241 9.4133 2805.83 3.1701
300 30 0.251 8.2329 2803.47 3.303
300 30 0.261 7.6624 2802.32 3.3388
300 30 0.271 6.682 2800.36 3.2677
300 30 0.281 6.2014 2799.4 3.0058
300 30 0.291 5.2598 2797.52 2.6911
300 30 0.301 4.9923 2796.98 2.6743
300 30 0.311 4.3752 2795.75 2.7099
300 30 0.321 3.7976 2794.6 2.5818
300 30 0.331 3.5869 2794.17 2.6591
300 30 0.341 3.2513 2793.5 2.7614
300 30 0.351 2.5593 2792.12 2.6041
300 30 0.361 2.3705 2791.74 2.5506
300 30 0.371 2.2157 2791.43 2.5494
300 30 0.381 2.0326 2791.07 2.4914
300 30 0.391 1.7284 2790.46 2.6013
300 30 0.401 1.5415 2790.08 2.6555
300 30 0.411 1.1877 2789.38 2.3045
300 30 0.421 1.2122 2789.42 2.2961
300 30 0.431 0.9921 2788.98 2.2425
300 30 0.441 0.8557 2788.71 2.2219
300 30 0.451 0.7722 2788.54 2.4001
300 30 0.461 0.8121 2788.62 2.3518
300 30 0.471 0.6237 2788.25 2.33
300 30 0.481 0.5274 2788.05 2.3381
300 30 0.491 0.4622 2787.92 2.2014
300 30 0.501 0.3802 2787.76 2.173
300 30 0.511 0.3818 2787.76 2.1576
300 30 0.521 0.2975 2787.6 2.1478
300 30 0.531 0.287 2787.57 2.1615
300 30 0.541 0.198 2787.4 2.1149
300 30 0.551 0.2005 2787.4 2.1212
300 30 0.561 0.1504 2787.3 2.0889
300 30 0.571 0.1593 2787.32 2.1018
300 30 0.581 0.1362 2787.27 2.1421
300 30 0.591 0.0878 2787.18 2.095
300 30 0.601 0.0604 2787.12 2.1946
300 30 0.611 0.0736 2787.15 2.2942
300 30 0.621 0.065 2787.13 2.2809
300 30 0.631 0.0512 2787.1 2.2878
300 30 0.641 0.0496 2787.1 2.2796
300 30 0.651 0.0323 2787.06 2.1664
300 30 0.661 0.0338 2787.07 2.0544
300 30 0.671 0.0307 2787.06 2.0445
300 30 0.681 0.0232 2787.05 2.1881
300 30 0.691 0.0164 2787.03 2.1149
300 30 0.701 0.0124 2787.02 2.0111
300 30 0.711 0.0131 2787.03 2.0119
300 30 0.721 0.0084 2787.02 2.0084
300 30 0.731 0.0115 2787.02 2.0597
300 30 0.741 0.0086 2787.02 2.118
300 30 0.751 0.0077 2787.02 2.0125
300 30 0.761 0.0053 2787.01 2.0133
300 30 0.771 0.0061 2787.01 2.0065
300 30 0.781 0.0054 2787.01 2.0098
300 30 0.791 0.0006 2787 2.0038
300 30 0.801 0.0008 2787 2.0034
300 30 0.811 0.002 2787 2.2055
300 30 0.821 0.0014 2787 2.2879
300 30 0.831 0.0004 2787 2.0858
300 30 0.841 0.0025 2787 2.0197
300 30 0.851 0.0009 2787 2.0133
300 30 0.861 0.002 2787 2.0108
300 30 0.871 0.0012 2787 2.0112
300 30 0.881 0.0016 2787 2.0091
300 30 0.891 0.0001 2787 2.2491
300 30 0.901 0.0017 2787 2.2634
300 30 0.911 0 2787 2.2571
300 30 0.921 0.0002 2787 2.298
300 30 0.931 0.0001 2787 2.2677
300 30 0.941 0 2787 2.223
300 30 0.951 0.0002 2787 2.0134
300 30 0.961 0 2787 2.0053
300 30 0.971 0.0001 2787 2.0165
300 30 0.981 0.0001 2787 2.0329
300 30 0.991 0 2787 2.022
300 30 1.001 0 2787 2.0315
300 30 1.011 0 2787 2.0337
300 30 1.021 0 2787 2.0992
300 30 1.031 0 2787 2.0114
300 30 1.041 0 2787 2.001
300 30 1.051 0 2787 2.0002
300 30 1.061 0 2787 2.0906
300 30 1.071 0 2787 2.0239
300 30 1.081 0 2787 2.0496
300 30 1.091 0 2787 2.0091
300 30 1.101 0 2787 2.0012
300 30 1.111 0 2787 2.01
300 30 1.121 0 2787 2.0094
300 30 1.131 0 2787 2.0004
300 30 1.141 0 2787 2.0004
300 30 1.151 0 2787 2.0006
300 30 1.161 0 2787 2.0003
300 30 1.171 0 2787 2.0007
300 30 1.181 0 2787 2.001
300 30 1.191 0 2787 2.0007
300 30 1.201 0 2787 2.0005
300 30 1.211 0 2787 2.0009
300 30 1.221 0 2787 2.0004
300 30 1.231 0 2787 2.1275
300 30 1.241 0 2787 2.1089
300 30 1.251 0 2787 2.1654
300 30 1.261 0 2787 2.0132
300 30 1.271 0 2787 2.109
300 30 1.281 0 2787 2.1531
300 30 1.291 0 2787 2.0159
300 30 1.301 0 2787 2.0154
300 30 1.311 0 2787 2.0091
300 30 1.321 0 2787 2.0056
300 30 1.331 0 2787 2.0039
300 30 1.341 0 2787 2.0239
300 30 1.351 0 2787 2.0133
300 30 1.361 0 2787 2.012
300 30 1.371 0 2787 2.18
300 30 1.381 0 2787 2.0195
300 30 1.391 0 2787 2.0994
300 30 1.401 0 2787 2.2489
300 30 1.411 0 2787 2.2831
300 30 1.421 0 2787 2.2691
300 30 1.431 0 2787 2.23
300 30 1.441 0 2787 2.2024
300 30 1.451 0 2787 2.2783
300 30 1.461 0 2787 2.2653
300 30 1.471 0 2787 2.1
300 30 1.481 0 2787 2.028
300 30 1.491 0 2787 2.104
300 30 1.501 0 2787 2.1364
300 30 1.511 0 2787 2.1539
300 30 1.521 0 2787 2.2091
300 30 1.531 0 2787 2.0222
300 30 1.541 0 2787 2.2104
300 30 1.551 0 2787 2.201
300 30 1.561 0 2787 2.2606
300 30 1.571 0 2787 2.2737
300 30 1.581 0 2787 2.1938
300 30 1.591 0 2787 2.1188
300 30 1.601 0 2787 2.0692
300 30 1.611 0 2787 2.2592
300 30 1.621 0 2787 2.3024
300 30 1.631 0 2787 2.0368
300 30 1.641 0 2787 2.0268
300 30 1.651 0 2787 2.0244
300 30 1.661 0 2787 2.0296
300 30 1.671 0 2787 2.0115
300 30 1.681 0 2787 2.0545
300 30 1.691 0 2787 2.2349
300 30 1.701 0 2787 2.0235
300 30 1.711 0 2787 2.0094
300 30 1.721 0 2787 2.0119
300 30 1.731 0 2787 2.008
300 30 1.741 0 2787 2.0093
300 30 1.751 0 2787 2.0094
300 30 1.761 0 2787 2.0123
300 30 1.771 0 2787 2.1135
300 30 1.781 0 2787 2.2406
300 30 1.791 0 2787 2.1355
300 30 1.801 0 2787 2.0178
300 30 1.811 0 2787 2.0147
300 30 1.821 0 2787 2.0158
300 30 1.831 0 2787 2.0193
300 30 1.841 0 2787 2.0113
300 30 1.851 0 2787 2.0126
300 30 1.861 0 2787 2.0138
300 30 1.871 0 2787 2.0158
300 30 1.881 0 2787 2.0157
300 30 1.891 0 2787 2.0177
300 30 1.901 0 2787 2.0126
300 30 1.911 0 2787 2.0148
300 30 1.921 0 2787 2.0109
300 30 1.931 0 2787 2.0058
300 30 1.941 0 2787 2.1319
300 30 1.951 0 2787 2.1254
300 30 1.961 0 2787 2.0177
300 30 1.971 0 2787 2.0114
300 30 1.981 0 2787 1.9966
300 30 1.991 0 2787 1.9753
300 40 0.001 2726.59 30372.1 70.29
300 40 0.011 2723.08 30339.6 70.3619
300 40 0.021 2492.97 28041.2 63.7853
300 40 0.031 2319.65 26310.6 53.5804
300 40 0.041 2158.93 24704.7 54.0138
300 40 0.051 1972.09 22838.4 52.3539
300 40 0.061 1817.41 21295.1 48.5603
300 40 0.071 1721.88 20340.1 46.2523
300 40 0.081 1561.2 18733.7 37.6227
300 40 0.091 1405.32 17175.9 34.2359
300 40 0.101 1294.92 16073.1 30.1443
300 40 0.111 1219.63 15319.6 32.77
300 40 0.121 1107.53 14198.9 30.9463
300 40 0.131 977.943 12901.5 27.8717
300 40 0.141 865.074 11772 24.9673
300 40 0.151 847.478 11595.9 24.5963
300 40 0.161 728.934 10408.9 21.6747
300 40 0.171 647.836 9596.98 19.524
300 40 0.181 603.413 9151.56 18.4024
300 40 0.191 578.733 8905.15 17.8624
300 40 0.201 500.728 8123.19 14.0795
300 40 0.211 428.41 7398.63 12.261
300 40 0.221 397.512 7089.59 11.654
300 40 0.231 374.515 6858.82 12.1765
300 40 0.241 332.652 6439.11 11.4299
300 40 0.251 276.545 5876.47 8.492
300 40 0.261 247.131 5581.07 8.1113
300 40 0.271 242.652 5535.67 7.6801
300 40 0.281 209.001 5198.2 7.5202
300 40 0.291 180.419 4911.55 7.2938
300 40 0.301 147.481 4580.64 6.3379
300 40 0.311 135.802 4463.49 5.8664
300 40 0.321 119.621 4301.16 5.1535
300 40 0.331 109.719 4201.57 5.0974
300 40 0.341 93.045 4034.35 4.8622
300 40 0.351 79.2011 3894.83 4.4637
300 40 0.361 71.2364 3814.73 4.2439
300 40 0.371 67.1856 3774.24 4.0986
300 40 0.381 59.793 3700 3.9489
300 40 0.391 56.5159 3666.78 3.7163
300 40 0.401 41.7594 3518.46 3.4445
300 40 0.411 37.9236 3479.9 3.3406
300 40 0.421 31.3255 3413.57 3.1398
300 40 0.431 33.2485 3432.85 3.1218
300 40 0.441 25.816 3358.25 2.9575
300 40 0.451 20.7861 3307.44 2.7354
300 40 0.461 20.6467 3306 2.7222
300 40 0.471 13.1503 3230.43 2.4737
300 40 0.481 13.6368 3235.5 2.4938
300 40 0.491 13.2349 3231.39 2.4705
300 40 0.501 9.2061 3190.9 2.3473
300 40 0.511 7.7047 3175.68 2.299
300 40 0.521 7.5691 3174.33 2.2966
300 40 0.531 7.15 3170.12 2.2663
300 40 0.541 5.9422 3157.9 2.2352
300 40 0.551 3.9472 3137.84 2.168
300 40 0.561 3.7616 3135.93 2.1412
300 40 0.571 3.9619 3137.95 2.1536
300 40 0.581 3.7573 3135.86 2.1411
300 40 0.591 2.882 3127.08 2.1164
300 40 0.601 2.0929 3119.15 2.0881
300 40 0.611 2.1323 3119.5 2.3263
300 40 0.621 1.4913 3113.05 2.2697
300 40 0.631 1.549 3113.63 2.0599
300 40 0.641 1.0616 3108.72 2.0406
300 40 0.651 0.7478 3105.55 2.0403
300 40 0.661 0.3142 3101.17 2.0219
300 40 0.671 0.3736 3101.77 2.0342
300 40 0.681 0.3924 3101.96 2.061
300 40 0.691 0.4723 3102.77 2.0209
300 40 0.701 0.2471 3100.5 2.0138
300 40 0.711 0.4472 3102.52 2.0234
300 40 0.721 0.1685 3099.7 2.101
300 40 0.731 0.1425 3099.44 2.0291
300 40 0.741 0.1499 3099.52 2.2617
300 40 0.751 0.3017 3101.04 2.2174
300 40 0.761 0.2514 3100.54 2.1915
300 40 0.771 0.1077 3099.09 2.0154
300 40 0.781 0.1224 3099.23 2.0129
300 40 0.791 0.0673 3098.68 2.0123
300 40 0.801 0.0143 3098.14 2.0392
300 40 0.811 0.0181 3098.18 2.3122
300 40 0.821 0.0033 3098.03 2.2178
300 40 0.831 0.0687 3098.69 2.0148
300 40 0.841 0.0543 3098.55 2.0043
300 40 0.851 0.0033 3098.03 2.0062
300 40 0.861 0 3098 2.0065
300 40 0.871 0.0074 3098.07 2.0276
300 40 0.881 0 3098 2.2443
300 40 0.891 0.0033 3098.03 2.2686
300 40 0.901 0 3098 2.209
300 40 0.911 0.0038 3098.04 2.1517
300 40 0.921 0 3098 2.9607
300 40 0.931 0 3098 2.9509
300 40 0.941 0 3098 2.9406
300 40 0.951 0 3098 2.9452
300 40 0.961 0 3098 2.8814
300 40 0.971 0 3098 2.2005
300 40 0.981 0 3098 2.0133
300 40 0.991 0 3098 2.0123
300 40 1.001 0 3098 2.0222
300 40 1.011 0 3098 2.0141
300 40 1.021 0 3098 2.0141
300 40 1.031 0 3098 2.0155
300 40 1.041 0 3098 2.0139
300 40 1.051 0 3098 2.016
300 40 1.061 0 3098 2.0237
300 40 1.071 0 3098 2.0216
300 40 1.081 0 3098 2.037
300 40 1.091 0 3098 2.2875
300 40 1.101 0 3098 2.082
300 40 1.111 0 3098 2.0218
300 40 1.121 0 3098 2.024
300 40 1.131 0 3098 2.0238
300 40 1.141 0 3098 2.0292
300 40 1.151 0 3098 2.0251
300 40 1.161 0 3098 2.0182
300 40 1.171 0 3098 2.0253
300 40 1.181 0 3098 2.0196
300 40 1.191 0 3098 2.029
300 40 1.201 0 3098 2.0273
300 40 1.211 0 3098 2.2654
300 40 1.221 0 3098 2.1367
300 40 1.231 0 3098 2.0132
300 40 1.241 0 3098 2.0037
300 40 1.251 0 3098 2.0077
300 40 1.261 0 3098 2.0062
300 40 1.271 0 3098 2.0073
300 40 1.281 0 3098 2.0049
300 40 1.291 0 3098 2.0047
300 40 1.301 0 3098 2.0139
300 40 1.311 0 3098 2.0111
300 40 1.321 0 3098 2.0127
300 40 1.331 0 3098 2.0121
300 40 1.341 0 3098 2.0094
300 40 1.351 0 3098 2.0092
300 40 1.361 0 3098 2.0093
300 40 1.371 0 3098 2.1817
300 40 1.381 0 3098 2.2832
300 40 1.391 0 3098 2.2295
300 40 1.401 0 3098 2.0045
300 40 1.411 0 3098 2.0041
300 40 1.421 0 3098 2.0178
300 40 1.431 0 3098 2.0072
300 40 1.441 0 3098 2.0099
300 40 1.451 0 3098 2.0057
300 40 1.461 0 3098 2.1461
300 40 1.471 0 3098 2.3
300 40 1.481 0 3098 2.143
300 40 1.491 0 3098 2.0054
300 40 1.501 0 3098 2.1201
300 40 1.511 0 3098 2.1095
300 40 1.521 0 3098 2.27
300 40 1.531 0 3098 2.0903
300 40 1.541 0 3098 2.0062
300 40 1.551 0 3098 2.0028
300 40 1.561 0 3098 2.0082
300 40 1.571 0 3098 2.0165
300 40 1.581 0 3098 2.2842
300 40 1.591 0 3098 2.3128
300 40 1.601 0 3098 2.2517
300 40 1.611 0 3098 2.2562
300 40 1.621 0 3098 2.3012
300 40 1.631 0 3098 2.0046
300 40 1.641 0 3098 2.0022
300 40 1.651 0 3098 2.0066
300 40 1.661 0 3098 2.0076
300 40 1.671 0 3098 2.0052
300 40 1.681 0 3098 2.1344
300 40 1.691 0 3098 2.2782
300 40 1.701 0 3098 2.3038
300 40 1.711 0 3098 2.1517
300 40 1.721 0 3098 2.0057
300 40 1.731 0 3098 2.0024
300 40 1.741 0 3098 2.0175
300 40 1.751 0 3098 2.002
300 40 1.761 0 3098 2.0036
300 40 1.771 0 3098 2.0056
300 40 1.781 0 3098 2.008
300 40 1.791 0 3098 2.1004
300 40 1.801 0 3098 2.1586
300 40 1.811 0 3098 2.0213
300 40 1.821 0 3098 2.0219
300 40 1.831 0 3098 2.0171
300 40 1.841 0 3098 2.0215
300 40 1.851 0 3098 2.0193
300 40 1.861 0 3098 2.1509
300 40 1.871 0 3098 2.0105
300 40 1.881 0 3098 2.0056
300 40 1.891 0 3098 2.0045
300 40 1.901 0 3098 2.007
300 40 1.911 0 3098 2.0016
300 40 1.921 0 3098 2.1216
300 40 1.931 0 3098 2.1689
300 40 1.941 0 3098 2.0704
300 40 1.951 0 3098 2.0084
300 40 1.961 0 3098 2.011
300 40 1.971 0 3098 2.0115
300 40 1.981 0 3098 2.0034
300 40 1.991 0 3098 2.0136
400 10 0.001 95.1515 3657.3 1.2905
400 10 0.011 99.7822 3666.56 1.4877
400 10 0.021 95.0497 3657.1 1.6666
400 10 0.031 95.5459 3658.09 1.8426
400 10 0.041 91.877 3650.75 2.0227
400 10 0.051 87.0087 3641.02 2.1043
400 10 0.061 88.1154 3643.23 2.3652
400 10 0.071 81.8627 3630.73 2.4637
400 10 0.081 81.7245 3630.45 2.6055
400 10 0.091 79.1326 3625.27 2.7685
400 10 0.101 76.0066 3619.01 2.9264
400 10 0.111 75.2771 3617.55 3.1194
400 10 0.121 71.2452 3609.49 3.194
400 10 0.131 72.4998 3612 3.6767
400 10 0.141 70.9472 3608.89 3.7205
400 10 0.151 69.8479 3606.7 3.9023
400 10 0.161 67.6863 3602.37 4.0803
400 10 0.171 64.8847 3596.77 3.9814
400 10 0.181 61.7861 3590.57 4.0032
400 10 0.191 60.7025 3588.41 4.0967
400 10 0.201 57.5078 3582.02 4.4674
400 10 0.211 57.1503 3581.3 4.875
400 10 0.221 53.6407 3574.28 4.8147
400 10 0.231 51.804 3570.61 4.8456
400 10 0.241 49.8718 3566.74 4.9128
400 10 0.251 48.2366 3563.47 4.9961
400 10 0.261 48.8655 3564.73 5.2687
400 10 0.271 44.6159 3556.23 5.1962
400 10 0.281 44.4146 3555.83 5.3597
400 10 0.291 42.3857 3551.77 5.2282
400 10 0.301 40.8258 3548.65 5.442
400 10 0.311 38.7866 3544.57 5.8356
400 10 0.321 38.2867 3543.57 5.8216
400 10 0.331 37.6591 3542.32 5.9886
400 10 0.341 36.1015 3539.2 5.8916
400 10 0.351 34.4688 3535.94 5.7399
400 10 0.361 31.8439 3530.69 5.6515
400 10 0.371 32.2173 3531.43 5.8168
400 10 0.381 30.0322 3527.06 5.5881
400 10 0.391 29.0406 3525.08 5.9244
400 10 0.401 27.8514 3522.7 5.4421
400 10 0.411 26.5498 3520.1 5.1984
400 10 0.421 24.0395 3515.08 4.9648
400 10 0.431 24.1344 3515.27 5.0811
400 10 0.441 24.5093 3516.02 5.2877
400 10 0.451 22.059 3511.12 5.0553
400 10 0.461 20.0011 3507 4.8666
400 10 0.471 20.9951 3508.99 5.1574
400 10 0.481 20.0819 3507.16 5.0504
400 10 0.491 18.4978 3504 4.9531
400 10 0.501 17.4577 3501.92 4.8483
400 10 0.511 16.566 3500.13 4.7146
400 10 0.521 16.272 3499.54 4.7298
400 10 0.531 15.9263 3498.85 5.3929
400 10 0.541 14.6928 3496.39 5.2328
400 10 0.551 13.4867 3493.97 4.739
400 10 0.561 13.2653 3493.53 4.4993
400 10 0.571 12.317 3491.63 4.2875
400 10 0.581 11.5263 3490.05 4.1545
400 10 0.591 10.8531 3488.71 4.0362
400 10 0.601 10.6285 3488.26 4.043
400 10 0.611 9.5127 3486.03 3.8589
400 10 0.621 9.7063 3486.41 3.9528
400 10 0.631 9.3772 3485.75 3.956
400 10 0.641 8.3866 3483.77 3.6928
400 10 0.651 7.2016 3481.4 3.4346
400 10 0.661 7.4717 3481.94 3.5746
400 10 0.671 7.0084 3481.02 3.4723
400 10 0.681 6.7057 3480.41 3.4241
400 10 0.691 6.0379 3479.08 3.2832
400 10 0.701 5.7345 3478.47 3.156
400 10 0.711 5.3665 3477.73 3.1112
400 10 0.721 5.1425 3477.28 3.0491
400 10 0.731 5.0568 3477.11 3.0499
400 10 0.741 4.81 3476.62 2.9577
400 10 0.751 4.0274 3475.05 2.7701
400 10 0.761 3.9202 3474.84 2.7444
400 10 0.771 3.7826 3474.57 2.7343
400 10 0.781 3.4534 3473.91 2.5752
400 10 0.791 3.2465 3473.49 2.527
400 10 0.801 3.0486 3473.1 2.9755
400 10 0.811 2.9075 3472.81 2.9412
400 10 0.821 2.612 3472.22 2.7838
400 10 0.831 2.4015 3471.8 2.2692
400 10 0.841 2.2386 3471.48 2.302
400 10 0.851 2.1008 3471.2 2.6496
400 10 0.861 1.9225 3470.85 2.476
400 10 0.871 2.0088 3471.02 2.6349
400 10 0.881 1.6568 3470.31 2.213
400 10 0.891 1.629 3470.26 2.1456
400 10 0.901 1.6138 3470.23 2.1165
400 10 0.911 1.3786 3469.76 1.9757
400 10 0.921 1.3266 3469.65 1.9436
400 10 0.931 1.1689 3469.34 1.9054
400 10 0.941 1.2042 3469.41 1.9117
400 10 0.951 0.9706 3468.94 1.7639
400 10 0.961 0.9006 3468.8 1.7101
400 10 0.971 0.8821 3468.76 1.7203
400 10 0.981 0.7626 3468.53 1.602
400 10 0.991 0.6646 3468.33 1.5156
400 10 1.001 0.6147 3468.23 1.5085
400 10 1.011 0.5425 3468.09 1.7859
400 10 1.021 0.4365 3467.87 1.5872
400 10 1.031 0.3864 3467.77 1.4048
400 10 1.041 0.4272 3467.85 1.4226
400 10 1.051 0.3294 3467.66 1.3203
400 10 1.061 0.3077 3467.62 1.34
400 10 1.071 0.3049 3467.61 1.3866
400 10 1.081 0.2584 3467.52 1.3094
400 10 1.091 0.2553 3467.51 1.3993
400 10 1.101 0.2331 3467.47 1.3372
400 10 1.111 0.2124 3467.43 1.331
400 10 1.121 0.1703 3467.34 1.3285
400 10 1.131 0.1567 3467.31 1.2961
400 10 1.141 0.1473 3467.29 1.3072
400 10 1.151 0.1495 3467.3 1.3358
400 10 1.161 0.1391 3467.28 1.3175
400 10 1.171 0.1148 3467.23 1.1722
400 10 1.181 0.1201 3467.24 1.1199
400 10 1.191 0.1226 3467.25 1.1397
400 10 1.201 0.0909 3467.18 1.4031
400 10 1.211 0.0798 3467.16 1.4462
400 10 1.221 0.0834 3467.17 1.4837
400 10 1.231 0.0901 3467.18 1.525
400 10 1.241 0.0674 3467.14 1.2474
400 10 1.251 0.0658 3467.13 1.3762
400 10 1.261 0.0607 3467.12 1.3977
400 10 1.271 0.0585 3467.12 1.2422
400 10 1.281 0.0497 3467.1 1.0843
400 10 1.291 0.0437 3467.09 1.0515
400 10 1.301 0.0314 3467.06 1.0383
400 10 1.311 0.0353 3467.07 1.0411
400 10 1.321 0.0306 3467.06 1.0358
400 10 1.331 0.0331 3467.07 1.0496
400 10 1.341 0.0252 3467.05 1.0461
400 10 1.351 0.025 3467.05 1.0486
400 10 1.361 0.0208 3467.04 1.0555
400 10 1.371 0.0253 3467.05 1.0657
400 10 1.381 0.0202 3467.04 1.0665
400 10 1.391 0.0167 3467.03 1.0446
400 10 1.401 0.0202 3467.04 1.2825
400 10 1.411 0.0142 3467.03 1.3849
400 10 1.421 0.0179 3467.04 1.35
400 10 1.431 0.0128 3467.03 1.3831
400 10 1.441 0.0087 3467.02 1.3633
400 10 1.451 0.0168 3467.03 1.0578
400 10 1.461 0.0102 3467.02 1.1385
400 10 1.471 0.0106 3467.02 1.3701
400 10 1.481 0.0102 3467.02 1.3151
400 10 1.491 0.0082 3467.02 1.4142
400 10 1.501 0.0087 3467.02 1.3385
400 10 1.511 0.0076 3467.02 1.3229
400 10 1.521 0.0055 3467.01 1.3429
400 10 1.531 0.0047 3467.01 1.1521
400 10 1.541 0.0044 3467.01 1.0786
400 10 1.551 0.0039 3467.01 1.0702
400 10 1.561 0.0037 3467.01 1.0853
400 10 1.571 0.0038 3467.01 1.0815
400 10 1.581 0.0047 3467.01 1.0859
400 10 1.591 0.0033 3467.01 1.0891
400 10 1.601 0.0028 3467.01 1.086
400 10 1.611 0.0035 3467.01 1.0584
400 10 1.621 0.0023 3467 1.0511
400 10 1.631 0.0024 3467 1.0505
400 10 1.641 0.001 3467 1.0654
400 10 1.651 0.0019 3467 1.0628
400 10 1.661 0.0013 3467 1.2434
400 10 1.671 0.0018 3467 1.1488
400 10 1.681 0.002 3467 1.0193
400 10 1.691 0.002 3467 1.0196
400 10 1.701 0.0013 3467 1.0191
400 10 1.711 0.0012 3467 1.0121
400 10 1.721 0.001 3467 1.0164
400 10 1.731 0.001 3467 1.0162
400 10 1.741 0.0006 3467 1.0148
400 10 1.751 0.0015 3467 1.0147
400 10 1.761 0.0006 3467 1.0137
400 10 1.771 0.0011 3467 1.0104
400 10 1.781 0.0014 3467 1.012
400 10 1.791 0.001 3467 1.0134
400 10 1.801 0.0016 3467 1.0145
400 10 1.811 0.0009 3467 1.0133
400 10 1.821 0.0007 3467 1.0044
400 10 1.831 0.0014 3467 1.013
400 10 1.841 0.0012 3467 1.017
400 10 1.851 0.0007 3467 1.0089
400 10 1.861 0.0003 3467 1.0098
400 10 1.871 0.0004 3467 1.008
400 10 1.881 0.0002 3467 1.0088
400 10 1.891 0.0003 3467 1.0094
400 10 1.901 0.0004 3467 1.0112
400 10 1.911 0.0003 3467 1.007
400 10 1.921 0.0005 3467 1.0144
400 10 1.931 0.0006 3467 1.1454
400 10 1.941 0.0003 3467 1.2028
400 10 1.951 0.0009 3467 1.135
400 10 1.961 0.0007 3467 1.1712
400 10 1.971 0.0004 3467 1.1472
400 10 1.981 0.0003 3467 1.0007
400 10 1.991 0.0001 3467 1.0019
400 20 0.001 92.4414 3711.88 2.5198
400 20 0.011 92.1109 3711.22 2.7348
400 20 0.021 88.2635 3703.53 2.9544
400 20 0.031 84.003 3695.01 3.1657
400 20 0.041 82.3509 3691.7 3.3629
400 20 0.051 76.7073 3680.41 2.8939
400 20 0.061 74.7977 3676.6 3.6766
400 20 0.071 71.9882 3670.98 3.8375
400 20 0.081 70.6671 3668.33 3.3628
400 20 0.091 64.0018 3655 3.417
400 20 0.101 61.9649 3650.93 4.2376
400 20 0.111 56.1489 3639.3 4.3015
400 20 0.121 52.1949 3631.39 4.3223
400 20 0.131 52.8558 3632.71 4.571
400 20 0.141 48.0674 3623.14 3.8943
400 20 0.151 46.0682 3619.14 3.8553
400 20 0.161 41.9473 3610.89 3.9158
400 20 0.171 40.6846 3608.37 3.9479
400 20 0.181 38.7789 3604.56 4.2196
400 20 0.191 36.2694 3599.54 4.1562
400 20 0.201 32.8217 3592.64 4.0893
400 20 0.211 30.9064 3588.81 4.0379
400 20 0.221 29.8668 3586.73 3.9309
400 20 0.231 27.7812 3582.56 3.8618
400 20 0.241 25.5216 3578.04 3.6174
400 20 0.251 24.2792 3575.56 3.8668
400 20 0.261 22.5466 3572.09 3.7842
400 20 0.271 20.7432 3568.49 3.7897
400 20 0.281 19.3795 3565.76 3.8064
400 20 0.291 17.3619 3561.72 3.5127
400 20 0.301 16.7277 3560.46 3.5518
400 20 0.311 15.609 3558.22 3.7897
400 20 0.321 14.204 3555.41 3.5703
400 20 0.331 13.1819 3553.36 3.3987
400 20 0.341 12.0927 3551.19 3.195
400 20 0.351 12.2507 3551.5 3.3129
400 20 0.361 10.5374 3548.07 3.0154
400 20 0.371 8.959 3544.92 2.8562
400 20 0.381 8.6311 3544.26 2.9321
400 20 0.391 8.2458 3543.49 2.8195
400 20 0.401 7.5643 3542.13 2.7618
400 20 0.411 6.6796 3540.36 2.4837
400 20 0.421 6.1434 3539.29 2.4331
400 20 0.431 5.6222 3538.24 2.3927
400 20 0.441 5.4331 3537.87 2.3844
400 20 0.451 4.8202 3536.64 2.6489
400 20 0.461 4.3733 3535.75 2.5909
400 20 0.471 3.9304 3534.86 2.373
400 20 0.481 3.7445 3534.49 2.1254
400 20 0.491 3.1192 3533.24 2.0363
400 20 0.501 2.8509 3532.7 1.9828
400 20 0.511 2.8128 3532.63 1.9686
400 20 0.521 2.6068 3532.21 1.9755
400 20 0.531 2.3945 3531.79 2.2599
400 20 0.541 2.1531 3531.31 2.099
400 20 0.551 1.846 3530.69 2.0153
400 20 0.561 1.5501 3530.1 2.0183
400 20 0.571 1.5158 3530.03 2.1981
400 20 0.581 1.4809 3529.96 2.0656
400 20 0.591 1.195 3529.39 2.074
400 20 0.601 0.9898 3528.98 2.0199
400 20 0.611 1.1122 3529.22 2.2928
400 20 0.621 0.9013 3528.8 2.0309
400 20 0.631 0.9357 3528.87 1.9691
400 20 0.641 0.8039 3528.61 2.1317
400 20 0.651 0.6316 3528.26 1.9055
400 20 0.661 0.5861 3528.17 2.0381
400 20 0.671 0.4816 3527.96 2.2515
400 20 0.681 0.4814 3527.96 2.2201
400 20 0.691 0.467 3527.93 1.6552
400 20 0.701 0.3873 3527.77 1.6344
400 20 0.711 0.307 3527.61 1.6251
400 20 0.721 0.272 3527.54 2.112
400 20 0.731 0.2314 3527.46 1.5837
400 20 0.741 0.2251 3527.45 1.5345
400 20 0.751 0.1926 3527.39 1.5545
400 20 0.761 0.1768 3527.35 2.0158
400 20 0.771 0.1408 3527.28 2.1005
400 20 0.781 0.123 3527.25 2.0961
400 20 0.791 0.1137 3527.23 2.088
400 20 0.801 0.119 3527.24 2.0814
400 20 0.811 0.0984 3527.2 2.0736
400 20 0.821 0.074 3527.15 2.0608
400 20 0.831 0.0843 3527.17 2.0688
400 20 0.841 0.0519 3527.1 2.0465
400 20 0.851 0.0651 3527.13 2.0594
400 20 0.861 0.0397 3527.08 2.0403
400 20 0.871 0.0201 3527.04 2.031
400 20 0.881 0.0431 3527.09 1.6404
400 20 0.891 0.0312 3527.06 1.5468
400 20 0.901 0.0234 3527.05 1.6627
400 20 0.911 0.0178 3527.04 1.7512
400 20 0.921 0.0131 3527.03 1.8543
400 20 0.931 0.0149 3527.03 1.7723
400 20 0.941 0.0118 3527.02 1.6543
400 20 0.951 0.0148 3527.03 1.3703
400 20 0.961 0.0122 3527.02 1.3883
400 20 0.971 0.0055 3527.01 1.4127
400 20 0.981 0.006 3527.01 1.6502
400 20 0.991 0.0064 3527.01 1.9067
400 20 1.001 0.0064 3527.01 1.7579
400 20 1.011 0.0046 3527.01 1.5663
400 20 1.021 0.0027 3527.01 1.5771
400 20 1.031 0.002 3527 1.625
400 20 1.041 0.0037 3527.01 1.5457
400 20 1.051 0.0022 3527 1.5735
400 20 1.061 0.002 3527 1.5524
400 20 1.071 0.0018 3527 1.7535
400 20 1.081 0.001 3527 1.9109
400 20 1.091 0.0003 3527 1.6067
400 20 1.101 0.001 3527 1.7269
400 20 1.111 0.0005 3527 1.5634
400 20 1.121 0.0004 3527 1.5273
400 20 1.131 0.0006 3527 1.5624
400 20 1.141 0.0003 3527 1.5526
400 20 1.151 0.0006 3527 1.3742
400 20 1.161 0 3527 1.2741
400 20 1.171 0.0001 3527 1.3327
400 20 1.181 0.0001 3527 1.4382
400 20 1.191 0.0003 3527 1.3426
400 20 1.201 0.0002 3527 1.3184
400 20 1.211 0.0002 3527 1.3594
400 20 1.221 0 3527 1.4262
400 20 1.231 0.0001 3527 1.5619
400 20 1.241 0 3527 1.5198
400 20 1.251 0.0005 3527 1.7048
400 20 1.261 0.0001 3527 1.9368
400 20 1.271 0.0001 3527 1.9505
400 20 1.281 0 3527 1.9619
400 20 1.291 0 3527 1.8648
400 20 1.301 0 3527 1.5595
400 20 1.311 0.0001 3527 1.5766
400 20 1.321 0.0001 3527 1.6704
400 20 1.331 0 3527 1.9792
400 20 1.341 0 3527 2.0208
400 20 1.351 0 3527 2.0089
400 20 1.361 0 3527 2.0073
400 20 1.371 0 3527 2.0152
400 20 1.381 0 3527 2.02
400 20 1.391 0 3527 2.01
400 20 1.401 0.0001 3527 2.0102
400 20 1.411 0 3527 2.0082
400 20 1.421 0.0001 3527 2.0242
400 20 1.431 0 3527 1.8786
400 20 1.441 0 3527 2.0181
400 20 1.451 0 3527 2.0191
400 20 1.461 0 3527 2.0149
400 20 1.471 0 3527 1.915
400 20 1.481 0 3527 1.6046
400 20 1.491 0 3527 1.817
400 20 1.501 0 3527 1.8022
400 20 1.511 0 3527 1.9593
400 20 1.521 0 3527 2.0136
400 20 1.531 0 3527 1.9977
400 20 1.541 0 3527 1.8291
400 20 1.551 0 3527 1.8253
400 20 1.561 0 3527 1.2866
400 20 1.571 0 3527 1.8961
400 20 1.581 0 3527 1.7411
400 20 1.591 0 3527 1.5247
400 20 1.601 0 3527 1.3964
400 20 1.611 0 3527 1.3405
400 20 1.621 0 3527 1.5539
400 20 1.631 0 3527 1.5051
400 20 1.641 0 3527 1.4825
400 20 1.651 0 3527 1.5182
400 20 1.661 0 3527 1.2825
400 20 1.671 0 3527 1.5116
400 20 1.681 0 3527 1.4806
400 20 1.691 0 3527 1.2848
400 20 1.701 0 3527 1.2347
400 20 1.711 0 3527 1.2114
400 20 1.721 0 3527 1.5701
400 20 1.731 0 3527 1.3021
400 20 1.741 0 3527 1.2047
400 20 1.751 0 3527 1.2265
400 20 1.761 0 3527 1.5767
400 20 1.771 0 3527 1.5951
400 20 1.781 0 3527 1.5452
400 20 1.791 0 3527 1.5145
400 20 1.801 0 3527 1.4804
400 20 1.811 0 3527 1.5846
400 20 1.821 0 3527 1.7748
400 20 1.831 0 3527 1.7947
400 20 1.841 0 3527 1.8144
400 20 1.851 0 3527 1.9064
400 20 1.861 0 3527 1.8719
400 20 1.871 0 3527 1.8926
400 20 1.881 0 3527 1.8847
400 20 1.891 0 3527 1.9106
400 20 1.901 0 3527 1.7398
400 20 1.911 0 3527 1.1587
400 20 1.921 0 3527 1.1926
400 20 1.931 0 3527 1.1956
400 20 1.941 0 3527 1.2214
400 20 1.951 0 3527 1.3752
400 20 1.961 0 3527 1.0455
400 20 1.971 0 3527 1.1484
400 20 1.981 0 3527 1.1843
400 20 1.991 0 3527 1.1556
400 30 0.001 94.4295 3775.86 2.3029
400 30 0.011 89.1949 3765.39 2.425
400 30 0.021 83.716 3754.43 2.5629
400 30 0.031 79.7175 3746.44 2.7078
400 30 0.041 75.4009 3737.8 2.8652
400 30 0.051 69.9363 3726.87 2.9358
400 30 0.061 62.7392 3712.48 3.0012
400 30 0.071 59.3062 3705.61 3.1411
400 30 0.081 55.8429 3698.69 3.2423
400 30 0.091 50.2187 3687.44 3.2833
400 30 0.101 45.9594 3678.92 3.3579
400 30 0.111 42.8765 3672.75 3.367
400 30 0.121 39.6588 3666.32 3.4404
400 30 0.131 36.3177 3659.64 3.4454
400 30 0.141 34.8075 3656.62 3.4831
400 30 0.151 30.0792 3647.16 3.4527
400 30 0.161 28.682 3644.36 3.464
400 30 0.171 26.4089 3639.82 3.4923
400 30 0.181 22.8029 3632.61 3.4367
400 30 0.191 21.804 3630.61 3.4133
400 30 0.201 19.3967 3625.79 3.3709
400 30 0.211 18.2155 3623.43 3.3926
400 30 0.221 15.7634 3618.53 3.2965
400 30 0.231 14.7789 3616.56 3.2454
400 30 0.241 13.2426 3613.49 3.1579
400 30 0.251 11.943 3610.89 3.1418
400 30 0.261 10.1454 3607.29 3.0561
400 30 0.271 10.0658 3607.13 3.0993
400 30 0.281 7.7721 3602.54 2.9283
400 30 0.291 7.4332 3601.87 2.9242
400 30 0.301 6.7537 3600.51 2.9203
400 30 0.311 5.7351 3598.47 2.904
400 30 0.321 5.6154 3598.23 2.823
400 30 0.331 5.2928 3597.59 2.7553
400 30 0.341 3.9469 3594.89 2.706
400 30 0.351 4.1312 3595.26 2.7081
400 30 0.361 3.1251 3593.25 2.5699
400 30 0.371 3.0162 3593.03 2.5586
400 30 0.381 2.674 3592.35 2.5427
400 30 0.391 2.3633 3591.73 2.4764
400 30 0.401 2.2291 3591.46 2.7255
400 30 0.411 2.0537 3591.11 2.7646
400 30 0.421 1.6509 3590.3 2.6929
400 30 0.431 1.3619 3589.72 2.6413
400 30 0.441 1.274 3589.55 2.5913
400 30 0.451 0.9586 3588.92 2.5433
400 30 0.461 0.978 3588.96 2.4084
400 30 0.471 0.8566 3588.71 2.3115
400 30 0.481 0.638 3588.28 2.2503
400 30 0.491 0.5517 3588.1 2.2288
400 30 0.501 0.4226 3587.85 2.2273
400 30 0.511 0.4644 3587.93 2.3074
400 30 0.521 0.3761 3587.75 2.3111
400 30 0.531 0.4042 3587.81 2.3916
400 30 0.541 0.2523 3587.5 2.2706
400 30 0.551 0.2696 3587.54 2.1399
400 30 0.561 0.2175 3587.44 2.2517
400 30 0.571 0.1988 3587.4 2.2829
400 30 0.581 0.2028 3587.41 2.1332
400 30 0.591 0.1377 3587.28 2.1229
400 30 0.601 0.1453 3587.29 2.1114
400 30 0.611 0.1142 3587.23 2.0822
400 30 0.621 0.089 3587.18 2.0571
400 30 0.631 0.0838 3587.17 2.0575
400 30 0.641 0.0522 3587.1 2.0364
400 30 0.651 0.0699 3587.14 2.0468
400 30 0.661 0.0454 3587.09 2.0298
400 30 0.671 0.0352 3587.07 2.0253
400 30 0.681 0.0281 3587.06 2.0238
400 30 0.691 0.0247 3587.05 2.0237
400 30 0.701 0.0258 3587.05 2.0835
400 30 0.711 0.0149 3587.03 2.2478
400 30 0.721 0.0173 3587.03 2.2277
400 30 0.731 0.0168 3587.03 2.2347
400 30 0.741 0.0154 3587.03 2.2259
400 30 0.751 0.0106 3587.02 2.1388
400 30 0.761 0.0044 3587.01 2.0071
400 30 0.771 0.0064 3587.01 2.0152
400 30 0.781 0.0103 3587.02 2.0134
400 30 0.791 0.0041 3587.01 2.0188
400 30 0.801 0.0052 3587.01 2.0171
400 30 0.811 0.0022 3587 2.0111
400 30 0.821 0.0009 3587 2.0105
400 30 0.831 0.0017 3587 2.0946
400 30 0.841 0.0014 3587 2.044
400 30 0.851 0.0009 3587 2.0313
400 30 0.861 0.0007 3587 2.0461
400 30 0.871 0.0005 3587 2.1049
400 30 0.881 0.0014 3587 2.1331
400 30 0.891 0.0006 3587 2.0355
400 30 0.901 0.0002 3587 2.1306
400 30 0.911 0.0002 3587 2.2217
400 30 0.921 0.0003 3587 2.2525
400 30 0.931 0.0002 3587 2.1152
400 30 0.941 0.0003 3587 2.2357
400 30 0.951 0 3587 2.3052
400 30 0.961 0.0001 3587 2.2566
400 30 0.971 0 3587 2.2466
400 30 0.981 0.0001 3587 2.006
400 30 0.991 0 3587 2.0035
400 30 1.001 0.0001 3587 2.0041
400 30 1.011 0 3587 2.0053
400 30 1.021 0 3587 2.1005
400 30 1.031 0 3587 2.2682
400 30 1.041 0 3587 2.2248
400 30 1.051 0 3587 2.1124
400 30 1.061 0 3587 2.008
400 30 1.071 0 3587 2.03
400 30 1.081 0 3587 2.0296
400 30 1.091 0 3587 2.0769
400 30 1.101 0 3587 2.1544
400 30 1.111 0 3587 2.0194
400 30 1.121 0 3587 2.0235
400 30 1.131 0 3587 2.0223
400 30 1.141 0 3587 2.139
400 30 1.151 0 3587 2.1499
400 30 1.161 0 3587 2.0103
400 30 1.171 0 3587 2.0064
400 30 1.181 0 3587 2.0124
400 30 1.191 0 3587 2.1038
400 30 1.201 0 3587 2.1471
400 30 1.211 0 3587 2.2576
400 30 1.221 0 3587 2.3134
400 30 1.231 0 3587 2.1135
400 30 1.241 0 3587 2.02
400 30 1.251 0 3587 2.0349
400 30 1.261 0 3587 2.2164
400 30 1.271 0 3587 2.3246
400 30 1.281 0 3587 2.2055
400 30 1.291 0 3587 2.2673
400 30 1.301 0 3587 2.0301
400 30 1.311 0 3587 2.0071
400 30 1.321 0 3587 2.005
400 30 1.331 0 3587 2.0076
400 30 1.341 0 3587 2.0103
400 30 1.351 0 3587 2.0087
400 30 1.361 0 3587 2.0073
400 30 1.371 0 3587 2.009
400 30 1.381 0 3587 2.0098
400 30 1.391 0 3587 2.0092
400 30 1.401 0 3587 2.008
400 30 1.411 0 3587 2.0076
400 30 1.421 0 3587 2.0068
400 30 1.431 0 3587 2.005
400 30 1.441 0 3587 2.0684
400 30 1.451 0 3587 2.2713
400 30 1.461 0 3587 2.0722
400 30 1.471 0 3587 2.0016
400 30 1.481 0 3587 2.0044
400 30 1.491 0 3587 2.0027
400 30 1.501 0 3587 2.0046
400 30 1.511 0 3587 2.0044
400 30 1.521 0 3587 2.0063
400 30 1.531 0 3587 2.0022
400 30 1.541 0 3587 2.0032
400 30 1.551 0 3587 2.0028
400 30 1.561 0 3587 2.0055
400 30 1.571 0 3587 2.1406
400 30 1.581 0 3587 2.1622
400 30 1.591 0 3587 2.2042
400 30 1.601 0 3587 2.0531
400 30 1.611 0 3587 2.0193
400 30 1.621 0 3587 2.0145
400 30 1.631 0 3587 2.0181
400 30 1.641 0 3587 2.0183
400 30 1.651 0 3587 2.0171
400 30 1.661 0 3587 2.1687
400 30 1.671 0 3587 2.0074
400 30 1.681 0 3587 2.1031
400 30 1.691 0 3587 2.1959
400 30 1.701 0 3587 2.0275
400 30 1.711 0 3587 2.0246
400 30 1.721 0 3587 2.1432
400 30 1.731 0 3587 2.0206
400 30 1.741 0 3587 2.0139
400 30 1.751 0 3587 2.0137
400 30 1.761 0 3587 2.0148
400 30 1.771 0 3587 2.0104
400 30 1.781 0 3587 2.0267
400 30 1.791 0 3587 2.0263
400 30 1.801 0 3587 2.0373
400 30 1.811 0 3587 2.0414
400 30 1.821 0 3587 2.0458
400 30 1.831 0 3587 2.0487
400 30 1.841 0 3587 2.2261
400 30 1.851 0 3587 2.1868
400 30 1.861 0 3587 2.1677
400 30 1.871 0 3587 2.1857
400 30 1.881 0 3587 2.0273
400 30 1.891 0 3587 2.0328
400 30 1.901 0 3587 2.0189
400 30 1.911 0 3587 2.0246
400 30 1.921 0 3587 2.0232
400 30 1.931 0 3587 2.0157
400 30 1.941 0 3587 2.0302
400 30 1.951 0 3587 2.0232
400 30 1.961 0 3587 2.018
400 30 1.971 0 3587 2.0192
400 30 1.981 0 3587 2.0139
400 30 1.991 0 3587 1.9999
400 40 0.001 3764.75 41653.6 95.4865
400 40 0.011 3727.94 41290.7 94.9044
400 40 0.021 3351.49 37529 85.944
400 40 0.031 3151.4 35532.9 81.2122
400 40 0.041 2991.22 33933.9 75.8293
400 40 0.051 2714.29 31167.7 60.4246
400 40 0.061 2546.07 29487 63.4071
400 40 0.071 2330.03 27329.6 61.3971
400 40 0.081 2171.38 25742.9 57.5409
400 40 0.091 1968.05 23711.3 52.5394
400 40 0.101 1894.1 22973.4 50.8913
400 40 0.111 1604.7 20077.2 43.6142
400 40 0.121 1489.71 18928.3 40.7575
400 40 0.131 1386.96 17901.4 38.2762
400 40 0.141 1269.27 16723.1 32.1275
400 40 0.151 1107.6 15104.1 27.5323
400 40 0.161 958.035 13605.2 23.9993
400 40 0.171 924.074 13267.1 26.8756
400 40 0.181 807.405 12098.2 23.915
400 40 0.191 804.345 12069.2 22.5884
400 40 0.201 696.476 10988.4 19.2808
400 40 0.211 603.643 10058 16.1723
400 40 0.221 560.412 9624.38 15.5137
400 40 0.231 476.42 8780.94 14.3194
400 40 0.241 477.19 8789.7 15.5057
400 40 0.251 383.458 7849.6 11.6603
400 40 0.261 348.759 7501.43 10.2298
400 40 0.271 311.007 7122.31 9.2615
400 40 0.281 275.373 6764.94 8.2425
400 40 0.291 242.119 6431.91 7.6181
400 40 0.301 215.312 6163.12 7.1374
400 40 0.311 194.071 5948.78 6.6085
400 40 0.321 177.019 5778.29 6.2878
400 40 0.331 152.62 5533.42 6.0242
400 40 0.341 125.473 5260.23 5.4009
400 40 0.351 117.345 5178.46 5.3573
400 40 0.361 102.512 5029.79 4.9751
400 40 0.371 92.4584 4928.22 4.6729
400 40 0.381 76.6951 4770.07 4.3974
400 40 0.391 70.4957 4707.63 4.2654
400 40 0.401 64.9274 4651.6 4.0971
400 40 0.411 53.329 4534.91 3.7458
400 40 0.421 46.8985 4470.17 3.551
400 40 0.431 41.4926 4415.82 3.3814
400 40 0.441 37.5363 4376.22 3.2428
400 40 0.451 31.4706 4315.09 3.0779
400 40 0.461 24.9001 4248.93 2.8535
400 40 0.471 25.4431 4254.38 2.8467
400 40 0.481 17.8137 4177.61 2.6363
400 40 0.491 20.0693 4200.29 2.7004
400 40 0.501 11.4269 4113.17 2.438
400 40 0.511 10.7515 4106.41 2.3901
400 40 0.521 10.9644 4108.61 2.3785
400 40 0.531 8.195 4080.71 2.3139
400 40 0.541 8.0325 4078.97 2.3562
400 40 0.551 6.7308 4065.9 2.3249
400 40 0.561 5.5877 4054.34 2.2223
400 40 0.571 5.1475 4049.95 2.1997
400 40 0.581 4.0222 4038.6 2.2034
400 40 0.591 2.4807 4023.04 2.3251
400 40 0.601 3.302 4031.32 2.3385
400 40 0.611 2.9611 4027.84 2.3473
400 40 0.621 2.3576 4021.78 2.1735
400 40 0.631 1.7951 4016.12 2.2066
400 40 0.641 1.7814 4015.98 2.3034
400 40 0.651 1.1259 4009.37 2.181
400 40 0.661 1.3263 4011.41 2.2495
400 40 0.671 0.8045 4006.11 2.047
400 40 0.681 0.5627 4003.69 2.0376
400 40 0.691 0.7426 4005.49 2.0595
400 40 0.701 0.5807 4003.86 2.2742
400 40 0.711 0.3185 4001.22 2.2936
400 40 0.721 0.2573 4000.59 2.1618
400 40 0.731 0.2238 4000.26 2.0407
400 40 0.741 0.2072 4000.09 2.024
400 40 0.751 0.094 3998.95 2.0125
400 40 0.761 0.2282 4000.3 2.0195
400 40 0.771 0.1252 3999.27 2.0162
400 40 0.781 0.0493 3998.5 2.0145
400 40 0.791 0.1381 3999.4 2.0162
400 40 0.801 0.0486 3998.49 2.0103
400 40 0.811 0.0283 3998.29 2.0099
400 40 0.821 0.0378 3998.38 2.0091
400 40 0.831 0.0106 3998.11 2.0072
400 40 0.841 0.0071 3998.07 2.0096
400 40 0.851 0.0661 3998.67 2.0107
400 40 0.861 0.0467 3998.47 2.0152
400 40 0.871 0.0074 3998.07 2.0142
400 40 0.881 0.0066 3998.07 2.0139
400 40 0.891 0.0069 3998.07 2.0636
400 40 0.901 0 3998 2.0542
400 40 0.911 0.0068 3998.07 2.1356
400 40 0.921 0.0034 3998.03 2.262
400 40 0.931 0 3998 2.2373
400 40 0.941 0 3998 2.26
400 40 0.951 0 3998 2.2618
400 40 0.961 0 3998 2.0815
400 40 0.971 0 3998 2.0207
400 40 0.981 0 3998 2.1282
400 40 0.991 0.0456 3998.46 2.1558
400 40 1.001 0 3998 2.0332
400 40 1.011 0 3998 2.0301
400 40 1.021 0 3998 2.0039
400 40 1.031 0 3998 2.0078
400 40 1.041 0 3998 2.0065
400 40 1.051 0 3998 2.0056
400 40 1.061 0 3998 2.0057
400 40 1.071 0 3998 2.0016
400 40 1.081 0 3998 2.1314
400 40 1.091 0 3998 2.2101
400 40 1.101 0 3998 2.0488
400 40 1.111 0 3998 2.035
400 40 1.121 0 3998 2.0381
400 40 1.131 0 3998 2.0279
400 40 1.141 0 3998 2.1816
400 40 1.151 0 3998 2.0541
400 40 1.161 0 3998 2.0249
400 40 1.171 0 3998 2.2559
400 40 1.181 0 3998 2.3951
400 40 1.191 0 3998 2.5527
400 40 1.201 0 3998 2.5218
400 40 1.211 0 3998 2.5679
400 40 1.221 0 3998 2.5669
400 40 1.231 0 3998 2.5395
400 40 1.241 0 3998 2.5394
400 40 1.251 0 3998 2.4526
400 40 1.261 0 3998 2.007
400 40 1.271 0 3998 2.1541
400 40 1.281 0 3998 2.3002
400 40 1.291 0 3998 2.3303
400 40 1.301 0 3998 2.3056
400 40 1.311 0 3998 2.2962
400 40 1.321 0 3998 2.3252
400 40 1.331 0 3998 2.0231
400 40 1.341 0 3998 2.0287
400 40 1.351 0 3998 2.0304
400 40 1.361 0 3998 2.0414
400 40 1.371 0 3998 2.039
400 40 1.381 0 3998 2.0182
400 40 1.391 0 3998 2.0045
400 40 1.401 0 3998 2.0037
400 40 1.411 0 3998 2.0035
400 40 1.421 0 3998 2.0023
400 40 1.431 0 3998 2.0036
400 40 1.441 0 3998 2.0277
400 40 1.451 0 3998 2.2276
400 40 1.461 0 3998 2.064
400 40 1.471 0 3998 2.0071
400 40 1.481 0 3998 2.0106
400 40 1.491 0 3998 2.0097
400 40 1.501 0 3998 2.0403
400 40 1.511 0 3998 2.1219
400 40 1.521 0 3998 2.1953
400 40 1.531 0 3998 2.1512
400 40 1.541 0 3998 2.0587
400 40 1.551 0 3998 2.1004
400 40 1.561 0 3998 2.0521
400 40 1.571 0 3998 2.1867
400 40 1.581 0 3998 2.1722
400 40 1.591 0 3998 2.0584
400 40 1.601 0 3998 2.1688
400 40 1.611 0 3998 2.1702
400 40 1.621 0 3998 1.9978
400 40 1.631 0 3998 2.1275
400 40 1.641 0 3998 2.1356
400 40 1.651 0 3998 2.1051
400 40 1.661 0 3998 2.1321
400 40 1.671 0 3998 2.1176
400 40 1.681 0 3998 2.0897
400 40 1.691 0 3998 2.0913
400 40 1.701 0 3998 2.097
400 40 1.711 0 3998 2.0917
400 40 1.721 0 3998 2.1005
400 40 1.731 0 3998 2.0883
400 40 1.741 0 3998 2.1074
400 40 1.751 0 3998 2.0584
400 40 1.761 0 3998 2.0406
400 40 1.771 0 3998 2.0388
400 40 1.781 0 3998 2.0165
400 40 1.791 0 3998 2.027
400 40 1.801 0 3998 2.0186
400 40 1.811 0 3998 2.0501
400 40 1.821 0 3998 2.0483
400 40 1.831 0 3998 2.0277
400 40 1.841 0 3998 2.0295
400 40 1.851 0 3998 2.0199
400 40 1.861 0 3998 2.0169
400 40 1.871 0 3998 2.0301
400 40 1.881 0 3998 2.0191
400 40 1.891 0 3998 2.0248
400 40 1.901 0 3998 2.0286
400 40 1.911 0 3998 2.0322
400 40 1.921 0 3998 2.0029
400 40 1.931 0 3998 2.0226
400 40 1.941 0 3998 2.0241
400 40 1.951 0 3998 2.0089
400 40 1.961 0 3998 2.008
400 40 1.971 0 3998 2.0143
400 40 1.981 0 3998 2.0136
400 40 1.991 0 3998 1.9931
