200 10 0.001 2.4391 5958.28 2.1732
200 10 0.011 2.4631 6001.2 1.7672
200 10 0.021 2.4817 6005.34 1.9869
200 10 0.031 2.4095 5834.62 2.0688
200 10 0.041 2.4618 5903.69 2.289
200 10 0.051 2.3263 5649.39 2.4503
200 10 0.061 2.4324 5766.02 2.6935
200 10 0.071 2.3439 5608.77 3.0508
200 10 0.081 2.2449 5385.62 2.9192
200 10 0.091 2.2503 5399.44 3.1778
200 10 0.101 2.2639 5330.19 4.0509
200 10 0.111 2.238 5270.81 5.3788
200 10 0.121 2.1559 5153.85 5.6583
200 10 0.131 2.1364 5055.49 4.5432
200 10 0.141 2.1112 4949.87 4.6332
200 10 0.151 2.028 4759.6 4.7216
200 10 0.161 2.0283 4702.46 5.0333
200 10 0.171 2.0219 4732.48 5.2638
200 10 0.181 1.9813 4642.42 5.4631
200 10 0.191 1.8783 4398.65 7.5789
200 10 0.201 1.9041 4372.35 6.649
200 10 0.211 1.919 4410.69 6.1539
200 10 0.221 1.8244 4200.89 6.3519
200 10 0.231 1.8344 4172.33 6.8066
200 10 0.241 1.8057 4128.68 6.8204
200 10 0.251 1.8097 4081.09 7.1866
200 10 0.261 1.6996 3955.43 7.27
200 10 0.271 1.7373 3962.41 7.5555
200 10 0.281 1.6695 3796.38 8.7779
200 10 0.291 1.6509 3762.06 8.6577
200 10 0.301 1.6429 3668.4 8.8915
200 10 0.311 1.5728 3547.03 9.0205
200 10 0.321 1.5721 3576.87 10.1931
200 10 0.331 1.5245 3438.34 9.6619
200 10 0.341 1.4856 3382.41 9.8764
200 10 0.351 1.5122 3342.87 10.8052
200 10 0.361 1.4352 3231.04 11.7055
200 10 0.371 1.4769 3249.69 12.2562
200 10 0.381 1.4678 3195.9 11.5329
200 10 0.391 1.4036 3103.3 11.5183
200 10 0.401 1.3573 2989.88 11.5769
200 10 0.411 1.2854 2922.21 11.5913
200 10 0.421 1.256 2843.66 11.8264
200 10 0.431 1.2551 2822.87 13.0612
200 10 0.441 1.2794 2850.9 14.275
200 10 0.451 1.1657 2693.5 12.9139
200 10 0.461 1.2854 2756.7 13.794
200 10 0.471 1.1778 2636.53 13.6109
200 10 0.481 1.1595 2594.95 13.6258
200 10 0.491 1.1258 2547.3 14.1751
200 10 0.501 1.1871 2595.56 14.2828
200 10 0.511 1.0899 2462.32 14.6502
200 10 0.521 1.0885 2432.45 15.1104
200 10 0.531 1.0587 2407.71 15.0795
200 10 0.541 1.0465 2358.46 15.3832
200 10 0.551 1.0335 2347.27 15.3031
200 10 0.561 1.0155 2310.35 15.8272
200 10 0.571 1.0155 2292.57 16.0996
200 10 0.581 0.991 2254.69 16.3314
200 10 0.591 0.99 2249.9 16.8463
200 10 0.601 0.9645 2206.8 17.1283
200 10 0.611 0.9274 2127.3 17.4288
200 10 0.621 0.8902 2090.21 17.6744
200 10 0.631 0.9296 2095.2 17.7376
200 10 0.641 0.8633 2049.91 17.0063
200 10 0.651 0.8234 1988.09 17.0261
200 10 0.661 0.8647 2008.33 17.3792
200 10 0.671 0.7868 1942.63 17.5439
200 10 0.681 0.8105 1952.06 18.1182
200 10 0.691 0.8095 1942.87 18.533
200 10 0.701 0.7897 1901.15 18.2316
200 10 0.711 0.7531 1876.29 18.679
200 10 0.721 0.771 1869.07 18.5298
200 10 0.731 0.7337 1856.81 18.2
200 10 0.741 0.7651 1844.07 18.2889
200 10 0.751 0.7106 1805.36 18.3048
200 10 0.761 0.7026 1775.48 18.502
200 10 0.771 0.7114 1785.41 19.4727
200 10 0.781 0.7027 1777.31 19.0173
200 10 0.791 0.6648 1740.17 19.052
200 10 0.801 0.6665 1741.99 19.0906
200 10 0.811 0.6488 1719.87 19.2314
200 10 0.821 0.6151 1679.36 19.1605
200 10 0.831 0.663 1700.86 19.7209
200 10 0.841 0.6455 1689.25 19.9993
200 10 0.851 0.6226 1692.25 20.1797
200 10 0.861 0.5766 1639.24 19.7896
200 10 0.871 0.5985 1648.11 21.5195
200 10 0.881 0.5936 1635.56 22.7354
200 10 0.891 0.602 1627.85 21.5432
200 10 0.901 0.5618 1607.33 21.0996
200 10 0.911 0.5797 1613.79 21.5178
200 10 0.921 0.5542 1604.31 21.5272
200 10 0.931 0.5584 1598.01 22.9493
200 10 0.941 0.5308 1575.54 22.6011
200 10 0.951 0.532 1576.62 22.8162
200 10 0.961 0.5227 1567.18 20.9793
200 10 0.971 0.5056 1550.43 20.9319
200 10 0.981 0.5108 1560.53 21.9944
200 10 0.991 0.491 1544.72 23.5501
200 10 1.001 0.4961 1538.11 22.014
200 10 1.011 0.4952 1537.96 22.6602
200 10 1.021 0.4812 1533.89 24.5573
200 10 1.031 0.4852 1532.81 24.293
200 10 1.041 0.461 1528.2 24.5527
200 10 1.051 0.4507 1512.34 22.9421
200 10 1.061 0.4577 1511.41 22.2609
200 10 1.071 0.463 1524.95 22.4755
200 10 1.081 0.4534 1510.86 22.3235
200 10 1.091 0.4561 1511.89 22.9911
200 10 1.101 0.4364 1505.42 22.6498
200 10 1.111 0.4327 1497.46 22.5938
200 10 1.121 0.4228 1501.49 22.6263
200 10 1.131 0.4233 1500.05 22.8318
200 10 1.141 0.4229 1492.38 22.8785
200 10 1.151 0.4198 1494.48 22.8511
200 10 1.161 0.4081 1497.77 23.0655
200 10 1.171 0.4156 1501.07 22.7772
200 10 1.181 0.4158 1493.24 23.6914
200 10 1.191 0.4153 1496.11 25.0582
200 10 1.201 0.4027 1494.56 25.5436
200 10 1.211 0.4027 1493.14 25.4539
200 10 1.221 0.3945 1490.57 24.6193
200 10 1.231 0.3771 1491.89 25.3978
200 10 1.241 0.3919 1495.8 24.5357
200 10 1.251 0.3906 1491.96 24.3689
200 10 1.261 0.3902 1488.36 24.3954
200 10 1.271 0.3845 1493.99 24.5495
200 10 1.281 0.3749 1494.56 24.4896
200 10 1.291 0.3722 1486.65 24.5199
200 10 1.301 0.3765 1492.08 24.548
200 10 1.311 0.3896 1495.34 24.6354
200 10 1.321 0.3731 1490.85 24.5936
200 10 1.331 0.3666 1486.36 24.7666
200 10 1.341 0.3707 1495.81 26.8247
200 10 1.351 0.373 1486.22 25.6733
200 10 1.361 0.3765 1494.86 25.2581
200 10 1.371 0.3675 1490.89 25.2401
200 10 1.381 0.3705 1491.93 25.1298
200 10 1.391 0.3625 1495.69 25.291
200 10 1.401 0.3683 1489.31 25.1014
200 10 1.411 0.361 1494.3 25.1345
200 10 1.421 0.3625 1494.33 25.3669
200 10 1.431 0.3652 1492.73 25.1093
200 10 1.441 0.3479 1493.72 26.819
200 10 1.451 0.3573 1493.81 26.6384
200 10 1.461 0.3664 1498.11 24.5217
200 10 1.471 0.3492 1502.4 24.5569
200 10 1.481 0.3544 1499.29 27.2882
200 10 1.491 0.3426 1496.69 24.9871
200 10 1.501 0.3531 1500.07 25.0955
200 10 1.511 0.3537 1501.89 25.5897
200 10 1.521 0.356 1499.15 25.9478
200 10 1.531 0.3517 1503.79 24.8685
200 10 1.541 0.3511 1501.94 24.8398
200 10 1.551 0.3363 1504.92 24.9665
200 10 1.561 0.3462 1502.64 24.7137
200 10 1.571 0.3455 1509.54 24.8984
200 10 1.581 0.3421 1504.08 24.5879
200 10 1.591 0.3577 1510.44 24.4989
200 10 1.601 0.3423 1509.24 24.2456
200 10 1.611 0.352 1517.21 25.1066
200 10 1.621 0.3399 1514.81 24.2126
200 10 1.631 0.3391 1516.46 24.1624
200 10 1.641 0.3471 1514.26 24.105
200 10 1.651 0.3361 1518.25 24.2559
200 10 1.661 0.3418 1522.68 24.2168
200 10 1.671 0.3384 1521.64 24.0993
200 10 1.681 0.3353 1522.73 23.9109
200 10 1.691 0.3472 1525.79 24.1497
200 10 1.701 0.3449 1526.18 24.0999
200 10 1.711 0.3477 1526.84 23.9692
200 10 1.721 0.3459 1529.79 24.0141
200 10 1.731 0.3399 1533.17 24.0718
200 10 1.741 0.3422 1533.17 23.854
200 10 1.751 0.3363 1536.49 23.8514
200 10 1.761 0.3468 1538.22 26.4047
200 10 1.771 0.3376 1537.37 26.6298
200 10 1.781 0.3416 1542.74 25.895
200 10 1.791 0.339 1540.89 26.4797
200 10 1.801 0.3281 1544.54 26.1469
200 10 1.811 0.3417 1547.96 26.3425
200 10 1.821 0.3402 1547.65 26.1307
200 10 1.831 0.3326 1552.15 23.5089
200 10 1.841 0.3296 1553.51 23.1117
200 10 1.851 0.3323 1558.05 23.396
200 10 1.861 0.3416 1558.75 23.4296
200 10 1.871 0.3378 1561.52 23.3995
200 10 1.881 0.3357 1563.69 23.3906
200 10 1.891 0.3504 1564.79 23.4499
200 10 1.901 0.3335 1567.34 23.2781
200 10 1.911 0.3289 1571.23 23.3316
200 10 1.921 0.3348 1571.11 23.3036
200 10 1.931 0.3151 1574.06 23.3123
200 10 1.941 0.3413 1578.44 23.3855
200 10 1.951 0.3348 1579.37 23.3217
200 10 1.961 0.3173 1583.82 23.1729
200 10 1.971 0.333 1586.08 22.6541
200 10 1.981 0.3353 1587.94 22.2393
200 10 1.991 0.341 1589 22.273
200 20 0.001 4.9801 10598 4.8436
200 20 0.011 4.8232 10215.6 5.1896
200 20 0.021 4.783 9986.13 5.2831
200 20 0.031 4.7017 9822.86 5.4457
200 20 0.041 4.5395 9314.13 5.8385
200 20 0.051 4.4595 9079.22 6.7705
200 20 0.061 4.5247 8994.16 7.1274
200 20 0.071 4.3609 8693.14 6.7819
200 20 0.081 4.2786 8368.05 7.052
200 20 0.091 4.2923 8173.12 7.2248
200 20 0.101 4.0296 7739.22 7.4971
200 20 0.111 3.8644 7386.88 7.9932
200 20 0.121 3.6952 7077.96 8.0782
200 20 0.131 3.749 6983.44 8.3608
200 20 0.141 3.653 6675.83 8.7495
200 20 0.151 3.6379 6540.03 9.065
200 20 0.161 3.4569 6181.68 10.3305
200 20 0.171 3.377 5909.23 10.3318
200 20 0.181 3.1875 5524.38 9.8725
200 20 0.191 3.1448 5520.73 10.2365
200 20 0.201 3.0776 5223.57 10.5381
200 20 0.211 2.856 4930.05 10.6148
200 20 0.221 2.7675 4674.08 10.9981
200 20 0.231 2.6607 4622.26 11.093
200 20 0.241 2.7321 4542.94 11.5529
200 20 0.251 2.6212 4261.18 11.6092
200 20 0.261 2.5428 4192.17 11.9213
200 20 0.271 2.4276 4083.33 12.0993
200 20 0.281 2.3659 3838.65 12.9564
200 20 0.291 2.2812 3738.73 12.6519
200 20 0.301 2.3304 3631 12.8321
200 20 0.311 2.2611 3510.61 13.3011
200 20 0.321 2.1473 3397.7 14.0746
200 20 0.331 2.1489 3317.73 13.8303
200 20 0.341 2.0545 3182.2 14.094
200 20 0.351 1.9962 3082.81 15.015
200 20 0.361 2.0262 3020.72 14.5894
200 20 0.371 1.8841 2863.55 14.3557
200 20 0.381 1.8395 2803.5 14.1587
200 20 0.391 1.8565 2787.53 14.7959
200 20 0.401 1.7474 2662.86 15.1636
200 20 0.411 1.698 2588.69 14.9328
200 20 0.421 1.5941 2517.69 15.1169
200 20 0.431 1.568 2460.08 15.4102
200 20 0.441 1.5337 2393.07 15.2582
200 20 0.451 1.5595 2382 15.3998
200 20 0.461 1.4756 2337.53 15.45
200 20 0.471 1.4752 2276.04 15.5026
200 20 0.481 1.3484 2222.96 15.3375
200 20 0.491 1.3978 2190.67 15.1812
200 20 0.501 1.3755 2199.46 15.0391
200 20 0.511 1.3072 2157.34 16.5433
200 20 0.521 1.2684 2109.04 15.7534
200 20 0.531 1.2313 2054.01 15.0129
200 20 0.541 1.2033 2056.51 15.2569
200 20 0.551 1.1424 2012.61 15.3515
200 20 0.561 1.1209 1972.42 15.29
200 20 0.571 1.0517 1963.64 15.4578
200 20 0.581 1.1448 1961.97 15.5298
200 20 0.591 1.1088 1940.92 15.5657
200 20 0.601 0.9986 1888.95 15.5091
200 20 0.611 0.9963 1885.91 16.1231
200 20 0.621 0.983 1866.92 17.2919
200 20 0.631 0.9342 1856.85 16.6683
200 20 0.641 0.9423 1840.82 15.9669
200 20 0.651 0.9672 1838.8 16.0378
200 20 0.661 0.8947 1811.69 16.002
200 20 0.671 0.9034 1816.62 17.9511
200 20 0.681 0.8852 1815.46 18.0061
200 20 0.691 0.8741 1798.4 17.9617
200 20 0.701 0.8681 1789.6 17.9062
200 20 0.711 0.8226 1786.79 17.1759
200 20 0.721 0.7639 1767.79 17.0934
200 20 0.731 0.7936 1754.6 16.8653
200 20 0.741 0.7753 1746.69 16.7919
200 20 0.751 0.761 1753.77 16.5264
200 20 0.761 0.7404 1751.54 16.3424
200 20 0.771 0.744 1735.71 17.3953
200 20 0.781 0.7364 1735.89 17.5429
200 20 0.791 0.7199 1737.93 17.5709
200 20 0.801 0.6843 1727.86 17.3633
200 20 0.811 0.7065 1733.02 17.5432
200 20 0.821 0.6597 1727.23 17.7178
200 20 0.831 0.6812 1718.64 17.6882
200 20 0.841 0.6374 1711.01 17.3411
200 20 0.851 0.6559 1713.28 17.308
200 20 0.861 0.6287 1707.38 17.1321
200 20 0.871 0.5854 1702.11 17.4918
200 20 0.881 0.5718 1701.27 17.918
200 20 0.891 0.5865 1698.4 18.2906
200 20 0.901 0.5773 1691.86 17.7025
200 20 0.911 0.5631 1694.95 17.6833
200 20 0.921 0.5795 1691.71 17.9335
200 20 0.931 0.5313 1687.5 17.3993
200 20 0.941 0.5373 1688.78 17.5551
200 20 0.951 0.5342 1685.47 17.5663
200 20 0.961 0.5193 1687.72 17.6272
200 20 0.971 0.5224 1684.04 17.5959
200 20 0.981 0.4989 1680.85 18.6083
200 20 0.991 0.4779 1675.64 18.6342
200 20 1.001 0.4814 1679.84 17.8569
200 20 1.011 0.4997 1682.08 18.2001
200 20 1.021 0.4738 1668.65 19.0265
200 20 1.031 0.4911 1671.52 18.8476
200 20 1.041 0.4648 1672.17 18.8161
200 20 1.051 0.4629 1668.91 18.8185
200 20 1.061 0.4729 1669.35 19.1836
200 20 1.071 0.4472 1668.37 19.064
200 20 1.081 0.4298 1665.8 18.7946
200 20 1.091 0.4368 1666.01 18.7562
200 20 1.101 0.4411 1668.73 18.9019
200 20 1.111 0.4149 1661.82 18.6744
200 20 1.121 0.4348 1665.33 18.9487
200 20 1.131 0.408 1666.95 19.3644
200 20 1.141 0.4159 1666.22 18.4808
200 20 1.151 0.4237 1664.03 17.9869
200 20 1.161 0.4052 1665.03 18.1189
200 20 1.171 0.4111 1668.71 17.6428
200 20 1.181 0.4121 1666.51 17.6843
200 20 1.191 0.4044 1666.11 17.7227
200 20 1.201 0.3941 1661.68 17.5034
200 20 1.211 0.4065 1665.56 17.6719
200 20 1.221 0.3965 1669.45 17.9091
200 20 1.231 0.4122 1664.24 18.6561
200 20 1.241 0.4084 1666.35 18.3905
200 20 1.251 0.4034 1670.69 18.6116
200 20 1.261 0.3704 1666.73 18.5426
200 20 1.271 0.3865 1672.27 18.8209
200 20 1.281 0.387 1665.57 19.4338
200 20 1.291 0.376 1665.71 19.5338
200 20 1.301 0.3881 1665.97 19.0402
200 20 1.311 0.3969 1669.74 18.3756
200 20 1.321 0.3948 1669.03 18.9154
200 20 1.331 0.3909 1674.58 18.9497
200 20 1.341 0.3728 1667.82 19.0404
200 20 1.351 0.3738 1670.29 19.0037
200 20 1.361 0.3695 1671.97 18.612
200 20 1.371 0.3755 1673.63 18.2633
200 20 1.381 0.3674 1669.76 18.0999
200 20 1.391 0.3675 1673.08 18.3329
200 20 1.401 0.3586 1671.49 17.9317
200 20 1.411 0.3663 1670.83 17.7806
200 20 1.421 0.374 1674.74 17.9387
200 20 1.431 0.3666 1673.83 17.9399
200 20 1.441 0.3693 1675.5 18.0615
200 20 1.451 0.3619 1674.99 17.9594
200 20 1.461 0.3579 1674.33 17.9859
200 20 1.471 0.3541 1674.78 17.915
200 20 1.481 0.3567 1674.53 17.9407
200 20 1.491 0.3537 1678.2 18.0346
200 20 1.501 0.3609 1677.02 17.9774
200 20 1.511 0.3597 1678.42 18.7091
200 20 1.521 0.3625 1679.46 19.6017
200 20 1.531 0.3556 1679.92 18.7813
200 20 1.541 0.3301 1679.23 18.1077
200 20 1.551 0.3612 1680.9 18.1672
200 20 1.561 0.3492 1678.76 18.1941
200 20 1.571 0.3636 1681.95 18.2886
200 20 1.581 0.3369 1681.28 18.2989
200 20 1.591 0.3621 1682.4 19.5755
200 20 1.601 0.3472 1684.39 19.7749
200 20 1.611 0.3464 1685.07 19.3255
200 20 1.621 0.3518 1687.62 18.7516
200 20 1.631 0.3439 1685.85 17.8594
200 20 1.641 0.3472 1687.87 17.8474
200 20 1.651 0.3468 1689.75 17.9838
200 20 1.661 0.3469 1692.44 17.9945
200 20 1.671 0.3517 1690.82 17.8958
200 20 1.681 0.3507 1692.13 17.7925
200 20 1.691 0.3473 1696.02 17.7978
200 20 1.701 0.3415 1694.48 17.8353
200 20 1.711 0.3298 1696.81 17.7733
200 20 1.721 0.3454 1696.07 17.7235
200 20 1.731 0.3411 1699.56 17.8734
200 20 1.741 0.3522 1698.78 17.8665
200 20 1.751 0.3313 1702.72 17.9502
200 20 1.761 0.3359 1703.8 17.7543
200 20 1.771 0.3309 1701.89 18.8966
200 20 1.781 0.3323 1706.28 19.4799
200 20 1.791 0.3436 1707.64 18.2837
200 20 1.801 0.3337 1707.77 18.1999
200 20 1.811 0.3361 1709.94 18.1088
200 20 1.821 0.3484 1712.19 18.062
200 20 1.831 0.3377 1714.07 19.2154
200 20 1.841 0.3384 1714.15 19.5418
200 20 1.851 0.3398 1716.35 19.7585
200 20 1.861 0.333 1718.23 18.9531
200 20 1.871 0.3289 1719.63 17.2753
200 20 1.881 0.3253 1723.27 17.4825
200 20 1.891 0.3344 1724.82 18.3787
200 20 1.901 0.3292 1724.68 18.3733
200 20 1.911 0.337 1726.86 18.3216
200 20 1.921 0.3362 1732.29 18.8514
200 20 1.931 0.3373 1732.09 19.0316
200 20 1.941 0.3394 1733.31 17.7209
200 20 1.951 0.3311 1735.95 17.7415
200 20 1.961 0.3253 1737.56 17.3866
200 20 1.971 0.344 1740.23 18.6514
200 20 1.981 0.3347 1745.14 17.7552
200 20 1.991 0.3284 1747.98 16.8063
200 30 0.001 7.5778 15035.3 5.7269
200 30 0.011 7.403 14470.1 6.0512
200 30 0.021 6.9972 13601.2 6.7155
200 30 0.031 6.8038 12890.1 7.2962
200 30 0.041 6.6406 12344.4 8.3108
200 30 0.051 6.3975 11742.3 8.8343
200 30 0.061 6.2252 11215.4 8.9104
200 30 0.071 5.9193 10491 9.3532
200 30 0.081 5.9131 10227.2 9.5708
200 30 0.091 5.7169 9701.09 10.0357
200 30 0.101 5.5456 9089.21 10.8497
200 30 0.111 5.1256 8440.36 10.8229
200 30 0.121 4.9741 8043.43 11.3235
200 30 0.131 4.8037 7569.6 11.5663
200 30 0.141 4.6094 7171.58 11.693
200 30 0.151 4.5112 6893.56 12.0168
200 30 0.161 4.3599 6637.43 12.0678
200 30 0.171 4.1244 6210.47 12.2993
200 30 0.181 4.0682 5995.52 12.7924
200 30 0.191 3.947 5629.32 12.7048
200 30 0.201 3.6632 5211.48 12.9647
200 30 0.211 3.3862 4876.34 13.0005
200 30 0.221 3.37 4776.97 13.3177
200 30 0.231 3.3647 4575.34 13.4055
200 30 0.241 3.2695 4383.05 13.4293
200 30 0.251 3.1281 4126.47 13.6097
200 30 0.261 2.976 3990.6 13.6877
200 30 0.271 2.8774 3863.07 13.7493
200 30 0.281 2.8943 3774.88 14.079
200 30 0.291 2.6981 3516.03 14.0227
200 30 0.301 2.6778 3458.07 14.0878
200 30 0.311 2.4315 3214.34 13.8612
200 30 0.321 2.3575 3196.45 14.208
200 30 0.331 2.3945 3082.61 14.1103
200 30 0.341 2.2879 3017.31 14.0416
200 30 0.351 2.148 2905.15 14.2027
200 30 0.361 1.9919 2844.42 14.0886
200 30 0.371 1.9943 2791.71 14.1927
200 30 0.381 1.9649 2731.02 13.9932
200 30 0.391 1.8962 2702.28 13.64
200 30 0.401 1.858 2617.61 14.22
200 30 0.411 1.7717 2567.11 14.3482
200 30 0.421 1.735 2561.09 14.3028
200 30 0.431 1.646 2471.05 14.2444
200 30 0.441 1.6528 2449.28 14.333
200 30 0.451 1.5465 2423.3 14.2066
200 30 0.461 1.5652 2417.82 14.3962
200 30 0.471 1.4491 2356.19 14.3188
200 30 0.481 1.4422 2375.01 14.4008
200 30 0.491 1.4278 2330.1 14.3416
200 30 0.501 1.3709 2335.38 14.4515
200 30 0.511 1.3383 2300.68 14.393
200 30 0.521 1.3261 2280.8 14.3975
200 30 0.531 1.2299 2258.67 14.3825
200 30 0.541 1.2264 2247.19 14.3728
200 30 0.551 1.2234 2239.21 14.4451
200 30 0.561 1.1891 2224.97 14.4959
200 30 0.571 1.1459 2207.58 14.0265
200 30 0.581 1.127 2204.98 13.5229
200 30 0.591 1.0616 2196.82 13.1199
200 30 0.601 1.0315 2186.58 13.1748
200 30 0.611 1.0593 2182.67 13.3637
200 30 0.621 1.0193 2170.91 13.4589
200 30 0.631 0.9513 2164.15 13.4564
200 30 0.641 0.9668 2162.7 13.5039
200 30 0.651 0.9046 2153.35 13.4713
200 30 0.661 0.9355 2152.96 13.5461
200 30 0.671 0.8871 2135.93 13.6283
200 30 0.681 0.8817 2145.28 13.8243
200 30 0.691 0.8616 2141.3 13.7157
200 30 0.701 0.8467 2137.81 13.8165
200 30 0.711 0.8644 2135.86 13.5197
200 30 0.721 0.7929 2122.08 13.1781
200 30 0.731 0.7671 2121.62 13.1212
200 30 0.741 0.741 2116.54 13.175
200 30 0.751 0.7473 2118.63 13.2165
200 30 0.761 0.7443 2112.31 13.0104
200 30 0.771 0.722 2108.13 13.2036
200 30 0.781 0.7544 2113.69 13.4011
200 30 0.791 0.6957 2109.78 13.308
200 30 0.801 0.6776 2102.44 13.2897
200 30 0.811 0.6757 2097.84 13.3566
200 30 0.821 0.6868 2096.18 13.3671
200 30 0.831 0.6514 2097.87 13.4919
200 30 0.841 0.6242 2091.95 13.6273
200 30 0.851 0.6347 2098.68 14.5699
200 30 0.861 0.6527 2092.3 14.6347
200 30 0.871 0.6117 2090.3 13.6977
200 30 0.881 0.6038 2090.51 13.658
200 30 0.891 0.5695 2086.85 13.7
200 30 0.901 0.5899 2086.61 14.3423
200 30 0.911 0.5578 2084.12 15.4137
200 30 0.921 0.5641 2085.65 15.4284
200 30 0.931 0.5354 2078.39 15.1356
200 30 0.941 0.5422 2078 15.0472
200 30 0.951 0.5265 2073.41 15.0645
200 30 0.961 0.535 2079.97 15.216
200 30 0.971 0.5327 2075.82 15.1679
200 30 0.981 0.4849 2069.36 15.1224
200 30 0.991 0.5194 2075.15 15.2386
200 30 1.001 0.51 2069.55 15.2389
200 30 1.011 0.4801 2064.06 15.2317
200 30 1.021 0.4751 2066.17 15.2948
200 30 1.031 0.4797 2065 15.2396
200 30 1.041 0.4581 2061.21 15.1865
200 30 1.051 0.4658 2063.06 15.3164
200 30 1.061 0.455 2060.45 15.2233
200 30 1.071 0.4565 2062.18 15.3673
200 30 1.081 0.445 2061.22 15.3725
200 30 1.091 0.4388 2062.97 15.3821
200 30 1.101 0.4317 2063.76 15.3601
200 30 1.111 0.4528 2061.97 15.4363
200 30 1.121 0.4409 2061.19 15.4155
200 30 1.131 0.4186 2060.69 15.3505
200 30 1.141 0.4275 2061.71 15.4463
200 30 1.151 0.4126 2061.07 15.3903
200 30 1.161 0.4253 2061.39 15.4745
200 30 1.171 0.4209 2063.58 15.5436
200 30 1.181 0.4157 2063.16 15.4818
200 30 1.191 0.4046 2063.79 15.5235
200 30 1.201 0.4047 2063.93 15.5135
200 30 1.211 0.4189 2065.84 15.5786
200 30 1.221 0.4072 2066.4 15.5505
200 30 1.231 0.3936 2067.51 15.1047
200 30 1.241 0.401 2067.05 15.3956
200 30 1.251 0.3845 2067.42 15.7518
200 30 1.261 0.3938 2067.86 15.8168
200 30 1.271 0.3868 2070.27 14.0569
200 30 1.281 0.3901 2067.06 13.5114
200 30 1.291 0.3938 2071.29 13.5571
200 30 1.301 0.3906 2072.53 13.6047
200 30 1.311 0.3626 2069.17 14.9594
200 30 1.321 0.3788 2070.12 14.94
200 30 1.331 0.3779 2072.79 14.4994
200 30 1.341 0.3757 2074.05 14.396
200 30 1.351 0.3696 2075.77 14.508
200 30 1.361 0.3741 2079.73 15.4674
200 30 1.371 0.3779 2077.82 15.3514
200 30 1.381 0.3705 2078.34 15.3666
200 30 1.391 0.3656 2078.48 15.3577
200 30 1.401 0.359 2084.65 15.434
200 30 1.411 0.3549 2078.56 15.0259
200 30 1.421 0.3701 2083.44 15.3172
200 30 1.431 0.3584 2082.92 15.4211
200 30 1.441 0.351 2083.88 15.8951
200 30 1.451 0.3619 2087 16.214
200 30 1.461 0.3487 2087.35 16.1798
200 30 1.471 0.3484 2087.19 16.1098
200 30 1.481 0.3499 2090.78 16.1435
200 30 1.491 0.3614 2092.28 16.1438
200 30 1.501 0.3544 2091.29 16.098
200 30 1.511 0.3485 2092.61 16.0213
200 30 1.521 0.3493 2094.02 16.0027
200 30 1.531 0.3503 2096.64 16.0904
200 30 1.541 0.3495 2098.24 16.0851
200 30 1.551 0.34 2094.83 16.0334
200 30 1.561 0.3588 2099.17 16.4281
200 30 1.571 0.3575 2102.45 16.4123
200 30 1.581 0.3438 2101.05 16.3909
200 30 1.591 0.342 2105.5 16.1578
200 30 1.601 0.3528 2105.99 15.7428
200 30 1.611 0.3399 2109.73 14.4576
200 30 1.621 0.3433 2113.13 14.3913
200 30 1.631 0.3496 2115.05 14.2987
200 30 1.641 0.3458 2118.48 14.3443
200 30 1.651 0.3396 2123.5 14.0849
200 30 1.661 0.3463 2125.54 13.8308
200 30 1.671 0.3323 2127.13 13.9157
200 30 1.681 0.3371 2131.79 13.8786
200 30 1.691 0.3438 2136.66 13.9033
200 30 1.701 0.3437 2138.5 14.0056
200 30 1.711 0.3331 2141.1 13.8588
200 30 1.721 0.3257 2140.94 13.8253
200 30 1.731 0.3452 2146.57 13.8452
200 30 1.741 0.3357 2151.48 13.956
200 30 1.751 0.3417 2154.13 13.9955
200 30 1.761 0.3265 2156.95 13.9201
200 30 1.771 0.3373 2159.11 13.9608
200 30 1.781 0.3344 2162.21 14.3044
200 30 1.791 0.3407 2163.52 16.1556
200 30 1.801 0.3344 2168.25 15.5117
200 30 1.811 0.3353 2169.82 15.5327
200 30 1.821 0.333 2174.24 15.5057
200 30 1.831 0.3405 2177.38 15.5373
200 30 1.841 0.3352 2179.04 15.2976
200 30 1.851 0.339 2183.12 14.8459
200 30 1.861 0.3285 2185.2 13.484
200 30 1.871 0.3327 2188.92 13.505
200 30 1.881 0.3346 2190.69 13.4435
200 30 1.891 0.3318 2193.16 14.1843
200 30 1.901 0.3359 2196.92 14.8358
200 30 1.911 0.328 2195.98 14.8241
200 30 1.921 0.3449 2200.71 14.8314
200 30 1.931 0.3264 2201.25 14.7024
200 30 1.941 0.3281 2202.85 14.6085
200 30 1.951 0.3289 2206.52 14.5361
200 30 1.961 0.3368 2207.37 14.4815
200 30 1.971 0.3314 2209.36 15.0666
200 30 1.981 0.3286 2210.5 15.5481
200 30 1.991 0.3295 2212.67 15.3427
200 40 0.001 368.517 18213.4 8.4297
200 40 0.011 348.152 17420.5 8.7598
200 40 0.021 330.054 16789.5 9.1298
200 40 0.031 313.685 16239.8 9.5997
200 40 0.041 284.667 15004 10.0943
200 40 0.051 268.144 14419.4 10.5176
200 40 0.061 241.107 13362.5 11.1
200 40 0.071 225.669 12783.3 11.3946
200 40 0.081 202.88 11782.8 11.5652
200 40 0.091 184.52 10974.9 12.0887
200 40 0.101 167.164 10230.3 12.3486
200 40 0.111 151.95 9638.69 12.7986
200 40 0.121 147.022 9554.65 13.1422
200 40 0.131 129.008 8728.14 12.6071
200 40 0.141 114.528 8021.43 12.1875
200 40 0.151 104.785 7700.33 12.2211
200 40 0.161 99.0464 7323.08 13.7776
200 40 0.171 86.3803 6752.97 13.538
200 40 0.181 75.4845 6311.98 14.3269
200 40 0.191 71.4581 6078.66 14.4593
200 40 0.201 64.6772 5726.19 14.3915
200 40 0.211 57.1289 5412.59 13.6389
200 40 0.221 47.3183 4853.89 13.2205
200 40 0.231 44.024 4704.14 13.41
200 40 0.241 41.9883 4555.99 13.4331
200 40 0.251 35.8266 4277.15 13.8394
200 40 0.261 35.0574 4221.06 15.1775
200 40 0.271 31.0178 4053.11 14.9106
200 40 0.281 26.8185 3787.25 14.7572
200 40 0.291 23.3985 3581.31 14.6804
200 40 0.301 22.9057 3550.87 15.1004
200 40 0.311 19.2143 3386.8 14.1169
200 40 0.321 17.162 3225.05 15.6226
200 40 0.331 16.3214 3142.7 15.3076
200 40 0.341 15.3113 3066.21 15.5753
200 40 0.351 12.4344 2928.65 15.5263
200 40 0.361 11.7893 2873.68 15.3686
200 40 0.371 11.1139 2810.03 15.4202
200 40 0.381 10.4783 2763.01 15.4969
200 40 0.391 8.633 2682.02 15.5145
200 40 0.401 8.5556 2649.37 15.7012
200 40 0.411 7.5603 2589.47 15.4018
200 40 0.421 7.659 2598.39 15.5866
200 40 0.431 6.4661 2502.7 15.504
200 40 0.441 6.8054 2506.94 15.4405
200 40 0.451 5.6449 2456.38 15.5622
200 40 0.461 5.6672 2451.63 15.0913
200 40 0.471 5.2459 2418.07 24.0261
200 40 0.481 5.4275 2412.4 22.9787
200 40 0.491 4.7262 2362.5 15.6735
200 40 0.501 4.5282 2341.07 15.5265
200 40 0.511 4.3556 2327.5 16.0955
200 40 0.521 4.2407 2315.65 16.6197
200 40 0.531 3.9635 2292.53 14.8984
200 40 0.541 3.8893 2290.96 14.0192
200 40 0.551 3.9675 2296.01 14.0512
200 40 0.561 3.7319 2270.34 13.9924
200 40 0.571 3.6822 2259.44 15.4836
200 40 0.581 3.634 2245.53 15.6673
200 40 0.591 3.5256 2237.87 15.7747
200 40 0.601 3.4395 2232.32 15.9583
200 40 0.611 3.2988 2212.01 15.8457
200 40 0.621 3.2832 2219.18 16.0336
200 40 0.631 3.2706 2208.15 16.1465
200 40 0.641 3.2774 2204.85 16.2589
200 40 0.651 3.1519 2193.88 16.2866
200 40 0.661 3.2026 2198.04 14.9633
200 40 0.671 3.0826 2182.96 15.4168
200 40 0.681 3.1049 2185.36 16.2738
200 40 0.691 3.0345 2179.63 16.9418
200 40 0.701 2.9904 2174.54 16.9732
200 40 0.711 2.9508 2168.2 17.0556
200 40 0.721 2.948 2167.43 17.0989
200 40 0.731 2.9296 2170.67 16.4562
200 40 0.741 2.8698 2163.08 16.6732
200 40 0.751 2.8769 2159.59 16.6056
200 40 0.761 2.9005 2159.34 17.3056
200 40 0.771 2.8617 2153.02 17.2403
200 40 0.781 2.8037 2152.39 17.2308
200 40 0.791 2.7811 2147.28 17.3845
200 40 0.801 2.7847 2149.13 17.4766
200 40 0.811 2.7259 2138.78 17.1488
200 40 0.821 2.7426 2141.14 17.0386
200 40 0.831 2.7599 2141.76 16.2108
200 40 0.841 2.7275 2137.24 15.4838
200 40 0.851 2.69 2133.8 15.561
200 40 0.861 2.6619 2133.37 15.5483
200 40 0.871 2.6851 2129.95 15.6146
200 40 0.881 2.6551 2131.19 15.7078
200 40 0.891 2.6362 2122.87 16.0654
200 40 0.901 2.6443 2124.85 17.6452
200 40 0.911 2.6429 2127.58 17.9926
200 40 0.921 2.6171 2122.92 18.507
200 40 0.931 2.5979 2118.89 18.3983
200 40 0.941 2.5821 2117.96 18.4033
200 40 0.951 2.5738 2115.61 18.4374
200 40 0.961 2.5924 2114.22 18.3579
200 40 0.971 2.5554 2114.19 18.4334
200 40 0.981 2.569 2113.31 18.1075
200 40 0.991 2.559 2109.4 17.6201
200 40 1.001 2.5461 2110.56 17.7303
200 40 1.011 2.4996 2108.42 17.6678
200 40 1.021 2.5336 2108.75 17.6816
200 40 1.031 2.5619 2105.53 17.5574
200 40 1.041 2.5555 2102.53 17.5105
200 40 1.051 2.5332 2100.9 17.4776
200 40 1.061 2.5231 2101.99 17.4599
200 40 1.071 2.5216 2099.66 17.3279
200 40 1.081 2.481 2099.51 16.6714
200 40 1.091 2.4898 2094.3 17.227
200 40 1.101 2.4759 2098.31 17.1674
200 40 1.111 2.4409 2095.97 17.0029
200 40 1.121 2.4354 2095.22 16.782
200 40 1.131 2.4177 2098.2 17.283
200 40 1.141 2.3953 2093.75 17.2562
200 40 1.151 2.4161 2092.8 17.2657
200 40 1.161 2.3802 2090.81 17.2611
200 40 1.171 2.355 2089.98 17.052
200 40 1.181 2.341 2094.36 17.0007
200 40 1.191 2.3236 2090.6 16.7329
200 40 1.201 2.3244 2087.55 16.688
200 40 1.211 2.3042 2086.64 15.6084
200 40 1.221 2.2931 2087.96 15.5842
200 40 1.231 2.2666 2085.36 15.5048
200 40 1.241 2.281 2085.74 16.3471
200 40 1.251 2.2349 2084.78 15.8126
200 40 1.261 2.2194 2084.34 15.5757
200 40 1.271 2.2121 2082.21 15.5019
200 40 1.281 2.1786 2081.99 15.5459
200 40 1.291 2.1891 2080.57 15.5541
200 40 1.301 2.1651 2079.03 15.5118
200 40 1.311 2.1501 2080.16 15.5578
200 40 1.321 2.1539 2078.67 15.5402
200 40 1.331 2.1113 2078.06 15.5447
200 40 1.341 2.1058 2076.17 15.5285
200 40 1.351 2.1014 2076.81 15.5921
200 40 1.361 2.1169 2073.98 17.1793
200 40 1.371 2.0783 2073.59 15.6022
200 40 1.381 2.0727 2076.28 15.8099
200 40 1.391 2.0717 2073.18 18.1394
200 40 1.401 2.0554 2072.39 18.1799
200 40 1.411 2.0486 2071.05 17.7004
200 40 1.421 2.0353 2071.11 17.7178
200 40 1.431 2.0294 2069.6 17.4662
200 40 1.441 2.0062 2069.35 17.5837
200 40 1.451 2.0181 2069.49 17.4758
200 40 1.461 2.0044 2067.05 15.6589
200 40 1.471 1.9819 2068.48 15.4271
200 40 1.481 1.9669 2066.21 15.9572
200 40 1.491 1.9823 2066.28 17.8054
200 40 1.501 1.9612 2065.8 17.7538
200 40 1.511 1.9791 2066.62 17.5946
200 40 1.521 1.9484 2065.42 16.6626
200 40 1.531 1.9226 2064.11 16.3594
200 40 1.541 1.9423 2063.04 16.2227
200 40 1.551 1.9343 2062.92 16.1781
200 40 1.561 1.929 2062.82 15.9414
200 40 1.571 1.914 2061.63 16.422
200 40 1.581 1.914 2062.34 16.4096
200 40 1.591 1.8755 2061.34 17.1968
200 40 1.601 1.8546 2059.89 17.4765
200 40 1.611 1.8293 2059.66 16.2639
200 40 1.621 1.804 2059.63 17.3467
200 40 1.631 1.7735 2058.83 16.8668
200 40 1.641 1.7375 2057.95 17.1441
200 40 1.651 1.7165 2057.28 17.1318
200 40 1.661 1.6773 2057.33 17.2048
200 40 1.671 1.6573 2056.09 17.1725
200 40 1.681 1.6309 2055.39 17.1025
200 40 1.691 1.6188 2054.82 17.0201
200 40 1.701 1.5863 2054.97 16.9805
200 40 1.711 1.5709 2054.5 17.1512
200 40 1.721 1.5475 2054.15 17.0352
200 40 1.731 1.5227 2053.94 17.1555
200 40 1.741 1.5205 2053.58 17.2637
200 40 1.751 1.514 2053.36 17.8405
200 40 1.761 1.4715 2053.44 18.7117
200 40 1.771 1.4686 2052.71 18.421
200 40 1.781 1.4469 2052.35 18.9931
200 40 1.791 1.447 2051.84 18.8559
200 40 1.801 1.4292 2052.24 18.7667
200 40 1.811 1.405 2052.39 18.6344
200 40 1.821 1.3969 2051.64 18.6053
200 40 1.831 1.3842 2051.49 18.1244
200 40 1.841 1.3886 2052 16.4957
200 40 1.851 1.3814 2051.64 15.8509
200 40 1.861 1.376 2051.4 15.6661
200 40 1.871 1.3577 2051.83 15.6305
200 40 1.881 1.3769 2051.82 15.71
200 40 1.891 1.3467 2051.92 15.8816
200 40 1.901 1.353 2051.86 15.57
200 40 1.911 1.3433 2051.76 15.4758
200 40 1.921 1.3486 2051.78 15.5994
200 40 1.931 1.3459 2051.9 15.947
200 40 1.941 1.3433 2052.22 15.288
200 40 1.951 1.3398 2052.21 15.208
200 40 1.961 1.3316 2052.61 15.2326
200 40 1.971 1.3365 2052.6 15.7735
200 40 1.981 1.3368 2052.84 16.0638
200 40 1.991 1.3342 2052.92 15.845
300 10 0.001 2.5106 8800.97 3.4598
300 10 0.011 2.505 8760.34 2.7596
300 10 0.021 2.468 8579.62 2.7933
300 10 0.031 2.3728 8295.37 2.815
300 10 0.041 2.395 8279.08 3.2862
300 10 0.051 2.3405 8063.16 3.2738
300 10 0.061 2.351 8132.47 3.6262
300 10 0.071 2.2959 7880.05 3.816
300 10 0.081 2.3039 7844.19 4.0469
300 10 0.091 2.21 7531.6 5.6751
300 10 0.101 2.219 7505.88 4.5456
300 10 0.111 2.1705 7345.67 4.822
300 10 0.121 2.1965 7405.31 4.9904
300 10 0.131 2.1439 7222.49 5.442
300 10 0.141 2.1922 7294.22 5.8306
300 10 0.151 2.0876 6856.96 5.9025
300 10 0.161 1.9682 6571.07 6.3066
300 10 0.171 1.9946 6600.01 6.4302
300 10 0.181 1.8868 6268.04 6.7056
300 10 0.191 1.9853 6421.48 7.0678
300 10 0.201 1.9141 6246.36 8.6043
300 10 0.211 1.9144 6185.67 9.5715
300 10 0.221 1.8936 6023.45 10.1207
300 10 0.231 1.8534 5968.03 9.8985
300 10 0.241 1.7954 5776.29 10.1821
300 10 0.251 1.7576 5644.88 10.5829
300 10 0.261 1.7283 5561.93 10.3109
300 10 0.271 1.6567 5378.33 10.4981
300 10 0.281 1.687 5318.31 10.0908
300 10 0.291 1.7124 5237.97 10.3465
300 10 0.301 1.5613 4944.72 10.209
300 10 0.311 1.5952 4943.21 10.6719
300 10 0.321 1.5719 4837.84 11.1949
300 10 0.331 1.5689 4808.64 11.3663
300 10 0.341 1.5097 4658.95 13.2718
300 10 0.351 1.5099 4618.26 14.0678
300 10 0.361 1.4395 4449.48 13.8133
300 10 0.371 1.4336 4331.25 14.2571
300 10 0.381 1.427 4289.17 13.6063
300 10 0.391 1.4079 4255.01 13.7292
300 10 0.401 1.3662 4117.95 14.3196
300 10 0.411 1.2831 3842.61 14.362
300 10 0.421 1.2952 3905.5 14.842
300 10 0.431 1.2808 3869.76 15.158
300 10 0.441 1.2639 3733.33 15.2862
300 10 0.451 1.2041 3630.92 15.2993
300 10 0.461 1.2387 3617.13 16.2987
300 10 0.471 1.1799 3571.01 16.2442
300 10 0.481 1.2072 3482.08 17.0095
300 10 0.491 1.1787 3436.82 18.1083
300 10 0.501 1.1268 3400.06 18.471
300 10 0.511 1.0853 3281.7 18.7966
300 10 0.521 1.0819 3283.43 19.265
300 10 0.531 1.1013 3201.25 19.5826
300 10 0.541 1.082 3155.73 19.6269
300 10 0.551 1.0651 3089.78 19.9745
300 10 0.561 1.0107 2969.66 19.5214
300 10 0.571 0.9899 2948.82 19.2276
300 10 0.581 0.9312 2811.92 19.5571
300 10 0.591 0.9991 2832.69 19.9254
300 10 0.601 0.9235 2743.75 20.6187
300 10 0.611 0.9409 2713.39 21.6287
300 10 0.621 0.9582 2739.85 21.8941
300 10 0.631 0.8899 2639.41 20.8243
300 10 0.641 0.8565 2585.04 21.0381
300 10 0.651 0.92 2594.23 21.6004
300 10 0.661 0.8196 2488.27 21.5613
300 10 0.671 0.8291 2458.54 22.0075
300 10 0.681 0.8005 2459.19 22.2226
300 10 0.691 0.8203 2449.07 22.5662
300 10 0.701 0.7918 2366.64 22.7243
300 10 0.711 0.7741 2338.08 23.142
300 10 0.721 0.7294 2280.16 24.0911
300 10 0.731 0.7216 2280.97 24.1747
300 10 0.741 0.7328 2227.39 24.5945
300 10 0.751 0.7389 2216.79 24.5645
300 10 0.761 0.7194 2210.42 24.9066
300 10 0.771 0.7028 2176.95 24.9019
300 10 0.781 0.6792 2136.86 25.4657
300 10 0.791 0.691 2135.98 25.3479
300 10 0.801 0.6744 2141.23 25.8814
300 10 0.811 0.6728 2099.83 26.0448
300 10 0.821 0.6344 2061.03 26.041
300 10 0.831 0.6466 2046.21 26.3808
300 10 0.841 0.6271 2016.58 26.5429
300 10 0.851 0.6259 2008.23 26.686
300 10 0.861 0.6193 1997.19 26.8819
300 10 0.871 0.5955 1960.08 26.9747
300 10 0.881 0.5902 1958.6 27.2915
300 10 0.891 0.5685 1940.82 27.3701
300 10 0.901 0.5764 1936.89 27.9002
300 10 0.911 0.5922 1926.93 28.0878
300 10 0.921 0.5674 1908.8 27.8932
300 10 0.931 0.5351 1877.15 27.8186
300 10 0.941 0.5203 1884 28.2331
300 10 0.951 0.5284 1853.35 28.1053
300 10 0.961 0.5298 1860.38 28.8173
300 10 0.971 0.5318 1853.53 28.982
300 10 0.981 0.4984 1844.99 29.2815
300 10 0.991 0.4794 1825.63 29.0743
300 10 1.001 0.4906 1829.17 30.7983
300 10 1.011 0.4831 1804.4 30.4064
300 10 1.021 0.4815 1797.37 30.9636
300 10 1.031 0.479 1796.7 31.6751
300 10 1.041 0.4746 1783.45 30.9056
300 10 1.051 0.4567 1769.8 30.054
300 10 1.061 0.4579 1777.32 30.4717
300 10 1.071 0.4568 1775.66 31.1633
300 10 1.081 0.4393 1777.34 31.2808
300 10 1.091 0.4323 1756.59 30.6235
300 10 1.101 0.4404 1765.34 31.0862
300 10 1.111 0.4356 1756.16 31.0016
300 10 1.121 0.4179 1740.13 30.7752
300 10 1.131 0.4269 1752.18 31.8179
300 10 1.141 0.4101 1746.44 32.4906
300 10 1.151 0.4231 1745.13 32.337
300 10 1.161 0.4006 1746.12 32.5862
300 10 1.171 0.4033 1738.66 32.8839
300 10 1.181 0.416 1745.77 33.0588
300 10 1.191 0.4032 1746.49 33.2072
300 10 1.201 0.3919 1737.7 33.1615
300 10 1.211 0.3937 1740.44 31.9659
300 10 1.221 0.3921 1742.16 33.2026
300 10 1.231 0.4129 1736.49 33.6808
300 10 1.241 0.3925 1734.7 33.7296
300 10 1.251 0.3882 1733.28 32.2222
300 10 1.261 0.3883 1741.79 32.0275
300 10 1.271 0.404 1743.87 31.7717
300 10 1.281 0.387 1741.46 31.9497
300 10 1.291 0.3792 1743.82 32.2036
300 10 1.301 0.3742 1733.63 31.705
300 10 1.311 0.3785 1735.65 31.7988
300 10 1.321 0.3744 1738.44 32.2566
300 10 1.331 0.3681 1735.96 31.9473
300 10 1.341 0.366 1731.2 32.0773
300 10 1.351 0.39 1738.36 31.9454
300 10 1.361 0.3658 1732.01 32.3537
300 10 1.371 0.3672 1736.29 34.4891
300 10 1.381 0.3691 1747.14 34.9359
300 10 1.391 0.3762 1746.89 34.8378
300 10 1.401 0.3741 1746.1 33.8919
300 10 1.411 0.3709 1750.77 33.9968
300 10 1.421 0.3647 1738.83 34.6767
300 10 1.431 0.3593 1745.36 35.4163
300 10 1.441 0.3699 1747.56 34.4168
300 10 1.451 0.3521 1741.59 33.2341
300 10 1.461 0.3534 1746.97 33.131
300 10 1.471 0.348 1742.12 32.8499
300 10 1.481 0.3705 1753.67 34.1128
300 10 1.491 0.3582 1753.11 35.4796
300 10 1.501 0.3438 1748.47 35.4209
300 10 1.511 0.3464 1752.78 35.7548
300 10 1.521 0.354 1756.76 35.928
300 10 1.531 0.3538 1749.05 33.6024
300 10 1.541 0.3663 1760.54 34.2595
300 10 1.551 0.3441 1753.53 33.1318
300 10 1.561 0.3544 1760.83 33.216
300 10 1.571 0.3451 1760.66 33.0244
300 10 1.581 0.3466 1766.96 35.0486
300 10 1.591 0.336 1762.4 35.3819
300 10 1.601 0.3428 1770.53 33.9905
300 10 1.611 0.3544 1769.62 33.936
300 10 1.621 0.3559 1770.79 33.0113
300 10 1.631 0.3516 1774.72 33.1732
300 10 1.641 0.3457 1777.71 32.9111
300 10 1.651 0.3505 1781.79 32.9807
300 10 1.661 0.3478 1781.87 32.7697
300 10 1.671 0.3485 1783.36 32.9937
300 10 1.681 0.3465 1786.78 33.6416
300 10 1.691 0.3407 1789.33 33.1591
300 10 1.701 0.3287 1791.11 33.3772
300 10 1.711 0.345 1796.71 33.1517
300 10 1.721 0.3343 1798.92 34.9068
300 10 1.731 0.3353 1803.6 32.0568
300 10 1.741 0.3338 1801.83 31.9618
300 10 1.751 0.3432 1808.06 33.1304
300 10 1.761 0.3427 1811.93 33.5954
300 10 1.771 0.333 1811.97 33.4538
300 10 1.781 0.3358 1817.42 33.5769
300 10 1.791 0.3383 1820.21 32.7933
300 10 1.801 0.3314 1820.71 31.3151
300 10 1.811 0.3357 1827.09 32.4493
300 10 1.821 0.3466 1830.44 33.242
300 10 1.831 0.3392 1831.74 34.8415
300 10 1.841 0.3386 1833.71 34.7443
300 10 1.851 0.3315 1836.63 33.9634
300 10 1.861 0.3314 1842.91 32.946
300 10 1.871 0.3496 1848.72 31.8276
300 10 1.881 0.3391 1850.04 31.4371
300 10 1.891 0.3399 1850.98 33.7646
300 10 1.901 0.3361 1855.64 34.4673
300 10 1.911 0.3387 1860.61 34.2752
300 10 1.921 0.335 1865.58 34.4152
300 10 1.931 0.3256 1866.55 34.2254
300 10 1.941 0.334 1870.73 34.1207
300 10 1.951 0.3363 1874.72 32.5361
300 10 1.961 0.3362 1875.51 31.09
300 10 1.971 0.3341 1880.67 31.3714
300 10 1.981 0.3251 1883.38 31.2872
300 10 1.991 0.3396 1885.94 30.7053
300 20 0.001 5.0799 16025.2 6.482
300 20 0.011 4.9046 15337.5 6.6523
300 20 0.021 4.9367 15220.8 6.8282
300 20 0.031 4.6318 14269 6.929
300 20 0.041 4.4992 13721.7 7.3498
300 20 0.051 4.5929 13780.7 7.6836
300 20 0.061 4.3256 12924.2 8.0446
300 20 0.071 4.2364 12440.2 7.6312
300 20 0.081 4.1502 11857.6 7.852
300 20 0.091 3.9653 11342 8.3657
300 20 0.101 4.0154 11210.9 9.2953
300 20 0.111 3.8972 10859.1 9.7805
300 20 0.121 3.88 10468.3 9.6204
300 20 0.131 3.6232 9725.77 10.0375
300 20 0.141 3.4913 9305.43 10.3516
300 20 0.151 3.3417 8820.37 10.6121
300 20 0.161 3.3703 8635.78 11.4049
300 20 0.171 3.3881 8478.36 11.6663
300 20 0.181 3.3234 8240.25 11.8661
300 20 0.191 3.1666 7714.95 12.149
300 20 0.201 3.0322 7479.53 12.7425
300 20 0.211 2.9576 7066.11 12.4956
300 20 0.221 2.8762 6812.66 13.1621
300 20 0.231 2.8056 6447.19 13.5366
300 20 0.241 2.7114 6300.95 14.0199
300 20 0.251 2.6508 5989.64 13.6429
300 20 0.261 2.5448 5732.85 14.2244
300 20 0.271 2.5298 5512.16 14.6432
300 20 0.281 2.4183 5236.09 14.954
300 20 0.291 2.3784 5094.24 15.4493
300 20 0.301 2.3291 4867.31 15.4857
300 20 0.311 2.1167 4479 15.7537
300 20 0.321 2.1115 4423.24 16.0144
300 20 0.331 2.0923 4337.38 16.2347
300 20 0.341 1.9859 4125.81 16.492
300 20 0.351 2.0432 4114.15 16.7496
300 20 0.361 1.9116 3775.69 17.1529
300 20 0.371 1.941 3846.88 17.3228
300 20 0.381 1.8552 3643.3 17.3505
300 20 0.391 1.767 3389.99 16.4759
300 20 0.401 1.7634 3373.55 16.4567
300 20 0.411 1.7496 3275.21 16.6418
300 20 0.421 1.6374 3142.7 16.6978
300 20 0.431 1.6339 3045.13 17.0026
300 20 0.441 1.5369 2973.38 17.5064
300 20 0.451 1.5078 2946.78 17.8851
300 20 0.461 1.501 2845.16 17.919
300 20 0.471 1.4157 2773.72 18.1276
300 20 0.481 1.3807 2640.86 17.9184
300 20 0.491 1.3481 2659.52 18.1922
300 20 0.501 1.3529 2593.02 18.4124
300 20 0.511 1.262 2513.6 18.3707
300 20 0.521 1.2389 2445.03 18.353
300 20 0.531 1.1526 2417.4 18.4068
300 20 0.541 1.1659 2369.7 18.4779
300 20 0.551 1.1781 2362.78 18.9147
300 20 0.561 1.103 2296.15 18.8341
300 20 0.571 1.1015 2260.53 18.8902
300 20 0.581 1.0531 2231.67 19.03
300 20 0.591 1.0938 2234.83 19.7655
300 20 0.601 1.0675 2196.86 19.8011
300 20 0.611 0.9957 2154.34 20.6549
300 20 0.621 0.9608 2109.18 18.7357
300 20 0.631 0.9494 2086.56 18.5819
300 20 0.641 0.9477 2080.46 18.7168
300 20 0.651 0.9412 2077.96 18.8238
300 20 0.661 0.9127 2048.18 19.2734
300 20 0.671 0.8442 2018.07 20.145
300 20 0.681 0.8604 2032.38 19.2713
300 20 0.691 0.8812 2009.53 19.1424
300 20 0.701 0.8496 1998.53 19.271
300 20 0.711 0.8496 1998.66 19.3467
300 20 0.721 0.7868 1971.04 19.2322
300 20 0.731 0.7882 1965.63 19.2601
300 20 0.741 0.7534 1956.76 19.4201
300 20 0.751 0.7645 1935.07 19.4248
300 20 0.761 0.7579 1926.69 19.5034
300 20 0.771 0.7419 1940.34 19.9587
300 20 0.781 0.7158 1918.64 21.1934
300 20 0.791 0.7014 1910.12 21.0725
300 20 0.801 0.6737 1895.28 21.2156
300 20 0.811 0.638 1891.04 21.0623
300 20 0.821 0.6612 1888.81 20.9707
300 20 0.831 0.6353 1882.09 21.3235
300 20 0.841 0.6457 1884.24 20.813
300 20 0.851 0.6158 1868.36 19.9887
300 20 0.861 0.6002 1869.15 20.0175
300 20 0.871 0.6048 1861.04 20.6462
300 20 0.881 0.6062 1867.13 21.2473
300 20 0.891 0.5735 1858.22 21.058
300 20 0.901 0.5695 1846.55 21.1456
300 20 0.911 0.5556 1849.85 21.2354
300 20 0.921 0.5495 1848.41 21.3797
300 20 0.931 0.5569 1844.91 21.4472
300 20 0.941 0.5392 1837.99 21.4335
300 20 0.951 0.5071 1826.81 21.3041
300 20 0.961 0.5423 1839.08 21.6137
300 20 0.971 0.5002 1830.7 22.4438
300 20 0.981 0.5116 1825.48 21.8164
300 20 0.991 0.5208 1831.01 22.3625
300 20 1.001 0.4857 1823.71 22.7951
300 20 1.011 0.4867 1821.34 22.9164
300 20 1.021 0.4893 1816.82 22.7269
300 20 1.031 0.4725 1815.61 21.6538
300 20 1.041 0.4601 1813.83 21.7641
300 20 1.051 0.4505 1807.28 21.7495
300 20 1.061 0.4561 1809.87 21.8738
300 20 1.071 0.449 1814.81 22.863
300 20 1.081 0.4254 1809.29 23.1318
300 20 1.091 0.4318 1805.88 22.3111
300 20 1.101 0.4582 1807.46 22.5916
300 20 1.111 0.4262 1806.26 22.7082
300 20 1.121 0.4344 1807.78 22.8099
300 20 1.131 0.4284 1804.1 22.8258
300 20 1.141 0.4195 1803.96 22.7376
300 20 1.151 0.3927 1803.36 22.8617
300 20 1.161 0.4132 1802.02 22.9148
300 20 1.171 0.4017 1804.48 22.5287
300 20 1.181 0.4029 1805.98 22.665
300 20 1.191 0.4047 1806.05 22.6654
300 20 1.201 0.4125 1809.69 22.8386
300 20 1.211 0.4103 1804.28 22.7851
300 20 1.221 0.42 1810.91 22.8798
300 20 1.231 0.3807 1805.11 22.8027
300 20 1.241 0.4172 1811.92 23.0387
300 20 1.251 0.405 1814.47 23.1424
300 20 1.261 0.3994 1813.03 23.6809
300 20 1.271 0.3918 1807.81 23.9807
300 20 1.281 0.3956 1813.85 24.0667
300 20 1.291 0.3842 1812.98 23.9281
300 20 1.301 0.3867 1810.42 24.0089
300 20 1.311 0.385 1812.86 22.962
300 20 1.321 0.387 1813.89 22.946
300 20 1.331 0.3725 1811.62 23.4953
300 20 1.341 0.3591 1811.45 24.1494
300 20 1.351 0.3757 1815.74 24.3496
300 20 1.361 0.38 1814.05 24.2479
300 20 1.371 0.3722 1815.49 24.4582
300 20 1.381 0.3644 1817.06 24.2483
300 20 1.391 0.3702 1817.49 23.4755
300 20 1.401 0.3643 1817.71 24.415
300 20 1.411 0.3709 1817.98 24.6798
300 20 1.421 0.3613 1820.53 24.6945
300 20 1.431 0.3725 1818.91 24.1276
300 20 1.441 0.3619 1821.43 23.6148
300 20 1.451 0.3759 1823.05 23.7031
300 20 1.461 0.3479 1820.24 23.6438
300 20 1.471 0.3702 1828.88 23.7765
300 20 1.481 0.3541 1824.25 23.6347
300 20 1.491 0.3561 1826.03 23.6818
300 20 1.501 0.3499 1827.8 23.7413
300 20 1.511 0.3519 1830.1 23.8789
300 20 1.521 0.3492 1832.82 23.9306
300 20 1.531 0.3632 1830.92 23.8875
300 20 1.541 0.3496 1831.04 23.8816
300 20 1.551 0.3424 1830.14 23.8629
300 20 1.561 0.3381 1834.26 24.7728
300 20 1.571 0.3373 1835.16 25.0009
300 20 1.581 0.3478 1838.41 25.0543
300 20 1.591 0.3507 1839.08 24.9895
300 20 1.601 0.3305 1838.21 24.8426
300 20 1.611 0.3509 1843.4 25.1548
300 20 1.621 0.3546 1844.45 24.3286
300 20 1.631 0.3357 1845.51 23.4886
300 20 1.641 0.3429 1845.5 22.9942
300 20 1.651 0.3476 1850.33 23.5326
300 20 1.661 0.3314 1851.35 23.9523
300 20 1.671 0.3346 1852.86 24.0492
300 20 1.681 0.3309 1855.1 24.9018
300 20 1.691 0.3392 1857.28 24.0566
300 20 1.701 0.3493 1860.23 23.6901
300 20 1.711 0.3394 1863.91 24.0877
300 20 1.721 0.3374 1865.27 22.8451
300 20 1.731 0.3318 1862.81 22.6599
300 20 1.741 0.3428 1867.06 22.6249
300 20 1.751 0.3254 1868.68 22.6642
300 20 1.761 0.3366 1872.44 22.6497
300 20 1.771 0.3446 1875.38 22.5828
300 20 1.781 0.3412 1872.8 22.4905
300 20 1.791 0.3387 1874.58 22.4148
300 20 1.801 0.3476 1880.05 22.4158
300 20 1.811 0.3368 1880.58 22.4369
300 20 1.821 0.3202 1881.02 22.3176
300 20 1.831 0.3333 1882.19 22.3153
300 20 1.841 0.339 1882.99 22.2618
300 20 1.851 0.3433 1885.7 22.1768
300 20 1.861 0.3231 1885.06 22.0673
300 20 1.871 0.3299 1886.13 22.0381
300 20 1.881 0.3424 1888.01 21.9469
300 20 1.891 0.3293 1889.84 22.5259
300 20 1.901 0.3292 1890.89 24.0368
300 20 1.911 0.3226 1891.49 23.6216
300 20 1.921 0.3416 1894.6 23.5673
300 20 1.931 0.3268 1893.28 23.529
300 20 1.941 0.344 1895.53 23.657
300 20 1.951 0.3267 1893.2 23.5014
300 20 1.961 0.3258 1895.1 23.1413
300 20 1.971 0.3331 1897.15 23.2008
300 20 1.981 0.3335 1897.05 21.3239
300 20 1.991 0.325 1897.81 20.4293
300 30 0.001 7.521 22500 7.6441
300 30 0.011 7.1857 21196.3 7.9022
300 30 0.021 7.192 20864.1 8.4335
300 30 0.031 6.9767 19831 8.735
300 30 0.041 6.5775 18267.7 8.9501
300 30 0.051 6.346 17569.5 9.4775
300 30 0.061 6.173 16697.2 9.8667
300 30 0.071 6.0576 15874.9 10.2524
300 30 0.081 5.7872 14760.3 10.5095
300 30 0.091 5.4821 14003 10.8415
300 30 0.101 5.5143 13276.7 10.9989
300 30 0.111 5.225 12203.1 11.2371
300 30 0.121 4.9447 11604.6 11.3844
300 30 0.131 4.7461 10905.3 11.7042
300 30 0.141 4.6364 10329.8 11.9629
300 30 0.151 4.5477 9905.15 12.0955
300 30 0.161 4.1948 8789.97 12.4732
300 30 0.171 4.136 8421.2 13.1808
300 30 0.181 3.9137 7854.72 13.3828
300 30 0.191 3.8107 7576.93 13.6174
300 30 0.201 3.8415 7310.46 14.0549
300 30 0.211 3.5081 6722.56 14.1833
300 30 0.221 3.3098 6064.82 14.2281
300 30 0.231 3.4861 6107.21 13.6162
300 30 0.241 3.2374 5716.18 13.5334
300 30 0.251 2.9811 5312.53 13.4725
300 30 0.261 2.914 5084.8 13.423
300 30 0.271 2.7948 4783.68 13.6197
300 30 0.281 2.6396 4651.26 13.7595
300 30 0.291 2.5062 4281.25 14.6318
300 30 0.301 2.5393 4217.17 14.6408
300 30 0.311 2.4855 3986.68 14.6387
300 30 0.321 2.3903 3800 14.8262
300 30 0.331 2.2771 3684.28 14.6245
300 30 0.341 2.3425 3615.35 15.2538
300 30 0.351 2.1212 3360.62 15.0602
300 30 0.361 2.0438 3319.74 15.1328
300 30 0.371 2.0704 3257.1 15.9929
300 30 0.381 1.9709 3173.37 15.0228
300 30 0.391 1.9371 3078.8 14.8095
300 30 0.401 1.8866 2988.5 15.1326
300 30 0.411 1.7188 2876.81 15.4301
300 30 0.421 1.7678 2875.17 15.6565
300 30 0.431 1.5723 2765.79 15.9782
300 30 0.441 1.6651 2729.19 16.1838
300 30 0.451 1.5409 2671.94 15.9664
300 30 0.461 1.5574 2684.2 16.1497
300 30 0.471 1.4601 2609.01 15.9915
300 30 0.481 1.4838 2585.23 15.4326
300 30 0.491 1.4318 2556.42 16.3496
300 30 0.501 1.3796 2506.63 16.1122
300 30 0.511 1.3204 2498.56 16.2255
300 30 0.521 1.2381 2458.76 16.1619
300 30 0.531 1.2533 2437.77 16.2619
300 30 0.541 1.2058 2413 16.1759
300 30 0.551 1.2407 2420.97 16.4307
300 30 0.561 1.1269 2379.69 15.2425
300 30 0.571 1.1737 2382.1 14.4638
300 30 0.581 1.0996 2369.58 14.4427
300 30 0.591 1.0206 2343.39 14.3221
300 30 0.601 1.0533 2321.59 14.2568
300 30 0.611 1.0489 2335.56 14.5045
300 30 0.621 0.9478 2314.29 14.46
300 30 0.631 0.9616 2311.92 14.4059
300 30 0.641 0.9685 2300.25 14.5005
300 30 0.651 0.9295 2300.45 14.5379
300 30 0.661 0.8844 2284.86 14.4458
300 30 0.671 0.8928 2289.51 14.5556
300 30 0.681 0.8923 2274.51 14.5423
300 30 0.691 0.8605 2263.63 14.629
300 30 0.701 0.8392 2265.8 14.7264
300 30 0.711 0.8295 2251.18 14.5972
300 30 0.721 0.7874 2246.76 14.7648
300 30 0.731 0.7859 2250.55 14.9556
300 30 0.741 0.8107 2255.7 15.057
300 30 0.751 0.7907 2244.21 15.0587
300 30 0.761 0.7392 2240.33 15.0755
300 30 0.771 0.7093 2230.86 15.2383
300 30 0.781 0.7059 2232.39 15.2622
300 30 0.791 0.7172 2228.2 15.3204
300 30 0.801 0.6692 2222.53 15.337
300 30 0.811 0.6611 2220.31 15.3891
300 30 0.821 0.6907 2222.6 15.4821
300 30 0.831 0.6613 2214.53 15.7837
300 30 0.841 0.645 2217.88 16.4323
300 30 0.851 0.6091 2207.4 16.3046
300 30 0.861 0.5932 2206.48 16.1917
300 30 0.871 0.5774 2202.13 16.3591
300 30 0.881 0.602 2208.05 16.4894
300 30 0.891 0.5733 2196.64 16.2563
300 30 0.901 0.5907 2203.73 16.506
300 30 0.911 0.5702 2202.37 16.5182
300 30 0.921 0.5349 2198.57 16.4881
300 30 0.931 0.5442 2191.06 16.4838
300 30 0.941 0.5527 2197.11 16.6415
300 30 0.951 0.5344 2190.32 16.5904
300 30 0.961 0.498 2185.89 16.9098
300 30 0.971 0.5102 2185.51 17.0502
300 30 0.981 0.5145 2189.27 17.1895
300 30 0.991 0.5153 2187.43 17.3258
300 30 1.001 0.5076 2187.55 17.3163
300 30 1.011 0.4846 2179.87 17.3223
300 30 1.021 0.4861 2183.94 17.3701
300 30 1.031 0.4655 2180.61 17.447
300 30 1.041 0.4504 2176.66 17.4525
300 30 1.051 0.4393 2178.39 17.5378
300 30 1.061 0.4401 2176.39 17.4846
300 30 1.071 0.4469 2174.32 17.541
300 30 1.081 0.4507 2175.5 17.4573
300 30 1.091 0.4421 2173.09 17.4192
300 30 1.101 0.4463 2175.67 17.4803
300 30 1.111 0.4379 2174.09 17.3629
300 30 1.121 0.4367 2177.09 17.3811
300 30 1.131 0.4347 2175.84 17.4482
300 30 1.141 0.4197 2171.34 17.403
300 30 1.151 0.4157 2173.65 17.5758
300 30 1.161 0.4229 2176.63 17.782
300 30 1.171 0.4085 2173.24 17.5348
300 30 1.181 0.4188 2174.92 17.7348
300 30 1.191 0.4222 2174.19 18.1948
300 30 1.201 0.408 2176.16 18.0238
300 30 1.211 0.4038 2179.02 18.2032
300 30 1.221 0.3999 2175.59 19.4578
300 30 1.231 0.3951 2176.93 18.6167
300 30 1.241 0.3913 2175.47 18.2284
300 30 1.251 0.3982 2175.15 18.0686
300 30 1.261 0.3889 2176.41 17.7304
300 30 1.271 0.3969 2175.67 18.1157
300 30 1.281 0.3878 2175.21 18.0838
300 30 1.291 0.3701 2170.24 18.0548
300 30 1.301 0.3727 2174.78 18.1639
300 30 1.311 0.3883 2180.12 18.1911
300 30 1.321 0.3786 2180.17 18.2026
300 30 1.331 0.3839 2181.06 18.271
300 30 1.341 0.371 2177.79 18.269
300 30 1.351 0.3573 2177.55 18.3646
300 30 1.361 0.366 2174.88 18.1268
300 30 1.371 0.3793 2179.05 18.2544
300 30 1.381 0.3658 2180.07 18.2553
300 30 1.391 0.3751 2180.74 18.4014
300 30 1.401 0.3708 2185.02 18.4981
300 30 1.411 0.3677 2178.71 18.7138
300 30 1.421 0.3561 2180.45 18.8879
300 30 1.431 0.3656 2180.16 18.9629
300 30 1.441 0.3596 2181.84 19.0455
300 30 1.451 0.3556 2181.36 19.3142
300 30 1.461 0.3503 2178.62 19.0539
300 30 1.471 0.3478 2180.95 19.397
300 30 1.481 0.3588 2178.58 19.5809
300 30 1.491 0.3637 2180.27 19.8483
300 30 1.501 0.3463 2179 19.7774
300 30 1.511 0.3361 2178.86 19.603
300 30 1.521 0.3574 2180.88 19.6936
300 30 1.531 0.3522 2180.11 18.4831
300 30 1.541 0.3608 2180.74 18.3823
300 30 1.551 0.3388 2179.44 19.1969
300 30 1.561 0.3537 2182.15 19.4536
300 30 1.571 0.3423 2179.62 19.406
300 30 1.581 0.3398 2179.63 19.391
300 30 1.591 0.3422 2179.65 19.4229
300 30 1.601 0.3488 2179.43 19.412
300 30 1.611 0.3476 2179.29 19.375
300 30 1.621 0.3385 2179.09 19.5385
300 30 1.631 0.3483 2180.15 19.4114
300 30 1.641 0.3394 2179.78 19.5802
300 30 1.651 0.3453 2181.56 19.3841
300 30 1.661 0.345 2177.64 19.2706
300 30 1.671 0.3406 2181.88 19.2625
300 30 1.681 0.3504 2178.16 19.2474
300 30 1.691 0.3422 2178.58 19.2042
300 30 1.701 0.3446 2177.57 19.3058
300 30 1.711 0.3301 2177.22 19.6497
300 30 1.721 0.3333 2178.79 18.4336
300 30 1.731 0.355 2177.6 18.2026
300 30 1.741 0.3366 2177.08 18.7131
300 30 1.751 0.3339 2177.88 18.8395
300 30 1.761 0.3451 2176.95 18.7796
300 30 1.771 0.3402 2176.04 18.7367
300 30 1.781 0.3249 2176.05 18.6221
300 30 1.791 0.3393 2174.15 18.7275
300 30 1.801 0.3396 2174.39 18.6631
300 30 1.811 0.3179 2174.47 18.5415
300 30 1.821 0.33 2173.56 18.5605
300 30 1.831 0.3395 2172.83 18.4528
300 30 1.841 0.3381 2171.4 18.432
300 30 1.851 0.3418 2171.29 18.3506
300 30 1.861 0.3291 2169.14 18.1883
300 30 1.871 0.3394 2169.26 18.181
300 30 1.881 0.332 2170.05 17.3533
300 30 1.891 0.3433 2169.88 16.4656
300 30 1.901 0.3363 2170.03 18.0315
300 30 1.911 0.3413 2170.93 17.9654
300 30 1.921 0.334 2169.68 17.8705
300 30 1.931 0.3515 2169.21 17.8102
300 30 1.941 0.3309 2168.73 17.7602
300 30 1.951 0.3263 2168.77 17.6382
300 30 1.961 0.3406 2169.05 17.5804
300 30 1.971 0.326 2168.48 17.4983
300 30 1.981 0.3333 2169.33 17.3906
300 30 1.991 0.3317 2170.76 17.3077
300 40 0.001 594.885 28422.5 6.7776
300 40 0.011 591.906 28491.5 7.2876
300 40 0.021 539.39 26365.5 7.991
300 40 0.031 499.411 24854.1 8.4544
300 40 0.041 463.127 23343.6 9.3797
300 40 0.051 420.716 21611.7 9.9122
300 40 0.061 383.206 20226.7 10.4525
300 40 0.071 362.732 19434.9 12.0983
300 40 0.081 328.065 17848.4 12.2378
300 40 0.091 291.95 16533.5 12.9968
300 40 0.101 266.34 15388.4 13.1104
300 40 0.111 251.284 14753.5 13.2283
300 40 0.121 226.15 13690.5 13.2254
300 40 0.131 199.451 12507.2 13.3126
300 40 0.141 174.922 11414.2 13.4487
300 40 0.151 171.406 11173 13.9117
300 40 0.161 146.834 10146.5 14.2499
300 40 0.171 129.592 9326.29 14.3437
300 40 0.181 120.919 8837.57 14.6881
300 40 0.191 115.67 8639.51 15.6982
300 40 0.201 99.5267 7865.43 15.8135
300 40 0.211 85.4046 7137.64 16.037
300 40 0.221 77.9417 6819.3 16.2255
300 40 0.231 73.6639 6571.39 16.4922
300 40 0.241 66.123 6139.14 17.9271
300 40 0.251 54.629 5573.16 17.7722
300 40 0.261 48.9976 5236.81 17.5163
300 40 0.271 48.9032 5226.29 17.8538
300 40 0.281 42.0784 4890.2 18.0343
300 40 0.291 36.452 4492.95 17.8163
300 40 0.301 30.3644 4197.19 17.8756
300 40 0.311 28.2062 4114.73 17.8979
300 40 0.321 25.2815 3905.7 17.7694
300 40 0.331 23.4369 3763.29 18.0109
300 40 0.341 20.0019 3548.15 17.8958
300 40 0.351 18.122 3434.55 17.9888
300 40 0.361 16.6557 3320.36 17.9005
300 40 0.371 15.8211 3286.4 17.9956
300 40 0.381 14.2147 3190.85 18.1935
300 40 0.391 14.0576 3132.75 18.1668
300 40 0.401 11.4639 2989.65 18.216
300 40 0.411 10.7088 2935.46 17.6333
300 40 0.421 9.4363 2841.66 17.1182
300 40 0.431 9.7439 2858.6 17.2676
300 40 0.441 8.2856 2764.08 17.2619
300 40 0.451 7.7104 2692.79 17.2291
300 40 0.461 7.821 2684.12 17.4034
300 40 0.471 6.5183 2615.98 17.3581
300 40 0.481 6.4054 2569.16 17.2632
300 40 0.491 6.3991 2566.29 17.5656
300 40 0.501 5.6064 2515.12 17.376
300 40 0.511 5.3854 2477.07 17.4006
300 40 0.521 5.2972 2478.37 17.5377
300 40 0.531 5.1409 2433.92 17.3176
300 40 0.541 4.9679 2432.04 16.4947
300 40 0.551 4.6655 2412.37 16.2874
300 40 0.561 4.6406 2393.66 16.2187
300 40 0.571 4.6385 2389.36 16.3188
300 40 0.581 4.5764 2379.45 16.4213
300 40 0.591 4.4103 2357.2 16.8639
300 40 0.601 4.2731 2350.39 17.9399
300 40 0.611 4.1948 2345.81 18.1586
300 40 0.621 4.0087 2313.68 16.0019
300 40 0.631 4.0155 2318.3 15.5273
300 40 0.641 3.8808 2301.77 17.1969
300 40 0.651 3.8329 2300.75 17.5277
300 40 0.661 3.755 2283.69 17.4604
300 40 0.671 3.7889 2298.71 17.6345
300 40 0.681 3.736 2283.73 17.6799
300 40 0.691 3.687 2286.55 17.6517
300 40 0.701 3.6246 2269.39 17.7418
300 40 0.711 3.6304 2266.46 17.8376
300 40 0.721 3.601 2264.13 17.8115
300 40 0.731 3.5186 2256.63 17.8384
300 40 0.741 3.5429 2258.09 17.8907
300 40 0.751 3.5507 2249.7 18.138
300 40 0.761 3.4534 2243.66 18.6367
300 40 0.771 3.4392 2241.67 18.6782
300 40 0.781 3.3972 2233.09 18.8313
300 40 0.791 3.3826 2230.67 19.143
300 40 0.801 3.3529 2228.74 18.0632
300 40 0.811 3.3514 2225.05 18.6157
300 40 0.821 3.3172 2217.2 18.6104
300 40 0.831 3.2619 2222.85 18.8083
300 40 0.841 3.2659 2219.17 18.7458
300 40 0.851 3.2402 2204.15 18.7609
300 40 0.861 3.2583 2215.67 18.7644
300 40 0.871 3.2488 2207.16 18.8883
300 40 0.881 3.1737 2209.77 18.9928
300 40 0.891 3.21 2201.83 19.0795
300 40 0.901 3.1319 2201.33 19.3211
300 40 0.911 3.1143 2195.17 18.7273
300 40 0.921 3.1065 2195.03 18.707
300 40 0.931 3.1494 2193.36 19.2715
300 40 0.941 3.1231 2196.18 19.3257
300 40 0.951 3.1209 2193.92 19.4265
300 40 0.961 3.1058 2188.51 19.4723
300 40 0.971 3.0646 2186.56 19.5257
300 40 0.981 3.109 2186.03 19.6422
300 40 0.991 3.1071 2190.17 19.799
300 40 1.001 3.0923 2181.59 19.645
300 40 1.011 3.106 2181.13 19.7877
300 40 1.021 3.0953 2176.22 19.8083
300 40 1.031 3.0903 2180.41 20.0312
300 40 1.041 3.1027 2172.46 20.1922
300 40 1.051 3.0796 2174.6 19.0714
300 40 1.061 3.0642 2169.22 19.9385
300 40 1.071 3.0462 2168.97 19.9644
300 40 1.081 3.0086 2173.56 20.133
300 40 1.091 3.0066 2169.08 19.9488
300 40 1.101 2.987 2166.74 19.807
300 40 1.111 2.9708 2168.15 19.7892
300 40 1.121 2.9567 2165.2 19.9396
300 40 1.131 2.9047 2167.98 19.8113
300 40 1.141 2.8797 2167.1 18.3878
300 40 1.151 2.8856 2165.12 18.4262
300 40 1.161 2.8861 2166.63 19.0077
300 40 1.171 2.816 2165.34 19.2467
300 40 1.181 2.8328 2163.95 19.9921
300 40 1.191 2.807 2164.49 20.0457
300 40 1.201 2.7781 2161.25 19.9222
300 40 1.211 2.7607 2162.61 20.0415
300 40 1.221 2.7219 2161.82 20.0349
300 40 1.231 2.704 2161.72 19.8149
300 40 1.241 2.6996 2159.88 20.1559
300 40 1.251 2.6774 2164.24 20.2265
300 40 1.261 2.645 2162.42 20.2655
300 40 1.271 2.6309 2162.05 20.2082
300 40 1.281 2.6287 2162.13 20.132
300 40 1.291 2.5645 2162.01 20.1277
300 40 1.301 2.5425 2160.35 20.3465
300 40 1.311 2.5255 2163.57 20.1699
300 40 1.321 2.5241 2161.1 20.3992
300 40 1.331 2.5276 2162.65 20.1263
300 40 1.341 2.5064 2164.47 19.5874
300 40 1.351 2.4901 2161.24 20.3483
300 40 1.361 2.4735 2165.28 20.6053
300 40 1.371 2.4402 2161.98 21.1021
300 40 1.381 2.4778 2163.71 21.4311
300 40 1.391 2.4038 2167.03 21.4303
300 40 1.401 2.3815 2167.77 21.0811
300 40 1.411 2.3945 2165.49 19.4076
300 40 1.421 2.3595 2166.91 21.015
300 40 1.431 2.3756 2166.04 20.2972
300 40 1.441 2.3326 2170.4 18.8365
300 40 1.451 2.3426 2167.39 18.7584
300 40 1.461 2.3156 2171.7 18.7156
300 40 1.471 2.3 2166.48 18.5919
300 40 1.481 2.2842 2171.84 18.7632
300 40 1.491 2.2689 2173.37 18.7065
300 40 1.501 2.2903 2173.13 18.7131
300 40 1.511 2.2595 2170.37 20.8143
300 40 1.521 2.2559 2176.27 21.0096
300 40 1.531 2.2302 2174.44 20.5651
300 40 1.541 2.2264 2173.83 20.4928
300 40 1.551 2.2167 2174.71 20.4969
300 40 1.561 2.2105 2176.43 20.5277
300 40 1.571 2.201 2176.1 20.5552
300 40 1.581 2.1692 2179.07 20.4915
300 40 1.591 2.1577 2183.2 20.5212
300 40 1.601 2.107 2182.58 20.9647
300 40 1.611 2.0513 2183.66 19.7384
300 40 1.621 2.0475 2181.89 20.2392
300 40 1.631 1.9954 2183.5 21.0252
300 40 1.641 1.9179 2186.89 21.1171
300 40 1.651 1.8899 2191.54 20.5927
300 40 1.661 1.8678 2191.73 20.5643
300 40 1.671 1.8384 2187.33 20.4275
300 40 1.681 1.7736 2191.93 20.9142
300 40 1.691 1.7637 2195.69 21.1363
300 40 1.701 1.6969 2194.54 19.8402
300 40 1.711 1.6767 2199.82 20.176
300 40 1.721 1.6586 2202.05 21.0178
300 40 1.731 1.6247 2201.03 20.948
300 40 1.741 1.5908 2208.3 20.6239
300 40 1.751 1.5656 2208.13 20.9814
300 40 1.761 1.5509 2206.12 22.5856
300 40 1.771 1.5236 2208.08 22.1384
300 40 1.781 1.5141 2215.09 22.7828
300 40 1.791 1.4885 2215.13 22.8267
300 40 1.801 1.4749 2221.03 21.2949
300 40 1.811 1.4579 2223.14 20.9388
300 40 1.821 1.4334 2227.26 20.6245
300 40 1.831 1.4329 2228.38 19.332
300 40 1.841 1.4092 2235.62 20.3698
300 40 1.851 1.3968 2237.87 20.9355
300 40 1.861 1.3877 2239.23 20.8026
300 40 1.871 1.3835 2246.21 20.7174
300 40 1.881 1.3708 2247.33 20.7658
300 40 1.891 1.3733 2253.39 20.7568
300 40 1.901 1.3563 2256.25 20.5377
300 40 1.911 1.3536 2261.17 20.5657
300 40 1.921 1.35 2264.49 20.7638
300 40 1.931 1.3513 2267.13 20.5361
300 40 1.941 1.3418 2272.25 20.2718
300 40 1.951 1.3438 2276.04 20.2313
300 40 1.961 1.3459 2282.1 20.2054
300 40 1.971 1.3386 2287.05 20.1484
300 40 1.981 1.3248 2291.38 19.971
300 40 1.991 1.3447 2299.4 20.0875
400 10 0.001 2.4335 11186 2.796
400 10 0.011 2.5712 11714.2 2.9315
400 10 0.021 2.4696 11242.5 3.6701
400 10 0.031 2.5106 11349.7 3.9826
400 10 0.041 2.4531 11029.3 4.2869
400 10 0.051 2.3279 10533.9 4.262
400 10 0.061 2.3877 10696.1 3.9058
400 10 0.071 2.2657 10080.3 4.1359
400 10 0.081 2.2734 10106.7 4.4009
400 10 0.091 2.2131 9812.59 4.6692
400 10 0.101 2.1555 9547.36 5.0853
400 10 0.111 2.1833 9530.63 6.7789
400 10 0.121 2.0612 9115.85 6.532
400 10 0.131 2.1458 9329.44 6.4664
400 10 0.141 2.1208 9213.5 6.4649
400 10 0.151 2.1369 9138.6 6.8839
400 10 0.161 2.0863 8951 7.0806
400 10 0.171 2.0257 8662.19 7.4756
400 10 0.181 1.9992 8424.42 7.951
400 10 0.191 1.9259 8251.55 8.0198
400 10 0.201 1.883 7974.08 8.4639
400 10 0.211 1.9141 7966.02 8.9991
400 10 0.221 1.8326 7639.48 9.4
400 10 0.231 1.7698 7411.22 9.5974
400 10 0.241 1.7661 7258.43 9.9235
400 10 0.251 1.7647 7201.61 10.483
400 10 0.261 1.8247 7181.96 11.7046
400 10 0.271 1.702 6783.15 12.2087
400 10 0.281 1.6676 6807.03 11.9447
400 10 0.291 1.674 6635.98 12.4142
400 10 0.301 1.6279 6452.34 12.4812
400 10 0.311 1.5919 6269.12 12.9317
400 10 0.321 1.584 6196.23 13.3176
400 10 0.331 1.5763 6203.72 13.8243
400 10 0.341 1.525 5936.65 13.8873
400 10 0.351 1.4915 5833.26 14.1783
400 10 0.361 1.4351 5601.78 14.9536
400 10 0.371 1.4622 5623.82 15.3293
400 10 0.381 1.3609 5390.5 15.731
400 10 0.391 1.3871 5331.42 16.3093
400 10 0.401 1.3834 5251.77 16.9648
400 10 0.411 1.356 5055.47 16.9643
400 10 0.421 1.2427 4789.99 17.2286
400 10 0.431 1.3151 4852.91 18.7028
400 10 0.441 1.3214 4890.8 18.0852
400 10 0.451 1.2415 4636.76 18.0787
400 10 0.461 1.1752 4399.73 18.2598
400 10 0.471 1.2251 4487.79 19.057
400 10 0.481 1.2099 4345.72 18.958
400 10 0.491 1.1789 4264.61 19.5949
400 10 0.501 1.1381 4149.15 19.8811
400 10 0.511 1.1153 4057.86 20.3247
400 10 0.521 1.1067 3993.59 20.5837
400 10 0.531 1.127 3978.6 22.5608
400 10 0.541 1.0808 3879.09 22.9527
400 10 0.551 1.0544 3675.51 22.4765
400 10 0.561 1.0394 3686.95 23.4951
400 10 0.571 0.9956 3564.05 23.5203
400 10 0.581 0.9863 3477.4 24.0377
400 10 0.591 0.9497 3408.52 24.1712
400 10 0.601 0.9399 3367.61 24.4244
400 10 0.611 0.9038 3249.69 24.2694
400 10 0.621 0.9057 3304.15 24.7034
400 10 0.631 0.9179 3236.81 26.0355
400 10 0.641 0.8615 3169.96 26.5349
400 10 0.651 0.8425 2991.16 26.0433
400 10 0.661 0.8529 3016.48 27.0294
400 10 0.671 0.8656 2973.45 27.549
400 10 0.681 0.7935 2911.83 27.829
400 10 0.691 0.8066 2872.25 28.5777
400 10 0.701 0.7841 2806.1 28.0337
400 10 0.711 0.7846 2782.42 28.4451
400 10 0.721 0.7866 2733.02 28.4422
400 10 0.731 0.7361 2742.74 29.086
400 10 0.741 0.7198 2668.68 29.3699
400 10 0.751 0.7134 2595.67 29.7303
400 10 0.761 0.7092 2584.84 30.207
400 10 0.771 0.7182 2585.42 30.2495
400 10 0.781 0.6754 2528.4 29.5807
400 10 0.791 0.6861 2458.25 29.2089
400 10 0.801 0.6843 2480.58 30.0165
400 10 0.811 0.658 2448.04 30.1764
400 10 0.821 0.6175 2392.76 30.6375
400 10 0.831 0.6329 2368.61 30.6213
400 10 0.841 0.599 2339.86 30.5907
400 10 0.851 0.6029 2318.38 30.8052
400 10 0.861 0.6063 2293.26 31.5099
400 10 0.871 0.5863 2296.11 32.6012
400 10 0.881 0.5824 2268.73 33.5707
400 10 0.891 0.5535 2250.74 33.2735
400 10 0.901 0.5628 2257.22 33.7139
400 10 0.911 0.5727 2226.02 34.1311
400 10 0.921 0.563 2225.02 34.3337
400 10 0.931 0.5533 2199.4 34.3875
400 10 0.941 0.5482 2194.46 35.0578
400 10 0.951 0.5322 2148.28 34.7167
400 10 0.961 0.5183 2171.38 35.6523
400 10 0.971 0.4936 2120.36 34.9954
400 10 0.981 0.5138 2133.85 35.9605
400 10 0.991 0.4979 2110.16 36.1696
400 10 1.001 0.4714 2080.25 35.9238
400 10 1.011 0.5018 2089.09 36.7924
400 10 1.021 0.4948 2069.48 36.8194
400 10 1.031 0.4843 2075.9 37.1914
400 10 1.041 0.483 2053.97 37.1763
400 10 1.051 0.4535 2042.77 37.6067
400 10 1.061 0.4465 2023.59 37.5515
400 10 1.071 0.4547 2026.22 37.9293
400 10 1.081 0.443 2020.55 38.1797
400 10 1.091 0.4547 2022.03 39.3269
400 10 1.101 0.4486 2012.15 39.6521
400 10 1.111 0.4386 2017.03 37.7659
400 10 1.121 0.4098 2007.89 38.8585
400 10 1.131 0.4154 1991.65 38.0006
400 10 1.141 0.4252 1994.98 39.3152
400 10 1.151 0.413 1997.15 39.9639
400 10 1.161 0.4212 1999.83 40.035
400 10 1.171 0.4069 1996.03 38.3165
400 10 1.181 0.4162 1988.31 38.2505
400 10 1.191 0.3958 1983.14 38.45
400 10 1.201 0.4043 1990.42 38.8864
400 10 1.211 0.4069 1988.03 39.0129
400 10 1.221 0.3886 1985.69 40.6006
400 10 1.231 0.4006 1983.45 39.2713
400 10 1.241 0.4033 1995.16 40.5322
400 10 1.251 0.4009 1989.47 41.4624
400 10 1.261 0.3948 1981.63 40.1074
400 10 1.271 0.3909 1989.94 40.9929
400 10 1.281 0.3828 1987.55 42.0584
400 10 1.291 0.3784 1986.43 42.0664
400 10 1.301 0.3826 1976.86 41.8604
400 10 1.311 0.385 1982.26 42.215
400 10 1.321 0.3779 1983.17 42.4305
400 10 1.331 0.3671 1982.76 42.2243
400 10 1.341 0.3823 1984.47 42.8818
400 10 1.351 0.3755 1989.09 43.1208
400 10 1.361 0.3539 1977.37 42.2479
400 10 1.371 0.3691 1987.09 42.7455
400 10 1.381 0.3692 1993.66 41.0127
400 10 1.391 0.385 1989.87 40.7914
400 10 1.401 0.3545 1995.63 40.9804
400 10 1.411 0.3565 1988.44 40.5739
400 10 1.421 0.3696 2000.94 41.1498
400 10 1.431 0.372 1996.07 41.0512
400 10 1.441 0.3615 1996.69 41.0346
400 10 1.451 0.3482 1988.68 40.9341
400 10 1.461 0.3537 1993.12 40.9032
400 10 1.471 0.362 2004.64 41.387
400 10 1.481 0.355 2000.33 41.3256
400 10 1.491 0.3602 1997.46 41.1714
400 10 1.501 0.3537 2004.37 41.3972
400 10 1.511 0.3518 2008.07 41.4476
400 10 1.521 0.3548 2005.55 41.5188
400 10 1.531 0.3428 2004.81 41.3528
400 10 1.541 0.3516 2014.7 41.5053
400 10 1.551 0.3569 2014.09 41.6365
400 10 1.561 0.3484 2019.46 41.8355
400 10 1.571 0.3503 2016.86 41.7582
400 10 1.581 0.3439 2022.8 41.8848
400 10 1.591 0.3471 2018.63 43.0792
400 10 1.601 0.3436 2023.91 44.5135
400 10 1.611 0.3301 2022.64 44.1847
400 10 1.621 0.3433 2034.55 44.4368
400 10 1.631 0.3455 2034.28 43.7174
400 10 1.641 0.3491 2038.57 44.3993
400 10 1.651 0.3447 2042.96 44.2289
400 10 1.661 0.3371 2048.8 42.5627
400 10 1.671 0.3348 2041.89 40.7801
400 10 1.681 0.3451 2050.05 40.5334
400 10 1.691 0.3376 2053.81 40.5132
400 10 1.701 0.3563 2054.64 40.3521
400 10 1.711 0.3488 2063.27 40.6225
400 10 1.721 0.3231 2071.31 40.5332
400 10 1.731 0.3451 2074.51 40.3689
400 10 1.741 0.3452 2071.76 40.1663
400 10 1.751 0.3404 2079.14 40.4721
400 10 1.761 0.3279 2081.96 40.3155
400 10 1.771 0.3349 2087.78 40.3196
400 10 1.781 0.338 2088.58 39.8127
400 10 1.791 0.3347 2101.64 40.0443
400 10 1.801 0.3431 2096.11 39.9576
400 10 1.811 0.3347 2098.93 39.8902
400 10 1.821 0.3459 2108.51 40.0207
400 10 1.831 0.3217 2109.84 39.9242
400 10 1.841 0.3308 2111.83 39.8812
400 10 1.851 0.334 2115.87 39.8513
400 10 1.861 0.3233 2125.21 39.9669
400 10 1.871 0.3396 2129.96 39.7
400 10 1.881 0.33 2133.12 39.6975
400 10 1.891 0.3361 2142.42 40.0224
400 10 1.901 0.3322 2145.07 39.8199
400 10 1.911 0.3346 2146.83 39.7405
400 10 1.921 0.3454 2152.81 39.901
400 10 1.931 0.336 2154.68 39.7901
400 10 1.941 0.3256 2161.01 41.976
400 10 1.951 0.3523 2168.92 42.8838
400 10 1.961 0.3322 2173.72 42.2474
400 10 1.971 0.3246 2178.87 42.3477
400 10 1.981 0.3284 2184.7 41.9837
400 10 1.991 0.3281 2189.08 41.8886
400 20 0.001 4.8602 20408.3 4.2594
400 20 0.011 4.9185 20425.6 5.0221
400 20 0.021 4.7818 19703.5 5.4731
400 20 0.031 4.6694 18956.5 5.9439
400 20 0.041 4.6447 18656.5 6.454
400 20 0.051 4.4485 17577.6 6.7487
400 20 0.061 4.3755 17331.5 7.6848
400 20 0.071 4.3353 16708.7 8.5229
400 20 0.081 4.3695 16600.2 8.7971
400 20 0.091 4.0923 15376.4 8.2139
400 20 0.101 4.0907 15003.7 8.9224
400 20 0.111 3.7685 13868.2 9.1444
400 20 0.121 3.7147 13158 10.0028
400 20 0.131 3.7255 13161.5 10.2488
400 20 0.141 3.6135 12399.2 10.9187
400 20 0.151 3.4526 11906.1 11.0107
400 20 0.161 3.3577 11158.7 11.5924
400 20 0.171 3.2821 11019.3 12.0121
400 20 0.181 3.2739 10531.9 12.3029
400 20 0.191 3.1665 10041.8 12.825
400 20 0.201 2.9638 9324.83 13.0008
400 20 0.211 2.9254 8929.58 13.5012
400 20 0.221 2.9008 8866.25 14.2393
400 20 0.231 2.8406 8455.86 14.5751
400 20 0.241 2.6242 7913.52 14.623
400 20 0.251 2.6749 7675.81 15.2172
400 20 0.261 2.5696 7291.97 15.1479
400 20 0.271 2.4168 6950.97 15.7711
400 20 0.281 2.3975 6584.98 15.9346
400 20 0.291 2.3422 6230.96 16.2593
400 20 0.301 2.3143 6154.75 16.729
400 20 0.311 2.2594 5894.73 16.9353
400 20 0.321 2.0896 5553.8 17.1118
400 20 0.331 2.0877 5358.69 17.6494
400 20 0.341 1.9998 5129.4 17.8214
400 20 0.351 2.0801 5154.57 18.3243
400 20 0.361 1.9004 4703.92 18.0467
400 20 0.371 1.8105 4441.43 18.381
400 20 0.381 1.8463 4364.98 18.9472
400 20 0.391 1.765 4234.88 18.822
400 20 0.401 1.7516 4090.82 19.2491
400 20 0.411 1.6836 3873.36 19.2308
400 20 0.421 1.5659 3760.4 19.5125
400 20 0.431 1.546 3604.01 19.6939
400 20 0.441 1.5492 3601.09 19.8351
400 20 0.451 1.4977 3467.69 20.1133
400 20 0.461 1.4816 3393.29 20.3757
400 20 0.471 1.4156 3233.48 20.4536
400 20 0.481 1.3534 3169.83 20.6032
400 20 0.491 1.3387 3049.35 20.9902
400 20 0.501 1.3344 2986.12 20.9807
400 20 0.511 1.3097 2950.87 21.697
400 20 0.521 1.2648 2870.26 21.4672
400 20 0.531 1.2318 2810.88 21.8476
400 20 0.541 1.2211 2764.39 21.9009
400 20 0.551 1.24 2711.44 21.7949
400 20 0.561 1.1317 2626.49 21.6162
400 20 0.571 1.1024 2602.04 21.7425
400 20 0.581 1.1136 2590.85 21.879
400 20 0.591 1.0399 2491.85 21.6985
400 20 0.601 1.0343 2449.02 22.1508
400 20 0.611 1.0195 2462.17 21.7205
400 20 0.621 0.9966 2404.84 21.8704
400 20 0.631 0.9675 2382.1 22.1634
400 20 0.641 0.9635 2363.74 23.4197
400 20 0.651 0.9572 2308.33 23.3161
400 20 0.661 0.9381 2311.95 23.0298
400 20 0.671 0.8843 2279.18 23.3026
400 20 0.681 0.9059 2275.48 23.3017
400 20 0.691 0.8574 2220.66 22.919
400 20 0.701 0.8887 2225.85 23.1713
400 20 0.711 0.8154 2193.45 23.2631
400 20 0.721 0.8118 2186.83 23.4424
400 20 0.731 0.783 2154.22 23.4072
400 20 0.741 0.7627 2150.79 23.7857
400 20 0.751 0.7564 2144.02 23.9938
400 20 0.761 0.7432 2119.15 23.7805
400 20 0.771 0.6855 2094.55 23.6285
400 20 0.781 0.7004 2104.17 24.1714
400 20 0.791 0.6812 2085.1 24.1145
400 20 0.801 0.685 2094.73 23.407
400 20 0.811 0.7195 2085.63 23.3846
400 20 0.821 0.6797 2071.31 24.0262
400 20 0.831 0.6422 2056.35 24.4254
400 20 0.841 0.6287 2051.24 24.6852
400 20 0.851 0.6144 2060.64 24.9567
400 20 0.861 0.6189 2034.5 24.7689
400 20 0.871 0.5887 2019.02 24.6297
400 20 0.881 0.5892 2027.92 24.457
400 20 0.891 0.572 2022.06 24.7115
400 20 0.901 0.5621 2025.12 24.8913
400 20 0.911 0.5758 2026.12 25.4627
400 20 0.921 0.5667 2007.73 25.131
400 20 0.931 0.549 2011.51 25.1677
400 20 0.941 0.5411 2007.13 25.5776
400 20 0.951 0.5262 1991.93 25.6795
400 20 0.961 0.5154 1995.12 26.0035
400 20 0.971 0.4946 1985.13 25.9875
400 20 0.981 0.5117 1991.77 26.2909
400 20 0.991 0.4977 1979.16 25.9364
400 20 1.001 0.4951 1981.12 26.0273
400 20 1.011 0.4701 1969.48 26.7052
400 20 1.021 0.4762 1963.71 26.7503
400 20 1.031 0.4818 1967.17 26.425
400 20 1.041 0.4631 1960.13 26.2985
400 20 1.051 0.4604 1958.55 27.0065
400 20 1.061 0.4651 1967.67 27.172
400 20 1.071 0.4542 1956.28 26.9708
400 20 1.081 0.4424 1957.29 26.0551
400 20 1.091 0.4472 1953.12 26.0033
400 20 1.101 0.4328 1953.37 26.1255
400 20 1.111 0.4333 1957.66 26.3077
400 20 1.121 0.437 1950.71 27.6551
400 20 1.131 0.433 1949.42 27.7232
400 20 1.141 0.4135 1948.12 27.6153
400 20 1.151 0.4087 1953.4 28.0275
400 20 1.161 0.4169 1950.48 28.0005
400 20 1.171 0.4301 1954.28 27.6814
400 20 1.181 0.4058 1954.7 26.8603
400 20 1.191 0.3989 1950.79 26.6408
400 20 1.201 0.4099 1950.76 26.7106
400 20 1.211 0.3869 1948.54 26.4869
400 20 1.221 0.4045 1950.85 26.7129
400 20 1.231 0.3939 1951.67 26.8202
400 20 1.241 0.4033 1954.46 27.9396
400 20 1.251 0.3831 1952.81 28.4664
400 20 1.261 0.392 1953.63 27.1565
400 20 1.271 0.3861 1958.92 26.9156
400 20 1.281 0.3763 1957.59 26.9581
400 20 1.291 0.3978 1960.98 27.1779
400 20 1.301 0.3819 1959.22 27.102
400 20 1.311 0.3785 1955.95 26.9707
400 20 1.321 0.3894 1962.53 28.0486
400 20 1.331 0.3784 1962.91 28.6152
400 20 1.341 0.368 1961.77 28.442
400 20 1.351 0.369 1957.74 28.2072
400 20 1.361 0.3734 1963.49 28.7357
400 20 1.371 0.3614 1961.11 29.0219
400 20 1.381 0.3837 1965.09 29.1023
400 20 1.391 0.369 1959.72 28.3975
400 20 1.401 0.3703 1965.2 28.0517
400 20 1.411 0.3642 1964.91 28.0328
400 20 1.421 0.3467 1962.31 28.0285
400 20 1.431 0.3649 1969.46 28.147
400 20 1.441 0.3718 1977.55 28.412
400 20 1.451 0.3612 1968.57 28.2864
400 20 1.461 0.3501 1967.34 28.2725
400 20 1.471 0.3686 1975.84 29.4231
400 20 1.481 0.3493 1971.22 30.4546
400 20 1.491 0.3625 1974.13 30.4612
400 20 1.501 0.3613 1972.34 28.7372
400 20 1.511 0.3559 1975.47 29.7673
400 20 1.521 0.3643 1977.23 28.7145
400 20 1.531 0.3509 1979.69 28.7591
400 20 1.541 0.3613 1981.49 28.7261
400 20 1.551 0.3612 1975.38 29.3522
400 20 1.561 0.3509 1982.32 28.2957
400 20 1.571 0.3399 1982.32 28.1169
400 20 1.581 0.3303 1982.57 28.1089
400 20 1.591 0.3485 1982.44 27.9322
400 20 1.601 0.3493 1985.1 27.9724
400 20 1.611 0.3467 1986.5 28.9066
400 20 1.621 0.3425 1991.69 29.8681
400 20 1.631 0.3441 1991.55 29.8633
400 20 1.641 0.3374 1995.38 27.7611
400 20 1.651 0.3442 2000.79 27.7372
400 20 1.661 0.323 1998.46 27.694
400 20 1.671 0.3392 1999.32 27.6085
400 20 1.681 0.3465 2007.82 28.4542
400 20 1.691 0.3524 2009.18 27.9353
400 20 1.701 0.3363 2012.34 27.9478
400 20 1.711 0.3383 2013.76 29.1298
400 20 1.721 0.3371 2017.69 27.6398
400 20 1.731 0.326 2020.04 28.5027
400 20 1.741 0.3489 2020.78 28.2939
400 20 1.751 0.3424 2023.2 28.0119
400 20 1.761 0.3312 2025.52 28.0194
400 20 1.771 0.3456 2028.24 28.0181
400 20 1.781 0.3388 2031.79 28.0573
400 20 1.791 0.3343 2035.45 28.0727
400 20 1.801 0.3424 2036.95 28.7922
400 20 1.811 0.3347 2042.4 29.1357
400 20 1.821 0.3307 2040.45 29.1186
400 20 1.831 0.3309 2045.93 29.5831
400 20 1.841 0.3299 2048.42 28.1556
400 20 1.851 0.3253 2050.32 27.1313
400 20 1.861 0.3279 2053.62 27.1311
400 20 1.871 0.3297 2056.87 26.8683
400 20 1.881 0.3377 2061.85 26.8892
400 20 1.891 0.3369 2064.68 26.7085
400 20 1.901 0.3402 2068.37 26.6365
400 20 1.911 0.3384 2073.27 26.422
400 20 1.921 0.3358 2074.87 26.4472
400 20 1.931 0.3357 2077.51 26.4813
400 20 1.941 0.3483 2082.45 26.3841
400 20 1.951 0.3259 2086.38 26.1491
400 20 1.961 0.3366 2091.01 25.989
400 20 1.971 0.336 2095.44 25.964
400 20 1.981 0.3415 2100.58 25.1301
400 20 1.991 0.3376 2104.45 24.985
400 30 0.001 7.6517 30837.3 9.7332
400 30 0.011 7.4256 29412.6 10.2834
400 30 0.021 7.1695 27841.5 8.9451
400 30 0.031 6.9773 26720.6 8.1583
400 30 0.041 6.8951 25552 8.6211
400 30 0.051 6.4971 23940.3 9.0491
400 30 0.061 6.1054 21953.3 9.0967
400 30 0.071 6.0379 21052.6 10.1583
400 30 0.081 5.8985 19961.1 10.2894
400 30 0.091 5.4965 18516.1 10.7794
400 30 0.101 5.3206 17237 11.5378
400 30 0.111 5.1632 16311.4 11.4453
400 30 0.121 4.9762 15315.7 11.9471
400 30 0.131 4.778 14408.9 12.7026
400 30 0.141 4.7083 13888 13.1279
400 30 0.151 4.3983 12413 13.4347
400 30 0.161 4.2916 12051.9 13.8111
400 30 0.171 4.2304 11308.2 14.0503
400 30 0.181 3.9782 10344.4 14.8177
400 30 0.191 3.8998 9969.28 14.7069
400 30 0.201 3.6589 9204.69 15.6345
400 30 0.211 3.7939 8928.57 15.8549
400 30 0.221 3.4505 8106.35 15.5394
400 30 0.231 3.3311 7751.95 15.624
400 30 0.241 3.1901 7225.37 15.9041
400 30 0.251 3.0854 6910.69 15.9794
400 30 0.261 2.9744 6300.23 16.1078
400 30 0.271 2.9676 6213.83 16.4178
400 30 0.281 2.5384 5486.82 16.1514
400 30 0.291 2.5653 5355.54 16.3095
400 30 0.301 2.6178 5139.49 16.8696
400 30 0.311 2.3437 4812.72 16.5884
400 30 0.321 2.3522 4686.22 16.7844
400 30 0.331 2.2994 4567.14 17.1036
400 30 0.341 2.2111 4222.65 17.3012
400 30 0.351 2.2072 4221.6 17.5627
400 30 0.361 2.0319 3863.9 17.395
400 30 0.371 2.0503 3788.45 17.2846
400 30 0.381 1.858 3682.15 17.4282
400 30 0.391 1.8515 3545.95 17.2423
400 30 0.401 1.7979 3478.3 17.2891
400 30 0.411 1.8361 3400.95 17.3688
400 30 0.421 1.7736 3285.36 17.5295
400 30 0.431 1.6407 3155.85 17.4905
400 30 0.441 1.5906 3113.2 17.3561
400 30 0.451 1.5593 2997.69 17.3967
400 30 0.461 1.5952 3012.54 18.3042
400 30 0.471 1.5066 2949.51 18.62
400 30 0.481 1.4977 2824.08 18.267
400 30 0.491 1.3961 2808.35 17.9665
400 30 0.501 1.3807 2738.35 17.4216
400 30 0.511 1.2962 2741.67 17.5313
400 30 0.521 1.2755 2690.94 17.426
400 30 0.531 1.3031 2701.28 17.2228
400 30 0.541 1.1922 2629.05 16.4121
400 30 0.551 1.2063 2625 16.5895
400 30 0.561 1.1951 2590.99 16.4494
400 30 0.571 1.1363 2560.26 16.5054
400 30 0.581 1.0712 2563.86 16.5593
400 30 0.591 1.105 2532.45 16.6849
400 30 0.601 1.062 2525.15 16.6662
400 30 0.611 0.9925 2490.31 16.6532
400 30 0.621 0.9882 2481.34 17.5501
400 30 0.631 0.9549 2476.67 17.9914
400 30 0.641 0.9128 2454.61 17.8903
400 30 0.651 0.9302 2459.74 17.8293
400 30 0.661 0.9268 2458.87 17.521
400 30 0.671 0.906 2434.16 17.0822
400 30 0.681 0.8925 2421.54 17.1006
400 30 0.691 0.9112 2429.01 17.2558
400 30 0.701 0.8094 2402.99 17.1473
400 30 0.711 0.8415 2397.48 17.2084
400 30 0.721 0.7883 2394.97 17.4304
400 30 0.731 0.7916 2400.11 17.5007
400 30 0.741 0.7678 2385.49 17.4153
400 30 0.751 0.7594 2363.71 17.349
400 30 0.761 0.7345 2366.15 17.666
400 30 0.771 0.7208 2361.08 18.0571
400 30 0.781 0.7257 2367.34 18.5437
400 30 0.791 0.6693 2345.7 18.4193
400 30 0.801 0.7093 2358.65 18.7906
400 30 0.811 0.6545 2339.43 18.4284
400 30 0.821 0.6626 2341.3 18.7475
400 30 0.831 0.6691 2342.67 18.7968
400 30 0.841 0.6619 2339.73 18.9942
400 30 0.851 0.6294 2331.01 19.1079
400 30 0.861 0.6526 2336.62 19.1085
400 30 0.871 0.5933 2322.02 18.9884
400 30 0.881 0.6307 2325.62 19.1714
400 30 0.891 0.5577 2312.53 19.0305
400 30 0.901 0.5458 2306.09 18.9638
400 30 0.911 0.5468 2313.37 19.2227
400 30 0.921 0.5588 2309.68 19.3712
400 30 0.931 0.5503 2301.82 19.2822
400 30 0.941 0.5474 2301.06 19.4459
400 30 0.951 0.543 2302.32 19.5795
400 30 0.961 0.5293 2295.65 19.7508
400 30 0.971 0.5197 2295.58 20.7966
400 30 0.981 0.504 2288.05 21.2408
400 30 0.991 0.4945 2289.09 20.8215
400 30 1.001 0.5031 2289.74 20.4341
400 30 1.011 0.4973 2289.31 20.2192
400 30 1.021 0.4664 2279.03 20.1602
400 30 1.031 0.4595 2283.24 20.4961
400 30 1.041 0.4732 2283.83 20.4161
400 30 1.051 0.465 2277.28 20.3974
400 30 1.061 0.4539 2279.52 20.4895
400 30 1.071 0.4527 2277.56 20.5325
400 30 1.081 0.4407 2271.97 20.7259
400 30 1.091 0.4347 2275.71 20.8224
400 30 1.101 0.4322 2269.18 20.798
400 30 1.111 0.4362 2273.53 20.9402
400 30 1.121 0.4257 2273.72 21.0502
400 30 1.131 0.4336 2271.82 21.534
400 30 1.141 0.4155 2272.46 21.0527
400 30 1.151 0.4062 2269.2 21.9301
400 30 1.161 0.406 2270.62 22.1898
400 30 1.171 0.417 2274.74 22.2433
400 30 1.181 0.417 2271.58 21.4124
400 30 1.191 0.3981 2271.06 21.2235
400 30 1.201 0.4081 2271.85 21.7606
400 30 1.211 0.3916 2274.91 21.8513
400 30 1.221 0.3819 2273.79 21.8357
400 30 1.231 0.375 2273.15 21.9278
400 30 1.241 0.3994 2277.77 22.0809
400 30 1.251 0.3987 2273.66 22.5958
400 30 1.261 0.398 2273.67 22.58
400 30 1.271 0.3806 2270.48 21.8186
400 30 1.281 0.3814 2276.15 21.4901
400 30 1.291 0.3748 2273.81 21.3201
400 30 1.301 0.3898 2274.88 20.6882
400 30 1.311 0.3772 2277.12 20.8725
400 30 1.321 0.3798 2277.45 20.93
400 30 1.331 0.3847 2277.35 21.4776
400 30 1.341 0.3844 2279.03 22.072
400 30 1.351 0.3758 2278.91 22.2666
400 30 1.361 0.3805 2280.24 21.6089
400 30 1.371 0.3667 2280.19 21.268
400 30 1.381 0.3861 2275.78 21.3067
400 30 1.391 0.3838 2284.45 21.3901
400 30 1.401 0.3609 2280.65 21.5034
400 30 1.411 0.3603 2284.62 21.8826
400 30 1.421 0.3683 2280.62 22.7317
400 30 1.431 0.3587 2287.81 22.9044
400 30 1.441 0.3586 2286.77 23.0281
400 30 1.451 0.3547 2287.54 23.2471
400 30 1.461 0.3494 2285.59 23.2482
400 30 1.471 0.3585 2288.82 23.1877
400 30 1.481 0.3675 2288.98 23.1698
400 30 1.491 0.3578 2291.88 23.2781
400 30 1.501 0.3547 2293.72 23.2504
400 30 1.511 0.3393 2291.78 23.128
400 30 1.521 0.3471 2293.74 23.382
400 30 1.531 0.3448 2296.64 23.4489
400 30 1.541 0.3484 2294.29 23.2312
400 30 1.551 0.3577 2299 23.462
400 30 1.561 0.3504 2295.87 23.5281
400 30 1.571 0.3602 2298.86 22.6754
400 30 1.581 0.3507 2301.08 22.9735
400 30 1.591 0.3352 2301.54 23.3369
400 30 1.601 0.3467 2304.58 23.3133
400 30 1.611 0.352 2309.83 23.4264
400 30 1.621 0.3475 2314.23 23.5113
400 30 1.631 0.3445 2313.39 23.4267
400 30 1.641 0.3459 2316.53 23.4005
400 30 1.651 0.3404 2323.72 22.9912
400 30 1.661 0.3441 2326.13 22.8369
400 30 1.671 0.3376 2328.41 22.6249
400 30 1.681 0.342 2331.34 22.8988
400 30 1.691 0.3483 2336.22 22.8986
400 30 1.701 0.3452 2341.43 22.9614
400 30 1.711 0.3472 2342.86 22.8147
400 30 1.721 0.3343 2344.04 21.0273
400 30 1.731 0.3376 2348.75 21.0806
400 30 1.741 0.3422 2353.54 21.1126
400 30 1.751 0.331 2353.44 21.0753
400 30 1.761 0.3354 2358.11 21.8281
400 30 1.771 0.3315 2360.22 21.4466
400 30 1.781 0.3316 2363.42 20.8941
400 30 1.791 0.3403 2366.49 20.7371
400 30 1.801 0.3316 2368.93 20.764
400 30 1.811 0.339 2373.12 20.8857
400 30 1.821 0.3403 2376.86 20.8382
400 30 1.831 0.3432 2378.37 20.6657
400 30 1.841 0.342 2380.61 21.101
400 30 1.851 0.3485 2382.76 20.8385
400 30 1.861 0.3273 2385.72 20.5521
400 30 1.871 0.3218 2386.88 20.5745
400 30 1.881 0.3346 2390.92 20.4759
400 30 1.891 0.3231 2390.87 20.3809
400 30 1.901 0.3218 2393.08 20.3931
400 30 1.911 0.3369 2395.81 20.4115
400 30 1.921 0.3396 2397.33 20.3088
400 30 1.931 0.3423 2398.48 20.2392
400 30 1.941 0.3405 2399.71 20.2761
400 30 1.951 0.336 2400.3 20.0002
400 30 1.961 0.3321 2402.1 19.9104
400 30 1.971 0.336 2403.41 19.8518
400 30 1.981 0.3321 2403.87 19.6645
400 30 1.991 0.3367 2404.81 19.5357
400 40 0.001 823.511 38763.3 7.7643
400 40 0.011 810.649 38534.7 8.7414
400 40 0.021 726.577 35038.7 9.8042
400 40 0.031 678.311 33215.4 10.4553
400 40 0.041 640.986 31699.7 11.202
400 40 0.051 577.421 29257.8 11.8291
400 40 0.061 540.333 27662.3 12.2937
400 40 0.071 490.52 25681.7 13.2221
400 40 0.081 455.45 24320.4 13.414
400 40 0.091 408.609 22422.8 14.0195
400 40 0.101 391.426 21594.1 15.7877
400 40 0.111 329.569 18943 16.1635
400 40 0.121 303.627 17850.4 16.31
400 40 0.131 280.483 16786 16.8204
400 40 0.141 255.954 15878 15.9205
400 40 0.151 222.296 14223.7 16.1226
400 40 0.161 192.251 12700.6 15.8755
400 40 0.171 184.192 12360.8 16.3985
400 40 0.181 160.517 11296.3 16.758
400 40 0.191 157.943 11292.5 17.1159
400 40 0.201 136.272 10047.8 17.1191
400 40 0.211 118.015 9185.39 17.6848
400 40 0.221 109.31 8853.41 17.8111
400 40 0.231 93.7409 7971.24 18.1015
400 40 0.241 93.3454 7924.55 18.1798
400 40 0.251 74.981 6987.05 16.7953
400 40 0.261 68.4267 6666.49 18.382
400 40 0.271 61.2884 6182.5 18.1007
400 40 0.281 54.7023 5789.82 18.0357
400 40 0.291 47.3506 5472.26 18.6409
400 40 0.301 42.1222 5165.9 18.6268
400 40 0.311 39.3079 4929.82 18.5791
400 40 0.321 35.6927 4759.75 18.8311
400 40 0.331 30.9959 4441.58 18.7098
400 40 0.341 26.2947 4221.75 18.7861
400 40 0.351 25.2848 4070.85 18.948
400 40 0.361 21.5584 3881.57 17.6091
400 40 0.371 20.5593 3764.81 18.0942
400 40 0.381 17.6445 3554.22 18.1189
400 40 0.391 16.6563 3507.11 19.6487
400 40 0.401 15.811 3416.02 19.5743
400 40 0.411 13.8637 3293.52 19.8514
400 40 0.421 12.8754 3169.73 19.764
400 40 0.431 11.5968 3095.41 19.7425
400 40 0.441 10.6698 3066.07 19.4785
400 40 0.451 9.8621 2994.66 19.5124
400 40 0.461 8.7277 2893.64 19.3103
400 40 0.471 8.6863 2891.4 19.8817
400 40 0.481 7.5698 2780.92 19.8181
400 40 0.491 7.8828 2799.45 20.1122
400 40 0.501 6.5714 2701.05 17.5956
400 40 0.511 6.3606 2661.48 17.7155
400 40 0.521 6.2213 2674.98 17.6615
400 40 0.531 5.845 2633.16 17.8958
400 40 0.541 5.8869 2625.52 17.7981
400 40 0.551 5.5825 2574.57 17.6939
400 40 0.561 5.3923 2554.77 17.8503
400 40 0.571 5.1818 2533.09 17.8351
400 40 0.581 5.0066 2523.62 17.9678
400 40 0.591 4.8708 2504.62 18.0805
400 40 0.601 4.9323 2495.4 18.1004
400 40 0.611 4.905 2473.69 19.5636
400 40 0.621 4.7136 2461.15 20.05
400 40 0.631 4.5892 2463.77 19.8741
400 40 0.641 4.6205 2460.87 20.2444
400 40 0.651 4.5295 2422.73 19.7059
400 40 0.661 4.4045 2432.59 19.4472
400 40 0.671 4.2985 2412.89 19.4038
400 40 0.681 4.2932 2423.91 20.2782
400 40 0.691 4.1858 2394.89 20.1048
400 40 0.701 4.1643 2394.56 20.0457
400 40 0.711 4.1077 2391.3 20.2359
400 40 0.721 4.0895 2389.69 20.3548
400 40 0.731 4.015 2375.36 20.2898
400 40 0.741 4.0588 2373.77 20.3508
400 40 0.751 4.0238 2366.09 20.0598
400 40 0.761 4.0177 2359.72 19.6307
400 40 0.771 3.9039 2366.34 20.5052
400 40 0.781 3.9252 2358.14 21.1135
400 40 0.791 3.8971 2350.28 20.812
400 40 0.801 3.9005 2345.8 21.2379
400 40 0.811 3.8534 2336.35 21.2857
400 40 0.821 3.7984 2343.34 21.4101
400 40 0.831 3.7795 2336.08 21.3988
400 40 0.841 3.7606 2324.85 21.4615
400 40 0.851 3.7664 2327.1 21.6317
400 40 0.861 3.8133 2328.37 21.4912
400 40 0.871 3.7743 2322.79 21.8118
400 40 0.881 3.7198 2311.02 21.714
400 40 0.891 3.7138 2312.95 20.824
400 40 0.901 3.6336 2308.89 19.9499
400 40 0.911 3.6728 2309.68 20.0612
400 40 0.921 3.6683 2305.66 20.0754
400 40 0.931 3.6037 2306.1 20.1007
400 40 0.941 3.6112 2297.59 20.0852
400 40 0.951 3.6564 2300.34 21.9992
400 40 0.961 3.6175 2300.6 20.6875
400 40 0.971 3.5936 2286.03 20.4997
400 40 0.981 3.5714 2293.37 20.754
400 40 0.991 3.5729 2286.84 20.7217
400 40 1.001 3.6052 2288.67 20.8658
400 40 1.011 3.5987 2277.98 20.8153
400 40 1.021 3.5978 2284.98 21.0577
400 40 1.031 3.6378 2284.33 21.1588
400 40 1.041 3.5968 2272.64 21.0645
400 40 1.051 3.5778 2275.14 21.1181
400 40 1.061 3.6064 2272.39 21.172
400 40 1.071 3.5583 2277.32 21.3285
400 40 1.081 3.512 2269.85 21.2477
400 40 1.091 3.5145 2269.66 21.2791
400 40 1.101 3.4596 2270.34 21.3919
400 40 1.111 3.451 2274.02 21.4595
400 40 1.121 3.3947 2269.29 21.4857
400 40 1.131 3.4375 2268.16 21.5362
400 40 1.141 3.3865 2270.49 22.8334
400 40 1.151 3.3829 2272.12 23.0308
400 40 1.161 3.3213 2270.61 23.1164
400 40 1.171 3.3067 2268.88 23.1411
400 40 1.181 3.2927 2267.1 23.082
400 40 1.191 3.2269 2272.1 23.2001
400 40 1.201 3.204 2274.26 23.3395
400 40 1.211 3.2025 2272.41 23.3433
400 40 1.221 3.2197 2272.73 23.3536
400 40 1.231 3.1608 2273.25 23.2633
400 40 1.241 3.0856 2272.53 23.1621
400 40 1.251 3.0926 2271.26 23.263
400 40 1.261 3.0655 2270.01 23.2548
400 40 1.271 3.0515 2273.25 23.3505
400 40 1.281 3.0175 2272.52 21.9388
400 40 1.291 2.9861 2273.87 22.0291
400 40 1.301 2.9493 2275.49 22.6989
400 40 1.311 2.9472 2279.38 23.5148
400 40 1.321 2.9234 2276.86 23.5086
400 40 1.331 2.8973 2274.93 23.4139
400 40 1.341 2.8626 2278.47 23.3045
400 40 1.351 2.8519 2280.08 23.174
400 40 1.361 2.8044 2284.7 24.0156
400 40 1.371 2.8022 2279.06 24.1916
400 40 1.381 2.7632 2280.53 24.1958
400 40 1.391 2.765 2280.85 24.2179
400 40 1.401 2.7678 2280.37 24.2323
400 40 1.411 2.772 2279.65 24.3288
400 40 1.421 2.7154 2284.07 24.2738
400 40 1.431 2.7102 2280.95 24.2801
400 40 1.441 2.7138 2281.05 23.883
400 40 1.451 2.6451 2287.12 22.8431
400 40 1.461 2.6496 2279.53 23.7543
400 40 1.471 2.6364 2284.15 24.3267
400 40 1.481 2.6212 2284.87 24.3032
400 40 1.491 2.6167 2288.29 24.3536
400 40 1.501 2.5376 2289.56 24.3144
400 40 1.511 2.5716 2286.73 24.4308
400 40 1.521 2.5505 2291.74 24.4924
400 40 1.531 2.5527 2290.9 24.4302
400 40 1.541 2.547 2291.07 24.509
400 40 1.551 2.4939 2294.71 24.4206
400 40 1.561 2.5334 2291.9 23.7696
400 40 1.571 2.5332 2290.81 24.5947
400 40 1.581 2.4994 2293.15 24.6452
400 40 1.591 2.4426 2297.15 24.7128
400 40 1.601 2.3476 2302.1 24.5456
400 40 1.611 2.3179 2303.09 24.4744
400 40 1.621 2.244 2305.02 24.3887
400 40 1.631 2.2039 2307.56 24.6422
400 40 1.641 2.1569 2308.56 23.2711
400 40 1.651 2.0526 2314.45 21.9746
400 40 1.661 2.0353 2316.12 21.9827
400 40 1.671 2.0005 2317.42 21.9108
400 40 1.681 1.9505 2320.25 21.9535
400 40 1.691 1.9155 2322.48 21.9526
400 40 1.701 1.8473 2325.23 21.8615
400 40 1.711 1.8272 2325.82 21.9183
400 40 1.721 1.7412 2331.83 23.3152
400 40 1.731 1.749 2332.12 24.3566
400 40 1.741 1.6861 2334.43 24.216
400 40 1.751 1.6645 2335.98 24.2582
400 40 1.761 1.6209 2338.88 24.0218
400 40 1.771 1.5772 2341.77 23.7865
400 40 1.781 1.5744 2341.95 24.3521
400 40 1.791 1.5462 2345.52 24.2377
400 40 1.801 1.534 2345.4 24.2481
400 40 1.811 1.4898 2347.72 24.0847
400 40 1.821 1.4601 2348.59 24.293
400 40 1.831 1.4429 2350.63 24.2153
400 40 1.841 1.4249 2352.29 23.8408
400 40 1.851 1.4287 2353.22 23.6857
400 40 1.861 1.4037 2354.42 23.607
400 40 1.871 1.3976 2355.72 23.4855
400 40 1.881 1.3921 2357.06 23.6114
400 40 1.891 1.3819 2357.04 23.7007
400 40 1.901 1.3865 2358.65 23.6144
400 40 1.911 1.3741 2359.52 23.595
400 40 1.921 1.3672 2359.48 23.4932
400 40 1.931 1.346 2361.04 23.3899
400 40 1.941 1.3473 2361.25 23.1302
400 40 1.951 1.3485 2362.17 23.085
400 40 1.961 1.3441 2362.63 23.1783
400 40 1.971 1.3458 2363.12 22.7736
400 40 1.981 1.3382 2363.93 22.2209
400 40 1.991 1.3295 2364.35 22.5029
