200 10 0.001 337.703 1.2212e-06
200 10 0.011 328.83 9.456e-07
200 10 0.021 323.817 9.385e-07
200 10 0.031 315.058 9.329e-07
200 10 0.041 315.237 1.3133e-06
200 10 0.051 308.943 1.3636e-06
200 10 0.061 296.127 1.3511e-06
200 10 0.071 286.856 1.3188e-06
200 10 0.081 283.735 1.2936e-06
200 10 0.091 285.326 1.3126e-06
200 10 0.101 280.663 1.3032e-06
200 10 0.111 279.104 1.3033e-06
200 10 0.121 265.063 1.2775e-06
200 10 0.131 269.339 1.2867e-06
200 10 0.141 258.738 1.2681e-06
200 10 0.151 252.944 1.2836e-06
200 10 0.161 245.2 1.264e-06
200 10 0.171 237.757 9.735e-07
200 10 0.181 234.181 1.0758e-06
200 10 0.191 215.923 1.1931e-06
200 10 0.201 226.621 1.0582e-06
200 10 0.211 218.684 1.0517e-06
200 10 0.221 208.936 1.1955e-06
200 10 0.231 197.886 1.1646e-06
200 10 0.241 202.904 1.1815e-06
200 10 0.251 196.704 8.751e-07
200 10 0.261 186.25 1.117e-06
200 10 0.271 176.375 1.1343e-06
200 10 0.281 174.321 1.1351e-06
200 10 0.291 164.386 1.1283e-06
200 10 0.301 162.553 1.1243e-06
200 10 0.311 165.04 1.119e-06
200 10 0.321 159.193 1.0117e-06
200 10 0.331 152.949 1.069e-06
200 10 0.341 145.966 1.139e-06
200 10 0.351 147.238 1.1342e-06
200 10 0.361 140.448 1.1106e-06
200 10 0.371 139.779 1.1361e-06
200 10 0.381 130.95 1.1155e-06
200 10 0.391 126.93 1.1257e-06
200 10 0.401 121.182 1.0776e-06
200 10 0.411 118.849 1.0774e-06
200 10 0.421 112.484 1.0668e-06
200 10 0.431 113.1 1.0725e-06
200 10 0.441 108.742 1.0666e-06
200 10 0.451 107.595 1.065e-06
200 10 0.461 100.524 1.0474e-06
200 10 0.471 103.071 1.0763e-06
200 10 0.481 93.5511 1.0779e-06
200 10 0.491 87.7424 1.0316e-06
200 10 0.501 88.2213 1.0498e-06
200 10 0.511 82.345 1.0564e-06
200 10 0.521 81.8459 1.0458e-06
200 10 0.531 76.1155 1.0132e-06
200 10 0.541 73.8559 1.0167e-06
200 10 0.551 71.8582 1.0132e-06
200 10 0.561 68.1413 1.0024e-06
200 10 0.571 67.7435 1.0308e-06
200 10 0.581 66.181 9.002e-07
200 10 0.591 62.5653 9.442e-07
200 10 0.601 59.0606 9.506e-07
200 10 0.611 59.7578 7.734e-07
200 10 0.621 55.0871 7.369e-07
200 10 0.631 52.4443 9.59e-07
200 10 0.641 52.4315 9.513e-07
200 10 0.651 48.9752 9.539e-07
200 10 0.661 47.4795 9.409e-07
200 10 0.671 46.0973 9.465e-07
200 10 0.681 42.2445 9.355e-07
200 10 0.691 40.9228 9.374e-07
200 10 0.701 39.5931 9.286e-07
200 10 0.711 36.4909 8.615e-07
200 10 0.721 36.6253 7.308e-07
200 10 0.731 35.9968 9.263e-07
200 10 0.741 34.031 9.269e-07
200 10 0.751 32.3546 8.986e-07
200 10 0.761 30.45 9.114e-07
200 10 0.771 30.2262 9.247e-07
200 10 0.781 27.3566 9.316e-07
200 10 0.791 26.6522 7.7e-07
200 10 0.801 26.2488 7.276e-07
200 10 0.811 24.4237 8.392e-07
200 10 0.821 23.0524 7.754e-07
200 10 0.831 22.9418 7.079e-07
200 10 0.841 22.059 8.399e-07
200 10 0.851 20.9041 8.764e-07
200 10 0.861 19.5517 8.732e-07
200 10 0.871 19.2053 8.616e-07
200 10 0.881 17.7071 8.709e-07
200 10 0.891 16.8575 8.695e-07
200 10 0.901 15.831 8.66e-07
200 10 0.911 15.6236 8.749e-07
200 10 0.921 15.0382 8.691e-07
200 10 0.931 13.6878 8.569e-07
200 10 0.941 13.1568 8.535e-07
200 10 0.951 12.6495 8.372e-07
200 10 0.961 12.0269 6.965e-07
200 10 0.971 11.6184 7.932e-07
200 10 0.981 11.2383 7.854e-07
200 10 0.991 10.4664 8.659e-07
200 10 1.001 10.1562 8.637e-07
200 10 1.011 8.9531 8.056e-07
200 10 1.021 8.9477 7.613e-07
200 10 1.031 8.3013 8.405e-07
200 10 1.041 7.8233 8.363e-07
200 10 1.051 7.4562 8.258e-07
200 10 1.061 7.03 8.299e-07
200 10 1.071 6.7263 8.726e-07
200 10 1.081 6.4579 7.079e-07
200 10 1.091 6.2507 6.627e-07
200 10 1.101 5.9403 7.801e-07
200 10 1.111 5.9781 8.041e-07
200 10 1.121 5.6411 7.561e-07
200 10 1.131 5.4113 8.219e-07
200 10 1.141 5.0335 8.224e-07
200 10 1.151 4.9256 8.144e-07
200 10 1.161 4.9261 7.214e-07
200 10 1.171 4.7703 6.598e-07
200 10 1.181 4.5573 7.749e-07
200 10 1.191 4.5411 7.308e-07
200 10 1.201 4.5271 7.138e-07
200 10 1.211 4.1728 6.974e-07
200 10 1.221 4.1405 8.202e-07
200 10 1.231 3.9967 8.142e-07
200 10 1.241 3.8855 7.338e-07
200 10 1.251 3.7516 6.764e-07
200 10 1.261 3.7868 6.489e-07
200 10 1.271 3.6792 7.151e-07
200 10 1.281 3.5577 8.002e-07
200 10 1.291 3.4429 7.953e-07
200 10 1.301 3.4298 8.015e-07
200 10 1.311 3.1333 7.49e-07
200 10 1.321 3.171 7.077e-07
200 10 1.331 3.047 6.7e-07
200 10 1.341 2.9569 8.006e-07
200 10 1.351 2.9147 8.048e-07
200 10 1.361 2.8824 7.965e-07
200 10 1.371 2.7972 8.081e-07
200 10 1.381 2.7815 8.11e-07
200 10 1.391 2.6364 8.151e-07
200 10 1.401 2.5676 7.794e-07
200 10 1.411 2.5563 6.897e-07
200 10 1.421 2.4837 7.566e-07
200 10 1.431 2.4057 7.185e-07
200 10 1.441 2.379 7.944e-07
200 10 1.451 2.319 7.542e-07
200 10 1.461 2.3444 7.191e-07
200 10 1.471 2.2136 7.869e-07
200 10 1.481 2.2301 7.928e-07
200 10 1.491 2.1303 8.298e-07
200 10 1.501 2.0733 7.779e-07
200 10 1.511 2.1013 7.813e-07
200 10 1.521 2.0095 7.961e-07
200 10 1.531 1.967 6.476e-07
200 10 1.541 1.9716 6.489e-07
200 10 1.551 1.9268 7.667e-07
200 10 1.561 1.8654 7.453e-07
200 10 1.571 1.7933 7.244e-07
200 10 1.581 1.7828 6.334e-07
200 10 1.591 1.8094 6.335e-07
200 10 1.601 1.7494 6.385e-07
200 10 1.611 1.7177 6.661e-07
200 10 1.621 1.6914 6.665e-07
200 10 1.631 1.7097 7.231e-07
200 10 1.641 1.6906 7.746e-07
200 10 1.651 1.6865 7.732e-07
200 10 1.661 1.6121 7.719e-07
200 10 1.671 1.6398 7.766e-07
200 10 1.681 1.5817 7.792e-07
200 10 1.691 1.5735 7.8e-07
200 10 1.701 1.5726 7.79e-07
200 10 1.711 1.5615 7.784e-07
200 10 1.721 1.5095 7.277e-07
200 10 1.731 1.5203 6.516e-07
200 10 1.741 1.5024 7.06e-07
200 10 1.751 1.5052 6.695e-07
200 10 1.761 1.4673 7.686e-07
200 10 1.771 1.4606 7.485e-07
200 10 1.781 1.4666 7.688e-07
200 10 1.791 1.3995 7.297e-07
200 10 1.801 1.4325 7.578e-07
200 10 1.811 1.3877 7.706e-07
200 10 1.821 1.4142 7.786e-07
200 10 1.831 1.3796 7.846e-07
200 10 1.841 1.3828 7.949e-07
200 10 1.851 1.3557 7.856e-07
200 10 1.861 1.3487 7.026e-07
200 10 1.871 1.3456 6.115e-07
200 10 1.881 1.3716 7.114e-07
200 10 1.891 1.33 8.006e-07
200 10 1.901 1.3298 7.905e-07
200 10 1.911 1.3403 7.839e-07
200 10 1.921 1.3053 7.838e-07
200 10 1.931 1.3358 7.928e-07
200 10 1.941 1.2875 8.14e-07
200 10 1.951 1.3323 8.097e-07
200 10 1.961 1.2871 8.136e-07
200 10 1.971 1.2725 7.772e-07
200 10 1.981 1.2971 7.814e-07
200 10 1.991 1.2936 7.738e-07
200 20 0.001 775.447 2.0495e-06
200 20 0.011 741.515 1.9926e-06
200 20 0.021 758.763 2.0229e-06
200 20 0.031 676.616 1.8942e-06
200 20 0.041 676.491 1.895e-06
200 20 0.051 669.684 1.8897e-06
200 20 0.061 625.732 1.8161e-06
200 20 0.071 594.267 1.7675e-06
200 20 0.081 574.998 1.6706e-06
200 20 0.091 549.208 1.0816e-06
200 20 0.101 503.835 1.1952e-06
200 20 0.111 492.36 1.1757e-06
200 20 0.121 481.994 1.5652e-06
200 20 0.131 432.008 1.4954e-06
200 20 0.141 415.165 1.4532e-06
200 20 0.151 415.294 1.4505e-06
200 20 0.161 374.114 1.3907e-06
200 20 0.171 374.884 1.3933e-06
200 20 0.181 350.605 1.3743e-06
200 20 0.191 336.954 1.3686e-06
200 20 0.201 310.242 1.0635e-06
200 20 0.211 292.56 8.909e-07
200 20 0.221 291.24 1.2196e-06
200 20 0.231 277.513 1.2372e-06
200 20 0.241 260.711 1.2363e-06
200 20 0.251 250.034 1.2185e-06
200 20 0.261 224.266 9.162e-07
200 20 0.271 218.965 9.953e-07
200 20 0.281 206.23 1.2453e-06
200 20 0.291 181.314 1.2042e-06
200 20 0.301 179.598 1.2075e-06
200 20 0.311 165.95 1.1839e-06
200 20 0.321 167.01 1.1937e-06
200 20 0.331 142.296 1.1404e-06
200 20 0.341 140.574 8.235e-07
200 20 0.351 131.42 7.604e-07
200 20 0.361 128.21 9.668e-07
200 20 0.371 118.776 1.0095e-06
200 20 0.381 106.98 9.412e-07
200 20 0.391 109.169 7.621e-07
200 20 0.401 99.6524 8.936e-07
200 20 0.411 91.9065 7.828e-07
200 20 0.421 87.6027 7.235e-07
200 20 0.431 77.4811 7.199e-07
200 20 0.441 72.0658 7.449e-07
200 20 0.451 71.3263 8.543e-07
200 20 0.461 66.1095 9.167e-07
200 20 0.471 63.7335 9.206e-07
200 20 0.481 52.4499 9.094e-07
200 20 0.491 57.1256 7.54e-07
200 20 0.501 55.0446 7.238e-07
200 20 0.511 50.8514 7.036e-07
200 20 0.521 46.7848 6.958e-07
200 20 0.531 43.9795 6.932e-07
200 20 0.541 39.8766 8.508e-07
200 20 0.551 38.263 9.018e-07
200 20 0.561 35.732 8.801e-07
200 20 0.571 33.7757 8.83e-07
200 20 0.581 32.0359 8.707e-07
200 20 0.591 28.6499 8.658e-07
200 20 0.601 28.7696 8.713e-07
200 20 0.611 28.1768 8.687e-07
200 20 0.621 24.8781 8.635e-07
200 20 0.631 25.0703 8.454e-07
200 20 0.641 23.157 7.113e-07
200 20 0.651 21.2981 8.052e-07
200 20 0.661 20.9599 8.452e-07
200 20 0.671 19.0373 7.171e-07
200 20 0.681 18.5919 7.549e-07
200 20 0.691 17.5949 7.82e-07
200 20 0.701 17.1428 7.654e-07
200 20 0.711 16.321 7.455e-07
200 20 0.721 15.2848 6.685e-07
200 20 0.731 14.31 6.659e-07
200 20 0.741 14.2662 6.995e-07
200 20 0.751 13.4099 7.017e-07
200 20 0.761 13.1528 7.752e-07
200 20 0.771 11.6044 8.302e-07
200 20 0.781 11.6318 8.286e-07
200 20 0.791 11.3076 8.254e-07
200 20 0.801 10.9506 8.2e-07
200 20 0.811 10.6994 8.245e-07
200 20 0.821 9.8889 8.281e-07
200 20 0.831 9.5377 8.206e-07
200 20 0.841 9.0063 8.241e-07
200 20 0.851 9.1982 8.34e-07
200 20 0.861 8.596 8.173e-07
200 20 0.871 8.2838 8.205e-07
200 20 0.881 8.0626 7.532e-07
200 20 0.891 7.9529 7.783e-07
200 20 0.901 7.4006 6.612e-07
200 20 0.911 7.2848 7.431e-07
200 20 0.921 7.0603 8.27e-07
200 20 0.931 6.7156 8.299e-07
200 20 0.941 6.5222 8.351e-07
200 20 0.951 6.3044 8.315e-07
200 20 0.961 6.0241 8.421e-07
200 20 0.971 5.9266 8.211e-07
200 20 0.981 5.6215 8.236e-07
200 20 0.991 5.4328 8.278e-07
200 20 1.001 5.1289 8.171e-07
200 20 1.011 5.1889 8.352e-07
200 20 1.021 4.8864 8.209e-07
200 20 1.031 4.6785 7.731e-07
200 20 1.041 4.6025 8.28e-07
200 20 1.051 4.504 8.318e-07
200 20 1.061 4.2731 7.69e-07
200 20 1.071 4.1921 7.985e-07
200 20 1.081 4.1816 6.545e-07
200 20 1.091 4.0102 6.549e-07
200 20 1.101 3.9523 6.51e-07
200 20 1.111 3.7979 6.976e-07
200 20 1.121 3.8102 7.613e-07
200 20 1.131 3.6496 7.662e-07
200 20 1.141 3.621 8.126e-07
200 20 1.151 3.5145 7.706e-07
200 20 1.161 3.4938 7.964e-07
200 20 1.171 3.4596 8.083e-07
200 20 1.181 3.1358 8.032e-07
200 20 1.191 3.3735 7.592e-07
200 20 1.201 3.1379 8.117e-07
200 20 1.211 3.0943 7.988e-07
200 20 1.221 3.1587 8.016e-07
200 20 1.231 2.9415 8.026e-07
200 20 1.241 3.0497 8.036e-07
200 20 1.251 2.8281 8.045e-07
200 20 1.261 2.9954 7.632e-07
200 20 1.271 2.8823 7.997e-07
200 20 1.281 2.7744 8.03e-07
200 20 1.291 2.7198 8.068e-07
200 20 1.301 2.6644 8.115e-07
200 20 1.311 2.6637 8.312e-07
200 20 1.321 2.5714 8.014e-07
200 20 1.331 2.4532 7.521e-07
200 20 1.341 2.4147 8.065e-07
200 20 1.351 2.4286 6.875e-07
200 20 1.361 2.437 7.088e-07
200 20 1.371 2.3494 7.141e-07
200 20 1.381 2.3187 7.701e-07
200 20 1.391 2.3212 7.834e-07
200 20 1.401 2.2826 6.656e-07
200 20 1.411 2.2067 6.397e-07
200 20 1.421 2.1642 6.414e-07
200 20 1.431 2.165 7.22e-07
200 20 1.441 2.1021 7.849e-07
200 20 1.451 2.0463 6.702e-07
200 20 1.461 2.0325 6.731e-07
200 20 1.471 1.9996 6.408e-07
200 20 1.481 1.8911 6.347e-07
200 20 1.491 1.8586 6.966e-07
200 20 1.501 1.8855 8.067e-07
200 20 1.511 1.8795 6.535e-07
200 20 1.521 1.8439 6.36e-07
200 20 1.531 1.8116 6.357e-07
200 20 1.541 1.7452 7.844e-07
200 20 1.551 1.762 7.082e-07
200 20 1.561 1.7358 8.757e-07
200 20 1.571 1.6473 7.892e-07
200 20 1.581 1.6199 7.958e-07
200 20 1.591 1.6345 8.189e-07
200 20 1.601 1.6235 7.814e-07
200 20 1.611 1.5944 6.681e-07
200 20 1.621 1.5806 7.062e-07
200 20 1.631 1.5622 8.074e-07
200 20 1.641 1.5665 8e-07
200 20 1.651 1.5478 8.122e-07
200 20 1.661 1.5505 8.345e-07
200 20 1.671 1.5012 7.648e-07
200 20 1.681 1.5151 7.319e-07
200 20 1.691 1.4823 7.96e-07
200 20 1.701 1.4728 7.825e-07
200 20 1.711 1.4809 8.312e-07
200 20 1.721 1.4705 7.202e-07
200 20 1.731 1.4402 6.721e-07
200 20 1.741 1.4543 7.456e-07
200 20 1.751 1.3842 6.655e-07
200 20 1.761 1.4204 6.325e-07
200 20 1.771 1.3724 6.498e-07
200 20 1.781 1.3465 7.09e-07
200 20 1.791 1.3585 7.873e-07
200 20 1.801 1.3495 7.663e-07
200 20 1.811 1.3594 7.846e-07
200 20 1.821 1.353 7.807e-07
200 20 1.831 1.3314 7.866e-07
200 20 1.841 1.3029 7.906e-07
200 20 1.851 1.2741 7.733e-07
200 20 1.861 1.3174 7.489e-07
200 20 1.871 1.2949 7.359e-07
200 20 1.881 1.2913 7.891e-07
200 20 1.891 1.2801 7.874e-07
200 20 1.901 1.2591 7.859e-07
200 20 1.911 1.2706 7.916e-07
200 20 1.921 1.2756 6.888e-07
200 20 1.931 1.2628 7.808e-07
200 20 1.941 1.2599 7.797e-07
200 20 1.951 1.2274 7.875e-07
200 20 1.961 1.271 8.012e-07
200 20 1.971 1.2736 7.418e-07
200 20 1.981 1.2496 6.296e-07
200 20 1.991 1.2495 6.093e-07
200 30 0.001 1158.35 1.5745e-06
200 30 0.011 1106.56 1.5283e-06
200 30 0.021 1021.22 2.2201e-06
200 30 0.031 1044.18 2.413e-06
200 30 0.041 928.101 2.2341e-06
200 30 0.051 872.545 2.139e-06
200 30 0.061 841.748 1.7809e-06
200 30 0.071 770.997 1.2694e-06
200 30 0.081 729.907 1.2577e-06
200 30 0.091 704.497 1.7147e-06
200 30 0.101 644.54 1.4248e-06
200 30 0.111 606.975 1.1421e-06
200 30 0.121 558.778 1.5274e-06
200 30 0.131 491.471 1.586e-06
200 30 0.141 483.084 1.6237e-06
200 30 0.151 428.222 1.3439e-06
200 30 0.161 410.302 1.3929e-06
200 30 0.171 374.4 1.3817e-06
200 30 0.181 350.085 1.3484e-06
200 30 0.191 325.353 1.315e-06
200 30 0.201 305.452 1.2865e-06
200 30 0.211 287.066 1.2679e-06
200 30 0.221 258.375 1.2269e-06
200 30 0.231 229.688 1.1357e-06
200 30 0.241 213.915 1.1027e-06
200 30 0.251 199.317 1.145e-06
200 30 0.261 183.367 1.1159e-06
200 30 0.271 158.765 1.0782e-06
200 30 0.281 150.913 9.31e-07
200 30 0.291 135.429 9.729e-07
200 30 0.301 125.269 1.0105e-06
200 30 0.311 114.05 9.979e-07
200 30 0.321 98.5851 9.836e-07
200 30 0.331 99.4278 7.759e-07
200 30 0.341 87.6053 7.346e-07
200 30 0.351 81.4234 7.475e-07
200 30 0.361 76.0629 7.424e-07
200 30 0.371 69.1215 7.314e-07
200 30 0.381 62.0075 7.706e-07
200 30 0.391 57.407 8.31e-07
200 30 0.401 54.3351 9.117e-07
200 30 0.411 50.2481 9.043e-07
200 30 0.421 48.5157 8.974e-07
200 30 0.431 43.8308 8.989e-07
200 30 0.441 39.8646 8.996e-07
200 30 0.451 38.1513 8.879e-07
200 30 0.461 32.6552 8.749e-07
200 30 0.471 31.8768 7.521e-07
200 30 0.481 29.2971 7.685e-07
200 30 0.491 29.4979 7.704e-07
200 30 0.501 25.713 8.955e-07
200 30 0.511 26.047 8.954e-07
200 30 0.521 23.3125 8.362e-07
200 30 0.531 20.8672 7.523e-07
200 30 0.541 19.6787 8.565e-07
200 30 0.551 18.5428 8.642e-07
200 30 0.561 18.8976 6.906e-07
200 30 0.571 17.7894 8.391e-07
200 30 0.581 16.6371 8.514e-07
200 30 0.591 15.2628 8.659e-07
200 30 0.601 14.8762 8.377e-07
200 30 0.611 14.5371 8.44e-07
200 30 0.621 13.0157 8.358e-07
200 30 0.631 12.7843 8.381e-07
200 30 0.641 12.8569 7.614e-07
200 30 0.651 11.6742 6.948e-07
200 30 0.661 11.4296 8.127e-07
200 30 0.671 11.2184 8.443e-07
200 30 0.681 10.7777 8.357e-07
200 30 0.691 10.1107 8.335e-07
200 30 0.701 10.3091 8.345e-07
200 30 0.711 9.6208 8.309e-07
200 30 0.721 9.3742 8.37e-07
200 30 0.731 8.811 8.565e-07
200 30 0.741 8.613 8.533e-07
200 30 0.751 8.7059 8.582e-07
200 30 0.761 8.2135 8.482e-07
200 30 0.771 7.8874 8.461e-07
200 30 0.781 7.667 8.546e-07
200 30 0.791 7.4414 8.769e-07
200 30 0.801 7.0581 8.818e-07
200 30 0.811 7.2515 8.723e-07
200 30 0.821 7.0444 8.7e-07
200 30 0.831 6.8475 8.522e-07
200 30 0.841 6.5352 8.433e-07
200 30 0.851 6.3686 8.411e-07
200 30 0.861 6.1904 8.496e-07
200 30 0.871 5.9179 7.832e-07
200 30 0.881 5.8552 8.432e-07
200 30 0.891 5.627 8.771e-07
200 30 0.901 5.5626 8.777e-07
200 30 0.911 5.3983 8.797e-07
200 30 0.921 5.2401 8.735e-07
200 30 0.931 4.9897 8.634e-07
200 30 0.941 4.8521 8.662e-07
200 30 0.951 4.8783 8.734e-07
200 30 0.961 4.5656 8.679e-07
200 30 0.971 4.6496 8.645e-07
200 30 0.981 4.2601 8.614e-07
200 30 0.991 4.298 8.667e-07
200 30 1.001 4.0659 8.659e-07
200 30 1.011 3.9391 8.646e-07
200 30 1.021 3.9573 8.78e-07
200 30 1.031 3.8246 7.9e-07
200 30 1.041 3.684 8.155e-07
200 30 1.051 3.7344 7.038e-07
200 30 1.061 3.471 8.31e-07
200 30 1.071 3.3732 8.327e-07
200 30 1.081 3.425 8.345e-07
200 30 1.091 3.3228 8.062e-07
200 30 1.101 3.1618 8.238e-07
200 30 1.111 3.1978 8.27e-07
200 30 1.121 3.0334 8.1e-07
200 30 1.131 3.0192 8.302e-07
200 30 1.141 2.9729 7.433e-07
200 30 1.151 2.969 8.071e-07
200 30 1.161 2.7938 9.325e-07
200 30 1.171 2.8994 9.27e-07
200 30 1.181 2.7128 9.301e-07
200 30 1.191 2.7138 7.517e-07
200 30 1.201 2.67 6.99e-07
200 30 1.211 2.6281 6.567e-07
200 30 1.221 2.6579 6.97e-07
200 30 1.231 2.6229 8.105e-07
200 30 1.241 2.5271 7.925e-07
200 30 1.251 2.5058 8.299e-07
200 30 1.261 2.4745 8.141e-07
200 30 1.271 2.4076 8.151e-07
200 30 1.281 2.386 8.228e-07
200 30 1.291 2.4236 8.215e-07
200 30 1.301 2.2933 8.22e-07
200 30 1.311 2.2346 8.179e-07
200 30 1.321 2.2605 8.252e-07
200 30 1.331 2.2287 7.383e-07
200 30 1.341 2.2092 7.073e-07
200 30 1.351 2.148 7.989e-07
200 30 1.361 2.0771 6.594e-07
200 30 1.371 2.1325 7.945e-07
200 30 1.381 2.0181 7.176e-07
200 30 1.391 2.0928 8.543e-07
200 30 1.401 2.0173 7.581e-07
200 30 1.411 1.9223 6.548e-07
200 30 1.421 1.9207 6.699e-07
200 30 1.431 1.8922 6.598e-07
200 30 1.441 1.8605 6.632e-07
200 30 1.451 1.8415 6.559e-07
200 30 1.461 1.8126 6.649e-07
200 30 1.471 1.8042 7.751e-07
200 30 1.481 1.7701 8.121e-07
200 30 1.491 1.7752 8.167e-07
200 30 1.501 1.7363 8.126e-07
200 30 1.511 1.7147 8.401e-07
200 30 1.521 1.6882 8.2e-07
200 30 1.531 1.6447 8.143e-07
200 30 1.541 1.6508 8.187e-07
200 30 1.551 1.5987 7.484e-07
200 30 1.561 1.5938 7.235e-07
200 30 1.571 1.6053 8.071e-07
200 30 1.581 1.5818 6.562e-07
200 30 1.591 1.5825 8.851e-07
200 30 1.601 1.5294 9.498e-07
200 30 1.611 1.4985 8.704e-07
200 30 1.621 1.5368 6.838e-07
200 30 1.631 1.54 7.762e-07
200 30 1.641 1.5231 8.341e-07
200 30 1.651 1.4846 7.849e-07
200 30 1.661 1.5075 7.884e-07
200 30 1.671 1.4601 7.868e-07
200 30 1.681 1.4307 7.877e-07
200 30 1.691 1.4421 7.807e-07
200 30 1.701 1.4269 7.833e-07
200 30 1.711 1.4394 7.566e-07
200 30 1.721 1.416 7.078e-07
200 30 1.731 1.3977 7.479e-07
200 30 1.741 1.3891 8.257e-07
200 30 1.751 1.4086 7.498e-07
200 30 1.761 1.344 8.343e-07
200 30 1.771 1.381 8.367e-07
200 30 1.781 1.36 8.356e-07
200 30 1.791 1.3587 8.341e-07
200 30 1.801 1.3273 8.353e-07
200 30 1.811 1.3487 8.336e-07
200 30 1.821 1.3365 8.411e-07
200 30 1.831 1.3284 8.342e-07
200 30 1.841 1.301 8.321e-07
200 30 1.851 1.2819 8.282e-07
200 30 1.861 1.2797 8.268e-07
200 30 1.871 1.2696 8.376e-07
200 30 1.881 1.2705 8.312e-07
200 30 1.891 1.2777 8.335e-07
200 30 1.901 1.288 8.638e-07
200 30 1.911 1.2547 8.41e-07
200 30 1.921 1.2721 6.717e-07
200 30 1.931 1.2529 6.474e-07
200 30 1.941 1.2556 7.441e-07
200 30 1.951 1.2407 6.47e-07
200 30 1.961 1.2456 6.417e-07
200 30 1.971 1.2692 7.146e-07
200 30 1.981 1.2506 7.664e-07
200 30 1.991 1.2782 8.137e-07
200 40 0.001 1424.55 2.8561e-06
200 40 0.011 1356.13 3.1957e-06
200 40 0.021 1288.3 3.0894e-06
200 40 0.031 1242.92 2.989e-06
200 40 0.041 1139.86 2.8058e-06
200 40 0.051 1053.62 2.6514e-06
200 40 0.061 994.532 2.563e-06
200 40 0.071 941.216 2.4821e-06
200 40 0.081 864.13 2.3424e-06
200 40 0.091 796.609 2.1255e-06
200 40 0.101 745.316 1.3845e-06
200 40 0.111 697.822 1.5096e-06
200 40 0.121 639.801 1.9498e-06
200 40 0.131 590.977 1.8563e-06
200 40 0.141 525.871 1.7526e-06
200 40 0.151 517.678 1.7282e-06
200 40 0.161 443.692 1.1031e-06
200 40 0.171 411.943 1.076e-06
200 40 0.181 363.236 1.034e-06
200 40 0.191 345.328 1.015e-06
200 40 0.201 311.048 9.846e-07
200 40 0.211 301.955 1.0569e-06
200 40 0.221 266.281 9.914e-07
200 40 0.231 236.16 1.0522e-06
200 40 0.241 211.557 1.2012e-06
200 40 0.251 206.59 1.1225e-06
200 40 0.261 176.338 8.856e-07
200 40 0.271 157.473 1.1528e-06
200 40 0.281 152.132 1.1453e-06
200 40 0.291 142.697 1.1282e-06
200 40 0.301 121.434 1.092e-06
200 40 0.311 115.605 1.0774e-06
200 40 0.321 107.005 1.0609e-06
200 40 0.331 94.3649 9.705e-07
200 40 0.341 84.1454 1.016e-06
200 40 0.351 76.4613 1.1077e-06
200 40 0.361 70.5025 9.798e-07
200 40 0.371 67.5286 9.552e-07
200 40 0.381 53.7407 9.16e-07
200 40 0.391 55.5867 9.492e-07
200 40 0.401 49.3224 8.357e-07
200 40 0.411 44.5739 9.1e-07
200 40 0.421 38.7535 9.109e-07
200 40 0.431 39.1997 1.0007e-06
200 40 0.441 35.5299 9.987e-07
200 40 0.451 33.8419 9.955e-07
200 40 0.461 29.5788 9.912e-07
200 40 0.471 28.8335 8.969e-07
200 40 0.481 26.1902 8.644e-07
200 40 0.491 23.5966 8.758e-07
200 40 0.501 23.6552 8.831e-07
200 40 0.511 19.1176 8.749e-07
200 40 0.521 20.5181 1.4657e-06
200 40 0.531 18.8973 2.7965e-06
200 40 0.541 18.4819 1.7765e-06
200 40 0.551 16.2159 1.0103e-06
200 40 0.561 15.5765 9.509e-07
200 40 0.571 14.7812 9.274e-07
200 40 0.581 14.9488 9.409e-07
200 40 0.591 14.2167 8.747e-07
200 40 0.601 13.2983 8.682e-07
200 40 0.611 12.7089 8.672e-07
200 40 0.621 12.0672 8.554e-07
200 40 0.631 12.0284 8.796e-07
200 40 0.641 11.0131 8.782e-07
200 40 0.651 10.9939 8.073e-07
200 40 0.661 10.5178 6.914e-07
200 40 0.671 9.8523 7.828e-07
200 40 0.681 9.8194 8.625e-07
200 40 0.691 9.7509 8.618e-07
200 40 0.701 9.3609 7.548e-07
200 40 0.711 8.7092 8.797e-07
200 40 0.721 8.5522 8.632e-07
200 40 0.731 8.074 8.604e-07
200 40 0.741 8.1611 8.317e-07
200 40 0.751 7.6215 6.906e-07
200 40 0.761 7.1696 6.846e-07
200 40 0.771 7.364 8.473e-07
200 40 0.781 7.407 8.538e-07
200 40 0.791 6.9396 8.418e-07
200 40 0.801 6.2585 7.869e-07
200 40 0.811 6.7595 9.478e-07
200 40 0.821 6.629 8.021e-07
200 40 0.831 6.3547 6.826e-07
200 40 0.841 5.7856 7.5e-07
200 40 0.851 5.5656 8.404e-07
200 40 0.861 5.854 7.455e-07
200 40 0.871 5.4189 8.087e-07
200 40 0.881 5.4969 7.527e-07
200 40 0.891 5.2153 8.665e-07
200 40 0.901 4.9518 8.461e-07
200 40 0.911 5.06 8.527e-07
200 40 0.921 4.744 8.209e-07
200 40 0.931 4.6304 8.319e-07
200 40 0.941 4.521 8.238e-07
200 40 0.951 4.4493 8.472e-07
200 40 0.961 4.2196 8.547e-07
200 40 0.971 4.1176 8.549e-07
200 40 0.981 4.1123 8.491e-07
200 40 0.991 3.8934 8.584e-07
200 40 1.001 3.8649 8.581e-07
200 40 1.011 3.5652 8.481e-07
200 40 1.021 3.5647 8.552e-07
200 40 1.031 3.4333 8.54e-07
200 40 1.041 3.2236 8.417e-07
200 40 1.051 3.3265 8.484e-07
200 40 1.061 3.0247 8.226e-07
200 40 1.071 3.149 6.902e-07
200 40 1.081 3.0095 8.457e-07
200 40 1.091 3.076 8.643e-07
200 40 1.101 2.9678 8.163e-07
200 40 1.111 2.8429 8.484e-07
200 40 1.121 2.8773 8.414e-07
200 40 1.131 2.8537 8.438e-07
200 40 1.141 2.7373 8.434e-07
200 40 1.151 2.7378 7.364e-07
200 40 1.161 2.7321 7.261e-07
200 40 1.171 2.5881 7.264e-07
200 40 1.181 2.5484 7.572e-07
200 40 1.191 2.5187 7.514e-07
200 40 1.201 2.4172 8.454e-07
200 40 1.211 2.4522 8.44e-07
200 40 1.221 2.3734 8.422e-07
200 40 1.231 2.3555 8.421e-07
200 40 1.241 2.2953 8.424e-07
200 40 1.251 2.2875 8.387e-07
200 40 1.261 2.2304 7.389e-07
200 40 1.271 2.3047 7.855e-07
200 40 1.281 2.1858 6.887e-07
200 40 1.291 2.1207 7.225e-07
200 40 1.301 2.1186 6.749e-07
200 40 1.311 2.1054 8.005e-07
200 40 1.321 2.0255 8.508e-07
200 40 1.331 2.0642 8.434e-07
200 40 1.341 2.005 7.471e-07
200 40 1.351 2.0377 6.793e-07
200 40 1.361 1.9491 6.696e-07
200 40 1.371 1.9955 7.23e-07
200 40 1.381 1.9024 6.991e-07
200 40 1.391 1.8674 6.916e-07
200 40 1.401 1.8854 8.042e-07
200 40 1.411 1.8007 8.559e-07
200 40 1.421 1.7462 8.57e-07
200 40 1.431 1.7554 8.446e-07
200 40 1.441 1.7271 8.47e-07
200 40 1.451 1.7164 8.44e-07
200 40 1.461 1.6622 8.466e-07
200 40 1.471 1.6936 8.574e-07
200 40 1.481 1.6658 7.864e-07
200 40 1.491 1.6371 8.057e-07
200 40 1.501 1.6377 8.263e-07
200 40 1.511 1.5813 8.171e-07
200 40 1.521 1.5539 8.251e-07
200 40 1.531 1.5544 8.233e-07
200 40 1.541 1.5324 8.227e-07
200 40 1.551 1.5019 8.315e-07
200 40 1.561 1.4868 7.734e-07
200 40 1.571 1.5036 6.656e-07
200 40 1.581 1.4637 6.683e-07
200 40 1.591 1.4915 6.697e-07
200 40 1.601 1.4316 6.718e-07
200 40 1.611 1.4394 7.626e-07
200 40 1.621 1.4255 8.387e-07
200 40 1.631 1.4393 8.346e-07
200 40 1.641 1.4157 8.344e-07
200 40 1.651 1.404 8.319e-07
200 40 1.661 1.3486 7.833e-07
200 40 1.671 1.3775 8.348e-07
200 40 1.681 1.3813 8.201e-07
200 40 1.691 1.3269 8.372e-07
200 40 1.701 1.3167 7.638e-07
200 40 1.711 1.3236 8.385e-07
200 40 1.721 1.3206 8.472e-07
200 40 1.731 1.3148 8.389e-07
200 40 1.741 1.3168 8.393e-07
200 40 1.751 1.2704 8.412e-07
200 40 1.761 1.2761 8.331e-07
200 40 1.771 1.2652 8.376e-07
200 40 1.781 1.2601 8.212e-07
200 40 1.791 1.2532 8.229e-07
200 40 1.801 1.228 7.772e-07
200 40 1.811 1.2307 7.382e-07
200 40 1.821 1.2048 7.292e-07
200 40 1.831 1.2226 8.27e-07
200 40 1.841 1.2205 8.414e-07
200 40 1.851 1.2252 8.327e-07
200 40 1.861 1.1958 8.196e-07
200 40 1.871 1.1984 8.437e-07
200 40 1.881 1.2179 8.295e-07
200 40 1.891 1.1817 8.214e-07
200 40 1.901 1.2129 8.302e-07
200 40 1.911 1.1902 8.328e-07
200 40 1.921 1.1916 8.298e-07
200 40 1.931 1.2002 8.31e-07
200 40 1.941 1.2232 8.29e-07
200 40 1.951 1.2106 8.295e-07
200 40 1.961 1.2049 8.271e-07
200 40 1.971 1.1857 8.182e-07
200 40 1.981 1.1821 8.127e-07
200 40 1.991 1.201 8.132e-07
300 10 0.001 521.581 1.7682e-06
300 10 0.011 505.311 1.4199e-06
300 10 0.021 504.399 1.7867e-06
300 10 0.031 468.519 1.7079e-06
300 10 0.041 487.275 1.369e-06
300 10 0.051 472.625 1.7429e-06
300 10 0.061 468.786 1.7392e-06
300 10 0.071 459.645 1.7324e-06
300 10 0.081 425.46 1.6709e-06
300 10 0.091 442.61 1.6925e-06
300 10 0.101 434.849 1.6948e-06
300 10 0.111 416.319 1.6554e-06
300 10 0.121 411.892 1.6451e-06
300 10 0.131 398.917 1.6224e-06
300 10 0.141 388.374 1.3209e-06
300 10 0.151 373.634 1.0439e-06
300 10 0.161 374.013 1.0554e-06
300 10 0.171 369.472 1.3689e-06
300 10 0.181 351.135 1.5188e-06
300 10 0.191 352.082 1.5156e-06
300 10 0.201 331.597 1.481e-06
300 10 0.211 325.984 1.3694e-06
300 10 0.221 321.146 1.0515e-06
300 10 0.231 306.227 9.993e-07
300 10 0.241 299.261 9.873e-07
300 10 0.251 297.475 1.0904e-06
300 10 0.261 285.866 1.4417e-06
300 10 0.271 280.843 1.1031e-06
300 10 0.281 271.704 9.647e-07
300 10 0.291 262.127 1.3621e-06
300 10 0.301 254.7 1.3491e-06
300 10 0.311 243.116 1.2182e-06
300 10 0.321 237.556 9.361e-07
300 10 0.331 237.042 9.276e-07
300 10 0.341 225.388 9.309e-07
300 10 0.351 223.465 1.1167e-06
300 10 0.361 207.16 1.2781e-06
300 10 0.371 207.034 1.2713e-06
300 10 0.381 195.719 1.2563e-06
300 10 0.391 192.562 1.2629e-06
300 10 0.401 181.857 1.2165e-06
300 10 0.411 183.439 1.2458e-06
300 10 0.421 176.097 1.2625e-06
300 10 0.431 162.167 1.227e-06
300 10 0.441 161.571 1.2385e-06
300 10 0.451 159.534 1.1052e-06
300 10 0.461 154.371 1.1932e-06
300 10 0.471 144.685 1.0471e-06
300 10 0.481 139.472 1.2544e-06
300 10 0.491 138.653 1.2785e-06
300 10 0.501 136.127 1.2587e-06
300 10 0.511 127.282 1.2411e-06
300 10 0.521 121.817 1.232e-06
300 10 0.531 118.329 1.2368e-06
300 10 0.541 113.3 1.2197e-06
300 10 0.551 109.071 1.2283e-06
300 10 0.561 107.519 1.2238e-06
300 10 0.571 100.507 1.2039e-06
300 10 0.581 98.0169 1.2026e-06
300 10 0.591 98.7834 1.2034e-06
300 10 0.601 93.6821 1.2e-06
300 10 0.611 85.1544 1.1815e-06
300 10 0.621 84.6126 1.187e-06
300 10 0.631 80.8431 1.1808e-06
300 10 0.641 77.0185 1.1712e-06
300 10 0.651 75.2826 1.1755e-06
300 10 0.661 70.3351 1.0352e-06
300 10 0.671 69.364 1.0415e-06
300 10 0.681 65.9535 8.63e-07
300 10 0.691 64 9.852e-07
300 10 0.701 58.6163 1.0674e-06
300 10 0.711 57.4105 1.0656e-06
300 10 0.721 55.1679 1.0547e-06
300 10 0.731 53.4316 1.0607e-06
300 10 0.741 50.3769 1.052e-06
300 10 0.751 48.4409 1.0454e-06
300 10 0.761 46.178 8.785e-07
300 10 0.771 43.6053 1.0051e-06
300 10 0.781 41.3531 1.013e-06
300 10 0.791 41.1513 7.935e-07
300 10 0.801 38.418 9.308e-07
300 10 0.811 36.1285 9.316e-07
300 10 0.821 36.1429 7.729e-07
300 10 0.831 35.2176 7.869e-07
300 10 0.841 33.4666 8.417e-07
300 10 0.851 31.8938 1.0117e-06
300 10 0.861 28.3629 9.613e-07
300 10 0.871 28.2054 7.715e-07
300 10 0.881 25.9987 8.53e-07
300 10 0.891 25.6437 1.0073e-06
300 10 0.901 24.038 9.974e-07
300 10 0.911 22.0126 9.883e-07
300 10 0.921 21.6706 9.754e-07
300 10 0.931 21.0461 8.139e-07
300 10 0.941 19.0245 9.57e-07
300 10 0.951 19.2514 9.613e-07
300 10 0.961 17.8657 9.591e-07
300 10 0.971 17.5382 9.541e-07
300 10 0.981 16.0931 9.897e-07
300 10 0.991 15.5115 9.555e-07
300 10 1.001 14.1612 7.385e-07
300 10 1.011 13.6178 8.3e-07
300 10 1.021 12.537 8.298e-07
300 10 1.031 12.3914 8.182e-07
300 10 1.041 11.0736 9.276e-07
300 10 1.051 10.996 9.234e-07
300 10 1.061 10.717 9.245e-07
300 10 1.071 10.3027 9.432e-07
300 10 1.081 9.7063 9.032e-07
300 10 1.091 9.3324 7.2e-07
300 10 1.101 9.2843 8.392e-07
300 10 1.111 8.966 7.957e-07
300 10 1.121 8.2695 7.171e-07
300 10 1.131 8.0612 7.15e-07
300 10 1.141 8.0952 8.758e-07
300 10 1.151 7.6074 8.783e-07
300 10 1.161 7.4433 7.114e-07
300 10 1.171 7.0475 7.519e-07
300 10 1.181 6.7776 9.368e-07
300 10 1.191 6.7133 9.46e-07
300 10 1.201 6.4859 9.419e-07
300 10 1.211 6.4033 9.061e-07
300 10 1.221 6.2911 9.083e-07
300 10 1.231 5.8384 8.725e-07
300 10 1.241 5.8575 7.61e-07
300 10 1.251 5.6237 8.135e-07
300 10 1.261 5.4312 7.633e-07
300 10 1.271 5.3753 8.85e-07
300 10 1.281 5.2285 8.702e-07
300 10 1.291 5.0015 8.599e-07
300 10 1.301 4.9262 8.875e-07
300 10 1.311 4.7495 8.804e-07
300 10 1.321 4.7911 8.813e-07
300 10 1.331 4.5995 8.795e-07
300 10 1.341 4.2048 8.767e-07
300 10 1.351 4.2541 8.539e-07
300 10 1.361 4.2311 8.684e-07
300 10 1.371 3.9598 8.752e-07
300 10 1.381 4.0897 9.377e-07
300 10 1.391 3.953 9.334e-07
300 10 1.401 3.8585 9.37e-07
300 10 1.411 3.7511 9.363e-07
300 10 1.421 3.6521 9.366e-07
300 10 1.431 3.5595 9.366e-07
300 10 1.441 3.4921 9.372e-07
300 10 1.451 3.45 9.304e-07
300 10 1.461 3.2662 9.362e-07
300 10 1.471 3.1763 7.851e-07
300 10 1.481 3.1171 6.843e-07
300 10 1.491 3.098 6.8e-07
300 10 1.501 2.9451 6.798e-07
300 10 1.511 2.951 6.773e-07
300 10 1.521 2.8244 6.786e-07
300 10 1.531 2.814 6.846e-07
300 10 1.541 2.7916 7.714e-07
300 10 1.551 2.7234 8.692e-07
300 10 1.561 2.6033 8.145e-07
300 10 1.571 2.6091 8.428e-07
300 10 1.581 2.5226 7.485e-07
300 10 1.591 2.5024 6.98e-07
300 10 1.601 2.4326 8.91e-07
300 10 1.611 2.4546 8.873e-07
300 10 1.621 2.342 8.853e-07
300 10 1.631 2.3951 8.893e-07
300 10 1.641 2.3261 8.029e-07
300 10 1.651 2.3582 8.493e-07
300 10 1.661 2.2701 8.459e-07
300 10 1.671 2.2491 8.254e-07
300 10 1.681 2.2439 8.452e-07
300 10 1.691 2.1715 8.522e-07
300 10 1.701 2.2035 7.395e-07
300 10 1.711 2.2318 8.464e-07
300 10 1.721 2.1725 8.498e-07
300 10 1.731 2.1031 8.519e-07
300 10 1.741 2.1229 8.325e-07
300 10 1.751 2.0979 8.414e-07
300 10 1.761 2.0683 8.293e-07
300 10 1.771 2.0237 8.457e-07
300 10 1.781 2.0256 8.421e-07
300 10 1.791 2.0027 8.457e-07
300 10 1.801 1.9367 8.509e-07
300 10 1.811 1.9186 8.482e-07
300 10 1.821 1.9485 8.517e-07
300 10 1.831 1.9331 8.41e-07
300 10 1.841 1.8904 8.421e-07
300 10 1.851 1.8556 8.454e-07
300 10 1.861 1.8816 8.43e-07
300 10 1.871 1.8102 8.457e-07
300 10 1.881 1.8423 8.474e-07
300 10 1.891 1.8161 8.468e-07
300 10 1.901 1.7957 8.08e-07
300 10 1.911 1.8247 8.713e-07
300 10 1.921 1.8197 8.748e-07
300 10 1.931 1.7938 8.76e-07
300 10 1.941 1.7675 8.744e-07
300 10 1.951 1.8035 8.759e-07
300 10 1.961 1.7831 8.758e-07
300 10 1.971 1.8126 8.679e-07
300 10 1.981 1.7724 8.709e-07
300 10 1.991 1.7981 8.606e-07
300 20 0.001 1164.51 2.7429e-06
300 20 0.011 1147.58 2.5974e-06
300 20 0.021 1145.89 1.5846e-06
300 20 0.031 1056.36 1.5244e-06
300 20 0.041 1045.71 1.5126e-06
300 20 0.051 974.749 2.2826e-06
300 20 0.061 966.182 2.3852e-06
300 20 0.071 903.688 2.31e-06
300 20 0.081 852.048 2.2181e-06
300 20 0.091 844.595 2.1984e-06
300 20 0.101 820.621 2.1591e-06
300 20 0.111 752.591 2.0503e-06
300 20 0.121 780.747 2.096e-06
300 20 0.131 708.846 1.9919e-06
300 20 0.141 644.627 1.8963e-06
300 20 0.151 640.004 1.8817e-06
300 20 0.161 608.448 1.8355e-06
300 20 0.171 582.956 1.8059e-06
300 20 0.181 536.641 1.6991e-06
300 20 0.191 515.896 1.3563e-06
300 20 0.201 492.966 1.0761e-06
300 20 0.211 473.47 1.075e-06
300 20 0.221 432.691 1.0832e-06
300 20 0.231 425.853 1.0363e-06
300 20 0.241 406.438 1.1991e-06
300 20 0.251 385.984 1.1912e-06
300 20 0.261 348.316 9.691e-07
300 20 0.271 338.267 1.3625e-06
300 20 0.281 311.879 1.3579e-06
300 20 0.291 288.818 1.3146e-06
300 20 0.301 274.36 1.3014e-06
300 20 0.311 258.691 1.2796e-06
300 20 0.321 245.782 1.2344e-06
300 20 0.331 239.772 1.106e-06
300 20 0.341 221.625 8.701e-07
300 20 0.351 206.204 8.563e-07
300 20 0.361 204.807 8.655e-07
300 20 0.371 182.163 8.424e-07
300 20 0.381 172.806 8.428e-07
300 20 0.391 153.929 1.0423e-06
300 20 0.401 151.114 1.1369e-06
300 20 0.411 139.093 1.106e-06
300 20 0.421 129.025 1.1025e-06
300 20 0.431 124.35 1.1171e-06
300 20 0.441 115.561 8.094e-07
300 20 0.451 106.388 8.886e-07
300 20 0.461 109.906 9.742e-07
300 20 0.471 94.4164 8.116e-07
300 20 0.481 91.5116 8.273e-07
300 20 0.491 87.3378 8.135e-07
300 20 0.501 81.1034 7.701e-07
300 20 0.511 73.3745 7.583e-07
300 20 0.521 69.3506 7.515e-07
300 20 0.531 68.1157 7.485e-07
300 20 0.541 60.8131 7.391e-07
300 20 0.551 60.0473 9.446e-07
300 20 0.561 54.7503 7.245e-07
300 20 0.571 53.0361 7.407e-07
300 20 0.581 49.8398 7.333e-07
300 20 0.591 46.6657 7.388e-07
300 20 0.601 42.5822 7.408e-07
300 20 0.611 41.4589 7.367e-07
300 20 0.621 37.2778 7.306e-07
300 20 0.631 36.8671 7.922e-07
300 20 0.641 36.0869 7.355e-07
300 20 0.651 33.5836 7.655e-07
300 20 0.661 31.6667 7.638e-07
300 20 0.671 30.148 8.487e-07
300 20 0.681 27.6515 9.587e-07
300 20 0.691 26.5099 9.526e-07
300 20 0.701 26.3427 8.363e-07
300 20 0.711 24.8897 1.0066e-06
300 20 0.721 23.473 9.826e-07
300 20 0.731 21.374 8.873e-07
300 20 0.741 21.7193 9.975e-07
300 20 0.751 20.2984 9.913e-07
300 20 0.761 19.3862 9.908e-07
300 20 0.771 18.1709 9.865e-07
300 20 0.781 17.6478 9.868e-07
300 20 0.791 17.0874 9.824e-07
300 20 0.801 16.3096 9.732e-07
300 20 0.811 14.844 8.956e-07
300 20 0.821 15.2237 7e-07
300 20 0.831 14.4244 7.024e-07
300 20 0.841 13.5698 7.056e-07
300 20 0.851 13.4589 6.968e-07
300 20 0.861 12.9317 7.708e-07
300 20 0.871 12.8746 9.098e-07
300 20 0.881 12.1465 8.426e-07
300 20 0.891 11.5403 7.289e-07
300 20 0.901 11.5242 9.633e-07
300 20 0.911 10.8553 7.464e-07
300 20 0.921 10.6747 7.52e-07
300 20 0.931 9.8682 7.411e-07
300 20 0.941 9.9118 7.132e-07
300 20 0.951 9.3239 6.959e-07
300 20 0.961 9.2264 6.972e-07
300 20 0.971 8.8153 7.027e-07
300 20 0.981 8.3737 6.948e-07
300 20 0.991 8.0945 8.268e-07
300 20 1.001 7.972 8.914e-07
300 20 1.011 7.4306 9.052e-07
300 20 1.021 7.4078 9.001e-07
300 20 1.031 7.0401 9.058e-07
300 20 1.041 6.952 8.787e-07
300 20 1.051 6.7652 8.769e-07
300 20 1.061 6.4637 8.75e-07
300 20 1.071 6.2317 8.824e-07
300 20 1.081 6.0528 8.84e-07
300 20 1.091 6.0937 8.858e-07
300 20 1.101 5.8154 8.838e-07
300 20 1.111 5.7725 8.802e-07
300 20 1.121 5.63 8.841e-07
300 20 1.131 5.6195 8.739e-07
300 20 1.141 5.4113 8.618e-07
300 20 1.151 5.1087 8.706e-07
300 20 1.161 5.0427 8.86e-07
300 20 1.171 4.9256 8.791e-07
300 20 1.181 4.995 8.587e-07
300 20 1.191 4.7185 8.689e-07
300 20 1.201 4.6652 6.899e-07
300 20 1.211 4.5421 7.435e-07
300 20 1.221 4.571 7.268e-07
300 20 1.231 4.49 7.873e-07
300 20 1.241 4.3722 8.64e-07
300 20 1.251 4.3784 8.588e-07
300 20 1.261 4.1444 8.136e-07
300 20 1.271 4.1874 8.034e-07
300 20 1.281 4.0209 8.901e-07
300 20 1.291 3.9196 9.062e-07
300 20 1.301 3.9207 8.776e-07
300 20 1.311 3.7611 7.977e-07
300 20 1.321 3.7486 6.814e-07
300 20 1.331 3.6546 6.841e-07
300 20 1.341 3.5848 6.893e-07
300 20 1.351 3.672 7.604e-07
300 20 1.361 3.5256 7.246e-07
300 20 1.371 3.401 7.336e-07
300 20 1.381 3.3264 8.515e-07
300 20 1.391 3.2688 8.726e-07
300 20 1.401 3.2711 8.558e-07
300 20 1.411 3.0911 8.567e-07
300 20 1.421 3.0982 8.765e-07
300 20 1.431 3.1193 8.886e-07
300 20 1.441 3.0128 8.773e-07
300 20 1.451 2.9331 8.568e-07
300 20 1.461 2.9049 8.576e-07
300 20 1.471 2.8277 8.566e-07
300 20 1.481 2.8527 8.806e-07
300 20 1.491 2.6672 8.423e-07
300 20 1.501 2.6554 8.569e-07
300 20 1.511 2.7343 8.532e-07
300 20 1.521 2.6671 8.48e-07
300 20 1.531 2.5599 8.741e-07
300 20 1.541 2.5387 8.666e-07
300 20 1.551 2.5051 8.611e-07
300 20 1.561 2.4144 8.526e-07
300 20 1.571 2.3497 6.902e-07
300 20 1.581 2.4173 7.084e-07
300 20 1.591 2.3355 6.717e-07
300 20 1.601 2.3363 6.733e-07
300 20 1.611 2.2581 6.778e-07
300 20 1.621 2.291 6.809e-07
300 20 1.631 2.2553 6.896e-07
300 20 1.641 2.1982 8.339e-07
300 20 1.651 2.1952 8.473e-07
300 20 1.661 2.1702 8.492e-07
300 20 1.671 2.1872 7.969e-07
300 20 1.681 2.104 7.542e-07
300 20 1.691 2.1358 8.398e-07
300 20 1.701 2.1107 6.981e-07
300 20 1.711 2.0612 6.611e-07
300 20 1.721 2.0573 8.237e-07
300 20 1.731 2.0111 8.434e-07
300 20 1.741 2.022 7.742e-07
300 20 1.751 1.9813 6.663e-07
300 20 1.761 1.9386 6.666e-07
300 20 1.771 1.9917 8.101e-07
300 20 1.781 1.9491 8.456e-07
300 20 1.791 1.9364 8.373e-07
300 20 1.801 1.9328 7.446e-07
300 20 1.811 1.9057 7.218e-07
300 20 1.821 1.8738 7.725e-07
300 20 1.831 1.8524 7.84e-07
300 20 1.841 1.8285 7.206e-07
300 20 1.851 1.8203 8.433e-07
300 20 1.861 1.8072 8.393e-07
300 20 1.871 1.8122 8.435e-07
300 20 1.881 1.809 8.449e-07
300 20 1.891 1.8139 8.427e-07
300 20 1.901 1.8038 8.422e-07
300 20 1.911 1.8153 8.256e-07
300 20 1.921 1.7912 8.331e-07
300 20 1.931 1.7725 8.505e-07
300 20 1.941 1.7767 8.437e-07
300 20 1.951 1.7888 8.464e-07
300 20 1.961 1.7736 8.358e-07
300 20 1.971 1.7921 8.361e-07
300 20 1.981 1.7482 8.203e-07
300 20 1.991 1.7844 8.25e-07
300 30 0.001 1817.12 3.6211e-06
300 30 0.011 1734.01 3.5268e-06
300 30 0.021 1623.67 3.1758e-06
300 30 0.031 1559.1 2.3603e-06
300 30 0.041 1489.08 1.8948e-06
300 30 0.051 1436.44 1.8429e-06
300 30 0.061 1335.16 2.3028e-06
300 30 0.071 1194.67 2.7138e-06
300 30 0.081 1149.35 2.6343e-06
300 30 0.091 1104.45 2.5778e-06
300 30 0.101 989.235 2.3893e-06
300 30 0.111 939.325 2.3129e-06
300 30 0.121 879.736 2.2149e-06
300 30 0.131 809.251 2.0988e-06
300 30 0.141 767.995 2.0601e-06
300 30 0.151 687.712 1.9314e-06
300 30 0.161 646.343 1.8746e-06
300 30 0.171 608.122 1.8119e-06
300 30 0.181 545.563 1.4707e-06
300 30 0.191 485.297 1.1194e-06
300 30 0.201 485.303 1.1176e-06
300 30 0.211 410.761 1.0634e-06
300 30 0.221 383.732 1.4239e-06
300 30 0.231 364.44 1.4627e-06
300 30 0.241 333.253 1.4174e-06
300 30 0.251 296.43 1.3578e-06
300 30 0.261 288.354 1.3468e-06
300 30 0.271 255.819 1.2934e-06
300 30 0.281 220.594 1.24e-06
300 30 0.291 221.352 1.2366e-06
300 30 0.301 196.166 1.2004e-06
300 30 0.311 180.441 9.826e-07
300 30 0.321 164.14 1.0923e-06
300 30 0.331 159.619 1.0972e-06
300 30 0.341 135.353 7.945e-07
300 30 0.351 129.936 8.662e-07
300 30 0.361 120.019 1.0424e-06
300 30 0.371 112.474 9.345e-07
300 30 0.381 100.024 1.0683e-06
300 30 0.391 90.2629 1.0198e-06
300 30 0.401 82.9446 9.921e-07
300 30 0.411 77.3436 1.0101e-06
300 30 0.421 71.4651 1.0025e-06
300 30 0.431 65.3745 9.908e-07
300 30 0.441 58.8608 9.682e-07
300 30 0.451 58.14 9.811e-07
300 30 0.461 50.8327 9.604e-07
300 30 0.471 50.9309 9.583e-07
300 30 0.481 46.2004 9.58e-07
300 30 0.491 40.2386 9.235e-07
300 30 0.501 40.8016 9.175e-07
300 30 0.511 38.1972 9.175e-07
300 30 0.521 36.5908 9.421e-07
300 30 0.531 32.0657 7.8e-07
300 30 0.541 30.1731 7.581e-07
300 30 0.551 29.6586 8.954e-07
300 30 0.561 29.2321 7.873e-07
300 30 0.571 26.6569 6.996e-07
300 30 0.581 24.7163 6.993e-07
300 30 0.591 22.5961 6.98e-07
300 30 0.601 23.6204 6.947e-07
300 30 0.611 22.4549 7.45e-07
300 30 0.621 20.3127 7.006e-07
300 30 0.631 19.6425 7.967e-07
300 30 0.641 19.2635 8.879e-07
300 30 0.651 17.5657 9.069e-07
300 30 0.661 16.7397 8.821e-07
300 30 0.671 17.6034 8.996e-07
300 30 0.681 16.2469 8.742e-07
300 30 0.691 15.9178 8.998e-07
300 30 0.701 15.6251 8.861e-07
300 30 0.711 14.5967 7.016e-07
300 30 0.721 13.8682 7.652e-07
300 30 0.731 13.8556 8.768e-07
300 30 0.741 13.4726 8.917e-07
300 30 0.751 12.9189 8.991e-07
300 30 0.761 12.7077 9.047e-07
300 30 0.771 11.6705 9.356e-07
300 30 0.781 11.7895 7.822e-07
300 30 0.791 11.1053 8.712e-07
300 30 0.801 11.0908 8.32e-07
300 30 0.811 10.9886 8.008e-07
300 30 0.821 10.0266 8.876e-07
300 30 0.831 10.4587 8.817e-07
300 30 0.841 9.969 8.918e-07
300 30 0.851 9.4599 8.806e-07
300 30 0.861 9.0266 8.804e-07
300 30 0.871 8.9713 8.925e-07
300 30 0.881 8.7725 8.616e-07
300 30 0.891 8.3988 8.526e-07
300 30 0.901 8.0523 8.906e-07
300 30 0.911 8.095 7.202e-07
300 30 0.921 7.9662 8.635e-07
300 30 0.931 7.5382 8.757e-07
300 30 0.941 7.0966 8.916e-07
300 30 0.951 7.2765 8.95e-07
300 30 0.961 6.8084 8.9e-07
300 30 0.971 6.6848 8.86e-07
300 30 0.981 6.4145 8.899e-07
300 30 0.991 6.5234 8.89e-07
300 30 1.001 6.2654 8.901e-07
300 30 1.011 6.1821 8.84e-07
300 30 1.021 5.8823 8.912e-07
300 30 1.031 5.5601 9.01e-07
300 30 1.041 5.4668 9.103e-07
300 30 1.051 5.153 9.086e-07
300 30 1.061 5.1575 9.073e-07
300 30 1.071 4.9984 9.093e-07
300 30 1.081 4.9412 9.013e-07
300 30 1.091 4.9437 9.061e-07
300 30 1.101 4.68 9.142e-07
300 30 1.111 4.7921 8.846e-07
300 30 1.121 4.6665 8.978e-07
300 30 1.131 4.6129 8.867e-07
300 30 1.141 4.3679 7.771e-07
300 30 1.151 4.3373 8.111e-07
300 30 1.161 4.2617 8.765e-07
300 30 1.171 4.2242 8.843e-07
300 30 1.181 4.0566 7.467e-07
300 30 1.191 4.0594 7.522e-07
300 30 1.201 3.8086 8.907e-07
300 30 1.211 4.054 1.0082e-06
300 30 1.221 3.8391 9.874e-07
300 30 1.231 3.9282 9.705e-07
300 30 1.241 3.7313 8.056e-07
300 30 1.251 3.6842 8.717e-07
300 30 1.261 3.5713 8.281e-07
300 30 1.271 3.5626 7.83e-07
300 30 1.281 3.615 8.686e-07
300 30 1.291 3.3576 8.562e-07
300 30 1.301 3.4398 8.015e-07
300 30 1.311 3.3895 8.885e-07
300 30 1.321 3.1893 8.908e-07
300 30 1.331 3.2 8.94e-07
300 30 1.341 3.2271 8.948e-07
300 30 1.351 3.1883 7.932e-07
300 30 1.361 3.0613 8.217e-07
300 30 1.371 3.0256 8.663e-07
300 30 1.381 3.0493 7.473e-07
300 30 1.391 2.9273 8.456e-07
300 30 1.401 2.8972 8.754e-07
300 30 1.411 2.9555 7.136e-07
300 30 1.421 2.8593 7.952e-07
300 30 1.431 2.8026 7.852e-07
300 30 1.441 2.7529 8.674e-07
300 30 1.451 2.6956 9.286e-07
300 30 1.461 2.6772 7.457e-07
300 30 1.471 2.6186 8.017e-07
300 30 1.481 2.6095 8.41e-07
300 30 1.491 2.5528 8.793e-07
300 30 1.501 2.484 8.81e-07
300 30 1.511 2.5404 8.925e-07
300 30 1.521 2.4609 8.81e-07
300 30 1.531 2.407 8.74e-07
300 30 1.541 2.4387 8.7e-07
300 30 1.551 2.3208 8.617e-07
300 30 1.561 2.362 8.618e-07
300 30 1.571 2.2765 8.581e-07
300 30 1.581 2.2079 8.595e-07
300 30 1.591 2.1851 8.621e-07
300 30 1.601 2.2022 8.326e-07
300 30 1.611 2.1378 7.241e-07
300 30 1.621 2.156 6.828e-07
300 30 1.631 2.1139 7.472e-07
300 30 1.641 2.1063 8.655e-07
300 30 1.651 2.1201 8.67e-07
300 30 1.661 2.0536 8.575e-07
300 30 1.671 2.0777 8.608e-07
300 30 1.681 2.0807 8.61e-07
300 30 1.691 2.0561 8.668e-07
300 30 1.701 2.0327 8.666e-07
300 30 1.711 2.0167 8.569e-07
300 30 1.721 1.9884 8.644e-07
300 30 1.731 1.9681 8.677e-07
300 30 1.741 1.952 8.608e-07
300 30 1.751 1.9445 8.663e-07
300 30 1.761 1.9179 8.651e-07
300 30 1.771 1.913 8.458e-07
300 30 1.781 1.9113 8.591e-07
300 30 1.791 1.8811 8.502e-07
300 30 1.801 1.8373 7.534e-07
300 30 1.811 1.893 6.806e-07
300 30 1.821 1.8653 6.9e-07
300 30 1.831 1.8341 7.07e-07
300 30 1.841 1.8242 7.122e-07
300 30 1.851 1.7373 8.613e-07
300 30 1.861 1.8069 8.597e-07
300 30 1.871 1.8048 8.637e-07
300 30 1.881 1.7724 8.611e-07
300 30 1.891 1.7544 8.598e-07
300 30 1.901 1.7953 8.554e-07
300 30 1.911 1.7522 8.54e-07
300 30 1.921 1.7739 8.604e-07
300 30 1.931 1.747 8.59e-07
300 30 1.941 1.7809 8.615e-07
300 30 1.951 1.7298 8.624e-07
300 30 1.961 1.767 8.667e-07
300 30 1.971 1.7457 8.175e-07
300 30 1.981 1.7515 6.413e-07
300 30 1.991 1.7397 7.499e-07
300 40 0.001 2362.61 5.0433e-06
300 40 0.011 2236.66 4.8416e-06
300 40 0.021 2084.05 4.5747e-06
300 40 0.031 2027.17 4.486e-06
300 40 0.041 1918.01 4.3097e-06
300 40 0.051 1775.91 4.0697e-06
300 40 0.061 1634.04 3.8293e-06
300 40 0.071 1478.91 3.5462e-06
300 40 0.081 1380.75 3.3816e-06
300 40 0.091 1232.68 2.8494e-06
300 40 0.101 1208.65 1.7956e-06
300 40 0.111 1117.73 1.7398e-06
300 40 0.121 1008.85 2.3905e-06
300 40 0.131 928.375 2.5774e-06
300 40 0.141 879.075 1.9345e-06
300 40 0.151 822.884 2.3353e-06
300 40 0.161 693.032 2.1039e-06
300 40 0.171 683.245 2.0944e-06
300 40 0.181 621.636 1.9922e-06
300 40 0.191 551.368 1.8574e-06
300 40 0.201 498.535 1.7587e-06
300 40 0.211 449.3 1.6751e-06
300 40 0.221 417.498 1.6177e-06
300 40 0.231 376.088 1.5511e-06
300 40 0.241 332.535 1.4742e-06
300 40 0.251 317.493 1.4467e-06
300 40 0.261 295.453 1.3923e-06
300 40 0.271 252.198 1.3184e-06
300 40 0.281 232.303 1.2857e-06
300 40 0.291 217.765 1.2609e-06
300 40 0.301 211.089 1.248e-06
300 40 0.311 185.574 1.206e-06
300 40 0.321 168.283 1.1658e-06
300 40 0.331 148.922 1.1348e-06
300 40 0.341 130.345 9.173e-07
300 40 0.351 126.023 8.521e-07
300 40 0.361 105.523 8.079e-07
300 40 0.371 107.569 1.0727e-06
300 40 0.381 85.0398 1.0609e-06
300 40 0.391 91.1684 1.0645e-06
300 40 0.401 73.3973 1.0449e-06
300 40 0.411 71.6053 1.0099e-06
300 40 0.421 69.6822 1.003e-06
300 40 0.431 61.2107 9.539e-07
300 40 0.441 56.2789 9.443e-07
300 40 0.451 51.7013 9.72e-07
300 40 0.461 50.0473 9.623e-07
300 40 0.471 41.3582 9.518e-07
300 40 0.481 42.0063 7.779e-07
300 40 0.491 38.7781 7.401e-07
300 40 0.501 34.3374 7.779e-07
300 40 0.511 33.8305 8.113e-07
300 40 0.521 32.0726 7.608e-07
300 40 0.531 28.3837 7.191e-07
300 40 0.541 27.933 7.256e-07
300 40 0.551 26.4653 8.352e-07
300 40 0.561 24.9491 9.213e-07
300 40 0.571 23.3111 9.238e-07
300 40 0.581 24.0934 9.228e-07
300 40 0.591 21.2125 9.14e-07
300 40 0.601 20.0581 9.173e-07
300 40 0.611 19.1563 9.22e-07
300 40 0.621 18.4645 9.09e-07
300 40 0.631 19.4144 9.139e-07
300 40 0.641 17.0954 9.103e-07
300 40 0.651 16.4585 9.082e-07
300 40 0.661 15.8242 9.087e-07
300 40 0.671 15.2225 9.031e-07
300 40 0.681 14.6959 9.111e-07
300 40 0.691 13.9671 8.783e-07
300 40 0.701 14.0308 8.856e-07
300 40 0.711 13.8493 9.13e-07
300 40 0.721 12.413 9.339e-07
300 40 0.731 12.3709 9.093e-07
300 40 0.741 12.4585 8.984e-07
300 40 0.751 11.781 8.991e-07
300 40 0.761 11.5492 8.795e-07
300 40 0.771 11.093 8.467e-07
300 40 0.781 11.0466 8.714e-07
300 40 0.791 10.636 8.893e-07
300 40 0.801 10.2406 8.836e-07
300 40 0.811 9.7179 8.555e-07
300 40 0.821 9.8539 8.045e-07
300 40 0.831 9.3674 7.079e-07
300 40 0.841 9.1995 7.172e-07
300 40 0.851 8.8121 8.623e-07
300 40 0.861 8.5018 8.842e-07
300 40 0.871 8.2665 8.87e-07
300 40 0.881 8.172 9.147e-07
300 40 0.891 7.7213 9.052e-07
300 40 0.901 7.9425 9.083e-07
300 40 0.911 7.3753 9.033e-07
300 40 0.921 7.2507 9.01e-07
300 40 0.931 6.9817 7.167e-07
300 40 0.941 6.8663 7.068e-07
300 40 0.951 6.7826 7.018e-07
300 40 0.961 6.5586 7.282e-07
300 40 0.971 6.293 8.696e-07
300 40 0.981 5.9887 9.027e-07
300 40 0.991 5.8258 9.094e-07
300 40 1.001 5.7602 8.867e-07
300 40 1.011 5.6198 7.128e-07
300 40 1.021 5.1569 7.049e-07
300 40 1.031 5.2005 7.069e-07
300 40 1.041 5.1191 7.077e-07
300 40 1.051 4.9409 7.026e-07
300 40 1.061 4.8496 7.074e-07
300 40 1.071 4.7755 7.001e-07
300 40 1.081 4.7027 6.997e-07
300 40 1.091 4.6518 7.087e-07
300 40 1.101 4.4785 8.109e-07
300 40 1.111 4.3585 8.864e-07
300 40 1.121 4.4053 8.986e-07
300 40 1.131 4.2257 8.828e-07
300 40 1.141 4.3464 8.843e-07
300 40 1.151 4.0946 8.798e-07
300 40 1.161 4.0079 7.346e-07
300 40 1.171 3.8604 8.732e-07
300 40 1.181 3.9598 8.8e-07
300 40 1.191 3.7389 8.784e-07
300 40 1.201 3.7095 8.819e-07
300 40 1.211 3.8308 8.835e-07
300 40 1.221 3.6719 8.795e-07
300 40 1.231 3.6866 8.818e-07
300 40 1.241 3.4165 8.807e-07
300 40 1.251 3.4552 8.649e-07
300 40 1.261 3.3938 8.797e-07
300 40 1.271 3.4451 8.817e-07
300 40 1.281 3.23 8.052e-07
300 40 1.291 3.3139 8.612e-07
300 40 1.301 3.1613 8.915e-07
300 40 1.311 3.1177 8.968e-07
300 40 1.321 3.1137 8.852e-07
300 40 1.331 3.082 8.955e-07
300 40 1.341 3.0236 7.579e-07
300 40 1.351 3.0085 6.993e-07
300 40 1.361 2.948 7.089e-07
300 40 1.371 2.9294 8.298e-07
300 40 1.381 2.8433 8.839e-07
300 40 1.391 2.7425 8.857e-07
300 40 1.401 2.7273 8.816e-07
300 40 1.411 2.7589 8.874e-07
300 40 1.421 2.6396 8.67e-07
300 40 1.431 2.5987 8.865e-07
300 40 1.441 2.6266 8.887e-07
300 40 1.451 2.5669 8.922e-07
300 40 1.461 2.5421 8.779e-07
300 40 1.471 2.495 8.779e-07
300 40 1.481 2.4229 8.773e-07
300 40 1.491 2.4574 8.803e-07
300 40 1.501 2.4126 8.846e-07
300 40 1.511 2.3207 8.848e-07
300 40 1.521 2.316 8.529e-07
300 40 1.531 2.2378 7.607e-07
300 40 1.541 2.2416 8.371e-07
300 40 1.551 2.302 8.054e-07
300 40 1.561 2.1929 8.741e-07
300 40 1.571 2.1776 8.739e-07
300 40 1.581 2.1664 8.709e-07
300 40 1.591 2.1081 8.05e-07
300 40 1.601 2.0536 8.891e-07
300 40 1.611 2.1013 8.841e-07
300 40 1.621 2.1242 8.854e-07
300 40 1.631 2.0482 8.851e-07
300 40 1.641 2.0716 8.769e-07
300 40 1.651 1.9788 8.722e-07
300 40 1.661 1.9984 8.767e-07
300 40 1.671 2.0128 8.706e-07
300 40 1.681 1.9829 8.769e-07
300 40 1.691 1.9339 8.72e-07
300 40 1.701 1.9136 8.83e-07
300 40 1.711 1.9112 8.772e-07
300 40 1.721 1.9086 7.526e-07
300 40 1.731 1.8869 8.625e-07
300 40 1.741 1.8528 8.705e-07
300 40 1.751 1.8421 8.739e-07
300 40 1.761 1.8414 8.691e-07
300 40 1.771 1.8433 8.719e-07
300 40 1.781 1.8089 8.449e-07
300 40 1.791 1.82 8.441e-07
300 40 1.801 1.7667 8.617e-07
300 40 1.811 1.7165 8.716e-07
300 40 1.821 1.7792 8.729e-07
300 40 1.831 1.756 7.74e-07
300 40 1.841 1.7508 7.011e-07
300 40 1.851 1.705 7.101e-07
300 40 1.861 1.6873 7.638e-07
300 40 1.871 1.7028 8.606e-07
300 40 1.881 1.6801 8.636e-07
300 40 1.891 1.6997 8.702e-07
300 40 1.901 1.6933 8.725e-07
300 40 1.911 1.711 8.728e-07
300 40 1.921 1.7308 8.715e-07
300 40 1.931 1.6932 8.647e-07
300 40 1.941 1.6857 8.622e-07
300 40 1.951 1.6912 8.605e-07
300 40 1.961 1.6547 8.643e-07
300 40 1.971 1.6649 8.615e-07
300 40 1.981 1.6807 8.597e-07
300 40 1.991 1.6779 8.522e-07
400 10 0.001 666.329 2.1812e-06
400 10 0.011 686.384 2.2191e-06
400 10 0.021 668.118 2.1845e-06
400 10 0.031 646.178 2.1513e-06
400 10 0.041 652.963 2.1676e-06
400 10 0.051 614.113 2.0905e-06
400 10 0.061 623.208 2.111e-06
400 10 0.071 610.241 2.0869e-06
400 10 0.081 616.77 1.9495e-06
400 10 0.091 591.792 1.3298e-06
400 10 0.101 576.107 1.3292e-06
400 10 0.111 567.158 1.3052e-06
400 10 0.121 556.091 1.3626e-06
400 10 0.131 532.419 1.9127e-06
400 10 0.141 534.701 1.9431e-06
400 10 0.151 510.843 1.5512e-06
400 10 0.161 502.079 1.4581e-06
400 10 0.171 476.234 1.2884e-06
400 10 0.181 486.798 1.8662e-06
400 10 0.191 454.103 1.496e-06
400 10 0.201 453.077 1.806e-06
400 10 0.211 438.31 1.4772e-06
400 10 0.221 434.105 1.2109e-06
400 10 0.231 409.477 1.1851e-06
400 10 0.241 410.022 1.1881e-06
400 10 0.251 398.004 1.7079e-06
400 10 0.261 382.27 1.6917e-06
400 10 0.271 369.814 1.6562e-06
400 10 0.281 355.034 1.6065e-06
400 10 0.291 347.336 1.5824e-06
400 10 0.301 338.573 1.0732e-06
400 10 0.311 324.473 1.2339e-06
400 10 0.321 322.898 1.5726e-06
400 10 0.331 299.674 1.1449e-06
400 10 0.341 304.435 1.144e-06
400 10 0.351 282.937 1.4952e-06
400 10 0.361 285.19 1.5025e-06
400 10 0.371 277.607 1.4962e-06
400 10 0.381 276.275 1.5646e-06
400 10 0.391 259.379 1.4768e-06
400 10 0.401 260.224 1.3144e-06
400 10 0.411 235.703 1.0103e-06
400 10 0.421 240.99 1.1198e-06
400 10 0.431 219.693 1.4203e-06
400 10 0.441 220.162 1.4218e-06
400 10 0.451 212.398 1.3902e-06
400 10 0.461 210.729 1.4132e-06
400 10 0.471 192.247 1.3771e-06
400 10 0.481 186.096 1.3238e-06
400 10 0.491 180.834 1.3474e-06
400 10 0.501 170.598 1.3256e-06
400 10 0.511 172.777 1.3212e-06
400 10 0.521 164.569 1.0354e-06
400 10 0.531 160.496 1.2888e-06
400 10 0.541 156.057 1.3881e-06
400 10 0.551 148.202 1.379e-06
400 10 0.561 140.401 1.3543e-06
400 10 0.571 138.298 1.3493e-06
400 10 0.581 133.416 1.3458e-06
400 10 0.591 129.952 1.3366e-06
400 10 0.601 125.082 1.0247e-06
400 10 0.611 117.029 1.0419e-06
400 10 0.621 112.858 1.0999e-06
400 10 0.631 107.956 1.2411e-06
400 10 0.641 98.1045 1.2274e-06
400 10 0.651 96.9119 1.2302e-06
400 10 0.661 94.85 1.2187e-06
400 10 0.671 89.7884 1.1992e-06
400 10 0.681 85.3117 9.132e-07
400 10 0.691 86.0027 9.042e-07
400 10 0.701 85.3411 9.235e-07
400 10 0.711 76.0681 8.99e-07
400 10 0.721 71.9615 8.901e-07
400 10 0.731 71.6581 1.0053e-06
400 10 0.741 66.0996 1.177e-06
400 10 0.751 66.2742 1.1937e-06
400 10 0.761 60.531 1.1871e-06
400 10 0.771 59.2368 1.1468e-06
400 10 0.781 56.0921 8.612e-07
400 10 0.791 55.6514 8.64e-07
400 10 0.801 51.2675 8.492e-07
400 10 0.811 51.5385 8.625e-07
400 10 0.821 47.0992 8.58e-07
400 10 0.831 45.0549 9.356e-07
400 10 0.841 42.4453 1.1112e-06
400 10 0.851 40.2635 1.0971e-06
400 10 0.861 38.1437 1.091e-06
400 10 0.871 38.5355 1.0987e-06
400 10 0.881 35.0506 1.0923e-06
400 10 0.891 33.3234 1.0978e-06
400 10 0.901 31.8093 9.865e-07
400 10 0.911 30.4493 8.791e-07
400 10 0.921 28.1893 9.716e-07
400 10 0.931 28.119 1.0502e-06
400 10 0.941 26.6642 1.0589e-06
400 10 0.951 24.8005 1.0357e-06
400 10 0.961 25.5889 1.0424e-06
400 10 0.971 23.5565 1.0484e-06
400 10 0.981 20.9698 1.0328e-06
400 10 0.991 19.8605 9.995e-07
400 10 1.001 18.6673 1.0709e-06
400 10 1.011 18.1402 8.573e-07
400 10 1.021 17.1607 9.287e-07
400 10 1.031 16.3075 1.0458e-06
400 10 1.041 15.0351 1.0408e-06
400 10 1.051 14.9619 1.0417e-06
400 10 1.061 13.913 9.678e-07
400 10 1.071 13.4688 8.15e-07
400 10 1.081 12.5984 8.273e-07
400 10 1.091 12.425 1.0764e-06
400 10 1.101 11.8457 1.0728e-06
400 10 1.111 11.1938 9.456e-07
400 10 1.121 10.7758 1.0112e-06
400 10 1.131 10.0037 9.94e-07
400 10 1.141 10.115 9.858e-07
400 10 1.151 10.2236 9.826e-07
400 10 1.161 9.6012 9.975e-07
400 10 1.171 9.442 9.175e-07
400 10 1.181 8.8634 8.326e-07
400 10 1.191 8.5192 8.192e-07
400 10 1.201 8.5702 8.757e-07
400 10 1.211 8.1627 9.688e-07
400 10 1.221 8.4853 9.605e-07
400 10 1.231 8.0214 9.538e-07
400 10 1.241 7.7804 9.48e-07
400 10 1.251 7.4303 9.354e-07
400 10 1.261 7.1797 9.681e-07
400 10 1.271 6.9989 9.781e-07
400 10 1.281 6.8926 9.751e-07
400 10 1.291 6.558 9.727e-07
400 10 1.301 6.351 9.724e-07
400 10 1.311 6.3935 9.643e-07
400 10 1.321 6.0234 9.638e-07
400 10 1.331 5.9557 9.59e-07
400 10 1.341 5.7058 9.606e-07
400 10 1.351 5.4238 9.49e-07
400 10 1.361 5.3896 9.661e-07
400 10 1.371 5.3695 9.647e-07
400 10 1.381 5.2015 9.625e-07
400 10 1.391 5.2348 9.635e-07
400 10 1.401 4.8076 9.557e-07
400 10 1.411 4.8379 9.637e-07
400 10 1.421 4.5515 9.539e-07
400 10 1.431 4.7955 9.535e-07
400 10 1.441 4.5689 9.524e-07
400 10 1.451 4.3454 9.237e-07
400 10 1.461 4.2984 9.284e-07
400 10 1.471 4.239 8.63e-07
400 10 1.481 4.1027 7.744e-07
400 10 1.491 3.9425 8.008e-07
400 10 1.501 3.8925 9.576e-07
400 10 1.511 3.8296 9.482e-07
400 10 1.521 3.7611 9.415e-07
400 10 1.531 3.6007 8.927e-07
400 10 1.541 3.5333 7.356e-07
400 10 1.551 3.461 7.796e-07
400 10 1.561 3.3218 7.757e-07
400 10 1.571 3.3516 8.029e-07
400 10 1.581 3.3339 8.043e-07
400 10 1.591 3.2608 8.977e-07
400 10 1.601 3.1379 9.116e-07
400 10 1.611 3.2064 9.129e-07
400 10 1.621 3.1648 9.163e-07
400 10 1.631 3.0531 8.726e-07
400 10 1.641 3.0694 8.959e-07
400 10 1.651 2.9189 9.058e-07
400 10 1.661 2.9956 9.134e-07
400 10 1.671 2.9166 9.02e-07
400 10 1.681 2.868 8.444e-07
400 10 1.691 2.8057 7.736e-07
400 10 1.701 2.8072 7.235e-07
400 10 1.711 2.7632 7.337e-07
400 10 1.721 2.6704 8.741e-07
400 10 1.731 2.7151 9.031e-07
400 10 1.741 2.6308 9.19e-07
400 10 1.751 2.6898 8.952e-07
400 10 1.761 2.6199 7.266e-07
400 10 1.771 2.6529 7.83e-07
400 10 1.781 2.556 7.395e-07
400 10 1.791 2.5269 9.303e-07
400 10 1.801 2.5913 8.378e-07
400 10 1.811 2.475 8.263e-07
400 10 1.821 2.4523 9.078e-07
400 10 1.831 2.4899 8.823e-07
400 10 1.841 2.3965 8.901e-07
400 10 1.851 2.4216 8.85e-07
400 10 1.861 2.3762 9.02e-07
400 10 1.871 2.3605 8.168e-07
400 10 1.881 2.3493 9.182e-07
400 10 1.891 2.3469 9.022e-07
400 10 1.901 2.3055 9.053e-07
400 10 1.911 2.3224 9.125e-07
400 10 1.921 2.293 9.107e-07
400 10 1.931 2.2726 9.076e-07
400 10 1.941 2.2781 8.99e-07
400 10 1.951 2.279 7.343e-07
400 10 1.961 2.2663 7.111e-07
400 10 1.971 2.2917 7.114e-07
400 10 1.981 2.2877 7.002e-07
400 10 1.991 2.2573 7.057e-07
400 20 0.001 1654.48 2.0466e-06
400 20 0.011 1571.12 1.978e-06
400 20 0.021 1543.53 1.9472e-06
400 20 0.031 1532.13 1.9354e-06
400 20 0.041 1422.87 1.8523e-06
400 20 0.051 1380.05 1.8204e-06
400 20 0.061 1291.51 1.7497e-06
400 20 0.071 1239.72 2.0336e-06
400 20 0.081 1191.77 2.7813e-06
400 20 0.091 1143.27 2.6945e-06
400 20 0.101 1081.75 2.5996e-06
400 20 0.111 1073.08 2.592e-06
400 20 0.121 969.442 2.4336e-06
400 20 0.131 958.36 2.4304e-06
400 20 0.141 918.217 2.3707e-06
400 20 0.151 850.794 2.2722e-06
400 20 0.161 838.454 2.2485e-06
400 20 0.171 770.251 2.1265e-06
400 20 0.181 728.98 2.0672e-06
400 20 0.191 704.385 2.0307e-06
400 20 0.201 673.338 1.9829e-06
400 20 0.211 640.964 1.9363e-06
400 20 0.221 615.881 1.8849e-06
400 20 0.231 562.421 1.6023e-06
400 20 0.241 542.16 1.163e-06
400 20 0.251 502.877 1.5113e-06
400 20 0.261 481.564 1.6819e-06
400 20 0.271 445.415 1.6226e-06
400 20 0.281 427.916 1.6268e-06
400 20 0.291 393.991 1.5766e-06
400 20 0.301 384.156 1.5646e-06
400 20 0.311 367.892 1.5554e-06
400 20 0.321 329.625 1.471e-06
400 20 0.331 310.47 1.44e-06
400 20 0.341 295.687 1.4319e-06
400 20 0.351 275.267 1.3969e-06
400 20 0.361 259.646 1.3663e-06
400 20 0.371 251.751 1.3636e-06
400 20 0.381 221.973 1.3392e-06
400 20 0.391 216.488 1.2998e-06
400 20 0.401 199.195 8.836e-07
400 20 0.411 194.353 8.882e-07
400 20 0.421 184.48 1.2207e-06
400 20 0.431 168.084 1.2051e-06
400 20 0.441 162.158 1.2019e-06
400 20 0.451 152.948 1.0955e-06
400 20 0.461 131.833 8.309e-07
400 20 0.471 125.761 1.0857e-06
400 20 0.481 123.99 1.1613e-06
400 20 0.491 112.701 1.1475e-06
400 20 0.501 112.639 1.1422e-06
400 20 0.511 103.03 1.1195e-06
400 20 0.521 96.644 1.1092e-06
400 20 0.531 91.5347 9.581e-07
400 20 0.541 82.837 1.0686e-06
400 20 0.551 77.0108 1.0615e-06
400 20 0.561 72.9463 1.0549e-06
400 20 0.571 71.3697 1.0422e-06
400 20 0.581 68.4895 9.489e-07
400 20 0.591 62.4719 9.094e-07
400 20 0.601 60.1193 9.297e-07
400 20 0.611 57.2012 1.0211e-06
400 20 0.621 50.5762 1.009e-06
400 20 0.631 49.0193 9.954e-07
400 20 0.641 47.7085 9.794e-07
400 20 0.651 43.3708 9.95e-07
400 20 0.661 42.503 1.0069e-06
400 20 0.671 40.9406 9.971e-07
400 20 0.681 37.0121 9.896e-07
400 20 0.691 35.8339 9.867e-07
400 20 0.701 34.3631 9.665e-07
400 20 0.711 33.2797 9.835e-07
400 20 0.721 30.552 9.726e-07
400 20 0.731 30.5073 9.867e-07
400 20 0.741 27.3973 9.749e-07
400 20 0.751 27.4032 9.694e-07
400 20 0.761 26.3306 9.636e-07
400 20 0.771 24.6282 9.158e-07
400 20 0.781 23.9164 7.502e-07
400 20 0.791 22.3875 8.269e-07
400 20 0.801 21.9071 9.734e-07
400 20 0.811 21.2936 8.094e-07
400 20 0.821 20.2935 7.762e-07
400 20 0.831 19.1934 9.084e-07
400 20 0.841 18.545 7.454e-07
400 20 0.851 17.2974 7.337e-07
400 20 0.861 17.6292 7.34e-07
400 20 0.871 16.3732 7.712e-07
400 20 0.881 16.0342 9.979e-07
400 20 0.891 15.9052 9.797e-07
400 20 0.901 14.2013 9.704e-07
400 20 0.911 14.6852 8.766e-07
400 20 0.921 13.4964 9.651e-07
400 20 0.931 13.0914 9.71e-07
400 20 0.941 12.849 9.676e-07
400 20 0.951 12.5829 8.989e-07
400 20 0.961 12.3666 8.558e-07
400 20 0.971 11.4529 7.269e-07
400 20 0.981 11.2676 8.687e-07
400 20 0.991 10.6303 9.472e-07
400 20 1.001 10.4784 9.392e-07
400 20 1.011 10.2237 9.49e-07
400 20 1.021 9.9081 8.492e-07
400 20 1.031 9.2421 9.26e-07
400 20 1.041 9.1305 9.263e-07
400 20 1.051 8.6691 9.217e-07
400 20 1.061 8.6634 8.975e-07
400 20 1.071 8.2047 8.921e-07
400 20 1.081 8.0283 9.237e-07
400 20 1.091 7.9929 9.264e-07
400 20 1.101 7.5087 9.213e-07
400 20 1.111 7.6247 9.297e-07
400 20 1.121 7.1052 9.185e-07
400 20 1.131 7.3785 8.713e-07
400 20 1.141 7.0034 7.448e-07
400 20 1.151 6.8069 7.628e-07
400 20 1.161 6.7767 7.176e-07
400 20 1.171 6.5096 7.271e-07
400 20 1.181 6.3629 8.309e-07
400 20 1.191 6.5075 7.304e-07
400 20 1.201 6.3529 7.317e-07
400 20 1.211 6.2024 7.549e-07
400 20 1.221 5.918 7.221e-07
400 20 1.231 5.9237 7.279e-07
400 20 1.241 5.8066 7.467e-07
400 20 1.251 5.7877 8.862e-07
400 20 1.261 5.5744 7.519e-07
400 20 1.271 5.3936 7.211e-07
400 20 1.281 5.3953 7.189e-07
400 20 1.291 5.3442 8.161e-07
400 20 1.301 5.125 8.072e-07
400 20 1.311 4.9701 8.189e-07
400 20 1.321 4.9312 7.503e-07
400 20 1.331 4.8633 9.007e-07
400 20 1.341 4.9402 9.012e-07
400 20 1.351 4.5076 8.946e-07
400 20 1.361 4.6271 8.918e-07
400 20 1.371 4.3399 8.894e-07
400 20 1.381 4.311 7.839e-07
400 20 1.391 4.3996 7.61e-07
400 20 1.401 4.3021 7.14e-07
400 20 1.411 4.0451 7.132e-07
400 20 1.421 4.0671 7.784e-07
400 20 1.431 4.086 9.155e-07
400 20 1.441 3.9713 9.081e-07
400 20 1.451 3.7644 9.32e-07
400 20 1.461 3.7306 9.29e-07
400 20 1.471 3.6738 9.307e-07
400 20 1.481 3.711 9.243e-07
400 20 1.491 3.5994 9.243e-07
400 20 1.501 3.4938 9.323e-07
400 20 1.511 3.4997 8.323e-07
400 20 1.521 3.3621 8.914e-07
400 20 1.531 3.3664 8.75e-07
400 20 1.541 3.2806 8.903e-07
400 20 1.551 3.1819 7.971e-07
400 20 1.561 3.103 8.79e-07
400 20 1.571 3.1675 8.748e-07
400 20 1.581 3.1252 8.789e-07
400 20 1.591 3.0421 8.805e-07
400 20 1.601 3.0354 8.707e-07
400 20 1.611 2.9618 8.723e-07
400 20 1.621 2.9559 8.711e-07
400 20 1.631 2.9609 8.664e-07
400 20 1.641 2.9555 8.913e-07
400 20 1.651 2.863 8.691e-07
400 20 1.661 2.8429 8.873e-07
400 20 1.671 2.7623 8.885e-07
400 20 1.681 2.789 8.945e-07
400 20 1.691 2.7323 8.965e-07
400 20 1.701 2.7157 9.017e-07
400 20 1.711 2.6089 8.955e-07
400 20 1.721 2.6839 8.912e-07
400 20 1.731 2.636 8.963e-07
400 20 1.741 2.6317 8.873e-07
400 20 1.751 2.5689 8.849e-07
400 20 1.761 2.6035 8.882e-07
400 20 1.771 2.4906 8.752e-07
400 20 1.781 2.5182 8.961e-07
400 20 1.791 2.4838 8.878e-07
400 20 1.801 2.4741 8.906e-07
400 20 1.811 2.4257 8.894e-07
400 20 1.821 2.4619 8.858e-07
400 20 1.831 2.3971 8.402e-07
400 20 1.841 2.402 6.966e-07
400 20 1.851 2.4112 8.11e-07
400 20 1.861 2.3071 8.601e-07
400 20 1.871 2.3245 8.554e-07
400 20 1.881 2.3332 8.555e-07
400 20 1.891 2.3376 8.479e-07
400 20 1.901 2.3045 8.618e-07
400 20 1.911 2.3183 8.625e-07
400 20 1.921 2.3147 8.552e-07
400 20 1.931 2.2978 8.611e-07
400 20 1.941 2.3116 8.66e-07
400 20 1.951 2.276 8.558e-07
400 20 1.961 2.2801 7.827e-07
400 20 1.971 2.2809 6.762e-07
400 20 1.981 2.2325 7.772e-07
400 20 1.991 2.2651 7.608e-07
400 30 0.001 2595.08 4.75e-06
400 30 0.011 2355.83 4.427e-06
400 30 0.021 2328.01 4.4023e-06
400 30 0.031 2152.49 4.1344e-06
400 30 0.041 2044.14 2.7133e-06
400 30 0.051 1840.86 2.6151e-06
400 30 0.061 1832.1 2.8512e-06
400 30 0.071 1695.42 3.5019e-06
400 30 0.081 1598.89 3.3654e-06
400 30 0.091 1485.98 3.1807e-06
400 30 0.101 1404.44 1.9692e-06
400 30 0.111 1246.81 1.6889e-06
400 30 0.121 1177.61 1.6257e-06
400 30 0.131 1151.98 2.0114e-06
400 30 0.141 1046.57 2.4995e-06
400 30 0.151 919.124 2.3111e-06
400 30 0.161 899.014 2.278e-06
400 30 0.171 796.31 2.1212e-06
400 30 0.181 764.029 2.0774e-06
400 30 0.191 702.596 1.9841e-06
400 30 0.201 637.071 1.8825e-06
400 30 0.211 567.604 1.7704e-06
400 30 0.221 535.577 1.7348e-06
400 30 0.231 493.692 1.6666e-06
400 30 0.241 462.976 1.6139e-06
400 30 0.251 418.212 1.5634e-06
400 30 0.261 374.749 1.4952e-06
400 30 0.271 341.145 1.3702e-06
400 30 0.281 334.523 1.4132e-06
400 30 0.291 292.03 1.351e-06
400 30 0.301 267.022 1.3147e-06
400 30 0.311 261.06 1.3054e-06
400 30 0.321 239.037 1.2636e-06
400 30 0.331 209.394 1.218e-06
400 30 0.341 196.298 1.2056e-06
400 30 0.351 181.526 1.1888e-06
400 30 0.361 165.137 8.628e-07
400 30 0.371 146.573 8.386e-07
400 30 0.381 134.121 9.643e-07
400 30 0.391 117.266 1.0967e-06
400 30 0.401 111.587 1.0931e-06
400 30 0.411 98.7175 1.0683e-06
400 30 0.421 94.7438 1.07e-06
400 30 0.431 89.8649 1.0658e-06
400 30 0.441 84.6722 9.203e-07
400 30 0.451 74.0664 1.0258e-06
400 30 0.461 73.6243 1.024e-06
400 30 0.471 65.7187 1.0045e-06
400 30 0.481 60.4862 9.95e-07
400 30 0.491 54.7617 9.791e-07
400 30 0.501 56.3924 9.851e-07
400 30 0.511 52.5663 9.784e-07
400 30 0.521 48.6953 9.767e-07
400 30 0.531 42.7462 9.734e-07
400 30 0.541 40.8047 8.943e-07
400 30 0.551 39.8816 7.337e-07
400 30 0.561 39.1208 7.561e-07
400 30 0.571 34.5418 7.321e-07
400 30 0.581 33.8447 7.358e-07
400 30 0.591 32.6335 7.358e-07
400 30 0.601 30.2447 8.091e-07
400 30 0.611 28.9237 7.678e-07
400 30 0.621 26.9175 7.45e-07
400 30 0.631 27.5851 8.494e-07
400 30 0.641 25.1438 9.187e-07
400 30 0.651 25.1089 9.491e-07
400 30 0.661 24.5033 9.457e-07
400 30 0.671 22.8978 9.474e-07
400 30 0.681 21.4772 7.407e-07
400 30 0.691 21.3183 1.0268e-06
400 30 0.701 20.2998 9.965e-07
400 30 0.711 19.4648 8.532e-07
400 30 0.721 18.7243 7.34e-07
400 30 0.731 18.4259 9.528e-07
400 30 0.741 17.8525 9.423e-07
400 30 0.751 17.0087 9.198e-07
400 30 0.761 16.3304 9.274e-07
400 30 0.771 16.341 9.33e-07
400 30 0.781 15.5944 9.36e-07
400 30 0.791 15.0138 9.367e-07
400 30 0.801 15.1664 9.359e-07
400 30 0.811 14.343 9.028e-07
400 30 0.821 13.2359 8.97e-07
400 30 0.831 13.6406 9.525e-07
400 30 0.841 12.9852 9.544e-07
400 30 0.851 13.1125 9.566e-07
400 30 0.861 12.13 9.466e-07
400 30 0.871 11.9972 9.185e-07
400 30 0.881 11.8649 9.154e-07
400 30 0.891 11.2988 9.183e-07
400 30 0.901 11.0801 9.151e-07
400 30 0.911 10.6895 9.086e-07
400 30 0.921 10.5126 9.19e-07
400 30 0.931 10.0025 8.112e-07
400 30 0.941 9.8867 8.059e-07
400 30 0.951 9.2626 7.666e-07
400 30 0.961 9.2354 7.746e-07
400 30 0.971 9.3104 7.694e-07
400 30 0.981 8.6313 7.549e-07
400 30 0.991 8.6331 7.869e-07
400 30 1.001 8.3808 8.591e-07
400 30 1.011 7.9024 9.172e-07
400 30 1.021 7.3306 7.408e-07
400 30 1.031 7.3799 7.365e-07
400 30 1.041 7.1404 7.229e-07
400 30 1.051 7.2721 8.378e-07
400 30 1.061 6.9931 9.441e-07
400 30 1.071 6.7097 9.445e-07
400 30 1.081 6.5077 9.27e-07
400 30 1.091 6.4987 9.614e-07
400 30 1.101 6.3387 9.579e-07
400 30 1.111 6.0727 9.325e-07
400 30 1.121 5.9559 9.154e-07
400 30 1.131 6.2421 9.321e-07
400 30 1.141 5.9787 9.423e-07
400 30 1.151 5.7603 9.362e-07
400 30 1.161 5.6568 8.659e-07
400 30 1.171 5.5611 9.551e-07
400 30 1.181 5.4878 9.408e-07
400 30 1.191 5.4669 8.246e-07
400 30 1.201 5.0757 7.667e-07
400 30 1.211 5.1733 9.782e-07
400 30 1.221 5.0908 9.276e-07
400 30 1.231 4.881 7.92e-07
400 30 1.241 4.8173 9.728e-07
400 30 1.251 4.7536 9.739e-07
400 30 1.261 4.7818 8.981e-07
400 30 1.271 4.6301 8.772e-07
400 30 1.281 4.4549 7.88e-07
400 30 1.291 4.5203 8.537e-07
400 30 1.301 4.444 9.74e-07
400 30 1.311 4.4239 9.837e-07
400 30 1.321 4.2724 9.026e-07
400 30 1.331 4.2051 8.875e-07
400 30 1.341 4.115 8.846e-07
400 30 1.351 4.0584 9.205e-07
400 30 1.361 4.03 9.027e-07
400 30 1.371 3.8468 8.515e-07
400 30 1.381 3.9581 8.85e-07
400 30 1.391 3.7791 8.044e-07
400 30 1.401 3.8 7.194e-07
400 30 1.411 3.6136 7.694e-07
400 30 1.421 3.5457 7.413e-07
400 30 1.431 3.5212 8.996e-07
400 30 1.441 3.5041 8.942e-07
400 30 1.451 3.4197 9.392e-07
400 30 1.461 3.2989 9.574e-07
400 30 1.471 3.3678 9.717e-07
400 30 1.481 3.2697 9.661e-07
400 30 1.491 3.2688 9.618e-07
400 30 1.501 3.1228 9.346e-07
400 30 1.511 3.0602 8.427e-07
400 30 1.521 3.0013 9.298e-07
400 30 1.531 3.068 7.673e-07
400 30 1.541 2.9978 7.704e-07
400 30 1.551 2.9558 9.07e-07
400 30 1.561 2.8973 9.049e-07
400 30 1.571 2.8346 8.988e-07
400 30 1.581 2.8879 9.013e-07
400 30 1.591 2.8214 9.027e-07
400 30 1.601 2.7616 9.01e-07
400 30 1.611 2.7565 7.441e-07
400 30 1.621 2.756 7.17e-07
400 30 1.631 2.6553 7.102e-07
400 30 1.641 2.6905 7.487e-07
400 30 1.651 2.6219 7.139e-07
400 30 1.661 2.6281 7.134e-07
400 30 1.671 2.6633 7.477e-07
400 30 1.681 2.596 8.842e-07
400 30 1.691 2.5195 8.882e-07
400 30 1.701 2.5353 8.87e-07
400 30 1.711 2.4368 8.246e-07
400 30 1.721 2.482 7.212e-07
400 30 1.731 2.4679 7.201e-07
400 30 1.741 2.4581 7.154e-07
400 30 1.751 2.4791 8.628e-07
400 30 1.761 2.4114 8.908e-07
400 30 1.771 2.371 8.663e-07
400 30 1.781 2.3534 7.581e-07
400 30 1.791 2.3821 9.226e-07
400 30 1.801 2.3511 7.117e-07
400 30 1.811 2.3181 7.191e-07
400 30 1.821 2.2852 8.172e-07
400 30 1.831 2.2957 8.235e-07
400 30 1.841 2.2713 8.066e-07
400 30 1.851 2.2429 8.834e-07
400 30 1.861 2.2641 8.73e-07
400 30 1.871 2.2423 8.756e-07
400 30 1.881 2.229 8.838e-07
400 30 1.891 2.2127 8.955e-07
400 30 1.901 2.2293 8.929e-07
400 30 1.911 2.2169 8.156e-07
400 30 1.921 2.2132 7.673e-07
400 30 1.931 2.2265 7.64e-07
400 30 1.941 2.2026 7.493e-07
400 30 1.951 2.1744 8.396e-07
400 30 1.961 2.2117 7.199e-07
400 30 1.971 2.2011 8.019e-07
400 30 1.981 2.2182 8.776e-07
400 30 1.991 2.2209 7.996e-07
400 40 0.001 3262.71 3.6803e-06
400 40 0.011 3084.94 3.9905e-06
400 40 0.021 2914.92 6.0143e-06
400 40 0.031 2688.75 5.0331e-06
400 40 0.041 2616.53 5.552e-06
400 40 0.051 2366.15 5.2313e-06
400 40 0.061 2266.78 5.0558e-06
400 40 0.071 2074.19 4.0315e-06
400 40 0.081 1959.25 3.8838e-06
400 40 0.091 1762.81 3.0448e-06
400 40 0.101 1726.38 3.9569e-06
400 40 0.111 1563.52 3.6696e-06
400 40 0.121 1454.52 3.5088e-06
400 40 0.131 1329.02 3.3609e-06
400 40 0.141 1210.55 3.1456e-06
400 40 0.151 1105.13 2.9447e-06
400 40 0.161 994.981 2.7393e-06
400 40 0.171 888.813 2.5714e-06
400 40 0.181 886.016 2.5656e-06
400 40 0.191 736.244 2.2873e-06
400 40 0.201 718.406 2.2475e-06
400 40 0.211 629.222 2.0884e-06
400 40 0.221 557.074 1.9683e-06
400 40 0.231 544.881 1.9504e-06
400 40 0.241 491.764 1.844e-06
400 40 0.251 448.968 1.7488e-06
400 40 0.261 406.1 1.6816e-06
400 40 0.271 375.874 1.6341e-06
400 40 0.281 321.279 1.5231e-06
400 40 0.291 284.949 1.4645e-06
400 40 0.301 277.651 1.4497e-06
400 40 0.311 243.588 1.3865e-06
400 40 0.321 230.652 1.3645e-06
400 40 0.331 189.925 1.2791e-06
400 40 0.341 179.92 1.2432e-06
400 40 0.351 172.877 1.2161e-06
400 40 0.361 156.196 8.778e-07
400 40 0.371 139.639 8.583e-07
400 40 0.381 126.413 1.1459e-06
400 40 0.391 113.139 1.1485e-06
400 40 0.401 106.832 1.129e-06
400 40 0.411 96.676 1.096e-06
400 40 0.421 89.7783 1.0644e-06
400 40 0.431 85.3888 1.0837e-06
400 40 0.441 78.5493 1.0757e-06
400 40 0.451 69.5222 1.06e-06
400 40 0.461 67.3183 1.0561e-06
400 40 0.471 59.3075 1.0327e-06
400 40 0.481 52.6632 9.507e-07
400 40 0.491 54.0953 9.677e-07
400 40 0.501 48.1108 1.0152e-06
400 40 0.511 45.5885 1.0077e-06
400 40 0.521 42.2623 8.382e-07
400 40 0.531 37.2489 9.112e-07
400 40 0.541 39.5844 1.0031e-06
400 40 0.551 36.6237 9.993e-07
400 40 0.561 35.0315 8.771e-07
400 40 0.571 32.1014 8.185e-07
400 40 0.581 32.2355 1.0044e-06
400 40 0.591 27.9035 9.851e-07
400 40 0.601 28.2944 8.454e-07
400 40 0.611 25.872 8.921e-07
400 40 0.621 24.3294 9.732e-07
400 40 0.631 24.2697 9.83e-07
400 40 0.641 23.3683 9.827e-07
400 40 0.651 21.1246 9.45e-07
400 40 0.661 21.8753 9.582e-07
400 40 0.671 20.3131 9.481e-07
400 40 0.681 19.445 9.451e-07
400 40 0.691 18.7502 8.564e-07
400 40 0.701 18.4617 9.454e-07
400 40 0.711 18.2307 9.435e-07
400 40 0.721 17.2537 9.419e-07
400 40 0.731 16.9769 8.424e-07
400 40 0.741 15.9701 8.046e-07
400 40 0.751 15.4995 8.384e-07
400 40 0.761 15.5277 8.557e-07
400 40 0.771 15.2049 9.341e-07
400 40 0.781 14.4403 9.316e-07
400 40 0.791 14.0455 8.477e-07
400 40 0.801 13.7339 7.842e-07
400 40 0.811 12.9882 9.832e-07
400 40 0.821 13.0062 9.606e-07
400 40 0.831 12.6515 9.179e-07
400 40 0.841 12.3155 7.405e-07
400 40 0.851 11.5614 7.454e-07
400 40 0.861 11.4606 7.469e-07
400 40 0.871 11.1614 7.853e-07
400 40 0.881 11.0241 9.662e-07
400 40 0.891 10.6624 9.531e-07
400 40 0.901 10.1078 9.363e-07
400 40 0.911 9.7685 9.288e-07
400 40 0.921 9.331 9.522e-07
400 40 0.931 9.3545 9.535e-07
400 40 0.941 9.564 8.631e-07
400 40 0.951 9.1651 7.806e-07
400 40 0.961 8.4008 8.92e-07
400 40 0.971 8.5684 7.526e-07
400 40 0.981 8.1779 7.701e-07
400 40 0.991 7.8697 9.163e-07
400 40 1.001 7.6365 7.513e-07
400 40 1.011 7.6165 7.437e-07
400 40 1.021 7.3323 8.486e-07
400 40 1.031 7.1792 1.004e-06
400 40 1.041 6.7773 9.777e-07
400 40 1.051 6.7585 9.899e-07
400 40 1.061 6.5179 9.783e-07
400 40 1.071 6.3637 9.015e-07
400 40 1.081 6.072 7.57e-07
400 40 1.091 6.2253 7.749e-07
400 40 1.101 5.7521 9.86e-07
400 40 1.111 5.9151 1.0162e-06
400 40 1.121 5.6276 9.935e-07
400 40 1.131 5.769 9.999e-07
400 40 1.141 5.4557 9.438e-07
400 40 1.151 5.4269 1.0075e-06
400 40 1.161 5.2657 8.596e-07
400 40 1.171 5.43 7.357e-07
400 40 1.181 5.0893 7.475e-07
400 40 1.191 5.0441 8.015e-07
400 40 1.201 4.8215 7.563e-07
400 40 1.211 4.9833 7.47e-07
400 40 1.221 4.7843 8.902e-07
400 40 1.231 4.8095 7.651e-07
400 40 1.241 4.6802 7.422e-07
400 40 1.251 4.5495 7.372e-07
400 40 1.261 4.515 7.279e-07
400 40 1.271 4.2895 8.637e-07
400 40 1.281 4.2777 8.263e-07
400 40 1.291 4.1722 7.552e-07
400 40 1.301 4.1339 9.107e-07
400 40 1.311 4.1926 9.039e-07
400 40 1.321 4.1747 9.255e-07
400 40 1.331 3.7724 9.442e-07
400 40 1.341 3.9498 9.44e-07
400 40 1.351 3.8064 9.251e-07
400 40 1.361 3.8083 9.257e-07
400 40 1.371 3.7683 9.256e-07
400 40 1.381 3.7089 9.317e-07
400 40 1.391 3.6929 9.495e-07
400 40 1.401 3.6189 9.304e-07
400 40 1.411 3.5062 9.325e-07
400 40 1.421 3.519 9.429e-07
400 40 1.431 3.4481 9.126e-07
400 40 1.441 3.2997 7.868e-07
400 40 1.451 3.2508 9.259e-07
400 40 1.461 3.2659 9.15e-07
400 40 1.471 3.2291 9.046e-07
400 40 1.481 3.0972 8.662e-07
400 40 1.491 3.137 8.813e-07
400 40 1.501 3.1277 9.9e-07
400 40 1.511 3.0482 9.912e-07
400 40 1.521 2.9454 9.852e-07
400 40 1.531 2.962 9.813e-07
400 40 1.541 2.9954 8.877e-07
400 40 1.551 2.8251 8.352e-07
400 40 1.561 2.8457 9.163e-07
400 40 1.571 2.8241 9.195e-07
400 40 1.581 2.7958 9.403e-07
400 40 1.591 2.7651 9.225e-07
400 40 1.601 2.7185 9.218e-07
400 40 1.611 2.6609 9.21e-07
400 40 1.621 2.685 9.382e-07
400 40 1.631 2.6647 9.544e-07
400 40 1.641 2.6286 9.555e-07
400 40 1.651 2.6249 9.014e-07
400 40 1.661 2.5479 8.562e-07
400 40 1.671 2.587 9.164e-07
400 40 1.681 2.5124 9.068e-07
400 40 1.691 2.5342 9.074e-07
400 40 1.701 2.509 9.174e-07
400 40 1.711 2.5144 7.366e-07
400 40 1.721 2.4628 7.194e-07
400 40 1.731 2.4848 7.288e-07
400 40 1.741 2.4231 7.299e-07
400 40 1.751 2.3906 7.22e-07
400 40 1.761 2.3516 7.175e-07
400 40 1.771 2.3687 7.155e-07
400 40 1.781 2.3215 7.232e-07
400 40 1.791 2.315 7.192e-07
400 40 1.801 2.3307 7.211e-07
400 40 1.811 2.3265 7.767e-07
400 40 1.821 2.2921 7.212e-07
400 40 1.831 2.2622 7.197e-07
400 40 1.841 2.2775 7.144e-07
400 40 1.851 2.2561 7.054e-07
400 40 1.861 2.2459 8.262e-07
400 40 1.871 2.2597 8.967e-07
400 40 1.881 2.2497 8.079e-07
400 40 1.891 2.2095 7.901e-07
400 40 1.901 2.2051 7.845e-07
400 40 1.911 2.1908 7.872e-07
400 40 1.921 2.1502 7.883e-07
400 40 1.931 2.1828 7.816e-07
400 40 1.941 2.1917 7.737e-07
400 40 1.951 2.1714 7.689e-07
400 40 1.961 2.1979 7.618e-07
400 40 1.971 2.1936 7.536e-07
400 40 1.981 2.1899 7.511e-07
400 40 1.991 2.2086 7.398e-07
