200 10 0.001 2.5209 1.6671e-06
200 10 0.011 2.4632 1.6426e-06
200 10 0.021 2.4368 1.6253e-06
200 10 0.031 2.3816 1.603e-06
200 10 0.041 2.4064 1.5985e-06
200 10 0.051 2.3728 1.617e-06
200 10 0.061 2.3051 1.5935e-06
200 10 0.071 2.2451 1.578e-06
200 10 0.081 2.2134 1.5594e-06
200 10 0.091 2.2688 1.6117e-06
200 10 0.101 2.2296 1.6986e-06
200 10 0.111 2.2285 1.6989e-06
200 10 0.121 2.1382 1.659e-06
200 10 0.131 2.1749 1.3622e-06
200 10 0.141 2.1465 1.119e-06
200 10 0.151 2.0936 1.191e-06
200 10 0.161 2.0794 1.4886e-06
200 10 0.171 2.0102 1.4733e-06
200 10 0.181 1.9813 1.1559e-06
200 10 0.191 1.8624 1.0873e-06
200 10 0.201 1.9548 1.2717e-06
200 10 0.211 1.9245 1.6058e-06
200 10 0.221 1.8367 1.5776e-06
200 10 0.231 1.7577 1.5486e-06
200 10 0.241 1.8269 1.1747e-06
200 10 0.251 1.7866 1.0342e-06
200 10 0.261 1.7457 1.0222e-06
200 10 0.271 1.6571 1.257e-06
200 10 0.281 1.6627 1.3945e-06
200 10 0.291 1.5763 1.3656e-06
200 10 0.301 1.6072 1.283e-06
200 10 0.311 1.6231 1.23e-06
200 10 0.321 1.5636 1.3325e-06
200 10 0.331 1.497 1.3219e-06
200 10 0.341 1.4811 1.3084e-06
200 10 0.351 1.5103 1.2528e-06
200 10 0.361 1.4503 9.781e-07
200 10 0.371 1.4799 1.1187e-06
200 10 0.381 1.4251 1.2912e-06
200 10 0.391 1.3881 1.2595e-06
200 10 0.401 1.3203 1.1683e-06
200 10 0.411 1.3431 9.96e-07
200 10 0.421 1.2692 9.972e-07
200 10 0.431 1.2895 1.1689e-06
200 10 0.441 1.2711 1.0507e-06
200 10 0.451 1.2699 1.1242e-06
200 10 0.461 1.2357 1.2103e-06
200 10 0.471 1.2664 1.2184e-06
200 10 0.481 1.1975 1.1895e-06
200 10 0.491 1.1253 1.0909e-06
200 10 0.501 1.1466 1.2008e-06
200 10 0.511 1.0893 1.1817e-06
200 10 0.521 1.0938 1.1788e-06
200 10 0.531 1.0573 1.1568e-06
200 10 0.541 1.0371 1.0393e-06
200 10 0.551 1.0293 1.0963e-06
200 10 0.561 1.0068 9.896e-07
200 10 0.571 1.0129 1.1141e-06
200 10 0.581 1.0098 1.1807e-06
200 10 0.591 0.9805 1.1727e-06
200 10 0.601 0.9495 1.1668e-06
200 10 0.611 0.9598 1.071e-06
200 10 0.621 0.9169 1.1688e-06
200 10 0.631 0.8768 1.1562e-06
200 10 0.641 0.9037 1.158e-06
200 10 0.651 0.8657 1.1546e-06
200 10 0.661 0.8599 1.1536e-06
200 10 0.671 0.83 1.1561e-06
200 10 0.681 0.8261 1.1415e-06
200 10 0.691 0.7851 1.1469e-06
200 10 0.701 0.7858 1.1463e-06
200 10 0.711 0.7643 1.1394e-06
200 10 0.721 0.7571 1.0611e-06
200 10 0.731 0.7671 9.201e-07
200 10 0.741 0.7409 9.76e-07
200 10 0.751 0.7253 1.1165e-06
200 10 0.761 0.7159 1.1111e-06
200 10 0.771 0.7202 1.0836e-06
200 10 0.781 0.6837 1.0045e-06
200 10 0.791 0.6984 1.1078e-06
200 10 0.801 0.6941 1.1285e-06
200 10 0.811 0.6385 1.1264e-06
200 10 0.821 0.6283 1.1302e-06
200 10 0.831 0.639 1.1317e-06
200 10 0.841 0.6318 1.1334e-06
200 10 0.851 0.6316 1.1192e-06
200 10 0.861 0.6248 1.1224e-06
200 10 0.871 0.623 1.0046e-06
200 10 0.881 0.5936 9.663e-07
200 10 0.891 0.5791 9.558e-07
200 10 0.901 0.5615 9.574e-07
200 10 0.911 0.5588 9.294e-07
200 10 0.921 0.5324 1.072e-06
200 10 0.931 0.5364 1.1016e-06
200 10 0.941 0.5299 1.1229e-06
200 10 0.951 0.5293 1.1308e-06
200 10 0.961 0.5218 1.1439e-06
200 10 0.971 0.5092 1.1401e-06
200 10 0.981 0.5114 1.112e-06
200 10 0.991 0.4811 1.1052e-06
200 10 1.001 0.5108 1.1171e-06
200 10 1.011 0.4579 9.654e-07
200 10 1.021 0.4822 1.1081e-06
200 10 1.031 0.4677 1.124e-06
200 10 1.041 0.4616 1.1329e-06
200 10 1.051 0.4713 1.1324e-06
200 10 1.061 0.4299 1.123e-06
200 10 1.071 0.4318 1.1249e-06
200 10 1.081 0.4397 1.1353e-06
200 10 1.091 0.4386 1.1309e-06
200 10 1.101 0.4334 1.1264e-06
200 10 1.111 0.4345 1.1259e-06
200 10 1.121 0.4231 1.1317e-06
200 10 1.131 0.4234 1.0573e-06
200 10 1.141 0.4113 9.723e-07
200 10 1.151 0.4204 1.1319e-06
200 10 1.161 0.4143 1.1299e-06
200 10 1.171 0.4059 1.136e-06
200 10 1.181 0.3903 1.1299e-06
200 10 1.191 0.4209 1.1098e-06
200 10 1.201 0.4082 1.1047e-06
200 10 1.211 0.3944 1.1266e-06
200 10 1.221 0.4155 1.1267e-06
200 10 1.231 0.4068 1.1244e-06
200 10 1.241 0.3868 1.1272e-06
200 10 1.251 0.3908 1.1151e-06
200 10 1.261 0.3883 1.083e-06
200 10 1.271 0.3913 9.375e-07
200 10 1.281 0.3839 1.101e-06
200 10 1.291 0.387 1.1286e-06
200 10 1.301 0.4112 1.1318e-06
200 10 1.311 0.3747 1.1283e-06
200 10 1.321 0.3738 1.1249e-06
200 10 1.331 0.3862 1.1263e-06
200 10 1.341 0.3758 1.1319e-06
200 10 1.351 0.3912 1.1351e-06
200 10 1.361 0.3666 1.1371e-06
200 10 1.371 0.3589 1.0127e-06
200 10 1.381 0.3757 1.0192e-06
200 10 1.391 0.3576 1.1295e-06
200 10 1.401 0.3671 1.1169e-06
200 10 1.411 0.368 1.1257e-06
200 10 1.421 0.364 1.1206e-06
200 10 1.431 0.3593 1.1288e-06
200 10 1.441 0.3529 1.1206e-06
200 10 1.451 0.3662 1.1199e-06
200 10 1.461 0.3681 1.117e-06
200 10 1.471 0.3453 1.1157e-06
200 10 1.481 0.3593 1.1186e-06
200 10 1.491 0.3573 1.119e-06
200 10 1.501 0.3507 1.0792e-06
200 10 1.511 0.35 1.0848e-06
200 10 1.521 0.3378 1.1423e-06
200 10 1.531 0.3482 1.1438e-06
200 10 1.541 0.3567 1.1379e-06
200 10 1.551 0.3563 1.1459e-06
200 10 1.561 0.3462 1.1516e-06
200 10 1.571 0.332 1.136e-06
200 10 1.581 0.3314 1.0028e-06
200 10 1.591 0.3567 1.1365e-06
200 10 1.601 0.3407 1.1299e-06
200 10 1.611 0.3468 1.1196e-06
200 10 1.621 0.3446 1.1378e-06
200 10 1.631 0.354 1.1345e-06
200 10 1.641 0.3553 1.1256e-06
200 10 1.651 0.3458 1.1069e-06
200 10 1.661 0.3469 1.1409e-06
200 10 1.671 0.3491 1.1167e-06
200 10 1.681 0.3496 1.1357e-06
200 10 1.691 0.3385 1.137e-06
200 10 1.701 0.3333 1.1253e-06
200 10 1.711 0.3442 1.0717e-06
200 10 1.721 0.3354 1.015e-06
200 10 1.731 0.3502 1.0695e-06
200 10 1.741 0.3392 9.935e-07
200 10 1.751 0.3345 1.1088e-06
200 10 1.761 0.3367 1.1376e-06
200 10 1.771 0.3432 1.0332e-06
200 10 1.781 0.3261 1.0889e-06
200 10 1.791 0.3315 1.1213e-06
200 10 1.801 0.3376 1.1215e-06
200 10 1.811 0.334 1.0286e-06
200 10 1.821 0.3423 1.0965e-06
200 10 1.831 0.337 1.1421e-06
200 10 1.841 0.3298 1.1503e-06
200 10 1.851 0.3397 1.1543e-06
200 10 1.861 0.3392 1.1576e-06
200 10 1.871 0.3344 1.1515e-06
200 10 1.881 0.3347 1.1751e-06
200 10 1.891 0.3312 1.1896e-06
200 10 1.901 0.341 1.1577e-06
200 10 1.911 0.3381 1.1549e-06
200 10 1.921 0.3367 1.1462e-06
200 10 1.931 0.3358 1.1439e-06
200 10 1.941 0.3326 1.1377e-06
200 10 1.951 0.343 1.1411e-06
200 10 1.961 0.3326 1.1436e-06
200 10 1.971 0.3298 1.1403e-06
200 10 1.981 0.3396 1.1441e-06
200 10 1.991 0.3425 1.1406e-06
200 20 0.001 5.0398 2.5113e-06
200 20 0.011 4.8681 2.4455e-06
200 20 0.021 5.0278 1.7291e-06
200 20 0.031 4.5724 1.9974e-06
200 20 0.041 4.6407 2.3231e-06
200 20 0.051 4.6742 2.3082e-06
200 20 0.061 4.4382 2.2188e-06
200 20 0.071 4.2969 2.1501e-06
200 20 0.081 4.2171 2.1299e-06
200 20 0.091 4.0989 2.0938e-06
200 20 0.101 3.8562 1.5477e-06
200 20 0.111 3.85 1.8371e-06
200 20 0.121 3.7846 1.9402e-06
200 20 0.131 3.5337 1.562e-06
200 20 0.141 3.4539 1.4328e-06
200 20 0.151 3.4982 1.2875e-06
200 20 0.161 3.2251 1.2357e-06
200 20 0.171 3.3193 1.2444e-06
200 20 0.181 3.2348 1.6549e-06
200 20 0.191 3.1559 1.6568e-06
200 20 0.201 2.9515 1.3931e-06
200 20 0.211 2.884 1.4873e-06
200 20 0.221 2.9125 1.1389e-06
200 20 0.231 2.8181 1.1052e-06
200 20 0.241 2.7292 1.4851e-06
200 20 0.251 2.695 1.5098e-06
200 20 0.261 2.5413 1.3815e-06
200 20 0.271 2.4723 1.2976e-06
200 20 0.281 2.4827 1.4321e-06
200 20 0.291 2.2576 1.3837e-06
200 20 0.301 2.2946 1.389e-06
200 20 0.311 2.1457 1.3533e-06
200 20 0.321 2.2403 1.3575e-06
200 20 0.331 2.0326 1.3167e-06
200 20 0.341 2.0221 1.3113e-06
200 20 0.351 1.9317 1.2945e-06
200 20 0.361 2.0253 1.295e-06
200 20 0.371 1.8972 1.2734e-06
200 20 0.381 1.7756 1.2494e-06
200 20 0.391 1.8442 1.2591e-06
200 20 0.401 1.7069 1.2477e-06
200 20 0.411 1.71 1.2349e-06
200 20 0.421 1.6846 1.2231e-06
200 20 0.431 1.5407 1.1933e-06
200 20 0.441 1.5358 1.1896e-06
200 20 0.451 1.5105 1.1911e-06
200 20 0.461 1.4421 1.1803e-06
200 20 0.471 1.4957 1.1801e-06
200 20 0.481 1.3638 9.792e-07
200 20 0.491 1.4015 1.0672e-06
200 20 0.501 1.3894 1.1789e-06
200 20 0.511 1.3321 1.1634e-06
200 20 0.521 1.2287 1.1744e-06
200 20 0.531 1.2277 1.1643e-06
200 20 0.541 1.211 1.1605e-06
200 20 0.551 1.1675 1.1581e-06
200 20 0.561 1.1274 1.1766e-06
200 20 0.571 1.1059 1.1497e-06
200 20 0.581 1.0427 1.1313e-06
200 20 0.591 1.0289 1.1028e-06
200 20 0.601 1.0449 1.105e-06
200 20 0.611 1.039 1.1003e-06
200 20 0.621 0.9964 1.0886e-06
200 20 0.631 1.0527 1.1047e-06
200 20 0.641 0.9276 1.1022e-06
200 20 0.651 0.9169 1.0858e-06
200 20 0.661 0.9265 1.0923e-06
200 20 0.671 0.8957 1.0933e-06
200 20 0.681 0.8422 1.1035e-06
200 20 0.691 0.8399 1.1003e-06
200 20 0.701 0.8081 1.0926e-06
200 20 0.711 0.8282 1.1047e-06
200 20 0.721 0.8221 1.0079e-06
200 20 0.731 0.8032 8.653e-07
200 20 0.741 0.754 8.93e-07
200 20 0.751 0.7781 9.741e-07
200 20 0.761 0.7611 1.1015e-06
200 20 0.771 0.6978 1.0989e-06
200 20 0.781 0.7019 1.0985e-06
200 20 0.791 0.6899 1.0957e-06
200 20 0.801 0.6722 1.1011e-06
200 20 0.811 0.685 1.0938e-06
200 20 0.821 0.6676 1.0941e-06
200 20 0.831 0.6472 1.1455e-06
200 20 0.841 0.6203 1.1269e-06
200 20 0.851 0.6438 1.0948e-06
200 20 0.861 0.6242 1.2618e-06
200 20 0.871 0.598 1.1763e-06
200 20 0.881 0.5797 9.736e-07
200 20 0.891 0.5863 1.1004e-06
200 20 0.901 0.577 9.833e-07
200 20 0.911 0.5485 9.594e-07
200 20 0.921 0.5766 8.711e-07
200 20 0.931 0.5671 8.765e-07
200 20 0.941 0.5479 8.813e-07
200 20 0.951 0.5236 9.039e-07
200 20 0.961 0.5331 1.0698e-06
200 20 0.971 0.5157 1.086e-06
200 20 0.981 0.4999 9.129e-07
200 20 0.991 0.4968 1.1012e-06
200 20 1.001 0.4987 1.0983e-06
200 20 1.011 0.4742 1.1427e-06
200 20 1.021 0.4851 1.1816e-06
200 20 1.031 0.4533 1.036e-06
200 20 1.041 0.476 1.1284e-06
200 20 1.051 0.4644 1.1812e-06
200 20 1.061 0.4422 1.2231e-06
200 20 1.071 0.4661 1.0033e-06
200 20 1.081 0.4496 9.191e-07
200 20 1.091 0.4352 8.773e-07
200 20 1.101 0.4384 8.843e-07
200 20 1.111 0.4149 1.0175e-06
200 20 1.121 0.4375 1.1146e-06
200 20 1.131 0.4181 1.1145e-06
200 20 1.141 0.4271 1.1131e-06
200 20 1.151 0.4191 1.1162e-06
200 20 1.161 0.4159 1.1168e-06
200 20 1.171 0.4085 1.0228e-06
200 20 1.181 0.4009 1.1643e-06
200 20 1.191 0.4062 1.2204e-06
200 20 1.201 0.407 1.2308e-06
200 20 1.211 0.3871 1.0744e-06
200 20 1.221 0.4082 1.1142e-06
200 20 1.231 0.3983 1.1205e-06
200 20 1.241 0.405 1.0786e-06
200 20 1.251 0.3911 1.0825e-06
200 20 1.261 0.3936 1.1145e-06
200 20 1.271 0.3897 1.114e-06
200 20 1.281 0.3768 1.065e-06
200 20 1.291 0.3897 1.1253e-06
200 20 1.301 0.3815 1.1242e-06
200 20 1.311 0.3872 9.899e-07
200 20 1.321 0.3796 1.0915e-06
200 20 1.331 0.3647 1.118e-06
200 20 1.341 0.3567 1.1164e-06
200 20 1.351 0.3712 1.1168e-06
200 20 1.361 0.3736 1.1212e-06
200 20 1.371 0.3782 1.1212e-06
200 20 1.381 0.3771 1.0732e-06
200 20 1.391 0.3739 9.369e-07
200 20 1.401 0.364 1.1405e-06
200 20 1.411 0.3637 1.2537e-06
200 20 1.421 0.3643 1.2555e-06
200 20 1.431 0.3784 1.2402e-06
200 20 1.441 0.3685 1.1608e-06
200 20 1.451 0.3506 1.0606e-06
200 20 1.461 0.3611 9.53e-07
200 20 1.471 0.3626 1.0085e-06
200 20 1.481 0.3349 1.1213e-06
200 20 1.491 0.3522 1.1305e-06
200 20 1.501 0.3535 1.1359e-06
200 20 1.511 0.3487 1.126e-06
200 20 1.521 0.3477 1.1327e-06
200 20 1.531 0.3386 1.1352e-06
200 20 1.541 0.3476 1.1331e-06
200 20 1.551 0.3432 1.1368e-06
200 20 1.561 0.3561 1.124e-06
200 20 1.571 0.3511 9.449e-07
200 20 1.581 0.3444 1.1192e-06
200 20 1.591 0.348 1.1211e-06
200 20 1.601 0.3552 1.1332e-06
200 20 1.611 0.3474 1.1305e-06
200 20 1.621 0.342 1.1217e-06
200 20 1.631 0.3502 1.1293e-06
200 20 1.641 0.3552 1.1719e-06
200 20 1.651 0.3387 1.1424e-06
200 20 1.661 0.3527 1.0712e-06
200 20 1.671 0.3427 9.793e-07
200 20 1.681 0.3407 9.115e-07
200 20 1.691 0.3311 1.1071e-06
200 20 1.701 0.335 9.553e-07
200 20 1.711 0.3378 1.0402e-06
200 20 1.721 0.3353 1.0045e-06
200 20 1.731 0.339 9.024e-07
200 20 1.741 0.3471 8.93e-07
200 20 1.751 0.335 9.846e-07
200 20 1.761 0.3448 1.1151e-06
200 20 1.771 0.3434 1.1161e-06
200 20 1.781 0.3356 1.118e-06
200 20 1.791 0.3277 1.1165e-06
200 20 1.801 0.333 1.0992e-06
200 20 1.811 0.3456 1.1119e-06
200 20 1.821 0.3511 1.0315e-06
200 20 1.831 0.3324 8.878e-07
200 20 1.841 0.3295 1.1086e-06
200 20 1.851 0.3235 1.1055e-06
200 20 1.861 0.3384 1.095e-06
200 20 1.871 0.3299 1.0929e-06
200 20 1.881 0.3313 1.0822e-06
200 20 1.891 0.3335 1.0791e-06
200 20 1.901 0.3343 1.1156e-06
200 20 1.911 0.3383 1.1142e-06
200 20 1.921 0.3274 1.1046e-06
200 20 1.931 0.3288 1.0969e-06
200 20 1.941 0.3389 1.1072e-06
200 20 1.951 0.3213 1.1001e-06
200 20 1.961 0.3204 1.0968e-06
200 20 1.971 0.3364 1.1017e-06
200 20 1.981 0.3319 1.1828e-06
200 20 1.991 0.3189 1.185e-06
200 30 0.001 7.5319 2.7984e-06
200 30 0.011 7.3091 2.1256e-06
200 30 0.021 6.9429 2.9823e-06
200 30 0.031 7.2146 3.02e-06
200 30 0.041 6.6074 2.8074e-06
200 30 0.051 6.3954 2.6999e-06
200 30 0.061 6.2389 2.6453e-06
200 30 0.071 5.9635 2.5059e-06
200 30 0.081 5.7412 2.4356e-06
200 30 0.091 5.7946 2.4126e-06
200 30 0.101 5.5403 1.5717e-06
200 30 0.111 5.4353 1.7898e-06
200 30 0.121 5.1114 1.4548e-06
200 30 0.131 4.6536 1.3779e-06
200 30 0.141 4.7674 1.3638e-06
200 30 0.151 4.4382 1.306e-06
200 30 0.161 4.3069 1.3229e-06
200 30 0.171 4.0621 1.5416e-06
200 30 0.181 4.0078 1.785e-06
200 30 0.191 3.954 1.7327e-06
200 30 0.201 3.7704 1.7044e-06
200 30 0.211 3.6698 1.6563e-06
200 30 0.221 3.5474 1.148e-06
200 30 0.231 3.2602 1.132e-06
200 30 0.241 3.1539 1.0944e-06
200 30 0.251 3.1964 1.0821e-06
200 30 0.261 3.0629 1.2792e-06
200 30 0.271 2.8344 1.4429e-06
200 30 0.281 2.7172 1.4125e-06
200 30 0.291 2.6368 1.3859e-06
200 30 0.301 2.5023 1.1344e-06
200 30 0.311 2.434 1.0325e-06
200 30 0.321 2.2967 1.1588e-06
200 30 0.331 2.3532 1.3389e-06
200 30 0.341 2.2399 1.3109e-06
200 30 0.351 2.1618 1.301e-06
200 30 0.361 2.0913 1.2924e-06
200 30 0.371 2.0644 1.2711e-06
200 30 0.381 1.9575 1.2565e-06
200 30 0.391 1.9651 1.258e-06
200 30 0.401 1.8346 1.2576e-06
200 30 0.411 1.7756 1.249e-06
200 30 0.421 1.7025 1.2452e-06
200 30 0.431 1.6052 1.2303e-06
200 30 0.441 1.6342 1.2238e-06
200 30 0.451 1.6058 1.2176e-06
200 30 0.461 1.5136 1.2056e-06
200 30 0.471 1.4811 1.2108e-06
200 30 0.481 1.474 1.2203e-06
200 30 0.491 1.4503 1.2137e-06
200 30 0.501 1.3216 1.206e-06
200 30 0.511 1.3939 1.0921e-06
200 30 0.521 1.2871 9.396e-07
200 30 0.531 1.2452 9.441e-07
200 30 0.541 1.2181 9.354e-07
200 30 0.551 1.172 1.1403e-06
200 30 0.561 1.2296 1.29e-06
200 30 0.571 1.1928 1.3031e-06
200 30 0.581 1.1449 1.285e-06
200 30 0.591 1.0627 1.2838e-06
200 30 0.601 1.0533 1.288e-06
200 30 0.611 1.0073 1.2863e-06
200 30 0.621 1.0014 1.0472e-06
200 30 0.631 0.9514 9.344e-07
200 30 0.641 1.0006 1.1499e-06
200 30 0.651 0.9033 1.1508e-06
200 30 0.661 0.93 1.1523e-06
200 30 0.671 0.9018 1.15e-06
200 30 0.681 0.8762 1.1464e-06
200 30 0.691 0.8409 1.1397e-06
200 30 0.701 0.8253 1.142e-06
200 30 0.711 0.8479 1.1459e-06
200 30 0.721 0.8382 1.1449e-06
200 30 0.731 0.7659 1.1554e-06
200 30 0.741 0.7445 1.1449e-06
200 30 0.751 0.7615 1.1158e-06
200 30 0.761 0.7528 1.1126e-06
200 30 0.771 0.7275 1.1404e-06
200 30 0.781 0.7093 1.1352e-06
200 30 0.791 0.6955 1.1339e-06
200 30 0.801 0.6726 1.1196e-06
200 30 0.811 0.6801 1.1521e-06
200 30 0.821 0.6443 1.1601e-06
200 30 0.831 0.6631 1.1557e-06
200 30 0.841 0.6436 1.1359e-06
200 30 0.851 0.6223 1.1515e-06
200 30 0.861 0.6286 1.1622e-06
200 30 0.871 0.5686 1.149e-06
200 30 0.881 0.588 1.1532e-06
200 30 0.891 0.5687 1.1384e-06
200 30 0.901 0.5726 1.1592e-06
200 30 0.911 0.5669 1.1496e-06
200 30 0.921 0.5698 1.1469e-06
200 30 0.931 0.5547 1.1383e-06
200 30 0.941 0.5342 1.1512e-06
200 30 0.951 0.5293 1.1677e-06
200 30 0.961 0.5173 9.327e-07
200 30 0.971 0.5233 1.153e-06
200 30 0.981 0.5135 1.1576e-06
200 30 0.991 0.505 1.1547e-06
200 30 1.001 0.484 1.1558e-06
200 30 1.011 0.4671 1.1564e-06
200 30 1.021 0.4671 1.1556e-06
200 30 1.031 0.4808 1.1557e-06
200 30 1.041 0.4654 1.0731e-06
200 30 1.051 0.4887 1.0267e-06
200 30 1.061 0.4534 1.1572e-06
200 30 1.071 0.457 1.1567e-06
200 30 1.081 0.464 1.1574e-06
200 30 1.091 0.4419 1.1641e-06
200 30 1.101 0.425 1.1524e-06
200 30 1.111 0.445 1.1497e-06
200 30 1.121 0.4246 9.063e-07
200 30 1.131 0.4206 1.1548e-06
200 30 1.141 0.4181 1.1389e-06
200 30 1.151 0.4355 1.0829e-06
200 30 1.161 0.4127 1.0001e-06
200 30 1.171 0.4167 1.1857e-06
200 30 1.181 0.4165 1.1999e-06
200 30 1.191 0.3946 1.2128e-06
200 30 1.201 0.4039 1.2049e-06
200 30 1.211 0.3995 1.2297e-06
200 30 1.221 0.4054 1.2195e-06
200 30 1.231 0.4066 1.2033e-06
200 30 1.241 0.3817 1.1946e-06
200 30 1.251 0.4015 1.2179e-06
200 30 1.261 0.4013 1.2157e-06
200 30 1.271 0.3887 1.2106e-06
200 30 1.281 0.388 1.0845e-06
200 30 1.291 0.3938 1.1647e-06
200 30 1.301 0.3792 1.1646e-06
200 30 1.311 0.3733 1.1707e-06
200 30 1.321 0.3761 1.1705e-06
200 30 1.331 0.3778 1.0888e-06
200 30 1.341 0.3854 1.1993e-06
200 30 1.351 0.3736 1.1967e-06
200 30 1.361 0.3763 1.0709e-06
200 30 1.371 0.3682 9.381e-07
200 30 1.381 0.3472 1.0483e-06
200 30 1.391 0.3637 1.143e-06
200 30 1.401 0.3749 9.703e-07
200 30 1.411 0.3617 9.661e-07
200 30 1.421 0.3591 8.986e-07
200 30 1.431 0.3677 8.941e-07
200 30 1.441 0.3609 9.073e-07
200 30 1.451 0.3625 9.406e-07
200 30 1.461 0.3475 1.1591e-06
200 30 1.471 0.3638 1.0184e-06
200 30 1.481 0.357 1.0359e-06
200 30 1.491 0.3565 1.1715e-06
200 30 1.501 0.3518 1.1643e-06
200 30 1.511 0.3421 1.1673e-06
200 30 1.521 0.3496 1.1668e-06
200 30 1.531 0.3443 1.1736e-06
200 30 1.541 0.3485 1.1793e-06
200 30 1.551 0.3398 1.174e-06
200 30 1.561 0.349 1.172e-06
200 30 1.571 0.3537 1.1786e-06
200 30 1.581 0.3377 9.357e-07
200 30 1.591 0.3554 1.0839e-06
200 30 1.601 0.3446 9.028e-07
200 30 1.611 0.3397 1.0591e-06
200 30 1.621 0.3487 1.1371e-06
200 30 1.631 0.3446 1.2904e-06
200 30 1.641 0.3416 1.2842e-06
200 30 1.651 0.3555 1.2866e-06
200 30 1.661 0.3504 1.3109e-06
200 30 1.671 0.3535 1.2905e-06
200 30 1.681 0.3553 1.2952e-06
200 30 1.691 0.329 1.2845e-06
200 30 1.701 0.3344 1.2799e-06
200 30 1.711 0.3431 1.2796e-06
200 30 1.721 0.3318 1.1523e-06
200 30 1.731 0.3452 9.199e-07
200 30 1.741 0.3507 9.054e-07
200 30 1.751 0.3406 9.078e-07
200 30 1.761 0.3308 8.95e-07
200 30 1.771 0.337 1.0002e-06
200 30 1.781 0.3411 1.183e-06
200 30 1.791 0.3432 1.1858e-06
200 30 1.801 0.3348 9.689e-07
200 30 1.811 0.3381 1.178e-06
200 30 1.821 0.3324 1.1715e-06
200 30 1.831 0.3437 9.875e-07
200 30 1.841 0.3377 8.958e-07
200 30 1.851 0.327 9.163e-07
200 30 1.861 0.329 8.967e-07
200 30 1.871 0.3343 8.951e-07
200 30 1.881 0.3452 9.014e-07
200 30 1.891 0.3306 8.885e-07
200 30 1.901 0.3317 1.025e-06
200 30 1.911 0.3257 1.1684e-06
200 30 1.921 0.3372 1.155e-06
200 30 1.931 0.3319 1.1757e-06
200 30 1.941 0.3367 1.1682e-06
200 30 1.951 0.3342 1.1644e-06
200 30 1.961 0.3285 1.1644e-06
200 30 1.971 0.3321 1.1683e-06
200 30 1.981 0.3229 1.1563e-06
200 30 1.991 0.3442 1.1478e-06
200 40 0.001 366.561 4.027e-06
200 40 0.011 346.333 3.8759e-06
200 40 0.021 324.737 3.7389e-06
200 40 0.031 310.804 3.6377e-06
200 40 0.041 281.629 3.462e-06
200 40 0.051 257.855 3.2767e-06
200 40 0.061 239.086 3.1673e-06
200 40 0.071 223.777 3.0002e-06
200 40 0.081 202.874 2.9901e-06
200 40 0.091 184.63 2.8588e-06
200 40 0.101 171.679 2.7461e-06
200 40 0.111 157.895 2.6389e-06
200 40 0.121 142.966 2.5235e-06
200 40 0.131 130.136 2.4191e-06
200 40 0.141 115.399 2.2822e-06
200 40 0.151 111.996 1.5765e-06
200 40 0.161 93.0812 1.8689e-06
200 40 0.171 85.7636 2.016e-06
200 40 0.181 73.4516 1.9167e-06
200 40 0.191 68.9697 1.7819e-06
200 40 0.201 62.8475 1.4778e-06
200 40 0.211 58.46 1.2661e-06
200 40 0.221 52.1773 1.2263e-06
200 40 0.231 45.4113 1.4636e-06
200 40 0.241 40.0523 1.2711e-06
200 40 0.251 38.6007 1.4885e-06
200 40 0.261 32.5421 1.2489e-06
200 40 0.271 28.2877 1.102e-06
200 40 0.281 26.7825 1.2695e-06
200 40 0.291 25.5212 1.4613e-06
200 40 0.301 21.3835 1.1729e-06
200 40 0.311 19.5689 1.2942e-06
200 40 0.321 18.3658 1.3799e-06
200 40 0.331 15.876 1.2912e-06
200 40 0.341 14.3528 1.2547e-06
200 40 0.351 12.7472 1.1113e-06
200 40 0.361 11.3733 1.2529e-06
200 40 0.371 11.325 1.3085e-06
200 40 0.381 9.1649 3.4885e-06
200 40 0.391 9.0345 2.6853e-06
200 40 0.401 8.0282 2.5853e-06
200 40 0.411 7.6221 1.3322e-06
200 40 0.421 6.911 1.2656e-06
200 40 0.431 6.8828 1.5234e-06
200 40 0.441 6.0059 1.3018e-06
200 40 0.451 5.9901 9.241e-07
200 40 0.461 5.4723 9.144e-07
200 40 0.471 5.2687 9.904e-07
200 40 0.481 5.0403 1.2326e-06
200 40 0.491 4.5556 1.1881e-06
200 40 0.501 4.7754 1.0972e-06
200 40 0.511 4.0306 1.1542e-06
200 40 0.521 4.1901 1.3044e-06
200 40 0.531 4.0405 1.2847e-06
200 40 0.541 4.0438 1.1117e-06
200 40 0.551 3.7286 1.1495e-06
200 40 0.561 3.6738 8.898e-07
200 40 0.571 3.6386 9.825e-07
200 40 0.581 3.6357 1.1662e-06
200 40 0.591 3.5594 1.1995e-06
200 40 0.601 3.4427 1.1713e-06
200 40 0.611 3.375 1.0544e-06
200 40 0.621 3.2588 1.1797e-06
200 40 0.631 3.2324 1.2087e-06
200 40 0.641 3.2181 1.0227e-06
200 40 0.651 3.1627 1.0829e-06
200 40 0.661 3.1424 1.1886e-06
200 40 0.671 3.1474 1.1877e-06
200 40 0.681 3.0395 1.1778e-06
200 40 0.691 3.0405 1.1818e-06
200 40 0.701 3.0131 1.2329e-06
200 40 0.711 2.9926 1.2552e-06
200 40 0.721 2.9499 1.2646e-06
200 40 0.731 2.949 1.2525e-06
200 40 0.741 2.9083 1.2573e-06
200 40 0.751 2.8737 1.2497e-06
200 40 0.761 2.8244 1.2608e-06
200 40 0.771 2.8483 1.0473e-06
200 40 0.781 2.8512 9.006e-07
200 40 0.791 2.798 8.89e-07
200 40 0.801 2.7877 8.952e-07
200 40 0.811 2.8137 8.965e-07
200 40 0.821 2.7475 8.909e-07
200 40 0.831 2.7203 1.0751e-06
200 40 0.841 2.7283 1.1646e-06
200 40 0.851 2.6897 1.1804e-06
200 40 0.861 2.6958 1.0612e-06
200 40 0.871 2.6252 1.0956e-06
200 40 0.881 2.6483 1.0363e-06
200 40 0.891 2.6422 1.0681e-06
200 40 0.901 2.618 8.953e-07
200 40 0.911 2.6243 8.944e-07
200 40 0.921 2.5877 8.973e-07
200 40 0.931 2.5957 8.926e-07
200 40 0.941 2.6091 8.939e-07
200 40 0.951 2.5456 1.077e-06
200 40 0.961 2.558 1.1708e-06
200 40 0.971 2.5347 1.1803e-06
200 40 0.981 2.5586 1.1891e-06
200 40 0.991 2.5443 1.1824e-06
200 40 1.001 2.5688 1.1797e-06
200 40 1.011 2.5021 1.1907e-06
200 40 1.021 2.5584 1.1808e-06
200 40 1.031 2.5278 1.1762e-06
200 40 1.041 2.5169 1.1882e-06
200 40 1.051 2.5141 1.1787e-06
200 40 1.061 2.5041 1.1752e-06
200 40 1.071 2.4808 1.1758e-06
200 40 1.081 2.4776 1.0645e-06
200 40 1.091 2.493 9.578e-07
200 40 1.101 2.4624 9.638e-07
200 40 1.111 2.4692 1.0318e-06
200 40 1.121 2.4248 9.015e-07
200 40 1.131 2.4312 9.037e-07
200 40 1.141 2.4132 1.0871e-06
200 40 1.151 2.393 9.508e-07
200 40 1.161 2.364 9.617e-07
200 40 1.171 2.363 1.1718e-06
200 40 1.181 2.3655 1.1843e-06
200 40 1.191 2.3101 1.1883e-06
200 40 1.201 2.2991 1.1827e-06
200 40 1.211 2.3239 1.17e-06
200 40 1.221 2.2645 1.0749e-06
200 40 1.231 2.2785 9.104e-07
200 40 1.241 2.255 9.044e-07
200 40 1.251 2.2466 9.946e-07
200 40 1.261 2.2205 1.1844e-06
200 40 1.271 2.2307 1.1927e-06
200 40 1.281 2.2041 1.1878e-06
200 40 1.291 2.1999 1.1913e-06
200 40 1.301 2.1662 1.1865e-06
200 40 1.311 2.1918 1.1934e-06
200 40 1.321 2.1535 1.1994e-06
200 40 1.331 2.1547 1.1965e-06
200 40 1.341 2.13 1.1852e-06
200 40 1.351 2.1136 1.1897e-06
200 40 1.361 2.1034 1.1809e-06
200 40 1.371 2.1024 1.1873e-06
200 40 1.381 2.0867 1.1885e-06
200 40 1.391 2.0612 1.1834e-06
200 40 1.401 2.0583 1.0828e-06
200 40 1.411 2.0384 9.918e-07
200 40 1.421 2.0286 1.1752e-06
200 40 1.431 2.0194 1.1904e-06
200 40 1.441 1.9989 1.1846e-06
200 40 1.451 2.0022 9.975e-07
200 40 1.461 1.9918 9.074e-07
200 40 1.471 1.9844 9.322e-07
200 40 1.481 1.9944 1.1871e-06
200 40 1.491 1.9665 1.1791e-06
200 40 1.501 1.9752 1.1857e-06
200 40 1.511 1.9497 1.1848e-06
200 40 1.521 1.967 1.1922e-06
200 40 1.531 1.9565 1.1958e-06
200 40 1.541 1.917 1.0878e-06
200 40 1.551 1.9127 8.89e-07
200 40 1.561 1.9306 9.944e-07
200 40 1.571 1.9127 1.1691e-06
200 40 1.581 1.9112 1.1851e-06
200 40 1.591 1.8708 1.08e-06
200 40 1.601 1.8349 9.347e-07
200 40 1.611 1.8209 9.289e-07
200 40 1.621 1.7914 1.0129e-06
200 40 1.631 1.7661 9.801e-07
200 40 1.641 1.7293 9.256e-07
200 40 1.651 1.7102 9.455e-07
200 40 1.661 1.6809 9.526e-07
200 40 1.671 1.6713 9.326e-07
200 40 1.681 1.6534 1.1832e-06
200 40 1.691 1.6186 1.193e-06
200 40 1.701 1.5869 1.079e-06
200 40 1.711 1.5457 1.1661e-06
200 40 1.721 1.539 1.1482e-06
200 40 1.731 1.5314 1.1528e-06
200 40 1.741 1.4832 1.1495e-06
200 40 1.751 1.4951 1.179e-06
200 40 1.761 1.4609 1.1718e-06
200 40 1.771 1.4706 1.1757e-06
200 40 1.781 1.4562 1.1784e-06
200 40 1.791 1.4355 1.1866e-06
200 40 1.801 1.4281 1.179e-06
200 40 1.811 1.4208 1.1753e-06
200 40 1.821 1.3939 9.122e-07
200 40 1.831 1.3948 8.766e-07
200 40 1.841 1.3791 8.674e-07
200 40 1.851 1.3855 9.749e-07
200 40 1.861 1.3712 1.1755e-06
200 40 1.871 1.3618 1.1715e-06
200 40 1.881 1.3709 1.1259e-06
200 40 1.891 1.3573 1.1378e-06
200 40 1.901 1.3568 1.1382e-06
200 40 1.911 1.3461 1.1421e-06
200 40 1.921 1.3449 1.1424e-06
200 40 1.931 1.355 1.1252e-06
200 40 1.941 1.3386 1.1482e-06
200 40 1.951 1.3317 1.0503e-06
200 40 1.961 1.3425 8.538e-07
200 40 1.971 1.343 8.568e-07
200 40 1.981 1.3303 8.488e-07
200 40 1.991 1.3362 8.398e-07
300 10 0.001 2.5577 1.4577e-06
300 10 0.011 2.4886 1.4585e-06
300 10 0.021 2.4925 1.4713e-06
300 10 0.031 2.3395 1.6518e-06
300 10 0.041 2.4468 2.1254e-06
300 10 0.051 2.389 2.1025e-06
300 10 0.061 2.3767 2.0929e-06
300 10 0.071 2.3497 2.0605e-06
300 10 0.081 2.204 1.9692e-06
300 10 0.091 2.2924 2.0547e-06
300 10 0.101 2.2743 2.1292e-06
300 10 0.111 2.179 2.0941e-06
300 10 0.121 2.1671 2.0556e-06
300 10 0.131 2.1395 1.6545e-06
300 10 0.141 2.0735 1.3516e-06
300 10 0.151 2.0473 1.3278e-06
300 10 0.161 2.054 1.3373e-06
300 10 0.171 2.0512 1.8264e-06
300 10 0.181 1.9753 1.8107e-06
300 10 0.191 1.9954 1.2886e-06
300 10 0.201 1.8895 1.6722e-06
300 10 0.211 1.8903 1.7711e-06
300 10 0.221 1.8482 1.7543e-06
300 10 0.231 1.7866 1.6058e-06
300 10 0.241 1.7555 1.3022e-06
300 10 0.251 1.7476 1.7891e-06
300 10 0.261 1.7468 1.6924e-06
300 10 0.271 1.7356 1.6744e-06
300 10 0.281 1.6826 1.6591e-06
300 10 0.291 1.6371 1.6362e-06
300 10 0.301 1.5994 1.6198e-06
300 10 0.311 1.5546 1.6019e-06
300 10 0.321 1.5663 1.59e-06
300 10 0.331 1.5941 1.5878e-06
300 10 0.341 1.5211 1.5636e-06
300 10 0.351 1.5272 1.556e-06
300 10 0.361 1.4527 1.5256e-06
300 10 0.371 1.4415 1.5412e-06
300 10 0.381 1.3876 1.5034e-06
300 10 0.391 1.3771 1.5023e-06
300 10 0.401 1.3218 1.4829e-06
300 10 0.411 1.336 1.482e-06
300 10 0.421 1.3416 1.4785e-06
300 10 0.431 1.2613 1.4423e-06
300 10 0.441 1.2801 1.4329e-06
300 10 0.451 1.2553 1.0908e-06
300 10 0.461 1.252 1.1506e-06
300 10 0.471 1.166 1.3126e-06
300 10 0.481 1.1625 1.4199e-06
300 10 0.491 1.1657 1.4258e-06
300 10 0.501 1.1989 1.4284e-06
300 10 0.511 1.1124 1.3991e-06
300 10 0.521 1.0443 1.3865e-06
300 10 0.531 1.0638 1.1346e-06
300 10 0.541 1.0418 1.3659e-06
300 10 0.551 1.0118 1.3712e-06
300 10 0.561 1.0445 1.3731e-06
300 10 0.571 0.9754 1.3638e-06
300 10 0.581 0.9591 1.1791e-06
300 10 0.591 0.9827 1.3574e-06
300 10 0.601 0.9684 1.3485e-06
300 10 0.611 0.8986 1.3403e-06
300 10 0.621 0.9314 1.2159e-06
300 10 0.631 0.8821 1.0355e-06
300 10 0.641 0.8779 1.0318e-06
300 10 0.651 0.9012 1.2058e-06
300 10 0.661 0.8425 1.3203e-06
300 10 0.671 0.8504 1.3216e-06
300 10 0.681 0.8168 1.313e-06
300 10 0.691 0.8127 1.3069e-06
300 10 0.701 0.7729 1.2952e-06
300 10 0.711 0.7982 1.3208e-06
300 10 0.721 0.7852 1.31e-06
300 10 0.731 0.751 1.223e-06
300 10 0.741 0.7328 1.2565e-06
300 10 0.751 0.7097 1.045e-06
300 10 0.761 0.7162 1.0311e-06
300 10 0.771 0.7004 1.0504e-06
300 10 0.781 0.6521 1.0771e-06
300 10 0.791 0.6824 1.2686e-06
300 10 0.801 0.6331 1.2594e-06
300 10 0.811 0.6244 1.2453e-06
300 10 0.821 0.6612 1.1547e-06
300 10 0.831 0.661 1.1414e-06
300 10 0.841 0.6473 1.2229e-06
300 10 0.851 0.6372 1.2716e-06
300 10 0.861 0.5628 1.1038e-06
300 10 0.871 0.6022 1.2303e-06
300 10 0.881 0.5795 1.274e-06
300 10 0.891 0.5487 1.2858e-06
300 10 0.901 0.601 1.2692e-06
300 10 0.911 0.5638 1.2701e-06
300 10 0.921 0.5234 1.2791e-06
300 10 0.931 0.5375 1.2795e-06
300 10 0.941 0.531 1.2883e-06
300 10 0.951 0.526 1.2944e-06
300 10 0.961 0.5162 1.2828e-06
300 10 0.971 0.529 1.285e-06
300 10 0.981 0.4921 1.2049e-06
300 10 0.991 0.4925 1.2158e-06
300 10 1.001 0.4747 1.2595e-06
300 10 1.011 0.4921 1.262e-06
300 10 1.021 0.4714 1.2568e-06
300 10 1.031 0.4756 1.0819e-06
300 10 1.041 0.4636 1.0263e-06
300 10 1.051 0.4446 1.099e-06
300 10 1.061 0.4453 1.2779e-06
300 10 1.071 0.4455 1.2829e-06
300 10 1.081 0.4329 1.2812e-06
300 10 1.091 0.4435 1.2879e-06
300 10 1.101 0.4363 1.2839e-06
300 10 1.111 0.4365 1.2854e-06
300 10 1.121 0.4208 1.2915e-06
300 10 1.131 0.4288 1.2797e-06
300 10 1.141 0.4104 1.2755e-06
300 10 1.151 0.4235 1.2763e-06
300 10 1.161 0.4413 1.3005e-06
300 10 1.171 0.4106 1.2855e-06
300 10 1.181 0.4144 1.3022e-06
300 10 1.191 0.4162 1.298e-06
300 10 1.201 0.4012 1.2969e-06
300 10 1.211 0.4077 1.2921e-06
300 10 1.221 0.3948 1.2965e-06
300 10 1.231 0.3951 1.2953e-06
300 10 1.241 0.4059 1.2921e-06
300 10 1.251 0.4062 1.2876e-06
300 10 1.261 0.3742 1.0435e-06
300 10 1.271 0.3956 1.0512e-06
300 10 1.281 0.3915 1.1332e-06
300 10 1.291 0.3899 1.2983e-06
300 10 1.301 0.3932 1.2969e-06
300 10 1.311 0.3923 1.3008e-06
300 10 1.321 0.3879 1.2912e-06
300 10 1.331 0.3896 1.3028e-06
300 10 1.341 0.3795 1.2958e-06
300 10 1.351 0.3752 1.2899e-06
300 10 1.361 0.3789 1.2987e-06
300 10 1.371 0.3584 1.2911e-06
300 10 1.381 0.3811 1.3072e-06
300 10 1.391 0.3745 1.3005e-06
300 10 1.401 0.3806 1.3005e-06
300 10 1.411 0.374 1.3029e-06
300 10 1.421 0.3532 1.2922e-06
300 10 1.431 0.3692 1.299e-06
300 10 1.441 0.3509 1.3027e-06
300 10 1.451 0.3736 1.3e-06
300 10 1.461 0.3537 1.2309e-06
300 10 1.471 0.3685 1.0618e-06
300 10 1.481 0.3538 1.2583e-06
300 10 1.491 0.3572 1.318e-06
300 10 1.501 0.3443 1.3026e-06
300 10 1.511 0.3427 1.3183e-06
300 10 1.521 0.3409 1.2354e-06
300 10 1.531 0.3553 1.1178e-06
300 10 1.541 0.3634 1.1109e-06
300 10 1.551 0.3495 1.1393e-06
300 10 1.561 0.3513 1.2956e-06
300 10 1.571 0.3415 1.2815e-06
300 10 1.581 0.3468 1.2932e-06
300 10 1.591 0.347 1.2955e-06
300 10 1.601 0.3415 1.2475e-06
300 10 1.611 0.3502 1.3167e-06
300 10 1.621 0.3391 1.2989e-06
300 10 1.631 0.3426 1.3056e-06
300 10 1.641 0.338 1.2995e-06
300 10 1.651 0.3417 1.2899e-06
300 10 1.661 0.3472 1.299e-06
300 10 1.671 0.3411 1.3009e-06
300 10 1.681 0.3383 1.289e-06
300 10 1.691 0.3423 1.2949e-06
300 10 1.701 0.3467 1.2841e-06
300 10 1.711 0.3393 1.203e-06
300 10 1.721 0.3495 1.1255e-06
300 10 1.731 0.339 1.1205e-06
300 10 1.741 0.3442 1.1213e-06
300 10 1.751 0.3446 1.1102e-06
300 10 1.761 0.3477 1.119e-06
300 10 1.771 0.3387 1.1168e-06
300 10 1.781 0.3503 1.1199e-06
300 10 1.791 0.3257 1.2261e-06
300 10 1.801 0.3337 1.3177e-06
300 10 1.811 0.3278 1.3282e-06
300 10 1.821 0.3387 1.3173e-06
300 10 1.831 0.338 1.3189e-06
300 10 1.841 0.3356 1.3263e-06
300 10 1.851 0.3248 1.3045e-06
300 10 1.861 0.3325 1.312e-06
300 10 1.871 0.3306 1.2625e-06
300 10 1.881 0.3383 1.2325e-06
300 10 1.891 0.3378 1.2797e-06
300 10 1.901 0.3412 1.277e-06
300 10 1.911 0.3404 1.2805e-06
300 10 1.921 0.3305 1.292e-06
300 10 1.931 0.3309 1.289e-06
300 10 1.941 0.3294 1.2846e-06
300 10 1.951 0.3357 1.2778e-06
300 10 1.961 0.3292 1.2829e-06
300 10 1.971 0.3392 1.272e-06
300 10 1.981 0.3271 1.2715e-06
300 10 1.991 0.3325 1.2748e-06
300 20 0.001 4.874 3.3033e-06
300 20 0.011 4.8665 3.2782e-06
300 20 0.021 4.9077 3.2826e-06
300 20 0.031 4.6208 3.0902e-06
300 20 0.041 4.6275 3.0743e-06
300 20 0.051 4.4152 2.9492e-06
300 20 0.061 4.4038 2.8359e-06
300 20 0.071 4.208 2.3022e-06
300 20 0.081 3.9906 2.7433e-06
300 20 0.091 4.0689 2.7258e-06
300 20 0.101 4.0084 2.7089e-06
300 20 0.111 3.7406 2.5429e-06
300 20 0.121 3.9564 2.6082e-06
300 20 0.131 3.6957 2.4587e-06
300 20 0.141 3.4932 2.3372e-06
300 20 0.151 3.5151 2.3234e-06
300 20 0.161 3.37 2.2599e-06
300 20 0.171 3.2991 2.2134e-06
300 20 0.181 3.1744 2.124e-06
300 20 0.191 3.0644 2.0921e-06
300 20 0.201 3.0758 2.0386e-06
300 20 0.211 2.9747 1.6552e-06
300 20 0.221 2.8601 1.6312e-06
300 20 0.231 2.856 1.301e-06
300 20 0.241 2.6983 1.2895e-06
300 20 0.251 2.7202 1.5507e-06
300 20 0.261 2.5139 1.3069e-06
300 20 0.271 2.5347 1.224e-06
300 20 0.281 2.4424 1.2827e-06
300 20 0.291 2.3589 1.6337e-06
300 20 0.301 2.2255 1.6185e-06
300 20 0.311 2.1643 1.5896e-06
300 20 0.321 2.1759 1.5669e-06
300 20 0.331 2.1975 1.5673e-06
300 20 0.341 2.0358 1.5236e-06
300 20 0.351 2.0291 1.4912e-06
300 20 0.361 2.1019 1.4961e-06
300 20 0.371 1.9341 1.4526e-06
300 20 0.381 1.9194 1.4365e-06
300 20 0.391 1.8262 1.4012e-06
300 20 0.401 1.6831 1.3947e-06
300 20 0.411 1.7275 1.376e-06
300 20 0.421 1.5802 1.3538e-06
300 20 0.431 1.6117 1.3541e-06
300 20 0.441 1.5084 1.3328e-06
300 20 0.451 1.4912 1.0077e-06
300 20 0.461 1.573 1.1065e-06
300 20 0.471 1.4127 1.0473e-06
300 20 0.481 1.4167 1.3309e-06
300 20 0.491 1.4351 1.3324e-06
300 20 0.501 1.2884 1.1557e-06
300 20 0.511 1.2751 9.665e-07
300 20 0.521 1.2764 9.597e-07
300 20 0.531 1.2476 9.657e-07
300 20 0.541 1.1735 9.47e-07
300 20 0.551 1.1988 9.534e-07
300 20 0.561 1.109 1.0255e-06
300 20 0.571 1.0949 1.2342e-06
300 20 0.581 1.127 1.2207e-06
300 20 0.591 1.0673 1.2249e-06
300 20 0.601 1.0781 1.2114e-06
300 20 0.611 1.0071 1.2259e-06
300 20 0.621 0.996 1.2133e-06
300 20 0.631 0.9479 1.2113e-06
300 20 0.641 0.9506 1.217e-06
300 20 0.651 0.9487 1.217e-06
300 20 0.661 0.8872 1.1996e-06
300 20 0.671 0.9067 1.1989e-06
300 20 0.681 0.862 1.2045e-06
300 20 0.691 0.8591 9.661e-07
300 20 0.701 0.8635 1.276e-06
300 20 0.711 0.7951 1.1616e-06
300 20 0.721 0.7975 9.304e-07
300 20 0.731 0.7856 1.0638e-06
300 20 0.741 0.799 9.582e-07
300 20 0.751 0.7411 9.194e-07
300 20 0.761 0.7119 1.1376e-06
300 20 0.771 0.712 1.1994e-06
300 20 0.781 0.7224 1.2001e-06
300 20 0.791 0.7055 1.1992e-06
300 20 0.801 0.6794 1.0985e-06
300 20 0.811 0.6277 9.31e-07
300 20 0.821 0.6606 9.452e-07
300 20 0.831 0.6328 9.829e-07
300 20 0.841 0.6425 1.1631e-06
300 20 0.851 0.6217 1.1737e-06
300 20 0.861 0.6177 1.0287e-06
300 20 0.871 0.614 9.763e-07
300 20 0.881 0.5795 1.1915e-06
300 20 0.891 0.6027 9.233e-07
300 20 0.901 0.5869 1.1128e-06
300 20 0.911 0.5575 1.193e-06
300 20 0.921 0.5452 1.1057e-06
300 20 0.931 0.5612 9.508e-07
300 20 0.941 0.5407 1.1524e-06
300 20 0.951 0.5118 1.1154e-06
300 20 0.961 0.5417 1.1949e-06
300 20 0.971 0.5396 1.1897e-06
300 20 0.981 0.4841 1.1853e-06
300 20 0.991 0.4932 1.1895e-06
300 20 1.001 0.5041 1.0759e-06
300 20 1.011 0.4785 1.1039e-06
300 20 1.021 0.4626 1.0019e-06
300 20 1.031 0.4742 1.0333e-06
300 20 1.041 0.4593 1.0449e-06
300 20 1.051 0.4623 1.2016e-06
300 20 1.061 0.45 1.1904e-06
300 20 1.071 0.45 1.2112e-06
300 20 1.081 0.4338 1.2151e-06
300 20 1.091 0.4539 1.2132e-06
300 20 1.101 0.4269 1.0928e-06
300 20 1.111 0.4325 1.0914e-06
300 20 1.121 0.4226 1.1406e-06
300 20 1.131 0.4424 1.203e-06
300 20 1.141 0.4157 1.2166e-06
300 20 1.151 0.4099 1.2113e-06
300 20 1.161 0.4206 1.2122e-06
300 20 1.171 0.414 1.2026e-06
300 20 1.181 0.4059 1.2139e-06
300 20 1.191 0.4159 1.2148e-06
300 20 1.201 0.4034 1.2072e-06
300 20 1.211 0.4013 1.2093e-06
300 20 1.221 0.394 1.2162e-06
300 20 1.231 0.3947 1.2205e-06
300 20 1.241 0.3981 1.2044e-06
300 20 1.251 0.3986 1.1126e-06
300 20 1.261 0.3795 1.214e-06
300 20 1.271 0.398 1.2213e-06
300 20 1.281 0.3836 1.2308e-06
300 20 1.291 0.3866 1.2307e-06
300 20 1.301 0.3896 1.2299e-06
300 20 1.311 0.371 1.2205e-06
300 20 1.321 0.3807 1.2298e-06
300 20 1.331 0.3861 1.23e-06
300 20 1.341 0.3735 1.2328e-06
300 20 1.351 0.3959 1.2274e-06
300 20 1.361 0.3788 1.2303e-06
300 20 1.371 0.3683 1.247e-06
300 20 1.381 0.3644 1.2435e-06
300 20 1.391 0.3711 1.2382e-06
300 20 1.401 0.3697 1.2393e-06
300 20 1.411 0.3614 1.2366e-06
300 20 1.421 0.3573 1.2284e-06
300 20 1.431 0.3748 1.2286e-06
300 20 1.441 0.3687 1.2257e-06
300 20 1.451 0.365 1.2232e-06
300 20 1.461 0.3724 1.2287e-06
300 20 1.471 0.3549 1.118e-06
300 20 1.481 0.3674 1.0482e-06
300 20 1.491 0.3446 1.2054e-06
300 20 1.501 0.3559 1.2126e-06
300 20 1.511 0.3587 1.2113e-06
300 20 1.521 0.3557 1.2129e-06
300 20 1.531 0.3414 1.2073e-06
300 20 1.541 0.3374 1.1794e-06
300 20 1.551 0.3541 1.1481e-06
300 20 1.561 0.3505 1.2199e-06
300 20 1.571 0.3507 1.2275e-06
300 20 1.581 0.3531 1.2194e-06
300 20 1.591 0.349 1.2211e-06
300 20 1.601 0.3488 1.152e-06
300 20 1.611 0.3565 1.0031e-06
300 20 1.621 0.3498 1.1749e-06
300 20 1.631 0.3472 1.2361e-06
300 20 1.641 0.3368 1.2462e-06
300 20 1.651 0.3389 1.2411e-06
300 20 1.661 0.3404 1.2427e-06
300 20 1.671 0.3379 1.2311e-06
300 20 1.681 0.3275 1.2312e-06
300 20 1.691 0.3523 1.0344e-06
300 20 1.701 0.3415 1.0181e-06
300 20 1.711 0.347 9.761e-07
300 20 1.721 0.3351 1.0134e-06
300 20 1.731 0.344 1.1418e-06
300 20 1.741 0.3321 1.0334e-06
300 20 1.751 0.347 1.2278e-06
300 20 1.761 0.3392 1.2236e-06
300 20 1.771 0.3375 1.2271e-06
300 20 1.781 0.3348 1.2316e-06
300 20 1.791 0.3513 1.231e-06
300 20 1.801 0.3349 1.2241e-06
300 20 1.811 0.3393 1.2229e-06
300 20 1.821 0.3327 1.227e-06
300 20 1.831 0.3216 1.221e-06
300 20 1.841 0.3334 1.2151e-06
300 20 1.851 0.3354 1.2141e-06
300 20 1.861 0.3344 1.1093e-06
300 20 1.871 0.335 1.2335e-06
300 20 1.881 0.339 1.1652e-06
300 20 1.891 0.3424 1.1796e-06
300 20 1.901 0.3266 1.2372e-06
300 20 1.911 0.325 1.2436e-06
300 20 1.921 0.3359 1.2417e-06
300 20 1.931 0.3314 1.2452e-06
300 20 1.941 0.3318 1.2309e-06
300 20 1.951 0.3405 1.2385e-06
300 20 1.961 0.3306 1.224e-06
300 20 1.971 0.3502 1.2293e-06
300 20 1.981 0.3364 1.0166e-06
300 20 1.991 0.341 9.426e-07
300 30 0.001 7.4552 3.2298e-06
300 30 0.011 7.2219 4.3864e-06
300 30 0.021 6.9241 4.173e-06
300 30 0.031 6.7961 4.0372e-06
300 30 0.041 6.6852 2.4698e-06
300 30 0.051 6.6366 2.4078e-06
300 30 0.061 6.2802 2.2983e-06
300 30 0.071 5.7878 2.1431e-06
300 30 0.081 5.7225 2.09e-06
300 30 0.091 5.7732 2.0549e-06
300 30 0.101 5.3282 2.6757e-06
300 30 0.111 5.2159 2.9059e-06
300 30 0.121 5.1886 2.8004e-06
300 30 0.131 4.7693 2.6649e-06
300 30 0.141 4.6413 1.8503e-06
300 30 0.151 4.4746 1.6534e-06
300 30 0.161 4.2848 2.3542e-06
300 30 0.171 4.2122 1.8398e-06
300 30 0.181 3.9298 2.1725e-06
300 30 0.191 3.7447 2.0567e-06
300 30 0.201 3.7728 2.0778e-06
300 30 0.211 3.5189 1.9378e-06
300 30 0.221 3.4045 1.8897e-06
300 30 0.231 3.2934 1.8637e-06
300 30 0.241 3.1172 1.797e-06
300 30 0.251 2.9607 1.7263e-06
300 30 0.261 2.9589 1.712e-06
300 30 0.271 2.8388 1.6588e-06
300 30 0.281 2.7193 1.5884e-06
300 30 0.291 2.6862 1.6024e-06
300 30 0.301 2.6114 1.5545e-06
300 30 0.311 2.4525 1.5205e-06
300 30 0.321 2.4131 1.4942e-06
300 30 0.331 2.4042 1.4901e-06
300 30 0.341 2.123 1.4385e-06
300 30 0.351 2.124 1.4401e-06
300 30 0.361 2.079 1.4199e-06
300 30 0.371 2.0092 1.2389e-06
300 30 0.381 1.9606 1.0083e-06
300 30 0.391 1.9508 1e-06
300 30 0.401 1.8366 9.82e-07
300 30 0.411 1.7168 1.2394e-06
300 30 0.421 1.7555 1.3152e-06
300 30 0.431 1.6946 1.3048e-06
300 30 0.441 1.5803 1.1785e-06
300 30 0.451 1.6079 1.3162e-06
300 30 0.461 1.4632 1.1454e-06
300 30 0.471 1.4892 1.0645e-06
300 30 0.481 1.455 9.598e-07
300 30 0.491 1.3231 9.401e-07
300 30 0.501 1.3611 1.1802e-06
300 30 0.511 1.3531 1.161e-06
300 30 0.521 1.3064 9.413e-07
300 30 0.531 1.2799 1.1152e-06
300 30 0.541 1.2317 1.2905e-06
300 30 0.551 1.1861 1.2972e-06
300 30 0.561 1.1765 1.3002e-06
300 30 0.571 1.1907 1.287e-06
300 30 0.581 1.1094 1.3108e-06
300 30 0.591 1.0449 1.2812e-06
300 30 0.601 1.04 1.0005e-06
300 30 0.611 1.0503 9.419e-07
300 30 0.621 1.0185 9.483e-07
300 30 0.631 0.9492 9.309e-07
300 30 0.641 0.9746 9.33e-07
300 30 0.651 0.9475 9.278e-07
300 30 0.661 0.879 9.28e-07
300 30 0.671 0.8814 9.27e-07
300 30 0.681 0.8785 9.388e-07
300 30 0.691 0.8595 9.281e-07
300 30 0.701 0.8578 1.0184e-06
300 30 0.711 0.8212 1.0993e-06
300 30 0.721 0.8287 1.055e-06
300 30 0.731 0.7864 1.2081e-06
300 30 0.741 0.8242 1.0658e-06
300 30 0.751 0.7558 9.27e-07
300 30 0.761 0.7533 1.0141e-06
300 30 0.771 0.7133 1.2294e-06
300 30 0.781 0.7243 1.2287e-06
300 30 0.791 0.7001 1.2331e-06
300 30 0.801 0.7028 1.2388e-06
300 30 0.811 0.6955 1.231e-06
300 30 0.821 0.6411 1.2279e-06
300 30 0.831 0.6723 1.1497e-06
300 30 0.841 0.6618 1.0558e-06
300 30 0.851 0.6268 1.2709e-06
300 30 0.861 0.6147 1.2639e-06
300 30 0.871 0.6048 1.2635e-06
300 30 0.881 0.6136 1.2571e-06
300 30 0.891 0.589 1.2651e-06
300 30 0.901 0.5595 1.2698e-06
300 30 0.911 0.5704 1.2605e-06
300 30 0.921 0.5679 1.2619e-06
300 30 0.931 0.5508 1.1214e-06
300 30 0.941 0.5071 1.2412e-06
300 30 0.951 0.529 1.2332e-06
300 30 0.961 0.5115 1.1994e-06
300 30 0.971 0.5137 9.266e-07
300 30 0.981 0.4851 1.0626e-06
300 30 0.991 0.5173 1.003e-06
300 30 1.001 0.5162 9.439e-07
300 30 1.011 0.5035 9.359e-07
300 30 1.021 0.4667 9.318e-07
300 30 1.031 0.462 1.1115e-06
300 30 1.041 0.4564 1.2273e-06
300 30 1.051 0.4363 1.2179e-06
300 30 1.061 0.4671 1.2203e-06
300 30 1.071 0.4325 1.141e-06
300 30 1.081 0.4361 1.2686e-06
300 30 1.091 0.437 1.3085e-06
300 30 1.101 0.4419 9.721e-07
300 30 1.111 0.4302 9.374e-07
300 30 1.121 0.4269 1.0808e-06
300 30 1.131 0.4429 1.2273e-06
300 30 1.141 0.4185 1.2285e-06
300 30 1.151 0.4116 1.2366e-06
300 30 1.161 0.4156 1.2165e-06
300 30 1.171 0.4174 1.2302e-06
300 30 1.181 0.4052 1.2335e-06
300 30 1.191 0.39 1.0941e-06
300 30 1.201 0.3899 1.2121e-06
300 30 1.211 0.4137 1.1253e-06
300 30 1.221 0.3982 1.1888e-06
300 30 1.231 0.3862 9.614e-07
300 30 1.241 0.3903 1.1314e-06
300 30 1.251 0.4011 9.441e-07
300 30 1.261 0.3888 1.2108e-06
300 30 1.271 0.4026 1.2403e-06
300 30 1.281 0.4047 1.2424e-06
300 30 1.291 0.3797 1.2403e-06
300 30 1.301 0.3702 1.2351e-06
300 30 1.311 0.377 1.2414e-06
300 30 1.321 0.3801 1.2346e-06
300 30 1.331 0.3602 1.2373e-06
300 30 1.341 0.3649 1.2251e-06
300 30 1.351 0.3837 1.2096e-06
300 30 1.361 0.3802 1.2124e-06
300 30 1.371 0.3586 1.2444e-06
300 30 1.381 0.3698 1.2427e-06
300 30 1.391 0.3617 1.2286e-06
300 30 1.401 0.3623 1.2332e-06
300 30 1.411 0.3632 1.1455e-06
300 30 1.421 0.3693 9.91e-07
300 30 1.431 0.3723 9.565e-07
300 30 1.441 0.3625 1.3195e-06
300 30 1.451 0.3565 1.1856e-06
300 30 1.461 0.3594 9.57e-07
300 30 1.471 0.3678 1.1952e-06
300 30 1.481 0.3349 1.2393e-06
300 30 1.491 0.3606 1.2413e-06
300 30 1.501 0.3553 1.2433e-06
300 30 1.511 0.359 1.2616e-06
300 30 1.521 0.3496 1.2375e-06
300 30 1.531 0.356 1.23e-06
300 30 1.541 0.3517 1.3235e-06
300 30 1.551 0.3389 1.1809e-06
300 30 1.561 0.3515 9.862e-07
300 30 1.571 0.3372 1.0288e-06
300 30 1.581 0.341 1.278e-06
300 30 1.591 0.3481 1.2752e-06
300 30 1.601 0.3461 1.2768e-06
300 30 1.611 0.3357 1.16e-06
300 30 1.621 0.3503 9.577e-07
300 30 1.631 0.3364 9.505e-07
300 30 1.641 0.3357 9.436e-07
300 30 1.651 0.3406 9.489e-07
300 30 1.661 0.3299 9.369e-07
300 30 1.671 0.341 1.0864e-06
300 30 1.681 0.3437 1.2254e-06
300 30 1.691 0.3412 1.2331e-06
300 30 1.701 0.3483 1.1605e-06
300 30 1.711 0.3382 1.0811e-06
300 30 1.721 0.34 1.2366e-06
300 30 1.731 0.3354 1.2348e-06
300 30 1.741 0.3404 1.249e-06
300 30 1.751 0.3412 1.24e-06
300 30 1.761 0.3356 1.1214e-06
300 30 1.771 0.3409 1.008e-06
300 30 1.781 0.3348 1.2362e-06
300 30 1.791 0.3389 1.2583e-06
300 30 1.801 0.3254 1.2482e-06
300 30 1.811 0.3497 1.2483e-06
300 30 1.821 0.3399 1.2409e-06
300 30 1.831 0.3326 1.1338e-06
300 30 1.841 0.3334 9.93e-07
300 30 1.851 0.3266 9.375e-07
300 30 1.861 0.3325 1.0198e-06
300 30 1.871 0.3262 9.217e-07
300 30 1.881 0.3505 1.1025e-06
300 30 1.891 0.3352 1.2281e-06
300 30 1.901 0.3298 1.2204e-06
300 30 1.911 0.3385 1.2199e-06
300 30 1.921 0.3349 1.2193e-06
300 30 1.931 0.3277 9.969e-07
300 30 1.941 0.3332 1.0421e-06
300 30 1.951 0.3322 1.207e-06
300 30 1.961 0.3325 1.2072e-06
300 30 1.971 0.3284 1.2084e-06
300 30 1.981 0.3277 1.2006e-06
300 30 1.991 0.3214 1.0972e-06
300 40 0.001 602.661 3.4568e-06
300 40 0.011 565.612 4.3808e-06
300 40 0.021 520.625 5.5328e-06
300 40 0.031 502.433 3.9583e-06
300 40 0.041 468.994 3.9755e-06
300 40 0.051 432.684 4.7887e-06
300 40 0.061 389.197 4.5001e-06
300 40 0.071 346.402 3.0467e-06
300 40 0.081 321.089 2.592e-06
300 40 0.091 282.026 2.2624e-06
300 40 0.101 274.683 3.0906e-06
300 40 0.111 250.812 3.4451e-06
300 40 0.121 219.737 3.2391e-06
300 40 0.131 200.052 3.0813e-06
300 40 0.141 188.27 2.984e-06
300 40 0.151 174.328 2.8676e-06
300 40 0.161 143.627 2.0264e-06
300 40 0.171 140.318 1.6598e-06
300 40 0.181 125.092 1.8624e-06
300 40 0.191 109.578 2.3985e-06
300 40 0.201 96.4378 2.2899e-06
300 40 0.211 84.6011 2.1834e-06
300 40 0.221 79.1331 2.1125e-06
300 40 0.231 68.7809 1.9704e-06
300 40 0.241 59.8487 1.8771e-06
300 40 0.251 56.76 1.8358e-06
300 40 0.261 52.4048 1.8005e-06
300 40 0.271 42.716 1.2033e-06
300 40 0.281 38.9187 1.1689e-06
300 40 0.291 35.7693 1.2463e-06
300 40 0.301 34.904 1.6398e-06
300 40 0.311 29.9026 1.5818e-06
300 40 0.321 27.0714 1.5548e-06
300 40 0.331 23.6827 1.467e-06
300 40 0.341 20.6717 1.046e-06
300 40 0.351 19.4983 1.4126e-06
300 40 0.361 16.1007 1.4346e-06
300 40 0.371 16.5313 1.4192e-06
300 40 0.381 12.7702 1.2846e-06
300 40 0.391 13.8241 1.3163e-06
300 40 0.401 10.8435 1.384e-06
300 40 0.411 10.4526 1.3788e-06
300 40 0.421 10.2638 1.3616e-06
300 40 0.431 9.4448 1.3522e-06
300 40 0.441 8.676 1.325e-06
300 40 0.451 7.712 9.691e-07
300 40 0.461 7.4952 9.708e-07
300 40 0.471 6.4211 1.3022e-06
300 40 0.481 7.1431 1.2972e-06
300 40 0.491 6.1309 1.3022e-06
300 40 0.501 5.6461 1.2824e-06
300 40 0.511 5.6873 1.2912e-06
300 40 0.521 5.3407 1.2867e-06
300 40 0.531 5.042 1.2724e-06
300 40 0.541 4.998 1.2772e-06
300 40 0.551 4.8359 1.2736e-06
300 40 0.561 4.5957 1.2739e-06
300 40 0.571 4.5229 1.2618e-06
300 40 0.581 4.4728 1.2665e-06
300 40 0.591 4.2973 1.2682e-06
300 40 0.601 4.0766 1.266e-06
300 40 0.611 4.0665 1.2639e-06
300 40 0.621 4.0676 1.2436e-06
300 40 0.631 4.0806 1.2532e-06
300 40 0.641 3.9435 1.2409e-06
300 40 0.651 3.8326 1.2596e-06
300 40 0.661 3.8351 1.0421e-06
300 40 0.671 3.8044 1.1406e-06
300 40 0.681 3.6803 1.2387e-06
300 40 0.691 3.6711 1.2387e-06
300 40 0.701 3.6822 1.2066e-06
300 40 0.711 3.6078 1.1263e-06
300 40 0.721 3.5943 1.2489e-06
300 40 0.731 3.5151 1.2484e-06
300 40 0.741 3.507 1.2526e-06
300 40 0.751 3.4572 1.2507e-06
300 40 0.761 3.4729 9.685e-07
300 40 0.771 3.4144 9.337e-07
300 40 0.781 3.4038 9.366e-07
300 40 0.791 3.3517 9.31e-07
300 40 0.801 3.4026 9.322e-07
300 40 0.811 3.3315 1.0818e-06
300 40 0.821 3.3589 9.758e-07
300 40 0.831 3.2794 9.789e-07
300 40 0.841 3.2894 1.121e-06
300 40 0.851 3.2436 1.2164e-06
300 40 0.861 3.2448 9.681e-07
300 40 0.871 3.2172 9.424e-07
300 40 0.881 3.2183 9.754e-07
300 40 0.891 3.2 9.32e-07
300 40 0.901 3.1564 9.498e-07
300 40 0.911 3.1439 1.1055e-06
300 40 0.921 3.1042 1.2416e-06
300 40 0.931 3.1248 1.2447e-06
300 40 0.941 3.1662 1.2421e-06
300 40 0.951 3.1041 1.2282e-06
300 40 0.961 3.0766 1.2368e-06
300 40 0.971 3.0784 1.241e-06
300 40 0.981 3.0948 1.2491e-06
300 40 0.991 3.0818 1.2241e-06
300 40 1.001 3.0881 1.2445e-06
300 40 1.011 3.1072 1.235e-06
300 40 1.021 3.0667 1.2468e-06
300 40 1.031 3.0947 9.382e-07
300 40 1.041 3.0837 1.1842e-06
300 40 1.051 3.0844 1.2559e-06
300 40 1.061 3.07 1.2629e-06
300 40 1.071 3.0689 1.2659e-06
300 40 1.081 3.0333 1.2545e-06
300 40 1.091 3.0071 1.2676e-06
300 40 1.101 2.9465 1.0288e-06
300 40 1.111 2.9589 9.807e-07
300 40 1.121 2.9394 1.007e-06
300 40 1.131 2.9006 1.1958e-06
300 40 1.141 2.9222 1.2692e-06
300 40 1.151 2.8889 1.2468e-06
300 40 1.161 2.8529 1.2322e-06
300 40 1.171 2.8549 1.2311e-06
300 40 1.181 2.8351 1.2293e-06
300 40 1.191 2.7653 1.2392e-06
300 40 1.201 2.7678 1.2416e-06
300 40 1.211 2.7216 1.2489e-06
300 40 1.221 2.7121 1.2519e-06
300 40 1.231 2.7278 1.2457e-06
300 40 1.241 2.6971 1.1501e-06
300 40 1.251 2.6511 9.508e-07
300 40 1.261 2.6766 9.546e-07
300 40 1.271 2.6469 9.531e-07
300 40 1.281 2.6251 9.491e-07
300 40 1.291 2.6048 9.492e-07
300 40 1.301 2.5889 9.464e-07
300 40 1.311 2.5718 9.544e-07
300 40 1.321 2.5567 1.0106e-06
300 40 1.331 2.5024 1.0645e-06
300 40 1.341 2.5154 1.0041e-06
300 40 1.351 2.486 9.889e-07
300 40 1.361 2.4507 9.604e-07
300 40 1.371 2.4527 9.513e-07
300 40 1.381 2.4475 9.588e-07
300 40 1.391 2.411 9.461e-07
300 40 1.401 2.3971 9.505e-07
300 40 1.411 2.3895 1.1061e-06
300 40 1.421 2.3614 1.279e-06
300 40 1.431 2.3845 1.2815e-06
300 40 1.441 2.3589 1.2878e-06
300 40 1.451 2.3549 1.2889e-06
300 40 1.461 2.3226 1.2891e-06
300 40 1.471 2.32 1.2866e-06
300 40 1.481 2.284 1.2847e-06
300 40 1.491 2.2738 1.279e-06
300 40 1.501 2.263 1.2055e-06
300 40 1.511 2.2551 1.2779e-06
300 40 1.521 2.2353 1.2772e-06
300 40 1.531 2.25 1.2724e-06
300 40 1.541 2.2508 1.2678e-06
300 40 1.551 2.1976 1.2693e-06
300 40 1.561 2.2179 1.276e-06
300 40 1.571 2.2309 1.2683e-06
300 40 1.581 2.2052 1.1993e-06
300 40 1.591 2.1547 1.213e-06
300 40 1.601 2.1029 1.2568e-06
300 40 1.611 2.0676 1.2699e-06
300 40 1.621 2.0066 1.2708e-06
300 40 1.631 1.9748 1.3402e-06
300 40 1.641 1.9388 1.2661e-06
300 40 1.651 1.8955 1.2522e-06
300 40 1.661 1.8671 9.854e-07
300 40 1.671 1.8175 9.854e-07
300 40 1.681 1.7613 1.0715e-06
300 40 1.691 1.7568 1.2684e-06
300 40 1.701 1.7146 1.1454e-06
300 40 1.711 1.6746 9.604e-07
300 40 1.721 1.6588 1.2179e-06
300 40 1.731 1.6256 1.2687e-06
300 40 1.741 1.6061 9.77e-07
300 40 1.751 1.5576 9.443e-07
300 40 1.761 1.5488 9.486e-07
300 40 1.771 1.5332 9.531e-07
300 40 1.781 1.5167 9.496e-07
300 40 1.791 1.4973 9.718e-07
300 40 1.801 1.4668 1.0311e-06
300 40 1.811 1.4336 1.2754e-06
300 40 1.821 1.4428 9.383e-07
300 40 1.831 1.429 1.2014e-06
300 40 1.841 1.4094 1.2777e-06
300 40 1.851 1.4007 1.2828e-06
300 40 1.861 1.3961 1.2705e-06
300 40 1.871 1.3729 1.2723e-06
300 40 1.881 1.3778 1.2716e-06
300 40 1.891 1.3587 1.2729e-06
300 40 1.901 1.3647 1.2759e-06
300 40 1.911 1.3545 1.2813e-06
300 40 1.921 1.3495 1.2766e-06
300 40 1.931 1.3419 1.2719e-06
300 40 1.941 1.3576 1.2812e-06
300 40 1.951 1.3443 1.2794e-06
300 40 1.961 1.3386 1.2771e-06
300 40 1.971 1.3376 1.2664e-06
300 40 1.981 1.3324 1.266e-06
300 40 1.991 1.3326 1.2546e-06
400 10 0.001 2.4336 2.5767e-06
400 10 0.011 2.5176 2.6307e-06
400 10 0.021 2.4568 2.5877e-06
400 10 0.031 2.4005 2.5379e-06
400 10 0.041 2.4375 2.5628e-06
400 10 0.051 2.2942 2.4769e-06
400 10 0.061 2.3699 2.4983e-06
400 10 0.071 2.3293 2.4707e-06
400 10 0.081 2.3553 2.4874e-06
400 10 0.091 2.2891 2.434e-06
400 10 0.101 2.2182 2.3883e-06
400 10 0.111 2.2018 2.3682e-06
400 10 0.121 2.1945 2.3431e-06
400 10 0.131 2.1503 2.2955e-06
400 10 0.141 2.1207 2.3082e-06
400 10 0.151 2.0709 2.2528e-06
400 10 0.161 2.0523 2.227e-06
400 10 0.171 1.9939 2.167e-06
400 10 0.181 2.0098 2.1908e-06
400 10 0.191 1.9123 2.1199e-06
400 10 0.201 1.9307 2.1324e-06
400 10 0.211 1.9078 1.8149e-06
400 10 0.221 1.8777 1.4404e-06
400 10 0.231 1.796 1.4787e-06
400 10 0.241 1.8287 1.8688e-06
400 10 0.251 1.7689 1.7265e-06
400 10 0.261 1.7548 1.9526e-06
400 10 0.271 1.6965 1.3967e-06
400 10 0.281 1.6329 1.3511e-06
400 10 0.291 1.6332 1.8667e-06
400 10 0.301 1.5903 1.9061e-06
400 10 0.311 1.5626 1.8762e-06
400 10 0.321 1.5621 1.8509e-06
400 10 0.331 1.4786 1.8084e-06
400 10 0.341 1.5068 1.8115e-06
400 10 0.351 1.4309 1.7735e-06
400 10 0.361 1.4576 1.7947e-06
400 10 0.371 1.4582 1.7604e-06
400 10 0.381 1.4309 1.7617e-06
400 10 0.391 1.3765 1.7514e-06
400 10 0.401 1.4104 1.7329e-06
400 10 0.411 1.2869 1.6951e-06
400 10 0.421 1.342 1.705e-06
400 10 0.431 1.227 1.7051e-06
400 10 0.441 1.2658 1.6999e-06
400 10 0.451 1.2758 1.6513e-06
400 10 0.461 1.2539 1.5278e-06
400 10 0.471 1.1984 1.5382e-06
400 10 0.481 1.164 1.6134e-06
400 10 0.491 1.1556 1.6174e-06
400 10 0.501 1.1117 1.3114e-06
400 10 0.511 1.1287 1.2066e-06
400 10 0.521 1.1103 1.1875e-06
400 10 0.531 1.1028 1.1763e-06
400 10 0.541 1.0862 1.1766e-06
400 10 0.551 1.0587 1.1681e-06
400 10 0.561 1.0217 1.1583e-06
400 10 0.571 1.0071 1.1518e-06
400 10 0.581 0.9874 1.1596e-06
400 10 0.591 0.9823 1.1577e-06
400 10 0.601 0.9584 1.149e-06
400 10 0.611 0.9399 1.4215e-06
400 10 0.621 0.9168 1.4703e-06
400 10 0.631 0.8877 1.459e-06
400 10 0.641 0.8312 1.4248e-06
400 10 0.651 0.903 1.4376e-06
400 10 0.661 0.8577 1.4338e-06
400 10 0.671 0.851 1.4016e-06
400 10 0.681 0.8015 1.4184e-06
400 10 0.691 0.7964 1.4281e-06
400 10 0.701 0.8242 1.431e-06
400 10 0.711 0.7559 1.3541e-06
400 10 0.721 0.7668 1.1188e-06
400 10 0.731 0.7661 1.1386e-06
400 10 0.741 0.7359 1.1741e-06
400 10 0.751 0.7277 1.1534e-06
400 10 0.761 0.6881 1.1946e-06
400 10 0.771 0.6941 1.4011e-06
400 10 0.781 0.6984 1.1589e-06
400 10 0.791 0.7155 1.1378e-06
400 10 0.801 0.6607 1.2966e-06
400 10 0.811 0.6661 1.4087e-06
400 10 0.821 0.6444 1.269e-06
400 10 0.831 0.6432 1.4058e-06
400 10 0.841 0.6087 1.3995e-06
400 10 0.851 0.5984 1.4078e-06
400 10 0.861 0.6035 1.3623e-06
400 10 0.871 0.6171 1.2922e-06
400 10 0.881 0.6084 1.2876e-06
400 10 0.891 0.5741 1.3946e-06
400 10 0.901 0.5598 1.3881e-06
400 10 0.911 0.5553 1.3876e-06
400 10 0.921 0.5427 1.3735e-06
400 10 0.931 0.5407 1.4139e-06
400 10 0.941 0.5376 1.4152e-06
400 10 0.951 0.5325 1.414e-06
400 10 0.961 0.5458 1.4129e-06
400 10 0.971 0.5039 1.399e-06
400 10 0.981 0.5071 1.388e-06
400 10 0.991 0.489 1.3876e-06
400 10 1.001 0.4737 1.3946e-06
400 10 1.011 0.4729 1.397e-06
400 10 1.021 0.4809 1.4005e-06
400 10 1.031 0.4825 1.401e-06
400 10 1.041 0.4484 1.3507e-06
400 10 1.051 0.4561 1.1454e-06
400 10 1.061 0.4417 1.1696e-06
400 10 1.071 0.4387 1.3988e-06
400 10 1.081 0.4388 1.349e-06
400 10 1.091 0.4522 1.1464e-06
400 10 1.101 0.4392 1.15e-06
400 10 1.111 0.4209 1.231e-06
400 10 1.121 0.4118 1.1431e-06
400 10 1.131 0.4026 1.1543e-06
400 10 1.141 0.4144 1.3151e-06
400 10 1.151 0.4282 1.4079e-06
400 10 1.161 0.4189 1.2243e-06
400 10 1.171 0.4164 1.3054e-06
400 10 1.181 0.4059 1.2093e-06
400 10 1.191 0.406 1.1577e-06
400 10 1.201 0.3985 1.1623e-06
400 10 1.211 0.4092 1.1706e-06
400 10 1.221 0.4072 1.1574e-06
400 10 1.231 0.4012 1.3972e-06
400 10 1.241 0.412 1.4275e-06
400 10 1.251 0.399 1.2459e-06
400 10 1.261 0.3777 1.3035e-06
400 10 1.271 0.3966 1.1603e-06
400 10 1.281 0.3909 1.4045e-06
400 10 1.291 0.3793 1.2787e-06
400 10 1.301 0.3733 1.3771e-06
400 10 1.311 0.3927 1.4768e-06
400 10 1.321 0.3847 1.2478e-06
400 10 1.331 0.3841 1.1697e-06
400 10 1.341 0.3803 1.1757e-06
400 10 1.351 0.3631 1.1661e-06
400 10 1.361 0.3793 1.178e-06
400 10 1.371 0.3677 1.1755e-06
400 10 1.381 0.3755 1.1738e-06
400 10 1.391 0.3684 1.1778e-06
400 10 1.401 0.3704 1.2461e-06
400 10 1.411 0.3653 1.1726e-06
400 10 1.421 0.3442 1.1739e-06
400 10 1.431 0.3626 1.1831e-06
400 10 1.441 0.3545 1.4085e-06
400 10 1.451 0.3628 1.4276e-06
400 10 1.461 0.3603 1.2819e-06
400 10 1.471 0.3544 1.445e-06
400 10 1.481 0.353 1.4505e-06
400 10 1.491 0.3587 1.3511e-06
400 10 1.501 0.3571 1.2675e-06
400 10 1.511 0.3446 1.2464e-06
400 10 1.521 0.344 1.449e-06
400 10 1.531 0.3582 1.4471e-06
400 10 1.541 0.3356 1.4311e-06
400 10 1.551 0.3378 1.4284e-06
400 10 1.561 0.3485 1.4382e-06
400 10 1.571 0.3424 1.4346e-06
400 10 1.581 0.3563 1.4352e-06
400 10 1.591 0.3623 1.4314e-06
400 10 1.601 0.3408 1.443e-06
400 10 1.611 0.3428 1.302e-06
400 10 1.621 0.3473 1.1906e-06
400 10 1.631 0.3558 1.2081e-06
400 10 1.641 0.3512 1.1793e-06
400 10 1.651 0.3385 1.2721e-06
400 10 1.661 0.3442 1.4397e-06
400 10 1.671 0.3308 1.4485e-06
400 10 1.681 0.3339 1.4476e-06
400 10 1.691 0.3493 1.4452e-06
400 10 1.701 0.3329 1.4491e-06
400 10 1.711 0.3398 1.435e-06
400 10 1.721 0.3284 1.4431e-06
400 10 1.731 0.3506 1.3754e-06
400 10 1.741 0.3284 1.1811e-06
400 10 1.751 0.3442 1.2405e-06
400 10 1.761 0.3392 1.454e-06
400 10 1.771 0.3438 1.4546e-06
400 10 1.781 0.3294 1.4554e-06
400 10 1.791 0.3244 1.4474e-06
400 10 1.801 0.3542 1.4343e-06
400 10 1.811 0.3305 1.414e-06
400 10 1.821 0.3401 1.4142e-06
400 10 1.831 0.3468 1.3253e-06
400 10 1.841 0.327 1.4434e-06
400 10 1.851 0.3304 1.4434e-06
400 10 1.861 0.3443 1.4437e-06
400 10 1.871 0.3418 1.4471e-06
400 10 1.881 0.3413 1.4516e-06
400 10 1.891 0.3283 1.4566e-06
400 10 1.901 0.3333 1.4429e-06
400 10 1.911 0.3458 1.4455e-06
400 10 1.921 0.3307 1.4476e-06
400 10 1.931 0.3367 1.3281e-06
400 10 1.941 0.3282 1.2268e-06
400 10 1.951 0.3272 1.389e-06
400 10 1.961 0.3306 1.4523e-06
400 10 1.971 0.3426 1.4452e-06
400 10 1.981 0.3349 1.451e-06
400 10 1.991 0.3292 1.4257e-06
400 20 0.001 5.1121 4.3597e-06
400 20 0.011 4.921 4.2038e-06
400 20 0.021 4.8653 3.6473e-06
400 20 0.031 4.9223 4.0974e-06
400 20 0.041 4.6152 3.8401e-06
400 20 0.051 4.5651 3.7556e-06
400 20 0.061 4.3265 3.5854e-06
400 20 0.071 4.2431 3.482e-06
400 20 0.081 4.1412 3.38e-06
400 20 0.091 4.0088 3.2864e-06
400 20 0.101 3.9062 2.7407e-06
400 20 0.111 4.0003 2.0897e-06
400 20 0.121 3.5798 1.9658e-06
400 20 0.131 3.7066 1.9554e-06
400 20 0.141 3.6122 2.4808e-06
400 20 0.151 3.4265 2.7548e-06
400 20 0.161 3.4606 2.738e-06
400 20 0.171 3.2269 2.5924e-06
400 20 0.181 3.1944 2.5158e-06
400 20 0.191 3.1175 2.4715e-06
400 20 0.201 3.0601 2.4104e-06
400 20 0.211 2.9856 2.3568e-06
400 20 0.221 2.9923 1.7003e-06
400 20 0.231 2.7483 1.5389e-06
400 20 0.241 2.7878 1.5216e-06
400 20 0.251 2.5599 1.4772e-06
400 20 0.261 2.5787 1.4346e-06
400 20 0.271 2.5311 1.5285e-06
400 20 0.281 2.4073 1.4064e-06
400 20 0.291 2.2784 1.3613e-06
400 20 0.301 2.3338 1.3588e-06
400 20 0.311 2.3063 1.3279e-06
400 20 0.321 2.1982 1.2599e-06
400 20 0.331 2.0518 1.2385e-06
400 20 0.341 2.0286 1.2849e-06
400 20 0.351 1.9026 1.4854e-06
400 20 0.361 1.8783 1.2631e-06
400 20 0.371 1.9045 1.7242e-06
400 20 0.381 1.7375 1.6611e-06
400 20 0.391 1.7611 1.6543e-06
400 20 0.401 1.7301 1.62e-06
400 20 0.411 1.6733 1.6008e-06
400 20 0.421 1.6788 1.1364e-06
400 20 0.431 1.5975 1.2781e-06
400 20 0.441 1.5691 1.5153e-06
400 20 0.451 1.5107 1.5045e-06
400 20 0.461 1.4401 1.4469e-06
400 20 0.471 1.3835 1.4365e-06
400 20 0.481 1.423 1.4409e-06
400 20 0.491 1.3763 1.3532e-06
400 20 0.501 1.3562 1.3844e-06
400 20 0.511 1.2609 1.3961e-06
400 20 0.521 1.2973 1.3864e-06
400 20 0.531 1.2395 1.3718e-06
400 20 0.541 1.1713 1.3667e-06
400 20 0.551 1.2065 1.3425e-06
400 20 0.561 1.1248 1.3378e-06
400 20 0.571 1.1386 1.1127e-06
400 20 0.581 1.081 1.3403e-06
400 20 0.591 1.0492 1.3247e-06
400 20 0.601 1.0276 1.3258e-06
400 20 0.611 1.0237 1.3119e-06
400 20 0.621 0.9991 1.2911e-06
400 20 0.631 0.982 1.2918e-06
400 20 0.641 0.9449 1.3006e-06
400 20 0.651 0.9139 1.2502e-06
400 20 0.661 0.9243 1.0356e-06
400 20 0.671 0.9335 1.3251e-06
400 20 0.681 0.8459 1.3016e-06
400 20 0.691 0.8542 1.3062e-06
400 20 0.701 0.8355 1.3117e-06
400 20 0.711 0.8195 1.3028e-06
400 20 0.721 0.8084 1.3037e-06
400 20 0.731 0.8025 1.2368e-06
400 20 0.741 0.7779 1.0713e-06
400 20 0.751 0.7679 1.2817e-06
400 20 0.761 0.7352 1.143e-06
400 20 0.771 0.7296 1.2781e-06
400 20 0.781 0.7186 1.2419e-06
400 20 0.791 0.7087 1.2187e-06
400 20 0.801 0.7114 1.2631e-06
400 20 0.811 0.6626 1.2674e-06
400 20 0.821 0.6545 1.2643e-06
400 20 0.831 0.6408 1.2708e-06
400 20 0.841 0.6406 1.2821e-06
400 20 0.851 0.6142 1.2454e-06
400 20 0.861 0.6138 1.1842e-06
400 20 0.871 0.588 1.2989e-06
400 20 0.881 0.5953 1.2968e-06
400 20 0.891 0.5875 1.2983e-06
400 20 0.901 0.5624 1.1748e-06
400 20 0.911 0.5872 1.2815e-06
400 20 0.921 0.5583 1.2642e-06
400 20 0.931 0.548 1.2622e-06
400 20 0.941 0.5548 1.2576e-06
400 20 0.951 0.548 1.2626e-06
400 20 0.961 0.5374 1.257e-06
400 20 0.971 0.4959 1.2571e-06
400 20 0.981 0.5021 1.267e-06
400 20 0.991 0.5167 1.2589e-06
400 20 1.001 0.4893 1.2663e-06
400 20 1.011 0.4955 1.2639e-06
400 20 1.021 0.4766 1.2646e-06
400 20 1.031 0.4706 1.2473e-06
400 20 1.041 0.4735 1.1302e-06
400 20 1.051 0.4403 1.0279e-06
400 20 1.061 0.4625 1.1577e-06
400 20 1.071 0.4503 9.958e-07
400 20 1.081 0.4347 1.0808e-06
400 20 1.091 0.4369 1.1442e-06
400 20 1.101 0.4302 1.171e-06
400 20 1.111 0.4127 1.0582e-06
400 20 1.121 0.4171 1.2661e-06
400 20 1.131 0.4258 1.2673e-06
400 20 1.141 0.4172 1.2696e-06
400 20 1.151 0.4196 1.2786e-06
400 20 1.161 0.4051 1.2684e-06
400 20 1.171 0.3952 1.2739e-06
400 20 1.181 0.3981 1.2683e-06
400 20 1.191 0.4155 1.2803e-06
400 20 1.201 0.4077 1.2806e-06
400 20 1.211 0.4189 1.264e-06
400 20 1.221 0.3937 1.0585e-06
400 20 1.231 0.3871 1.0081e-06
400 20 1.241 0.3912 1.0195e-06
400 20 1.251 0.4035 1.0159e-06
400 20 1.261 0.4049 1.2732e-06
400 20 1.271 0.3956 1.2814e-06
400 20 1.281 0.3943 1.2747e-06
400 20 1.291 0.3721 1.2692e-06
400 20 1.301 0.387 1.0309e-06
400 20 1.311 0.3823 1.1245e-06
400 20 1.321 0.3913 1.077e-06
400 20 1.331 0.3885 1.0327e-06
400 20 1.341 0.3789 1.0263e-06
400 20 1.351 0.3732 1.0243e-06
400 20 1.361 0.3741 1.2499e-06
400 20 1.371 0.3612 1.3341e-06
400 20 1.381 0.3744 1.2681e-06
400 20 1.391 0.3667 1.0305e-06
400 20 1.401 0.3681 1.0291e-06
400 20 1.411 0.3648 1.0284e-06
400 20 1.421 0.3649 1.0357e-06
400 20 1.431 0.3649 1.0279e-06
400 20 1.441 0.3645 1.1957e-06
400 20 1.451 0.3548 1.2023e-06
400 20 1.461 0.3493 1.2964e-06
400 20 1.471 0.356 1.3064e-06
400 20 1.481 0.3751 1.3053e-06
400 20 1.491 0.3681 1.2983e-06
400 20 1.501 0.3582 1.3089e-06
400 20 1.511 0.3598 1.3112e-06
400 20 1.521 0.3524 1.3173e-06
400 20 1.531 0.358 1.3167e-06
400 20 1.541 0.3554 1.3126e-06
400 20 1.551 0.3552 1.3177e-06
400 20 1.561 0.3445 1.3306e-06
400 20 1.571 0.3565 1.3379e-06
400 20 1.581 0.3525 1.3394e-06
400 20 1.591 0.3524 1.3213e-06
400 20 1.601 0.3537 1.3198e-06
400 20 1.611 0.3443 1.2321e-06
400 20 1.621 0.343 1.205e-06
400 20 1.631 0.3364 1.2459e-06
400 20 1.641 0.3379 1.0386e-06
400 20 1.651 0.3442 1.0375e-06
400 20 1.661 0.3482 1.0562e-06
400 20 1.671 0.333 1.0505e-06
400 20 1.681 0.3437 1.1069e-06
400 20 1.691 0.3433 1.2972e-06
400 20 1.701 0.3411 1.3073e-06
400 20 1.711 0.3428 1.3028e-06
400 20 1.721 0.3372 1.2198e-06
400 20 1.731 0.3327 1.4042e-06
400 20 1.741 0.3421 1.4026e-06
400 20 1.751 0.3405 1.3988e-06
400 20 1.761 0.3414 1.3808e-06
400 20 1.771 0.3374 1.2042e-06
400 20 1.781 0.3353 1.1733e-06
400 20 1.791 0.3528 1.0325e-06
400 20 1.801 0.3297 1.2457e-06
400 20 1.811 0.3325 1.2912e-06
400 20 1.821 0.3328 1.2869e-06
400 20 1.831 0.3316 1.2901e-06
400 20 1.841 0.3379 1.3123e-06
400 20 1.851 0.3473 1.3058e-06
400 20 1.861 0.3272 1.2912e-06
400 20 1.871 0.3268 1.3077e-06
400 20 1.881 0.3348 1.28e-06
400 20 1.891 0.3361 1.1771e-06
400 20 1.901 0.3373 1.3115e-06
400 20 1.911 0.3321 1.3152e-06
400 20 1.921 0.3438 1.3169e-06
400 20 1.931 0.3356 1.334e-06
400 20 1.941 0.3387 1.2144e-06
400 20 1.951 0.3207 1.0475e-06
400 20 1.961 0.3379 1.008e-06
400 20 1.971 0.3328 9.984e-07
400 20 1.981 0.3319 1.0506e-06
400 20 1.991 0.3327 1.2908e-06
400 30 0.001 7.7792 6.1165e-06
400 30 0.011 7.1801 4.0996e-06
400 30 0.021 7.326 3.5205e-06
400 30 0.031 6.8378 3.512e-06
400 30 0.041 6.7143 4.1857e-06
400 30 0.051 6.1987 4.6183e-06
400 30 0.061 6.2882 4.5807e-06
400 30 0.071 6.0335 4.3167e-06
400 30 0.081 5.9364 3.7907e-06
400 30 0.091 5.6281 2.5041e-06
400 30 0.101 5.5106 2.421e-06
400 30 0.111 5.0887 2.259e-06
400 30 0.121 4.9596 2.1671e-06
400 30 0.131 4.9377 3.2206e-06
400 30 0.141 4.7265 3.2759e-06
400 30 0.151 4.2938 3.0269e-06
400 30 0.161 4.3249 2.9861e-06
400 30 0.171 4.0477 2.0391e-06
400 30 0.181 4.0643 1.7222e-06
400 30 0.191 3.8865 1.6793e-06
400 30 0.201 3.7045 1.9997e-06
400 30 0.211 3.4362 2.2242e-06
400 30 0.221 3.4268 2.167e-06
400 30 0.231 3.352 2.0913e-06
400 30 0.241 3.2486 2.0594e-06
400 30 0.251 3.128 1.9705e-06
400 30 0.261 2.9529 1.8933e-06
400 30 0.271 2.876 1.8337e-06
400 30 0.281 2.7978 1.5543e-06
400 30 0.291 2.5602 1.2393e-06
400 30 0.301 2.5232 1.6074e-06
400 30 0.311 2.5447 1.7146e-06
400 30 0.321 2.4492 1.6702e-06
400 30 0.331 2.2992 1.6219e-06
400 30 0.341 2.2364 1.5989e-06
400 30 0.351 2.2062 1.5763e-06
400 30 0.361 2.1211 1.515e-06
400 30 0.371 1.9998 1.4883e-06
400 30 0.381 2.0154 1.4434e-06
400 30 0.391 1.8285 1.4168e-06
400 30 0.401 1.8286 1.4174e-06
400 30 0.411 1.7335 1.218e-06
400 30 0.421 1.6443 1.132e-06
400 30 0.431 1.7031 1.034e-06
400 30 0.441 1.6551 1.0325e-06
400 30 0.451 1.5095 1.2395e-06
400 30 0.461 1.5672 1.3733e-06
400 30 0.471 1.4636 1.3436e-06
400 30 0.481 1.5441 1.3444e-06
400 30 0.491 1.3848 1.3286e-06
400 30 0.501 1.4053 1.3241e-06
400 30 0.511 1.2991 1.316e-06
400 30 0.521 1.3217 1.3073e-06
400 30 0.531 1.2292 1.3072e-06
400 30 0.541 1.2206 1.3012e-06
400 30 0.551 1.1727 1.3138e-06
400 30 0.561 1.2383 1.3076e-06
400 30 0.571 1.1553 1.1348e-06
400 30 0.581 1.0917 9.771e-07
400 30 0.591 1.1142 1.2468e-06
400 30 0.601 1.0929 1.1342e-06
400 30 0.611 1.0001 1.2833e-06
400 30 0.621 0.9499 1.2788e-06
400 30 0.631 0.9873 1.27e-06
400 30 0.641 0.9515 1.2873e-06
400 30 0.651 0.9729 1.2102e-06
400 30 0.661 0.9212 1.2855e-06
400 30 0.671 0.8679 1.281e-06
400 30 0.681 0.8942 1.2921e-06
400 30 0.691 0.8391 1.306e-06
400 30 0.701 0.8716 1.2939e-06
400 30 0.711 0.814 1.3007e-06
400 30 0.721 0.7919 1.2951e-06
400 30 0.731 0.777 1.2974e-06
400 30 0.741 0.7959 1.2974e-06
400 30 0.751 0.7808 1.2915e-06
400 30 0.761 0.7373 1.2897e-06
400 30 0.771 0.7416 1.1492e-06
400 30 0.781 0.7076 1.136e-06
400 30 0.791 0.7105 1.2796e-06
400 30 0.801 0.7193 1.3013e-06
400 30 0.811 0.6747 1.2972e-06
400 30 0.821 0.6331 1.2878e-06
400 30 0.831 0.668 1.2918e-06
400 30 0.841 0.6399 1.2882e-06
400 30 0.851 0.6176 1.3008e-06
400 30 0.861 0.6127 1.2979e-06
400 30 0.871 0.6189 1.2988e-06
400 30 0.881 0.5987 1.2892e-06
400 30 0.891 0.5877 1.2944e-06
400 30 0.901 0.5891 1.152e-06
400 30 0.911 0.5565 1.2846e-06
400 30 0.921 0.5661 1.2941e-06
400 30 0.931 0.5495 1.2942e-06
400 30 0.941 0.5411 1.292e-06
400 30 0.951 0.4954 1.2911e-06
400 30 0.961 0.5352 1.2739e-06
400 30 0.971 0.5207 1.2926e-06
400 30 0.981 0.5034 1.2391e-06
400 30 0.991 0.4878 9.778e-07
400 30 1.001 0.4952 9.753e-07
400 30 1.011 0.4839 9.663e-07
400 30 1.021 0.4654 1.0153e-06
400 30 1.031 0.4606 1.165e-06
400 30 1.041 0.4588 1.2865e-06
400 30 1.051 0.4533 1.2885e-06
400 30 1.061 0.4563 1.2856e-06
400 30 1.071 0.4358 1.2888e-06
400 30 1.081 0.4355 1.2851e-06
400 30 1.091 0.4297 1.2789e-06
400 30 1.101 0.4296 1.2802e-06
400 30 1.111 0.4341 1.2842e-06
400 30 1.121 0.4297 1.2226e-06
400 30 1.131 0.4344 1.2282e-06
400 30 1.141 0.4424 1.2763e-06
400 30 1.151 0.4222 1.1393e-06
400 30 1.161 0.4236 1.2671e-06
400 30 1.171 0.4302 1.2691e-06
400 30 1.181 0.4262 1.2788e-06
400 30 1.191 0.4216 1.2135e-06
400 30 1.201 0.3973 1.0155e-06
400 30 1.211 0.4098 1.0056e-06
400 30 1.221 0.4009 1.0151e-06
400 30 1.231 0.3871 1.1175e-06
400 30 1.241 0.4063 1.2751e-06
400 30 1.251 0.3778 9.887e-07
400 30 1.261 0.3874 9.882e-07
400 30 1.271 0.3849 9.947e-07
400 30 1.281 0.3762 9.904e-07
400 30 1.291 0.3849 9.906e-07
400 30 1.301 0.3842 1.0415e-06
400 30 1.311 0.3883 1.1711e-06
400 30 1.321 0.3886 1.3522e-06
400 30 1.331 0.3718 1.3806e-06
400 30 1.341 0.3793 1.3719e-06
400 30 1.351 0.3702 1.3758e-06
400 30 1.361 0.3673 1.2821e-06
400 30 1.371 0.3647 1.0423e-06
400 30 1.381 0.3727 1.0497e-06
400 30 1.391 0.3691 1.0256e-06
400 30 1.401 0.3703 1.0058e-06
400 30 1.411 0.3607 1.0095e-06
400 30 1.421 0.3526 1.3146e-06
400 30 1.431 0.3532 1.3096e-06
400 30 1.441 0.3666 1.0023e-06
400 30 1.451 0.3587 1.131e-06
400 30 1.461 0.3518 1.3086e-06
400 30 1.471 0.3495 1.3084e-06
400 30 1.481 0.3649 1.1157e-06
400 30 1.491 0.3659 1.0805e-06
400 30 1.501 0.3531 1.3492e-06
400 30 1.511 0.3659 1.2038e-06
400 30 1.521 0.351 1.2937e-06
400 30 1.531 0.3525 1.3057e-06
400 30 1.541 0.3482 1.3117e-06
400 30 1.551 0.3463 1.3004e-06
400 30 1.561 0.3438 1.3151e-06
400 30 1.571 0.3417 1.3032e-06
400 30 1.581 0.3489 1.3081e-06
400 30 1.591 0.3498 1.3049e-06
400 30 1.601 0.3378 1.3101e-06
400 30 1.611 0.3385 1.0386e-06
400 30 1.621 0.3463 1.0106e-06
400 30 1.631 0.3388 1.0074e-06
400 30 1.641 0.3376 1.0079e-06
400 30 1.651 0.3374 9.98e-07
400 30 1.661 0.3493 1.0114e-06
400 30 1.671 0.3499 1.071e-06
400 30 1.681 0.349 1.2283e-06
400 30 1.691 0.3391 1.3129e-06
400 30 1.701 0.3378 1.3215e-06
400 30 1.711 0.3332 1.1939e-06
400 30 1.721 0.3334 1.3157e-06
400 30 1.731 0.334 1.3026e-06
400 30 1.741 0.3443 1.0513e-06
400 30 1.751 0.3417 1.2548e-06
400 30 1.761 0.3211 1.3268e-06
400 30 1.771 0.3325 1.3301e-06
400 30 1.781 0.3359 1.3335e-06
400 30 1.791 0.3375 1.321e-06
400 30 1.801 0.3314 1.3381e-06
400 30 1.811 0.3394 1.3243e-06
400 30 1.821 0.3261 1.3282e-06
400 30 1.831 0.3413 1.3302e-06
400 30 1.841 0.3397 1.3338e-06
400 30 1.851 0.3292 1.3337e-06
400 30 1.861 0.3343 1.3275e-06
400 30 1.871 0.3425 1.3333e-06
400 30 1.881 0.3368 1.1577e-06
400 30 1.891 0.334 1.2111e-06
400 30 1.901 0.3338 1.3083e-06
400 30 1.911 0.3338 1.2883e-06
400 30 1.921 0.333 1.2934e-06
400 30 1.931 0.3281 1.3035e-06
400 30 1.941 0.3297 1.2943e-06
400 30 1.951 0.3168 1.3015e-06
400 30 1.961 0.3275 1.291e-06
400 30 1.971 0.3443 1.2969e-06
400 30 1.981 0.3417 1.2841e-06
400 30 1.991 0.3391 1.2907e-06
400 40 0.001 828.041 5.0384e-06
400 40 0.011 774.919 5.7725e-06
400 40 0.021 726.853 7.1783e-06
400 40 0.031 662.406 6.7225e-06
400 40 0.041 638.155 6.5723e-06
400 40 0.051 570.355 6.0649e-06
400 40 0.061 540.034 5.8638e-06
400 40 0.071 487.195 5.4786e-06
400 40 0.081 455.765 3.2985e-06
400 40 0.091 402.823 2.8974e-06
400 40 0.101 389.571 2.7986e-06
400 40 0.111 346.294 2.6405e-06
400 40 0.121 318.951 2.4946e-06
400 40 0.131 286.626 2.3828e-06
400 40 0.141 255.703 2.4979e-06
400 40 0.151 227.933 3.4878e-06
400 40 0.161 203.477 3.2585e-06
400 40 0.171 177.931 3.0502e-06
400 40 0.181 177.428 3.0407e-06
400 40 0.191 144.111 2.7272e-06
400 40 0.201 137.759 2.6981e-06
400 40 0.211 117.69 2.5054e-06
400 40 0.221 100.126 2.3659e-06
400 40 0.231 98.009 2.3473e-06
400 40 0.241 88.8297 1.9186e-06
400 40 0.251 78.9698 1.438e-06
400 40 0.261 70.1922 1.3924e-06
400 40 0.271 64.2142 1.7731e-06
400 40 0.281 52.021 1.9248e-06
400 40 0.291 45.2962 1.8458e-06
400 40 0.301 45.0308 1.8226e-06
400 40 0.311 36.0939 1.7604e-06
400 40 0.321 36.1029 1.7396e-06
400 40 0.331 28.2562 1.6503e-06
400 40 0.341 26.3603 1.6316e-06
400 40 0.351 25.12 1.6229e-06
400 40 0.361 23.223 1.5765e-06
400 40 0.371 20.7294 1.5378e-06
400 40 0.381 17.8783 1.5179e-06
400 40 0.391 15.3068 1.4871e-06
400 40 0.401 15.0917 1.4727e-06
400 40 0.411 13.1564 1.4591e-06
400 40 0.421 12.3823 1.426e-06
400 40 0.431 11.8605 1.4217e-06
400 40 0.441 10.7477 1.406e-06
400 40 0.451 9.8245 1.3877e-06
400 40 0.461 9.1789 1.2371e-06
400 40 0.471 8.2155 1.0144e-06
400 40 0.481 7.6118 1.0062e-06
400 40 0.491 7.6109 1.001e-06
400 40 0.501 6.9691 9.935e-07
400 40 0.511 6.5862 1.3002e-06
400 40 0.521 6.3009 1.354e-06
400 40 0.531 5.8439 1.3436e-06
400 40 0.541 6.1771 1.3452e-06
400 40 0.551 5.6543 1.3425e-06
400 40 0.561 5.4789 1.3325e-06
400 40 0.571 5.2029 1.2993e-06
400 40 0.581 5.2191 1.3333e-06
400 40 0.591 4.9878 1.3193e-06
400 40 0.601 4.93 1.2356e-06
400 40 0.611 4.7843 1.3076e-06
400 40 0.621 4.609 1.2791e-06
400 40 0.631 4.6101 9.738e-07
400 40 0.641 4.4973 9.724e-07
400 40 0.651 4.3249 1.2378e-06
400 40 0.661 4.429 1.3286e-06
400 40 0.671 4.3347 1.3302e-06
400 40 0.681 4.2507 1.326e-06
400 40 0.691 4.2607 1.3153e-06
400 40 0.701 4.1527 1.315e-06
400 40 0.711 4.0881 1.3176e-06
400 40 0.721 4.0705 1.3173e-06
400 40 0.731 4.0844 1.3245e-06
400 40 0.741 4.0884 1.162e-06
400 40 0.751 3.9839 1.3182e-06
400 40 0.761 3.9451 1.3144e-06
400 40 0.771 3.9032 1.3153e-06
400 40 0.781 3.9593 1.318e-06
400 40 0.791 3.9113 1.3183e-06
400 40 0.801 3.8937 1.3164e-06
400 40 0.811 3.8118 1.3152e-06
400 40 0.821 3.8318 1.3077e-06
400 40 0.831 3.7898 1.3173e-06
400 40 0.841 3.7497 1.3114e-06
400 40 0.851 3.7876 1.3129e-06
400 40 0.861 3.73 1.3177e-06
400 40 0.871 3.676 1.3171e-06
400 40 0.881 3.733 1.3136e-06
400 40 0.891 3.7174 1.312e-06
400 40 0.901 3.6794 1.3216e-06
400 40 0.911 3.6482 1.2307e-06
400 40 0.921 3.654 9.735e-07
400 40 0.931 3.6138 9.802e-07
400 40 0.941 3.6527 9.829e-07
400 40 0.951 3.5914 1.0828e-06
400 40 0.961 3.6297 1.0657e-06
400 40 0.971 3.5771 1.2935e-06
400 40 0.981 3.5784 1.3353e-06
400 40 0.991 3.6323 1.3138e-06
400 40 1.001 3.6134 1.2824e-06
400 40 1.011 3.6076 1.2942e-06
400 40 1.021 3.6108 1.279e-06
400 40 1.031 3.5648 1.2868e-06
400 40 1.041 3.6119 1.2917e-06
400 40 1.051 3.5873 1.2929e-06
400 40 1.061 3.5926 1.2874e-06
400 40 1.071 3.5414 1.2755e-06
400 40 1.081 3.4947 9.813e-07
400 40 1.091 3.5125 9.834e-07
400 40 1.101 3.4896 9.873e-07
400 40 1.111 3.5019 1.107e-06
400 40 1.121 3.4626 1.3015e-06
400 40 1.131 3.4095 1.3131e-06
400 40 1.141 3.4048 1.3092e-06
400 40 1.151 3.3595 1.3135e-06
400 40 1.161 3.3331 1.3091e-06
400 40 1.171 3.3023 1.3076e-06
400 40 1.181 3.2833 1.3122e-06
400 40 1.191 3.2504 1.3103e-06
400 40 1.201 3.1977 1.3113e-06
400 40 1.211 3.2088 1.1155e-06
400 40 1.221 3.1906 1.0072e-06
400 40 1.231 3.1717 1.324e-06
400 40 1.241 3.1247 1.3245e-06
400 40 1.251 3.0893 1.2017e-06
400 40 1.261 3.0888 1.216e-06
400 40 1.271 3.0214 1.0467e-06
400 40 1.281 3.0443 1.2973e-06
400 40 1.291 2.9939 1.047e-06
400 40 1.301 3.0089 1.052e-06
400 40 1.311 2.9248 1.2484e-06
400 40 1.321 2.8998 1.322e-06
400 40 1.331 2.9094 1.3195e-06
400 40 1.341 2.8633 1.3168e-06
400 40 1.351 2.8554 1.3196e-06
400 40 1.361 2.8167 1.3186e-06
400 40 1.371 2.8093 1.0661e-06
400 40 1.381 2.7939 1.0475e-06
400 40 1.391 2.7519 1.0565e-06
400 40 1.401 2.7313 1.0456e-06
400 40 1.411 2.7255 1.2826e-06
400 40 1.421 2.6883 1.3013e-06
400 40 1.431 2.6737 1.308e-06
400 40 1.441 2.6932 1.2554e-06
400 40 1.451 2.6678 1.1013e-06
400 40 1.461 2.6334 1.0486e-06
400 40 1.471 2.6483 1.204e-06
400 40 1.481 2.6383 1.0029e-06
400 40 1.491 2.5873 1.3205e-06
400 40 1.501 2.6102 1.3414e-06
400 40 1.511 2.5793 1.3275e-06
400 40 1.521 2.5793 1.3333e-06
400 40 1.531 2.5776 1.1759e-06
400 40 1.541 2.5197 1.0477e-06
400 40 1.551 2.5437 1.2268e-06
400 40 1.561 2.514 1.3118e-06
400 40 1.571 2.4976 1.2201e-06
400 40 1.581 2.4801 1.3242e-06
400 40 1.591 2.4762 1.3144e-06
400 40 1.601 2.3931 1.2022e-06
400 40 1.611 2.3461 1.2291e-06
400 40 1.621 2.2336 9.956e-07
400 40 1.631 2.19 1.0546e-06
400 40 1.641 2.1912 1.3408e-06
400 40 1.651 2.0895 1.3476e-06
400 40 1.661 2.0172 1.3361e-06
400 40 1.671 1.9416 1.3337e-06
400 40 1.681 1.9458 1.3418e-06
400 40 1.691 1.906 1.0907e-06
400 40 1.701 1.8525 1.0112e-06
400 40 1.711 1.8061 9.882e-07
400 40 1.721 1.7603 9.868e-07
400 40 1.731 1.7334 9.85e-07
400 40 1.741 1.6786 9.849e-07
400 40 1.751 1.6429 9.809e-07
400 40 1.761 1.6325 9.796e-07
400 40 1.771 1.5877 9.73e-07
400 40 1.781 1.5669 9.753e-07
400 40 1.791 1.5353 9.799e-07
400 40 1.801 1.5178 9.76e-07
400 40 1.811 1.5113 9.735e-07
400 40 1.821 1.4774 9.719e-07
400 40 1.831 1.4505 9.647e-07
400 40 1.841 1.4243 9.712e-07
400 40 1.851 1.4134 9.641e-07
400 40 1.861 1.419 9.598e-07
400 40 1.871 1.3998 9.537e-07
400 40 1.881 1.3946 9.551e-07
400 40 1.891 1.368 9.555e-07
400 40 1.901 1.3779 9.551e-07
400 40 1.911 1.3599 9.544e-07
400 40 1.921 1.3428 9.566e-07
400 40 1.931 1.3577 9.372e-07
400 40 1.941 1.338 9.476e-07
400 40 1.951 1.3357 9.442e-07
400 40 1.961 1.3417 9.358e-07
400 40 1.971 1.3327 9.36e-07
400 40 1.981 1.3349 9.331e-07
400 40 1.991 1.3373 9.196e-07
