200 10 0.001 326.556 4873.6 0.759
200 10 0.011 329.184 4906.04 0.8533
200 10 0.021 329.347 4908.35 0.9562
200 10 0.031 317.796 4768.23 0.9977
200 10 0.041 322.259 4823.05 1.9241
200 10 0.051 305.057 4614.23 2.1609
200 10 0.061 312.698 4707.54 2.4481
200 10 0.071 301.891 4576.8 2.5841
200 10 0.081 286.835 4393.92 2.6076
200 10 0.091 287.577 4403.45 2.7356
200 10 0.101 282.858 4346.36 2.9794
200 10 0.111 278.777 4297.19 3.0147
200 10 0.121 270.736 4199.92 2.1766
200 10 0.131 263.993 4118.03 2.1893
200 10 0.141 256.714 4030.12 2.4213
200 10 0.151 244.021 3875.43 3.2448
200 10 0.161 239.726 3824.06 2.9659
200 10 0.171 241.86 3850.14 2.8448
200 10 0.181 235.465 3773.04 2.9484
200 10 0.191 218.926 3571.89 2.9471
200 10 0.201 217.052 3549.43 3.1551
200 10 0.211 219.05 3574.83 3.4229
200 10 0.221 204.949 3403.29 3.479
200 10 0.231 202.856 3378.32 3.6963
200 10 0.241 200.193 3345.57 3.8082
200 10 0.251 196.623 3302.57 3.9755
200 10 0.261 187.806 3196.03 4.076
200 10 0.271 188.481 3203.77 4.2354
200 10 0.281 176.698 3061.09 4.3112
200 10 0.291 174.123 3030 4.5579
200 10 0.301 167.951 2954.93 4.7085
200 10 0.311 159.611 2853.86 4.7646
200 10 0.321 161.696 2879.5 6.4547
200 10 0.331 151.327 2753.59 5.1593
200 10 0.341 147.383 2705.62 5.0201
200 10 0.351 145.123 2677.87 5.1845
200 10 0.361 136.648 2575.44 5.3614
200 10 0.371 137.879 2590.27 5.9169
200 10 0.381 134.487 2548.84 7.466
200 10 0.391 127.824 2468.49 7.7399
200 10 0.401 120.029 2373.6 7.4647
200 10 0.411 115.216 2314.55 6.9969
200 10 0.421 109.673 2247.37 7.7953
200 10 0.431 107.584 2222.59 8.1751
200 10 0.441 109.76 2248.84 8.1973
200 10 0.451 98.9986 2118.16 8.3842
200 10 0.461 102.817 2164.56 7.6711
200 10 0.471 94.8279 2066.52 6.519
200 10 0.481 91.8405 2030.23 6.612
200 10 0.491 87.8102 1981.75 6.8255
200 10 0.501 91.1029 2021.79 7.0482
200 10 0.511 82.1399 1912.42 6.8758
200 10 0.521 79.4945 1880.68 7.1606
200 10 0.531 77.6313 1857.67 9.0085
200 10 0.541 74.1585 1815.62 9.2511
200 10 0.551 73.7375 1810.46 9.2954
200 10 0.561 70.3801 1769.27 7.6338
200 10 0.571 68.8205 1750.58 7.8067
200 10 0.581 65.9007 1714.93 7.9451
200 10 0.591 65.2809 1707.94 8.4058
200 10 0.601 62.6826 1676.04 8.2809
200 10 0.611 57.3181 1609.64 8.0206
200 10 0.621 54.3657 1574.19 8.1593
200 10 0.631 53.9829 1569.38 8.2514
200 10 0.641 50.5242 1527.79 9.281
200 10 0.651 46.421 1477 8.7316
200 10 0.661 47.4929 1490.04 8.9831
200 10 0.671 43.0263 1435.5 8.8372
200 10 0.681 42.9383 1434.52 9.1461
200 10 0.691 42.2882 1426.93 9.4138
200 10 0.701 39.8569 1396.15 8.953
200 10 0.711 37.46 1367.51 9.1425
200 10 0.721 36.6691 1358.12 9.2976
200 10 0.731 35.5271 1343.76 9.2858
200 10 0.741 35.0613 1337.9 9.3624
200 10 0.751 31.8489 1298.24 8.9219
200 10 0.761 29.6111 1271.21 8.8586
200 10 0.771 30.1124 1277.2 8.9029
200 10 0.781 29.0409 1264.11 8.9553
200 10 0.791 26.4416 1232.48 8.8698
200 10 0.801 26.8281 1236.78 8.9039
200 10 0.811 24.9958 1214.46 8.7476
200 10 0.821 22.195 1179.85 8.2506
200 10 0.831 22.9004 1188.5 8.5405
200 10 0.841 22.2256 1180.2 8.5609
200 10 0.851 21.7631 1174.82 8.7415
200 10 0.861 18.501 1133.99 7.9183
200 10 0.871 18.9056 1139.09 8.2211
200 10 0.881 17.7139 1124.5 8.0856
200 10 0.891 16.9495 1115.05 8.0672
200 10 0.901 15.9881 1102.72 7.7885
200 10 0.911 15.1999 1093.5 8.0019
200 10 0.921 15.2742 1093.99 7.9683
200 10 0.931 14.6283 1085.9 7.7705
200 10 0.941 12.9817 1065.63 7.5293
200 10 0.951 12.4913 1059.6 7.4614
200 10 0.961 11.6809 1049.52 7.2681
200 10 0.971 10.8561 1038.92 7.0586
200 10 0.981 11.0181 1040.98 7.1239
200 10 0.991 9.8917 1027.05 7.2676
200 10 1.001 9.5794 1022.99 7.7107
200 10 1.011 9.2361 1018.76 7.5611
200 10 1.021 8.7287 1012.31 7.1681
200 10 1.031 8.45 1008.89 6.6029
200 10 1.041 8.0813 1004.3 6.4262
200 10 1.051 7.1961 993.092 6.0655
200 10 1.061 6.9687 990.09 6.1042
200 10 1.071 7.4453 996.145 7.2061
200 10 1.081 6.6211 985.631 6.7013
200 10 1.091 6.4607 983.673 6.3994
200 10 1.101 6.2327 980.534 6.2476
200 10 1.111 5.687 973.912 5.755
200 10 1.121 5.63 973.072 5.6391
200 10 1.131 5.3692 969.815 5.6129
200 10 1.141 5.1694 967.205 5.4208
200 10 1.151 5.1033 966.452 5.9941
200 10 1.161 5.0233 965.275 5.7204
200 10 1.171 4.9719 964.81 5.4022
200 10 1.181 4.5699 959.464 5.4974
200 10 1.191 4.6766 960.868 5.6487
200 10 1.201 4.3325 956.532 4.8064
200 10 1.211 4.304 956.05 5.4482
200 10 1.221 4.1104 953.511 5.0099
200 10 1.231 3.9211 951.204 4.7811
200 10 1.241 3.9769 951.746 4.7103
200 10 1.251 3.828 949.868 4.5812
200 10 1.261 3.6724 947.666 4.9299
200 10 1.271 3.6745 947.852 5.1775
200 10 1.281 3.6269 947.222 4.9903
200 10 1.291 3.2859 942.801 4.2987
200 10 1.301 3.2736 942.524 4.306
200 10 1.311 3.3871 943.927 4.4095
200 10 1.321 3.1004 940.256 4.2242
200 10 1.331 2.961 938.419 4.0457
200 10 1.341 3.0952 940.176 4.2074
200 10 1.351 2.799 936.211 4.3704
200 10 1.361 2.9636 938.423 3.8438
200 10 1.371 2.8314 936.645 4.4567
200 10 1.381 2.6657 934.457 4.2104
200 10 1.391 2.7173 935.1 3.855
200 10 1.401 2.557 932.953 3.3297
200 10 1.411 2.5204 932.533 3.4443
200 10 1.421 2.4753 931.913 3.4149
200 10 1.431 2.427 931.157 3.3205
200 10 1.441 2.3641 930.321 3.2932
200 10 1.451 2.2983 929.45 3.1557
200 10 1.461 2.2825 929.231 3.2909
200 10 1.471 2.3116 929.538 3.7186
200 10 1.481 2.2052 928.136 3.718
200 10 1.491 2.1351 927.184 3.5242
200 10 1.501 2.1132 926.907 3.6353
200 10 1.511 2.0784 926.38 3.5417
200 10 1.521 2.0118 925.446 3.4337
200 10 1.531 2.0017 925.31 3.4368
200 10 1.541 1.9614 924.812 3.2483
200 10 1.551 1.9489 924.591 2.8613
200 10 1.561 1.8619 923.439 2.7606
200 10 1.571 1.8558 923.297 2.5155
200 10 1.581 1.7824 922.369 3.2358
200 10 1.591 1.8239 922.776 3.1554
200 10 1.601 1.7433 921.777 2.8751
200 10 1.611 1.7879 922.337 2.9278
200 10 1.621 1.7303 921.552 2.8654
200 10 1.631 1.6716 920.806 2.7828
200 10 1.641 1.6791 920.867 2.6826
200 10 1.651 1.6461 920.481 2.4328
200 10 1.661 1.7077 921.245 2.5048
200 10 1.671 1.6057 919.842 2.392
200 10 1.681 1.5803 919.593 2.408
200 10 1.691 1.6312 920.161 2.4355
200 10 1.701 1.5693 919.372 2.3827
200 10 1.711 1.5563 919.223 2.3385
200 10 1.721 1.5619 919.245 2.3413
200 10 1.731 1.5631 919.284 2.3965
200 10 1.741 1.4928 918.346 2.5622
200 10 1.751 1.4829 918.211 2.771
200 10 1.761 1.4991 918.375 2.6891
200 10 1.771 1.441 917.617 2.6109
200 10 1.781 1.4508 917.752 2.6316
200 10 1.791 1.3969 917.053 2.558
200 10 1.801 1.4105 917.254 2.6146
200 10 1.811 1.405 917.126 2.7032
200 10 1.821 1.4286 917.396 2.5944
200 10 1.831 1.3559 916.493 2.4855
200 10 1.841 1.3708 916.683 2.5406
200 10 1.851 1.3697 916.654 2.5671
200 10 1.861 1.3596 916.502 2.5602
200 10 1.871 1.3643 916.551 2.5603
200 10 1.881 1.3499 916.381 2.5334
200 10 1.891 1.3259 916.057 2.5101
200 10 1.901 1.318 915.985 2.5341
200 10 1.911 1.3202 915.968 2.5294
200 10 1.921 1.3248 916.002 2.5687
200 10 1.931 1.2851 915.562 2.5546
200 10 1.941 1.3254 916.023 2.5762
200 10 1.951 1.298 915.689 2.5638
200 10 1.961 1.2821 915.502 2.1475
200 10 1.971 1.3129 915.892 1.9586
200 10 1.981 1.3071 915.784 1.9574
200 10 1.991 1.2922 915.579 1.9381
200 20 0.001 766.151 8739.22 1.9838
200 20 0.011 734.501 8410.2 2.6407
200 20 0.021 715.253 8210.09 3.0095
200 20 0.031 701.799 8070.34 3.3067
200 20 0.041 659.667 7632.28 3.4073
200 20 0.051 639.848 7426.25 3.6101
200 20 0.061 632.911 7354.13 3.3756
200 20 0.071 607.731 7092.48 3.2334
200 20 0.081 580.288 6807.06 4.6412
200 20 0.091 564.24 6640.45 4.5015
200 20 0.101 527.814 6261.76 5.016
200 20 0.111 498.54 5957.56 5.1525
200 20 0.121 473.101 5693.26 5.3613
200 20 0.131 464.642 5605.2 5.5092
200 20 0.141 439.162 5340.6 5.6895
200 20 0.151 427.723 5221.78 5.7657
200 20 0.161 397.516 4907.82 5.9682
200 20 0.171 374.268 4666.17 6.1694
200 20 0.181 342.144 4332.58 6.2863
200 20 0.191 341.255 4323.46 6.6419
200 20 0.201 316.623 4067.41 6.4693
200 20 0.211 292.095 3812.67 6.1423
200 20 0.221 269.991 3583.12 5.6148
200 20 0.231 266.44 3546.17 5.7522
200 20 0.241 258.928 3468.32 6.6519
200 20 0.251 234.873 3218.31 6.6238
200 20 0.261 228.629 3153.73 6.7013
200 20 0.271 219.2 3055.66 6.7206
200 20 0.281 199.091 2846.67 6.8148
200 20 0.291 190.335 2756.02 6.9703
200 20 0.301 180.947 2658.62 7.1379
200 20 0.311 170.11 2545.94 6.3848
200 20 0.321 160.529 2446.52 6.3697
200 20 0.331 154.112 2379.94 6.8814
200 20 0.341 141.993 2254.43 7.1958
200 20 0.351 133.369 2164.91 6.9326
200 20 0.361 127.327 2102.06 7.0346
200 20 0.371 114.597 1969.89 6.8521
200 20 0.381 109.639 1918.19 6.787
200 20 0.391 107.144 1892.67 7.0778
200 20 0.401 97.0452 1788.2 7.1658
200 20 0.411 90.5683 1720.52 7.0013
200 20 0.421 83.737 1649.74 6.8013
200 20 0.431 79.3056 1603.76 6.8629
200 20 0.441 72.8369 1536.57 6.828
200 20 0.451 71.6242 1524.08 6.7278
200 20 0.461 67.8098 1484.62 6.2981
200 20 0.471 62.7217 1431.73 6.454
200 20 0.481 58.1603 1384.24 6.1479
200 20 0.491 54.4227 1345.74 6.2515
200 20 0.501 54.9311 1351.12 6.2731
200 20 0.511 51.0959 1311.43 6.338
200 20 0.521 46.7011 1265.7 6.0931
200 20 0.531 42.4254 1221.27 6.2989
200 20 0.541 41.7439 1214.47 6.388
200 20 0.551 37.9027 1174.58 6.3612
200 20 0.561 34.65 1140.66 6.5762
200 20 0.571 33.7707 1131.63 6.7842
200 20 0.581 33.0579 1124.41 6.7101
200 20 0.591 31.4966 1108.07 6.6196
200 20 0.601 27.0826 1062.16 6.5917
200 20 0.611 26.9975 1061.3 6.349
200 20 0.621 24.8653 1039.35 6.3924
200 20 0.631 24.09 1031.18 6.2726
200 20 0.641 22.2266 1011.91 6.3262
200 20 0.651 22.07 1010.22 6.3276
200 20 0.661 19.8852 987.504 6.3046
200 20 0.671 19.6341 985.218 6.3141
200 20 0.681 19.081 979.529 6.6724
200 20 0.691 18.0653 968.687 6.3079
200 20 0.701 16.9096 956.741 6.2126
200 20 0.711 16.4816 952.447 6.274
200 20 0.721 15.156 938.422 6.1343
200 20 0.731 13.9489 925.855 6.1807
200 20 0.741 13.2389 918.374 5.9417
200 20 0.751 13.2662 918.912 5.9148
200 20 0.761 13.2508 918.66 5.7445
200 20 0.771 11.9906 905.705 6.0444
200 20 0.781 11.7361 903.135 5.8522
200 20 0.791 11.5729 901.446 6.0514
200 20 0.801 10.9237 894.637 6.3132
200 20 0.811 10.884 894.389 6.6329
200 20 0.821 10.4229 889.344 6.4502
200 20 0.831 9.9301 884.227 6.3991
200 20 0.841 9.2579 877.148 6.2074
200 20 0.851 9.1467 876.171 6.4614
200 20 0.861 8.6256 870.701 6.2792
200 20 0.871 8.2408 866.353 6.1064
200 20 0.881 8.0774 864.805 6.1438
200 20 0.891 7.5546 859.432 6.1002
200 20 0.901 7.3176 856.47 5.9595
200 20 0.911 7.3367 856.685 6.0084
200 20 0.921 6.9909 853.193 6.0611
200 20 0.931 6.6379 849.46 5.9873
200 20 0.941 6.5738 848.948 6.0824
200 20 0.951 6.3612 846.688 5.6957
200 20 0.961 6.278 845.809 5.589
200 20 0.971 5.7677 840.247 5.4251
200 20 0.981 5.7397 840.01 5.2351
200 20 0.991 5.3765 836.082 5.1283
200 20 1.001 5.3988 836.42 5.5258
200 20 1.011 5.3098 835.528 5.5251
200 20 1.021 4.8026 829.811 5.3402
200 20 1.031 4.9058 831.09 5.2847
200 20 1.041 4.611 827.907 5.6376
200 20 1.051 4.5341 827.197 5.6592
200 20 1.061 4.4561 826.199 5.6934
200 20 1.071 4.2569 823.956 5.5852
200 20 1.081 4.1262 822.589 5.5714
200 20 1.091 4.0524 821.79 5.6059
200 20 1.101 3.9385 820.575 5.8115
200 20 1.111 3.7196 818.088 5.7182
200 20 1.121 3.7679 818.683 5.6923
200 20 1.131 3.6633 817.588 5.6905
200 20 1.141 3.5529 816.368 5.701
200 20 1.151 3.5177 815.808 5.6072
200 20 1.161 3.4087 814.71 5.7744
200 20 1.171 3.4842 815.584 6.0135
200 20 1.181 3.3321 813.821 5.619
200 20 1.191 3.2812 813.283 5.7412
200 20 1.201 3.0887 811.07 5.8723
200 20 1.211 3.1104 811.293 5.5932
200 20 1.221 3.195 812.44 5.7379
200 20 1.231 2.9881 809.796 5.586
200 20 1.241 3.057 810.776 5.7884
200 20 1.251 2.9156 809.126 5.6043
200 20 1.261 2.7974 807.679 5.3497
200 20 1.271 2.8957 808.895 5.6765
200 20 1.281 2.7303 806.962 5.3575
200 20 1.291 2.6832 806.378 5.4509
200 20 1.301 2.5899 805.257 5.414
200 20 1.311 2.6145 805.564 5.4342
200 20 1.321 2.6013 805.381 5.3722
200 20 1.331 2.5759 805.125 5.4552
200 20 1.341 2.3947 803.014 5.2535
200 20 1.351 2.4307 803.406 5.3412
200 20 1.361 2.415 803.252 4.8183
200 20 1.371 2.3979 803.052 4.3474
200 20 1.381 2.2927 801.74 4.302
200 20 1.391 2.3218 802.147 4.4072
200 20 1.401 2.2156 800.913 4.4176
200 20 1.411 2.1684 800.216 4.3676
200 20 1.421 2.2534 801.245 4.5576
200 20 1.431 2.0487 798.777 4.3626
200 20 1.441 2.1154 799.65 4.3501
200 20 1.451 2.0408 798.685 4.3042
200 20 1.461 1.9908 798.124 4.4639
200 20 1.471 1.9288 797.312 4.2817
200 20 1.481 1.926 797.276 4.1055
200 20 1.491 1.939 797.42 3.4688
200 20 1.501 1.8918 796.791 3.4558
200 20 1.511 1.8875 796.719 3.4981
200 20 1.521 1.8522 796.33 3.3309
200 20 1.531 1.8056 795.742 3.3334
200 20 1.541 1.7195 794.726 3.648
200 20 1.551 1.7419 794.947 4.0973
200 20 1.561 1.6762 794.194 3.879
200 20 1.571 1.6867 794.233 3.9014
200 20 1.581 1.6353 793.666 3.9123
200 20 1.591 1.6685 794.032 3.941
200 20 1.601 1.6451 793.821 3.8977
200 20 1.611 1.588 793.069 3.8229
200 20 1.621 1.597 793.195 3.8161
200 20 1.631 1.5667 792.792 3.8152
200 20 1.641 1.5688 792.777 3.7491
200 20 1.651 1.5512 792.616 3.7269
200 20 1.661 1.5253 792.27 3.6926
200 20 1.671 1.5229 792.242 3.7057
200 20 1.681 1.5015 792.029 3.6595
200 20 1.691 1.5164 792.18 3.7006
200 20 1.701 1.4646 791.547 3.6583
200 20 1.711 1.4616 791.565 3.6625
200 20 1.721 1.4551 791.433 3.642
200 20 1.731 1.4409 791.24 3.67
200 20 1.741 1.4329 791.128 3.622
200 20 1.751 1.4119 790.936 3.5569
200 20 1.761 1.3901 790.636 3.5645
200 20 1.771 1.3832 790.575 3.5373
200 20 1.781 1.3675 790.369 3.5495
200 20 1.791 1.3773 790.507 3.5379
200 20 1.801 1.3124 789.704 3.4539
200 20 1.811 1.3471 790.1 3.4304
200 20 1.821 1.3633 790.303 3.2064
200 20 1.831 1.3494 790.123 3.9347
200 20 1.841 1.3347 789.944 4.0762
200 20 1.851 1.3197 789.771 4.0289
200 20 1.861 1.3179 789.775 4.0502
200 20 1.871 1.2872 789.427 4.0759
200 20 1.881 1.2804 789.366 4.125
200 20 1.891 1.2793 789.311 3.7171
200 20 1.901 1.2726 789.243 3.7267
200 20 1.911 1.2928 789.486 3.373
200 20 1.921 1.2747 789.258 3.3513
200 20 1.931 1.2679 789.184 2.8403
200 20 1.941 1.2708 789.216 2.8806
200 20 1.951 1.2742 789.27 3.2481
200 20 1.961 1.2556 789.032 2.5426
200 20 1.971 1.2801 789.312 2.5304
200 20 1.981 1.2556 789.051 2.3925
200 20 1.991 1.2587 789.116 2.2843
200 30 0.001 1167.47 12431.1 2.5518
200 30 0.011 1117.25 11934.2 2.5863
200 30 0.021 1040.47 11174.3 2.7317
200 30 0.031 977.38 10550 2.9738
200 30 0.041 928.461 10065.9 3.0021
200 30 0.051 874.367 9530.55 3.0837
200 30 0.061 827.545 9067.41 3.3243
200 30 0.071 762.995 8428.56 3.4339
200 30 0.081 739.149 8192.61 3.5852
200 30 0.091 692.503 7731.05 3.7133
200 30 0.101 638.009 7191.95 3.8346
200 30 0.111 581.034 6628.58 3.9782
200 30 0.121 543.924 6261.35 4.1554
200 30 0.131 502.694 5853.62 4.2055
200 30 0.141 466.582 5496.38 4.2349
200 30 0.151 442.035 5253.71 4.4806
200 30 0.161 417.85 5014.3 4.431
200 30 0.171 379.272 4633.19 4.3676
200 30 0.181 360.555 4447.96 4.4784
200 30 0.191 327.021 4116.34 4.4479
200 30 0.201 291.295 3763.01 4.6032
200 30 0.211 260.219 3455.93 4.5696
200 30 0.221 250.632 3361.22 4.9878
200 30 0.231 232.822 3185.02 5.5325
200 30 0.241 214.742 3006.39 5.5113
200 30 0.251 192.792 2789.48 5.772
200 30 0.261 178.92 2652.55 5.8671
200 30 0.271 167.644 2541.02 5.8837
200 30 0.281 160.08 2466.48 5.651
200 30 0.291 136.263 2230.97 5.6291
200 30 0.301 130.82 2177.23 5.717
200 30 0.311 109.531 1966.92 5.5334
200 30 0.321 107.873 1950.8 5.8728
200 30 0.331 96.8553 1841.78 5.5668
200 30 0.341 90.9385 1783.25 5.8482
200 30 0.351 80.9772 1684.9 5.958
200 30 0.361 75.0934 1626.84 5.8577
200 30 0.371 70.2311 1578.8 5.8119
200 30 0.381 64.5552 1522.79 5.8112
200 30 0.391 61.2211 1489.76 5.5485
200 30 0.401 54.1409 1420.05 5.3585
200 30 0.411 48.8738 1368.08 4.8445
200 30 0.421 49.45 1373.79 4.7771
200 30 0.431 40.5442 1285.71 4.5826
200 30 0.441 39.1435 1272.16 4.6884
200 30 0.451 36.5851 1246.89 4.5758
200 30 0.461 36.0493 1241.67 4.6935
200 30 0.471 30.4706 1186.61 4.6482
200 30 0.481 31.7537 1199.33 4.6659
200 30 0.491 28.2581 1164.72 4.5769
200 30 0.501 28.2702 1165.06 4.5826
200 30 0.511 25.1282 1134.06 4.7716
200 30 0.521 23.0558 1113.56 4.9394
200 30 0.531 21.546 1098.57 4.4621
200 30 0.541 20.2183 1085.55 4.4427
200 30 0.551 19.4762 1078.13 4.4537
200 30 0.561 18.4035 1067.74 4.5027
200 30 0.571 16.4395 1048.21 4.4166
200 30 0.581 16.3609 1047.64 4.5162
200 30 0.591 15.8087 1042.06 4.4466
200 30 0.601 15.0577 1034.64 4.4094
200 30 0.611 14.2101 1026.48 4.4932
200 30 0.621 13.1108 1015.5 4.4237
200 30 0.631 12.9416 1013.9 4.4466
200 30 0.641 12.7512 1012.07 4.4183
200 30 0.651 11.9113 1003.63 4.357
200 30 0.661 11.6796 1001.37 4.3833
200 30 0.671 10.718 991.78 4.6151
200 30 0.681 10.8265 993.099 5.2545
200 30 0.691 10.6244 990.881 5.1645
200 30 0.701 10.1748 986.611 5.3677
200 30 0.711 10.0381 985.241 5.3379
200 30 0.721 9.2133 977.031 5.2072
200 30 0.731 8.97 974.717 4.4934
200 30 0.741 8.5411 970.32 4.4328
200 30 0.751 8.4902 969.775 4.4335
200 30 0.761 8.1832 966.772 4.4607
200 30 0.771 7.771 962.596 4.3624
200 30 0.781 7.9677 964.834 4.5177
200 30 0.791 7.8035 963.172 4.5574
200 30 0.801 7.4042 959.158 4.4543
200 30 0.811 7.0192 955.162 4.4917
200 30 0.821 6.7533 952.524 4.5392
200 30 0.831 6.722 952.242 4.5599
200 30 0.841 6.5486 950.52 4.6056
200 30 0.851 6.5473 950.744 4.7153
200 30 0.861 6.2546 947.682 4.8554
200 30 0.871 5.9303 944.453 5.18
200 30 0.881 6.0001 945.161 5.4201
200 30 0.891 5.7078 942.267 5.419
200 30 0.901 5.6373 941.53 5.3829
200 30 0.911 5.3428 938.509 5.3782
200 30 0.921 5.3455 938.581 5.4433
200 30 0.931 5.0571 935.667 5.4019
200 30 0.941 4.9996 935.077 5.4095
200 30 0.951 4.7354 932.346 5.3098
200 30 0.961 4.6673 931.785 5.4559
200 30 0.971 4.5666 930.744 5.4224
200 30 0.981 4.2251 927.21 5.2829
200 30 0.991 4.3123 928.165 5.3613
200 30 1.001 4.1582 926.587 5.3963
200 30 1.011 3.8994 923.91 5.3048
200 30 1.021 3.8362 923.365 5.3517
200 30 1.031 3.7682 922.695 5.3888
200 30 1.041 3.5426 920.344 5.2312
200 30 1.051 3.6208 921.244 5.3765
200 30 1.061 3.461 919.543 5.1653
200 30 1.071 3.4336 919.27 4.5465
200 30 1.081 3.2964 917.872 4.7087
200 30 1.091 3.2996 917.984 5.0917
200 30 1.101 3.2717 917.795 5.1693
200 30 1.111 3.1983 916.887 4.7119
200 30 1.121 3.1245 916.183 4.2804
200 30 1.131 3.0044 915.01 4.2458
200 30 1.141 2.9767 914.725 4.2557
200 30 1.151 2.9672 914.614 4.229
200 30 1.161 2.8814 913.742 4.2081
200 30 1.171 2.884 913.794 4.5288
200 30 1.181 2.7964 912.871 4.8431
200 30 1.191 2.7676 912.608 4.6653
200 30 1.201 2.6757 911.666 4.9064
200 30 1.211 2.7386 912.367 4.91
200 30 1.221 2.6301 911.252 5.001
200 30 1.231 2.6215 911.177 5.089
200 30 1.241 2.6084 910.998 5.0869
200 30 1.251 2.5044 909.964 5.0116
200 30 1.261 2.5089 910.009 5.0391
200 30 1.271 2.3915 908.758 4.9119
200 30 1.281 2.3056 907.9 4.8354
200 30 1.291 2.3798 908.717 4.9512
200 30 1.301 2.312 907.985 4.891
200 30 1.311 2.1595 906.33 4.7347
200 30 1.321 2.1982 906.802 4.7878
200 30 1.331 2.2072 906.89 4.7158
200 30 1.341 2.1754 906.579 3.9001
200 30 1.351 2.1398 906.222 4.3892
200 30 1.361 2.0832 905.638 4.391
200 30 1.371 2.0742 905.566 4.6449
200 30 1.381 2.1027 905.889 4.6366
200 30 1.391 2.0314 905.103 3.8285
200 30 1.401 1.9958 904.791 3.7367
200 30 1.411 1.9199 903.935 3.7017
200 30 1.421 1.9423 904.227 3.6871
200 30 1.431 1.8601 903.3 3.5712
200 30 1.441 1.8727 903.482 3.6423
200 30 1.451 1.8895 903.715 3.6204
200 30 1.461 1.7921 902.612 3.5172
200 30 1.471 1.7586 902.303 3.4443
200 30 1.481 1.8161 902.949 3.6284
200 30 1.491 1.7815 902.581 4.1447
200 30 1.501 1.6709 901.376 3.7586
200 30 1.511 1.6833 901.494 3.4752
200 30 1.521 1.6835 901.537 3.4471
200 30 1.531 1.6999 901.739 3.4517
200 30 1.541 1.6345 901.013 3.3713
200 30 1.551 1.6099 900.767 3.3086
200 30 1.561 1.628 900.966 3.376
200 30 1.571 1.5869 900.533 3.8037
200 30 1.581 1.5527 900.144 4.2836
200 30 1.591 1.5546 900.206 4.4106
200 30 1.601 1.5321 899.959 3.8714
200 30 1.611 1.5052 899.67 3.9267
200 30 1.621 1.5285 899.885 3.5461
200 30 1.631 1.5414 900.088 3.6599
200 30 1.641 1.4952 899.574 3.2851
200 30 1.651 1.5132 899.765 3.3189
200 30 1.661 1.469 899.256 3.2695
200 30 1.671 1.4814 899.443 3.3289
200 30 1.681 1.4265 898.809 3.2813
200 30 1.691 1.4548 899.154 3.26
200 30 1.701 1.4399 898.969 3.2188
200 30 1.711 1.4089 898.608 3.1285
200 30 1.721 1.3806 898.329 3.1128
200 30 1.731 1.3932 898.421 3.1303
200 30 1.741 1.3861 898.379 3.1216
200 30 1.751 1.3653 898.133 3.0798
200 30 1.761 1.3392 897.869 3.0674
200 30 1.771 1.3457 897.942 3.0586
200 30 1.781 1.3285 897.76 3.0504
200 30 1.791 1.338 897.855 3.0393
200 30 1.801 1.3347 897.831 3.0116
200 30 1.811 1.3139 897.592 3.0125
200 30 1.821 1.3069 897.514 3.1215
200 30 1.831 1.3223 897.698 3.0166
200 30 1.841 1.3175 897.649 3.4515
200 30 1.851 1.2995 897.45 2.9726
200 30 1.861 1.2879 897.314 2.8856
200 30 1.871 1.3052 897.53 3.4071
200 30 1.881 1.2693 897.124 4.0002
200 30 1.891 1.2826 897.28 4.0228
200 30 1.901 1.2855 897.328 4.024
200 30 1.911 1.2602 897.044 3.6056
200 30 1.921 1.2675 897.106 3.4491
200 30 1.931 1.2434 896.838 3.4874
200 30 1.941 1.2491 896.898 3.4365
200 30 1.951 1.2628 897.092 3.4176
200 30 1.961 1.2788 897.28 3.4175
200 30 1.971 1.266 897.12 2.8825
200 30 1.981 1.2636 897.1 3.7471
200 30 1.991 1.2763 897.255 3.844
200 40 0.001 1432.92 16353.6 3.3035
200 40 0.011 1362.78 15599.3 3.9819
200 40 0.021 1306.06 14990.7 4.58
200 40 0.031 1257.94 14475.1 5.3219
200 40 0.041 1148.26 13294.2 5.6277
200 40 0.051 1095.79 12729.2 6.7573
200 40 0.061 1002.53 11726.3 6.3945
200 40 0.071 950.295 11164.7 6.4803
200 40 0.081 863.206 10227.3 6.5473
200 40 0.091 790.936 9446.36 6.6829
200 40 0.101 725.001 8734.77 6.8628
200 40 0.111 672.588 8173.37 7.643
200 40 0.121 664.584 8087.59 7.5123
200 40 0.131 591.741 7302.64 7.4181
200 40 0.141 527.98 6612.52 7.6152
200 40 0.151 498.473 6294.36 7.8061
200 40 0.161 465.118 5933.14 7.9885
200 40 0.171 414.322 5385.61 7.9408
200 40 0.181 374.687 4956.95 7.9408
200 40 0.191 356.274 4758.39 8.5804
200 40 0.201 323.396 4402.27 8.6981
200 40 0.211 294.537 4090.55 8.6675
200 40 0.221 246.845 3573.88 8.4504
200 40 0.231 232.144 3414.78 8.4855
200 40 0.241 220.188 3284.9 8.4907
200 40 0.251 194.981 3012.72 8.4053
200 40 0.261 188.966 2946.75 8.4924
200 40 0.271 174.371 2788.05 8.3561
200 40 0.281 150.425 2529.28 8.5855
200 40 0.291 133.032 2339.83 8.2954
200 40 0.301 130.017 2307.61 8.2801
200 40 0.311 114.812 2142.39 7.9387
200 40 0.321 100.783 1989.88 7.8746
200 40 0.331 94.1692 1918.44 7.7391
200 40 0.341 87.3403 1843.46 7.8555
200 40 0.351 74.4952 1704.39 7.6953
200 40 0.361 69.1789 1646.22 7.6096
200 40 0.371 64.201 1592.22 7.5414
200 40 0.381 59.5989 1541.87 7.6126
200 40 0.391 52.1511 1461.01 8.6336
200 40 0.401 49.5636 1432.87 8.7402
200 40 0.411 44.4587 1377.4 8.5802
200 40 0.421 44.4479 1376.68 8.0551
200 40 0.431 36.5569 1291.04 7.3526
200 40 0.441 36.8881 1294.55 7.9717
200 40 0.451 32.3823 1245.71 17.0973
200 40 0.461 31.6855 1237.77 12.0274
200 40 0.471 28.5693 1203.57 13.1467
200 40 0.481 28.8175 1206.59 11.1983
200 40 0.491 24.4142 1158.21 7.2013
200 40 0.501 22.5397 1137.7 6.9674
200 40 0.511 21.3001 1124.25 7.4451
200 40 0.521 20.5136 1115.64 7.4757
200 40 0.531 18.0939 1088.99 6.8398
200 40 0.541 18.4037 1092.57 6.9535
200 40 0.551 18.3627 1091.98 7.0108
200 40 0.561 16.3305 1069.76 6.8961
200 40 0.571 15.7091 1062.89 6.8274
200 40 0.581 14.3935 1048.54 6.8586
200 40 0.591 13.9646 1043.79 6.8253
200 40 0.601 13.1792 1035.19 6.7718
200 40 0.611 11.7028 1019.06 6.7087
200 40 0.621 12.3278 1025.98 6.878
200 40 0.631 11.7634 1019.64 6.9344
200 40 0.641 11.2982 1014.54 7.3229
200 40 0.651 10.4289 1004.93 6.4295
200 40 0.661 10.7596 1008.47 6.6778
200 40 0.671 9.5553 995.281 6.9697
200 40 0.681 9.5873 995.665 6.6035
200 40 0.691 9.322 992.69 6.6387
200 40 0.701 8.9404 988.586 6.618
200 40 0.711 8.5792 984.555 6.4739
200 40 0.721 8.4421 983.019 7.326
200 40 0.731 8.3837 982.374 7.3138
200 40 0.741 7.9882 978.129 7.5844
200 40 0.751 7.765 975.491 7.0264
200 40 0.761 7.6153 973.807 6.5609
200 40 0.771 7.2075 969.383 6.5341
200 40 0.781 7.0818 967.922 6.5109
200 40 0.791 6.6993 963.703 6.4811
200 40 0.801 6.8541 965.349 6.5878
200 40 0.811 6.2058 958.217 6.4572
200 40 0.821 6.2849 959.084 6.5358
200 40 0.831 6.386 960.268 6.6402
200 40 0.841 6.085 956.793 6.5581
200 40 0.851 5.7791 953.425 7.1623
200 40 0.861 5.7127 952.623 6.4716
200 40 0.871 5.4154 949.374 6.4026
200 40 0.881 5.5149 950.475 6.4668
200 40 0.891 4.9735 944.349 6.3271
200 40 0.901 5.1965 946.902 6.4783
200 40 0.911 5.203 947.05 7.2941
200 40 0.921 4.8925 943.456 7.1162
200 40 0.931 4.6481 940.762 6.4365
200 40 0.941 4.5646 939.764 7.1106
200 40 0.951 4.3806 937.645 7.1925
200 40 0.961 4.2224 935.874 7.0896
200 40 0.971 4.21 935.714 6.7651
200 40 0.981 4.0717 934.247 6.2987
200 40 0.991 3.8348 931.481 6.3785
200 40 1.001 3.8424 931.653 6.1851
200 40 1.011 3.7135 930.138 6.3256
200 40 1.021 3.6257 929.188 6.1612
200 40 1.031 3.4916 927.599 6.0093
200 40 1.041 3.3888 926.447 5.9634
200 40 1.051 3.2181 924.536 5.86
200 40 1.061 3.2774 925.158 5.8916
200 40 1.071 3.1009 923.132 5.8647
200 40 1.081 3.1264 923.401 5.8335
200 40 1.091 2.9391 921.213 5.9916
200 40 1.101 2.9941 921.84 5.9959
200 40 1.111 2.8526 920.251 6.4413
200 40 1.121 2.8321 919.996 6.3096
200 40 1.131 2.9467 921.306 6.2141
200 40 1.141 2.8008 919.671 5.8875
200 40 1.151 2.6794 918.259 5.7176
200 40 1.161 2.5731 916.989 5.6365
200 40 1.171 2.5578 916.859 5.7204
200 40 1.181 2.6165 917.481 6.07
200 40 1.191 2.5339 916.587 6.096
200 40 1.201 2.4444 915.528 5.974
200 40 1.211 2.4076 915.053 5.3846
200 40 1.221 2.4118 915.144 5.5058
200 40 1.231 2.3297 914.192 5.5164
200 40 1.241 2.3286 914.126 6.0463
200 40 1.251 2.244 913.163 5.3833
200 40 1.261 2.2855 913.615 5.3981
200 40 1.271 2.1496 912.049 5.9183
200 40 1.281 2.2133 912.807 5.9564
200 40 1.291 2.0937 911.45 5.8008
200 40 1.301 2.0207 910.591 5.4409
200 40 1.311 2.0934 911.425 5.2876
200 40 1.321 2.0464 910.839 5.9184
200 40 1.331 2.0107 910.452 5.4037
200 40 1.341 1.9285 909.542 5.463
200 40 1.351 2.0204 910.602 5.7562
200 40 1.361 1.9198 909.393 5.1514
200 40 1.371 1.898 909.169 4.999
200 40 1.381 1.9309 909.555 5.2885
200 40 1.391 1.8652 908.834 4.9149
200 40 1.401 1.8152 908.253 4.8735
200 40 1.411 1.7572 907.517 4.7813
200 40 1.421 1.7715 907.726 4.7964
200 40 1.431 1.7281 907.234 4.92
200 40 1.441 1.7627 907.637 5.0931
200 40 1.451 1.7245 907.212 4.752
200 40 1.461 1.67 906.569 4.6531
200 40 1.471 1.696 906.855 4.6941
200 40 1.481 1.6642 906.518 4.703
200 40 1.491 1.6462 906.296 4.6241
200 40 1.501 1.6165 905.968 4.5747
200 40 1.511 1.5948 905.71 4.5221
200 40 1.521 1.5663 905.371 4.4787
200 40 1.531 1.552 905.233 4.4784
200 40 1.541 1.5131 904.797 4.3969
200 40 1.551 1.5204 904.849 4.374
200 40 1.561 1.4617 904.179 4.2542
200 40 1.571 1.4556 904.135 4.2496
200 40 1.581 1.4583 904.136 4.2652
200 40 1.591 1.4062 903.575 4.4593
200 40 1.601 1.3933 903.387 5.0243
200 40 1.611 1.393 903.358 4.8849
200 40 1.621 1.4164 903.645 4.1284
200 40 1.631 1.4171 903.642 4.3963
200 40 1.641 1.4318 903.826 4.0461
200 40 1.651 1.3929 903.381 3.9892
200 40 1.661 1.351 902.878 3.8641
200 40 1.671 1.3508 902.879 3.8476
200 40 1.681 1.3426 902.8 3.8254
200 40 1.691 1.3441 902.817 3.8934
200 40 1.701 1.3299 902.644 4.6164
200 40 1.711 1.3062 902.346 4.0574
200 40 1.721 1.3108 902.433 3.8604
200 40 1.731 1.2983 902.28 3.8552
200 40 1.741 1.2997 902.302 4.3018
200 40 1.751 1.2984 902.299 4.897
200 40 1.761 1.2789 902.038 4.852
200 40 1.771 1.2833 902.095 4.4483
200 40 1.781 1.2726 901.984 4.3149
200 40 1.791 1.2533 901.764 4.5967
200 40 1.801 1.2654 901.861 4.252
200 40 1.811 1.2577 901.786 3.7874
200 40 1.821 1.2056 901.167 3.7249
200 40 1.831 1.2343 901.504 3.7364
200 40 1.841 1.2459 901.671 3.7055
200 40 1.851 1.2289 901.445 3.6763
200 40 1.861 1.1845 900.94 3.6046
200 40 1.871 1.2146 901.264 3.6439
200 40 1.881 1.2211 901.379 3.6337
200 40 1.891 1.2022 901.138 3.6192
200 40 1.901 1.2205 901.33 3.6151
200 40 1.911 1.1858 900.938 3.5772
200 40 1.921 1.2014 901.144 3.5968
200 40 1.931 1.2016 901.121 3.9721
200 40 1.941 1.1953 901.056 3.7332
200 40 1.951 1.1973 901.077 4.2453
200 40 1.961 1.1831 900.937 3.8734
200 40 1.971 1.2035 901.163 3.5657
200 40 1.981 1.1921 901.018 3.5164
200 40 1.991 1.2054 901.189 3.4966
300 10 0.001 511.905 7388.49 1.3253
300 10 0.011 509.042 7354.2 1.4422
300 10 0.021 496.669 7204.28 1.5618
300 10 0.031 477.774 6974.48 1.661
300 10 0.041 476.414 6958.82 1.8044
300 10 0.051 461.551 6778.75 1.8974
300 10 0.061 465.887 6832.52 2.0768
300 10 0.071 449.216 6629.39 2.1184
300 10 0.081 446.48 6597 2.3084
300 10 0.091 425.076 6337.52 2.4876
300 10 0.101 422.83 6311.35 2.7098
300 10 0.111 411.874 6178.44 2.8104
300 10 0.121 416.067 6229.88 3.036
300 10 0.131 403.508 6077.79 3.2683
300 10 0.141 408.424 6138.13 4.8382
300 10 0.151 378.747 5777.48 4.3907
300 10 0.161 358.807 5535.56 3.8583
300 10 0.171 360.364 5555.35 4.1187
300 10 0.181 338.386 5287.62 4.3234
300 10 0.191 348.186 5408.02 4.5609
300 10 0.201 336.733 5268.45 4.7063
300 10 0.211 332.031 5212.3 4.9749
300 10 0.221 320.865 5076.68 5.1601
300 10 0.231 318.088 5041.48 5.2308
300 10 0.241 303.462 4865.74 5.6269
300 10 0.251 294.747 4759.93 5.7594
300 10 0.261 289.073 4691.02 6.0163
300 10 0.271 276.699 4541.01 6.1976
300 10 0.281 272.016 4484.64 6.529
300 10 0.291 266.458 4417.17 6.7398
300 10 0.301 246.95 4179.01 6.7051
300 10 0.311 245.751 4166.01 7.5363
300 10 0.321 238.518 4077.81 8.8509
300 10 0.331 236.352 4051.28 8.6999
300 10 0.341 226.352 3930.28 8.3554
300 10 0.351 223.428 3894.71 8.7944
300 10 0.361 211.79 3752.94 8.8788
300 10 0.371 202.865 3644.43 9.598
300 10 0.381 200.009 3609.92 10.4348
300 10 0.391 197.224 3576.49 10.1553
300 10 0.401 188.245 3467.54 9.6868
300 10 0.411 169.571 3238.44 8.5283
300 10 0.421 173.046 3281.75 9.0772
300 10 0.431 170.338 3249.19 9.3497
300 10 0.441 160.848 3133.82 9.7609
300 10 0.451 153.908 3049.34 9.92
300 10 0.461 151.918 3025.83 10.5103
300 10 0.471 148.475 2983.9 11.6343
300 10 0.481 142.242 2908.06 10.5941
300 10 0.491 138.951 2867.81 10.3905
300 10 0.501 136.351 2836.09 10.488
300 10 0.511 127.821 2731.52 10.5083
300 10 0.521 127.989 2734.3 11.0613
300 10 0.531 122.083 2662.2 11.0925
300 10 0.541 118.195 2614.87 11.3227
300 10 0.551 114.202 2565.71 11.3652
300 10 0.561 105.149 2455.08 11.222
300 10 0.571 103.659 2436.9 11.5833
300 10 0.581 93.3425 2311.96 11.6586
300 10 0.591 95.2535 2334.69 12.2864
300 10 0.601 89.1761 2259.91 11.7714
300 10 0.611 86.3492 2225.84 12.1533
300 10 0.621 87.5559 2240.76 12.469
300 10 0.631 81.0493 2160.28 12.0686
300 10 0.641 76.5928 2106.56 12.3295
300 10 0.651 76.7999 2109.02 12.7915
300 10 0.661 69.5407 2020.51 12.5539
300 10 0.671 66.4727 1983.08 12.7659
300 10 0.681 66.9387 1987.96 12.6705
300 10 0.691 65.8564 1975.67 13.0885
300 10 0.701 59.5421 1897.83 12.9115
300 10 0.711 57.7525 1875.67 12.956
300 10 0.721 52.8206 1815.2 13.7192
300 10 0.731 53.0588 1817.87 13.9236
300 10 0.741 49.0373 1768.8 13.9551
300 10 0.751 48.2744 1758.95 13.5828
300 10 0.761 47.5311 1750.22 13.0791
300 10 0.771 44.9394 1718.35 13.1157
300 10 0.781 41.4876 1676.88 13.8521
300 10 0.791 41.9102 1680.74 13.2541
300 10 0.801 41.2287 1672.76 13.0313
300 10 0.811 38.5537 1639.88 12.7736
300 10 0.821 35.8291 1606.23 12.6417
300 10 0.831 33.8232 1581.18 12.427
300 10 0.841 31.6066 1554.36 12.4436
300 10 0.851 31.2214 1548.67 12.2557
300 10 0.861 30.2736 1537.44 12.4014
300 10 0.871 27.5897 1503.92 12.595
300 10 0.881 26.9928 1496.97 12.5684
300 10 0.891 25.3713 1476.46 12.3056
300 10 0.901 25.1462 1474.23 13.1635
300 10 0.911 24.0623 1460.63 12.9025
300 10 0.921 22.4064 1439.94 12.1146
300 10 0.931 20.5199 1416.05 11.1713
300 10 0.941 20.0866 1411 11.2926
300 10 0.951 18.5233 1391.19 11.0171
300 10 0.961 18.5388 1391.94 11.2736
300 10 0.971 17.2725 1375.99 10.9602
300 10 0.981 16.2988 1364.39 11.0491
300 10 0.991 15.5308 1354.12 10.5186
300 10 1.001 15.2138 1350.17 10.498
300 10 1.011 13.6247 1329.89 9.9022
300 10 1.021 13.0924 1323.32 9.7951
300 10 1.031 12.4397 1315.68 9.9262
300 10 1.041 11.1354 1299.12 9.473
300 10 1.051 11.1024 1298.41 9.4099
300 10 1.061 10.8675 1295.5 9.3145
300 10 1.071 10.2699 1288.04 9.179
300 10 1.081 9.9223 1283.69 9.0724
300 10 1.091 9.1992 1274.2 8.6799
300 10 1.101 9.1738 1274.06 8.791
300 10 1.111 8.6593 1267.55 8.5119
300 10 1.121 7.9969 1258.7 8.0496
300 10 1.131 8.1684 1260.8 8.1447
300 10 1.141 7.6655 1254.65 7.9514
300 10 1.151 7.4823 1252.38 7.9536
300 10 1.161 7.2894 1249.97 7.8598
300 10 1.171 6.9883 1245.95 7.651
300 10 1.181 7.0618 1246.99 7.7595
300 10 1.191 6.6911 1242.12 7.466
300 10 1.201 6.3719 1237.91 7.2452
300 10 1.211 6.3003 1236.92 7.3
300 10 1.221 6.2219 1235.91 7.6984
300 10 1.231 5.8017 1230.26 7.2429
300 10 1.241 5.7348 1229.62 7.0486
300 10 1.251 5.3877 1224.99 6.7229
300 10 1.261 5.5732 1227.52 6.9306
300 10 1.271 5.4647 1225.96 6.7599
300 10 1.281 5.1937 1222.32 6.6079
300 10 1.291 5.1943 1222.38 6.5488
300 10 1.301 4.7766 1216.93 6.2567
300 10 1.311 4.7863 1216.92 6.1866
300 10 1.321 4.5954 1214.5 5.9274
300 10 1.331 4.5204 1213.4 5.9297
300 10 1.341 4.3024 1210.55 6.1426
300 10 1.351 4.2145 1209.18 5.614
300 10 1.361 4.0961 1207.59 5.8435
300 10 1.371 4.0419 1206.85 6.0613
300 10 1.381 4.0165 1206.66 6.0286
300 10 1.391 3.9829 1206.13 6.0156
300 10 1.401 3.8307 1204.04 5.8765
300 10 1.411 3.7735 1203.42 5.8371
300 10 1.421 3.5447 1200.09 5.4891
300 10 1.431 3.548 1200.19 5.572
300 10 1.441 3.4376 1198.57 5.4142
300 10 1.451 3.2754 1196.56 5.2896
300 10 1.461 3.2667 1196.28 4.8996
300 10 1.471 3.1793 1195.17 4.7319
300 10 1.481 3.1949 1195.33 5.1663
300 10 1.491 3.1315 1194.52 5.15
300 10 1.501 2.9855 1192.41 4.7699
300 10 1.511 2.9695 1192.24 4.2563
300 10 1.521 2.8933 1191.06 4.2289
300 10 1.531 2.787 1189.64 4.6696
300 10 1.541 2.7921 1189.62 4.2806
300 10 1.551 2.684 1188.15 4.0343
300 10 1.561 2.7165 1188.49 3.9834
300 10 1.571 2.5969 1186.84 4.3276
300 10 1.581 2.5237 1185.91 3.9218
300 10 1.591 2.4741 1185.22 3.7439
300 10 1.601 2.507 1185.61 3.7957
300 10 1.611 2.5149 1185.68 3.788
300 10 1.621 2.4652 1185 3.7473
300 10 1.631 2.4246 1184.43 3.7042
300 10 1.641 2.3672 1183.64 3.6197
300 10 1.651 2.3483 1183.3 3.5983
300 10 1.661 2.2894 1182.42 3.5445
300 10 1.671 2.2649 1182.14 3.4699
300 10 1.681 2.2525 1181.96 3.4639
300 10 1.691 2.1912 1181.07 3.3912
300 10 1.701 2.1079 1179.93 3.2894
300 10 1.711 2.1725 1180.75 3.3711
300 10 1.721 2.1958 1181.09 3.4419
300 10 1.731 2.0886 1179.56 3.3224
300 10 1.741 2.0713 1179.3 3.2592
300 10 1.751 2.0542 1178.92 3.633
300 10 1.761 2.0875 1179.37 3.6333
300 10 1.771 1.9922 1178.07 3.1698
300 10 1.781 2.0225 1178.47 3.206
300 10 1.791 1.9943 1178.04 3.1559
300 10 1.801 1.9201 1177.04 3.0762
300 10 1.811 1.9536 1177.35 3.1415
300 10 1.821 1.9441 1177.2 3.1268
300 10 1.831 1.9303 1177.03 3.144
300 10 1.841 1.8694 1176.06 3.0931
300 10 1.851 1.854 1175.86 3.0598
300 10 1.861 1.8797 1176.16 3.1326
300 10 1.871 1.8779 1176.09 3.09
300 10 1.881 1.835 1175.54 3.0252
300 10 1.891 1.8328 1175.42 2.9993
300 10 1.901 1.8477 1175.6 3.1713
300 10 1.911 1.8388 1175.4 3.3344
300 10 1.921 1.8295 1175.23 2.9727
300 10 1.931 1.7843 1174.63 2.9496
300 10 1.941 1.7971 1174.78 3.0077
300 10 1.951 1.8017 1174.82 2.9689
300 10 1.961 1.7542 1174.14 2.8822
300 10 1.971 1.7915 1174.59 2.9348
300 10 1.981 1.8138 1174.81 2.9349
300 10 1.991 1.7717 1174.17 2.8993
300 20 0.001 1212.89 13496.3 3.5237
300 20 0.011 1156.1 12905.6 3.1991
300 20 0.021 1146.47 12805.6 3.6035
300 20 0.031 1067.59 11985.3 4.4899
300 20 0.041 1022.2 11513.1 4.8597
300 20 0.051 1027.31 11566.5 4.9989
300 20 0.061 956.294 10828.2 5.1084
300 20 0.071 916.108 10410.2 5.2812
300 20 0.081 867.444 9904.1 5.5763
300 20 0.091 825.104 9464.12 5.6545
300 20 0.101 813.867 9347.35 5.3423
300 20 0.111 784.761 9044.64 5.3411
300 20 0.121 752.974 8714.44 5.774
300 20 0.131 690.166 8061.37 5.8495
300 20 0.141 654.673 7692.2 6.0108
300 20 0.151 614.147 7270.66 6.0958
300 20 0.161 599.128 7114.87 6.5022
300 20 0.171 586.288 6981.6 6.8716
300 20 0.181 566.272 6773.67 6.9858
300 20 0.191 521.033 6303.45 7.2075
300 20 0.201 501.055 6096.07 7.4015
300 20 0.211 467.338 5745.41 7.4444
300 20 0.221 445.245 5516.13 7.7315
300 20 0.231 414.465 5195.96 7.7358
300 20 0.241 402.096 5067.58 8.6319
300 20 0.251 375.073 4786.58 8.6819
300 20 0.261 353.744 4565.59 8.9038
300 20 0.271 334.873 4369.57 8.9309
300 20 0.281 311.151 4122.79 9.0447
300 20 0.291 299 3996.8 9.2519
300 20 0.301 279.902 3798.31 9.3034
300 20 0.311 246.811 3454.45 9.1504
300 20 0.321 242.274 3407.46 9.3456
300 20 0.331 234.812 3329.9 9.2391
300 20 0.341 216.568 3140.69 9.0892
300 20 0.351 214.849 3122.85 8.8782
300 20 0.361 186.214 2825.69 8.9455
300 20 0.371 191.043 2875.81 9.0222
300 20 0.381 174.145 2699.99 8.814
300 20 0.391 152.619 2476.51 8.713
300 20 0.401 150.852 2458.18 9.1947
300 20 0.411 141.806 2364.4 9.4583
300 20 0.421 130.61 2248.13 9.4016
300 20 0.431 122.421 2163.1 9.3438
300 20 0.441 115.241 2088.68 9.4634
300 20 0.451 112.498 2060.24 9.3617
300 20 0.461 103.321 1965.23 9.7677
300 20 0.471 96.9677 1899.3 9.5935
300 20 0.481 85.863 1783.7 8.9591
300 20 0.491 86.6907 1792.62 9.2819
300 20 0.501 81.1826 1735.22 9.3656
300 20 0.511 74.5565 1666.78 9.4144
300 20 0.521 68.2193 1600.73 9.217
300 20 0.531 65.3905 1571.53 9.1991
300 20 0.541 61.0153 1525.89 8.9348
300 20 0.551 59.5501 1511.34 9.1106
300 20 0.561 54.4849 1458.15 9.0625
300 20 0.571 50.9658 1421.85 9.0182
300 20 0.581 48.3468 1394.59 8.938
300 20 0.591 48.1551 1392.91 9.1651
300 20 0.601 44.6961 1357.06 9.0658
300 20 0.611 40.8422 1316.98 9.0535
300 20 0.621 37.2929 1279.65 8.6253
300 20 0.631 35.1605 1257.52 8.6403
300 20 0.641 34.0295 1245.98 8.6813
300 20 0.651 33.6466 1242.14 8.784
300 20 0.661 31.2486 1217.27 8.6429
300 20 0.671 28.0927 1184.41 8.4311
300 20 0.681 28.8911 1192.85 8.6473
300 20 0.691 27.0414 1173.59 8.6814
300 20 0.701 25.6585 1159.35 8.6446
300 20 0.711 25.5039 1157.75 8.7361
300 20 0.721 23.4362 1135.76 8.3442
300 20 0.731 22.8643 1129.91 8.5095
300 20 0.741 21.4779 1116.04 8.8029
300 20 0.751 20.197 1102.32 8.6732
300 20 0.761 19.0769 1090.65 8.6986
300 20 0.771 19.7539 1098.03 9.0808
300 20 0.781 17.7609 1077.02 9.091
300 20 0.791 17.1781 1070.87 9.0456
300 20 0.801 15.6992 1055.11 8.5706
300 20 0.811 15.3432 1051.73 8.3755
300 20 0.821 15.1096 1049.38 8.4992
300 20 0.831 14.1614 1039.45 8.4052
300 20 0.841 14.2198 1040.14 8.5859
300 20 0.851 13.0408 1027.61 8.3334
300 20 0.861 12.9531 1026.71 8.3012
300 20 0.871 12.2671 1019.47 8.2719
300 20 0.881 12.2754 1019.66 8.2163
300 20 0.891 11.7826 1014.25 8.0708
300 20 0.901 10.9269 1005.05 7.7976
300 20 0.911 10.7846 1003.89 7.961
300 20 0.921 10.5227 1001.08 8.1981
300 20 0.931 10.1249 996.956 8.0551
300 20 0.941 9.6067 991.205 7.6708
300 20 0.951 8.8683 983.061 7.4209
300 20 0.961 9.3051 988.157 7.7081
300 20 0.971 8.77 982.43 7.6886
300 20 0.981 8.3877 978.18 7.7355
300 20 0.991 8.4827 979.378 8.3195
300 20 1.001 7.811 972.196 8.0458
300 20 1.011 7.6915 970.758 7.9407
300 20 1.021 7.3293 966.889 7.9633
300 20 1.031 7.174 965.269 7.9224
300 20 1.041 6.8342 961.637 7.8755
300 20 1.051 6.3692 956.307 7.5465
300 20 1.061 6.3741 956.552 7.7956
300 20 1.071 6.3121 956.007 7.9173
300 20 1.081 6.1576 954.236 7.8681
300 20 1.091 5.9028 951.322 7.6799
300 20 1.101 5.8737 951.201 7.7455
300 20 1.111 5.6933 949.19 6.9766
300 20 1.121 5.5565 947.607 7.2814
300 20 1.131 5.2892 944.584 7.3121
300 20 1.141 5.1276 942.741 7.2106
300 20 1.151 5.1355 942.976 7.26
300 20 1.161 5.0104 941.488 7.192
300 20 1.171 5.0152 941.562 7.2546
300 20 1.181 4.9396 940.9 7.2812
300 20 1.191 4.7349 938.494 7.1349
300 20 1.201 4.8588 939.985 7.2637
300 20 1.211 4.5462 936.209 6.9883
300 20 1.221 4.5403 936.202 7.0552
300 20 1.231 4.2834 933.277 6.9224
300 20 1.241 4.3523 934.143 6.8365
300 20 1.251 4.3202 933.814 6.8121
300 20 1.261 4.2174 932.635 6.855
300 20 1.271 4.046 930.578 7.1509
300 20 1.281 4.1878 932.327 7.2891
300 20 1.291 3.8912 928.891 7.0483
300 20 1.301 3.7961 927.743 6.982
300 20 1.311 3.8603 928.536 7.0746
300 20 1.321 3.8109 927.9 7.0819
300 20 1.331 3.6364 925.906 6.889
300 20 1.341 3.4899 924.169 6.7281
300 20 1.351 3.5019 924.374 6.7823
300 20 1.361 3.4493 923.705 6.2532
300 20 1.371 3.3631 922.665 5.7599
300 20 1.381 3.2833 921.731 5.6205
300 20 1.391 3.2614 921.557 5.6132
300 20 1.401 3.193 920.652 5.6553
300 20 1.411 3.1241 919.831 5.6853
300 20 1.421 3.0894 919.425 6.3291
300 20 1.431 3.0463 918.954 6.2931
300 20 1.441 3.0372 918.783 6.3131
300 20 1.451 2.9414 917.618 6.2101
300 20 1.461 2.797 915.919 6.0827
300 20 1.471 2.9059 917.276 6.163
300 20 1.481 2.7419 915.224 5.953
300 20 1.491 2.7623 915.443 5.9917
300 20 1.501 2.6667 914.336 5.3735
300 20 1.511 2.6431 913.963 4.9839
300 20 1.521 2.6482 914.046 4.977
300 20 1.531 2.545 912.702 4.8281
300 20 1.541 2.568 913.04 5.5954
300 20 1.551 2.4567 911.699 5.6766
300 20 1.561 2.4711 911.855 5.6354
300 20 1.571 2.4062 911.115 5.317
300 20 1.581 2.3568 910.473 5.0007
300 20 1.591 2.344 910.306 4.8219
300 20 1.601 2.2707 909.369 4.5431
300 20 1.611 2.2996 909.709 5.11
300 20 1.621 2.3032 909.808 5.1704
300 20 1.631 2.2235 908.811 5.0217
300 20 1.641 2.1635 908.092 4.9802
300 20 1.651 2.2075 908.573 5.079
300 20 1.661 2.155 907.953 4.9859
300 20 1.671 2.1385 907.806 4.9853
300 20 1.681 2.1434 907.826 5.0105
300 20 1.691 2.1143 907.5 5.0329
300 20 1.701 2.0789 906.979 5.0741
300 20 1.711 2.1216 907.507 4.942
300 20 1.721 2.0375 906.514 4.8726
300 20 1.731 1.9983 906.091 4.8525
300 20 1.741 1.9954 906.006 4.8942
300 20 1.751 2.0365 906.494 4.9648
300 20 1.761 1.9459 905.36 4.876
300 20 1.771 1.974 905.749 4.3854
300 20 1.781 1.9166 905.029 3.8764
300 20 1.791 1.9216 905.072 3.986
300 20 1.801 1.9365 905.244 4.3022
300 20 1.811 1.927 905.171 4.6112
300 20 1.821 1.8897 904.763 4.3541
300 20 1.831 1.8546 904.321 4.1132
300 20 1.841 1.853 904.288 4.1426
300 20 1.851 1.8396 904.124 3.7083
300 20 1.861 1.8105 903.808 3.299
300 20 1.871 1.8138 903.867 3.219
300 20 1.881 1.8681 904.441 3.3352
300 20 1.891 1.8048 903.694 3.1968
300 20 1.901 1.7888 903.532 3.1715
300 20 1.911 1.785 903.478 3.3651
300 20 1.921 1.8238 903.947 3.4284
300 20 1.931 1.762 903.213 3.4706
300 20 1.941 1.8094 903.754 3.4375
300 20 1.951 1.7766 903.406 3.5684
300 20 1.961 1.7693 903.288 3.2229
300 20 1.971 1.7788 903.429 3.2036
300 20 1.981 1.7889 903.546 3.5059
300 20 1.991 1.7517 903.113 3.3583
300 30 0.001 1831.68 19064.9 4.3097
300 30 0.011 1716.46 17924.4 4.4848
300 30 0.021 1687.72 17639.9 4.8754
300 30 0.031 1595.69 16728.9 5.0271
300 30 0.041 1457.37 15360 5.0711
300 30 0.051 1395.63 14748.8 5.3083
300 30 0.061 1318.82 13988.4 5.534
300 30 0.071 1245.08 13258.8 5.7199
300 30 0.081 1145.7 12275.1 5.8651
300 30 0.091 1079.44 11619.7 5.9387
300 30 0.101 1014.34 10975.4 6.1293
300 30 0.111 919.499 10036.6 6.3109
300 30 0.121 866.489 9512.58 6.2975
300 30 0.131 802.951 8883.74 6.4524
300 30 0.141 752.026 8380.31 6.6881
300 30 0.151 714.66 8010.56 6.6767
300 30 0.161 612.295 6997.91 6.6393
300 30 0.171 580.38 6682.26 6.5774
300 30 0.181 530.376 6187.1 6.7139
300 30 0.191 504.364 5930.36 6.858
300 30 0.201 480.005 5689.73 6.8471
300 30 0.211 427.298 5168.15 6.6889
300 30 0.221 368.303 4584.56 6.8925
300 30 0.231 370.888 4610.59 7.2682
300 30 0.241 336.455 4270.06 7.2742
300 30 0.251 300.939 3918.75 7.1453
300 30 0.261 278.826 3700.27 7.1531
300 30 0.271 251.754 3432.68 7.199
300 30 0.281 239.662 3313.07 7.2011
300 30 0.291 206.426 2984.65 7.1001
300 30 0.301 199.338 2914.64 7.2333
300 30 0.311 179.146 2715.03 7.1762
300 30 0.321 160.327 2529.18 7.1978
300 30 0.331 151.238 2439.24 7.1096
300 30 0.341 144.538 2373.2 7.3093
300 30 0.351 121.617 2146.9 7.241
300 30 0.361 116.675 2098.02 7.2256
300 30 0.371 110.734 2039.48 7.2966
300 30 0.381 102.075 1953.94 7.1567
300 30 0.391 93.5214 1869.4 7.1185
300 30 0.401 85.5141 1790.47 7.1849
300 30 0.411 74.3262 1679.67 6.9462
300 30 0.421 75.0748 1687.35 7.1632
300 30 0.431 65.1936 1589.26 6.5208
300 30 0.441 60.7275 1545.93 6.2456
300 30 0.451 55.384 1492.79 6.054
300 30 0.461 56.5118 1504.28 6.2006
300 30 0.471 49.8005 1437.65 6.3382
300 30 0.481 46.7811 1408.35 6.2073
300 30 0.491 43.4768 1375.8 6.1519
300 30 0.501 39.5027 1336.29 6.0333
300 30 0.511 38.7567 1329.05 6.0549
300 30 0.521 35.1339 1293.19 5.9704
300 30 0.531 33.6526 1278.34 6.0219
300 30 0.541 30.6158 1248.59 5.877
300 30 0.551 30.6172 1248.75 5.9793
300 30 0.561 27.4319 1217.02 5.7869
300 30 0.571 26.9825 1213.15 6.0059
300 30 0.581 25.7145 1200.4 5.9642
300 30 0.591 23.2194 1175.66 5.6996
300 30 0.601 21.359 1157.32 5.6854
300 30 0.611 22.3924 1168.11 5.877
300 30 0.621 20.5068 1149.07 5.699
300 30 0.631 20.0271 1144.48 6.0535
300 30 0.641 19.1081 1135.11 5.9501
300 30 0.651 18.6425 1130.72 6.0425
300 30 0.661 17.2596 1116.92 5.9667
300 30 0.671 17.4547 1119.16 6.5143
300 30 0.681 16.1756 1106.2 5.9352
300 30 0.691 15.2949 1097.73 5.9246
300 30 0.701 14.9349 1094.29 5.8569
300 30 0.711 14.1994 1086.46 5.6904
300 30 0.721 13.5825 1080.38 6.2552
300 30 0.731 13.8795 1083.63 6.1587
300 30 0.741 13.6436 1081.63 6.4534
300 30 0.751 12.9966 1075.07 6.2924
300 30 0.761 12.5249 1070.55 6.373
300 30 0.771 11.8632 1063.7 6.1867
300 30 0.781 11.63 1061.34 6.1872
300 30 0.791 11.2515 1057.84 6.2404
300 30 0.801 10.9027 1054.27 5.7611
300 30 0.811 10.4312 1049.61 5.7878
300 30 0.821 10.4137 1049.48 5.8104
300 30 0.831 10.0188 1045.69 6.1727
300 30 0.841 10.1053 1046.7 6.5142
300 30 0.851 9.2476 1037.94 5.7931
300 30 0.861 9.0466 1035.92 5.5663
300 30 0.871 8.784 1033.28 5.5539
300 30 0.881 8.9299 1035.19 5.8356
300 30 0.891 8.1338 1026.84 6.0054
300 30 0.901 8.3843 1029.71 5.8223
300 30 0.911 8.1398 1027.38 5.8651
300 30 0.921 7.557 1021.23 5.7145
300 30 0.931 7.4737 1020.48 5.6503
300 30 0.941 7.3723 1019.89 5.9917
300 30 0.951 7.0084 1016.07 6.0316
300 30 0.961 6.8081 1013.94 5.6323
300 30 0.971 6.6391 1012.37 5.6812
300 30 0.981 6.5186 1011.55 6.0479
300 30 0.991 6.46 1010.99 6.2313
300 30 1.001 6.3739 1010.55 6.3524
300 30 1.011 5.9409 1005.91 6.2181
300 30 1.021 5.9142 1005.86 6.2685
300 30 1.031 5.7443 1004.22 6.2091
300 30 1.041 5.4844 1001.57 6.1288
300 30 1.051 5.4224 1001.4 6.2756
300 30 1.061 5.1346 998.335 6.1266
300 30 1.071 5.0521 997.503 6.1642
300 30 1.081 5.0625 997.659 6.1776
300 30 1.091 4.8481 995.455 6.0588
300 30 1.101 4.7553 994.727 6.1327
300 30 1.111 4.6877 994.06 6.4603
300 30 1.121 4.7585 994.934 6.4815
300 30 1.131 4.6415 993.761 6.0624
300 30 1.141 4.3682 990.738 5.8868
300 30 1.151 4.3826 991.133 5.8757
300 30 1.161 4.4257 991.65 5.9117
300 30 1.171 4.227 989.631 5.7485
300 30 1.181 4.1752 989.234 5.7497
300 30 1.191 4.1273 988.928 5.8986
300 30 1.201 3.9826 987.333 5.9027
300 30 1.211 4.04 988.084 5.9555
300 30 1.221 3.8181 985.516 5.7779
300 30 1.231 3.7512 984.918 5.763
300 30 1.241 3.6736 984.114 5.6598
300 30 1.251 3.5712 983.297 5.6405
300 30 1.261 3.6267 983.903 5.6687
300 30 1.271 3.5517 983.029 5.5726
300 30 1.281 3.4739 982.405 5.535
300 30 1.291 3.277 980.04 5.4028
300 30 1.301 3.3348 981.082 5.4585
300 30 1.311 3.3452 981.346 5.472
300 30 1.321 3.3353 981.405 5.5517
300 30 1.331 3.3098 981.168 5.4855
300 30 1.341 3.1421 979.21 5.3426
300 30 1.351 3.0883 978.888 5.3693
300 30 1.361 2.99 977.693 5.2892
300 30 1.371 3.0409 978.646 5.3738
300 30 1.381 2.9176 977.141 5.2474
300 30 1.391 2.9826 978.155 5.373
300 30 1.401 2.9898 978.429 5.4151
300 30 1.411 2.8527 976.787 5.2656
300 30 1.421 2.8417 976.861 5.2738
300 30 1.431 2.7877 976.233 5.2095
300 30 1.441 2.7454 976.022 5.3311
300 30 1.451 2.7547 976.471 4.8431
300 30 1.461 2.6091 974.763 4.6299
300 30 1.471 2.628 974.977 4.6705
300 30 1.481 2.556 974.193 4.6407
300 30 1.491 2.5224 974.053 4.5947
300 30 1.501 2.475 973.453 4.565
300 30 1.511 2.4281 973.103 4.4501
300 30 1.521 2.4441 973.4 4.4623
300 30 1.531 2.3998 972.92 4.3923
300 30 1.541 2.3882 972.928 4.4112
300 30 1.551 2.3787 972.954 4.3564
300 30 1.561 2.3367 972.569 4.3998
300 30 1.571 2.2442 971.463 4.2747
300 30 1.581 2.2219 971.342 4.2616
300 30 1.591 2.1933 971.06 4.2174
300 30 1.601 2.203 971.387 4.3268
300 30 1.611 2.177 971.02 4.1759
300 30 1.621 2.1303 970.604 4.1044
300 30 1.631 2.1513 970.913 4.1027
300 30 1.641 2.1444 971.067 4.0737
300 30 1.651 2.11 970.543 4.0852
300 30 1.661 2.0647 969.97 3.9694
300 30 1.671 2.1163 970.842 4.0573
300 30 1.681 2.0663 970.279 4.0436
300 30 1.691 1.9888 969.454 3.8944
300 30 1.701 2.0076 969.649 3.8981
300 30 1.711 1.9767 969.441 3.9085
300 30 1.721 1.9559 969.254 3.8786
300 30 1.731 1.9868 969.719 3.9045
300 30 1.741 1.9292 969.048 3.8572
300 30 1.751 1.9479 969.45 3.8722
300 30 1.761 1.9397 969.432 3.9065
300 30 1.771 1.903 969.049 4.0083
300 30 1.781 1.897 969.025 4.1405
300 30 1.791 1.8786 968.878 3.8591
300 30 1.801 1.8808 969.131 3.8152
300 30 1.811 1.8428 968.675 3.7479
300 30 1.821 1.8424 968.727 3.733
300 30 1.831 1.848 968.878 3.7749
300 30 1.841 1.8763 969.456 3.7951
300 30 1.851 1.8342 969.037 3.791
300 30 1.861 1.7938 968.353 3.986
300 30 1.871 1.786 968.365 3.8511
300 30 1.881 1.7735 968.253 4.1605
300 30 1.891 1.7822 968.48 4.3017
300 30 1.901 1.742 967.932 4.088
300 30 1.911 1.7677 968.488 4.1002
300 30 1.921 1.7645 968.492 3.9383
300 30 1.931 1.758 968.332 4.005
300 30 1.941 1.7563 968.44 3.6308
300 30 1.951 1.7367 968.174 3.6847
300 30 1.961 1.7394 968.334 3.6071
300 30 1.971 1.7305 968.426 3.5881
300 30 1.981 1.736 968.534 3.5766
300 30 1.991 1.7762 969.027 3.6271
300 40 0.001 2332.22 26113.5 3.633
300 40 0.011 2338.73 26187 4.4293
300 40 0.021 2150.74 24164.9 4.8841
300 40 0.031 2017.2 22729.3 5.4099
300 40 0.041 1884.27 21298.6 6.0378
300 40 0.051 1730.77 19647.9 6.5398
300 40 0.061 1609.75 18347.4 7.0885
300 40 0.071 1538.93 17584.4 7.5617
300 40 0.081 1398.53 16071.7 8.618
300 40 0.091 1282.92 14826.6 8.9613
300 40 0.101 1182.92 13750.7 9.0444
300 40 0.111 1124.75 13123.9 9.6256
300 40 0.121 1031.76 12120.4 9.5566
300 40 0.131 924.262 10961.1 9.7333
300 40 0.141 829.807 9940.96 9.4228
300 40 0.151 808.682 9711.9 9.6281
300 40 0.161 715.972 8711.84 9.6172
300 40 0.171 643.851 7932.99 9.4614
300 40 0.181 600.42 7462.21 9.5664
300 40 0.191 584.101 7286.31 9.8259
300 40 0.201 512.251 6509.96 9.5074
300 40 0.211 447.75 5811.89 9.8846
300 40 0.221 419.861 5512.85 10.6715
300 40 0.231 398.641 5281.58 10.6314
300 40 0.241 359.014 4852.81 10.6862
300 40 0.251 309.579 4317.48 10.1284
300 40 0.261 280.3 3999.52 9.3674
300 40 0.271 278.36 3977.65 9.4792
300 40 0.281 248.544 3654.41 9.4877
300 40 0.291 212.965 3269.41 9.7109
300 40 0.301 186.99 2986.38 10.2959
300 40 0.311 178.108 2890.12 9.1895
300 40 0.321 159.877 2693.09 9.0814
300 40 0.331 148.3 2567.11 9.2069
300 40 0.341 129.001 2357.97 9.0643
300 40 0.351 117.107 2228.07 8.9265
300 40 0.361 107.122 2119.53 8.695
300 40 0.371 104.032 2086.04 9.5551
300 40 0.381 95.9609 1998.74 9.992
300 40 0.391 89.9565 1932.89 9.9945
300 40 0.401 76.648 1788.15 9.8752
300 40 0.411 72.6721 1744.96 8.7799
300 40 0.421 64.5081 1655.85 8.5867
300 40 0.431 65.0631 1662.02 8.595
300 40 0.441 57.9117 1584.54 8.6221
300 40 0.451 51.2627 1511.99 8.5997
300 40 0.461 49.946 1497.16 8.4853
300 40 0.471 43.3292 1424.9 8.347
300 40 0.481 40.3786 1393.27 8.3164
300 40 0.491 39.3696 1382.15 8.41
300 40 0.501 34.6012 1330.13 8.1299
300 40 0.511 31.9662 1301.17 7.983
300 40 0.521 31.3483 1294.58 8.121
300 40 0.531 28.5828 1264.25 7.9755
300 40 0.541 28.1583 1259.58 8.1891
300 40 0.551 25.8092 1234.02 8.4634
300 40 0.561 24.6188 1220.67 7.9344
300 40 0.571 24.2259 1216.72 8.8754
300 40 0.581 23.2769 1206.08 8.0678
300 40 0.591 21.4255 1186.02 7.9823
300 40 0.601 20.6601 1177.82 7.9875
300 40 0.611 19.9819 1170.1 7.9079
300 40 0.621 17.7936 1146.19 7.8007
300 40 0.631 17.8773 1147.11 7.8116
300 40 0.641 16.7482 1134.81 7.7862
300 40 0.651 16.2503 1129.37 7.8361
300 40 0.661 15.0231 1115.81 7.7702
300 40 0.671 15.781 1124.4 8.0993
300 40 0.681 14.8915 1114.46 8.0048
300 40 0.691 14.8184 1113.76 8.0756
300 40 0.701 13.7376 1101.85 7.8736
300 40 0.711 13.4032 1098.37 7.9387
300 40 0.721 12.8854 1092.58 7.9786
300 40 0.731 12.4324 1087.62 7.9625
300 40 0.741 12.5965 1089.31 7.9413
300 40 0.751 11.943 1082.15 7.9274
300 40 0.761 11.4317 1076.71 7.9031
300 40 0.771 11.2163 1074.18 7.8864
300 40 0.781 10.5917 1067.21 7.8786
300 40 0.791 10.2539 1063.78 7.9901
300 40 0.801 10.1803 1062.91 7.985
300 40 0.811 9.9879 1060.75 8.437
300 40 0.821 9.4572 1054.73 8.3022
300 40 0.831 9.4655 1055.1 7.7398
300 40 0.841 9.1094 1051.15 7.7936
300 40 0.851 8.41 1043.29 7.869
300 40 0.861 8.726 1047.2 7.8313
300 40 0.871 8.2435 1041.55 7.6258
300 40 0.881 8.2854 1042.35 7.7635
300 40 0.891 7.9417 1038.6 7.7216
300 40 0.901 7.5342 1034.03 7.6258
300 40 0.911 7.1889 1030.07 7.4959
300 40 0.921 7.2099 1030.49 7.8968
300 40 0.931 6.9244 1027.35 7.9211
300 40 0.941 7.1008 1029.44 7.914
300 40 0.951 6.9094 1027.52 8.3547
300 40 0.961 6.3638 1021.27 7.8546
300 40 0.971 6.2935 1020.56 8.0465
300 40 0.981 6.1803 1019.59 7.6898
300 40 0.991 6.2044 1019.97 7.6707
300 40 1.001 5.7636 1014.92 7.3914
300 40 1.011 5.6772 1014.17 7.8315
300 40 1.021 5.4295 1011.43 7.6325
300 40 1.031 5.4474 1011.91 7.0967
300 40 1.041 5.0291 1007.03 7.3536
300 40 1.051 4.9355 1006.27 7.3441
300 40 1.061 4.7724 1004.21 7.5649
300 40 1.071 4.7246 1003.94 7.0983
300 40 1.081 4.7973 1004.85 7.1948
300 40 1.091 4.5935 1002.5 7.0741
300 40 1.101 4.5479 1002.06 7.1402
300 40 1.111 4.4313 1000.85 7.0595
300 40 1.121 4.2896 999.217 6.9561
300 40 1.131 4.2772 999.228 6.9873
300 40 1.141 4.1875 998.101 6.9205
300 40 1.151 4.1254 997.527 6.8865
300 40 1.161 4.0954 997.11 7.3243
300 40 1.171 4.0746 997.077 6.9757
300 40 1.181 3.9295 995.465 6.8327
300 40 1.191 3.9027 995.232 7.1692
300 40 1.201 3.6842 992.559 6.8238
300 40 1.211 3.8744 995.022 7.2675
300 40 1.221 3.6842 992.867 6.8573
300 40 1.231 3.5938 991.871 6.8101
300 40 1.241 3.5156 990.898 6.7579
300 40 1.251 3.4479 990.232 6.7349
300 40 1.261 3.4237 990.081 6.8981
300 40 1.271 3.3326 988.979 6.4486
300 40 1.281 3.3409 989.206 6.4526
300 40 1.291 3.2855 988.592 6.7348
300 40 1.301 3.1671 987.17 6.9504
300 40 1.311 3.1916 987.652 6.4145
300 40 1.321 3.058 985.945 6.2168
300 40 1.331 3.0629 985.997 6.4336
300 40 1.341 3.0452 986.045 6.2903
300 40 1.351 2.9145 984.224 6.0981
300 40 1.361 2.9598 985.148 6.1446
300 40 1.371 2.8327 983.661 6.5225
300 40 1.381 2.8945 984.415 6.6003
300 40 1.391 2.8944 984.516 6.7509
300 40 1.401 2.811 983.576 6.8329
300 40 1.411 2.7117 982.349 6.6238
300 40 1.421 2.7025 982.186 6.3103
300 40 1.431 2.6269 981.427 6.1476
300 40 1.441 2.6527 981.911 6.2528
300 40 1.451 2.5291 980.268 6.0967
300 40 1.461 2.5677 980.816 6.0529
300 40 1.471 2.4729 979.509 6.0533
300 40 1.481 2.4809 979.799 5.9344
300 40 1.491 2.4742 979.981 6.0656
300 40 1.501 2.3867 978.864 6.024
300 40 1.511 2.3038 977.871 5.9614
300 40 1.521 2.3063 977.884 5.9546
300 40 1.531 2.3406 978.334 6.0841
300 40 1.541 2.1978 976.605 5.7715
300 40 1.551 2.1882 976.564 5.8838
300 40 1.561 2.1768 976.519 6.0979
300 40 1.571 2.1639 976.387 6.013
300 40 1.581 2.1635 976.435 6.0304
300 40 1.591 2.2063 977.1 6.1006
300 40 1.601 2.1356 976.175 5.9555
300 40 1.611 2.0844 975.36 5.6132
300 40 1.621 2.072 975.36 5.2637
300 40 1.631 2.0412 975.059 5.1137
300 40 1.641 2.0569 975.336 5.097
300 40 1.651 2.0452 975.087 5.4391
300 40 1.661 2.0961 975.969 5.8783
300 40 1.671 1.964 973.908 4.9268
300 40 1.681 1.9342 973.617 4.8426
300 40 1.691 1.9198 973.485 4.7892
300 40 1.701 1.8627 972.56 5.078
300 40 1.711 1.9337 973.79 5.0517
300 40 1.721 1.9564 974.138 5.1933
300 40 1.731 1.8654 972.785 5.0296
300 40 1.741 1.8949 973.272 5.0284
300 40 1.751 1.8673 972.981 4.9371
300 40 1.761 1.8109 972.11 4.8245
300 40 1.771 1.7711 971.536 4.7395
300 40 1.781 1.833 972.59 4.8541
300 40 1.791 1.7867 971.97 4.8883
300 40 1.801 1.7848 971.872 4.6653
300 40 1.811 1.7886 972.012 4.9757
300 40 1.821 1.7702 971.646 5.0978
300 40 1.831 1.7268 971.104 5.37
300 40 1.841 1.7588 971.702 5.2683
300 40 1.851 1.732 971.233 4.5428
300 40 1.861 1.7088 970.872 5.0669
300 40 1.871 1.7187 971.075 4.5796
300 40 1.881 1.7038 970.821 4.5326
300 40 1.891 1.719 971.084 4.8493
300 40 1.901 1.7055 971.027 4.5036
300 40 1.911 1.6711 970.389 4.4575
300 40 1.921 1.6911 970.815 4.4734
300 40 1.931 1.6603 970.305 4.3989
300 40 1.941 1.6587 970.302 4.4188
300 40 1.951 1.665 970.49 4.9633
300 40 1.961 1.6989 970.98 5.3246
300 40 1.971 1.6544 970.253 4.8049
300 40 1.981 1.6512 970.355 4.4925
300 40 1.991 1.6795 970.689 4.5429
400 10 0.001 666.814 9532.58 1.5073
400 10 0.011 701.606 9957.84 1.5728
400 10 0.021 670.144 9574.89 1.7019
400 10 0.031 676.758 9656.79 2.1493
400 10 0.041 654.765 9390.64 3.1072
400 10 0.051 621.931 8990.47 3.2098
400 10 0.061 632.347 9118.86 3.5365
400 10 0.071 590.722 8612.87 3.6964
400 10 0.081 592.502 8634.87 3.9241
400 10 0.091 573.123 8399.1 4.2435
400 10 0.101 554.467 8173.35 4.0103
400 10 0.111 553.315 8160.46 4.0107
400 10 0.121 525.609 7823.02 3.8912
400 10 0.131 538.865 7986.77 4.1336
400 10 0.141 531.121 7893.17 4.4462
400 10 0.151 525.595 7827.2 4.6672
400 10 0.161 512.461 7668.09 4.9143
400 10 0.171 493.199 7433.71 5.1445
400 10 0.181 476.111 7227.36 5.4726
400 10 0.191 465.886 7101.6 5.5059
400 10 0.201 446.351 6864.98 5.7423
400 10 0.211 445.924 6860.15 6.0709
400 10 0.221 422.796 6579.12 6.2739
400 10 0.231 407.77 6396.45 6.3847
400 10 0.241 397.331 6269.32 6.6485
400 10 0.251 392.119 6208.34 7.107
400 10 0.261 390.99 6194.36 7.4253
400 10 0.271 363.828 5864.02 7.7654
400 10 0.281 364.924 5878.63 9.6316
400 10 0.291 353.079 5736.01 9.8553
400 10 0.301 340.827 5585.65 8.6712
400 10 0.311 328.06 5430.63 8.8425
400 10 0.321 322.972 5368.43 9.1281
400 10 0.331 322.562 5364.95 9.5201
400 10 0.341 305.918 5160.09 9.5022
400 10 0.351 297.546 5059.54 9.829
400 10 0.361 280.873 4857.46 10.0884
400 10 0.371 282.71 4879.62 10.392
400 10 0.381 267.245 4691.24 12.1574
400 10 0.391 261.948 4627.27 12.1216
400 10 0.401 255.811 4554.39 13.108
400 10 0.411 242.762 4394.33 13.2122
400 10 0.421 223.775 4162.48 13.0208
400 10 0.431 227.628 4210.21 13.5889
400 10 0.441 230.393 4244.74 14.2353
400 10 0.451 213.334 4036.45 14.0047
400 10 0.461 196.477 3830.61 12.9981
400 10 0.471 201.972 3898.03 13.6953
400 10 0.481 192.782 3784.47 13.5746
400 10 0.491 186.138 3705.16 14.1121
400 10 0.501 177.852 3604.69 14.2968
400 10 0.511 171.155 3522.78 14.4019
400 10 0.521 166.594 3466.38 14.5618
400 10 0.531 165.518 3453.55 15.0461
400 10 0.541 158.773 3371.73 15.27
400 10 0.551 144.641 3196.82 14.6909
400 10 0.561 144.62 3198.58 15.5315
400 10 0.571 135.5 3087.35 15.5977
400 10 0.581 129.291 3011.23 15.7073
400 10 0.591 123.77 2944.04 15.7751
400 10 0.601 121.642 2917.58 15.9363
400 10 0.611 112.823 2809.55 15.7218
400 10 0.621 115.432 2842.59 16.3578
400 10 0.631 111.214 2790.31 15.9936
400 10 0.641 104.925 2714.18 16.1968
400 10 0.651 93.2411 2570.51 15.8026
400 10 0.661 94.6671 2587.97 16.0401
400 10 0.671 90.7417 2539.86 16.276
400 10 0.681 87.1391 2495.46 16.1475
400 10 0.691 83.2634 2448.91 16.5078
400 10 0.701 78.7557 2392.78 16.1831
400 10 0.711 76.0307 2360.38 16.6458
400 10 0.721 73.3402 2325.94 16.7529
400 10 0.731 73.1154 2323.97 16.5223
400 10 0.741 67.5959 2255.49 16.2425
400 10 0.751 62.4663 2192.68 16.041
400 10 0.761 60.9193 2173.97 16.2909
400 10 0.771 60.1103 2164.19 16.6496
400 10 0.781 56.0641 2114.53 16.3599
400 10 0.791 51.8905 2061.72 15.5824
400 10 0.801 52.2053 2066.61 17.1295
400 10 0.811 50.1704 2040.97 16.7387
400 10 0.821 46.4038 1994.39 16.67
400 10 0.831 43.5341 1959.59 16.5316
400 10 0.841 41.9129 1939.67 16.0473
400 10 0.851 40.2946 1919.08 15.7623
400 10 0.861 37.6589 1886.72 15.8201
400 10 0.871 38.5763 1897.31 15.576
400 10 0.881 35.0581 1854.71 15.4516
400 10 0.891 34.1042 1842.6 15.4256
400 10 0.901 33.3477 1833.56 15.5759
400 10 0.911 30.5568 1798.84 15.2953
400 10 0.921 30.6697 1800.63 15.4777
400 10 0.931 28.7738 1776.77 15.1479
400 10 0.941 28.0417 1767.5 14.9156
400 10 0.951 25.1373 1731.06 14.2954
400 10 0.961 25.2593 1733.69 14.9459
400 10 0.971 23.2375 1707.14 14.1277
400 10 0.981 22.4079 1697.48 14.0592
400 10 0.991 20.3012 1671.09 13.6993
400 10 1.001 18.9873 1654.38 13.0354
400 10 1.011 18.466 1647.96 13.2953
400 10 1.021 17.1672 1631.92 12.8533
400 10 1.031 16.8527 1628.07 13.0262
400 10 1.041 16.065 1617.63 12.3579
400 10 1.051 14.6402 1599.95 12.0295
400 10 1.061 13.8744 1589.71 11.5015
400 10 1.071 13.647 1587.04 11.5645
400 10 1.081 13.0597 1579.69 11.4047
400 10 1.091 12.9074 1577.91 11.4412
400 10 1.101 11.9749 1565.91 10.9091
400 10 1.111 11.5934 1561.07 10.807
400 10 1.121 10.7812 1550.78 10.4697
400 10 1.131 10.2924 1543.99 10.0692
400 10 1.141 10.3703 1545.39 10.3624
400 10 1.151 9.8465 1538.49 9.9447
400 10 1.161 10.1161 1542.07 10.1071
400 10 1.171 9.1909 1530.42 9.6412
400 10 1.181 9.1704 1529.73 9.593
400 10 1.191 8.7792 1524.77 9.3386
400 10 1.201 8.551 1521.77 9.216
400 10 1.211 8.2422 1517.81 9.2087
400 10 1.221 8.0321 1514.99 9.5056
400 10 1.231 8.1001 1515.64 9.2874
400 10 1.241 7.8191 1512.24 8.9283
400 10 1.251 7.491 1507.98 8.6612
400 10 1.261 7.0027 1501.35 8.2269
400 10 1.271 7.1439 1503.44 8.4311
400 10 1.281 6.8519 1499.75 8.2047
400 10 1.291 6.6337 1496.83 8.1587
400 10 1.301 6.2383 1491.59 7.8006
400 10 1.311 6.0685 1489.07 7.5805
400 10 1.321 6.0831 1489.26 7.6149
400 10 1.331 5.9143 1487.08 7.4564
400 10 1.341 5.7561 1484.93 7.3508
400 10 1.351 5.6221 1483.23 7.1959
400 10 1.361 5.1937 1477.48 7.067
400 10 1.371 5.3769 1479.82 7.5411
400 10 1.381 5.2193 1477.84 7.4334
400 10 1.391 5.0105 1474.92 7.2219
400 10 1.401 5.1077 1476.46 7.3808
400 10 1.411 4.6512 1470.15 6.9005
400 10 1.421 4.8306 1472.61 7.0612
400 10 1.431 4.5854 1469.27 6.7745
400 10 1.441 4.5293 1468.58 6.7442
400 10 1.451 4.2398 1464.48 6.347
400 10 1.461 4.223 1464.26 6.3313
400 10 1.471 4.2679 1464.84 6.4043
400 10 1.481 4.1073 1462.8 6.1448
400 10 1.491 3.9717 1460.84 6.0313
400 10 1.501 3.9945 1461.17 5.9149
400 10 1.511 3.9049 1460 5.6889
400 10 1.521 3.7117 1457.33 5.4923
400 10 1.531 3.5882 1455.65 5.357
400 10 1.541 3.589 1455.72 5.1799
400 10 1.551 3.5666 1455.41 5.0498
400 10 1.561 3.4975 1454.38 5.43
400 10 1.571 3.3674 1452.71 5.3407
400 10 1.581 3.3753 1452.8 5.2852
400 10 1.591 3.2249 1450.69 4.8156
400 10 1.601 3.1955 1450.22 4.657
400 10 1.611 3.0793 1448.68 4.7689
400 10 1.621 3.192 1450.25 4.9827
400 10 1.631 3.0784 1448.61 4.7938
400 10 1.641 3.0664 1448.44 4.3436
400 10 1.651 2.9868 1447.28 4.271
400 10 1.661 2.9673 1447.07 4.2353
400 10 1.671 2.9119 1446.15 4.4773
400 10 1.681 2.924 1446.44 4.2405
400 10 1.691 2.8843 1445.85 4.2629
400 10 1.701 2.7972 1444.5 4.3016
400 10 1.711 2.8033 1444.68 4.4721
400 10 1.721 2.792 1444.64 4.0491
400 10 1.731 2.7169 1443.46 3.9797
400 10 1.741 2.6618 1442.71 3.9212
400 10 1.751 2.6708 1442.77 3.899
400 10 1.761 2.6049 1441.93 3.8366
400 10 1.771 2.6113 1441.95 3.8524
400 10 1.781 2.5535 1441.1 3.795
400 10 1.791 2.568 1441.41 3.8062
400 10 1.801 2.5141 1440.55 3.7464
400 10 1.811 2.5069 1440.42 3.7245
400 10 1.821 2.4988 1440.35 3.719
400 10 1.831 2.423 1439.32 3.6026
400 10 1.841 2.4195 1439.29 3.5894
400 10 1.851 2.4412 1439.5 3.6213
400 10 1.861 2.3894 1438.85 3.5781
400 10 1.871 2.3579 1438.29 3.5455
400 10 1.881 2.3235 1437.84 3.4721
400 10 1.891 2.3847 1438.65 3.5495
400 10 1.901 2.3492 1438.26 3.5033
400 10 1.911 2.3143 1437.71 3.4687
400 10 1.921 2.323 1437.85 3.4886
400 10 1.931 2.2805 1437.34 3.4192
400 10 1.941 2.2837 1437.36 3.4307
400 10 1.951 2.3238 1437.86 3.6211
400 10 1.961 2.2736 1437.22 3.7589
400 10 1.971 2.2517 1436.88 3.6261
400 10 1.981 2.2635 1437.1 3.4778
400 10 1.991 2.2686 1437.25 3.4607
400 20 0.001 1572.62 17348.4 3.4083
400 20 0.011 1574.23 17365.2 4.0858
400 20 0.021 1514.79 16747 4.6254
400 20 0.031 1452.97 16104.1 5.0139
400 20 0.041 1428.62 15850.8 5.2578
400 20 0.051 1339.51 14924 5.467
400 20 0.061 1318.87 14709.3 5.8568
400 20 0.071 1267.42 14174.4 5.9634
400 20 0.081 1258.17 14078.4 6.6344
400 20 0.091 1156.85 13024.4 5.8135
400 20 0.101 1126.15 12705.5 5.5275
400 20 0.111 1031.65 11722.4 5.4028
400 20 0.121 971.36 11095.7 5.827
400 20 0.131 973.572 11119.1 6.2957
400 20 0.141 909.422 10452.2 7.6811
400 20 0.151 868.136 10022.5 7.4667
400 20 0.161 805.096 9367.28 7.7142
400 20 0.171 793.677 9248.6 8.199
400 20 0.181 753.502 8831.13 7.7683
400 20 0.191 712.669 8406.75 8.7723
400 20 0.201 650.948 7765.04 8.9715
400 20 0.211 618.343 7426.22 8.8903
400 20 0.221 612.99 7370.94 8.6003
400 20 0.231 578.064 7008.07 8.9074
400 20 0.241 533.358 6542.94 9.0195
400 20 0.251 511.573 6317.02 9.4242
400 20 0.261 480.34 5991.79 9.4074
400 20 0.271 451.012 5687.69 9.884
400 20 0.281 420.566 5371.1 9.8853
400 20 0.291 388.886 5042.1 10.0859
400 20 0.301 382.322 4974 10.3521
400 20 0.311 360.718 4749.34 10.3353
400 20 0.321 330.284 4433.33 10.3259
400 20 0.331 314.365 4268.37 10.512
400 20 0.341 294.595 4062.55 10.3886
400 20 0.351 295.328 4071.29 11.0538
400 20 0.361 258.126 3684.22 10.4942
400 20 0.371 234.197 3435.84 10.5462
400 20 0.381 228.176 3373.31 10.9369
400 20 0.391 216.973 3256.5 10.8856
400 20 0.401 204.867 3130.68 10.8491
400 20 0.411 184.694 2921.64 11.4722
400 20 0.421 175.442 2825.07 11.4604
400 20 0.431 160.617 2671.73 11.1993
400 20 0.441 161.588 2681.44 11.3954
400 20 0.451 149.469 2556.3 11.5727
400 20 0.461 142.302 2481.89 12.0019
400 20 0.471 128.914 2342.48 11.7601
400 20 0.481 122.292 2273.93 11.6606
400 20 0.491 111.194 2159.36 11.9097
400 20 0.501 105.701 2101.49 11.7841
400 20 0.511 102.195 2065.53 11.8133
400 20 0.521 95.9917 2001.03 11.6172
400 20 0.531 89.7471 1936.51 11.5254
400 20 0.541 86.0286 1897.84 11.378
400 20 0.551 80.2137 1837.56 11.4665
400 20 0.561 73.0564 1762.97 10.7778
400 20 0.571 70.7099 1738.72 10.855
400 20 0.581 69.8508 1729.53 10.7424
400 20 0.591 61.0097 1637.44 10.3715
400 20 0.601 56.7563 1593.76 10.386
400 20 0.611 57.5768 1602.33 10.5353
400 20 0.621 52.0619 1545.14 10.4959
400 20 0.631 50.3523 1527.08 10.3839
400 20 0.641 48.1919 1504.66 10.3391
400 20 0.651 43.4572 1455.44 10.013
400 20 0.661 43.1159 1452.53 10.4033
400 20 0.671 40.3369 1423.55 10.3987
400 20 0.681 39.3195 1413.3 10.8615
400 20 0.691 35.7246 1375.07 10.4767
400 20 0.701 34.8296 1366.07 10.6649
400 20 0.711 32.3596 1340.41 10.4166
400 20 0.721 31.31 1329.37 10.5087
400 20 0.731 29.0513 1305.76 10.2905
400 20 0.741 28.3388 1298.41 10.2421
400 20 0.751 27.3137 1287.69 10.2556
400 20 0.761 25.3084 1266.54 9.9871
400 20 0.771 23.1476 1243.99 9.7682
400 20 0.781 23.6699 1249.63 10.0085
400 20 0.791 22.177 1233.8 9.8387
400 20 0.801 22.2174 1234.85 10.0941
400 20 0.811 21.3865 1226.16 10.2075
400 20 0.821 20.0751 1212.18 10.0223
400 20 0.831 19.186 1202.34 9.6054
400 20 0.841 18.2504 1193.07 9.7239
400 20 0.851 18.4781 1195.46 9.9101
400 20 0.861 16.5165 1174.54 9.4989
400 20 0.871 15.7064 1166.01 9.3502
400 20 0.881 16.0177 1169.48 9.5583
400 20 0.891 15.5926 1165.03 9.6373
400 20 0.901 15.1362 1160.44 9.7849
400 20 0.911 15.1531 1160.8 9.9719
400 20 0.921 13.8267 1146.28 9.5742
400 20 0.931 13.6354 1144.36 9.652
400 20 0.941 13.0486 1138.21 9.5816
400 20 0.951 12.3005 1129.87 9.3398
400 20 0.961 12.204 1129.19 9.4233
400 20 0.971 11.3072 1119.44 9.1568
400 20 0.981 11.4379 1121.03 9.0009
400 20 0.991 10.7847 1113.93 9.2822
400 20 1.001 10.5 1110.87 8.8286
400 20 1.011 9.8515 1103.7 8.5989
400 20 1.021 9.5623 1100.55 8.7872
400 20 1.031 9.4399 1099.56 9.6186
400 20 1.041 8.9862 1094.37 9.2142
400 20 1.051 8.7725 1092.09 9.2732
400 20 1.061 8.8786 1093.52 8.6915
400 20 1.071 8.2992 1086.9 8.403
400 20 1.081 8.173 1085.79 9.0226
400 20 1.091 7.7704 1081.3 9.3381
400 20 1.101 7.7065 1080.61 9.2656
400 20 1.111 7.7072 1080.74 9.4102
400 20 1.121 7.3998 1077.19 9.2392
400 20 1.131 7.1959 1074.88 9.1825
400 20 1.141 6.9381 1072.04 9.0615
400 20 1.151 6.9673 1072.4 9.1429
400 20 1.161 6.7293 1069.88 8.5887
400 20 1.171 6.704 1069.52 8.6416
400 20 1.181 6.4086 1066.16 8.7411
400 20 1.191 6.3321 1065.38 8.3944
400 20 1.201 6.1077 1062.76 8.1485
400 20 1.211 5.909 1060.5 7.9155
400 20 1.221 5.993 1061.53 7.9856
400 20 1.231 5.861 1060.03 7.8893
400 20 1.241 5.6497 1057.54 7.7522
400 20 1.251 5.4999 1055.93 7.6607
400 20 1.261 5.5618 1056.66 7.7005
400 20 1.271 5.5319 1056.33 8.1285
400 20 1.281 5.2748 1053.33 8.1118
400 20 1.291 5.2765 1053.34 8.2173
400 20 1.301 5.0594 1050.94 8.0713
400 20 1.311 4.9432 1049.52 7.9638
400 20 1.321 4.9381 1049.46 7.9398
400 20 1.331 4.9738 1049.94 7.9388
400 20 1.341 4.7354 1047.08 7.6815
400 20 1.351 4.6271 1045.82 7.589
400 20 1.361 4.5853 1045.29 7.4176
400 20 1.371 4.4823 1044.07 7.2793
400 20 1.381 4.4495 1043.62 6.8508
400 20 1.391 4.223 1041.04 6.9282
400 20 1.401 4.2887 1041.77 7.1026
400 20 1.411 4.134 1039.99 6.8256
400 20 1.421 4.0626 1039.11 6.2207
400 20 1.431 4.0141 1038.57 6.6727
400 20 1.441 4.0641 1039.18 6.3345
400 20 1.451 3.8553 1036.74 6.15
400 20 1.461 3.7137 1034.94 5.8728
400 20 1.471 3.8125 1036.15 6.2006
400 20 1.481 3.6169 1033.8 6.3537
400 20 1.491 3.5987 1033.51 6.4021
400 20 1.501 3.4906 1032.19 6.2886
400 20 1.511 3.4724 1032.06 5.9656
400 20 1.521 3.4006 1031.2 6.1558
400 20 1.531 3.3878 1031.01 6.4599
400 20 1.541 3.3909 1031.08 6.4468
400 20 1.551 3.2527 1029.36 6.3723
400 20 1.561 3.2569 1029.37 6.0277
400 20 1.571 3.1487 1028.12 5.3956
400 20 1.581 3.0526 1026.87 5.7087
400 20 1.591 3.032 1026.64 5.1155
400 20 1.601 2.9896 1026.1 5.5669
400 20 1.611 2.8998 1024.97 5.5205
400 20 1.621 2.9524 1025.68 5.5236
400 20 1.631 2.8592 1024.55 5.3211
400 20 1.641 2.8724 1024.71 5.1763
400 20 1.651 2.8289 1024.15 5.4432
400 20 1.661 2.7361 1023.05 5.0336
400 20 1.671 2.6801 1022.37 5.1899
400 20 1.681 2.8061 1023.82 5.6702
400 20 1.691 2.7494 1023.12 5.6052
400 20 1.701 2.6946 1022.53 5.7336
400 20 1.711 2.68 1022.32 5.6055
400 20 1.721 2.6445 1021.85 5.5918
400 20 1.731 2.6267 1021.65 5.5098
400 20 1.741 2.6335 1021.71 5.4705
400 20 1.751 2.6415 1021.83 5.4354
400 20 1.761 2.5471 1020.68 5.3727
400 20 1.771 2.5452 1020.68 5.3966
400 20 1.781 2.5203 1020.4 5.0826
400 20 1.791 2.4944 1020.05 5.0995
400 20 1.801 2.4804 1019.87 4.9411
400 20 1.811 2.5067 1020.2 4.8449
400 20 1.821 2.4008 1018.97 4.3579
400 20 1.831 2.4074 1019.03 4.4223
400 20 1.841 2.3864 1018.73 4.4076
400 20 1.851 2.3618 1018.52 4.3198
400 20 1.861 2.3522 1018.39 4.3623
400 20 1.871 2.3239 1018.06 4.2509
400 20 1.881 2.3424 1018.27 4.2146
400 20 1.891 2.3477 1018.29 4.7563
400 20 1.901 2.3256 1018.11 4.7746
400 20 1.911 2.3263 1018.05 4.8754
400 20 1.921 2.2657 1017.34 4.7865
400 20 1.931 2.2814 1017.54 4.7961
400 20 1.941 2.2675 1017.39 4.8165
400 20 1.951 2.2538 1017.23 4.821
400 20 1.961 2.2748 1017.48 3.9614
400 20 1.971 2.265 1017.37 3.9299
400 20 1.981 2.2671 1017.39 3.8593
400 20 1.991 2.2537 1017.25 3.7506
400 30 0.001 2552.52 26272.5 2.8993
400 30 0.011 2426.91 25029 3.2847
400 30 0.021 2288.62 23660.1 3.5578
400 30 0.031 2190.4 22687.8 3.9667
400 30 0.041 2087.52 21669.3 4.3239
400 30 0.051 1945.85 20267.1 4.4932
400 30 0.061 1769.48 18521.2 4.5275
400 30 0.071 1689.62 17730.8 4.8791
400 30 0.081 1594.97 16794.2 5.0167
400 30 0.091 1465.33 15510.7 5.3195
400 30 0.101 1352.68 14396 5.3903
400 30 0.111 1269.66 13574.4 5.5729
400 30 0.121 1181.31 12700.5 6.0562
400 30 0.131 1102.19 11917.5 6.8423
400 30 0.141 1055.09 11451.6 7.7101
400 30 0.151 923.961 10154.6 7.8198
400 30 0.161 891.357 9831.75 7.2685
400 30 0.171 825.807 9183.52 7.0572
400 30 0.181 739.431 8328.66 7.2488
400 30 0.191 705.627 7994.45 7.2624
400 30 0.201 637.905 7324.76 7.3532
400 30 0.211 613.262 7081.26 7.7627
400 30 0.221 539.386 6350.09 7.4645
400 30 0.231 506.485 6024.85 7.5101
400 30 0.241 458.749 5553.04 7.5168
400 30 0.251 430.04 5268.79 7.7894
400 30 0.261 375.947 4734.04 7.4859
400 30 0.271 368.328 4659.27 7.9381
400 30 0.281 303.171 4014.31 8.0112
400 30 0.291 290.276 3887.3 7.8531
400 30 0.301 269.544 3682.59 8.1179
400 30 0.311 242.558 3415.14 7.718
400 30 0.321 228.963 3281.2 7.8111
400 30 0.331 217.622 3169.31 7.9416
400 30 0.341 186.131 2857.92 7.944
400 30 0.351 186.815 2865.27 8.1483
400 30 0.361 153.197 2532.79 7.9888
400 30 0.371 146.72 2468.62 8.0581
400 30 0.381 137.637 2379.22 7.9674
400 30 0.391 125.214 2256.24 7.9013
400 30 0.401 119.44 2199.3 8.366
400 30 0.411 111.205 2118.08 8.5471
400 30 0.421 100.599 2013.74 8.6995
400 30 0.431 89.0322 1898.86 8.4482
400 30 0.441 85.3122 1862.23 8.231
400 30 0.451 74.3566 1754.1 8.217
400 30 0.461 75.0331 1761.3 8.0304
400 30 0.471 69.9287 1710.86 7.8859
400 30 0.481 58.9655 1601.88 7.9891
400 30 0.491 56.6271 1579.3 8.2564
400 30 0.501 50.6522 1520.17 8.0966
400 30 0.511 50.9107 1522.68 7.9769
400 30 0.521 46.5834 1479.98 7.5501
400 30 0.531 46.5535 1480.02 7.6926
400 30 0.541 40.4097 1418.77 7.3941
400 30 0.551 39.892 1413.98 7.5657
400 30 0.561 37.2894 1388.1 7.4899
400 30 0.571 34.4437 1359.98 7.4718
400 30 0.581 34.4152 1359.8 7.7226
400 30 0.591 31.8082 1334.05 7.4451
400 30 0.601 30.8452 1324.74 7.4206
400 30 0.611 28.1313 1297.28 7.2223
400 30 0.621 27.147 1288.1 7.5542
400 30 0.631 26.5952 1282.62 7.6602
400 30 0.641 24.7671 1264.33 7.0821
400 30 0.651 24.9402 1266.33 7.2398
400 30 0.661 24.2244 1259.54 7.3628
400 30 0.671 22.4426 1241.68 7.2208
400 30 0.681 21.2978 1230.17 7.1543
400 30 0.691 21.467 1232.19 7.4921
400 30 0.701 19.863 1215.84 7.2827
400 30 0.711 19.0094 1207.33 7.2601
400 30 0.721 19.0701 1208.29 7.814
400 30 0.731 19.0045 1207.98 8.0877
400 30 0.741 17.7075 1194.8 7.9586
400 30 0.751 16.2171 1179.34 7.671
400 30 0.761 16.2939 1180.5 7.817
400 30 0.771 15.8195 1175.81 7.8482
400 30 0.781 15.752 1175.37 7.9821
400 30 0.791 14.4818 1162.32 7.7922
400 30 0.801 15.0675 1168.66 8.0078
400 30 0.811 13.9131 1156.88 7.7946
400 30 0.821 13.8441 1156.36 7.9204
400 30 0.831 13.5994 1153.9 7.7734
400 30 0.841 13.2837 1150.82 7.6319
400 30 0.851 12.5788 1143.58 7.5115
400 30 0.861 12.6998 1144.98 7.5921
400 30 0.871 11.834 1136.06 7.4337
400 30 0.881 11.9231 1137.16 7.6569
400 30 0.891 10.9768 1127.44 7.6361
400 30 0.901 10.6397 1123.99 7.4393
400 30 0.911 10.6722 1124.48 7.3869
400 30 0.921 10.4038 1122.11 7.6826
400 30 0.931 9.8735 1116.29 7.7774
400 30 0.941 9.7365 1115.17 7.8575
400 30 0.951 9.4622 1112.53 7.8584
400 30 0.961 8.961 1107.15 7.3109
400 30 0.971 8.953 1107.3 7.4327
400 30 0.981 8.383 1101.33 7.4137
400 30 0.991 8.423 1101.95 7.8306
400 30 1.001 8.1968 1099.71 7.9137
400 30 1.011 8.0008 1097.92 7.9764
400 30 1.021 7.4823 1092.36 7.7937
400 30 1.031 7.4712 1092.45 7.9175
400 30 1.041 7.3839 1091.76 7.9623
400 30 1.051 7.0205 1087.77 7.8039
400 30 1.061 7.0134 1087.9 7.9203
400 30 1.071 6.7821 1085.49 7.8447
400 30 1.081 6.5648 1083.26 7.8028
400 30 1.091 6.5026 1082.69 7.8333
400 30 1.101 6.1522 1078.77 7.6511
400 30 1.111 6.1176 1078.5 7.6888
400 30 1.121 6.0655 1078.16 7.4748
400 30 1.131 5.9782 1077.24 7.2365
400 30 1.141 5.8867 1076.34 6.9647
400 30 1.151 5.6829 1074.2 6.7771
400 30 1.161 5.5082 1072.32 6.9026
400 30 1.171 5.5883 1073.27 6.7986
400 30 1.181 5.5005 1072.28 6.9063
400 30 1.191 5.3818 1071.11 7.173
400 30 1.201 5.3224 1070.51 7.2197
400 30 1.211 5.2542 1069.85 6.8403
400 30 1.221 5.0282 1067.36 6.6708
400 30 1.231 4.9814 1066.81 6.6472
400 30 1.241 4.9159 1066.12 6.6524
400 30 1.251 4.701 1063.86 6.6825
400 30 1.261 4.7091 1064.03 6.892
400 30 1.271 4.5011 1061.63 6.6792
400 30 1.281 4.6506 1063.46 6.7725
400 30 1.291 4.4871 1061.56 6.6711
400 30 1.301 4.4613 1061.38 6.7493
400 30 1.311 4.3909 1060.6 6.6229
400 30 1.321 4.296 1059.57 6.3344
400 30 1.331 4.258 1059.18 6.6694
400 30 1.341 4.1705 1058.27 6.6244
400 30 1.351 4.1378 1057.77 6.5157
400 30 1.361 4.0238 1056.52 6.241
400 30 1.371 3.8931 1055.09 5.9933
400 30 1.381 3.8541 1054.51 5.9821
400 30 1.391 3.8704 1054.82 6.0302
400 30 1.401 3.6887 1052.72 5.8714
400 30 1.411 3.6671 1052.61 5.8104
400 30 1.421 3.5557 1051.15 5.7245
400 30 1.431 3.6974 1052.96 5.9447
400 30 1.441 3.5059 1050.67 5.7462
400 30 1.451 3.508 1050.67 5.7483
400 30 1.461 3.3383 1048.69 5.5794
400 30 1.471 3.3743 1049.07 5.5481
400 30 1.481 3.275 1047.94 5.4718
400 30 1.491 3.2971 1048.17 6.0503
400 30 1.501 3.253 1047.73 5.441
400 30 1.511 3.1332 1046.31 5.256
400 30 1.521 3.0824 1045.68 5.2385
400 30 1.531 3.1146 1046.02 5.2721
400 30 1.541 3.0595 1045.37 5.5345
400 30 1.551 2.9849 1044.41 5.8362
400 30 1.561 2.9054 1043.45 5.6824
400 30 1.571 2.889 1043.2 5.1923
400 30 1.581 2.8267 1042.5 5.6259
400 30 1.591 2.7979 1042.19 5.6079
400 30 1.601 2.8023 1042.14 5.5614
400 30 1.611 2.7779 1041.85 5.0919
400 30 1.621 2.7026 1040.9 4.9589
400 30 1.631 2.7205 1041.13 4.9574
400 30 1.641 2.6683 1040.45 5.0326
400 30 1.651 2.6779 1040.61 5.4547
400 30 1.661 2.6288 1039.9 5.0591
400 30 1.671 2.6113 1039.82 5.1413
400 30 1.681 2.5517 1039.03 4.8046
400 30 1.691 2.5987 1039.57 4.8112
400 30 1.701 2.5505 1038.98 4.7672
400 30 1.711 2.5309 1038.7 5.2044
400 30 1.721 2.4556 1037.79 5.1357
400 30 1.731 2.5165 1038.54 5.1599
400 30 1.741 2.4871 1038.18 5.1931
400 30 1.751 2.4307 1037.44 5.1208
400 30 1.761 2.3655 1036.64 4.9481
400 30 1.771 2.422 1037.31 5.0618
400 30 1.781 2.3102 1035.99 4.7421
400 30 1.791 2.3302 1036.17 4.4243
400 30 1.801 2.3493 1036.47 4.4449
400 30 1.811 2.3218 1036.11 4.6214
400 30 1.821 2.2998 1035.78 4.9172
400 30 1.831 2.28 1035.57 4.9345
400 30 1.841 2.3146 1035.98 5.227
400 30 1.851 2.2731 1035.43 5.1723
400 30 1.861 2.244 1035.13 5.1047
400 30 1.871 2.1957 1034.49 4.6723
400 30 1.881 2.283 1035.57 4.8517
400 30 1.891 2.2169 1034.75 4.6449
400 30 1.901 2.2056 1034.67 4.5568
400 30 1.911 2.1827 1034.35 4.4204
400 30 1.921 2.2283 1034.89 4.5031
400 30 1.931 2.2046 1034.62 4.4416
400 30 1.941 2.2174 1034.8 4.503
400 30 1.951 2.1609 1034.05 4.4538
400 30 1.961 2.1964 1034.52 4.5186
400 30 1.971 2.2059 1034.62 4.4496
400 30 1.981 2.1847 1034.41 4.3946
400 30 1.991 2.2294 1034.9 4.4359
400 40 0.001 3244.21 36024.6 3.5642
400 40 0.011 3224.62 35821.2 4.4495
400 40 0.021 2915.49 32493 5.3231
400 40 0.031 2754.25 30762.6 6.084
400 40 0.041 2622.57 29346 6.8793
400 40 0.051 2407.41 27031 7.364
400 40 0.061 2265.35 25502.4 7.9561
400 40 0.071 2090.41 23619.4 8.596
400 40 0.081 1970.61 22327.9 9.2362
400 40 0.091 1803.61 20529.6 9.3676
400 40 0.101 1732.18 19762.9 10.2638
400 40 0.111 1495.62 17209.1 11.065
400 40 0.121 1400.86 16188.5 10.9559
400 40 0.131 1306.55 15173.1 10.9241
400 40 0.141 1222.77 14269.1 11.7225
400 40 0.151 1080.02 12723.8 11.7569
400 40 0.161 943.9 11253.1 11.3075
400 40 0.171 913.228 10924.1 11.6043
400 40 0.181 817.74 9893.18 11.2149
400 40 0.191 815.43 9870.01 11.51
400 40 0.201 708.5 8712.28 11.2428
400 40 0.211 630.15 7866.2 11.3424
400 40 0.221 597.452 7511.63 11.407
400 40 0.231 519.184 6663.07 11.5102
400 40 0.241 517.024 6640.19 11.6945
400 40 0.251 433.318 5734.03 11.5977
400 40 0.261 404.088 5415.8 11.6755
400 40 0.271 363.004 4970.78 11.7037
400 40 0.281 326.628 4577.27 11.6856
400 40 0.291 297.457 4262.27 11.4919
400 40 0.301 269.095 3954.87 11.7217
400 40 0.311 247.809 3722.51 12.0208
400 40 0.321 231.778 3549.83 12.3778
400 40 0.331 204.888 3258.08 11.9582
400 40 0.341 183.782 3027.46 12.0178
400 40 0.351 170.455 2882.68 11.9259
400 40 0.361 153.973 2704.71 11.8482
400 40 0.371 143.086 2585.85 12.0691
400 40 0.381 124.497 2383.96 11.6083
400 40 0.391 119.119 2325.36 11.904
400 40 0.401 111.325 2240.43 11.7492
400 40 0.411 98.9913 2106.11 12.1105
400 40 0.421 89.5048 2002.71 11.8722
400 40 0.431 83.3472 1935.95 11.5796
400 40 0.441 79.9803 1899.49 11.9951
400 40 0.451 72.9093 1822.63 11.5895
400 40 0.461 63.352 1718.47 11.2313
400 40 0.471 63.1155 1715.79 11.35
400 40 0.481 53.4124 1610.12 11.2174
400 40 0.491 54.8485 1626.14 11.3225
400 40 0.501 46.5327 1535 10.1485
400 40 0.511 43.084 1497.39 10.033
400 40 0.521 43.8746 1506.12 10.1707
400 40 0.531 39.6864 1460.55 11.3453
400 40 0.541 38.8491 1451.38 11.5637
400 40 0.551 35.0265 1409.54 10.6017
400 40 0.561 33.2126 1389.77 9.8437
400 40 0.571 31.1973 1367.78 10.1597
400 40 0.581 30.3054 1357.95 10.1963
400 40 0.591 28.211 1335.13 9.9333
400 40 0.601 27.9468 1332.31 10.2406
400 40 0.611 25.9108 1309.77 10.1836
400 40 0.621 24.9112 1298.82 9.8336
400 40 0.631 24.3427 1292.81 9.7829
400 40 0.641 24.239 1291.62 9.723
400 40 0.651 21.4944 1261.58 9.4897
400 40 0.661 21.6932 1263.88 9.5428
400 40 0.671 19.9815 1244.94 9.3726
400 40 0.681 20.7391 1253.56 9.7629
400 40 0.691 18.4722 1228.51 9.5292
400 40 0.701 18.3171 1226.85 9.4465
400 40 0.711 17.9932 1223.26 9.6019
400 40 0.721 17.6583 1219.69 9.6448
400 40 0.731 16.54 1207.27 9.4039
400 40 0.741 16.4816 1206.82 9.5725
400 40 0.751 15.7514 1198.69 9.3802
400 40 0.761 15.2716 1193.43 9.4193
400 40 0.771 15.3017 1194.02 9.9991
400 40 0.781 14.6259 1186.37 9.6494
400 40 0.791 14.1122 1180.64 9.6518
400 40 0.801 13.8802 1178.14 10.1661
400 40 0.811 13.1133 1169.58 9.9348
400 40 0.821 13.1329 1170.09 9.8058
400 40 0.831 12.5708 1163.87 9.5887
400 40 0.841 12.1469 1159.11 9.4751
400 40 0.851 11.9717 1157.1 9.5251
400 40 0.861 11.9462 1156.88 10.0272
400 40 0.871 11.24 1149.03 9.9511
400 40 0.881 10.5857 1141.74 9.8366
400 40 0.891 10.4618 1140.39 9.8014
400 40 0.901 10.1363 1136.9 9.7964
400 40 0.911 9.9886 1135.25 9.4123
400 40 0.921 9.6166 1131.16 9.3527
400 40 0.931 9.3426 1128.17 9.3811
400 40 0.941 9.0718 1125.15 9.3123
400 40 0.951 9.0287 1124.72 9.3566
400 40 0.961 8.9731 1124.1 9.4291
400 40 0.971 8.2775 1116.15 9.0638
400 40 0.981 8.2344 1115.86 9.2463
400 40 0.991 7.8838 1111.9 9.1577
400 40 1.001 7.8715 1111.85 9.2545
400 40 1.011 7.2707 1105.11 9.1883
400 40 1.021 7.4176 1106.76 9.3253
400 40 1.031 7.283 1105.41 9.3423
400 40 1.041 6.7169 1098.85 9.2118
400 40 1.051 6.6583 1098.22 9.2291
400 40 1.061 6.4838 1096.29 8.8086
400 40 1.071 6.5247 1096.78 8.9035
400 40 1.081 6.1119 1092.02 8.8181
400 40 1.091 6.0186 1090.99 8.603
400 40 1.101 5.8569 1089.15 8.5232
400 40 1.111 5.8785 1089.55 8.6508
400 40 1.121 5.6201 1086.54 8.5449
400 40 1.131 5.6407 1086.71 9.1895
400 40 1.141 5.4963 1085.1 8.8963
400 40 1.151 5.539 1085.72 8.7335
400 40 1.161 5.4096 1084.17 8.6854
400 40 1.171 5.1561 1081.23 8.4573
400 40 1.181 5.0501 1079.92 8.3788
400 40 1.191 5.139 1081.06 8.7569
400 40 1.201 5.0526 1080.03 8.8296
400 40 1.211 4.8716 1077.97 8.3102
400 40 1.221 4.883 1077.99 8.3497
400 40 1.231 4.7847 1076.99 8.2437
400 40 1.241 4.63 1075.12 8.1286
400 40 1.251 4.5306 1074 8.1417
400 40 1.261 4.2929 1071.17 7.834
400 40 1.271 4.4054 1072.47 8.2363
400 40 1.281 4.3262 1071.59 8.2161
400 40 1.291 4.3143 1071.44 8.3438
400 40 1.301 4.1804 1069.9 8.2609
400 40 1.311 4.2457 1070.65 8.2708
400 40 1.321 4.0819 1068.63 8.2606
400 40 1.331 3.9759 1067.38 8.0473
400 40 1.341 3.9701 1067.3 7.9112
400 40 1.351 3.9375 1066.91 8.0513
400 40 1.361 3.9101 1066.65 8.0605
400 40 1.371 3.7432 1064.63 7.9143
400 40 1.381 3.6329 1063.26 7.5523
400 40 1.391 3.6675 1063.74 7.4155
400 40 1.401 3.5232 1062.01 7.2496
400 40 1.411 3.5366 1062.16 7.7081
400 40 1.421 3.546 1062.3 7.7569
400 40 1.431 3.3524 1060.01 7.4427
400 40 1.441 3.3771 1060.34 7.0687
400 40 1.451 3.3605 1060.11 7.0363
400 40 1.461 3.141 1057.52 6.7777
400 40 1.471 3.2111 1058.29 6.8552
400 40 1.481 3.15 1057.55 6.5983
400 40 1.491 3.1648 1057.82 7.139
400 40 1.501 3.1507 1057.65 7.2226
400 40 1.511 3.0533 1056.46 7.0754
400 40 1.521 3.0195 1056.07 7.0833
400 40 1.531 2.9726 1055.53 6.9696
400 40 1.541 2.9274 1055.02 6.8988
400 40 1.551 2.9319 1055.04 6.8583
400 40 1.561 2.8142 1053.64 6.6531
400 40 1.571 2.7701 1053.11 6.5903
400 40 1.581 2.7409 1052.86 6.5779
400 40 1.591 2.6579 1051.83 6.4775
400 40 1.601 2.7245 1052.63 6.5559
400 40 1.611 2.7341 1052.74 6.6114
400 40 1.621 2.6005 1051.12 6.361
400 40 1.631 2.6414 1051.69 6.4446
400 40 1.641 2.5901 1051.03 6.3696
400 40 1.651 2.5278 1050.34 6.3694
400 40 1.661 2.571 1050.83 6.3625
400 40 1.671 2.5492 1050.58 6.365
400 40 1.681 2.5054 1050.07 6.2895
400 40 1.691 2.5445 1050.54 6.35
400 40 1.701 2.4992 1050.01 6.3241
400 40 1.711 2.4427 1049.33 6.2108
400 40 1.721 2.4494 1049.38 6.2859
400 40 1.731 2.4261 1049.16 6.2335
400 40 1.741 2.4109 1048.96 6.1647
400 40 1.751 2.3854 1048.71 6.1844
400 40 1.761 2.3856 1048.72 6.174
400 40 1.771 2.374 1048.57 6.1087
400 40 1.781 2.3415 1048.16 6.1175
400 40 1.791 2.3338 1048.05 6.0459
400 40 1.801 2.31 1047.8 6.024
400 40 1.811 2.3082 1047.79 6.051
400 40 1.821 2.2676 1047.3 5.9339
400 40 1.831 2.2806 1047.48 5.9752
400 40 1.841 2.2797 1047.49 6.0145
400 40 1.851 2.2399 1047.01 5.9207
400 40 1.861 2.2666 1047.32 5.9067
400 40 1.871 2.1918 1046.4 5.8367
400 40 1.881 2.2415 1047.01 5.9129
400 40 1.891 2.2296 1046.87 5.974
400 40 1.901 2.2366 1046.94 5.9596
400 40 1.911 2.2412 1047.03 5.8169
400 40 1.921 2.1963 1046.48 5.7171
400 40 1.931 2.2002 1046.54 5.8218
400 40 1.941 2.184 1046.29 5.8247
400 40 1.951 2.221 1046.77 5.8484
400 40 1.961 2.1747 1046.27 5.7676
400 40 1.971 2.1982 1046.48 5.7869
400 40 1.981 2.2001 1046.57 4.9859
400 40 1.991 2.1814 1046.34 4.8803
