200 10 0.001 0 181.062 0.0138
200 10 0.011 0 181 0.0043
200 10 0.021 0 181 0.016
200 10 0.031 0 181 0.0072
200 10 0.041 0 181 0.0077
200 10 0.051 0 181 0.003
200 10 0.061 0 181 0.0009
200 10 0.071 0 181 0.0011
200 10 0.081 0 181 0.0033
200 10 0.091 0 181 0.0015
200 10 0.101 0 181 0.0005
200 10 0.111 0 181 0.0018
200 10 0.121 0 181 0.0019
200 10 0.131 0 181 0.0011
200 10 0.141 0 181 0.0008
200 10 0.151 0 181 0.0011
200 10 0.161 0 181 0.0005
200 10 0.171 0 181 0.001
200 10 0.181 0 181 0.0079
200 10 0.191 0 181 0.1215
200 10 0.201 0 181 0.1453
200 10 0.211 0 181 0.1419
200 10 0.221 0 181 0.0692
200 10 0.231 0 181 0.0006
200 10 0.241 0 181 0.0085
200 10 0.251 0 181 0.0025
200 10 0.261 0 181 0.0033
200 10 0.271 0 181 0.001
200 10 0.281 0 181 0.0014
200 10 0.291 0 181 0.002
200 10 0.301 0 181 0.0021
200 10 0.311 0 181 0.0031
200 10 0.321 0 181 0.0017
200 10 0.331 0 181 0.0017
200 10 0.341 0 181 0.002
200 10 0.351 0 181 0.0005
200 10 0.361 0 181 0.0019
200 10 0.371 0 181 0.004
200 10 0.381 0 181 0.0839
200 10 0.391 0 181 0.163
200 10 0.401 0 181 0.1548
200 10 0.411 0 181 0.0275
200 10 0.421 0 181 0.0182
200 10 0.431 0 181 0.1124
200 10 0.441 0 181 0.0647
200 10 0.451 0 181 0.0157
200 10 0.461 0 181 0.0175
200 10 0.471 0 181 0.0241
200 10 0.481 0 181 0.0114
200 10 0.491 0 181 0.0176
200 10 0.501 0 181 0.0811
200 10 0.511 0 181 0.0229
200 10 0.521 0 181 0.0133
200 10 0.531 0 181 0.0103
200 10 0.541 0 181 0.0105
200 10 0.551 0 181 0.0098
200 10 0.561 0 181 0.0238
200 10 0.571 0 181 0.0249
200 10 0.581 0 181 0.155
200 10 0.591 0 181 0.1592
200 10 0.601 0 181 0.0946
200 10 0.611 0 181 0.0298
200 10 0.621 0 181 0.1894
200 10 0.631 0 181 0.2029
200 10 0.641 0 181 0.2203
200 10 0.651 0 181 0.2491
200 10 0.661 0 181 0.0122
200 10 0.671 0 181 0.1505
200 10 0.681 0 181 0.0141
200 10 0.691 0 181 0.0322
200 10 0.701 0 181 0.0607
200 10 0.711 0 181 0.127
200 10 0.721 0 181 0.1634
200 10 0.731 0 181 0.2124
200 10 0.741 0 181 0.0095
200 10 0.751 0 181 0.0086
200 10 0.761 0 181 0.0351
200 10 0.771 0 181 0.0224
200 10 0.781 0 181 0.01
200 10 0.791 0 181 0.5222
200 10 0.801 0 181 0.7137
200 10 0.811 0 181 0.1154
200 10 0.821 0 181 0.1418
200 10 0.831 0 181 0.2028
200 10 0.841 0 181 0.1924
200 10 0.851 0 181 0.1854
200 10 0.861 0 181 0.1137
200 10 0.871 0 181 0.0621
200 10 0.881 0 181 0.0261
200 10 0.891 0 181 0.0403
200 10 0.901 0 181 0.0316
200 10 0.911 0 181 0.0291
200 10 0.921 0 181 0.0344
200 10 0.931 0 181 0.0365
200 10 0.941 0 181 0.0392
200 10 0.951 0 181 0.0287
200 10 0.961 0 181 0.0429
200 10 0.971 0 181 0.0464
200 10 0.981 0 181 0.0454
200 10 0.991 0 181 0.0618
200 10 1.001 0 181 0.0453
200 10 1.011 0 181 0.0236
200 10 1.021 0 181 0.0277
200 10 1.031 0 181 0.0215
200 10 1.041 0 181 0.0287
200 10 1.051 0 181 0.1296
200 10 1.061 0 181 0.1382
200 10 1.071 0 181 0.1503
200 10 1.081 0 181 0.2203
200 10 1.091 0 181 0.006
200 10 1.101 0 181 0.014
200 10 1.111 0 181 0.2174
200 10 1.121 0 181 0.2189
200 10 1.131 0 181 0.2042
200 10 1.141 0 181 0.1684
200 10 1.151 0 181 0.0217
200 10 1.161 0 181 0.0721
200 10 1.171 0 181 0.0239
200 10 1.181 0 181 0.1375
200 10 1.191 0 181 0.1967
200 10 1.201 0 181 0.0375
200 10 1.211 0 181 0.0338
200 10 1.221 0 181 0.0253
200 10 1.231 0 181 0.0186
200 10 1.241 0 181 0.0246
200 10 1.251 0 181 0.045
200 10 1.261 0 181 0.0801
200 10 1.271 0 181 0.1681
200 10 1.281 0 181 0.0835
200 10 1.291 0 181 0.0376
200 10 1.301 0 181 0.0561
200 10 1.311 0 181 0.1122
200 10 1.321 0 181 0.0382
200 10 1.331 0 181 0.0404
200 10 1.341 0 181 0.0373
200 10 1.351 0 181 0.0888
200 10 1.361 0 181 0.7726
200 10 1.371 0 181 0.989
200 10 1.381 0 181 0.9588
200 10 1.391 0 181 0.9361
200 10 1.401 0 181 0.9693
200 10 1.411 0 181 0.969
200 10 1.421 0 181 0.1632
200 10 1.431 0 181 0.9961
200 10 1.441 0 181 0.9667
200 10 1.451 0 181 0.6598
200 10 1.461 0 181 0.0149
200 10 1.471 0 181 0.0442
200 10 1.481 0 181 0.0047
200 10 1.491 0 181 0.0031
200 10 1.501 0 181 0.0739
200 10 1.511 0 181 0.0844
200 10 1.521 0 181 0.0889
200 10 1.531 0 181 0.0655
200 10 1.541 0 181 0.0776
200 10 1.551 0 181 0.0603
200 10 1.561 0 181 0.0683
200 10 1.571 0 181 0.0435
200 10 1.581 0 181 0.1177
200 10 1.591 0 181 0.1038
200 10 1.601 0 181 0.0041
200 10 1.611 0 181 0.0019
200 10 1.621 0 181 0.008
200 10 1.631 0 181 0.006
200 10 1.641 0 181 0.0025
200 10 1.651 0 181 0.0028
200 10 1.661 0 181 0.0068
200 10 1.671 0 181 0.003
200 10 1.681 0 181 0.0036
200 10 1.691 0 181 0.0517
200 10 1.701 0 181 0.1611
200 10 1.711 0 181 0.0148
200 10 1.721 0 181 0.0134
200 10 1.731 0 181 0.0148
200 10 1.741 0 181 0.1709
200 10 1.751 0 181 0.1875
200 10 1.761 0 181 0.0481
200 10 1.771 0 181 0.0523
200 10 1.781 0 181 0.0437
200 10 1.791 0 181 0.004
200 10 1.801 0 181 0.0033
200 10 1.811 0 181 0.0625
200 10 1.821 0 181 0.0025
200 10 1.831 0 181 0.0089
200 10 1.841 0 181 0.0855
200 10 1.851 0 181 0.0736
200 10 1.861 0 181 0.0433
200 10 1.871 0 181 0.0185
200 10 1.881 0 181 0.0044
200 10 1.891 0 181 0.0066
200 10 1.901 0 181 0.0548
200 10 1.911 0 181 0.1532
200 10 1.921 0 181 0.1427
200 10 1.931 0 181 0.1245
200 10 1.941 0 181 0.0045
200 10 1.951 0 181 0.0039
200 10 1.961 0 181 0.0013
200 10 1.971 0 181 0.0003
200 10 1.981 0 181 0.0016
200 10 1.991 0 181 0.0005
200 20 0.001 0 181 0.1028
200 20 0.011 0 181 0.1272
200 20 0.021 0 181 0.1579
200 20 0.031 0 181 0.1098
200 20 0.041 0 181 0.1123
200 20 0.051 0 181 0.1273
200 20 0.061 0 181 0.0896
200 20 0.071 0 181 0.0749
200 20 0.081 0 181 0.0656
200 20 0.091 0 181 0.126
200 20 0.101 0 181 0.1009
200 20 0.111 0 181 0.1432
200 20 0.121 0 181 0.0934
200 20 0.131 0 181 0.0686
200 20 0.141 0 181 0.0197
200 20 0.151 0 181 0.0424
200 20 0.161 0 181 0.0997
200 20 0.171 0 181 0.1099
200 20 0.181 0 181 0.0116
200 20 0.191 0 181 0.1249
200 20 0.201 0 181 0.0507
200 20 0.211 0 181 0.0183
200 20 0.221 0 181 0.0178
200 20 0.231 0 181 0.0035
200 20 0.241 0 181 0.0082
200 20 0.251 0 181 0.0196
200 20 0.261 0 181 0.0035
200 20 0.271 0 181 0.0163
200 20 0.281 0 181 0.1119
200 20 0.291 0 181 0.0505
200 20 0.301 0 181 0.167
200 20 0.311 0 181 0.0332
200 20 0.321 0 181 0.0661
200 20 0.331 0 181 0.0406
200 20 0.341 0 181 0.0097
200 20 0.351 0 181 0.0084
200 20 0.361 0 181 0.0093
200 20 0.371 0 181 0.2781
200 20 0.381 0 181 1.0033
200 20 0.391 0 181 1.0007
200 20 0.401 0 181 1.0001
200 20 0.411 0 181 1.0039
200 20 0.421 0 181 1.0012
200 20 0.431 0 181 0.9999
200 20 0.441 0 181 1.0027
200 20 0.451 0 181 1.0021
200 20 0.461 0 181 1.0022
200 20 0.471 0 181 0.4444
200 20 0.481 0 181 0.0042
200 20 0.491 0 181 0.0046
200 20 0.501 0 181 0.0034
200 20 0.511 0 181 0.0023
200 20 0.521 0 181 0.0016
200 20 0.531 0 181 0.0029
200 20 0.541 0 181 0.0016
200 20 0.551 0 181 0.0024
200 20 0.561 0 181 0.004
200 20 0.571 0 181 0.0036
200 20 0.581 0 181 0.0728
200 20 0.591 0 181 0.0056
200 20 0.601 0 181 0.0052
200 20 0.611 0 181 0.0054
200 20 0.621 0 181 0.0055
200 20 0.631 0 181 0.0066
200 20 0.641 0 181 0.0066
200 20 0.651 0 181 0.0101
200 20 0.661 0 181 0.0091
200 20 0.671 0 181 0.0088
200 20 0.681 0 181 0.0106
200 20 0.691 0 181 0.0053
200 20 0.701 0 181 0.0068
200 20 0.711 0 181 0.0112
200 20 0.721 0 181 0.0099
200 20 0.731 0 181 0.0115
200 20 0.741 0 181 0.0108
200 20 0.751 0 181 0.012
200 20 0.761 0 181 0.0103
200 20 0.771 0 181 0.0131
200 20 0.781 0 181 0.0146
200 20 0.791 0 181 0.0081
200 20 0.801 0 181 0.0105
200 20 0.811 0 181 0.0099
200 20 0.821 0 181 0.0152
200 20 0.831 0 181 0.0141
200 20 0.841 0 181 0.0164
200 20 0.851 0 181 0.0122
200 20 0.861 0 181 0.0206
200 20 0.871 0 181 0.0758
200 20 0.881 0 181 0.1125
200 20 0.891 0 181 0.0161
200 20 0.901 0 181 0.0098
200 20 0.911 0 181 0.0039
200 20 0.921 0 181 0.0052
200 20 0.931 0 181 0.0042
200 20 0.941 0 181 0.0039
200 20 0.951 0 181 0.0049
200 20 0.961 0 181 0.0038
200 20 0.971 0 181 0.0048
200 20 0.981 0 181 0.0034
200 20 0.991 0 181 0.0043
200 20 1.001 0 181 0.0026
200 20 1.011 0 181 0.037
200 20 1.021 0 181 0.0106
200 20 1.031 0 181 0.0641
200 20 1.041 0 181 0.0475
200 20 1.051 0 181 0.0258
200 20 1.061 0 181 0.0158
200 20 1.071 0 181 0.0188
200 20 1.081 0 181 0.1622
200 20 1.091 0 181 0.1976
200 20 1.101 0 181 0.1337
200 20 1.111 0 181 0.1028
200 20 1.121 0 181 0.1045
200 20 1.131 0 181 0.0302
200 20 1.141 0 181 0.0322
200 20 1.151 0 181 0.0016
200 20 1.161 0 181 0.0016
200 20 1.171 0 181 0.0016
200 20 1.181 0 181 0.0058
200 20 1.191 0 181 0.0941
200 20 1.201 0 181 0.1965
200 20 1.211 0 181 0.1672
200 20 1.221 0 181 0.045
200 20 1.231 0 181 0.0172
200 20 1.241 0 181 0.0198
200 20 1.251 0 181 0.0412
200 20 1.261 0 181 0.226
200 20 1.271 0 181 0.1819
200 20 1.281 0 181 0.1022
200 20 1.291 0 181 0.0988
200 20 1.301 0 181 0.0783
200 20 1.311 0 181 0.0324
200 20 1.321 0 181 0.04
200 20 1.331 0 181 0.0476
200 20 1.341 0 181 0.0333
200 20 1.351 0 181 0.0736
200 20 1.361 0 181 0.1518
200 20 1.371 0 181 0.2324
200 20 1.381 0 181 0.1659
200 20 1.391 0 181 0.2092
200 20 1.401 0 181 0.2008
200 20 1.411 0 181 0.007
200 20 1.421 0 181 0.0143
200 20 1.431 0 181 0.1754
200 20 1.441 0 181 0.0213
200 20 1.451 0 181 0.0445
200 20 1.461 0 181 0.0149
200 20 1.471 0 181 0.0097
200 20 1.481 0 181 0.0808
200 20 1.491 0 181 0.207
200 20 1.501 0 181 0.0293
200 20 1.511 0 181 0.0133
200 20 1.521 0 181 0.006
200 20 1.531 0 181 0.009
200 20 1.541 0 181 0.0131
200 20 1.551 0 181 0.0097
200 20 1.561 0 181 0.0239
200 20 1.571 0 181 0.0107
200 20 1.581 0 181 0.0905
200 20 1.591 0 181 0.0163
200 20 1.601 0 181 0.1403
200 20 1.611 0 181 0.2458
200 20 1.621 0 181 0.2124
200 20 1.631 0 181 0.2762
200 20 1.641 0 181 0.2462
200 20 1.651 0 181 0.0852
200 20 1.661 0 181 0.0009
200 20 1.671 0 181 0.0018
200 20 1.681 0 181 0.0005
200 20 1.691 0 181 0.0979
200 20 1.701 0 181 0.0004
200 20 1.711 0 181 0.0036
200 20 1.721 0 181 0.0042
200 20 1.731 0 181 0.2593
200 20 1.741 0 181 0.2509
200 20 1.751 0 181 0.0199
200 20 1.761 0 181 0.053
200 20 1.771 0 181 0.1465
200 20 1.781 0 181 0.1973
200 20 1.791 0 181 0.2035
200 20 1.801 0 181 0.1357
200 20 1.811 0 181 0.1257
200 20 1.821 0 181 0.1807
200 20 1.831 0 181 0.01
200 20 1.841 0 181 0.0216
200 20 1.851 0 181 0.0123
200 20 1.861 0 181 0.1298
200 20 1.871 0 181 0.0098
200 20 1.881 0 181 0.0246
200 20 1.891 0 181 0.0184
200 20 1.901 0 181 0.0109
200 20 1.911 0 181 0.1174
200 20 1.921 0 181 0.0771
200 20 1.931 0 181 0.0091
200 20 1.941 0 181 0.0088
200 20 1.951 0 181 0.0058
200 20 1.961 0 181 0.002
200 20 1.971 0 181 0.0015
200 20 1.981 0 181 0.002
200 20 1.991 0 181 0.0046
200 30 0.001 0 181 0.0048
200 30 0.011 0 181 0.01
200 30 0.021 0 181 0.0065
200 30 0.031 0 181 0.0715
200 30 0.041 0 181 0.0929
200 30 0.051 0 181 0.0646
200 30 0.061 0 181 0.0027
200 30 0.071 0 181 0.0009
200 30 0.081 0 181 0.0011
200 30 0.091 0 181 0.0007
200 30 0.101 0 181 0.0018
200 30 0.111 0 181 0.0021
200 30 0.121 0 181 0.0008
200 30 0.131 0 181 0.0014
200 30 0.141 0 181 0.0371
200 30 0.151 0 181 0.0029
200 30 0.161 0 181 0.0019
200 30 0.171 0 181 0.0017
200 30 0.181 0 181 0.002
200 30 0.191 0 181 0.0696
200 30 0.201 0 181 0.0038
200 30 0.211 0 181 0.0006
200 30 0.221 0 181 0.0016
200 30 0.231 0 181 0.0462
200 30 0.241 0 181 0.1709
200 30 0.251 0 181 0.1498
200 30 0.261 0 181 0.147
200 30 0.271 0 181 0.1174
200 30 0.281 0 181 0.0009
200 30 0.291 0 181 0.0602
200 30 0.301 0 181 0.0003
200 30 0.311 0 181 0.0038
200 30 0.321 0 181 0.0005
200 30 0.331 0 181 0.0025
200 30 0.341 0 181 0.002
200 30 0.351 0 181 0.0015
200 30 0.361 0 181 0.0619
200 30 0.371 0 181 0.0248
200 30 0.381 0 181 0.0022
200 30 0.391 0 181 0.0004
200 30 0.401 0 181 0.0035
200 30 0.411 0 181 0.0018
200 30 0.421 0 181 0.1317
200 30 0.431 0 181 0.8397
200 30 0.441 0 181 1.0039
200 30 0.451 0 181 0.9999
200 30 0.461 0 181 0.4341
200 30 0.471 0 181 0.0064
200 30 0.481 0 181 0.0015
200 30 0.491 0 181 0.0024
200 30 0.501 0 181 0.0061
200 30 0.511 0 181 0.0024
200 30 0.521 0 181 0.0025
200 30 0.531 0 181 0.0019
200 30 0.541 0 181 0.006
200 30 0.551 0 181 0.0036
200 30 0.561 0 181 0.0049
200 30 0.571 0 181 0.0029
200 30 0.581 0 181 0.0011
200 30 0.591 0 181 0.0022
200 30 0.601 0 181 0.0023
200 30 0.611 0 181 0.0016
200 30 0.621 0 181 0.0009
200 30 0.631 0 181 0.0012
200 30 0.641 0 181 0.0086
200 30 0.651 0 181 0.0021
200 30 0.661 0 181 0.0046
200 30 0.671 0 181 0.0009
200 30 0.681 0 181 0.0023
200 30 0.691 0 181 0.0026
200 30 0.701 0 181 0.0935
200 30 0.711 0 181 0.2296
200 30 0.721 0 181 0.105
200 30 0.731 0 181 0.0021
200 30 0.741 0 181 0.0038
200 30 0.751 0 181 0.1114
200 30 0.761 0 181 0.1962
200 30 0.771 0 181 0.187
200 30 0.781 0 181 0.1076
200 30 0.791 0 181 0.1716
200 30 0.801 0 181 0.1407
200 30 0.811 0 181 0.1265
200 30 0.821 0 181 0.2071
200 30 0.831 0 181 0.1334
200 30 0.841 0 181 0.1403
200 30 0.851 0 181 0.0106
200 30 0.861 0 181 0.026
200 30 0.871 0 181 0.0761
200 30 0.881 0 181 0.1282
200 30 0.891 0 181 0.0068
200 30 0.901 0 181 0.1283
200 30 0.911 0 181 0.0192
200 30 0.921 0 181 0.0102
200 30 0.931 0 181 0.0127
200 30 0.941 0 181 0.0132
200 30 0.951 0 181 0.005
200 30 0.961 0 181 0.0099
200 30 0.971 0 181 0.0042
200 30 0.981 0 181 0.0095
200 30 0.991 0 181 0.0045
200 30 1.001 0 181 0.0061
200 30 1.011 0 181 0.0028
200 30 1.021 0 181 0.0113
200 30 1.031 0 181 0.0032
200 30 1.041 0 181 0.0102
200 30 1.051 0 181 0.0053
200 30 1.061 0 181 0.0121
200 30 1.071 0 181 0.0192
200 30 1.081 0 181 0.0182
200 30 1.091 0 181 0.1025
200 30 1.101 0 181 0.1022
200 30 1.111 0 181 0.2135
200 30 1.121 0 181 0.0351
200 30 1.131 0 181 0.0235
200 30 1.141 0 181 0.0184
200 30 1.151 0 181 0.0215
200 30 1.161 0 181 0.0177
200 30 1.171 0 181 0.0177
200 30 1.181 0 181 0.022
200 30 1.191 0 181 0.0208
200 30 1.201 0 181 0.026
200 30 1.211 0 181 0.0181
200 30 1.221 0 181 0.0664
200 30 1.231 0 181 0.1994
200 30 1.241 0 181 0.0316
200 30 1.251 0 181 0.002
200 30 1.261 0 181 0.0117
200 30 1.271 0 181 0.0059
200 30 1.281 0 181 0.0061
200 30 1.291 0 181 0.0081
200 30 1.301 0 181 0.0048
200 30 1.311 0 181 0.0022
200 30 1.321 0 181 0.0043
200 30 1.331 0 181 0.006
200 30 1.341 0 181 0.0228
200 30 1.351 0 181 0.127
200 30 1.361 0 181 0.2172
200 30 1.371 0 181 0.2552
200 30 1.381 0 181 0.1244
200 30 1.391 0 181 0.0176
200 30 1.401 0 181 0.0046
200 30 1.411 0 181 0.0049
200 30 1.421 0 181 0.0089
200 30 1.431 0 181 0.021
200 30 1.441 0 181 0.0146
200 30 1.451 0 181 0.1289
200 30 1.461 0 181 0.2145
200 30 1.471 0 181 0.219
200 30 1.481 0 181 0.2323
200 30 1.491 0 181 0.216
200 30 1.501 0 181 0.1953
200 30 1.511 0 181 0.0049
200 30 1.521 0 181 0.008
200 30 1.531 0 181 0.1491
200 30 1.541 0 181 0.0378
200 30 1.551 0 181 0.0304
200 30 1.561 0 181 0.0314
200 30 1.571 0 181 0.0309
200 30 1.581 0 181 0.0699
200 30 1.591 0 181 0.2495
200 30 1.601 0 181 0.212
200 30 1.611 0 181 0.2488
200 30 1.621 0 181 0.0717
200 30 1.631 0 181 0.0099
200 30 1.641 0 181 0.0179
200 30 1.651 0 181 0.0038
200 30 1.661 0 181 0.0064
200 30 1.671 0 181 0.0237
200 30 1.681 0 181 0.0426
200 30 1.691 0 181 0.0068
200 30 1.701 0 181 0.002
200 30 1.711 0 181 0.0016
200 30 1.721 0 181 0.0029
200 30 1.731 0 181 0.0053
200 30 1.741 0 181 0.0037
200 30 1.751 0 181 0.0028
200 30 1.761 0 181 0.0225
200 30 1.771 0 181 0.0198
200 30 1.781 0 181 0.0074
200 30 1.791 0 181 0.0096
200 30 1.801 0 181 0.0273
200 30 1.811 0 181 0.0603
200 30 1.821 0 181 0.0733
200 30 1.831 0 181 0.0076
200 30 1.841 0 181 0.0006
200 30 1.851 0 181 0.0007
200 30 1.861 0 181 0.0009
200 30 1.871 0 181 0.0028
200 30 1.881 0 181 0.0473
200 30 1.891 0 181 0.169
200 30 1.901 0 181 0.0027
200 30 1.911 0 181 0.0305
200 30 1.921 0 181 0.0781
200 30 1.931 0 181 0.1109
200 30 1.941 0 181 0.1854
200 30 1.951 0 181 0.169
200 30 1.961 0 181 0.1382
200 30 1.971 0 181 0.1316
200 30 1.981 0 181 0.01
200 30 1.991 0 181 0.0002
200 40 0.001 1711.67 29540.5 71.694
200 40 0.011 1657.64 28906.9 70.705
200 40 0.021 1616 28420.6 70.0388
200 40 0.031 1585.81 28071 69.8227
200 40 0.041 1490.73 26950.6 67.4157
200 40 0.051 1457.56 26564.1 67.1164
200 40 0.061 1372.67 25563.7 64.8139
200 40 0.071 1324.75 24999.7 64.2176
200 40 0.081 1234.39 23931.5 62.0825
200 40 0.091 1161.14 23063.5 60.2949
200 40 0.101 1116.9 22545 59.4189
200 40 0.111 1077.62 22084.7 59.6649
200 40 0.121 1081.46 22133.9 60.2794
200 40 0.131 989.739 21044.9 57.7267
200 40 0.141 939.373 20449 56.4681
200 40 0.151 913.077 20140.1 56.3069
200 40 0.161 886.524 19825.1 55.6281
200 40 0.171 823.841 19081.1 54.4134
200 40 0.181 783.73 18605.8 53.568
200 40 0.191 756.146 18277.3 53.3032
200 40 0.201 720.34 17851.7 51.7707
200 40 0.211 697.151 17577.5 49.9405
200 40 0.221 639.616 16892.8 48.5257
200 40 0.231 625.384 16724.5 49.2743
200 40 0.241 596.91 16383.3 49.0354
200 40 0.251 560.901 15954.8 48.223
200 40 0.261 563.019 15980.5 48.8382
200 40 0.271 550.271 15829.6 48.6977
200 40 0.281 509.327 15340.7 47.8046
200 40 0.291 481.039 15002.5 47.4143
200 40 0.301 489.135 15100.2 48.1185
200 40 0.311 459.522 14746.8 46.9925
200 40 0.321 436.556 14471.9 46.8399
200 40 0.331 409.321 14145.8 46.2274
200 40 0.341 398.293 14013.7 46.4518
200 40 0.351 385.525 13861.9 47.1632
200 40 0.361 367.304 13643.4 47.2357
200 40 0.371 357.365 13524.4 47.5879
200 40 0.381 352.017 13460.4 47.7684
200 40 0.391 337.476 13286.8 46.7499
200 40 0.401 333.735 13241.9 46.6424
200 40 0.411 311.357 12973.9 46.4605
200 40 0.421 316.266 13032.7 48.795
200 40 0.431 294.564 12772.8 48.5037
200 40 0.441 291.995 12741.7 47.9881
200 40 0.451 280.83 12608.3 47.7267
200 40 0.461 281.442 12615.5 47.8148
200 40 0.471 261.74 12379.1 47.1626
200 40 0.481 255.292 12301.8 47.3465
200 40 0.491 251.906 12261.3 49.4703
200 40 0.501 236.658 12078.9 60.6631
200 40 0.511 232.597 12030.5 65.9689
200 40 0.521 229.289 11990 49.9931
200 40 0.531 220.351 11882.9 50.3121
200 40 0.541 219.919 11877.7 50.7587
200 40 0.551 216.707 11839.1 51.4016
200 40 0.561 207.617 11730.1 49.6185
200 40 0.571 202.708 11671.2 49.4994
200 40 0.581 195.302 11582.3 50.2746
200 40 0.591 194.774 11576 52.4973
200 40 0.601 188.351 11498.9 50.6403
200 40 0.611 176.786 11360.2 51.691
200 40 0.621 178.23 11377.5 52.8695
200 40 0.631 171.487 11296.6 52.9417
200 40 0.641 166.939 11242 52.1058
200 40 0.651 164.148 11208.5 52.4432
200 40 0.661 163.377 11199.3 53.1075
200 40 0.671 153.102 11076 52.5232
200 40 0.681 157.708 11131.3 53.8358
200 40 0.691 153.174 11076.9 53.7306
200 40 0.701 147.682 11010.9 54.4876
200 40 0.711 137.764 10892 53.8286
200 40 0.721 141.321 10934.6 55.5253
200 40 0.731 141.378 10935.3 56.8258
200 40 0.741 132.627 10830.3 55.7725
200 40 0.751 132.296 10826.3 56.8384
200 40 0.761 136.625 10878.3 57.0297
200 40 0.771 127.694 10771.1 56.9414
200 40 0.781 129.112 10788.1 57.4806
200 40 0.791 122.318 10706.6 57.4946
200 40 0.801 121.918 10701.8 58.6254
200 40 0.811 114.318 10610.6 58.2472
200 40 0.821 115.427 10623.9 59.2621
200 40 0.831 119.203 10669.2 60.3231
200 40 0.841 113.392 10599.5 59.2619
200 40 0.851 109.812 10556.5 59.1512
200 40 0.861 109.6 10554 59.4016
200 40 0.871 104.776 10496.1 60.8227
200 40 0.881 105.49 10504.7 60.5827
200 40 0.891 100.715 10447.4 59.7863
200 40 0.901 103.225 10477.5 60.9993
200 40 0.911 104.291 10490.3 62.133
200 40 0.921 98.0025 10414.8 61.4942
200 40 0.931 97.5434 10409.3 62.6965
200 40 0.941 93.613 10362.1 64.0636
200 40 0.951 93.3822 10359.4 64.0956
200 40 0.961 92.9508 10354.2 65.9854
200 40 0.971 90.7117 10327.3 66.032
200 40 0.981 90.6152 10326.2 66.8025
200 40 0.991 87.8519 10293 66.8121
200 40 1.001 88.3315 10298.7 68.298
200 40 1.011 86.0538 10271.4 68.4312
200 40 1.021 85.7294 10267.5 69.5504
200 40 1.031 82.9428 10234.1 67.9192
200 40 1.041 81.3987 10215.6 68.0112
200 40 1.051 77.216 10165.4 68.0744
200 40 1.061 80.5669 10205.6 69.2337
200 40 1.071 78.7436 10183.7 70.5523
200 40 1.081 77.2348 10165.6 70.5452
200 40 1.091 76.6137 10158.1 69.8871
200 40 1.101 78.5088 10180.9 70.6581
200 40 1.111 73.6148 10122.1 70.0584
200 40 1.121 74.5786 10133.7 72.8508
200 40 1.131 76.5904 10157.9 73.5702
200 40 1.141 74.027 10127.1 73.7962
200 40 1.151 72.7841 10112.2 73.9936
200 40 1.161 72.9717 10114.4 74.2439
200 40 1.171 70.9813 10090.6 73.323
200 40 1.181 72.1181 10104.2 73.4663
200 40 1.191 70.8798 10089.3 73.4095
200 40 1.201 70.8608 10089.1 74.0699
200 40 1.211 71.044 10091.3 76.7585
200 40 1.221 70.5701 10085.6 76.8263
200 40 1.231 70.1105 10080.1 76.4216
200 40 1.241 69.9738 10078.5 76.0321
200 40 1.251 68.6378 10062.4 77.3079
200 40 1.261 68.7841 10064.2 77.5446
200 40 1.271 67.4742 10048.5 75.4152
200 40 1.281 68.5123 10060.9 78.2779
200 40 1.291 66.6966 10039.1 77.5062
200 40 1.301 65.2454 10021.7 77.8219
200 40 1.311 67.3883 10047.4 79.2797
200 40 1.321 67.2728 10046 79.7243
200 40 1.331 66.3589 10035.1 79.9438
200 40 1.341 65.783 10028.2 79.5464
200 40 1.351 65.9718 10030.4 80.6078
200 40 1.361 64.6561 10014.7 79.8928
200 40 1.371 65.6073 10026.1 81.0948
200 40 1.381 64.2592 10009.9 80.6903
200 40 1.391 65.402 10023.6 81.5465
200 40 1.401 63.9583 10006.3 81.1609
200 40 1.411 64.0807 10007.7 81.5437
200 40 1.421 63.5423 10001.3 81.4898
200 40 1.431 62.6269 9990.31 81.1116
200 40 1.441 63.278 9998.11 81.9133
200 40 1.451 63.3659 9999.18 82.0323
200 40 1.461 62.0444 9983.3 81.8297
200 40 1.471 63.4541 10000.2 83.3915
200 40 1.481 62.3929 9987.48 82.8319
200 40 1.491 63.0613 9995.5 83.0981
200 40 1.501 62.5731 9989.66 83.4417
200 40 1.511 62.4927 9988.68 84.1778
200 40 1.521 61.618 9978.2 83.6241
200 40 1.531 61.9691 9982.4 83.7729
200 40 1.541 62.3354 9986.81 84.1275
200 40 1.551 62.2643 9985.94 84.9061
200 40 1.561 61.4109 9975.7 84.66
200 40 1.571 61.1001 9971.99 84.5588
200 40 1.581 61.1102 9972.09 85.1567
200 40 1.591 60.8182 9968.6 85.1733
200 40 1.601 60.1036 9960.01 85.1374
200 40 1.611 60.3883 9963.45 85.166
200 40 1.621 60.1161 9960.16 85.049
200 40 1.631 59.9815 9958.55 85.0154
200 40 1.641 60.7549 9967.84 87.1807
200 40 1.651 60.9095 9969.68 87.9964
200 40 1.661 59.4828 9952.58 86.7268
200 40 1.671 59.1869 9949.01 86.2275
200 40 1.681 59.3568 9951.07 85.1629
200 40 1.691 59.9896 9958.65 87.5941
200 40 1.701 59.9728 9958.44 88.2882
200 40 1.711 59.8352 9956.81 88.2019
200 40 1.721 59.6211 9954.22 87.9952
200 40 1.731 59.5507 9953.39 87.3137
200 40 1.741 59.4816 9952.55 86.5981
200 40 1.751 59.7087 9955.29 87.0551
200 40 1.761 59.4873 9952.62 86.952
200 40 1.771 59.9394 9958.04 87.7822
200 40 1.781 59.6128 9954.14 87.3142
200 40 1.791 59.3617 9951.11 87.4253
200 40 1.801 59.5133 9952.94 88.2484
200 40 1.811 59.4904 9952.65 88.5983
200 40 1.821 59.1275 9948.32 88.132
200 40 1.831 58.84 9944.85 87.94
200 40 1.841 58.6469 9942.53 87.8224
200 40 1.851 58.5044 9940.84 88.5147
200 40 1.861 58.9706 9946.42 89.092
200 40 1.871 58.9578 9946.28 87.9946
200 40 1.881 59.0092 9946.88 87.9715
200 40 1.891 58.5165 9940.98 87.5198
200 40 1.901 58.5519 9941.39 87.5873
200 40 1.911 58.4149 9939.75 88.5187
200 40 1.921 59.0023 9946.81 89.3904
200 40 1.931 58.6342 9942.38 89.0763
200 40 1.941 58.643 9942.5 88.1165
200 40 1.951 58.4295 9939.92 88.1288
200 40 1.961 58.7448 9943.72 88.169
200 40 1.971 58.8896 9945.45 88.4413
200 40 1.981 58.86 9945.09 88.4736
200 40 1.991 58.6645 9942.76 88.3226
300 10 0.001 0 181 0.0023
300 10 0.011 0 181 0.0141
300 10 0.021 0 181 0.134
300 10 0.031 0 181 0.1048
300 10 0.041 0 181 0.1179
300 10 0.051 0 181 0.083
300 10 0.061 0 181 0.0075
300 10 0.071 0 181 0.0533
300 10 0.081 0 181 0.1005
300 10 0.091 0 181 0.1143
300 10 0.101 0 181 0.0996
300 10 0.111 0 181 0.1212
300 10 0.121 0 181 0.0974
300 10 0.131 0 181 0.1162
300 10 0.141 0 181 0.1172
300 10 0.151 0 181 0.1316
300 10 0.161 0 181 0.1077
300 10 0.171 0 181 0.1161
300 10 0.181 0 181 0.1018
300 10 0.191 0 181 0.0963
300 10 0.201 0 181 0.1197
300 10 0.211 0 181 0.1196
300 10 0.221 0 181 0.1187
300 10 0.231 0 181 0.13
300 10 0.241 0 181 0.1273
300 10 0.251 0 181 0.0917
300 10 0.261 0 181 0.0817
300 10 0.271 0 181 0.1243
300 10 0.281 0 181 0.1076
300 10 0.291 0 181 0.1402
300 10 0.301 0 181 0.1011
300 10 0.311 0 181 0.1281
300 10 0.321 0 181 0.1301
300 10 0.331 0 181 0.1163
300 10 0.341 0 181 0.1378
300 10 0.351 0 181 0.0575
300 10 0.361 0 181 0.012
300 10 0.371 0 181 0.0122
300 10 0.381 0 181 0.0101
300 10 0.391 0 181 0.014
300 10 0.401 0 181 0.0051
300 10 0.411 0 181 0.0317
300 10 0.421 0 181 0.1586
300 10 0.431 0 181 0.1826
300 10 0.441 0 181 0.1411
300 10 0.451 0 181 0.1518
300 10 0.461 0 181 0.8564
300 10 0.471 0 181 0.4487
300 10 0.481 0 181 0.1713
300 10 0.491 0 181 0.1364
300 10 0.501 0 181 0.0131
300 10 0.511 0 181 0.0116
300 10 0.521 0 181 0.0764
300 10 0.531 0 181 0.1019
300 10 0.541 0 181 0.0273
300 10 0.551 0 181 0.0138
300 10 0.561 0 181 0.0121
300 10 0.571 0 181 0.0426
300 10 0.581 0 181 0.1292
300 10 0.591 0 181 0.0199
300 10 0.601 0 181 0.0031
300 10 0.611 0 181 0.0218
300 10 0.621 0 181 0.0452
300 10 0.631 0 181 0.1269
300 10 0.641 0 181 0.0234
300 10 0.651 0 181 0.0101
300 10 0.661 0 181 0.0011
300 10 0.671 0 181 0.002
300 10 0.681 0 181 0.0022
300 10 0.691 0 181 0.0021
300 10 0.701 0 181 0.0009
300 10 0.711 0 181 0.0009
300 10 0.721 0 181 0.0016
300 10 0.731 0 181 0.0013
300 10 0.741 0 181 0.0022
300 10 0.751 0 181 0.0038
300 10 0.761 0 181 0.0046
300 10 0.771 0 181 0.0055
300 10 0.781 0 181 0.0062
300 10 0.791 0 181 0.0041
300 10 0.801 0 181 0.0573
300 10 0.811 0 181 0.1549
300 10 0.821 0 181 0.1058
300 10 0.831 0 181 0.0057
300 10 0.841 0 181 0.0075
300 10 0.851 0 181 0.0053
300 10 0.861 0 181 0.0057
300 10 0.871 0 181 0.0132
300 10 0.881 0 181 0.0109
300 10 0.891 0 181 0.014
300 10 0.901 0 181 0.009
300 10 0.911 0 181 0.0117
300 10 0.921 0 181 0.0142
300 10 0.931 0 181 0.0132
300 10 0.941 0 181 0.0105
300 10 0.951 0 181 0.0147
300 10 0.961 0 181 0.0209
300 10 0.971 0 181 0.0139
300 10 0.981 0 181 0.0218
300 10 0.991 0 181 0.0301
300 10 1.001 0 181 0.0186
300 10 1.011 0 181 0.0142
300 10 1.021 0 181 0.0739
300 10 1.031 0 181 0.1743
300 10 1.041 0 181 0.1509
300 10 1.051 0 181 0.1607
300 10 1.061 0 181 0.0891
300 10 1.071 0 181 0.0488
300 10 1.081 0 181 0.0282
300 10 1.091 0 181 0.0276
300 10 1.101 0 181 0.093
300 10 1.111 0 181 0.1413
300 10 1.121 0 181 0.0422
300 10 1.131 0 181 0.0113
300 10 1.141 0 181 0.0064
300 10 1.151 0 181 0.0048
300 10 1.161 0 181 0.0027
300 10 1.171 0 181 0.002
300 10 1.181 0 181 0.0052
300 10 1.191 0 181 0.0042
300 10 1.201 0 181 0.0033
300 10 1.211 0 181 0.0054
300 10 1.221 0 181 0.0079
300 10 1.231 0 181 0.008
300 10 1.241 0 181 0.004
300 10 1.251 0 181 0.0178
300 10 1.261 0 181 0.182
300 10 1.271 0 181 0.2327
300 10 1.281 0 181 0.1731
300 10 1.291 0 181 0.1629
300 10 1.301 0 181 0.0079
300 10 1.311 0 181 0.0021
300 10 1.321 0 181 0.005
300 10 1.331 0 181 0.0053
300 10 1.341 0 181 0.0051
300 10 1.351 0 181 0.0032
300 10 1.361 0 181 0.0049
300 10 1.371 0 181 0.0007
300 10 1.381 0 181 0.042
300 10 1.391 0 181 0.0001
300 10 1.401 0 181 0.0114
300 10 1.411 0 181 0.027
300 10 1.421 0 181 0.1806
300 10 1.431 0 181 0.1743
300 10 1.441 0 181 0.1681
300 10 1.451 0 181 0.1925
300 10 1.461 0 181 0.0535
300 10 1.471 0 181 0.0113
300 10 1.481 0 181 0.017
300 10 1.491 0 181 0.0132
300 10 1.501 0 181 0.1012
300 10 1.511 0 181 0.1806
300 10 1.521 0 181 0.0656
300 10 1.531 0 181 0.0116
300 10 1.541 0 181 0.0129
300 10 1.551 0 181 0.0073
300 10 1.561 0 181 0.0148
300 10 1.571 0 181 0.0168
300 10 1.581 0 181 0.0156
300 10 1.591 0 181 0.1362
300 10 1.601 0 181 0.0788
300 10 1.611 0 181 0.0079
300 10 1.621 0 181 0.0063
300 10 1.631 0 181 0.0054
300 10 1.641 0 181 0.0116
300 10 1.651 0 181 0.0046
300 10 1.661 0 181 0.0003
300 10 1.671 0 181 0.0007
300 10 1.681 0 181 0.0123
300 10 1.691 0 181 0.0134
300 10 1.701 0 181 0.0084
300 10 1.711 0 181 0.0101
300 10 1.721 0 181 0.0071
300 10 1.731 0 181 0.0082
300 10 1.741 0 181 0.1281
300 10 1.751 0 181 0.0023
300 10 1.761 0 181 0.0394
300 10 1.771 0 181 0.1685
300 10 1.781 0 181 0.1522
300 10 1.791 0 181 0.0806
300 10 1.801 0 181 0.1566
300 10 1.811 0 181 0.1708
300 10 1.821 0 181 0.0539
300 10 1.831 0 181 0.4668
300 10 1.841 0 181 0.9812
300 10 1.851 0 181 0.1529
300 10 1.861 0 181 0.0462
300 10 1.871 0 181 0.0002
300 10 1.881 0 181 0.0558
300 10 1.891 0 181 0.1045
300 10 1.901 0 181 0.1622
300 10 1.911 0 181 0.1479
300 10 1.921 0 181 0.1376
300 10 1.931 0 181 0.1144
300 10 1.941 0 181 0.1102
300 10 1.951 0 181 0.1155
300 10 1.961 0 181 0.0926
300 10 1.971 0 181 0.1085
300 10 1.981 0 181 0.0865
300 10 1.991 0 181 0.0604
300 20 0.001 0 181 0.0794
300 20 0.011 0 181 0.1106
300 20 0.021 0 181 0.0577
300 20 0.031 0 181 0.0995
300 20 0.041 0 181 0.0476
300 20 0.051 0 181 0.1026
300 20 0.061 0 181 0.0545
300 20 0.071 0 181 0.0125
300 20 0.081 0 181 0.002
300 20 0.091 0 181 0.0566
300 20 0.101 0 181 0.0145
300 20 0.111 0 181 0.0044
300 20 0.121 0 181 0.0047
300 20 0.131 0 181 0.0031
300 20 0.141 0 181 0.001
300 20 0.151 0 181 0.0001
300 20 0.161 0 181 0.0009
300 20 0.171 0 181 0.0282
300 20 0.181 0 181 0.0837
300 20 0.191 0 181 0.0106
300 20 0.201 0 181 0.0179
300 20 0.211 0 181 0.0069
300 20 0.221 0 181 0.0084
300 20 0.231 0 181 0.0128
300 20 0.241 0 181 0.014
300 20 0.251 0 181 0.0079
300 20 0.261 0 181 0.0073
300 20 0.271 0 181 0.0108
300 20 0.281 0 181 0.0049
300 20 0.291 0 181 0.0075
300 20 0.301 0 181 0.0125
300 20 0.311 0 181 0.0106
300 20 0.321 0 181 0.0127
300 20 0.331 0 181 0.0064
300 20 0.341 0 181 0.0092
300 20 0.351 0 181 0.0055
300 20 0.361 0 181 0.0065
300 20 0.371 0 181 0.0162
300 20 0.381 0 181 0.0109
300 20 0.391 0 181 0.0083
300 20 0.401 0 181 0.0075
300 20 0.411 0 181 0.0148
300 20 0.421 0 181 0.0212
300 20 0.431 0 181 0.0152
300 20 0.441 0 181 0.0086
300 20 0.451 0 181 0.0067
300 20 0.461 0 181 0.0069
300 20 0.471 0 181 0.0076
300 20 0.481 0 181 0.0025
300 20 0.491 0 181 0.0034
300 20 0.501 0 181 0.0007
300 20 0.511 0 181 0.001
300 20 0.521 0 181 0.0019
300 20 0.531 0 181 0.0015
300 20 0.541 0 181 0.0016
300 20 0.551 0 181 0.0047
300 20 0.561 0 181 0.0021
300 20 0.571 0 181 0.0501
300 20 0.581 0 181 0.1322
300 20 0.591 0 181 0.0364
300 20 0.601 0 181 0.0293
300 20 0.611 0 181 0.0159
300 20 0.621 0 181 0.0167
300 20 0.631 0 181 0.0158
300 20 0.641 0 181 0.0128
300 20 0.651 0 181 0.0188
300 20 0.661 0 181 0.0134
300 20 0.671 0 181 0.0133
300 20 0.681 0 181 0.0162
300 20 0.691 0 181 0.0218
300 20 0.701 0 181 0.0206
300 20 0.711 0 181 0.016
300 20 0.721 0 181 0.0173
300 20 0.731 0 181 0.009
300 20 0.741 0 181 0.0108
300 20 0.751 0 181 0.008
300 20 0.761 0 181 0.0141
300 20 0.771 0 181 0.0127
300 20 0.781 0 181 0.0094
300 20 0.791 0 181 0.0182
300 20 0.801 0 181 0.0189
300 20 0.811 0 181 0.0112
300 20 0.821 0 181 0.0743
300 20 0.831 0 181 0.0273
300 20 0.841 0 181 0.1336
300 20 0.851 0 181 0.1111
300 20 0.861 0 181 0.1163
300 20 0.871 0 181 0.1225
300 20 0.881 0 181 0.0112
300 20 0.891 0 181 0.1642
300 20 0.901 0 181 0.4679
300 20 0.911 0 181 0.1942
300 20 0.921 0 181 0.0319
300 20 0.931 0 181 0.0399
300 20 0.941 0 181 0.0347
300 20 0.951 0 181 0.0396
300 20 0.961 0 181 0.0346
300 20 0.971 0 181 0.0318
300 20 0.981 0 181 0.0287
300 20 0.991 0 181 0.0325
300 20 1.001 0 181 0.4073
300 20 1.011 0 181 0.183
300 20 1.021 0 181 0.0914
300 20 1.031 0 181 0.1696
300 20 1.041 0 181 0.1732
300 20 1.051 0 181 0.1
300 20 1.061 0 181 0.0117
300 20 1.071 0 181 0.0079
300 20 1.081 0 181 0.0053
300 20 1.091 0 181 0.0124
300 20 1.101 0 181 0.0281
300 20 1.111 0 181 0.0108
300 20 1.121 0 181 0.0133
300 20 1.131 0 181 0.0183
300 20 1.141 0 181 0.0603
300 20 1.151 0 181 0.1308
300 20 1.161 0 181 0.0331
300 20 1.171 0 181 0.0438
300 20 1.181 0 181 0.0427
300 20 1.191 0 181 0.0357
300 20 1.201 0 181 0.1694
300 20 1.211 0 181 0.1726
300 20 1.221 0 181 0.013
300 20 1.231 0 181 0.0091
300 20 1.241 0 181 0.1537
300 20 1.251 0 181 0.2206
300 20 1.261 0 181 0.2058
300 20 1.271 0 181 0.1451
300 20 1.281 0 181 0.9335
300 20 1.291 0 181 1.001
300 20 1.301 0 181 0.9887
300 20 1.311 0 181 1.0055
300 20 1.321 0 181 0.4923
300 20 1.331 0 181 0.2211
300 20 1.341 0 181 0.2125
300 20 1.351 0 181 0.199
300 20 1.361 0 181 0.2341
300 20 1.371 0 181 0.1851
300 20 1.381 0 181 0.2118
300 20 1.391 0 181 0.1829
300 20 1.401 0 181 0.7852
300 20 1.411 0 181 0.9351
300 20 1.421 0 181 0.9757
300 20 1.431 0 181 0.9977
300 20 1.441 0 181 0.9637
300 20 1.451 0 181 0.9286
300 20 1.461 0 181 0.8681
300 20 1.471 0 181 0.768
300 20 1.481 0 181 0.773
300 20 1.491 0 181 0.7755
300 20 1.501 0 181 0.7507
300 20 1.511 0 181 0.7561
300 20 1.521 0 181 0.8007
300 20 1.531 0 181 0.7619
300 20 1.541 0 181 0.7749
300 20 1.551 0 181 0.4626
300 20 1.561 0 181 0.0155
300 20 1.571 0 181 0.0112
300 20 1.581 0 181 0.0061
300 20 1.591 0 181 0.0081
300 20 1.601 0 181 0.0146
300 20 1.611 0 181 0.0139
300 20 1.621 0 181 0.0194
300 20 1.631 0 181 0.0167
300 20 1.641 0 181 0.0121
300 20 1.651 0 181 0.0294
300 20 1.661 0 181 0.0251
300 20 1.671 0 181 0.0776
300 20 1.681 0 181 0.2018
300 20 1.691 0 181 0.1966
300 20 1.701 0 181 0.1808
300 20 1.711 0 181 0.1931
300 20 1.721 0 181 0.0238
300 20 1.731 0 181 0.0249
300 20 1.741 0 181 0.0171
300 20 1.751 0 181 0.1042
300 20 1.761 0 181 0.1912
300 20 1.771 0 181 0.1556
300 20 1.781 0 181 0.0821
300 20 1.791 0 181 0.0009
300 20 1.801 0 181 0.0023
300 20 1.811 0 181 0.0023
300 20 1.821 0 181 0.0111
300 20 1.831 0 181 0.1384
300 20 1.841 0 181 0.1533
300 20 1.851 0 181 0.1184
300 20 1.861 0 181 0.0029
300 20 1.871 0 181 0.0055
300 20 1.881 0 181 0.0767
300 20 1.891 0 181 0.1551
300 20 1.901 0 181 0.0032
300 20 1.911 0 181 0.001
300 20 1.921 0 181 0.0005
300 20 1.931 0 181 0.0016
300 20 1.941 0 181 0
300 20 1.951 0 181 0.0012
300 20 1.961 0 181 0.0003
300 20 1.971 0 181 0.0011
300 20 1.981 0 181 0.0009
300 20 1.991 0 181 0.0035
300 30 0.001 0 181 0.0034
300 30 0.011 0 181 0.001
300 30 0.021 0 181 0.0006
300 30 0.031 0 181 0.0011
300 30 0.041 0 181 0.0016
300 30 0.051 0 181 0.0006
300 30 0.061 0 181 0.0016
300 30 0.071 0 181 0.0053
300 30 0.081 0 181 0.0025
300 30 0.091 0 181 0.0018
300 30 0.101 0 181 0.0018
300 30 0.111 0 181 0.0024
300 30 0.121 0 181 0.0011
300 30 0.131 0 181 0.0016
300 30 0.141 0 181 0.0022
300 30 0.151 0 181 0.0015
300 30 0.161 0 181 0.0027
300 30 0.171 0 181 0.0012
300 30 0.181 0 181 0.0021
300 30 0.191 0 181 0.0008
300 30 0.201 0 181 0.0014
300 30 0.211 0 181 0.0026
300 30 0.221 0 181 0.0566
300 30 0.231 0 181 0.0034
300 30 0.241 0 181 0.0098
300 30 0.251 0 181 0.0182
300 30 0.261 0 181 0.0013
300 30 0.271 0 181 0.0051
300 30 0.281 0 181 0.0052
300 30 0.291 0 181 0.0036
300 30 0.301 0 181 0.0007
300 30 0.311 0 181 0.0094
300 30 0.321 0 181 0.0126
300 30 0.331 0 181 0.0214
300 30 0.341 0 181 0.0188
300 30 0.351 0 181 0.0262
300 30 0.361 0 181 0.0009
300 30 0.371 0 181 0.0063
300 30 0.381 0 181 0.0048
300 30 0.391 0 181 0.0131
300 30 0.401 0 181 0.1219
300 30 0.411 0 181 0.0528
300 30 0.421 0 181 0.003
300 30 0.431 0 181 0.0069
300 30 0.441 0 181 0.0067
300 30 0.451 0 181 0.0055
300 30 0.461 0 181 0.1148
300 30 0.471 0 181 0.1488
300 30 0.481 0 181 0.1216
300 30 0.491 0 181 0.1128
300 30 0.501 0 181 0.0154
300 30 0.511 0 181 0.0169
300 30 0.521 0 181 0.0127
300 30 0.531 0 181 0.0139
300 30 0.541 0 181 0.0346
300 30 0.551 0 181 0.0244
300 30 0.561 0 181 0.0287
300 30 0.571 0 181 0.0253
300 30 0.581 0 181 0.0334
300 30 0.591 0 181 0.1295
300 30 0.601 0 181 0.0335
300 30 0.611 0 181 0.0143
300 30 0.621 0 181 0.0341
300 30 0.631 0 181 0.1761
300 30 0.641 0 181 0.125
300 30 0.651 0 181 0.1531
300 30 0.661 0 181 0.1264
300 30 0.671 0 181 0.1032
300 30 0.681 0 181 0.0048
300 30 0.691 0 181 0.1101
300 30 0.701 0 181 0.0189
300 30 0.711 0 181 0.1039
300 30 0.721 0 181 0.0094
300 30 0.731 0 181 0.0232
300 30 0.741 0 181 0.1584
300 30 0.751 0 181 0.039
300 30 0.761 0 181 0.056
300 30 0.771 0 181 0.0947
300 30 0.781 0 181 0.1509
300 30 0.791 0 181 0.148
300 30 0.801 0 181 0.1447
300 30 0.811 0 181 0.1761
300 30 0.821 0 181 0.0834
300 30 0.831 0 181 0.0049
300 30 0.841 0 181 0.0217
300 30 0.851 0 181 0.0831
300 30 0.861 0 181 0.0029
300 30 0.871 0 181 0.1117
300 30 0.881 0 181 0.1842
300 30 0.891 0 181 0.0376
300 30 0.901 0 181 0.0099
300 30 0.911 0 181 0.0046
300 30 0.921 0 181 0.0019
300 30 0.931 0 181 0.0245
300 30 0.941 0 181 0.1219
300 30 0.951 0 181 0.0641
300 30 0.961 0 181 0.0137
300 30 0.971 0 181 0.0074
300 30 0.981 0 181 0.0074
300 30 0.991 0 181 0.0073
300 30 1.001 0 181 0.0461
300 30 1.011 0 181 0.1767
300 30 1.021 0 181 0.1675
300 30 1.031 0 181 0.1712
300 30 1.041 0 181 0.1494
300 30 1.051 0 181 0.0907
300 30 1.061 0 181 0.1581
300 30 1.071 0 181 0.1687
300 30 1.081 0 181 0.0292
300 30 1.091 0 181 0.0522
300 30 1.101 0 181 0.1988
300 30 1.111 0 181 0.3625
300 30 1.121 0 181 0.1888
300 30 1.131 0 181 0.1472
300 30 1.141 0 181 0.0057
300 30 1.151 0 181 0.0022
300 30 1.161 0 181 0.0016
300 30 1.171 0 181 0.001
300 30 1.181 0 181 0.0021
300 30 1.191 0 181 0.4392
300 30 1.201 0 181 0.9981
300 30 1.211 0 181 0.9999
300 30 1.221 0 181 0.9926
300 30 1.231 0 181 0.9893
300 30 1.241 0 181 0.9783
300 30 1.251 0 181 0.9889
300 30 1.261 0 181 0.9833
300 30 1.271 0 181 0.9939
300 30 1.281 0 181 0.9982
300 30 1.291 0 181 0.9985
300 30 1.301 0 181 0.9981
300 30 1.311 0 181 0.2949
300 30 1.321 0 181 0.2023
300 30 1.331 0 181 0.1723
300 30 1.341 0 181 0.3374
300 30 1.351 0 181 0.1617
300 30 1.361 0 181 0.1079
300 30 1.371 0 181 0.0226
300 30 1.381 0 181 0.0236
300 30 1.391 0 181 0.0847
300 30 1.401 0 181 0.0264
300 30 1.411 0 181 0.1109
300 30 1.421 0 181 0.1747
300 30 1.431 0 181 0.1844
300 30 1.441 0 181 0.0535
300 30 1.451 0 181 0.0086
300 30 1.461 0 181 0.003
300 30 1.471 0 181 0.0029
300 30 1.481 0 181 0.0038
300 30 1.491 0 181 0.0011
300 30 1.501 0 181 0.002
300 30 1.511 0 181 0.0016
300 30 1.521 0 181 0.0011
300 30 1.531 0 181 0.1135
300 30 1.541 0 181 0.187
300 30 1.551 0 181 0.1686
300 30 1.561 0 181 0.0027
300 30 1.571 0 181 0.0022
300 30 1.581 0 181 0.0015
300 30 1.591 0 181 0.1747
300 30 1.601 0 181 0.214
300 30 1.611 0 181 0.182
300 30 1.621 0 181 0.2352
300 30 1.631 0 181 0.2851
300 30 1.641 0 181 0.5087
300 30 1.651 0 181 0.7953
300 30 1.661 0 181 0.7128
300 30 1.671 0 181 0.83
300 30 1.681 0 181 0.8339
300 30 1.691 0 181 0.8466
300 30 1.701 0 181 0.8257
300 30 1.711 0 181 0.456
300 30 1.721 0 181 0.1865
300 30 1.731 0 181 0.1933
300 30 1.741 0 181 0.1556
300 30 1.751 0 181 0.0914
300 30 1.761 0 181 0.0629
300 30 1.771 0 181 0.0342
300 30 1.781 0 181 0.0438
300 30 1.791 0 181 0.0021
300 30 1.801 0 181 0.0011
300 30 1.811 0 181 0.0012
300 30 1.821 0 181 0.0007
300 30 1.831 0 181 0.0006
300 30 1.841 0 181 0.0004
300 30 1.851 0 181 0.0032
300 30 1.861 0 181 0.0007
300 30 1.871 0 181 0.0003
300 30 1.881 0 181 0.001
300 30 1.891 0 181 0.0001
300 30 1.901 0 181 0.0002
300 30 1.911 0 181 0.0004
300 30 1.921 0 181 0.0005
300 30 1.931 0 181 0.0006
300 30 1.941 0 181 0.0004
300 30 1.951 0 181 0.0009
300 30 1.961 0 181 0.001
300 30 1.971 0 181 0.0004
300 30 1.981 0 181 0.001
300 30 1.991 0 181 0.0007
300 40 0.001 2686.75 42903.6 101.284
300 40 0.011 2732.01 43450.8 102.866
300 40 0.021 2562.37 41452.3 98.9911
300 40 0.031 2439.38 40005.4 96.4595
300 40 0.041 2337.28 38805.4 94.0566
300 40 0.051 2204.94 37247.4 90.8026
300 40 0.061 2109.67 36131.3 88.871
300 40 0.071 2058.22 35528.5 87.8485
300 40 0.081 1935.46 34079.6 84.9665
300 40 0.091 1851.66 33097.9 83.3525
300 40 0.101 1744.94 31834.9 82.0029
300 40 0.111 1709.22 31416.5 81.0464
300 40 0.121 1625.26 30425.9 77.8431
300 40 0.131 1518.9 29166.5 75.6954
300 40 0.141 1413.64 27918.7 72.8549
300 40 0.151 1405.62 27824.9 72.7955
300 40 0.161 1319.59 26807.8 70.2287
300 40 0.171 1239.93 25862.5 68.1076
300 40 0.181 1199.43 25381.4 68.1756
300 40 0.191 1185.67 25220.5 68.4171
300 40 0.201 1113.55 24363.8 67.2822
300 40 0.211 1042.78 23523.4 65.006
300 40 0.221 1019.77 23251.6 65.1728
300 40 0.231 975.338 22720.7 64.9515
300 40 0.241 959.971 22541.2 64.5887
300 40 0.251 876.034 21539.9 62.8238
300 40 0.261 841.104 21123.4 62.0849
300 40 0.271 838.684 21094.2 62.3605
300 40 0.281 804.42 20686.7 62.3934
300 40 0.291 736.628 19876.2 60.77
300 40 0.301 711.108 19572.8 60.4596
300 40 0.311 693.748 19365.7 60.3326
300 40 0.321 663.34 19002.5 60.1473
300 40 0.331 649.597 18838.3 60.4012
300 40 0.341 607.368 18333.3 59.9987
300 40 0.351 591.038 18138 60.2713
300 40 0.361 558.952 17753.5 59.7116
300 40 0.371 564.951 17826.1 60.5761
300 40 0.381 549.765 17644.5 61.4822
300 40 0.391 534.993 17467.2 61.5944
300 40 0.401 519.54 17282.9 62.1947
300 40 0.411 508.243 17147.6 63.3538
300 40 0.421 466.845 16651.3 61.3524
300 40 0.431 466.811 16650.7 61.5784
300 40 0.441 440.919 16340.7 61.443
300 40 0.451 428.245 16188.7 62.9138
300 40 0.461 432.757 16242.8 64.0588
300 40 0.471 406.221 15924.7 63.5863
300 40 0.481 391.877 15752.8 63.9615
300 40 0.491 395.635 15797.8 64.6854
300 40 0.501 372.022 15514.8 64.1255
300 40 0.511 350.648 15258.2 63.7103
300 40 0.521 356.611 15329.8 64.2461
300 40 0.531 332.49 15040.4 64.1744
300 40 0.541 332.474 15040.2 65.0214
300 40 0.551 326.515 14968.8 65.6604
300 40 0.561 309.135 14760.2 65.54
300 40 0.571 309.093 14759.8 66.7063
300 40 0.581 302.742 14683.5 67.4206
300 40 0.591 296.923 14613.8 67.3887
300 40 0.601 293.17 14568.8 67.7695
300 40 0.611 285.604 14477.9 67.6688
300 40 0.621 263.858 14217 68.1584
300 40 0.631 260.405 14175.6 67.1342
300 40 0.641 249.58 14045.7 67.2131
300 40 0.651 251.309 14066.5 67.8336
300 40 0.661 245.46 13996.3 67.9727
300 40 0.671 256.936 14134 69.78
300 40 0.681 242.336 13958.8 70.019
300 40 0.691 239.473 13924.4 70.4257
300 40 0.701 228.934 13798 70.616
300 40 0.711 224.991 13750.7 70.6939
300 40 0.721 223.045 13727.3 71.2379
300 40 0.731 216.248 13645.8 72.9873
300 40 0.741 212.649 13602.6 73.9329
300 40 0.751 206.674 13530.9 75.0086
300 40 0.761 200.005 13450.8 74.9367
300 40 0.771 199.311 13442.5 74.3352
300 40 0.781 191.584 13349.8 73.9734
300 40 0.791 188.934 13318 74.7139
300 40 0.801 186.01 13282.9 77.1394
300 40 0.811 187.236 13297.6 78.088
300 40 0.821 175.632 13158.4 77.7351
300 40 0.831 174.316 13142.6 77.7344
300 40 0.841 176.725 13171.5 78.4062
300 40 0.851 165.34 13034.9 77.99
300 40 0.861 177.349 13179 80.4922
300 40 0.871 161.469 12988.4 78.8443
300 40 0.881 164.326 13022.7 80.4083
300 40 0.891 159.894 12969.5 80.8279
300 40 0.901 153.055 12887.4 81.2319
300 40 0.911 151.6 12870 81.8828
300 40 0.921 150.575 12857.7 82.9393
300 40 0.931 149.538 12845.2 83.6191
300 40 0.941 147.381 12819.4 84.2524
300 40 0.951 148.179 12828.9 86.4205
300 40 0.961 141.903 12753.6 87.6874
300 40 0.971 138.259 12709.9 87.5069
300 40 0.981 140.395 12735.5 89.3354
300 40 0.991 139.956 12730.3 90.5565
300 40 1.001 133.262 12649.9 91.0688
300 40 1.011 133.695 12655.1 92.3719
300 40 1.021 129.51 12604.9 93.7854
300 40 1.031 128.282 12590.2 93.5445
300 40 1.041 123.5 12532.8 94.0898
300 40 1.051 125.398 12555.6 95.4153
300 40 1.061 119.453 12484.2 94.6187
300 40 1.071 117.99 12466.7 95.7968
300 40 1.081 120.572 12497.6 97.5495
300 40 1.091 120.153 12492.6 98.1811
300 40 1.101 118.821 12476.6 98.461
300 40 1.111 117.261 12457.9 98.7373
300 40 1.121 115.754 12439.8 99.8759
300 40 1.131 117.715 12463.3 100.966
300 40 1.141 115.337 12434.8 100.538
300 40 1.151 114.446 12424.1 101.184
300 40 1.161 112.709 12403.3 101.038
300 40 1.171 114.084 12419.8 103.701
300 40 1.181 111.492 12388.7 103.096
300 40 1.191 111.093 12383.9 103.589
300 40 1.201 109.217 12361.4 103.072
300 40 1.211 111.31 12386.5 105.243
300 40 1.221 109.1 12360 104.235
300 40 1.231 108.468 12352.4 104.348
300 40 1.241 108.313 12350.5 105.238
300 40 1.251 106.693 12331.1 104.667
300 40 1.261 107.5 12340.8 105.771
300 40 1.271 105.397 12315.5 106.555
300 40 1.281 104.183 12301 106.545
300 40 1.291 104.619 12306.2 107.059
300 40 1.301 103.833 12296.8 107.483
300 40 1.311 102.011 12274.9 106.977
300 40 1.321 101.476 12268.5 108.378
300 40 1.331 102.528 12281.1 109.445
300 40 1.341 101.288 12266.2 110.787
300 40 1.351 100.812 12260.5 111.593
300 40 1.361 102.701 12283.2 112.726
300 40 1.371 99.9266 12249.9 112.349
300 40 1.381 101.623 12270.3 113.787
300 40 1.391 100.58 12257.7 112.718
300 40 1.401 100.911 12261.7 113.337
300 40 1.411 98.6619 12234.7 112.076
300 40 1.421 98.7544 12235.8 113.106
300 40 1.431 97.1728 12216.9 112.708
300 40 1.441 99.568 12245.6 116.433
300 40 1.451 97.526 12221.1 116.464
300 40 1.461 96.2731 12206 116.206
300 40 1.471 95.9162 12201.8 115.291
300 40 1.481 95.5746 12197.7 115.438
300 40 1.491 96.7209 12211.4 116.926
300 40 1.501 95.6235 12198.3 116.701
300 40 1.511 95.5205 12197 117.454
300 40 1.521 96.3206 12206.6 119.022
300 40 1.531 94.576 12185.7 118.368
300 40 1.541 94.7479 12187.8 118.954
300 40 1.551 94.0928 12179.9 118.999
300 40 1.561 93.9498 12178.2 119.18
300 40 1.571 93.5577 12173.5 119.816
300 40 1.581 94.911 12189.7 122.564
300 40 1.591 93.6381 12174.4 121.698
300 40 1.601 94.6023 12186 122.908
300 40 1.611 92.4687 12160.4 121.646
300 40 1.621 93.277 12170.1 122.857
300 40 1.631 94.039 12179.2 123.61
300 40 1.641 93.352 12171 123.426
300 40 1.651 93.9578 12178.3 124.257
300 40 1.661 94.5045 12184.8 123.46
300 40 1.671 92.5652 12161.6 122.204
300 40 1.681 92.4609 12160.3 122.563
300 40 1.691 91.9081 12153.7 122.503
300 40 1.701 91.9966 12154.7 122.452
300 40 1.711 92.7516 12163.8 124.277
300 40 1.721 92.464 12160.3 125.398
300 40 1.731 92.007 12154.9 123.996
300 40 1.741 91.6544 12150.6 123.929
300 40 1.751 92.2364 12157.6 124.646
300 40 1.761 90.9984 12142.8 123.158
300 40 1.771 91.5575 12149.5 124.018
300 40 1.781 91.864 12153.2 126.332
300 40 1.791 92.4306 12159.9 124.847
300 40 1.801 91.4378 12148 124.119
300 40 1.811 91.2753 12146.1 124.243
300 40 1.821 91.2772 12146.1 124.372
300 40 1.831 91.6299 12150.3 125.006
300 40 1.841 91.0036 12142.8 124.642
300 40 1.851 90.8572 12141.1 124.77
300 40 1.861 91.6059 12150 125.621
300 40 1.871 91.022 12143.1 126.394
300 40 1.881 90.2008 12133.2 126.869
300 40 1.891 91.3538 12147 128.525
300 40 1.901 91.6566 12150.6 128.295
300 40 1.911 90.6695 12138.8 126.861
300 40 1.921 90.8631 12141.1 127.1
300 40 1.931 90.9776 12142.5 127.61
300 40 1.941 90.3777 12135.3 126.954
300 40 1.951 90.6447 12138.5 127.32
300 40 1.961 90.5025 12136.8 127.174
300 40 1.971 90.3061 12134.4 126.934
300 40 1.981 90.7189 12139.4 127.639
300 40 1.991 90.7664 12140 127.041
400 10 0.001 0 181 0.0867
400 10 0.011 0 181 0.1115
400 10 0.021 0 181 0.0796
400 10 0.031 0 181 0.0991
400 10 0.041 0 181 0.102
400 10 0.051 0 181 0.1113
400 10 0.061 0 181 0.121
400 10 0.071 0 181 0.0734
400 10 0.081 0 181 0
400 10 0.091 0 181 0.0014
400 10 0.101 0 181 0.0004
400 10 0.111 0 181 0
400 10 0.121 0 181 0.0225
400 10 0.131 0 181 0.1279
400 10 0.141 0 181 0.1259
400 10 0.151 0 181 0.0014
400 10 0.161 0 181 0.0056
400 10 0.171 0 181 0.0049
400 10 0.181 0 181 0.0076
400 10 0.191 0 181 0.0139
400 10 0.201 0 181 0.0128
400 10 0.211 0 181 0.0017
400 10 0.221 0 181 0.0031
400 10 0.231 0 181 0.0116
400 10 0.241 0 181 0.0188
400 10 0.251 0 181 0.0125
400 10 0.261 0 181 0.0144
400 10 0.271 0 181 0.006
400 10 0.281 0 181 0.0062
400 10 0.291 0 181 0.0078
400 10 0.301 0 181 0.0103
400 10 0.311 0 181 0.0089
400 10 0.321 0 181 0.0055
400 10 0.331 0 181 0.1002
400 10 0.341 0 181 0.102
400 10 0.351 0 181 0.0591
400 10 0.361 0 181 0.0059
400 10 0.371 0 181 0.0074
400 10 0.381 0 181 0.0083
400 10 0.391 0 181 0.0063
400 10 0.401 0 181 0.0374
400 10 0.411 0 181 0.1437
400 10 0.421 0 181 0.1246
400 10 0.431 0 181 0.1126
400 10 0.441 0 181 0.1246
400 10 0.451 0 181 0.1409
400 10 0.461 0 181 0.1459
400 10 0.471 0 181 0.0723
400 10 0.481 0 181 0.002
400 10 0.491 0 181 0.0009
400 10 0.501 0 181 0.0002
400 10 0.511 0 181 0.0023
400 10 0.521 0 181 0.0016
400 10 0.531 0 181 0.001
400 10 0.541 0 181 0
400 10 0.551 0 181 0
400 10 0.561 0 181 0.0103
400 10 0.571 0 181 0.145
400 10 0.581 0 181 0.1337
400 10 0.591 0 181 0.0546
400 10 0.601 0 181 0.0051
400 10 0.611 0 181 0.0066
400 10 0.621 0 181 0.1458
400 10 0.631 0 181 0.0588
400 10 0.641 0 181 0.017
400 10 0.651 0 181 0.0112
400 10 0.661 0 181 0.0183
400 10 0.671 0 181 0.0208
400 10 0.681 0 181 0.0394
400 10 0.691 0 181 0.1517
400 10 0.701 0 181 0.1668
400 10 0.711 0 181 0.1663
400 10 0.721 0 181 0.1318
400 10 0.731 0 181 0.0077
400 10 0.741 0 181 0.0115
400 10 0.751 0 181 0.0105
400 10 0.761 0 181 0.0797
400 10 0.771 0 181 0.1565
400 10 0.781 0 181 0.1637
400 10 0.791 0 181 0.156
400 10 0.801 0 181 0.1548
400 10 0.811 0 181 0.0611
400 10 0.821 0 181 0.0508
400 10 0.831 0 181 0.0855
400 10 0.841 0 181 0.0031
400 10 0.851 0 181 0.0033
400 10 0.861 0 181 0.0468
400 10 0.871 0 181 0.1569
400 10 0.881 0 181 0.1599
400 10 0.891 0 181 0.1548
400 10 0.901 0 181 0.0578
400 10 0.911 0 181 0.0309
400 10 0.921 0 181 0.0289
400 10 0.931 0 181 0.0046
400 10 0.941 0 181 0.0071
400 10 0.951 0 181 0.0049
400 10 0.961 0 181 0.0022
400 10 0.971 0 181 0.1383
400 10 0.981 0 181 0.1705
400 10 0.991 0 181 0.1675
400 10 1.001 0 181 0.1486
400 10 1.011 0 181 0.0147
400 10 1.021 0 181 0.0324
400 10 1.031 0 181 0.0322
400 10 1.041 0 181 0.0184
400 10 1.051 0 181 0.0879
400 10 1.061 0 181 0.0426
400 10 1.071 0 181 0.189
400 10 1.081 0 181 0.1685
400 10 1.091 0 181 0.1732
400 10 1.101 0 181 0.1762
400 10 1.111 0 181 0.0753
400 10 1.121 0 181 0.0063
400 10 1.131 0 181 0.0094
400 10 1.141 0 181 0.0239
400 10 1.151 0 181 0.0619
400 10 1.161 0 181 0.0505
400 10 1.171 0 181 0.0221
400 10 1.181 0 181 0.0183
400 10 1.191 0 181 0.0179
400 10 1.201 0 181 0.1429
400 10 1.211 0 181 0.054
400 10 1.221 0 181 0.0535
400 10 1.231 0 181 0.002
400 10 1.241 0 181 0.0482
400 10 1.251 0 181 0.055
400 10 1.261 0 181 0.0378
400 10 1.271 0 181 0.0018
400 10 1.281 0 181 0.0011
400 10 1.291 0 181 0.0757
400 10 1.301 0 181 0.0338
400 10 1.311 0 181 0.1008
400 10 1.321 0 181 0.2078
400 10 1.331 0 181 0.0041
400 10 1.341 0 181 0.006
400 10 1.351 0 181 0.0047
400 10 1.361 0 181 0.0053
400 10 1.371 0 181 0.0062
400 10 1.381 0 181 0.0035
400 10 1.391 0 181 0.0792
400 10 1.401 0 181 0.2273
400 10 1.411 0 181 0.0403
400 10 1.421 0 181 0.1898
400 10 1.431 0 181 0.6082
400 10 1.441 0 181 0.7831
400 10 1.451 0 181 0.7798
400 10 1.461 0 181 0.7526
400 10 1.471 0 181 0.7187
400 10 1.481 0 181 0.7572
400 10 1.491 0 181 0.1963
400 10 1.501 0 181 0.2154
400 10 1.511 0 181 0.164
400 10 1.521 0 181 0.2295
400 10 1.531 0 181 0.1494
400 10 1.541 0 181 0.1921
400 10 1.551 0 181 0.1847
400 10 1.561 0 181 0.0609
400 10 1.571 0 181 0.0089
400 10 1.581 0 181 0.0041
400 10 1.591 0 181 0.1508
400 10 1.601 0 181 0.0789
400 10 1.611 0 181 0.018
400 10 1.621 0 181 0.0081
400 10 1.631 0 181 0.0124
400 10 1.641 0 181 0.0183
400 10 1.651 0 181 0.0151
400 10 1.661 0 181 0.0045
400 10 1.671 0 181 0.0142
400 10 1.681 0 181 0.0231
400 10 1.691 0 181 0.0102
400 10 1.701 0 181 0.1116
400 10 1.711 0 181 0.1152
400 10 1.721 0 181 0.1513
400 10 1.731 0 181 0.03
400 10 1.741 0 181 0.0018
400 10 1.751 0 181 0.006
400 10 1.761 0 181 0.0037
400 10 1.771 0 181 0.0028
400 10 1.781 0 181 0.0035
400 10 1.791 0 181 0.0032
400 10 1.801 0 181 0.0667
400 10 1.811 0 181 0.1048
400 10 1.821 0 181 0.2045
400 10 1.831 0 181 0.1623
400 10 1.841 0 181 0.0417
400 10 1.851 0 181 0.0018
400 10 1.861 0 181 0.0029
400 10 1.871 0 181 0.004
400 10 1.881 0 181 0.0843
400 10 1.891 0 181 0.1584
400 10 1.901 0 181 0.1537
400 10 1.911 0 181 0.1067
400 10 1.921 0 181 0.1199
400 10 1.931 0 181 0.1342
400 10 1.941 0 181 0.1121
400 10 1.951 0 181 0.1354
400 10 1.961 0 181 0.1067
400 10 1.971 0 181 0.0222
400 10 1.981 0 181 0.0069
400 10 1.991 0 181 0.0155
400 20 0.001 0 181 0.0034
400 20 0.011 0 181 0.0063
400 20 0.021 0 181 0.0065
400 20 0.031 0 181 0.0067
400 20 0.041 0 181 0.0003
400 20 0.051 0 181 0.0029
400 20 0.061 0 181 0.0007
400 20 0.071 0 181 0.0027
400 20 0.081 0 181 0.0007
400 20 0.091 0 181 0.0025
400 20 0.101 0 181 0.0053
400 20 0.111 0 181 0.0039
400 20 0.121 0 181 0.0072
400 20 0.131 0 181 0.0077
400 20 0.141 0 181 0.0038
400 20 0.151 0 181 0.0042
400 20 0.161 0 181 0.0025
400 20 0.171 0 181 0.0067
400 20 0.181 0 181 0.0046
400 20 0.191 0 181 0.1179
400 20 0.201 0 181 0.1297
400 20 0.211 0 181 0.1374
400 20 0.221 0 181 0.1156
400 20 0.231 0 181 0.0207
400 20 0.241 0 181 0.0106
400 20 0.251 0 181 0.0172
400 20 0.261 0 181 0.0152
400 20 0.271 0 181 0.1476
400 20 0.281 0 181 0.0529
400 20 0.291 0 181 0.0225
400 20 0.301 0 181 0.0158
400 20 0.311 0 181 0.0177
400 20 0.321 0 181 0.0146
400 20 0.331 0 181 0.0108
400 20 0.341 0 181 0.016
400 20 0.351 0 181 0.0805
400 20 0.361 0 181 0.0034
400 20 0.371 0 181 0.0009
400 20 0.381 0 181 0.0004
400 20 0.391 0 181 0.0008
400 20 0.401 0 181 0.005
400 20 0.411 0 181 0.0021
400 20 0.421 0 181 0.0052
400 20 0.431 0 181 0.0074
400 20 0.441 0 181 0.0029
400 20 0.451 0 181 0.0055
400 20 0.461 0 181 0.0984
400 20 0.471 0 181 0.1256
400 20 0.481 0 181 0.1189
400 20 0.491 0 181 0.0959
400 20 0.501 0 181 0.0768
400 20 0.511 0 181 0.0495
400 20 0.521 0 181 0.0224
400 20 0.531 0 181 0.0164
400 20 0.541 0 181 0.0081
400 20 0.551 0 181 0.007
400 20 0.561 0 181 0.007
400 20 0.571 0 181 0.0042
400 20 0.581 0 181 0.0062
400 20 0.591 0 181 0.0055
400 20 0.601 0 181 0.01
400 20 0.611 0 181 0.0066
400 20 0.621 0 181 0.0062
400 20 0.631 0 181 0.0039
400 20 0.641 0 181 0.0075
400 20 0.651 0 181 0.007
400 20 0.661 0 181 0.0246
400 20 0.671 0 181 0.0011
400 20 0.681 0 181 0.002
400 20 0.691 0 181 0.0014
400 20 0.701 0 181 0.0017
400 20 0.711 0 181 0.0025
400 20 0.721 0 181 0.0109
400 20 0.731 0 181 0.0309
400 20 0.741 0 181 0.0289
400 20 0.751 0 181 0.0222
400 20 0.761 0 181 0.011
400 20 0.771 0 181 0.0118
400 20 0.781 0 181 0.0112
400 20 0.791 0 181 0.0088
400 20 0.801 0 181 0.0205
400 20 0.811 0 181 0.001
400 20 0.821 0 181 0.1448
400 20 0.831 0 181 0.9993
400 20 0.841 0 181 0.9959
400 20 0.851 0 181 0.9988
400 20 0.861 0 181 1.0013
400 20 0.871 0 181 1.001
400 20 0.881 0 181 1.0007
400 20 0.891 0 181 0.9986
400 20 0.901 0 181 0.9991
400 20 0.911 0 181 0.9913
400 20 0.921 0 181 1.0037
400 20 0.931 0 181 1.0096
400 20 0.941 0 181 0.1376
400 20 0.951 0 181 0.0063
400 20 0.961 0 181 0.0082
400 20 0.971 0 181 0.0061
400 20 0.981 0 181 0.0044
400 20 0.991 0 181 0.0039
400 20 1.001 0 181 0.0015
400 20 1.011 0 181 0.0032
400 20 1.021 0 181 0.0035
400 20 1.031 0 181 0.0028
400 20 1.041 0 181 0.0036
400 20 1.051 0 181 0.0029
400 20 1.061 0 181 0.0841
400 20 1.071 0 181 0.0438
400 20 1.081 0 181 0.0062
400 20 1.091 0 181 0.0038
400 20 1.101 0 181 0.1274
400 20 1.111 0 181 0.2064
400 20 1.121 0 181 0.1769
400 20 1.131 0 181 0.0734
400 20 1.141 0 181 0.014
400 20 1.151 0 181 0.0193
400 20 1.161 0 181 0.0175
400 20 1.171 0 181 0.0213
400 20 1.181 0 181 0.0101
400 20 1.191 0 181 0.0019
400 20 1.201 0 181 0.0288
400 20 1.211 0 181 0.0009
400 20 1.221 0 181 0.0004
400 20 1.231 0 181 0.0042
400 20 1.241 0 181 0.1331
400 20 1.251 0 181 0.0357
400 20 1.261 0 181 0.1836
400 20 1.271 0 181 0.3344
400 20 1.281 0 181 0.167
400 20 1.291 0 181 0.1635
400 20 1.301 0 181 0.1904
400 20 1.311 0 181 0.1754
400 20 1.321 0 181 0.18
400 20 1.331 0 181 0.1785
400 20 1.341 0 181 0.1175
400 20 1.351 0 181 0.1855
400 20 1.361 0 181 0.0095
400 20 1.371 0 181 0.0066
400 20 1.381 0 181 0.0059
400 20 1.391 0 181 0.0047
400 20 1.401 0 181 0.0024
400 20 1.411 0 181 0.0041
400 20 1.421 0 181 0.0052
400 20 1.431 0 181 0.006
400 20 1.441 0 181 0.004
400 20 1.451 0 181 0.0033
400 20 1.461 0 181 0.0032
400 20 1.471 0 181 0.0694
400 20 1.481 0 181 0.0543
400 20 1.491 0 181 0.0112
400 20 1.501 0 181 0.0057
400 20 1.511 0 181 0.0167
400 20 1.521 0 181 0.0151
400 20 1.531 0 181 0.0113
400 20 1.541 0 181 0.0102
400 20 1.551 0 181 0.0165
400 20 1.561 0 181 0.0244
400 20 1.571 0 181 0.0188
400 20 1.581 0 181 0.0153
400 20 1.591 0 181 0.018
400 20 1.601 0 181 0.0877
400 20 1.611 0 181 0.0029
400 20 1.621 0 181 0.0957
400 20 1.631 0 181 0.1892
400 20 1.641 0 181 0.1675
400 20 1.651 0 181 0.1687
400 20 1.661 0 181 0.0205
400 20 1.671 0 181 0.0012
400 20 1.681 0 181 0.0017
400 20 1.691 0 181 0.0012
400 20 1.701 0 181 0.0052
400 20 1.711 0 181 0.0012
400 20 1.721 0 181 0.0729
400 20 1.731 0 181 0.0033
400 20 1.741 0 181 0.0036
400 20 1.751 0 181 0.0026
400 20 1.761 0 181 0.0027
400 20 1.771 0 181 0.0027
400 20 1.781 0 181 0.0013
400 20 1.791 0 181 0.1227
400 20 1.801 0 181 0.0471
400 20 1.811 0 181 0.1752
400 20 1.821 0 181 0.1567
400 20 1.831 0 181 0.11
400 20 1.841 0 181 0.1301
400 20 1.851 0 181 0.1393
400 20 1.861 0 181 0.1596
400 20 1.871 0 181 0.1168
400 20 1.881 0 181 0.0576
400 20 1.891 0 181 0.1492
400 20 1.901 0 181 0.119
400 20 1.911 0 181 0.1364
400 20 1.921 0 181 0.1199
400 20 1.931 0 181 0.1207
400 20 1.941 0 181 0.042
400 20 1.951 0 181 0.0409
400 20 1.961 0 181 0.1246
400 20 1.971 0 181 0.0943
400 20 1.981 0 181 0.0446
400 20 1.991 0 181 0.0447
400 30 0.001 0 181 0.0819
400 30 0.011 0 181 0.0686
400 30 0.021 0 181 0.0107
400 30 0.031 0 181 0.0028
400 30 0.041 0 181 0.006
400 30 0.051 0 181 0.0108
400 30 0.061 0 181 0.0167
400 30 0.071 0 181 0.015
400 30 0.081 0 181 0.0115
400 30 0.091 0 181 0.003
400 30 0.101 0 181 0.0482
400 30 0.111 0 181 0.1396
400 30 0.121 0 181 0.1124
400 30 0.131 0 181 0.0705
400 30 0.141 0 181 0.0039
400 30 0.151 0 181 0.0037
400 30 0.161 0 181 0.0425
400 30 0.171 0 181 0.1127
400 30 0.181 0 181 0.1201
400 30 0.191 0 181 0.1224
400 30 0.201 0 181 0.1038
400 30 0.211 0 181 0.0624
400 30 0.221 0 181 0.0257
400 30 0.231 0 181 0.134
400 30 0.241 0 181 0.1266
400 30 0.251 0 181 0.0918
400 30 0.261 0 181 0.0726
400 30 0.271 0 181 0.0429
400 30 0.281 0 181 0.1123
400 30 0.291 0 181 0.1292
400 30 0.301 0 181 0.1121
400 30 0.311 0 181 0.1362
400 30 0.321 0 181 0.1275
400 30 0.331 0 181 0.1216
400 30 0.341 0 181 0.1168
400 30 0.351 0 181 0.1051
400 30 0.361 0 181 0.0208
400 30 0.371 0 181 0.0033
400 30 0.381 0 181 0.0008
400 30 0.391 0 181 0.0343
400 30 0.401 0 181 0.0585
400 30 0.411 0 181 0.0598
400 30 0.421 0 181 0.0434
400 30 0.431 0 181 0.0081
400 30 0.441 0 181 0.0823
400 30 0.451 0 181 0.0016
400 30 0.461 0 181 0.0022
400 30 0.471 0 181 0.0017
400 30 0.481 0 181 0.0066
400 30 0.491 0 181 0.0079
400 30 0.501 0 181 0.0061
400 30 0.511 0 181 0.0027
400 30 0.521 0 181 0.0096
400 30 0.531 0 181 0.0232
400 30 0.541 0 181 0.0021
400 30 0.551 0 181 0.0005
400 30 0.561 0 181 0.0002
400 30 0.571 0 181 0.0008
400 30 0.581 0 181 0.0035
400 30 0.591 0 181 0.1029
400 30 0.601 0 181 0.1029
400 30 0.611 0 181 0.1598
400 30 0.621 0 181 0.1214
400 30 0.631 0 181 0.1373
400 30 0.641 0 181 0.1722
400 30 0.651 0 181 0.1402
400 30 0.661 0 181 0.1402
400 30 0.671 0 181 0.0682
400 30 0.681 0 181 0.0099
400 30 0.691 0 181 0.0069
400 30 0.701 0 181 0.0047
400 30 0.711 0 181 0.0071
400 30 0.721 0 181 0.0072
400 30 0.731 0 181 0.0058
400 30 0.741 0 181 0.0034
400 30 0.751 0 181 0.0083
400 30 0.761 0 181 0.007
400 30 0.771 0 181 0.003
400 30 0.781 0 181 0.0058
400 30 0.791 0 181 0.005
400 30 0.801 0 181 0.0094
400 30 0.811 0 181 0.0035
400 30 0.821 0 181 0.0054
400 30 0.831 0 181 0.0026
400 30 0.841 0 181 0.0052
400 30 0.851 0 181 0.034
400 30 0.861 0 181 0.1621
400 30 0.871 0 181 0.0682
400 30 0.881 0 181 0.0022
400 30 0.891 0 181 0.01
400 30 0.901 0 181 0.0083
400 30 0.911 0 181 0.0676
400 30 0.921 0 181 0.1843
400 30 0.931 0 181 0.1767
400 30 0.941 0 181 0.1013
400 30 0.951 0 181 0.0124
400 30 0.961 0 181 0.0084
400 30 0.971 0 181 0.0064
400 30 0.981 0 181 0.0064
400 30 0.991 0 181 0.0069
400 30 1.001 0 181 0.006
400 30 1.011 0 181 0.0086
400 30 1.021 0 181 0.0037
400 30 1.031 0 181 0.0079
400 30 1.041 0 181 0.0032
400 30 1.051 0 181 0.0968
400 30 1.061 0 181 0.193
400 30 1.071 0 181 0.1248
400 30 1.081 0 181 0.1322
400 30 1.091 0 181 0.1666
400 30 1.101 0 181 0.2186
400 30 1.111 0 181 0.1828
400 30 1.121 0 181 0.1711
400 30 1.131 0 181 0.1742
400 30 1.141 0 181 0.0719
400 30 1.151 0 181 0.0287
400 30 1.161 0 181 0.0058
400 30 1.171 0 181 0.0503
400 30 1.181 0 181 0.1541
400 30 1.191 0 181 0.1765
400 30 1.201 0 181 0.1838
400 30 1.211 0 181 0.2005
400 30 1.221 0 181 0.1077
400 30 1.231 0 181 0.1971
400 30 1.241 0 181 0.2147
400 30 1.251 0 181 0.1756
400 30 1.261 0 181 0.0213
400 30 1.271 0 181 0.0622
400 30 1.281 0 181 0.1817
400 30 1.291 0 181 0.0417
400 30 1.301 0 181 0.0122
400 30 1.311 0 181 0.0132
400 30 1.321 0 181 0.012
400 30 1.331 0 181 0.0103
400 30 1.341 0 181 0.0108
400 30 1.351 0 181 0.01
400 30 1.361 0 181 0.0793
400 30 1.371 0 181 0.19
400 30 1.381 0 181 0.1475
400 30 1.391 0 181 0.1488
400 30 1.401 0 181 0.023
400 30 1.411 0 181 0.1591
400 30 1.421 0 181 0.0197
400 30 1.431 0 181 0.0042
400 30 1.441 0 181 0.0088
400 30 1.451 0 181 0.0278
400 30 1.461 0 181 0.1873
400 30 1.471 0 181 0.3414
400 30 1.481 0 181 0.8501
400 30 1.491 0 181 0.8246
400 30 1.501 0 181 0.8365
400 30 1.511 0 181 0.8278
400 30 1.521 0 181 0.4683
400 30 1.531 0 181 0.0127
400 30 1.541 0 181 0.0185
400 30 1.551 0 181 0.0068
400 30 1.561 0 181 0.0068
400 30 1.571 0 181 0.0173
400 30 1.581 0 181 0.0023
400 30 1.591 0 181 0.0017
400 30 1.601 0 181 0.0003
400 30 1.611 0 181 0.0006
400 30 1.621 0 181 0.0008
400 30 1.631 0 181 0.002
400 30 1.641 0 181 0.032
400 30 1.651 0 181 0.0518
400 30 1.661 0 181 0.0471
400 30 1.671 0 181 0.0427
400 30 1.681 0 181 0.0502
400 30 1.691 0 181 0.0586
400 30 1.701 0 181 0.0576
400 30 1.711 0 181 0.047
400 30 1.721 0 181 0.0366
400 30 1.731 0 181 0.0829
400 30 1.741 0 181 0.093
400 30 1.751 0 181 0.1547
400 30 1.761 0 181 0.0141
400 30 1.771 0 181 0.016
400 30 1.781 0 181 0.1177
400 30 1.791 0 181 0.1707
400 30 1.801 0 181 0.123
400 30 1.811 0 181 0.1433
400 30 1.821 0 181 0.1364
400 30 1.831 0 181 0.1065
400 30 1.841 0 181 0.0066
400 30 1.851 0 181 0.0144
400 30 1.861 0 181 0.0036
400 30 1.871 0 181 0.0126
400 30 1.881 0 181 0.0647
400 30 1.891 0 181 0.0911
400 30 1.901 0 181 0.1093
400 30 1.911 0 181 0.1332
400 30 1.921 0 181 0.1157
400 30 1.931 0 181 0.1006
400 30 1.941 0 181 0.1309
400 30 1.951 0 181 0.0105
400 30 1.961 0 181 0.012
400 30 1.971 0 181 0.0028
400 30 1.981 0 181 0.0027
400 30 1.991 0 181 0.0017
400 40 0.001 3766.21 57819.3 136.903
400 40 0.011 3800.16 58238.9 138.557
400 40 0.021 3520.72 54944.4 131.466
400 40 0.031 3399.73 53528.2 130.008
400 40 0.041 3302.4 52387.5 128.342
400 40 0.051 3087.54 49853.8 122.918
400 40 0.061 2994.69 48766.3 120.457
400 40 0.071 2852.87 47100 116.73
400 40 0.081 2771.42 46145.5 111.826
400 40 0.091 2600.74 44129.2 107.776
400 40 0.101 2556.91 43616.3 106.802
400 40 0.111 2317.82 40786.6 99.8677
400 40 0.121 2221.61 39650.3 100.017
400 40 0.131 2153.99 38854.5 98.3823
400 40 0.141 2104.27 38273.3 97.2773
400 40 0.151 1924.61 36137.8 93.1926
400 40 0.161 1763.49 34222 89.1576
400 40 0.171 1747.91 34042.1 89.6126
400 40 0.181 1688.99 33349.1 87.603
400 40 0.191 1721.06 33736.4 89.1316
400 40 0.201 1526.88 31419.4 85.31
400 40 0.211 1452.94 30543.1 83.5485
400 40 0.221 1455.37 30576.7 83.3779
400 40 0.231 1367.64 29531.5 81.7947
400 40 0.241 1358.6 29424.4 82.4561
400 40 0.251 1272.81 28404.9 80.3573
400 40 0.261 1240.08 28015.6 80.0333
400 40 0.271 1140.19 26820.3 78.2461
400 40 0.281 1086.35 26178.2 77.4148
400 40 0.291 1082.88 26140.6 77.6043
400 40 0.301 1029.66 25505 77.0313
400 40 0.311 984.416 24962.6 76.2838
400 40 0.321 970.753 24801.2 76.589
400 40 0.331 896.271 23909.9 75.1627
400 40 0.341 891.779 23857.6 75.4336
400 40 0.351 859.806 23474.5 75.8933
400 40 0.361 804.294 22810 75.255
400 40 0.371 796.494 22716.6 75.848
400 40 0.381 735.045 21980.8 75.9294
400 40 0.391 749.412 22153.5 76.6011
400 40 0.401 736.133 21994.6 76.7565
400 40 0.411 693.504 21483.8 76.6326
400 40 0.421 658.456 21063.6 77.3766
400 40 0.431 633.293 20762 77.9591
400 40 0.441 638.535 20825.4 78.9309
400 40 0.451 615.288 20546.8 79.5217
400 40 0.461 596.133 20317.2 79.3699
400 40 0.471 599.223 20354.3 79.987
400 40 0.481 549.321 19755.9 78.8187
400 40 0.491 547.489 19733.8 80.7424
400 40 0.501 514.175 19334.4 78.7019
400 40 0.511 497.671 19136.4 78.8782
400 40 0.521 506.483 19242.2 80.1817
400 40 0.531 490.717 19053.2 81.0568
400 40 0.541 490.434 19049.7 82.135
400 40 0.551 451.819 18586.4 82.1551
400 40 0.561 444.641 18500.2 82.9934
400 40 0.571 429.178 18314.8 82.955
400 40 0.581 422.721 18237.3 83.9643
400 40 0.591 416.088 18157.8 84.1421
400 40 0.601 410.458 18090.2 84.3514
400 40 0.611 387.106 17809.9 83.8708
400 40 0.621 375.223 17667.4 83.3803
400 40 0.631 377.863 17699.1 85.1239
400 40 0.641 373.181 17642.9 86.5988
400 40 0.651 355.803 17434.4 87.2608
400 40 0.661 352.849 17399 88.4077
400 40 0.671 338.856 17231 86.9494
400 40 0.681 348.956 17352.3 90.2076
400 40 0.691 315.274 16948 87.9687
400 40 0.701 313.625 16928.3 89.652
400 40 0.711 317.32 16972.6 90.6488
400 40 0.721 317.648 16976.5 91.435
400 40 0.731 297.404 16733.6 91.0204
400 40 0.741 300.482 16770.6 92.3489
400 40 0.751 293.891 16691.5 93.2925
400 40 0.761 285.228 16587.5 94.3625
400 40 0.771 285.179 16586.9 97.0388
400 40 0.781 278.028 16501.1 95.1554
400 40 0.791 266.279 16360.1 95.2177
400 40 0.801 267.847 16378.9 96.4621
400 40 0.811 260.569 16291.6 97.0271
400 40 0.821 254.916 16223.8 99.4291
400 40 0.831 251.982 16188.6 100.753
400 40 0.841 243.551 16087.4 100.416
400 40 0.851 244.669 16100.8 101.627
400 40 0.861 243.71 16089.3 102.384
400 40 0.871 238.318 16024.6 104.333
400 40 0.881 223.531 15847.1 102.581
400 40 0.891 220.787 15814.2 104.838
400 40 0.901 217.667 15776.8 104.837
400 40 0.911 219.189 15795 107.331
400 40 0.921 214.812 15742.5 108.713
400 40 0.931 206.105 15638 109.333
400 40 0.941 205.295 15628.3 110.033
400 40 0.951 211.172 15698.8 112.842
400 40 0.961 207.116 15650.2 114.103
400 40 0.971 192.1 15470 111.709
400 40 0.981 197.346 15532.9 115.347
400 40 0.991 189.628 15440.3 115.383
400 40 1.001 187.07 15409.6 116.209
400 40 1.011 182.288 15352.2 116.608
400 40 1.021 186.408 15401.7 120.427
400 40 1.031 186.746 15405.7 121.756
400 40 1.041 179.302 15316.4 121.36
400 40 1.051 171.654 15224.6 121.652
400 40 1.061 173.755 15249.8 123.891
400 40 1.071 176.971 15288.4 125.691
400 40 1.081 170.381 15209.4 125.63
400 40 1.091 169.321 15196.6 127.213
400 40 1.101 167.512 15174.9 128.136
400 40 1.111 168.1 15182 130.086
400 40 1.121 166.344 15160.9 131.344
400 40 1.131 162.178 15110.9 129.762
400 40 1.141 159.859 15083.1 131.472
400 40 1.151 164.383 15137.4 134.12
400 40 1.161 162.086 15109.8 134.766
400 40 1.171 154.226 15015.5 132.459
400 40 1.181 154.435 15018 133.765
400 40 1.191 158.875 15071.3 136.499
400 40 1.201 157.331 15052.7 137.063
400 40 1.211 153.035 15001.2 137.999
400 40 1.221 155.198 15027.2 138.488
400 40 1.231 153.289 15004.2 137.334
400 40 1.241 152.401 14993.6 139.722
400 40 1.251 152.379 14993.3 139.227
400 40 1.261 148.513 14946.9 138.847
400 40 1.271 147.435 14934 139.933
400 40 1.281 148.233 14943.6 140.597
400 40 1.291 149.722 14961.5 141.703
400 40 1.301 145.308 14908.5 141.518
400 40 1.311 145.702 14913.2 142.012
400 40 1.321 145.128 14906.3 144.026
400 40 1.331 144.805 14902.4 144.854
400 40 1.341 143.052 14881.4 145.095
400 40 1.351 145.447 14910.1 147.558
400 40 1.361 145.579 14911.7 149.229
400 40 1.371 142.517 14875 148.221
400 40 1.381 142.171 14870.8 150.764
400 40 1.391 142.984 14880.6 151.39
400 40 1.401 139.187 14835 149.088
400 40 1.411 139.903 14843.6 151.605
400 40 1.421 142.107 14870.1 153.098
400 40 1.431 138.291 14824.3 152.474
400 40 1.441 138.193 14823.1 153.712
400 40 1.451 139.618 14840.2 154.928
400 40 1.461 136.094 14797.9 154.359
400 40 1.471 136.501 14802.8 154.125
400 40 1.481 134.459 14778.3 154.69
400 40 1.491 136.624 14804.3 156.748
400 40 1.501 137.09 14809.9 157.342
400 40 1.511 136.775 14806.1 158.582
400 40 1.521 137.408 14813.7 160.217
400 40 1.531 133.787 14770.2 157.277
400 40 1.541 134.194 14775.1 158.298
400 40 1.551 134.116 14774.2 160.178
400 40 1.561 134.107 14774.1 160.255
400 40 1.571 133.774 14770.1 161.326
400 40 1.581 132.405 14753.6 160.909
400 40 1.591 133.284 14764.2 162.676
400 40 1.601 131.853 14747 161.746
400 40 1.611 134.29 14776.3 164.693
400 40 1.621 131.755 14745.8 163.08
400 40 1.631 131.159 14738.7 163.675
400 40 1.641 131.03 14737.1 164.331
400 40 1.651 131.27 14740 165.53
400 40 1.661 130.929 14735.9 166.157
400 40 1.671 131.227 14739.5 166.792
400 40 1.681 131.33 14740.8 166.691
400 40 1.691 132.108 14750.1 167.838
400 40 1.701 131.121 14738.2 167.479
400 40 1.711 128.695 14709.1 165.207
400 40 1.721 129.811 14722.5 167.208
400 40 1.731 130.704 14733.2 168.332
400 40 1.741 129.534 14719.2 167.97
400 40 1.751 131.827 14746.7 170.18
400 40 1.761 129.411 14717.7 168.404
400 40 1.771 128.878 14711.3 168.271
400 40 1.781 128.279 14704.1 168.098
400 40 1.791 129.204 14715.2 169.04
400 40 1.801 128.477 14706.5 168.94
400 40 1.811 129.249 14715.8 169.984
400 40 1.821 128.145 14702.5 169.05
400 40 1.831 128.873 14711.3 170.109
400 40 1.841 130.191 14727.1 171.838
400 40 1.851 127.981 14700.6 170.027
400 40 1.861 128.726 14709.5 171.231
400 40 1.871 128.049 14701.4 170.501
400 40 1.881 128.099 14702 170.643
400 40 1.891 128.572 14707.6 171.34
400 40 1.901 127.397 14693.5 170.592
400 40 1.911 127.975 14700.5 171.506
400 40 1.921 128.395 14705.5 172.494
400 40 1.931 128.482 14706.6 172.625
400 40 1.941 127.92 14699.8 172.593
400 40 1.951 128.432 14705.9 173.058
400 40 1.961 128.05 14701.4 172.945
400 40 1.971 128.114 14702.1 172.154
400 40 1.981 128.219 14703.4 170.208
400 40 1.991 127.878 14699.3 169.791
