200 10 0.001 425.852 5236.02 1.6416
200 10 0.011 428.237 5269.41 1.7679
200 10 0.021 428.854 5284.18 1.8819
200 10 0.031 414.119 5130.55 1.9623
200 10 0.041 420.551 5211.42 2.098
200 10 0.051 396.647 4962.9 2.192
200 10 0.061 407.762 5090.02 2.4829
200 10 0.071 392.577 4942.55 2.6289
200 10 0.081 373.654 4747.21 2.6733
200 10 0.091 373.637 4755.09 2.84
200 10 0.101 368.664 4706.21 3.0101
200 10 0.111 362.375 4650.27 3.1774
200 10 0.121 349.771 4527.23 3.4006
200 10 0.131 344.911 4479.73 3.5308
200 10 0.141 336.599 4410.51 3.7519
200 10 0.151 319.925 4224.16 3.9105
200 10 0.161 314.381 4185.45 4.8747
200 10 0.171 316.919 4216.68 5.9335
200 10 0.181 306.248 4114.66 5.8139
200 10 0.191 287.739 3922.68 5.1718
200 10 0.201 285.212 3902.7 4.7218
200 10 0.211 288.791 3964.01 5.8223
200 10 0.221 269.607 3761.68 5.9831
200 10 0.231 268.346 3757.81 6.7116
200 10 0.241 264.907 3719.57 6.4369
200 10 0.251 259.894 3680.37 6.8567
200 10 0.261 245.372 3532.64 6.5134
200 10 0.271 247.614 3553.75 6.6257
200 10 0.281 233.055 3419.69 6.8623
200 10 0.291 231.995 3413.65 7.0917
200 10 0.301 223.962 3332.89 7.1499
200 10 0.311 211.543 3205.91 7.3308
200 10 0.321 212.891 3227.63 7.7131
200 10 0.331 202.822 3132.83 9.343
200 10 0.341 195.034 3048.83 9.5727
200 10 0.351 194.369 3047.98 9.632
200 10 0.361 182.177 2926.73 9.1576
200 10 0.371 186.674 2978.85 9.251
200 10 0.381 181.644 2925.99 10.7225
200 10 0.391 174.059 2868.6 10.6056
200 10 0.401 164.212 2760.37 9.5211
200 10 0.411 156.047 2667.38 9.5764
200 10 0.421 148.876 2602.22 9.9341
200 10 0.431 150.056 2626.67 10.2532
200 10 0.441 149 2617.81 10.8055
200 10 0.451 136.55 2498.87 11.5299
200 10 0.461 143.42 2572.09 11.0571
200 10 0.471 130.887 2424.33 10.8119
200 10 0.481 127.324 2393.32 11.1022
200 10 0.491 123.138 2357.45 12.8559
200 10 0.501 127.419 2409.04 12.2777
200 10 0.511 117.377 2303.06 11.9452
200 10 0.521 112.605 2257.6 12.2524
200 10 0.531 108.499 2211.48 12.2601
200 10 0.541 104.846 2181.03 12.7585
200 10 0.551 103.417 2164.9 12.861
200 10 0.561 101.218 2145.04 13.1288
200 10 0.571 99.2535 2140.59 13.5031
200 10 0.581 94.5237 2096.1 13.727
200 10 0.591 93.4343 2087.04 14.4304
200 10 0.601 89.3453 2041.66 14.7571
200 10 0.611 84.237 1970.23 15.1082
200 10 0.621 78.8641 1921.43 15.2772
200 10 0.631 81.2019 1954.41 14.9353
200 10 0.641 76.5174 1916.52 14.9812
200 10 0.651 70.7008 1846.54 15.0711
200 10 0.661 70.9926 1844.18 15.155
200 10 0.671 65.5742 1789.58 15.0438
200 10 0.681 66.3154 1808.76 15.8183
200 10 0.691 65.1063 1798.46 16.0963
200 10 0.701 61.7125 1742.91 15.5056
200 10 0.711 58.2835 1723.63 16.2749
200 10 0.721 57.6638 1724.06 16.5278
200 10 0.731 54.408 1683.38 16.414
200 10 0.741 54.9922 1686.24 16.6727
200 10 0.751 51.5868 1648.29 16.6652
200 10 0.761 48.4663 1614.29 16.9561
200 10 0.771 49.0759 1632.91 17.4453
200 10 0.781 48.0343 1625.04 17.6217
200 10 0.791 45.0862 1603.55 17.9297
200 10 0.801 43.4926 1572.01 17.6233
200 10 0.811 41.2552 1545.21 17.6327
200 10 0.821 38.5743 1514.5 17.6196
200 10 0.831 39.557 1533.29 18.2462
200 10 0.841 38.1075 1517.7 18.2203
200 10 0.851 37.4346 1513.62 18.5795
200 10 0.861 32.4477 1450.97 18.0879
200 10 0.871 34.3056 1476.33 18.4079
200 10 0.881 31.5215 1441.68 18.2721
200 10 0.891 30.9539 1442.48 18.5895
200 10 0.901 29.851 1418.65 18.4006
200 10 0.911 29.0544 1433.1 19.1718
200 10 0.921 27.5168 1402.9 18.9523
200 10 0.931 27.4546 1404 19.4845
200 10 0.941 25.0524 1375.34 19.1472
200 10 0.951 25.2664 1390.89 19.5032
200 10 0.961 22.8823 1358.19 19.2186
200 10 0.971 21.7663 1333.47 18.9617
200 10 0.981 21.5572 1339.5 19.3086
200 10 0.991 20.5759 1326.32 19.219
200 10 1.001 19.7232 1313.11 19.5299
200 10 1.011 19.4577 1316.25 19.602
200 10 1.021 18.176 1301.66 19.6594
200 10 1.031 18.5109 1309.4 20.1529
200 10 1.041 17.4633 1302.35 20.4856
200 10 1.051 15.9983 1277.34 20.0203
200 10 1.061 16.0397 1273.19 19.9035
200 10 1.071 16.2782 1289.52 20.6842
200 10 1.081 14.9406 1264.45 20.0999
200 10 1.091 14.8186 1265.97 20.1752
200 10 1.101 14.5514 1264.37 20.4712
200 10 1.111 13.2395 1244.9 20.0591
200 10 1.121 13.0729 1243.08 20.5067
200 10 1.131 13.2189 1242.82 20.6883
200 10 1.141 12.5594 1234.75 20.1743
200 10 1.151 12.576 1243.41 20.3777
200 10 1.161 12.5052 1241.72 20.3148
200 10 1.171 11.7084 1226.98 20.3069
200 10 1.181 11.7559 1227.25 20.7379
200 10 1.191 11.5088 1225.48 20.6064
200 10 1.201 11.0352 1220.4 20.6889
200 10 1.211 10.8635 1216.87 20.4821
200 10 1.221 10.3738 1209.46 20.3767
200 10 1.231 10.2423 1217.5 20.3881
200 10 1.241 10.1924 1215.17 20.6126
200 10 1.251 10.13 1211.33 20.6733
200 10 1.261 9.433 1195.34 19.758
200 10 1.271 9.5074 1202.35 20.0187
200 10 1.281 9.1489 1202.22 20.0359
200 10 1.291 8.994 1197.7 19.9094
200 10 1.301 9.0251 1198.33 20.0459
200 10 1.311 9.0651 1204.44 20.3805
200 10 1.321 8.6644 1198.06 20.0129
200 10 1.331 8.2286 1186.79 19.6954
200 10 1.341 8.577 1201.32 20.3258
200 10 1.351 7.9437 1182.01 19.5381
200 10 1.361 8.3612 1192.63 19.9084
200 10 1.371 7.828 1183.63 19.5985
200 10 1.381 7.7919 1184.81 19.673
200 10 1.391 7.5694 1186.31 19.6723
200 10 1.401 7.293 1176.15 19.3535
200 10 1.411 7.3302 1184.83 19.6449
200 10 1.421 7.1775 1177.23 19.4882
200 10 1.431 7.1681 1175.67 19.6058
200 10 1.441 7.1068 1177.36 19.804
200 10 1.451 6.9072 1175.96 19.6681
200 10 1.461 6.9513 1182.64 19.7827
200 10 1.471 7.0632 1187.71 20.0006
200 10 1.481 6.7264 1177.62 19.9578
200 10 1.491 6.4019 1170.48 19.8529
200 10 1.501 6.687 1181.8 20.2424
200 10 1.511 6.3886 1174.31 19.6175
200 10 1.521 6.2673 1172.2 19.4212
200 10 1.531 6.335 1178.69 19.6473
200 10 1.541 6.1205 1167.54 19.3146
200 10 1.551 6.0834 1175.83 19.4518
200 10 1.561 5.9473 1169.88 19.5636
200 10 1.571 5.881 1172.97 19.8127
200 10 1.581 5.6803 1163.34 18.9383
200 10 1.591 5.9366 1174.66 19.4305
200 10 1.601 5.557 1165.67 18.9448
200 10 1.611 5.9672 1182.7 19.6447
200 10 1.621 5.7776 1176.18 19.3818
200 10 1.631 5.5945 1179.13 19.2147
200 10 1.641 5.5134 1171.45 19.2645
200 10 1.651 5.5497 1175.64 19.4623
200 10 1.661 5.7236 1184.35 19.8094
200 10 1.671 5.725 1184.04 19.7646
200 10 1.681 5.4038 1172.93 19.4435
200 10 1.691 5.5683 1186.57 19.7116
200 10 1.701 5.3474 1176.76 19.5288
200 10 1.711 5.5033 1182.22 19.5221
200 10 1.721 5.3681 1183.96 19.7833
200 10 1.731 5.4031 1186.54 20.0709
200 10 1.741 5.3286 1185.21 19.9872
200 10 1.751 5.3265 1190.68 19.7948
200 10 1.761 5.2641 1187.51 19.7328
200 10 1.771 5.216 1188.66 19.6553
200 10 1.781 5.2506 1191.95 20.3404
200 10 1.791 5.1276 1185.97 19.9071
200 10 1.801 5.2667 1197.22 20.0734
200 10 1.811 5.2796 1198.57 20.1588
200 10 1.821 5.1831 1192.86 20.0318
200 10 1.831 5.091 1194 19.9775
200 10 1.841 5.0563 1195.93 19.6845
200 10 1.851 5.119 1201.81 19.9346
200 10 1.861 5.1849 1206.86 20.3781
200 10 1.871 5.1794 1207.2 20.5739
200 10 1.881 5.0847 1204.75 20.4057
200 10 1.891 5.0874 1206.18 20.1523
200 10 1.901 5.1002 1209.34 20.1839
200 10 1.911 5.1161 1215.32 20.329
200 10 1.921 5.1263 1215.58 20.3834
200 10 1.931 5.1364 1220.65 20.379
200 10 1.941 5.0886 1221.79 20.3034
200 10 1.951 5.1744 1226.55 20.3985
200 10 1.961 5.1348 1226.44 20.4062
200 10 1.971 5.2424 1233.35 20.5349
200 10 1.981 5.1288 1231.4 20.4956
200 10 1.991 5.1567 1232.23 20.342
200 20 0.001 869.633 9236.08 11.7139
200 20 0.011 836.367 8922.12 5.5893
200 20 0.021 820.263 8775.56 16.1152
200 20 0.031 805.899 8648.78 5.8725
200 20 0.041 763.322 8245.57 3.658
200 20 0.051 742.866 8064.55 8.6452
200 20 0.061 737.329 8023.32 6.73
200 20 0.071 711.355 7781.57 23.8073
200 20 0.081 679.099 7485.3 4.3471
200 20 0.091 673.023 7441 8.9953
200 20 0.101 627.241 7001.12 6.4557
200 20 0.111 598.306 6732.3 6.271
200 20 0.121 570.037 6462.81 18.8008
200 20 0.131 558.762 6362.89 10.7495
200 20 0.141 539.227 6196.51 7.2367
200 20 0.151 532.969 6137.6 7.3499
200 20 0.161 493.188 5763.84 8.5308
200 20 0.171 469.929 5544.41 11.4184
200 20 0.181 441.879 5283 8.2077
200 20 0.191 439.216 5267.29 8.5487
200 20 0.201 411.194 4997.88 9.3107
200 20 0.211 382.629 4728.37 12.6409
200 20 0.221 365.205 4565.46 14.2161
200 20 0.231 353.524 4456.75 10.5945
200 20 0.241 347.899 4419.42 9.2931
200 20 0.251 325.846 4198.78 9.9609
200 20 0.261 321.519 4174.47 9.783
200 20 0.271 301.996 3980.39 9.7388
200 20 0.281 282.745 3790.54 9.8752
200 20 0.291 275.569 3729.43 10.6866
200 20 0.301 261.635 3616.19 10.8745
200 20 0.311 249.64 3491.21 10.2776
200 20 0.321 242.952 3430.87 10.5426
200 20 0.331 235.952 3364.26 10.6428
200 20 0.341 224.612 3263.81 11.2313
200 20 0.351 211.104 3141.38 12.852
200 20 0.361 206.498 3097.65 13.498
200 20 0.371 187.669 2906.74 12.7521
200 20 0.381 178.389 2805.06 12.866
200 20 0.391 180.42 2846.52 14.0052
200 20 0.401 168.934 2751.44 12.5421
200 20 0.411 159.377 2637.58 12.1229
200 20 0.421 147.077 2520.93 12.2072
200 20 0.431 141.229 2463.82 12.5346
200 20 0.441 134.796 2397.14 12.3469
200 20 0.451 133.563 2391.04 13.7687
200 20 0.461 127.294 2338.26 13.3447
200 20 0.471 122.588 2288.33 13.872
200 20 0.481 110.94 2166.76 13.7221
200 20 0.491 111.595 2187.86 14.2349
200 20 0.501 108.89 2150.95 14.4115
200 20 0.511 102.11 2094.8 14.465
200 20 0.521 96.9934 2034.38 14.1115
200 20 0.531 92.796 1995.03 14.2372
200 20 0.541 90.9964 1987.91 14.6074
200 20 0.551 83.6905 1907.15 14.3501
200 20 0.561 79.0914 1862.95 14.5803
200 20 0.571 76.815 1833.77 14.6449
200 20 0.581 74.5794 1818.32 15.1597
200 20 0.591 73.6017 1809.23 14.8721
200 20 0.601 65.7958 1724.74 14.6855
200 20 0.611 64.4187 1709.85 14.7985
200 20 0.621 62.2142 1691.16 15.0359
200 20 0.631 58.7202 1647.14 14.8684
200 20 0.641 55.272 1613.62 14.9719
200 20 0.651 56.5733 1632.8 15.2513
200 20 0.661 50.0043 1564.06 15.1073
200 20 0.671 51.3995 1583.92 15.6047
200 20 0.681 50.8274 1586.12 15.8025
200 20 0.691 47.2025 1531.35 15.4802
200 20 0.701 45.6028 1519.17 15.6585
200 20 0.711 43.5496 1504.54 15.8432
200 20 0.721 39.5015 1451.39 15.5102
200 20 0.731 39.7102 1456.89 15.7165
200 20 0.741 37.6783 1434.06 15.5056
200 20 0.751 35.8044 1416.76 15.7187
200 20 0.761 35.8265 1422.07 15.9551
200 20 0.771 34.2881 1402.07 15.8038
200 20 0.781 32.7619 1389.45 16.0612
200 20 0.791 32.0073 1389.75 16.3814
200 20 0.801 30.8364 1369.52 16.2029
200 20 0.811 30.2186 1370.18 16.4818
200 20 0.821 27.8413 1333.21 16.1687
200 20 0.831 27.5308 1331.97 16.3786
200 20 0.841 26.2321 1314.34 16.1905
200 20 0.851 25.5507 1314.32 16.5598
200 20 0.861 24.9386 1308.71 16.6108
200 20 0.871 22.0338 1272.44 15.8512
200 20 0.881 22.7634 1283.99 15.817
200 20 0.891 21.1582 1264.2 15.6689
200 20 0.901 20.2508 1252.17 16.4986
200 20 0.911 20.008 1243.29 16.1792
200 20 0.921 19.1248 1245.86 15.9811
200 20 0.931 17.9166 1226.34 15.693
200 20 0.941 17.9393 1230.14 16.0962
200 20 0.951 16.8595 1208.25 15.5106
200 20 0.961 16.7618 1225.32 16.187
200 20 0.971 15.1906 1198.3 15.747
200 20 0.981 15.14 1199.49 15.9746
200 20 0.991 14.3635 1186.86 15.8715
200 20 1.001 14.0896 1186.03 16.1961
200 20 1.011 14.2251 1194.88 17.3454
200 20 1.021 12.643 1165.25 16.3175
200 20 1.031 12.8813 1176.26 16.9746
200 20 1.041 12.0726 1164.46 16.7383
200 20 1.051 11.4619 1158.9 16.4502
200 20 1.061 11.4201 1158.08 16.965
200 20 1.071 10.9442 1151.79 16.6166
200 20 1.081 10.6208 1151.18 16.7118
200 20 1.091 10.5069 1148.46 16.8878
200 20 1.101 9.8578 1142.77 16.8763
200 20 1.111 9.9223 1138.61 16.5019
200 20 1.121 9.4804 1130.44 16.504
200 20 1.131 9.0075 1134.77 16.4494
200 20 1.141 8.9491 1129.76 16.2786
200 20 1.151 8.8922 1130.4 16.1897
200 20 1.161 8.6626 1130.83 16.683
200 20 1.171 8.538 1127.92 16.7931
200 20 1.181 8.3711 1128.94 16.9533
200 20 1.191 8.3232 1128.84 16.9436
200 20 1.201 7.5765 1113.07 16.3826
200 20 1.211 7.8091 1119.5 16.7276
200 20 1.221 7.8212 1124.39 16.8239
200 20 1.231 7.4829 1111.86 16.4159
200 20 1.241 7.5438 1118.07 16.5874
200 20 1.251 7.3706 1120.96 16.969
200 20 1.261 6.9088 1110.27 16.4186
200 20 1.271 6.8641 1118.71 16.3925
200 20 1.281 6.7356 1109.75 15.9057
200 20 1.291 6.4327 1101.35 16.0469
200 20 1.301 6.4679 1105.71 15.838
200 20 1.311 6.6376 1111.26 17.097
200 20 1.321 6.3632 1107.61 16.4248
200 20 1.331 6.7149 1123.49 16.9913
200 20 1.341 5.9895 1102.49 16.5887
200 20 1.351 6.0796 1102.8 16.7983
200 20 1.361 6.0841 1113.78 16.9531
200 20 1.371 5.9409 1113.45 17.0082
200 20 1.381 5.9129 1109.23 16.9603
200 20 1.391 5.737 1109.28 16.7799
200 20 1.401 5.7033 1108.62 16.5093
200 20 1.411 5.3415 1100.79 15.7703
200 20 1.421 5.5221 1108.09 16.1088
200 20 1.431 5.3096 1102.2 15.8101
200 20 1.441 5.1837 1103.77 16.0347
200 20 1.451 5.207 1107.82 16.496
200 20 1.461 5.0171 1104.2 16.2704
200 20 1.471 4.946 1102.22 16.1654
200 20 1.481 4.997 1104.9 16.4459
200 20 1.491 4.9082 1105.88 16.1989
200 20 1.501 4.8136 1103.64 15.7605
200 20 1.511 4.8939 1107.87 16.3
200 20 1.521 4.7255 1103.47 15.9573
200 20 1.531 4.7991 1109.93 15.9052
200 20 1.541 4.6665 1109.81 15.8015
200 20 1.551 4.6513 1108.59 16.04
200 20 1.561 4.5183 1106.63 16.3698
200 20 1.571 4.4924 1112.76 15.8327
200 20 1.581 4.3996 1111.01 15.7039
200 20 1.591 4.4474 1113.74 15.7999
200 20 1.601 4.3724 1113.84 15.8058
200 20 1.611 4.3907 1119.39 16.5117
200 20 1.621 4.3927 1117.38 16.4404
200 20 1.631 4.2815 1119.35 16.4407
200 20 1.641 4.3709 1122.07 16.532
200 20 1.651 4.2665 1121.93 16.2192
200 20 1.661 4.3302 1129.53 16.0872
200 20 1.671 4.3062 1129.98 16.0161
200 20 1.681 4.1956 1132.06 16.3571
200 20 1.691 4.1562 1139.67 16.2251
200 20 1.701 4.2458 1138.39 16.1394
200 20 1.711 4.1874 1139.83 16.1826
200 20 1.721 4.1571 1142.09 16.2647
200 20 1.731 4.2067 1148.48 16.4365
200 20 1.741 4.2459 1153.97 16.5464
200 20 1.751 4.2588 1158.39 16.6775
200 20 1.761 4.1807 1157.42 16.8945
200 20 1.771 4.1703 1162.06 17.098
200 20 1.781 4.2455 1165.67 17.4609
200 20 1.791 4.2792 1173.87 17.7042
200 20 1.801 4.0445 1168.12 17.1071
200 20 1.811 4.1303 1168.69 17.4469
200 20 1.821 4.2076 1182.3 17.6197
200 20 1.831 4.2302 1184.44 17.322
200 20 1.841 4.1917 1184.4 17.3197
200 20 1.851 4.2015 1195.35 17.5164
200 20 1.861 4.2109 1199.42 17.6493
200 20 1.871 4.2156 1194.26 17.6703
200 20 1.881 4.2326 1201.45 17.9122
200 20 1.891 4.2496 1207.78 18.0651
200 20 1.901 4.1947 1209.09 17.9024
200 20 1.911 4.2851 1214.04 18.1654
200 20 1.921 4.2189 1217.63 18.0389
200 20 1.931 4.2816 1224.42 18.2828
200 20 1.941 4.305 1226.08 18.2925
200 20 1.951 4.2945 1230.78 18.3297
200 20 1.961 4.343 1233.75 18.4191
200 20 1.971 4.3513 1240.33 18.5716
200 20 1.981 4.3607 1241.2 18.5149
200 20 1.991 4.3867 1247.31 18.594
200 30 0.001 1253.01 12709.2 2.347
200 30 0.011 1209.44 12310 2.6474
200 30 0.021 1131.79 11586.1 2.8242
200 30 0.031 1078.29 11099 2.9972
200 30 0.041 1032.28 10681.1 2.9569
200 30 0.051 979.374 10197.1 3.2857
200 30 0.061 945.085 9888.92 3.3307
200 30 0.071 883.853 9329.23 3.5389
200 30 0.081 857.125 9090.52 4.4074
200 30 0.091 813.202 8689.83 4.899
200 30 0.101 772.931 8313.57 5.331
200 30 0.111 707.286 7694.07 5.4639
200 30 0.121 675.882 7417.48 5.8069
200 30 0.131 630.642 7000.03 6.1273
200 30 0.141 598.783 6710.82 6.188
200 30 0.151 576.693 6523.63 6.7515
200 30 0.161 545.528 6224.77 6.8349
200 30 0.171 513.812 5924.22 6.9221
200 30 0.181 494.326 5763.05 7.3764
200 30 0.191 454.065 5377.94 7.4456
200 30 0.201 418.14 5048.25 7.9399
200 30 0.211 383.196 4721.13 7.9233
200 30 0.221 377.204 4678.12 8.2806
200 30 0.231 358.755 4498 8.5121
200 30 0.241 340.092 4321.9 8.7569
200 30 0.251 314.891 4095.46 8.9317
200 30 0.261 303.344 3990.85 9.1575
200 30 0.271 282.586 3794.15 9.5122
200 30 0.281 277.614 3756.6 9.9028
200 30 0.291 251.172 3509.93 10.167
200 30 0.301 250.572 3508.16 9.9892
200 30 0.311 218.287 3183.5 9.8421
200 30 0.321 215.416 3184.44 10.2092
200 30 0.331 205.419 3074.43 10.1809
200 30 0.341 189.359 2912.77 10.2717
200 30 0.351 173.441 2765.3 10.3693
200 30 0.361 166.372 2692.54 10.3646
200 30 0.371 158.626 2622.1 10.4223
200 30 0.381 148.046 2525.63 11.1989
200 30 0.391 142.227 2465 11.6652
200 30 0.401 130.353 2365.38 11.4465
200 30 0.411 126.431 2316.96 11.5776
200 30 0.421 124.915 2299.13 11.5592
200 30 0.431 109.869 2149.95 11.4554
200 30 0.441 110.444 2163.84 11.8146
200 30 0.451 105.965 2118.1 11.7839
200 30 0.461 102.663 2090.67 12.0577
200 30 0.471 92.6357 1992.91 12.063
200 30 0.481 89.1487 1954.39 12.1232
200 30 0.491 85.5995 1920.27 12.0446
200 30 0.501 86.2179 1928.14 12.3738
200 30 0.511 79.2348 1862.65 12.5919
200 30 0.521 76.0523 1832.23 12.9014
200 30 0.531 69.3251 1758.76 13.2771
200 30 0.541 67.8188 1743.85 13.3164
200 30 0.551 64.3049 1707.96 12.4741
200 30 0.561 64.648 1722.56 13.288
200 30 0.571 59.4371 1660.77 13.1581
200 30 0.581 57.0425 1637.64 12.6441
200 30 0.591 54.1485 1613.87 12.7334
200 30 0.601 51.8044 1581.94 12.6805
200 30 0.611 51.5226 1594.94 13.036
200 30 0.621 46.6561 1533.85 12.7872
200 30 0.631 46.0731 1530.34 12.8233
200 30 0.641 43.4941 1499.96 13.7059
200 30 0.651 41.1611 1469.04 13.6076
200 30 0.661 41.1325 1472.19 13.631
200 30 0.671 37.3441 1435.52 13.6846
200 30 0.681 38.2994 1456.08 13.5876
200 30 0.691 36.6142 1423.2 12.863
200 30 0.701 34.8311 1412.78 13.0717
200 30 0.711 34.3209 1411.28 13.2848
200 30 0.721 31.01 1364.46 13.663
200 30 0.731 30.9389 1376.77 14.3875
200 30 0.741 29.1081 1351.21 14.1546
200 30 0.751 27.5289 1333.61 14.0865
200 30 0.761 28.4424 1343.32 14.2912
200 30 0.771 25.5693 1311.78 14.0537
200 30 0.781 26.353 1323.56 14.5098
200 30 0.791 24.9249 1312.17 14.1376
200 30 0.801 23.8055 1296.65 13.9161
200 30 0.811 22.6858 1285.69 14.3941
200 30 0.821 21.8729 1277.4 13.6916
200 30 0.831 21.0862 1271.22 14.1341
200 30 0.841 20.7991 1259.09 13.8384
200 30 0.851 20.7098 1267.12 14.0997
200 30 0.861 19.5261 1253.03 14.0287
200 30 0.871 18.3941 1249.87 14.8044
200 30 0.881 18.1745 1240.69 14.2093
200 30 0.891 16.5759 1226.73 14.0449
200 30 0.901 17.3686 1228.61 14.3197
200 30 0.911 15.9531 1212.4 14.6549
200 30 0.921 15.7082 1214.18 14.4685
200 30 0.931 15.0854 1205.62 14.1939
200 30 0.941 14.6488 1203.49 14.2472
200 30 0.951 13.4275 1178.6 13.9119
200 30 0.961 13.618 1198.19 14.7048
200 30 0.971 13.1227 1187.01 14.348
200 30 0.981 12.0169 1166.43 13.9353
200 30 0.991 12.1804 1177.15 14.376
200 30 1.001 11.3197 1163.19 14.5568
200 30 1.011 10.6839 1154.36 14.5966
200 30 1.021 10.6837 1159.74 15.3384
200 30 1.031 10.4739 1157.14 15.4804
200 30 1.041 9.7327 1144.85 15.0964
200 30 1.051 9.7637 1146.15 14.9068
200 30 1.061 9.1902 1138.31 14.6796
200 30 1.071 9.1277 1138.26 14.7803
200 30 1.081 8.7675 1139.31 14.8263
200 30 1.091 8.6729 1138.5 14.4028
200 30 1.101 8.2641 1135.25 14.3591
200 30 1.111 8.3085 1131.91 14.2931
200 30 1.121 8.0765 1132.41 14.3428
200 30 1.131 7.6399 1126.29 14.1778
200 30 1.141 7.487 1126.87 14.5948
200 30 1.151 7.5629 1125.14 14.984
200 30 1.161 7.2377 1121.84 15.1882
200 30 1.171 7.168 1126.32 15.2135
200 30 1.181 7.1969 1125.93 15.1876
200 30 1.191 6.9834 1121.45 15.1909
200 30 1.201 6.6224 1117.07 15.094
200 30 1.211 6.7218 1125.23 15.3826
200 30 1.221 6.5134 1116.01 15.1088
200 30 1.231 6.2119 1115.83 15.0491
200 30 1.241 6.2711 1115.24 14.3107
200 30 1.251 6.283 1118.12 14.4238
200 30 1.261 6.1482 1114.51 14.3562
200 30 1.271 6.0538 1120.85 14.5039
200 30 1.281 5.6879 1110.39 14.1187
200 30 1.291 5.7826 1122.36 14.8853
200 30 1.301 5.7351 1118.09 14.5962
200 30 1.311 5.192 1101.49 14.2881
200 30 1.321 5.2813 1108.97 14.4908
200 30 1.331 5.4359 1119.24 14.7571
200 30 1.341 5.2723 1114.66 14.2782
200 30 1.351 5.2805 1113.22 14.3593
200 30 1.361 5.2127 1115.87 14.4114
200 30 1.371 5.0649 1116.75 14.4164
200 30 1.381 4.9287 1118.12 14.3296
200 30 1.391 4.753 1112.45 14.1364
200 30 1.401 4.881 1122.18 14.4652
200 30 1.411 4.5859 1105.81 14.5342
200 30 1.421 4.8802 1118.66 15.306
200 30 1.431 4.5716 1112.71 14.958
200 30 1.441 4.4839 1114.42 14.3493
200 30 1.451 4.4953 1117.18 15.0106
200 30 1.461 4.5714 1120.15 15.296
200 30 1.471 4.3848 1116.91 14.7491
200 30 1.481 4.3192 1120.58 14.635
200 30 1.491 4.3079 1118.57 14.4013
200 30 1.501 4.1062 1112.22 14.5103
200 30 1.511 4.1578 1114.19 14.8975
200 30 1.521 4.1497 1120.98 14.874
200 30 1.531 4.0836 1116.29 14.7036
200 30 1.541 4.0407 1119.06 14.7314
200 30 1.551 3.9254 1120.91 14.3541
200 30 1.561 4.0215 1123.87 14.3456
200 30 1.571 3.981 1126.66 14.8178
200 30 1.581 3.952 1124.5 14.6756
200 30 1.591 3.8968 1125.35 14.2445
200 30 1.601 3.9254 1129.15 14.2795
200 30 1.611 3.8696 1133.04 14.3307
200 30 1.621 3.8605 1133.72 14.3855
200 30 1.631 3.8258 1134.23 14.3613
200 30 1.641 3.8236 1138.51 15.051
200 30 1.651 3.8757 1145.93 15.4324
200 30 1.661 3.8865 1154.04 15.1384
200 30 1.671 3.8494 1152.65 14.7834
200 30 1.681 3.8304 1155.45 14.8054
200 30 1.691 3.8086 1163.26 15.0602
200 30 1.701 3.9183 1168.73 16.2082
200 30 1.711 3.832 1167.04 16.0712
200 30 1.721 3.8018 1173.87 16.1779
200 30 1.731 3.7754 1175.29 15.9082
200 30 1.741 3.8801 1181.52 15.8813
200 30 1.751 3.8308 1185.07 15.708
200 30 1.761 3.7462 1182.65 15.6045
200 30 1.771 3.8511 1191.82 16.1235
200 30 1.781 3.8082 1189.95 16.0878
200 30 1.791 3.9283 1201.48 16.2
200 30 1.801 3.794 1202.82 16.1237
200 30 1.811 3.8814 1208.49 16.2546
200 30 1.821 3.8364 1212.54 16.6382
200 30 1.831 3.8282 1214.37 16.6842
200 30 1.841 3.8335 1218.15 16.9004
200 30 1.851 3.852 1222.75 17.2044
200 30 1.861 3.8597 1224.86 17.464
200 30 1.871 3.9683 1238.52 17.738
200 30 1.881 3.9505 1238.62 17.7738
200 30 1.891 3.9693 1244.42 17.8863
200 30 1.901 3.9389 1243.22 17.8975
200 30 1.911 3.9754 1248.99 17.9771
200 30 1.921 3.9621 1253.7 18.0965
200 30 1.931 4.0219 1260.48 17.8805
200 30 1.941 4.0102 1262.81 17.7293
200 30 1.951 4.0582 1265.42 17.5264
200 30 1.961 4.0617 1271.09 17.5827
200 30 1.971 4.0831 1275.94 17.6434
200 30 1.981 4.0869 1279.79 17.6662
200 30 1.991 4.1684 1284.75 17.7472
200 40 0.001 1580.37 15665.4 44.5876
200 40 0.011 1507.9 15006.4 42.4893
200 40 0.021 1444.74 14437.6 40.5001
200 40 0.031 1388.5 13935.8 38.9931
200 40 0.041 1280.61 12947.7 35.939
200 40 0.051 1225.1 12450.3 34.2852
200 40 0.061 1131.93 11603.3 31.429
200 40 0.071 1070.9 11044.4 30.0372
200 40 0.081 971.737 10118.9 27.6438
200 40 0.091 899.525 9458 25.785
200 40 0.101 839.225 8907.99 24.078
200 40 0.111 785.492 8432.5 22.8807
200 40 0.121 777.395 8370.73 23.0121
200 40 0.131 700.677 7655.14 21.1999
200 40 0.141 643.098 7136.56 20.028
200 40 0.151 609.477 6836.83 19.375
200 40 0.161 580.313 6563.23 18.8398
200 40 0.171 521.574 6019.73 17.5914
200 40 0.181 485.262 5689.29 16.6294
200 40 0.191 462.769 5479.07 16.4688
200 40 0.201 424.308 5123.61 15.8024
200 40 0.211 405.463 4950.52 15.4091
200 40 0.221 356.444 4488.65 14.5325
200 40 0.231 341.257 4352.38 14.9726
200 40 0.241 317.247 4122.79 15.0399
200 40 0.251 292.783 3902.14 14.6396
200 40 0.261 283.471 3810.69 14.9397
200 40 0.271 269.27 3682.68 14.5472
200 40 0.281 245.166 3461.44 14.1828
200 40 0.291 225.895 3274.79 13.9652
200 40 0.301 223.556 3265.53 13.7843
200 40 0.311 208.228 3125.58 13.2723
200 40 0.321 185.291 2891.85 13.2847
200 40 0.331 173.316 2770.8 13.7112
200 40 0.341 164.988 2701.56 13.4629
200 40 0.351 155.599 2615.97 12.9799
200 40 0.361 145.197 2511.36 12.5403
200 40 0.371 136.791 2433.21 13.1162
200 40 0.381 131.25 2377.12 13.3463
200 40 0.391 122.522 2293.67 12.5411
200 40 0.401 120.023 2280.24 12.7902
200 40 0.411 110.579 2178.75 12.4887
200 40 0.421 109.909 2176.22 12.7601
200 40 0.431 97.6389 2055.39 12.5436
200 40 0.441 96.9496 2054.26 12.7162
200 40 0.451 92.5265 2021.39 12.764
200 40 0.461 91.5829 2011.12 12.8613
200 40 0.471 83.5308 1924.95 12.6698
200 40 0.481 78.0154 1868.46 12.5541
200 40 0.491 75.6491 1848.47 13.2106
200 40 0.501 70.3866 1788.8 13.1014
200 40 0.511 67.3411 1765.28 12.6216
200 40 0.521 67.6241 1774.2 12.8832
200 40 0.531 60.546 1691.33 12.6458
200 40 0.541 60.4858 1702.07 12.9138
200 40 0.551 58.5995 1682.92 12.8858
200 40 0.561 54.6696 1636.99 12.7007
200 40 0.571 53.9517 1630.6 12.6538
200 40 0.581 50.256 1593.61 13.3503
200 40 0.591 49.3016 1584.21 21.8275
200 40 0.601 47.963 1571.05 15.341
200 40 0.611 42.3663 1507.65 15.3771
200 40 0.621 42.7856 1520.42 16.0638
200 40 0.631 39.6175 1487.5 13.5124
200 40 0.641 39.6758 1488.91 13.5819
200 40 0.651 38.0573 1476.64 13.7061
200 40 0.661 36.2002 1451.05 13.789
200 40 0.671 33.5241 1419.88 13.6012
200 40 0.681 34.7797 1441.37 13.7143
200 40 0.691 32.2192 1410.41 13.1493
200 40 0.701 31.305 1403.83 14.0808
200 40 0.711 28.4115 1370.59 13.6762
200 40 0.721 28.3429 1371.23 13.1161
200 40 0.731 27.9319 1373.39 13.3118
200 40 0.741 25.7002 1347.24 13.0897
200 40 0.751 24.9734 1336.65 13.2582
200 40 0.761 26.4163 1352.4 13.3663
200 40 0.771 23.2151 1317.18 13.2723
200 40 0.781 23.1337 1319.28 13.3432
200 40 0.791 22.3518 1316 13.5974
200 40 0.801 21.5848 1307.59 13.5096
200 40 0.811 19.1391 1268.08 13.0224
200 40 0.821 18.9638 1272.07 13.3286
200 40 0.831 19.3895 1279.57 13.8147
200 40 0.841 18.0568 1264.71 14.1156
200 40 0.851 17.272 1263.22 14.2216
200 40 0.861 17.0966 1259.54 14.0628
200 40 0.871 16.166 1247.11 13.557
200 40 0.881 15.8855 1245.03 13.6127
200 40 0.891 14.2868 1221.43 13.3651
200 40 0.901 14.9339 1231.08 13.6451
200 40 0.911 15.3723 1244.91 14.1772
200 40 0.921 13.8705 1224.82 13.9252
200 40 0.931 13.1952 1209.11 13.7216
200 40 0.941 12.6378 1209.14 14.1126
200 40 0.951 12.3138 1200.78 14.098
200 40 0.961 11.7172 1198.97 14.4341
200 40 0.971 11.3126 1193.57 14.4988
200 40 0.981 11.5334 1201.89 14.6118
200 40 0.991 10.5407 1183.03 13.8678
200 40 1.001 10.4754 1191.68 14.1419
200 40 1.011 9.8801 1181.46 14.1682
200 40 1.021 9.4529 1177.04 14.1766
200 40 1.031 8.9818 1169.13 13.952
200 40 1.041 8.7561 1165.19 13.9039
200 40 1.051 8.2753 1158.19 13.6572
200 40 1.061 8.3576 1162.79 14.0409
200 40 1.071 7.846 1152.89 13.8994
200 40 1.081 7.7537 1158.87 14.1034
200 40 1.091 7.3182 1147.22 13.6873
200 40 1.101 7.8881 1161.05 14.1968
200 40 1.111 6.9678 1148.31 14.1509
200 40 1.121 7.1842 1156.85 14.334
200 40 1.131 7.5091 1161.63 14.4535
200 40 1.141 7.0094 1154.37 14.2218
200 40 1.151 6.5019 1145.6 14.016
200 40 1.161 6.5313 1144.17 13.9068
200 40 1.171 6.1218 1137.05 13.8117
200 40 1.181 6.4894 1152.96 14.3209
200 40 1.191 6.1271 1145.8 13.9996
200 40 1.201 5.7936 1131.71 13.7214
200 40 1.211 5.8902 1140.28 14.1773
200 40 1.221 5.7242 1142.02 14.3392
200 40 1.231 5.6432 1143.2 14.0139
200 40 1.241 5.7688 1145.57 14.1273
200 40 1.251 5.4902 1148.18 14.1545
200 40 1.261 5.4834 1148.7 14.2825
200 40 1.271 5.0802 1136.6 13.9773
200 40 1.281 5.3584 1147.29 14.611
200 40 1.291 4.9403 1138.75 14.2676
200 40 1.301 4.8706 1138.88 13.9454
200 40 1.311 5.0521 1139.82 13.9627
200 40 1.321 4.9191 1140.64 14.0278
200 40 1.331 4.7223 1142.25 13.9866
200 40 1.341 4.7716 1142.43 14.0691
200 40 1.351 4.6281 1147.14 14.1138
200 40 1.361 4.5012 1138.33 14.1424
200 40 1.371 4.4399 1138.13 14.214
200 40 1.381 4.4762 1147.62 14.1882
200 40 1.391 4.4476 1142.02 14.1578
200 40 1.401 4.237 1138.84 14.2758
200 40 1.411 4.3437 1142.07 14.1261
200 40 1.421 4.1506 1142.37 13.8934
200 40 1.431 4.1295 1143.74 13.8611
200 40 1.441 4.0797 1141.83 14.2489
200 40 1.451 4.0521 1141.79 14.3964
200 40 1.461 4.0034 1146.3 14.4213
200 40 1.471 4.0442 1149.27 14.1653
200 40 1.481 3.9415 1151.51 14.1542
200 40 1.491 3.9238 1151.4 14.1421
200 40 1.501 3.857 1150.38 14.1141
200 40 1.511 3.8601 1152.13 14.1975
200 40 1.521 3.6827 1150.92 14.103
200 40 1.531 3.6852 1154.47 14.1291
200 40 1.541 3.6854 1151.14 14.1937
200 40 1.551 3.7152 1155.21 14.366
200 40 1.561 3.6901 1155.75 14.1731
200 40 1.571 3.6137 1156.01 14.0427
200 40 1.581 3.6552 1158.19 14.1385
200 40 1.591 3.5906 1161.64 14.1068
200 40 1.601 3.5343 1161.8 14.0984
200 40 1.611 3.5785 1169.37 14.2973
200 40 1.621 3.5181 1167.71 14.2405
200 40 1.631 3.4613 1170.43 14.3402
200 40 1.641 3.6077 1178.64 14.8233
200 40 1.651 3.6184 1184.16 15.0765
200 40 1.661 3.499 1184.63 14.6403
200 40 1.671 3.4594 1185.12 14.5742
200 40 1.681 3.4748 1190.53 14.7078
200 40 1.691 3.5129 1198.15 15.3965
200 40 1.701 3.5037 1198.02 14.966
200 40 1.711 3.5601 1205.71 15.1445
200 40 1.721 3.5059 1206.03 15.1087
200 40 1.731 3.5571 1215.6 15.3569
200 40 1.741 3.5881 1219.49 15.4633
200 40 1.751 3.6472 1225.83 15.6953
200 40 1.761 3.5719 1228.4 15.6639
200 40 1.771 3.6648 1234.94 15.9032
200 40 1.781 3.5926 1234.68 16.0088
200 40 1.791 3.5607 1236.21 16.1577
200 40 1.801 3.5544 1239.76 16.0571
200 40 1.811 3.6694 1250.97 16.3497
200 40 1.821 3.6218 1253.63 16.3084
200 40 1.831 3.6485 1255.21 16.3998
200 40 1.841 3.6645 1262.97 16.5282
200 40 1.851 3.6675 1264.35 16.5645
200 40 1.861 3.7503 1273.54 16.7908
200 40 1.871 3.65 1271.09 16.9188
200 40 1.881 3.6786 1276.78 16.8591
200 40 1.891 3.716 1280.21 16.9521
200 40 1.901 3.7203 1287.28 17.282
200 40 1.911 3.77 1292.37 17.5242
200 40 1.921 3.8112 1292.19 17.6722
200 40 1.931 3.7853 1299.19 17.7657
200 40 1.941 3.7759 1299.62 17.6704
200 40 1.951 3.8237 1307.18 17.6784
200 40 1.961 3.8934 1312.91 17.6582
200 40 1.971 3.8772 1313.66 17.6376
200 40 1.981 3.8644 1314.46 17.5782
200 40 1.991 3.883 1320.21 17.6451
300 10 0.001 664.02 7837.8 1.8754
300 10 0.011 659.504 7797.63 1.7839
300 10 0.021 642.975 7633.96 2.6154
300 10 0.031 618.777 7384.15 2.1003
300 10 0.041 619.564 7407.74 2.2107
300 10 0.051 598.791 7199.34 2.3467
300 10 0.061 603.833 7270.82 2.4967
300 10 0.071 582.291 7039.55 2.6151
300 10 0.081 581.531 7048.12 2.8149
300 10 0.091 552.045 6761.05 3.0332
300 10 0.101 550.14 6754.03 3.3217
300 10 0.111 536.558 6625.26 3.5339
300 10 0.121 540.412 6670.72 3.6872
300 10 0.131 521.647 6488.77 3.9408
300 10 0.141 527.87 6560.21 4.2351
300 10 0.151 492.751 6202.95 4.4282
300 10 0.161 468.379 5962.69 4.5988
300 10 0.171 464.624 5932.43 4.8915
300 10 0.181 437.036 5655.08 5.1577
300 10 0.191 455.659 5871.87 5.4657
300 10 0.201 437.002 5667.05 5.7192
300 10 0.211 437.298 5700.02 6.1129
300 10 0.221 422.758 5553.27 6.3921
300 10 0.231 412.878 5428.61 6.4143
300 10 0.241 397.414 5297.6 6.982
300 10 0.251 386.99 5206.55 7.3181
300 10 0.261 376.918 5103.09 8.2149
300 10 0.271 358.505 4925.76 9.1472
300 10 0.281 358.145 4940.14 9.7181
300 10 0.291 352.242 4886.29 9.8606
300 10 0.301 329.429 4641.32 9.1821
300 10 0.311 322.96 4595.78 10.0494
300 10 0.321 316.161 4538.35 9.987
300 10 0.331 315.414 4532.07 10.3006
300 10 0.341 298.448 4369.43 10.5522
300 10 0.351 297.439 4363.83 10.9754
300 10 0.361 279.141 4163.26 11.1019
300 10 0.371 273.223 4120.87 11.6106
300 10 0.381 267.957 4068.05 12.3203
300 10 0.391 264.169 4038.25 12.4719
300 10 0.401 258.046 3980.15 12.6782
300 10 0.411 229.607 3658.26 12.4101
300 10 0.421 234.077 3730.89 13.2652
300 10 0.431 226.379 3660.6 13.7091
300 10 0.441 223.18 3643.55 14.2364
300 10 0.451 207.962 3478.16 14.188
300 10 0.461 210.19 3530.46 15.041
300 10 0.471 202.325 3441.4 15.1793
300 10 0.481 197.787 3417.28 15.6802
300 10 0.491 193.944 3367.1 16.7319
300 10 0.501 185.461 3262.06 16.4692
300 10 0.511 177.732 3197.57 16.0345
300 10 0.521 176.251 3194.17 16.4541
300 10 0.531 170.985 3151.03 17.0788
300 10 0.541 166.641 3097.38 17.2788
300 10 0.551 160.787 3041.96 17.3434
300 10 0.561 149.762 2918.99 17.1338
300 10 0.571 146.029 2883.22 17.6492
300 10 0.581 132.761 2758.06 18.4604
300 10 0.591 137.297 2798.25 19.242
300 10 0.601 129.436 2708.63 18.9566
300 10 0.611 126.17 2683.86 19.4426
300 10 0.621 129.682 2734.17 19.7631
300 10 0.631 121.166 2638.89 19.1638
300 10 0.641 111.333 2543.05 19.4999
300 10 0.651 115.713 2589.07 21.1279
300 10 0.661 105.706 2483.29 21.1607
300 10 0.671 100.829 2442.09 21.0321
300 10 0.681 101.035 2447.4 21.0316
300 10 0.691 97.8965 2423.45 21.4338
300 10 0.701 94.7366 2382.58 21.5736
300 10 0.711 91.0868 2332.04 22.4475
300 10 0.721 85.0743 2284.65 22.747
300 10 0.731 81.461 2247.77 22.7203
300 10 0.741 81.4408 2242.57 23.5048
300 10 0.751 76.699 2183.56 22.7527
300 10 0.761 75.2411 2179.25 22.4124
300 10 0.771 73.4114 2153.91 22.8069
300 10 0.781 68.1684 2108.81 23.2164
300 10 0.791 68.9656 2108.47 23.1686
300 10 0.801 68.4872 2119.91 23.8287
300 10 0.811 63.8577 2056.29 23.6006
300 10 0.821 60.2151 2019.57 24.0194
300 10 0.831 59.2216 2018.95 24.7703
300 10 0.841 55.757 1983.75 24.6916
300 10 0.851 52.5936 1935.32 24.0809
300 10 0.861 53.1625 1948.55 24.9423
300 10 0.871 49.2016 1903.09 24.7059
300 10 0.881 48.0772 1893.87 25.725
300 10 0.891 45.4056 1858.38 25.5247
300 10 0.901 45.0772 1862.95 26.3652
300 10 0.911 44.4522 1860.32 26.5349
300 10 0.921 41.3893 1821.04 25.9462
300 10 0.931 39.7316 1805.99 25.5196
300 10 0.941 38.0079 1789.75 25.9168
300 10 0.951 37.0017 1769.57 26.2019
300 10 0.961 36.9525 1786.79 27.1802
300 10 0.971 34.2964 1750.74 26.6431
300 10 0.981 33.2794 1745.75 26.9092
300 10 0.991 30.8222 1697.58 26.4745
300 10 1.001 31.2074 1725.53 26.9279
300 10 1.011 28.8559 1687.8 27.4013
300 10 1.021 28.0672 1673.71 26.9084
300 10 1.031 26.5026 1656.38 27.2146
300 10 1.041 24.4023 1634.48 27.2969
300 10 1.051 24.6181 1637.74 27.6184
300 10 1.061 23.732 1633.71 27.6901
300 10 1.071 23.2965 1625.91 27.834
300 10 1.081 22.8946 1635.79 28.1047
300 10 1.091 21.4395 1600.35 27.5672
300 10 1.101 21.5512 1611.91 28.1748
300 10 1.111 20.4292 1590.63 27.804
300 10 1.121 19.1367 1565.1 27.0756
300 10 1.131 19.4446 1582.41 27.8473
300 10 1.141 18.2724 1568.02 27.6654
300 10 1.151 18.4755 1573 28.1507
300 10 1.161 18.206 1566.53 28.3892
300 10 1.171 17.8574 1560.18 28.1256
300 10 1.181 18.3225 1570.35 28.7113
300 10 1.191 16.7756 1549.43 28.0409
300 10 1.201 16.3559 1547.7 27.9565
300 10 1.211 16.3102 1546.52 28.1338
300 10 1.221 16.0241 1543.67 28.2553
300 10 1.231 15.799 1536.96 28.2764
300 10 1.241 15.088 1529.27 28.1947
300 10 1.251 14.8292 1533.01 28.0106
300 10 1.261 14.7774 1536.34 28.4692
300 10 1.271 14.2342 1526.93 28.0881
300 10 1.281 14.2179 1527.25 28.2024
300 10 1.291 13.8509 1517.9 27.9738
300 10 1.301 13.4756 1516.79 28.1231
300 10 1.311 13.0171 1497.99 27.7958
300 10 1.321 12.7841 1506.75 28.1386
300 10 1.331 12.4505 1497.45 27.7149
300 10 1.341 11.9048 1493.08 27.8986
300 10 1.351 12.268 1499.23 28.4154
300 10 1.361 11.838 1491.52 27.8554
300 10 1.371 11.7349 1488.98 27.7353
300 10 1.381 11.822 1497.61 28.0447
300 10 1.391 11.4989 1492.38 27.8675
300 10 1.401 11.363 1495.39 27.9792
300 10 1.411 11.357 1509.41 28.4288
300 10 1.421 10.5997 1476.41 27.2183
300 10 1.431 10.5925 1488.35 27.7415
300 10 1.441 10.6787 1493.76 27.9209
300 10 1.451 9.9314 1472.77 27.2391
300 10 1.461 10.2004 1478.47 27.6208
300 10 1.471 9.8124 1477.48 27.3457
300 10 1.481 10.0093 1479.09 27.6358
300 10 1.491 9.8311 1484.93 27.7892
300 10 1.501 9.7494 1479.71 27.6689
300 10 1.511 9.569 1474.46 27.5769
300 10 1.521 9.5251 1480.05 27.8912
300 10 1.531 9.0557 1465.12 27.3205
300 10 1.541 9.1586 1476.26 27.6169
300 10 1.551 8.7847 1462.62 27.3837
300 10 1.561 8.9508 1475.2 27.9063
300 10 1.571 8.6659 1473.59 27.6068
300 10 1.581 8.7319 1476.3 27.6159
300 10 1.591 8.4494 1466.27 27.0075
300 10 1.601 8.694 1488.42 27.6308
300 10 1.611 8.43 1472.84 27.1951
300 10 1.621 8.4172 1470.85 27.2716
300 10 1.631 8.3104 1480.89 27.354
300 10 1.641 8.348 1480.94 27.4447
300 10 1.651 8.276 1484.23 27.5557
300 10 1.661 8.1695 1482.24 27.6986
300 10 1.671 8.0568 1480.4 27.5971
300 10 1.681 8.2978 1489.55 28.0803
300 10 1.691 8.1035 1483.55 27.9634
300 10 1.701 7.8873 1483.1 27.7988
300 10 1.711 8.0886 1488.93 28.1525
300 10 1.721 8.0127 1489.63 28.1376
300 10 1.731 7.8694 1493.03 28.1245
300 10 1.741 7.9814 1496.4 28.487
300 10 1.751 7.789 1494.94 28.1982
300 10 1.761 8.0483 1504.76 28.6496
300 10 1.771 7.7209 1499.08 28.3037
300 10 1.781 7.9025 1509.72 28.5659
300 10 1.791 7.7463 1507.86 28.4267
300 10 1.801 7.6507 1502.79 28.1597
300 10 1.811 7.7615 1512.06 28.5843
300 10 1.821 7.7149 1514.33 28.9446
300 10 1.831 7.74 1515.84 28.7119
300 10 1.841 7.7 1518.68 28.5847
300 10 1.851 7.6896 1518.07 28.5492
300 10 1.861 7.6298 1525.06 28.674
300 10 1.871 7.6314 1522.68 28.6911
300 10 1.881 7.615 1526.27 28.6827
300 10 1.891 7.6865 1537.42 29.0164
300 10 1.901 7.6944 1546.53 29.2449
300 10 1.911 7.6829 1540.87 29.2001
300 10 1.921 7.6449 1546.6 29.5827
300 10 1.931 7.5505 1540.91 29.2805
300 10 1.941 7.6699 1555.54 29.6292
300 10 1.951 7.6325 1555.62 29.5712
300 10 1.961 7.6455 1555.28 29.4804
300 10 1.971 7.6563 1561.42 29.6463
300 10 1.981 7.7261 1565.46 29.6489
300 10 1.991 7.7002 1569.61 29.6885
300 20 0.001 1369.38 14166.6 18.5875
300 20 0.011 1306.72 13571.3 4.8594
300 20 0.021 1303.1 13562.6 57.9221
300 20 0.031 1217.69 12744.6 9.5506
300 20 0.041 1164.75 12242.8 4.4667
300 20 0.051 1180.17 12415.1 10.4449
300 20 0.061 1107.9 11727.2 4.9669
300 20 0.071 1064.56 11331.6 35.0448
300 20 0.081 1022.45 10936.4 5.163
300 20 0.091 976.58 10506.3 14.7065
300 20 0.101 971.932 10495.9 6.2952
300 20 0.111 929.221 10085.2 6.4392
300 20 0.121 906.557 9891.81 22.139
300 20 0.131 841.12 9262.03 15.0333
300 20 0.141 797.708 8851.85 7.1685
300 20 0.151 743.722 8327.15 7.3186
300 20 0.161 740.159 8314.01 8.8927
300 20 0.171 731.523 8267.04 9.573
300 20 0.181 714.04 8095.85 8.4458
300 20 0.191 659.744 7593.99 8.7523
300 20 0.201 642.808 7455.64 10.9236
300 20 0.211 604.163 7080.92 17.7808
300 20 0.221 586.32 6918.48 22.229
300 20 0.231 548.958 6561.58 16.3296
300 20 0.241 535.352 6441.22 11.6289
300 20 0.251 504.171 6139.69 13.0325
300 20 0.261 492.034 6036.14 12.5587
300 20 0.271 466.524 5797.58 11.9269
300 20 0.281 439.433 5525.82 13.8793
300 20 0.291 429.215 5450.02 14.3157
300 20 0.301 407.532 5239.55 16.433
300 20 0.311 369.034 4862.53 13.2823
300 20 0.321 366.616 4841.95 12.9898
300 20 0.331 349.343 4683.29 13.277
300 20 0.341 330.065 4507.25 15.1097
300 20 0.351 337.665 4584.7 15.4873
300 20 0.361 300.416 4242.35 15.6314
300 20 0.371 303.824 4261.66 16.0621
300 20 0.381 280.212 4032.97 16.4979
300 20 0.391 259.217 3829.82 16.274
300 20 0.401 251.496 3759.56 14.5375
300 20 0.411 246.005 3722.48 15.2528
300 20 0.421 226.076 3520.32 16.73
300 20 0.431 220.048 3456.41 16.6759
300 20 0.441 208.013 3356.7 16.7732
300 20 0.451 196.8 3229.93 17.1576
300 20 0.461 195.173 3236.33 18.0994
300 20 0.471 186.559 3152.46 17.1969
300 20 0.481 171.43 2978.91 17.0239
300 20 0.491 171.197 2995.57 17.5093
300 20 0.501 160.454 2879.76 17.6368
300 20 0.511 151.14 2802.82 17.8537
300 20 0.521 143.038 2707.24 17.0891
300 20 0.531 137.379 2659.62 17.4359
300 20 0.541 128.37 2555.65 17.3369
300 20 0.551 129.639 2591.5 18.2815
300 20 0.561 115.988 2446.04 18.192
300 20 0.571 114.982 2436.22 18.7505
300 20 0.581 108.02 2360.91 18.5162
300 20 0.591 110.878 2402.01 19.2293
300 20 0.601 102.199 2320.58 18.599
300 20 0.611 95.4545 2247.38 18.5779
300 20 0.621 90.6392 2176.75 18.24
300 20 0.631 86.0286 2144.46 18.4923
300 20 0.641 83.6314 2115.62 18.7697
300 20 0.651 85.0588 2140.76 19.2106
300 20 0.661 78.5675 2063.5 18.8543
300 20 0.671 74.2276 2022.66 19.4865
300 20 0.681 73.4618 2027.27 20.2183
300 20 0.691 71.3367 2006.36 19.7604
300 20 0.701 67.771 1967.88 19.9357
300 20 0.711 66.3562 1953.52 19.9838
300 20 0.721 62.1338 1897.6 19.7156
300 20 0.731 59.6222 1875.24 20.4087
300 20 0.741 58.4914 1878.67 21.2084
300 20 0.751 55.5776 1830.94 20.8993
300 20 0.761 52.9466 1809.07 20.5489
300 20 0.771 53.9016 1831.36 20.9995
300 20 0.781 49.6923 1782.97 21.609
300 20 0.791 48.0234 1766.61 21.7017
300 20 0.801 43.5461 1698.32 21.3425
300 20 0.811 43.1039 1708.76 21.4587
300 20 0.821 42.7191 1698.45 21.5982
300 20 0.831 39.8301 1674.48 21.6911
300 20 0.841 41.5125 1699.22 22.4348
300 20 0.851 37.3205 1644.04 21.6264
300 20 0.861 35.9519 1628.2 21.7317
300 20 0.871 34.4305 1605.21 21.6416
300 20 0.881 33.2711 1608.06 22.1375
300 20 0.891 31.3963 1578.45 21.6814
300 20 0.901 30.626 1561.65 21.5326
300 20 0.911 30.8077 1571.58 21.8336
300 20 0.921 28.5622 1553.24 21.805
300 20 0.931 27.4281 1539.68 21.6334
300 20 0.941 25.7471 1502.16 21.1822
300 20 0.951 24.0556 1482.99 21.1561
300 20 0.961 24.8245 1515.92 22.0894
300 20 0.971 23.7682 1485.55 21.9461
300 20 0.981 23.5325 1492.23 22.8968
300 20 0.991 22.0321 1475.37 22.8259
300 20 1.001 22.0267 1492.77 23.1761
300 20 1.011 20.5545 1453.65 22.6726
300 20 1.021 19.4204 1450.67 22.7772
300 20 1.031 18.4714 1435.38 22.1694
300 20 1.041 18.5799 1450.18 22.8584
300 20 1.051 17.1564 1412.2 22.0612
300 20 1.061 17.2323 1425.38 22.7108
300 20 1.071 16.8636 1431.29 23.0167
300 20 1.081 15.87 1413.54 22.5897
300 20 1.091 15.4221 1407.97 22.7788
300 20 1.101 14.8877 1399.28 22.5836
300 20 1.111 14.6946 1394.06 22.5055
300 20 1.121 14.2122 1387.06 22.4526
300 20 1.131 14.1999 1393.38 22.729
300 20 1.141 13.4928 1377.87 22.4373
300 20 1.151 13.0944 1372.36 22.3579
300 20 1.161 12.3609 1359.86 21.9853
300 20 1.171 12.9426 1374.6 22.4725
300 20 1.181 12.2752 1367.34 22.5873
300 20 1.191 12.1719 1369.96 22.7706
300 20 1.201 12.3049 1378.31 23.4973
300 20 1.211 11.5673 1360.96 23.1938
300 20 1.221 11.7527 1363.93 23.436
300 20 1.231 11.1874 1361.28 23.2261
300 20 1.241 11.1461 1369.62 23.3015
300 20 1.251 11.2374 1380.73 23.4907
300 20 1.261 10.7291 1357.85 22.7383
300 20 1.271 10.3183 1349.13 22.1861
300 20 1.281 10.4569 1364.55 22.7069
300 20 1.291 10.3498 1364.97 22.7839
300 20 1.301 10.1552 1351.24 22.7909
300 20 1.311 9.8376 1354.47 22.902
300 20 1.321 9.4964 1354.56 22.8329
300 20 1.331 9.4576 1353.87 22.7312
300 20 1.341 9.2408 1352.89 22.658
300 20 1.351 9.1512 1356.54 22.7946
300 20 1.361 9.0068 1347.48 22.5317
300 20 1.371 8.8477 1349.13 22.6737
300 20 1.381 8.7373 1349.29 22.5881
300 20 1.391 8.6061 1355.28 22.5502
300 20 1.401 8.3495 1339.59 22.0486
300 20 1.411 8.219 1344.64 22.2627
300 20 1.421 8.1695 1349.43 22.3124
300 20 1.431 8.0707 1346.12 22.2186
300 20 1.441 7.8459 1346.75 22.3315
300 20 1.451 7.747 1344.91 22.1279
300 20 1.461 7.3393 1333.08 22.0076
300 20 1.471 7.8284 1359.4 23.0611
300 20 1.481 7.4415 1347.78 22.4147
300 20 1.491 7.4046 1347.64 22.6832
300 20 1.501 7.1725 1344.48 22.5031
300 20 1.511 7.2414 1354.9 22.6329
300 20 1.521 7.5 1365.95 23.0732
300 20 1.531 7.2403 1359.67 23.0631
300 20 1.541 7.032 1351.29 22.7773
300 20 1.551 6.9032 1355.74 22.5867
300 20 1.561 6.8081 1354.05 22.2128
300 20 1.571 6.8566 1366.01 22.506
300 20 1.581 6.8175 1360.96 22.4295
300 20 1.591 6.6697 1362.64 22.4003
300 20 1.601 6.5113 1355.68 22.4621
300 20 1.611 6.6239 1369.56 22.9967
300 20 1.621 6.5618 1374.39 22.9931
300 20 1.631 6.5692 1379.77 23.0251
300 20 1.641 6.3731 1366.19 22.8084
300 20 1.651 6.4591 1383.92 22.912
300 20 1.661 6.3191 1378.91 22.6825
300 20 1.671 6.4245 1386.75 22.9825
300 20 1.681 6.5048 1399.37 23.2443
300 20 1.691 6.3588 1398.83 23.092
300 20 1.701 6.5133 1408.16 23.5036
300 20 1.711 6.382 1412.71 23.5706
300 20 1.721 6.3475 1408.31 23.5667
300 20 1.731 6.1908 1408.96 23.3258
300 20 1.741 6.4024 1425.38 24.0951
300 20 1.751 6.4082 1425.39 24.0904
300 20 1.761 6.1902 1425.88 23.8126
300 20 1.771 6.3481 1439.34 24.1665
300 20 1.781 6.2707 1440.41 24.1041
300 20 1.791 6.3385 1452.21 24.4486
300 20 1.801 6.3787 1461.48 24.6717
300 20 1.811 6.4208 1470.72 25.1279
300 20 1.821 6.2705 1463.07 24.7954
300 20 1.831 6.1836 1471.36 24.9802
300 20 1.841 6.2299 1470.21 24.9757
300 20 1.851 6.3838 1486.21 25.5076
300 20 1.861 6.2015 1478.69 25.0907
300 20 1.871 6.2997 1492.77 25.6203
300 20 1.881 6.2614 1492.83 25.5952
300 20 1.891 6.4022 1508.48 26.3467
300 20 1.901 6.4453 1518.55 26.6445
300 20 1.911 6.4141 1521.94 26.635
300 20 1.921 6.4916 1530.08 26.5697
300 20 1.931 6.4291 1529.27 26.4128
300 20 1.941 6.4554 1536.78 26.9809
300 20 1.951 6.4533 1544.67 27.1568
300 20 1.961 6.528 1555.53 27.3249
300 20 1.971 6.5396 1558.38 27.3883
300 20 1.981 6.5713 1568.26 27.277
300 20 1.991 6.6788 1576.85 27.5161
300 30 0.001 1990.64 19762.3 3.4463
300 30 0.011 1880.54 18738.3 3.6294
300 30 0.021 1855.31 18527.9 3.7936
300 30 0.031 1781.1 17855.1 4.3015
300 30 0.041 1642.68 16556.9 4.2927
300 30 0.051 1584.01 16032.1 4.7656
300 30 0.061 1503.17 15289.8 5.1852
300 30 0.071 1438.52 14708.9 5.5594
300 30 0.081 1357.08 13950.7 6.0244
300 30 0.091 1281.12 13252.8 6.2899
300 30 0.101 1232.44 12820.4 6.8017
300 30 0.111 1133.19 11905.7 7.1644
300 30 0.121 1082.38 11432.9 7.5649
300 30 0.131 1015.01 10822.8 8.0827
300 30 0.141 975.326 10467.7 8.8344
300 30 0.151 930.83 10031.3 8.776
300 30 0.161 836.158 9171.53 8.882
300 30 0.171 799.785 8833.05 9.398
300 30 0.181 734.542 8230.84 9.5797
300 30 0.191 716.746 8069.06 10.3204
300 30 0.201 700.584 7928.04 10.501
300 30 0.211 638.911 7352.97 10.8756
300 30 0.221 578.247 6780.43 11.5864
300 30 0.231 591.399 6933.57 11.871
300 30 0.241 547.92 6531.73 12.1806
300 30 0.251 499.563 6069.96 12.3388
300 30 0.261 468.235 5766.52 12.5873
300 30 0.271 439.478 5501.08 12.9596
300 30 0.281 421.887 5332.41 13.2712
300 30 0.291 382.693 4965.77 13.1512
300 30 0.301 378.055 4914.28 13.7109
300 30 0.311 356.397 4716.53 13.979
300 30 0.321 333.089 4506.31 14.2135
300 30 0.331 312.344 4291.53 14.1556
300 30 0.341 307.206 4265.47 14.6067
300 30 0.351 273.002 3937.88 14.5559
300 30 0.361 264.589 3865.68 14.8134
300 30 0.371 260.285 3832.86 15.7312
300 30 0.381 240.768 3629.1 15.5749
300 30 0.391 228.094 3508.58 15.7489
300 30 0.401 220.436 3441.05 16.0968
300 30 0.411 196.844 3209.27 15.2109
300 30 0.421 197.372 3221.58 15.9563
300 30 0.431 176.786 2996.93 15.6643
300 30 0.441 178.056 3043.76 16.6837
300 30 0.451 160.727 2843.07 16.0935
300 30 0.461 161.391 2870.05 16.4763
300 30 0.471 148.02 2731.21 16.3758
300 30 0.481 147.809 2747.39 16.712
300 30 0.491 138.876 2660.66 16.5067
300 30 0.501 133.506 2599.78 16.3609
300 30 0.511 127.488 2538.74 16.4506
300 30 0.521 114.328 2395.61 16.1254
300 30 0.531 113.262 2383.93 16.9767
300 30 0.541 106.058 2318.19 17.0515
300 30 0.551 105.94 2330.27 17.7129
300 30 0.561 94.6237 2197.75 16.6817
300 30 0.571 97.6281 2252.28 17.2496
300 30 0.581 89.0459 2152.78 16.833
300 30 0.591 82.9825 2094.14 16.7542
300 30 0.601 81.3738 2078.68 16.7828
300 30 0.611 81.1923 2091.34 17.5237
300 30 0.621 75.2595 2019.71 17.132
300 30 0.631 70.6142 1973.03 17.3434
300 30 0.641 70.2777 1958.19 18.0381
300 30 0.651 67.1687 1940.3 18.3449
300 30 0.661 64.6789 1909.13 18.2709
300 30 0.671 64.6691 1922.68 18.6151
300 30 0.681 60.2644 1859.29 18.1798
300 30 0.691 54.1952 1802.48 18.3105
300 30 0.701 54.6435 1807.37 18.2107
300 30 0.711 51.1082 1748.79 17.8542
300 30 0.721 50.1503 1755.39 18.4423
300 30 0.731 49.1566 1739.84 17.7079
300 30 0.741 47.6324 1741.55 18.3325
300 30 0.751 46.8429 1720.35 18.4523
300 30 0.761 44.2574 1706.72 19.1883
300 30 0.771 41.2079 1661.25 18.8299
300 30 0.781 39.1754 1630.58 18.8683
300 30 0.791 38.432 1633.33 18.8864
300 30 0.801 37.3891 1623.01 18.2739
300 30 0.811 35.4603 1600.65 18.6821
300 30 0.821 36.2403 1618.39 18.7935
300 30 0.831 33.5846 1578.87 18.6254
300 30 0.841 33.3567 1583.88 18.8376
300 30 0.851 30.58 1550.66 18.6935
300 30 0.861 28.3914 1526.78 18.5952
300 30 0.871 27.56 1512.67 18.9159
300 30 0.881 27.5793 1518.19 19.1996
300 30 0.891 25.8872 1494.71 18.7224
300 30 0.901 26.3883 1510.26 19.5285
300 30 0.911 25.238 1498.07 19.1505
300 30 0.921 22.7402 1465.66 18.666
300 30 0.931 22.4015 1463.12 18.8174
300 30 0.941 22.0375 1462.81 19.6054
300 30 0.951 22.1325 1452.77 19.24
300 30 0.961 20.1359 1430.01 19.4201
300 30 0.971 19.3739 1421.49 19.6604
300 30 0.981 19.84 1445.18 20.4065
300 30 0.991 18.3721 1421.3 19.9715
300 30 1.001 18.5729 1431.22 20.4395
300 30 1.011 17.1253 1407.81 19.7566
300 30 1.021 16.2138 1399.26 19.7688
300 30 1.031 16.0913 1394.6 19.7512
300 30 1.041 15.4149 1396.33 20.1696
300 30 1.051 15.1977 1401.42 20.7524
300 30 1.061 14.1668 1365.11 19.9852
300 30 1.071 14.2486 1384.7 20.4864
300 30 1.081 14.1776 1383.76 20.4964
300 30 1.091 13.4235 1366.4 19.9467
300 30 1.101 13.3058 1371.48 20.1895
300 30 1.111 12.7096 1365.53 20.1556
300 30 1.121 12.6378 1364.99 20.2421
300 30 1.131 12.6767 1369.17 20.4423
300 30 1.141 11.549 1352.68 20.0113
300 30 1.151 11.5021 1350.8 20.1638
300 30 1.161 12.1128 1373.83 20.7719
300 30 1.171 11.4814 1356.28 20.4039
300 30 1.181 10.9858 1351.83 20.2101
300 30 1.191 10.2658 1337.59 19.8092
300 30 1.201 10.2907 1342.05 19.8709
300 30 1.211 10.5919 1353.02 20.3979
300 30 1.221 10.0102 1336.6 19.9558
300 30 1.231 9.5605 1334.13 19.9204
300 30 1.241 9.355 1327.21 19.7949
300 30 1.251 9.3626 1331.97 19.955
300 30 1.261 9.3204 1340.84 20.1124
300 30 1.271 9.1441 1337.78 20.0171
300 30 1.281 8.8561 1330.31 20.0509
300 30 1.291 8.2311 1315.23 19.7301
300 30 1.301 8.4776 1323.85 20.1679
300 30 1.311 8.3442 1326.95 20.3012
300 30 1.321 8.1038 1325.46 20.3038
300 30 1.331 8.4442 1338.34 20.3813
300 30 1.341 8.0653 1329.02 19.8974
300 30 1.351 7.7164 1329.41 19.9369
300 30 1.361 7.5901 1327.9 19.8143
300 30 1.371 7.6055 1329.57 20.3254
300 30 1.381 7.4127 1327.8 20.34
300 30 1.391 7.5715 1336.56 20.9952
300 30 1.401 7.5544 1346.3 21.0036
300 30 1.411 7.1848 1321.96 20.4147
300 30 1.421 7.067 1335.76 20.1552
300 30 1.431 7.1621 1333.87 20.3073
300 30 1.441 7.1492 1344.2 20.3661
300 30 1.451 7.1194 1333.51 20.1044
300 30 1.461 6.7608 1332.11 19.9575
300 30 1.471 6.6156 1344.2 20.1705
300 30 1.481 6.7219 1341.71 20.1878
300 30 1.491 6.5406 1329.93 19.9149
300 30 1.501 6.497 1339.73 20.2129
300 30 1.511 6.1049 1331.56 19.759
300 30 1.521 6.3261 1343.41 20.712
300 30 1.531 6.4616 1351.51 20.7952
300 30 1.541 6.1126 1336.69 20.1672
300 30 1.551 6.1489 1347.36 20.3558
300 30 1.561 6.2134 1353.51 20.4695
300 30 1.571 5.8935 1340.1 20.1242
300 30 1.581 5.8614 1340.3 20.3886
300 30 1.591 6.0653 1359.09 20.9021
300 30 1.601 5.996 1359.66 20.5952
300 30 1.611 5.8032 1356.66 20.4104
300 30 1.621 5.6957 1360.92 20.4052
300 30 1.631 5.8921 1372.27 20.8619
300 30 1.641 5.8665 1380.59 20.9901
300 30 1.651 5.7959 1379.95 20.9317
300 30 1.661 5.7237 1385.42 21.1865
300 30 1.671 5.8676 1399.93 21.4998
300 30 1.681 6.0906 1408.04 22.0499
300 30 1.691 5.7241 1409.05 21.6541
300 30 1.701 5.7607 1409.03 21.464
300 30 1.711 5.8442 1424.63 22.0653
300 30 1.721 5.8498 1429.81 22.3502
300 30 1.731 5.8834 1436.07 22.4401
300 30 1.741 5.7874 1438.75 22.4639
300 30 1.751 5.9563 1448.73 23.4445
300 30 1.761 5.9072 1455.99 23.0256
300 30 1.771 5.9729 1460.84 22.9829
300 30 1.781 5.8516 1467.25 23.0749
300 30 1.791 5.9277 1474.94 23.3648
300 30 1.801 6.0229 1484.58 23.595
300 30 1.811 5.9437 1488.51 23.6397
300 30 1.821 6.1014 1501.45 24.1131
300 30 1.831 5.9769 1499.09 24.3257
300 30 1.841 6.0661 1512.95 24.645
300 30 1.851 5.87 1508.42 24.3325
300 30 1.861 5.8953 1514.87 24.3203
300 30 1.871 5.9866 1524.39 24.6255
300 30 1.881 6.0914 1537.17 24.9613
300 30 1.891 6.025 1538.74 24.9329
300 30 1.901 6.0772 1545.25 25.1415
300 30 1.911 6.1215 1559.48 25.424
300 30 1.921 6.1151 1556.08 25.377
300 30 1.931 6.109 1563.54 25.6475
300 30 1.941 6.2429 1574.35 25.8932
300 30 1.951 6.2127 1581.55 25.9003
300 30 1.961 6.2669 1585.43 26.0743
300 30 1.971 6.3137 1594.56 26.1494
300 30 1.981 6.3934 1607.88 26.4343
300 30 1.991 6.3754 1609.07 26.4709
300 40 0.001 2526.51 24598.9 68.2994
300 40 0.011 2531.67 24681 68.2012
300 40 0.021 2333.17 22849 62.4545
300 40 0.031 2178.3 21428.3 58.3013
300 40 0.041 2050.36 20259 54.5811
300 40 0.051 1889.81 18794.8 50.3405
300 40 0.061 1759.53 17604.4 46.3222
300 40 0.071 1690.73 16991.8 44.4295
300 40 0.081 1537.53 15571.4 40.8545
300 40 0.091 1438.72 14698.4 37.7299
300 40 0.101 1329.48 13684.9 34.92
300 40 0.111 1268.37 13140.8 33.9797
300 40 0.121 1172.47 12244.8 31.3985
300 40 0.131 1072.12 11324.6 29.0922
300 40 0.141 971.023 10396.6 26.9371
300 40 0.151 944.121 10156.9 26.6482
300 40 0.161 856.994 9370.05 24.4704
300 40 0.171 783.881 8688.36 23.2018
300 40 0.181 745.368 8329.15 22.5262
300 40 0.191 711.508 8033.08 22.3457
300 40 0.201 658.576 7532.05 21.0231
300 40 0.211 589.662 6893.84 19.5247
300 40 0.221 568.586 6717.31 19.3774
300 40 0.231 526.862 6311.89 19.0098
300 40 0.241 505.668 6137.29 18.8881
300 40 0.251 444.571 5556.98 17.773
300 40 0.261 419.904 5314.02 17.1102
300 40 0.271 406.447 5182.55 17.2199
300 40 0.281 383.212 4984.24 17.0861
300 40 0.291 342.131 4584.92 16.417
300 40 0.301 319.146 4377.05 15.9452
300 40 0.311 305.274 4239.42 16.0586
300 40 0.321 283.403 4031.72 16.0976
300 40 0.331 269.659 3913.85 15.5253
300 40 0.341 243.619 3650.69 15.0922
300 40 0.351 231.547 3537.92 15.2131
300 40 0.361 220.21 3430.14 15.0408
300 40 0.371 213.756 3375.82 15.3054
300 40 0.381 203.107 3272.24 16.0382
300 40 0.391 194.249 3185.29 15.7285
300 40 0.401 185.685 3117.82 15.7433
300 40 0.411 176.658 3027.12 15.8291
300 40 0.421 156.233 2815.35 15.1595
300 40 0.431 158.742 2849.93 15.6951
300 40 0.441 141.801 2685.47 15.3601
300 40 0.451 140.817 2685.31 15.5691
300 40 0.461 135.423 2629.95 15.8966
300 40 0.471 124.489 2516.03 15.5654
300 40 0.481 117.976 2451.37 15.5693
300 40 0.491 116.806 2441.76 15.8386
300 40 0.501 107.3 2336.48 15.5848
300 40 0.511 98.2584 2246.99 15.3388
300 40 0.521 98.8647 2263.84 15.8023
300 40 0.531 91.2172 2166.47 15.3563
300 40 0.541 91.0129 2180.27 15.8438
300 40 0.551 84.4276 2108.95 15.8315
300 40 0.561 81.2379 2077.81 16.0536
300 40 0.571 79.566 2074.61 16.4709
300 40 0.581 76.4569 2029.34 16.2774
300 40 0.591 72.9027 2000.25 16.9695
300 40 0.601 71.1735 1985.61 16.7867
300 40 0.611 68.3382 1950.9 16.6512
300 40 0.621 61.2869 1871.97 16.1634
300 40 0.631 59.9088 1858.81 16.5294
300 40 0.641 56.2553 1820.59 16.4666
300 40 0.651 56.9362 1835.83 17.0827
300 40 0.661 53.4404 1796.49 16.8412
300 40 0.671 56.7564 1851.73 17.6616
300 40 0.681 51.1965 1777.13 17.193
300 40 0.691 51.1795 1791.33 17.6906
300 40 0.701 47.577 1738.57 17.3425
300 40 0.711 44.4307 1706.96 17.2356
300 40 0.721 45.7979 1728.91 17.6689
300 40 0.731 42.4131 1691.58 17.6156
300 40 0.741 40.5998 1679.82 17.7742
300 40 0.751 39.4101 1663.23 17.7512
300 40 0.761 37.1855 1636.73 17.6493
300 40 0.771 36.081 1623.23 17.6306
300 40 0.781 34.9267 1603.13 17.3466
300 40 0.791 33.3373 1596.21 17.7978
300 40 0.801 30.4797 1551.48 17.446
300 40 0.811 32.0107 1583.13 17.9728
300 40 0.821 29.4684 1545.04 17.6242
300 40 0.831 28.3295 1547.2 17.9763
300 40 0.841 28.5071 1543.33 18.0354
300 40 0.851 25.9468 1508.91 17.7745
300 40 0.861 27.5212 1546.97 19.2784
300 40 0.871 24.6278 1503.99 18.1568
300 40 0.881 24.7501 1508.04 18.6279
300 40 0.891 24.4516 1509.79 18.6877
300 40 0.901 22.2852 1485.69 18.7597
300 40 0.911 20.8519 1459.66 18.6664
300 40 0.921 20.866 1466.25 18.4359
300 40 0.931 20.6722 1460.8 18.593
300 40 0.941 20.0711 1464.33 18.9362
300 40 0.951 20.0134 1464.18 18.9316
300 40 0.961 18.2816 1441.05 18.971
300 40 0.971 17.391 1430.68 18.6286
300 40 0.981 17.6278 1425.02 18.7625
300 40 0.991 17.6742 1432.62 19.1404
300 40 1.001 15.9375 1405.35 19.0284
300 40 1.011 15.4971 1412.98 19.4592
300 40 1.021 14.4144 1395.9 19.6205
300 40 1.031 14.0795 1392.77 19.1661
300 40 1.041 13.2643 1378.41 18.7955
300 40 1.051 13.1405 1378.6 19.2536
300 40 1.061 12.5019 1372.59 18.8272
300 40 1.071 12.1637 1373.14 19.1438
300 40 1.081 11.9523 1375.45 19.2431
300 40 1.091 12.0222 1376.13 19.5325
300 40 1.101 11.3397 1358.2 18.9945
300 40 1.111 11.4262 1357.59 19.2757
300 40 1.121 11.1079 1358.71 19.2558
300 40 1.131 11.1541 1375.94 19.8743
300 40 1.141 10.7701 1360.18 19.764
300 40 1.151 10.6316 1361.97 19.8048
300 40 1.161 9.7861 1346.33 19.3651
300 40 1.171 10.0136 1361.57 19.7475
300 40 1.181 9.5657 1350.19 19.2409
300 40 1.191 9.7086 1362.87 19.6397
300 40 1.201 9.411 1345.73 19.2174
300 40 1.211 9.4627 1358.62 19.6635
300 40 1.221 9.1201 1356.93 19.6189
300 40 1.231 8.8628 1346.9 19.48
300 40 1.241 8.5053 1344.61 19.4679
300 40 1.251 8.6001 1353.9 19.6997
300 40 1.261 8.3559 1345.06 19.3732
300 40 1.271 8.3015 1352.76 19.6608
300 40 1.281 7.8866 1339.31 19.2747
300 40 1.291 7.9725 1356.07 19.7445
300 40 1.301 7.6235 1340.87 19.2819
300 40 1.311 7.685 1353.81 19.7141
300 40 1.321 7.515 1344.21 19.4501
300 40 1.331 7.4364 1342.72 19.4393
300 40 1.341 7.3316 1351.9 19.6877
300 40 1.351 7.1197 1343.32 19.3816
300 40 1.361 7.1368 1352.56 19.5637
300 40 1.371 6.9002 1343.44 19.4194
300 40 1.381 7.1195 1354.26 19.8173
300 40 1.391 6.7862 1354.57 19.6433
300 40 1.401 7.0073 1359.72 19.9955
300 40 1.411 6.6143 1353.35 19.6342
300 40 1.421 6.6275 1354.19 19.7925
300 40 1.431 6.3493 1345.7 19.3986
300 40 1.441 6.5014 1357.57 19.9962
300 40 1.451 6.2637 1351.84 19.6976
300 40 1.461 6.1724 1358.51 19.7826
300 40 1.471 6.1485 1359.38 19.812
300 40 1.481 5.9142 1351.79 19.595
300 40 1.491 6.1145 1362.46 20.0451
300 40 1.501 6.0258 1366.16 20.2399
300 40 1.511 5.7867 1359.21 20.0161
300 40 1.521 5.9102 1367.91 20.3604
300 40 1.531 5.651 1366.69 20.2773
300 40 1.541 5.6264 1360.19 20.1255
300 40 1.551 5.6341 1363.33 20.0166
300 40 1.561 5.4768 1365.8 19.7502
300 40 1.571 5.4677 1367.04 19.9813
300 40 1.581 5.55 1371.56 19.9866
300 40 1.591 5.6637 1387.17 20.3276
300 40 1.601 5.5473 1383.89 20.2108
300 40 1.611 5.5025 1392.22 20.4918
300 40 1.621 5.4119 1395.24 20.6745
300 40 1.631 5.5087 1400.56 20.6423
300 40 1.641 5.5207 1416.61 20.9686
300 40 1.651 5.6201 1418.02 21.0948
300 40 1.661 5.6005 1423.14 21.1485
300 40 1.671 5.6025 1428.55 21.2851
300 40 1.681 5.5028 1435.75 21.4079
300 40 1.691 5.4817 1438.08 21.4354
300 40 1.701 5.4298 1439.18 21.3087
300 40 1.711 5.5638 1454.51 21.7684
300 40 1.721 5.6405 1468.11 22.1161
300 40 1.731 5.5761 1473.22 22.2125
300 40 1.741 5.6843 1483.68 22.596
300 40 1.751 5.5995 1482.84 22.5027
300 40 1.761 5.4009 1479.98 22.2935
300 40 1.771 5.5789 1493.36 22.7413
300 40 1.781 5.6141 1506.1 23.0042
300 40 1.791 5.7143 1511.11 23.2476
300 40 1.801 5.5894 1513.49 23.2189
300 40 1.811 5.5667 1520.88 23.4055
300 40 1.821 5.6881 1533.28 23.7797
300 40 1.831 5.6865 1537.79 23.8661
300 40 1.841 5.688 1544.44 24.048
300 40 1.851 5.7012 1551.84 24.2007
300 40 1.861 5.7298 1556.53 24.5239
300 40 1.871 5.8191 1567.51 25.0355
300 40 1.881 5.8629 1578.57 24.9836
300 40 1.891 5.9072 1585.61 25.317
300 40 1.901 5.9343 1590.15 25.5903
300 40 1.911 5.8236 1588.19 25.5939
300 40 1.921 5.9766 1603.03 26.0101
300 40 1.931 5.9891 1608.59 26.0446
300 40 1.941 5.8803 1612.09 25.7841
300 40 1.951 6.0134 1621.53 26.1277
300 40 1.961 6.0693 1631.44 26.262
300 40 1.971 6.055 1633.69 26.2297
300 40 1.981 6.1168 1642.03 26.4448
300 40 1.991 6.1646 1647.39 26.5673
400 10 0.001 863.168 10033.5 2.5352
400 10 0.011 908.725 10540.4 3.0909
400 10 0.021 867.11 10100.8 3.1362
400 10 0.031 874.917 10204.2 3.2324
400 10 0.041 849.737 9971.04 3.5188
400 10 0.051 803.962 9474.09 3.5367
400 10 0.061 817.531 9648.23 3.9539
400 10 0.071 769.442 9155.13 4.1577
400 10 0.081 763.912 9101.41 4.4594
400 10 0.091 743.527 8898.73 4.643
400 10 0.101 721.897 8694.84 5.1797
400 10 0.111 718.646 8670.53 5.5025
400 10 0.121 680.601 8282.12 5.4497
400 10 0.131 699.288 8510.69 5.4618
400 10 0.141 683.955 8365.69 5.6689
400 10 0.151 680.545 8354.56 6.1004
400 10 0.161 666.012 8213.42 6.2937
400 10 0.171 637.762 7923.61 6.9091
400 10 0.181 617.575 7742.93 7.2475
400 10 0.191 603.423 7575.91 7.2381
400 10 0.201 581.031 7376.72 7.367
400 10 0.211 575.828 7317.28 7.7755
400 10 0.221 547.187 7036.9 8.1152
400 10 0.231 533.12 6898.63 8.5781
400 10 0.241 515.366 6709.1 8.866
400 10 0.251 509.388 6678.98 9.3865
400 10 0.261 518.918 6803.47 10.785
400 10 0.271 480.795 6419.36 11.1399
400 10 0.281 477.801 6409.43 10.8193
400 10 0.291 466.431 6326.47 11.2392
400 10 0.301 450.6 6135.86 11.3764
400 10 0.311 433.864 5968.33 11.8218
400 10 0.321 425.582 5887.86 12.1278
400 10 0.331 423.917 5910.15 12.6242
400 10 0.341 405.199 5678.01 12.6543
400 10 0.351 395.922 5610.58 13.1618
400 10 0.361 375.531 5419.56 13.6891
400 10 0.371 377.846 5440.04 14.0769
400 10 0.381 355.939 5214.44 14.4323
400 10 0.391 346.422 5129.26 15.5375
400 10 0.401 345.517 5150.81 16.5063
400 10 0.411 330.042 4982.1 16.229
400 10 0.421 304.277 4727.19 16.7206
400 10 0.431 309.022 4784.87 17.5385
400 10 0.441 313.239 4848.37 17.2343
400 10 0.451 287.12 4571.76 17.168
400 10 0.461 270.232 4401.82 17.5805
400 10 0.471 281.21 4533.69 18.3711
400 10 0.481 268.338 4361.43 18.1665
400 10 0.491 256.75 4271.68 18.7348
400 10 0.501 248.476 4199.37 19.1217
400 10 0.511 236.773 4090.62 19.4418
400 10 0.521 233.806 4051.01 19.9698
400 10 0.531 230.378 4018.3 20.2752
400 10 0.541 218.87 3905.88 20.9326
400 10 0.551 203.564 3716.44 21.1808
400 10 0.561 206.392 3798.52 22.3621
400 10 0.571 195.213 3678.71 21.9818
400 10 0.581 188.268 3592.41 22.2212
400 10 0.591 178.56 3507.16 22.1965
400 10 0.601 174.734 3457.12 23.1131
400 10 0.611 162.814 3319.81 23.5542
400 10 0.621 166.391 3384.55 24.2712
400 10 0.631 164 3374.51 24.7227
400 10 0.641 153.561 3266.98 24.4719
400 10 0.651 139.504 3114.04 24.0954
400 10 0.661 143.23 3150.47 24.6122
400 10 0.671 139.94 3114.01 24.8031
400 10 0.681 132.453 3024.41 24.9185
400 10 0.691 127.948 3012.09 25.8601
400 10 0.701 122.818 2950.83 26.0015
400 10 0.711 119.949 2934.54 27.1407
400 10 0.721 114.959 2848.59 26.5574
400 10 0.731 111.23 2829.78 26.754
400 10 0.741 106.066 2773.76 27.1878
400 10 0.751 100.064 2698.97 27.8737
400 10 0.761 98.5426 2690.54 27.7497
400 10 0.771 98.1275 2708.57 29.2746
400 10 0.781 91.1859 2634.72 29.1223
400 10 0.791 87.0877 2556.81 28.9225
400 10 0.801 84.5062 2551.52 29.4643
400 10 0.811 82.4816 2527.45 29.9269
400 10 0.821 76.7414 2445.6 28.9178
400 10 0.831 77.1036 2464.83 29.4353
400 10 0.841 73.8972 2436.11 30.658
400 10 0.851 68.8906 2370.48 29.5258
400 10 0.861 67.617 2370.07 30.195
400 10 0.871 67.1791 2350.58 30.4377
400 10 0.881 62.7155 2315.62 30.9172
400 10 0.891 60.7429 2308.16 30.9788
400 10 0.901 61.3165 2316.1 31.9941
400 10 0.911 59.1095 2296.32 32.4542
400 10 0.921 57.1599 2266.9 32.9061
400 10 0.931 53.7784 2229.54 32.5387
400 10 0.941 53.6445 2229.63 32.9508
400 10 0.951 49.0294 2170.81 32.5851
400 10 0.961 48.1659 2188.62 33.4866
400 10 0.971 45.7226 2118.41 32.7305
400 10 0.981 45.2635 2159.26 33.5328
400 10 0.991 42.6949 2129.97 33.7675
400 10 1.001 38.8788 2054.06 32.7795
400 10 1.011 38.4078 2063.41 33.8205
400 10 1.021 37.1257 2047.69 33.9778
400 10 1.031 36.1697 2058.86 34.804
400 10 1.041 34.7558 2014.56 34.3226
400 10 1.051 32.5038 1994.7 34.3909
400 10 1.061 30.9878 1972.58 34.5332
400 10 1.071 31.6036 1980.55 34.7361
400 10 1.081 29.512 1956.64 34.5092
400 10 1.091 29.5666 1955.55 34.8938
400 10 1.101 28.1141 1955.56 35.5449
400 10 1.111 27.736 1951.23 35.7426
400 10 1.121 26.9377 1936.86 35.4643
400 10 1.131 25.0484 1892.5 34.4822
400 10 1.141 25.5379 1918.07 35.401
400 10 1.151 24.4372 1903.36 35.0771
400 10 1.161 23.7673 1893.63 35.2924
400 10 1.171 23.097 1903.72 35.584
400 10 1.181 22.648 1881.77 35.0963
400 10 1.191 22.7411 1875.61 35.3849
400 10 1.201 21.7312 1876.65 35.5136
400 10 1.211 21.3614 1866.72 35.33
400 10 1.221 20.6176 1855.16 35.3926
400 10 1.231 20.4835 1848.79 35.4686
400 10 1.241 20.7443 1872.63 36.2474
400 10 1.251 20.0158 1845.66 35.7215
400 10 1.261 19.4353 1839.96 35.4097
400 10 1.271 18.5572 1832.52 35.6149
400 10 1.281 19.0663 1840.07 35.8398
400 10 1.291 18.5121 1839.28 36.0113
400 10 1.301 17.8219 1821.66 35.7395
400 10 1.311 17.3697 1820.87 35.4484
400 10 1.321 16.8108 1822.59 35.6371
400 10 1.331 16.6117 1816.32 35.4951
400 10 1.341 16.5993 1819.1 36.0524
400 10 1.351 16.2292 1807.43 35.7397
400 10 1.361 15.4956 1790.17 34.9416
400 10 1.371 15.3882 1798.94 35.3386
400 10 1.381 15.3389 1814.18 35.8679
400 10 1.391 14.9495 1794.22 35.4393
400 10 1.401 15.0772 1807.15 36.0715
400 10 1.411 14.21 1786.44 35.2106
400 10 1.421 14.9218 1815.67 36.5006
400 10 1.431 14.5583 1801.85 36.1486
400 10 1.441 13.6874 1788.06 35.6461
400 10 1.451 13.8028 1783.81 35.6286
400 10 1.461 13.778 1783.74 35.7266
400 10 1.471 13.6104 1801.88 36.3352
400 10 1.481 13.0794 1772.97 35.5726
400 10 1.491 12.5639 1770.73 35.3458
400 10 1.501 12.6466 1782.47 35.5571
400 10 1.511 12.8792 1782.33 35.6984
400 10 1.521 12.5343 1786.05 35.6662
400 10 1.531 12.0183 1774.69 35.4365
400 10 1.541 12.0721 1785.45 35.8944
400 10 1.551 12.1091 1786.36 35.7382
400 10 1.561 11.7882 1782.28 35.4592
400 10 1.571 11.9454 1779.89 35.6339
400 10 1.581 11.7377 1784.6 35.5975
400 10 1.591 11.5475 1780.99 35.5704
400 10 1.601 11.4363 1786.6 35.6013
400 10 1.611 11.2734 1776.56 35.3352
400 10 1.621 11.3586 1785.46 35.952
400 10 1.631 11.3432 1787.61 35.8027
400 10 1.641 11.1401 1786.28 35.7219
400 10 1.651 10.9598 1787.97 35.7179
400 10 1.661 11.0365 1796.41 35.9333
400 10 1.671 11.0051 1788.03 35.7645
400 10 1.681 10.9709 1791.88 35.7813
400 10 1.691 10.836 1786.81 35.6214
400 10 1.701 10.8655 1794.47 35.8935
400 10 1.711 10.75 1795.67 36.4172
400 10 1.721 10.7681 1805.78 36.6609
400 10 1.731 10.6876 1811.59 36.6819
400 10 1.741 10.5172 1806.71 36.6192
400 10 1.751 10.6547 1815.32 36.8164
400 10 1.761 10.4638 1811.37 36.693
400 10 1.771 10.4184 1817.53 36.5854
400 10 1.781 10.3336 1818.64 36.6854
400 10 1.791 10.2295 1821.09 36.9318
400 10 1.801 10.3264 1823.91 37.1876
400 10 1.811 10.2162 1819.03 36.688
400 10 1.821 10.2146 1830.7 36.9532
400 10 1.831 10.1573 1836.31 36.9651
400 10 1.841 9.8655 1822.08 36.8649
400 10 1.851 10.1345 1837.27 37.3504
400 10 1.861 10.0971 1844.53 37.5539
400 10 1.871 10.1132 1854.3 38.0768
400 10 1.881 10.1724 1852.36 38.1655
400 10 1.891 10.1233 1867.71 38.2954
400 10 1.901 10.0416 1862.05 38.3964
400 10 1.911 10.0641 1864.18 38.3049
400 10 1.921 10.1104 1877.19 38.5761
400 10 1.931 10.1312 1871.47 38.7684
400 10 1.941 10.0397 1877.32 38.7029
400 10 1.951 10.1999 1890.12 39.1655
400 10 1.961 10.1291 1888.76 39.0266
400 10 1.971 10.1091 1894.86 38.9755
400 10 1.981 10.1781 1902.4 39.355
400 10 1.991 10.1984 1908.33 39.2264
400 20 0.001 1771.49 18148.6 9.9481
400 20 0.011 1778.04 18240.5 11.2994
400 20 0.021 1717.52 17670 13.4971
400 20 0.031 1655.34 17099.8 11.0921
400 20 0.041 1632.05 16888.8 10.6257
400 20 0.051 1534.92 15962.5 11.1616
400 20 0.061 1506.96 15725.3 11.879
400 20 0.071 1469.44 15364.3 14.4243
400 20 0.081 1464.94 15371.8 12.0306
400 20 0.091 1348.13 14266 11.2419
400 20 0.101 1330.82 14133.1 13.6628
400 20 0.111 1215.63 13015.3 11.3785
400 20 0.121 1166.78 12573 12.7323
400 20 0.131 1165.01 12560.5 12.3801
400 20 0.141 1100.72 12000.6 11.5586
400 20 0.151 1050.2 11476.2 12.0987
400 20 0.161 992.008 10945.6 11.9917
400 20 0.171 973.13 10792.7 13.1304
400 20 0.181 944.673 10536.5 12.6317
400 20 0.191 906.105 10170.8 12.6465
400 20 0.201 827.454 9405.61 13.1729
400 20 0.211 801.689 9168.03 13.7944
400 20 0.221 795.895 9169.54 14.41
400 20 0.231 761.567 8855.01 14.2768
400 20 0.241 693.266 8171.45 14.7383
400 20 0.251 691.03 8174.57 14.8044
400 20 0.261 642.568 7676.77 14.4476
400 20 0.271 619.666 7500.59 15.4589
400 20 0.281 591.813 7215.23 14.9007
400 20 0.291 558.548 6918 15.9866
400 20 0.301 538.378 6738.32 16.7093
400 20 0.311 518.775 6543.09 15.3225
400 20 0.321 483.233 6206.32 15.6012
400 20 0.331 474.721 6160.87 16.4598
400 20 0.341 441.653 5819.57 17.2255
400 20 0.351 449.857 5935.15 19.7833
400 20 0.361 405.616 5488.64 18.062
400 20 0.371 382.552 5276.67 18.4537
400 20 0.381 377.889 5236.1 21.3626
400 20 0.391 354.188 4977.09 21.0799
400 20 0.401 336.989 4820.56 18.8346
400 20 0.411 320.589 4664.81 19.143
400 20 0.421 298.322 4440.71 18.9282
400 20 0.431 295.011 4424 19.5825
400 20 0.441 284.136 4314.46 20.0583
400 20 0.451 264.098 4145.61 21.3208
400 20 0.461 257.942 4087.63 22.8855
400 20 0.471 239.333 3879.19 22.0016
400 20 0.481 230.098 3794.97 21.7832
400 20 0.491 225.689 3787.41 22.593
400 20 0.501 212.891 3629.55 21.7809
400 20 0.511 204.569 3563.32 22.3254
400 20 0.521 197.224 3478.36 21.6177
400 20 0.531 189.519 3413.77 22.0906
400 20 0.541 185.431 3382.33 22.666
400 20 0.551 176.799 3300.53 23.2672
400 20 0.561 162.919 3147.38 22.4879
400 20 0.571 154.513 3074.95 23.1439
400 20 0.581 148.995 3005.23 23.1746
400 20 0.591 139.535 2897.82 23.0391
400 20 0.601 133.044 2842.52 23.5208
400 20 0.611 136.253 2880.37 24.1028
400 20 0.621 127.281 2787.08 24.1419
400 20 0.631 121.288 2717.29 24.0818
400 20 0.641 116.097 2674.44 24.5192
400 20 0.651 112.891 2636.27 23.9761
400 20 0.661 108.301 2615.78 24.0568
400 20 0.671 104.2 2570.27 24.3391
400 20 0.681 101.75 2543.31 24.43
400 20 0.691 93.7304 2422.7 23.6567
400 20 0.701 92.1434 2438.27 24.3315
400 20 0.711 86.7266 2377.56 24.3886
400 20 0.721 86.1844 2376.18 24.9198
400 20 0.731 78.4432 2273.93 24.3434
400 20 0.741 75.4577 2262.56 24.7012
400 20 0.751 74.3731 2244.77 25.0127
400 20 0.761 69.4613 2181.26 24.8368
400 20 0.771 65.9139 2147.16 24.8793
400 20 0.781 65.7373 2147.38 25.0718
400 20 0.791 62.4654 2099.53 25.4386
400 20 0.801 60.2469 2092.64 26.0178
400 20 0.811 58.3144 2080.55 26.5158
400 20 0.821 58.4291 2071.09 26.5242
400 20 0.831 53.8485 2010.36 26.0326
400 20 0.841 52.0892 2004.13 26.5032
400 20 0.851 50.0377 2000.54 26.4583
400 20 0.861 46.8082 1950.53 25.5518
400 20 0.871 43.8796 1908.43 25.7889
400 20 0.881 44.0462 1921.53 26.2401
400 20 0.891 42.091 1895.45 25.9103
400 20 0.901 42.7317 1918.68 27.1124
400 20 0.911 40.6319 1900.72 27.923
400 20 0.921 37.9787 1857.36 27.021
400 20 0.931 37.4376 1851.74 26.6955
400 20 0.941 35.7059 1838.93 27.2056
400 20 0.951 34.2921 1811.84 26.8763
400 20 0.961 33.5729 1815.46 27.4447
400 20 0.971 30.9353 1782.2 27.5051
400 20 0.981 31.5541 1794.6 28.399
400 20 0.991 29.3692 1766.09 28.0714
400 20 1.001 28.2682 1743.89 27.7229
400 20 1.011 26.4199 1732.56 27.8804
400 20 1.021 25.836 1716.46 27.6116
400 20 1.031 24.8178 1714.16 28.2988
400 20 1.041 23.9695 1701.18 28.0079
400 20 1.051 22.869 1675.56 27.7144
400 20 1.061 23.3644 1705.99 28.5536
400 20 1.071 22.3358 1683.7 28.5299
400 20 1.081 21.2781 1673.04 28.2015
400 20 1.091 21.4049 1682.44 28.7211
400 20 1.101 19.8027 1649.02 27.9041
400 20 1.111 20.0044 1651.58 28.3557
400 20 1.121 19.4705 1651.26 28.6267
400 20 1.131 18.5093 1637.24 28.2351
400 20 1.141 18.248 1629.55 28.2502
400 20 1.151 18.2401 1658.94 28.9716
400 20 1.161 17.6399 1640.75 28.7457
400 20 1.171 17.8175 1647.35 29.1885
400 20 1.181 16.7687 1636.4 28.6895
400 20 1.191 15.9951 1612.83 28.4349
400 20 1.201 15.7331 1612.08 28.6633
400 20 1.211 15.3284 1607.1 28.5319
400 20 1.221 15.4452 1609.62 28.9909
400 20 1.231 15.4586 1618.24 29.3714
400 20 1.241 14.5379 1607.31 28.8373
400 20 1.251 14.2014 1605.18 28.8571
400 20 1.261 13.7272 1592.42 28.3965
400 20 1.271 13.7947 1609.11 28.9367
400 20 1.281 13.8566 1606.36 29.0061
400 20 1.291 13.6119 1608.67 29.2298
400 20 1.301 13.6127 1608.28 29.4661
400 20 1.311 12.9257 1604.7 29.1299
400 20 1.321 13.2531 1621.78 29.7928
400 20 1.331 12.7518 1601.11 29.1853
400 20 1.341 12.4443 1590.36 28.949
400 20 1.351 11.943 1581.11 28.6036
400 20 1.361 12.0483 1600.52 29.0869
400 20 1.371 11.1852 1581.84 28.581
400 20 1.381 11.7558 1591.9 29.1396
400 20 1.391 11.1051 1584.58 28.6051
400 20 1.401 11.5347 1605.09 29.5629
400 20 1.411 10.8433 1590.95 28.7858
400 20 1.421 10.9321 1590.54 29.1052
400 20 1.431 11.1589 1607.21 29.5888
400 20 1.441 10.9875 1610.12 29.7869
400 20 1.451 10.4795 1604.34 29.9498
400 20 1.461 10.1271 1595.16 29.6282
400 20 1.471 10.5341 1608.05 30.3124
400 20 1.481 10.0852 1590.85 29.7428
400 20 1.491 9.8413 1596.94 29.1593
400 20 1.501 9.7154 1584.33 29.1859
400 20 1.511 9.8144 1600.68 29.68
400 20 1.521 9.3836 1588.87 28.9633
400 20 1.531 9.1871 1589.06 28.9918
400 20 1.541 9.5941 1602.28 29.3802
400 20 1.551 9.4201 1602.24 29.3348
400 20 1.561 9.2988 1601.73 29.2356
400 20 1.571 9.1799 1612.91 29.4401
400 20 1.581 8.7946 1604.44 29.036
400 20 1.591 8.9147 1608.54 29.2608
400 20 1.601 8.8745 1610.99 29.3193
400 20 1.611 8.6711 1609.21 29.0977
400 20 1.621 8.9596 1631.48 29.7768
400 20 1.631 8.5255 1615.11 29.2126
400 20 1.641 8.5454 1619.51 29.4399
400 20 1.651 8.6902 1647.25 30.2655
400 20 1.661 8.5083 1631.7 30.1224
400 20 1.671 8.2059 1638.48 29.7953
400 20 1.681 8.6054 1654.31 30.3733
400 20 1.691 8.6229 1657.64 30.3366
400 20 1.701 8.4319 1671.06 30.3219
400 20 1.711 8.5475 1671.65 30.8053
400 20 1.721 8.5278 1682.62 31.2403
400 20 1.731 8.6151 1692.71 31.5248
400 20 1.741 8.438 1688.95 31.4491
400 20 1.751 8.407 1695.46 31.013
400 20 1.761 8.321 1701.66 31.1528
400 20 1.771 8.4194 1706.39 31.3693
400 20 1.781 8.4413 1724.59 31.7431
400 20 1.791 8.6327 1732.49 32.1671
400 20 1.801 8.3613 1729.84 31.9052
400 20 1.811 8.5049 1751.03 32.5355
400 20 1.821 8.3695 1743.48 32.7217
400 20 1.831 8.4135 1763.42 32.7016
400 20 1.841 8.4031 1771.09 32.8976
400 20 1.851 8.5016 1779.47 33.4482
400 20 1.861 8.4803 1777.18 33.7121
400 20 1.871 8.566 1797.9 34.338
400 20 1.881 8.4407 1794.95 34.2481
400 20 1.891 8.48 1811.25 34.5139
400 20 1.901 8.443 1815.35 34.3736
400 20 1.911 8.5874 1821.4 34.6747
400 20 1.921 8.569 1834.26 34.9522
400 20 1.931 8.5834 1843.43 35.1543
400 20 1.941 8.7428 1849.64 35.5043
400 20 1.951 8.7048 1855.48 35.5036
400 20 1.961 8.6333 1861.88 35.7048
400 20 1.971 8.8119 1885.14 36.3978
400 20 1.981 8.7919 1880.17 36.0578
400 20 1.991 8.8299 1889.41 36.0567
400 30 0.001 2740.74 26957.5 3.0919
400 30 0.011 2623.42 25884.2 3.5722
400 30 0.021 2494.03 24677.1 3.6888
400 30 0.031 2399.14 23806.6 4.0254
400 30 0.041 2318.14 23084.3 4.5529
400 30 0.051 2176.78 21759.8 4.8234
400 30 0.061 1993.45 20061.5 5.1608
400 30 0.071 1946.98 19679.1 5.8227
400 30 0.081 1844.18 18724.3 6.2214
400 30 0.091 1718.09 17568.7 6.7734
400 30 0.101 1612.77 16602.1 7.163
400 30 0.111 1517.81 15700 7.7258
400 30 0.121 1458.53 15174 8.232
400 30 0.131 1372.83 14411.3 8.8857
400 30 0.141 1333.36 14031.3 9.2583
400 30 0.151 1222.4 13016.9 9.7776
400 30 0.161 1176.9 12596.5 10.3539
400 30 0.171 1129.4 12166.4 10.8836
400 30 0.181 1031.03 11272.1 11.2902
400 30 0.191 989.165 10859.6 11.5975
400 30 0.201 914.964 10187.3 11.803
400 30 0.211 911.051 10203.2 12.9736
400 30 0.221 815.264 9249.68 12.8128
400 30 0.231 767.333 8801.33 13.3359
400 30 0.241 722.162 8380.5 13.5505
400 30 0.251 677.106 7962.68 13.8916
400 30 0.261 626.535 7501.91 14.0646
400 30 0.271 634.039 7585.28 14.6594
400 30 0.281 531.429 6583.78 14.0965
400 30 0.291 532.487 6613.24 14.926
400 30 0.301 501.556 6335.24 15.6481
400 30 0.311 450.49 5820.81 15.1479
400 30 0.321 446.016 5785.03 15.8111
400 30 0.331 427.774 5615.47 16.2757
400 30 0.341 389.004 5270.92 16.5876
400 30 0.351 396.097 5347.29 17.2532
400 30 0.361 355.013 4952.36 17.4447
400 30 0.371 336.721 4748.32 17.605
400 30 0.381 322.058 4651.94 18.207
400 30 0.391 301.113 4422.37 17.9877
400 30 0.401 287.987 4301.23 18.2769
400 30 0.411 286.78 4304.92 18.8721
400 30 0.421 263.246 4092.45 18.9335
400 30 0.431 242.418 3851.8 17.9572
400 30 0.441 234.237 3783.24 18.1016
400 30 0.451 219.525 3645.21 18.4132
400 30 0.461 221.964 3689.31 19.4837
400 30 0.471 209.436 3565.26 18.8805
400 30 0.481 185.644 3305.04 18.2764
400 30 0.491 183.803 3306.88 19.0915
400 30 0.501 169.537 3158.11 18.9299
400 30 0.511 163.058 3094.21 19.0019
400 30 0.521 155.344 3008.2 19.1364
400 30 0.531 153.563 3006.1 20.2639
400 30 0.541 139.568 2844.28 19.3105
400 30 0.551 137.454 2838.63 19.6405
400 30 0.561 131.474 2767.59 19.6298
400 30 0.571 125.443 2700.61 19.5278
400 30 0.581 119.778 2643.04 19.7418
400 30 0.591 111.371 2564.8 19.7871
400 30 0.601 112.195 2588.34 20.464
400 30 0.611 100.514 2437.34 19.6118
400 30 0.621 98.1296 2441.27 20.3215
400 30 0.631 98.1538 2436.78 20.7391
400 30 0.641 92.3224 2366.56 20.235
400 30 0.651 89.3017 2351.42 20.5696
400 30 0.661 86.7453 2341.86 21.2076
400 30 0.671 81.9999 2272.97 21.1437
400 30 0.681 80.0926 2254.26 21.1982
400 30 0.691 80.5448 2265.43 21.9437
400 30 0.701 68.6846 2127.92 20.7144
400 30 0.711 71.211 2163.92 21.425
400 30 0.721 67.1914 2128.13 21.7353
400 30 0.731 67.4969 2135.8 22.1906
400 30 0.741 62.595 2079.64 22.9556
400 30 0.751 58.04 2002.97 22.2871
400 30 0.761 57.2226 2008.85 22.5738
400 30 0.771 54.5234 1977.2 22.5938
400 30 0.781 53.9516 1980.41 23.34
400 30 0.791 48.8999 1922.15 22.8401
400 30 0.801 51.5701 1966.81 23.9291
400 30 0.811 46.6361 1896.7 22.2913
400 30 0.821 44.4729 1874.35 22.7512
400 30 0.831 46.0799 1899.88 23.3795
400 30 0.841 45.0025 1889.22 23.3177
400 30 0.851 39.0397 1819.14 22.5618
400 30 0.861 41.4403 1860.59 23.4597
400 30 0.871 37.9907 1809.82 23.2986
400 30 0.881 38.3588 1819.13 23.5932
400 30 0.891 35.1849 1780.59 23.2467
400 30 0.901 33.7854 1765.09 23.3767
400 30 0.911 33.0175 1765.23 24.4541
400 30 0.921 33.5445 1777.48 24.8808
400 30 0.931 29.901 1714.31 23.5144
400 30 0.941 29.4215 1725.74 23.837
400 30 0.951 27.9025 1703.8 23.8375
400 30 0.961 26.8273 1671.56 23.577
400 30 0.971 26.5675 1689.64 24.2607
400 30 0.981 25.2265 1667.61 24.1524
400 30 0.991 24.4979 1667.61 24.3199
400 30 1.001 24.6603 1677.21 24.8302
400 30 1.011 24.2011 1684.53 25.438
400 30 1.021 21.5019 1625.7 24.6767
400 30 1.031 21.3602 1635 24.9445
400 30 1.041 21.2422 1640.31 25.3187
400 30 1.051 19.5618 1601.4 24.6372
400 30 1.061 19.4451 1613.22 25.1317
400 30 1.071 19.0379 1605.01 25.1527
400 30 1.081 17.2637 1573.24 24.4262
400 30 1.091 17.4924 1596.29 25.2775
400 30 1.101 17.2479 1578.99 24.917
400 30 1.111 16.4793 1572.85 25.03
400 30 1.121 15.9738 1576.65 25.9057
400 30 1.131 17.086 1600.9 26.913
400 30 1.141 16.3166 1597.72 26.9372
400 30 1.151 15.0249 1574.51 26.3036
400 30 1.161 15.2827 1581.69 26.5138
400 30 1.171 15.3135 1579.84 26.7339
400 30 1.181 14.6292 1560.88 26.3035
400 30 1.191 13.9275 1560.98 26.2727
400 30 1.201 13.3689 1553.58 26.0398
400 30 1.211 14.4649 1581.99 27.0564
400 30 1.221 13.4355 1564.71 26.639
400 30 1.231 13.3377 1563.8 26.6374
400 30 1.241 13.0627 1561.39 26.7373
400 30 1.251 12.4963 1552.59 26.5245
400 30 1.261 12.7037 1565.41 27.0152
400 30 1.271 12.038 1548.38 26.3308
400 30 1.281 11.7222 1554.68 26.4227
400 30 1.291 11.5811 1547.09 26.6426
400 30 1.301 11.5912 1554.32 26.6051
400 30 1.311 11.4666 1549.03 26.5211
400 30 1.321 11.1928 1547.03 26.4559
400 30 1.331 11.1337 1553.12 26.6618
400 30 1.341 11.2368 1552.47 26.8112
400 30 1.351 10.6949 1547.65 26.5886
400 30 1.361 10.465 1546.49 26.5563
400 30 1.371 10.322 1553.67 26.6122
400 30 1.381 10.0758 1538.91 26.4574
400 30 1.391 10.4538 1551.73 26.9991
400 30 1.401 9.9558 1559.11 26.4409
400 30 1.411 9.9127 1565.04 26.782
400 30 1.421 9.481 1544.31 26.0779
400 30 1.431 9.8537 1571.22 26.9728
400 30 1.441 9.2779 1556.23 26.0156
400 30 1.451 9.3909 1555.11 26.4966
400 30 1.461 8.9638 1545.88 26.2256
400 30 1.471 9.1252 1570.19 26.7454
400 30 1.481 9.2177 1567.92 26.92
400 30 1.491 8.8629 1563.15 26.1402
400 30 1.501 8.8408 1570.32 26.4372
400 30 1.511 8.5495 1571.49 26.3693
400 30 1.521 8.3351 1560.24 25.9233
400 30 1.531 8.4409 1572.91 26.7
400 30 1.541 8.279 1568.06 26.4127
400 30 1.551 8.2749 1573.21 26.5466
400 30 1.561 8.0135 1569.15 26.23
400 30 1.571 7.9989 1567.46 26.2423
400 30 1.581 7.9407 1569.64 26.0429
400 30 1.591 8.0627 1579.83 26.3186
400 30 1.601 7.9356 1589 26.5139
400 30 1.611 7.9125 1594 26.6101
400 30 1.621 8.0095 1605.05 26.9522
400 30 1.631 8.0142 1610.64 27.6695
400 30 1.641 7.8759 1616.29 27.7845
400 30 1.651 8.0104 1636.14 28.1143
400 30 1.661 7.8921 1636.9 28.2278
400 30 1.671 7.6593 1632.23 27.8977
400 30 1.681 7.7353 1638.08 28.2995
400 30 1.691 8.0754 1668.13 29.2794
400 30 1.701 8.0373 1676.43 29.3757
400 30 1.711 7.9524 1679.24 29.3981
400 30 1.721 7.9567 1687.55 29.6864
400 30 1.731 7.7425 1686.76 29.5464
400 30 1.741 7.8996 1700.79 29.8881
400 30 1.751 7.7267 1703.58 29.9189
400 30 1.761 7.8355 1712.91 30.2364
400 30 1.771 7.8793 1728.17 30.6293
400 30 1.781 7.7898 1726.19 30.4786
400 30 1.791 7.7652 1741.88 30.39
400 30 1.801 8.1483 1756.18 31.2963
400 30 1.811 7.8934 1764.09 31.3083
400 30 1.821 8.0729 1779.12 31.8657
400 30 1.831 7.9714 1782.52 31.7163
400 30 1.841 8.1454 1798.69 32.3832
400 30 1.851 8.0433 1804.81 32.4156
400 30 1.861 8.1066 1812.4 32.5719
400 30 1.871 8.0703 1818.26 32.8713
400 30 1.881 8.2057 1830.55 33.2592
400 30 1.891 8.2077 1846.86 33.5099
400 30 1.901 8.2079 1848.72 33.2918
400 30 1.911 8.1773 1857.31 33.454
400 30 1.921 8.2982 1872.11 33.8308
400 30 1.931 8.2608 1870.44 33.7988
400 30 1.941 8.4574 1895.61 34.5281
400 30 1.951 8.337 1892.38 34.3236
400 30 1.961 8.5044 1910.72 34.8581
400 30 1.971 8.3933 1908.08 34.6858
400 30 1.981 8.6139 1927.23 35.2157
400 30 1.991 8.5773 1928.56 35.0903
400 40 0.001 3540.7 34137.9 95.5762
400 40 0.011 3516.25 33949.3 94.138
400 40 0.021 3193.5 30979.6 84.7813
400 40 0.031 3021.5 29406.4 79.7301
400 40 0.041 2871.11 28040.3 75.6004
400 40 0.051 2641.27 25941.2 69.6608
400 40 0.061 2504.62 24686 65.6678
400 40 0.071 2320.32 23005 60.7062
400 40 0.081 2205.53 21981.1 57.5417
400 40 0.091 2028.3 20343.9 52.9722
400 40 0.101 1945.02 19605.5 51.4412
400 40 0.111 1717.71 17491.6 45.1915
400 40 0.121 1607.36 16470.4 42.5784
400 40 0.131 1520.44 15702.9 41.0447
400 40 0.141 1441.75 15008.8 38.5089
400 40 0.151 1270.75 13402.1 34.6018
400 40 0.161 1150.44 12267.9 31.8013
400 40 0.171 1113.02 11941.8 31.4116
400 40 0.181 1045.8 11362.9 29.863
400 40 0.191 1040.64 11317.7 29.7748
400 40 0.201 890.755 9886.83 27.5227
400 40 0.211 824.307 9290.15 26.2594
400 40 0.221 806.698 9158.17 26.1558
400 40 0.231 735 8491.95 24.8634
400 40 0.241 720.376 8351.9 25.0874
400 40 0.251 647.177 7678.32 23.3292
400 40 0.261 607.746 7313.37 22.9085
400 40 0.271 551.448 6759.07 22.0158
400 40 0.281 512.471 6401.76 21.7788
400 40 0.291 497.771 6274.77 21.765
400 40 0.301 452.57 5834.65 21.1124
400 40 0.311 433.205 5645.16 20.8255
400 40 0.321 417.197 5531.08 21.0462
400 40 0.331 364.451 5001.24 19.7423
400 40 0.341 366.162 5033.74 20.1492
400 40 0.351 333.443 4713.36 20.2343
400 40 0.361 309.718 4502.46 19.9662
400 40 0.371 301.182 4424.3 20.0309
400 40 0.381 269.528 4092.64 19.1428
400 40 0.391 268.09 4094.28 19.7637
400 40 0.401 259.436 4009.91 19.8085
400 40 0.411 235.428 3787.37 19.8592
400 40 0.421 218.618 3607.07 19.9243
400 40 0.431 206.578 3493.26 19.7371
400 40 0.441 202.583 3456.82 19.8033
400 40 0.451 194.266 3393.46 19.7063
400 40 0.461 183.656 3276.21 19.3505
400 40 0.471 184.531 3285.16 19.8019
400 40 0.481 163.575 3069.87 19.1821
400 40 0.491 158.369 3039.74 19.7581
400 40 0.501 147.427 2918.87 19.632
400 40 0.511 136.654 2799.36 19.9387
400 40 0.521 137.02 2809.46 20.1951
400 40 0.531 132.504 2777.47 20.6925
400 40 0.541 132.82 2780.97 21.0957
400 40 0.551 117.952 2626.8 20.5145
400 40 0.561 112.868 2570.59 20.4658
400 40 0.571 107.119 2510.2 20.4783
400 40 0.581 103.315 2481.86 20.5577
400 40 0.591 101.079 2470.32 20.4954
400 40 0.601 99.1052 2446.1 20.5233
400 40 0.611 88.2842 2308.29 19.6906
400 40 0.621 87.2707 2303.98 19.8764
400 40 0.631 87.5455 2324.96 20.6391
400 40 0.641 83.619 2284 20.9162
400 40 0.651 77.4514 2204.93 21.1389
400 40 0.661 74.1179 2179.58 21.4468
400 40 0.671 71.621 2151.95 21.3962
400 40 0.681 73.3652 2189.53 21.5617
400 40 0.691 65.4988 2094.78 20.7131
400 40 0.701 62.9532 2066.64 20.7495
400 40 0.711 63.7043 2079.93 21.2534
400 40 0.721 61.8716 2065.43 21.5035
400 40 0.731 56.596 2005.78 21.2517
400 40 0.741 56.9899 2025.79 21.9253
400 40 0.751 54.9517 1989.66 22.1579
400 40 0.761 51.1419 1947.5 21.9994
400 40 0.771 52.0249 1977.01 22.3187
400 40 0.781 47.6946 1920.11 22.1372
400 40 0.791 46.0658 1899.11 21.7499
400 40 0.801 45.0097 1890.54 21.9558
400 40 0.811 44.112 1867.34 21.7529
400 40 0.821 41.1161 1849.64 22.0316
400 40 0.831 39.1636 1826.06 22.6644
400 40 0.841 38.1435 1810.94 22.976
400 40 0.851 36.6175 1793.52 22.8734
400 40 0.861 37.1286 1799.09 22.4978
400 40 0.871 35.8814 1794.19 22.8177
400 40 0.881 32.427 1744.03 22.1119
400 40 0.891 32.0686 1747.79 22.7289
400 40 0.901 30.2063 1729.14 23.1943
400 40 0.911 30.0495 1728.07 23.4796
400 40 0.921 28.7886 1719.91 23.5188
400 40 0.931 27.4117 1703.54 23.0715
400 40 0.941 26.9688 1691.45 23.1083
400 40 0.951 27.4545 1708.09 23.9182
400 40 0.961 26.354 1708.35 24.2882
400 40 0.971 23.0329 1644.31 22.9362
400 40 0.981 23.8212 1668.86 23.8405
400 40 0.991 22.0697 1640.83 23.5298
400 40 1.001 22.3107 1660.47 24.248
400 40 1.011 20.7793 1625.67 23.7935
400 40 1.021 19.9171 1625.42 24.1594
400 40 1.031 19.9208 1635.94 25.0194
400 40 1.041 18.6745 1598.44 24.3883
400 40 1.051 17.5964 1595.52 24.3407
400 40 1.061 17.7236 1595.8 24.5059
400 40 1.071 17.4624 1594.64 24.553
400 40 1.081 16.2665 1576.78 24.1442
400 40 1.091 16.2387 1577.88 24.1264
400 40 1.101 15.5838 1574.98 24.4477
400 40 1.111 16.1423 1598.87 25.4392
400 40 1.121 14.9971 1572.03 24.6504
400 40 1.131 14.9119 1579.8 24.7455
400 40 1.141 14.7302 1577.6 24.8356
400 40 1.151 14.4866 1569.69 24.8148
400 40 1.161 14.1115 1576.48 25.0774
400 40 1.171 13.3298 1552.16 24.2209
400 40 1.181 12.5882 1535.81 23.7076
400 40 1.191 13.0238 1555.58 24.4294
400 40 1.201 12.7932 1554.14 24.5737
400 40 1.211 12.2457 1552.81 24.6358
400 40 1.221 12.5482 1556.85 24.8752
400 40 1.231 12.4589 1565.29 25.0927
400 40 1.241 11.9413 1553.14 24.8521
400 40 1.251 11.7633 1549.58 24.8596
400 40 1.261 11.0953 1541.06 24.4122
400 40 1.271 10.9851 1547.77 24.7019
400 40 1.281 10.9221 1548.02 24.9415
400 40 1.291 11.1527 1557.68 25.5421
400 40 1.301 10.7596 1565.59 25.2335
400 40 1.311 10.6553 1562.76 25.3789
400 40 1.321 10.5087 1562.09 25.5811
400 40 1.331 10.2468 1562.74 25.4336
400 40 1.341 10.0231 1556.07 25.2434
400 40 1.351 9.9183 1556.9 25.0736
400 40 1.361 10.1562 1579.05 25.7668
400 40 1.371 9.5325 1543.38 24.8125
400 40 1.381 9.4191 1563.44 25.3424
400 40 1.391 9.5719 1565.49 25.5532
400 40 1.401 9.0677 1557.19 24.963
400 40 1.411 8.8549 1546.99 24.8003
400 40 1.421 8.9236 1558.26 25.0868
400 40 1.431 9.0406 1573.81 25.7886
400 40 1.441 8.5672 1552.62 25.0275
400 40 1.451 8.7639 1582.09 26.4125
400 40 1.461 8.3022 1559.41 25.5488
400 40 1.471 8.2245 1563.7 25.5012
400 40 1.481 8.0209 1561.43 25.392
400 40 1.491 8.2686 1577.04 25.6469
400 40 1.501 8.2929 1594.99 26.0224
400 40 1.511 8.1458 1575.04 25.5967
400 40 1.521 8.1548 1580.79 25.9655
400 40 1.531 7.8555 1577.9 25.8656
400 40 1.541 7.7889 1576.59 25.9284
400 40 1.551 7.8822 1594.04 26.2544
400 40 1.561 7.4794 1571.32 25.3113
400 40 1.571 7.5066 1581.24 25.4577
400 40 1.581 7.4954 1588.31 25.6225
400 40 1.591 7.3987 1584.97 25.5162
400 40 1.601 7.2605 1596.1 25.9702
400 40 1.611 7.5812 1617.46 26.7326
400 40 1.621 7.431 1614.21 26.6752
400 40 1.631 7.3135 1624.73 26.8276
400 40 1.641 7.4438 1636.56 27.1024
400 40 1.651 7.5969 1656.65 27.7341
400 40 1.661 7.3629 1648.85 26.9904
400 40 1.671 7.4173 1657.74 27.2378
400 40 1.681 7.4243 1668.58 27.8352
400 40 1.691 7.6535 1689.28 28.4798
400 40 1.701 7.6041 1701.62 28.6682
400 40 1.711 7.3878 1700.12 28.5407
400 40 1.721 7.4171 1719.22 28.6902
400 40 1.731 7.5859 1718.15 28.8647
400 40 1.741 7.4678 1726.38 28.8865
400 40 1.751 7.6786 1743.39 29.5073
400 40 1.761 7.6263 1757.11 29.8871
400 40 1.771 7.5833 1761.32 29.8081
400 40 1.781 7.5082 1765.48 29.8623
400 40 1.791 7.5666 1776.93 30.1119
400 40 1.801 7.6249 1790.41 30.4636
400 40 1.811 7.6758 1804.66 31.1008
400 40 1.821 7.6274 1812.23 31.2541
400 40 1.831 7.706 1821.16 31.7241
400 40 1.841 7.8036 1829.23 31.9552
400 40 1.851 7.8239 1840.14 32.2594
400 40 1.861 7.9457 1858.74 32.6946
400 40 1.871 7.8437 1855.47 32.5923
400 40 1.881 7.9734 1875.36 33.0593
400 40 1.891 7.9181 1882.27 33.2834
400 40 1.901 7.957 1887.63 33.356
400 40 1.911 8.1196 1905.46 33.7927
400 40 1.921 8.0394 1907.84 33.7298
400 40 1.931 8.1225 1911.95 34.0345
400 40 1.941 8.1689 1925.35 34.3235
400 40 1.951 8.2372 1941.65 34.6083
400 40 1.961 8.1891 1945 34.7243
400 40 1.971 8.3287 1952.17 34.893
400 40 1.981 8.3761 1963.63 35.1151
400 40 1.991 8.3647 1966.05 35.0306
