200 10 0.001 1908.8 5.6837e-06
200 10 0.011 1890.65 3.8378e-06
200 10 0.021 1872.46 3.8053e-06
200 10 0.031 1851.78 6.1769e-06
200 10 0.041 1827.05 6.3281e-06
200 10 0.051 1799.58 6.3053e-06
200 10 0.061 1782.93 5.3039e-06
200 10 0.071 1754.94 3.7371e-06
200 10 0.081 1731.35 4.3423e-06
200 10 0.091 1704.67 5.1439e-06
200 10 0.101 1685.38 5.056e-06
200 10 0.111 1650.22 3.6577e-06
200 10 0.121 1622.94 3.6333e-06
200 10 0.131 1603.02 3.6125e-06
200 10 0.141 1575.7 4.025e-06
200 10 0.151 1555.32 3.5864e-06
200 10 0.161 1527.01 3.5469e-06
200 10 0.171 1505.06 5.0518e-06
200 10 0.181 1475.07 3.748e-06
200 10 0.191 1453.22 3.5258e-06
200 10 0.201 1426.27 3.4876e-06
200 10 0.211 1402.33 4.8736e-06
200 10 0.221 1376.73 5.5682e-06
200 10 0.231 1346.42 5.5233e-06
200 10 0.241 1326.96 5.5219e-06
200 10 0.251 1305.74 5.5324e-06
200 10 0.261 1279.32 5.536e-06
200 10 0.271 1251.8 5.5035e-06
200 10 0.281 1234.76 5.4758e-06
200 10 0.291 1214.19 3.4287e-06
200 10 0.301 1187.84 5.0506e-06
200 10 0.311 1162.07 5.3014e-06
200 10 0.321 1145.05 5.2827e-06
200 10 0.331 1126.57 5.2617e-06
200 10 0.341 1096.11 5.202e-06
200 10 0.351 1074.83 5.1564e-06
200 10 0.361 1051.24 5.1233e-06
200 10 0.371 1040.61 5.1188e-06
200 10 0.381 1014.85 5.0804e-06
200 10 0.391 1000.42 5.056e-06
200 10 0.401 974.446 5.0058e-06
200 10 0.411 953.813 4.9876e-06
200 10 0.421 939.915 4.968e-06
200 10 0.431 917.684 4.9287e-06
200 10 0.441 915.414 4.9127e-06
200 10 0.451 879.638 4.8512e-06
200 10 0.461 856.331 3.5653e-06
200 10 0.471 843.908 4.5249e-06
200 10 0.481 820.305 4.7448e-06
200 10 0.491 802.033 4.6271e-06
200 10 0.501 798.208 4.5953e-06
200 10 0.511 774.388 4.5432e-06
200 10 0.521 756.907 4.5255e-06
200 10 0.531 741.881 4.5009e-06
200 10 0.541 724.659 4.4779e-06
200 10 0.551 707.123 4.4477e-06
200 10 0.561 695.25 4.4288e-06
200 10 0.571 676.079 4.4051e-06
200 10 0.581 663.903 4.3819e-06
200 10 0.591 647.286 4.3561e-06
200 10 0.601 632.367 4.3198e-06
200 10 0.611 620.556 4.3097e-06
200 10 0.621 608.521 4.2943e-06
200 10 0.631 596.602 4.2734e-06
200 10 0.641 576.825 4.24e-06
200 10 0.651 566.477 4.233e-06
200 10 0.661 558.579 4.2142e-06
200 10 0.671 545.556 4.1837e-06
200 10 0.681 535.645 4.1854e-06
200 10 0.691 516.546 4.1443e-06
200 10 0.701 506.725 4.1284e-06
200 10 0.711 489.038 4.0883e-06
200 10 0.721 480.472 4.0802e-06
200 10 0.731 467.311 4.0632e-06
200 10 0.741 457.818 4.0386e-06
200 10 0.751 451.806 4.0321e-06
200 10 0.761 436.724 4.0041e-06
200 10 0.771 432.72 3.658e-06
200 10 0.781 415.882 3.1812e-06
200 10 0.791 408.042 4.0533e-06
200 10 0.801 393.378 4.028e-06
200 10 0.811 388.053 4.0116e-06
200 10 0.821 380.947 3.9985e-06
200 10 0.831 370.379 3.9777e-06
200 10 0.841 360.507 3.9507e-06
200 10 0.851 347.995 3.9304e-06
200 10 0.861 341.228 3.916e-06
200 10 0.871 333.611 3.902e-06
200 10 0.881 324.948 3.8711e-06
200 10 0.891 315.469 3.8535e-06
200 10 0.901 312.622 3.8517e-06
200 10 0.911 304.225 3.8401e-06
200 10 0.921 296.418 3.8196e-06
200 10 0.931 287.428 3.8007e-06
200 10 0.941 280.114 3.7709e-06
200 10 0.951 268.987 3.7497e-06
200 10 0.961 265.027 3.7361e-06
200 10 0.971 252.266 3.7114e-06
200 10 0.981 252.108 3.7095e-06
200 10 0.991 245.827 3.6979e-06
200 10 1.001 236.869 3.6738e-06
200 10 1.011 225.328 3.6414e-06
200 10 1.021 222.486 3.6261e-06
200 10 1.031 216.397 3.6022e-06
200 10 1.041 208.501 3.4826e-06
200 10 1.051 204.6 3.5784e-06
200 10 1.061 197.929 3.5534e-06
200 10 1.071 195.165 3.5357e-06
200 10 1.081 186.491 3.5009e-06
200 10 1.091 186.036 3.5039e-06
200 10 1.101 180.982 3.4906e-06
200 10 1.111 174.489 3.4618e-06
200 10 1.121 175.075 3.4703e-06
200 10 1.131 169.181 3.4324e-06
200 10 1.141 163.88 3.3658e-06
200 10 1.151 160.073 3.3557e-06
200 10 1.161 158.459 3.3419e-06
200 10 1.171 152.891 3.3066e-06
200 10 1.181 151.802 3.2958e-06
200 10 1.191 148.037 3.2817e-06
200 10 1.201 145.3 3.062e-06
200 10 1.211 140.192 2.6549e-06
200 10 1.221 137.947 3.2254e-06
200 10 1.231 135.993 3.2386e-06
200 10 1.241 132.635 3.2188e-06
200 10 1.251 130.309 3.208e-06
200 10 1.261 126.899 3.1808e-06
200 10 1.271 124.807 3.1597e-06
200 10 1.281 121.267 3.1435e-06
200 10 1.291 120.835 3.1531e-06
200 10 1.301 116.377 2.8087e-06
200 10 1.311 115.737 3.1637e-06
200 10 1.321 112.664 3.1058e-06
200 10 1.331 111.132 3.0941e-06
200 10 1.341 107.293 3.0727e-06
200 10 1.351 103.947 3.0435e-06
200 10 1.361 103.332 3.0375e-06
200 10 1.371 99.903 3.0085e-06
200 10 1.381 99.4038 3.0059e-06
200 10 1.391 96.1458 2.8102e-06
200 10 1.401 94.6288 2.8245e-06
200 10 1.411 92.5449 2.9603e-06
200 10 1.421 89.7803 2.9012e-06
200 10 1.431 88.7527 2.8946e-06
200 10 1.441 86.6717 2.8711e-06
200 10 1.451 85.0781 2.8629e-06
200 10 1.461 82.8813 2.5345e-06
200 10 1.471 81.4103 2.2769e-06
200 10 1.481 80.0023 2.2572e-06
200 10 1.491 78.0416 2.2471e-06
200 10 1.501 76.004 2.2441e-06
200 10 1.511 74.7837 2.7281e-06
200 10 1.521 73.1698 2.7537e-06
200 10 1.531 71.6161 2.7349e-06
200 10 1.541 70.056 2.7033e-06
200 10 1.551 67.3072 2.6766e-06
200 10 1.561 66.2718 2.6606e-06
200 10 1.571 64.9961 2.6525e-06
200 10 1.581 63.478 2.6257e-06
200 10 1.591 62.0502 2.6149e-06
200 10 1.601 61.7936 2.604e-06
200 10 1.611 60.2425 2.592e-06
200 10 1.621 59.2574 2.565e-06
200 10 1.631 58.5664 2.4413e-06
200 10 1.641 56.7211 2.4281e-06
200 10 1.651 55.7975 2.4882e-06
200 10 1.661 55.5222 2.477e-06
200 10 1.671 53.9759 2.4537e-06
200 10 1.681 53.1266 2.4326e-06
200 10 1.691 52.4019 2.4314e-06
200 10 1.701 51.2201 2.4041e-06
200 10 1.711 50.1175 2.405e-06
200 10 1.721 49.5971 2.3893e-06
200 10 1.731 48.9533 2.372e-06
200 10 1.741 47.3834 2.3542e-06
200 10 1.751 46.6084 2.3416e-06
200 10 1.761 45.7947 2.3233e-06
200 10 1.771 44.7853 2.3043e-06
200 10 1.781 44.2204 2.2897e-06
200 10 1.791 43.2228 2.2775e-06
200 10 1.801 42.1077 2.2507e-06
200 10 1.811 41.6379 2.2435e-06
200 10 1.821 40.5317 2.2247e-06
200 10 1.831 39.7604 2.1985e-06
200 10 1.841 39.0248 2.1916e-06
200 10 1.851 37.7969 2.169e-06
200 10 1.861 37.3342 2.1615e-06
200 10 1.871 36.5716 1.8245e-06
200 10 1.881 35.6197 2.1279e-06
200 10 1.891 34.8006 2.1371e-06
200 10 1.901 34.0458 2.092e-06
200 10 1.911 33.1797 1.9957e-06
200 10 1.921 32.3414 1.6493e-06
200 10 1.931 31.7967 1.643e-06
200 10 1.941 30.751 1.785e-06
200 10 1.951 30.0079 1.8424e-06
200 10 1.961 29.1954 1.785e-06
200 10 1.971 28.6511 1.9962e-06
200 10 1.981 27.8708 1.967e-06
200 10 1.991 27.1516 1.9436e-06
200 20 0.001 3615.77 8.8859e-06
200 20 0.011 3547.36 8.7857e-06
200 20 0.021 3471.52 8.6905e-06
200 20 0.031 3399.35 8.6223e-06
200 20 0.041 3309.13 8.3953e-06
200 20 0.051 3209.07 8.2058e-06
200 20 0.061 3139.43 8.1124e-06
200 20 0.071 3055.64 8.0001e-06
200 20 0.081 2972.95 7.8983e-06
200 20 0.091 2877.96 7.7611e-06
200 20 0.101 2805.09 7.6573e-06
200 20 0.111 2707.77 7.5105e-06
200 20 0.121 2624.01 7.3995e-06
200 20 0.131 2544.73 7.2758e-06
200 20 0.141 2460.8 5.4105e-06
200 20 0.151 2374.36 4.2941e-06
200 20 0.161 2308.5 4.2325e-06
200 20 0.171 2261.88 4.218e-06
200 20 0.181 2169.89 4.1651e-06
200 20 0.191 2106.64 4.1308e-06
200 20 0.201 2010.85 4.0735e-06
200 20 0.211 1985.65 4.3361e-06
200 20 0.221 1894.27 6.3278e-06
200 20 0.231 1824.49 6.2075e-06
200 20 0.241 1771.58 6.1242e-06
200 20 0.251 1718.52 6.035e-06
200 20 0.261 1622.11 5.9464e-06
200 20 0.271 1583.08 5.8962e-06
200 20 0.281 1524.27 5.8058e-06
200 20 0.291 1474.68 5.724e-06
200 20 0.301 1419.18 5.6226e-06
200 20 0.311 1379.22 5.5456e-06
200 20 0.321 1323.15 5.4507e-06
200 20 0.331 1277.2 4.6764e-06
200 20 0.341 1243.38 4.1604e-06
200 20 0.351 1189.19 5.1497e-06
200 20 0.361 1152.87 5.0835e-06
200 20 0.371 1097.76 4.9761e-06
200 20 0.381 1062.24 4.9084e-06
200 20 0.391 1021.93 4.8451e-06
200 20 0.401 985.774 4.7643e-06
200 20 0.411 950.33 4.694e-06
200 20 0.421 916.547 4.6296e-06
200 20 0.431 885.439 4.5885e-06
200 20 0.441 844.342 4.48e-06
200 20 0.451 820.293 4.4318e-06
200 20 0.461 788.916 3.3072e-06
200 20 0.471 765.295 3.1217e-06
200 20 0.481 715.048 3.0641e-06
200 20 0.491 702.114 3.0454e-06
200 20 0.501 680.143 4.1786e-06
200 20 0.511 645.969 4.1083e-06
200 20 0.521 620.235 4.0516e-06
200 20 0.531 602.257 3.9999e-06
200 20 0.541 583.201 3.9696e-06
200 20 0.551 556.092 3.5665e-06
200 20 0.561 532.352 2.8603e-06
200 20 0.571 512.353 3.5013e-06
200 20 0.581 490.036 3.7262e-06
200 20 0.591 477.781 3.7073e-06
200 20 0.601 462.486 3.6593e-06
200 20 0.611 446.706 3.6092e-06
200 20 0.621 427.299 3.5549e-06
200 20 0.631 413.949 3.5186e-06
200 20 0.641 397.495 3.4772e-06
200 20 0.651 378.655 3.4268e-06
200 20 0.661 366.811 3.3909e-06
200 20 0.671 352.645 3.3576e-06
200 20 0.681 336.882 3.3069e-06
200 20 0.691 324.339 3.2951e-06
200 20 0.701 313.431 3.2703e-06
200 20 0.711 298.833 2.6113e-06
200 20 0.721 293.822 2.8067e-06
200 20 0.731 280.05 3.1581e-06
200 20 0.741 267.005 3.1008e-06
200 20 0.751 252.228 3.0631e-06
200 20 0.761 244.924 3.0307e-06
200 20 0.771 238.71 2.9853e-06
200 20 0.781 227.001 2.4298e-06
200 20 0.791 217.096 2.5974e-06
200 20 0.801 211.239 2.2772e-06
200 20 0.811 200.962 2.2446e-06
200 20 0.821 194.921 2.2771e-06
200 20 0.831 184.756 2.7383e-06
200 20 0.841 179.154 2.6853e-06
200 20 0.851 171.556 2.667e-06
200 20 0.861 163.404 2.4988e-06
200 20 0.871 157.8 2.3485e-06
200 20 0.881 151.833 2.1692e-06
200 20 0.891 143.658 2.2487e-06
200 20 0.901 139.332 2.5163e-06
200 20 0.911 134.15 2.4817e-06
200 20 0.921 127.335 2.4244e-06
200 20 0.931 121.44 2.4038e-06
200 20 0.941 118.862 2.4017e-06
200 20 0.951 113.966 2.366e-06
200 20 0.961 105.115 2.3091e-06
200 20 0.971 104.247 2.3014e-06
200 20 0.981 99.2164 2.2547e-06
200 20 0.991 93.8829 2.221e-06
200 20 1.001 90.1966 2.187e-06
200 20 1.011 85.3343 2.1569e-06
200 20 1.021 80.2924 2.1459e-06
200 20 1.031 77.621 2.1178e-06
200 20 1.041 73.718 2.0982e-06
200 20 1.051 71.3111 2.0744e-06
200 20 1.061 68.0232 2.0423e-06
200 20 1.071 63.9568 2.0156e-06
200 20 1.081 61.6416 1.9871e-06
200 20 1.091 59.1336 1.9647e-06
200 20 1.101 57.2183 1.93e-06
200 20 1.111 54.4371 1.9266e-06
200 20 1.121 53.9284 1.9136e-06
200 20 1.131 50.4613 1.884e-06
200 20 1.141 48.9066 1.867e-06
200 20 1.151 47.3618 1.8438e-06
200 20 1.161 45.6346 1.8204e-06
200 20 1.171 43.657 1.81e-06
200 20 1.181 42.0058 1.4883e-06
200 20 1.191 40.679 1.5745e-06
200 20 1.201 39.3639 1.4471e-06
200 20 1.211 37.5859 1.4212e-06
200 20 1.221 37.0931 1.6625e-06
200 20 1.231 35.2384 1.699e-06
200 20 1.241 33.8354 1.6654e-06
200 20 1.251 32.7542 1.6539e-06
200 20 1.261 31.467 1.6346e-06
200 20 1.271 30.203 1.621e-06
200 20 1.281 29.404 1.6005e-06
200 20 1.291 27.6949 1.5846e-06
200 20 1.301 27.0013 1.5549e-06
200 20 1.311 25.6705 1.4297e-06
200 20 1.321 24.8688 1.4693e-06
200 20 1.331 23.9697 1.2967e-06
200 20 1.341 22.9582 1.2788e-06
200 20 1.351 22.5335 1.2809e-06
200 20 1.361 21.5026 1.3945e-06
200 20 1.371 20.5767 1.2757e-06
200 20 1.381 19.4508 1.2548e-06
200 20 1.391 19.539 1.4301e-06
200 20 1.401 18.275 1.4278e-06
200 20 1.411 17.8498 1.3623e-06
200 20 1.421 16.952 1.1446e-06
200 20 1.431 16.3343 1.389e-06
200 20 1.441 15.5893 1.208e-06
200 20 1.451 15.3238 1.2856e-06
200 20 1.461 14.7814 1.1381e-06
200 20 1.471 14.2262 1.2897e-06
200 20 1.481 13.4765 1.3388e-06
200 20 1.491 12.8494 1.3154e-06
200 20 1.501 12.3611 1.2931e-06
200 20 1.511 12.0186 1.2812e-06
200 20 1.521 11.3758 1.2515e-06
200 20 1.531 10.8919 1.2477e-06
200 20 1.541 10.4 1.2478e-06
200 20 1.551 9.8998 1.2124e-06
200 20 1.561 9.4217 1.2082e-06
200 20 1.571 9.1964 1.1906e-06
200 20 1.581 8.7343 1.1846e-06
200 20 1.591 8.3234 1.1715e-06
200 20 1.601 8.0816 1.1552e-06
200 20 1.611 7.9032 1.1489e-06
200 20 1.621 7.8059 1.1416e-06
200 20 1.631 7.5039 1.119e-06
200 20 1.641 7.1638 1.1222e-06
200 20 1.651 6.896 1.1158e-06
200 20 1.661 6.6817 1.1135e-06
200 20 1.671 6.4874 1.0097e-06
200 20 1.681 6.2812 1.0941e-06
200 20 1.691 6.03 1.0853e-06
200 20 1.701 5.837 9.788e-07
200 20 1.711 5.7156 1.0737e-06
200 20 1.721 5.3756 1.058e-06
200 20 1.731 5.2384 1.0598e-06
200 20 1.741 4.9372 9.29e-07
200 20 1.751 4.8992 1.0392e-06
200 20 1.761 4.7219 1.0414e-06
200 20 1.771 4.5427 1.029e-06
200 20 1.781 4.3915 9.473e-07
200 20 1.791 4.2019 8.359e-07
200 20 1.801 4.0268 8.327e-07
200 20 1.811 3.8825 8.374e-07
200 20 1.821 3.7381 8.046e-07
200 20 1.831 3.5759 8.33e-07
200 20 1.841 3.3881 8.079e-07
200 20 1.851 3.2126 9.54e-07
200 20 1.861 3.0691 9.555e-07
200 20 1.871 3.0106 9.507e-07
200 20 1.881 2.8432 9.371e-07
200 20 1.891 2.7519 9.506e-07
200 20 1.901 2.6472 7.922e-07
200 20 1.911 2.5124 7.488e-07
200 20 1.921 2.3443 7.466e-07
200 20 1.931 2.2383 7.288e-07
200 20 1.941 2.1549 7.625e-07
200 20 1.951 2.0671 7.846e-07
200 20 1.961 1.9819 9.554e-07
200 20 1.971 1.8747 9.43e-07
200 20 1.981 1.7613 9.127e-07
200 20 1.991 1.6615 8.737e-07
200 30 0.001 5120.91 1.14836e-05
200 30 0.011 4973.78 7.999e-06
200 30 0.021 4818.18 6.2131e-06
200 30 0.031 4646.5 7.9008e-06
200 30 0.041 4438.22 1.04628e-05
200 30 0.051 4303.11 1.02362e-05
200 30 0.061 4112.88 8.3496e-06
200 30 0.071 3955.81 9.7781e-06
200 30 0.081 3768.72 9.4831e-06
200 30 0.091 3633.59 9.29e-06
200 30 0.101 3452.8 8.9739e-06
200 30 0.111 3338.91 8.8079e-06
200 30 0.121 3173.72 8.5367e-06
200 30 0.131 3024.3 8.2926e-06
200 30 0.141 2888.06 5.451e-06
200 30 0.151 2749.46 4.7491e-06
200 30 0.161 2621.47 4.6558e-06
200 30 0.171 2517.93 4.6171e-06
200 30 0.181 2398.72 5.731e-06
200 30 0.191 2291.86 6.7941e-06
200 30 0.201 2147.54 4.2509e-06
200 30 0.211 2050.67 6.2545e-06
200 30 0.221 1939.87 6.234e-06
200 30 0.231 1854.86 6.084e-06
200 30 0.241 1784.86 5.1505e-06
200 30 0.251 1694.44 5.3954e-06
200 30 0.261 1594.78 5.7934e-06
200 30 0.271 1516.66 5.6552e-06
200 30 0.281 1460.99 5.5555e-06
200 30 0.291 1381.87 5.3911e-06
200 30 0.301 1316.28 5.2488e-06
200 30 0.311 1259.39 5.1466e-06
200 30 0.321 1182.78 4.9805e-06
200 30 0.331 1135.18 4.8869e-06
200 30 0.341 1074.84 4.7665e-06
200 30 0.351 1015 4.635e-06
200 30 0.361 961.485 4.294e-06
200 30 0.371 928.633 4.0072e-06
200 30 0.381 872.461 4.0052e-06
200 30 0.391 831.269 3.2639e-06
200 30 0.401 781.353 3.3155e-06
200 30 0.411 749 2.8969e-06
200 30 0.421 719.782 2.8638e-06
200 30 0.431 674.42 2.8401e-06
200 30 0.441 649.908 2.9926e-06
200 30 0.451 619.693 3.6377e-06
200 30 0.461 575.21 3.5872e-06
200 30 0.471 555.297 3.5188e-06
200 30 0.481 525.309 3.4534e-06
200 30 0.491 495.726 3.3483e-06
200 30 0.501 479.092 3.3334e-06
200 30 0.511 453.902 3.2615e-06
200 30 0.521 428.278 3.1917e-06
200 30 0.531 407.587 3.1224e-06
200 30 0.541 389.125 3.0709e-06
200 30 0.551 380.646 3.0465e-06
200 30 0.561 356.365 2.9707e-06
200 30 0.571 338.361 2.8966e-06
200 30 0.581 317.767 2.8269e-06
200 30 0.591 302.242 2.243e-06
200 30 0.601 283.587 2.3608e-06
200 30 0.611 272.612 2.7219e-06
200 30 0.621 259.798 2.67e-06
200 30 0.631 248.041 2.6279e-06
200 30 0.641 232.845 2.5721e-06
200 30 0.651 219.904 2.5174e-06
200 30 0.661 216.953 2.492e-06
200 30 0.671 201.872 2.415e-06
200 30 0.681 192.233 2.1258e-06
200 30 0.691 183.879 1.8769e-06
200 30 0.701 171.363 2.1484e-06
200 30 0.711 163.857 1.8564e-06
200 30 0.721 155.122 1.9509e-06
200 30 0.731 148.752 1.7926e-06
200 30 0.741 139.407 1.9561e-06
200 30 0.751 130.64 2.1198e-06
200 30 0.761 127.439 2.1067e-06
200 30 0.771 119.226 2.0673e-06
200 30 0.781 113.976 2.0279e-06
200 30 0.791 107.041 1.9996e-06
200 30 0.801 102.943 1.9669e-06
200 30 0.811 97.3501 1.9201e-06
200 30 0.821 94.0134 1.9112e-06
200 30 0.831 87.0887 1.8651e-06
200 30 0.841 82.6408 1.5034e-06
200 30 0.851 78.5194 1.6032e-06
200 30 0.861 74.3442 1.7557e-06
200 30 0.871 70.048 1.7386e-06
200 30 0.881 66.3958 1.7136e-06
200 30 0.891 64.1153 1.664e-06
200 30 0.901 59.594 1.3823e-06
200 30 0.911 56.1855 1.3491e-06
200 30 0.921 52.7074 1.306e-06
200 30 0.931 50.276 1.3156e-06
200 30 0.941 47.8218 1.3456e-06
200 30 0.951 45.5102 1.5372e-06
200 30 0.961 43.0369 1.4857e-06
200 30 0.971 39.2752 1.2811e-06
200 30 0.981 38.0879 1.4826e-06
200 30 0.991 35.1589 1.451e-06
200 30 1.001 33.6275 1.4462e-06
200 30 1.011 30.533 1.4085e-06
200 30 1.021 28.4256 1.3808e-06
200 30 1.031 27.0951 1.3688e-06
200 30 1.041 25.3466 1.3407e-06
200 30 1.051 24.1712 1.3327e-06
200 30 1.061 22.2328 1.3087e-06
200 30 1.071 21.1194 1.2867e-06
200 30 1.081 20.2264 1.2723e-06
200 30 1.091 19.2123 1.2539e-06
200 30 1.101 17.7844 1.2345e-06
200 30 1.111 17.1036 1.2315e-06
200 30 1.121 15.9683 1.2197e-06
200 30 1.131 15.4125 1.2135e-06
200 30 1.141 14.0256 1.1834e-06
200 30 1.151 13.6952 1.1133e-06
200 30 1.161 13.0373 9.314e-07
200 30 1.171 12.0394 9.288e-07
200 30 1.181 11.8097 9.157e-07
200 30 1.191 10.9604 9.34e-07
200 30 1.201 10.3578 1.1002e-06
200 30 1.211 9.9319 1.077e-06
200 30 1.221 9.665 1.0725e-06
200 30 1.231 8.8556 1.0709e-06
200 30 1.241 8.4708 1.06e-06
200 30 1.251 8.2767 1.0065e-06
200 30 1.261 7.7407 8.518e-07
200 30 1.271 7.0701 8.403e-07
200 30 1.281 7.0617 8.327e-07
200 30 1.291 6.5595 9.724e-07
200 30 1.301 6.3604 1.0258e-06
200 30 1.311 5.7824 1.0156e-06
200 30 1.321 5.5223 1.0115e-06
200 30 1.331 5.1203 9.867e-07
200 30 1.341 4.9958 9.943e-07
200 30 1.351 4.7146 9.145e-07
200 30 1.361 4.3475 7.827e-07
200 30 1.371 4.2831 8.586e-07
200 30 1.381 4.0196 9.539e-07
200 30 1.391 3.7584 9.518e-07
200 30 1.401 3.4425 9.479e-07
200 30 1.411 3.4413 9.484e-07
200 30 1.421 3.2527 9.376e-07
200 30 1.431 2.9511 9.369e-07
200 30 1.441 2.8795 9.262e-07
200 30 1.451 2.6992 7.655e-07
200 30 1.461 2.5225 7.462e-07
200 30 1.471 2.3703 7.739e-07
200 30 1.481 2.1886 8.826e-07
200 30 1.491 2.1446 7.461e-07
200 30 1.501 1.9637 9.27e-07
200 30 1.511 1.8901 7.661e-07
200 30 1.521 1.7957 7.719e-07
200 30 1.531 1.6357 8.858e-07
200 30 1.541 1.5548 7.597e-07
200 30 1.551 1.4751 8.111e-07
200 30 1.561 1.349 6.887e-07
200 30 1.571 1.2699 6.899e-07
200 30 1.581 1.2399 6.916e-07
200 30 1.591 1.1541 6.84e-07
200 30 1.601 1.053 6.86e-07
200 30 1.611 1.0749 8.156e-07
200 30 1.621 1.0278 8.368e-07
200 30 1.631 0.9627 7.677e-07
200 30 1.641 0.9127 6.869e-07
200 30 1.651 0.8645 6.923e-07
200 30 1.661 0.8049 6.836e-07
200 30 1.671 0.7753 7.423e-07
200 30 1.681 0.7465 8.423e-07
200 30 1.691 0.7097 8.278e-07
200 30 1.701 0.6776 8.544e-07
200 30 1.711 0.6457 8.711e-07
200 30 1.721 0.5915 8.78e-07
200 30 1.731 0.5826 8.685e-07
200 30 1.741 0.5333 8.749e-07
200 30 1.751 0.4952 7.438e-07
200 30 1.761 0.4954 6.502e-07
200 30 1.771 0.4535 7.602e-07
200 30 1.781 0.4262 7.356e-07
200 30 1.791 0.4009 8.245e-07
200 30 1.801 0.3797 8.241e-07
200 30 1.811 0.3529 8.208e-07
200 30 1.821 0.3242 8.051e-07
200 30 1.831 0.3087 7.884e-07
200 30 1.841 0.2968 7.998e-07
200 30 1.851 0.2747 8.038e-07
200 30 1.861 0.2555 7.993e-07
200 30 1.871 0.2345 7.931e-07
200 30 1.881 0.231 8.219e-07
200 30 1.891 0.2137 8.32e-07
200 30 1.901 0.1995 8.25e-07
200 30 1.911 0.1875 8.342e-07
200 30 1.921 0.1724 8.358e-07
200 30 1.931 0.1553 8.436e-07
200 30 1.941 0.1419 8.375e-07
200 30 1.951 0.125 7.849e-07
200 30 1.961 0.1299 6.244e-07
200 30 1.971 0.1232 6.155e-07
200 30 1.981 0.1065 6.312e-07
200 30 1.991 0.0939 6.316e-07
200 40 0.001 6419.99 8.0513e-06
200 40 0.011 6193.71 7.8561e-06
200 40 0.021 5942.79 7.6756e-06
200 40 0.031 5665.02 9.1941e-06
200 40 0.041 5447.92 1.23056e-05
200 40 0.051 5159.62 1.18026e-05
200 40 0.061 4926.11 1.13511e-05
200 40 0.071 4659.53 6.5084e-06
200 40 0.081 4461.78 7.511e-06
200 40 0.091 4192.31 6.041e-06
200 40 0.101 3997.83 5.874e-06
200 40 0.111 3743.51 5.6376e-06
200 40 0.121 3577.36 5.4528e-06
200 40 0.131 3392.46 5.2846e-06
200 40 0.141 3202.29 5.1063e-06
200 40 0.151 3023.39 4.913e-06
200 40 0.161 2887.25 4.7856e-06
200 40 0.171 2714.42 4.6318e-06
200 40 0.181 2586.16 4.5131e-06
200 40 0.191 2423.83 5.6375e-06
200 40 0.201 2310.49 4.2371e-06
200 40 0.211 2187.38 4.1094e-06
200 40 0.221 2048.91 3.9728e-06
200 40 0.231 1952.65 4.9205e-06
200 40 0.241 1834.16 5.2803e-06
200 40 0.251 1744.81 3.677e-06
200 40 0.261 1622.34 5.4083e-06
200 40 0.271 1555.68 5.2795e-06
200 40 0.281 1464.08 5.0889e-06
200 40 0.291 1402.6 4.9639e-06
200 40 0.301 1304.12 4.7543e-06
200 40 0.311 1245.32 4.6377e-06
200 40 0.321 1188.1 4.5307e-06
200 40 0.331 1117.13 4.3989e-06
200 40 0.341 1053.68 4.2598e-06
200 40 0.351 996.417 4.1573e-06
200 40 0.361 949.385 4.0357e-06
200 40 0.371 893.857 3.9263e-06
200 40 0.381 855.536 3.8765e-06
200 40 0.391 814.623 3.7757e-06
200 40 0.401 760.218 3.6539e-06
200 40 0.411 720.412 3.5703e-06
200 40 0.421 692.712 3.5054e-06
200 40 0.431 651.459 3.4128e-06
200 40 0.441 618.707 3.3299e-06
200 40 0.451 590.614 3.2529e-06
200 40 0.461 552.574 3.1669e-06
200 40 0.471 532.385 3.1035e-06
200 40 0.481 507.619 3.0458e-06
200 40 0.491 467.624 2.9472e-06
200 40 0.501 445.399 2.8837e-06
200 40 0.511 438.001 2.8673e-06
200 40 0.521 409.038 2.8134e-06
200 40 0.531 394.767 2.7526e-06
200 40 0.541 371.083 2.6907e-06
200 40 0.551 348.895 2.649e-06
200 40 0.561 331.454 2.6031e-06
200 40 0.571 318.729 2.5515e-06
200 40 0.581 300.561 2.5165e-06
200 40 0.591 284.439 2.4561e-06
200 40 0.601 271.234 2.4214e-06
200 40 0.611 257.836 2.3582e-06
200 40 0.621 245.537 2.3076e-06
200 40 0.631 235.193 2.2071e-06
200 40 0.641 223.422 1.8949e-06
200 40 0.651 208.739 2.1271e-06
200 40 0.661 202.218 1.9266e-06
200 40 0.671 187.863 2.0742e-06
200 40 0.681 181.037 2.0773e-06
200 40 0.691 169.152 2.0204e-06
200 40 0.701 162.135 1.8739e-06
200 40 0.711 156.209 1.6958e-06
200 40 0.721 146.362 1.8167e-06
200 40 0.731 140.111 1.5472e-06
200 40 0.741 131.612 1.5415e-06
200 40 0.751 125.863 1.5329e-06
200 40 0.761 119.061 1.4783e-06
200 40 0.771 112.347 1.4847e-06
200 40 0.781 104.449 1.4508e-06
200 40 0.791 102.232 1.4467e-06
200 40 0.801 97.7199 1.4462e-06
200 40 0.811 92.7035 1.7155e-06
200 40 0.821 87.1073 1.8736e-06
200 40 0.831 83.4748 1.9563e-06
200 40 0.841 79.9318 3.5968e-06
200 40 0.851 73.444 1.8621e-06
200 40 0.861 69.3244 1.6001e-06
200 40 0.871 66.0637 1.6373e-06
200 40 0.881 64.8275 1.6413e-06
200 40 0.891 59.1467 1.5822e-06
200 40 0.901 54.5786 1.6407e-06
200 40 0.911 53.5505 1.4755e-06
200 40 0.921 51.023 1.4577e-06
200 40 0.931 47.7075 1.4291e-06
200 40 0.941 45.0359 1.4139e-06
200 40 0.951 42.7638 1.3943e-06
200 40 0.961 40.0224 1.373e-06
200 40 0.971 38.8539 1.3621e-06
200 40 0.981 35.5177 1.3339e-06
200 40 0.991 33.0107 1.2961e-06
200 40 1.001 31.1158 1.2778e-06
200 40 1.011 29.9731 1.2762e-06
200 40 1.021 26.968 1.2539e-06
200 40 1.031 25.5515 1.2312e-06
200 40 1.041 24.1786 1.2413e-06
200 40 1.051 23.2069 1.2281e-06
200 40 1.061 21.1106 1.2066e-06
200 40 1.071 20.1578 1.1899e-06
200 40 1.081 19.2282 1.1739e-06
200 40 1.091 17.7276 1.1621e-06
200 40 1.101 16.7513 1.1524e-06
200 40 1.111 15.8109 1.103e-06
200 40 1.121 15.5898 1.1008e-06
200 40 1.131 14.1955 9.946e-07
200 40 1.141 13.9028 9.186e-07
200 40 1.151 13.0301 9.014e-07
200 40 1.161 12.1269 8.987e-07
200 40 1.171 11.6873 9.92e-07
200 40 1.181 10.8719 1.0241e-06
200 40 1.191 10.612 9.375e-07
200 40 1.201 9.9182 8.675e-07
200 40 1.211 9.6568 9.022e-07
200 40 1.221 8.8736 1.0513e-06
200 40 1.231 8.1174 1.0496e-06
200 40 1.241 7.8567 1.0375e-06
200 40 1.251 7.3707 1.0332e-06
200 40 1.261 7.0951 1.0274e-06
200 40 1.271 6.888 1.0061e-06
200 40 1.281 6.6004 9.573e-07
200 40 1.291 6.1553 9.396e-07
200 40 1.301 5.9162 9.365e-07
200 40 1.311 5.58 9.341e-07
200 40 1.321 5.3823 9.275e-07
200 40 1.331 4.946 9.108e-07
200 40 1.341 4.649 7.535e-07
200 40 1.351 4.4151 8.247e-07
200 40 1.361 4.0752 9.066e-07
200 40 1.371 4.054 9.164e-07
200 40 1.381 3.7334 9.096e-07
200 40 1.391 3.6429 8.921e-07
200 40 1.401 3.3798 8.881e-07
200 40 1.411 3.1207 8.841e-07
200 40 1.421 3.0103 8.811e-07
200 40 1.431 2.8128 8.69e-07
200 40 1.441 2.6408 8.558e-07
200 40 1.451 2.5186 8.561e-07
200 40 1.461 2.4263 8.113e-07
200 40 1.471 2.3064 6.798e-07
200 40 1.481 2.0821 6.766e-07
200 40 1.491 2.0342 6.715e-07
200 40 1.501 1.8745 7.419e-07
200 40 1.511 1.7795 8.12e-07
200 40 1.521 1.6758 7.817e-07
200 40 1.531 1.5423 7.872e-07
200 40 1.541 1.4822 7.793e-07
200 40 1.551 1.377 7.772e-07
200 40 1.561 1.287 8.08e-07
200 40 1.571 1.1938 7.98e-07
200 40 1.581 1.1296 6.769e-07
200 40 1.591 1.0793 7.889e-07
200 40 1.601 1.0204 7.882e-07
200 40 1.611 0.9713 7.889e-07
200 40 1.621 0.9739 7.889e-07
200 40 1.631 0.8947 7.839e-07
200 40 1.641 0.8285 7.799e-07
200 40 1.651 0.7955 7.765e-07
200 40 1.661 0.7727 7.826e-07
200 40 1.671 0.7313 7.719e-07
200 40 1.681 0.6851 7.733e-07
200 40 1.691 0.6732 7.744e-07
200 40 1.701 0.6191 7.729e-07
200 40 1.711 0.5668 7.608e-07
200 40 1.721 0.5428 7.625e-07
200 40 1.731 0.54 7.694e-07
200 40 1.741 0.494 7.649e-07
200 40 1.751 0.4808 7.545e-07
200 40 1.761 0.4438 6.697e-07
200 40 1.771 0.4308 6.511e-07
200 40 1.781 0.4034 6.42e-07
200 40 1.791 0.3647 6.382e-07
200 40 1.801 0.3349 6.217e-07
200 40 1.811 0.3384 6.304e-07
200 40 1.821 0.3117 6.298e-07
200 40 1.831 0.2865 7.398e-07
200 40 1.841 0.269 6.169e-07
200 40 1.851 0.2552 6.178e-07
200 40 1.861 0.2396 6.279e-07
200 40 1.871 0.2218 6.128e-07
200 40 1.881 0.2116 7.274e-07
200 40 1.891 0.2004 7.677e-07
200 40 1.901 0.2012 7.668e-07
200 40 1.911 0.1609 7.678e-07
200 40 1.921 0.1628 7.68e-07
200 40 1.931 0.156 7.665e-07
200 40 1.941 0.126 7.645e-07
200 40 1.951 0.1319 7.657e-07
200 40 1.961 0.1187 7.564e-07
200 40 1.971 0.1143 7.673e-07
200 40 1.981 0.1058 7.647e-07
200 40 1.991 0.0869 7.475e-07
300 10 0.001 2908.18 9.4755e-06
300 10 0.011 2880.94 9.4373e-06
300 10 0.021 2853.01 9.4057e-06
300 10 0.031 2811.49 9.3359e-06
300 10 0.041 2782.53 9.2943e-06
300 10 0.051 2743.58 9.2212e-06
300 10 0.061 2713.71 9.1852e-06
300 10 0.071 2681.21 9.1292e-06
300 10 0.081 2633.59 9.0442e-06
300 10 0.091 2595.56 8.9806e-06
300 10 0.101 2575.08 8.9456e-06
300 10 0.111 2526.54 8.8517e-06
300 10 0.121 2477.25 8.7675e-06
300 10 0.131 2450.41 8.7377e-06
300 10 0.141 2408.95 8.6555e-06
300 10 0.151 2352.63 8.5688e-06
300 10 0.161 2315.52 8.5249e-06
300 10 0.171 2288.49 8.4809e-06
300 10 0.181 2258.45 8.4387e-06
300 10 0.191 2215.29 8.3576e-06
300 10 0.201 2178.12 8.2944e-06
300 10 0.211 2141.54 8.2373e-06
300 10 0.221 2096.74 8.161e-06
300 10 0.231 2056.1 8.0848e-06
300 10 0.241 2032.12 8.0593e-06
300 10 0.251 2000.56 8.0018e-06
300 10 0.261 1962.42 7.9355e-06
300 10 0.271 1918.9 7.8625e-06
300 10 0.281 1905.02 7.8465e-06
300 10 0.291 1858.48 7.7518e-06
300 10 0.301 1806.28 5.8966e-06
300 10 0.311 1776.56 6.038e-06
300 10 0.321 1740.08 7.5158e-06
300 10 0.331 1713.83 7.4636e-06
300 10 0.341 1681.6 7.4215e-06
300 10 0.351 1636.68 7.3471e-06
300 10 0.361 1614.49 7.3161e-06
300 10 0.371 1593.63 7.2798e-06
300 10 0.381 1556.71 7.2166e-06
300 10 0.391 1532.25 7.1661e-06
300 10 0.401 1475.13 7.0797e-06
300 10 0.411 1464.72 7.0782e-06
300 10 0.421 1408.79 7.0008e-06
300 10 0.431 1414.01 7.0092e-06
300 10 0.441 1370.66 6.8147e-06
300 10 0.451 1341.9 6.7638e-06
300 10 0.461 1316.79 6.8287e-06
300 10 0.471 1285.73 6.7861e-06
300 10 0.481 1267.47 6.2469e-06
300 10 0.491 1228.12 4.8326e-06
300 10 0.501 1196.12 6.6328e-06
300 10 0.511 1178.27 6.5849e-06
300 10 0.521 1143.38 6.5372e-06
300 10 0.531 1143.77 6.5496e-06
300 10 0.541 1107.7 6.4809e-06
300 10 0.551 1082.88 6.4489e-06
300 10 0.561 1064.25 6.4204e-06
300 10 0.571 1040.68 6.3772e-06
300 10 0.581 1021.17 6.3724e-06
300 10 0.591 997.871 6.3127e-06
300 10 0.601 965.363 6.2686e-06
300 10 0.611 940.013 5.8576e-06
300 10 0.621 928.006 4.2533e-06
300 10 0.631 904.002 4.234e-06
300 10 0.641 874.582 4.855e-06
300 10 0.651 865.325 6.0961e-06
300 10 0.661 842.6 6.0473e-06
300 10 0.671 825.982 6.0177e-06
300 10 0.681 809.45 5.0543e-06
300 10 0.691 779.753 5.1564e-06
300 10 0.701 757.411 5.828e-06
300 10 0.711 746.188 5.8182e-06
300 10 0.721 734.491 5.7919e-06
300 10 0.731 713.548 5.7423e-06
300 10 0.741 708.427 4.8806e-06
300 10 0.751 685.243 4.0847e-06
300 10 0.761 665.193 4.4112e-06
300 10 0.771 645.87 4.2129e-06
300 10 0.781 638.137 4.3013e-06
300 10 0.791 608.622 5.5535e-06
300 10 0.801 600.247 5.5671e-06
300 10 0.811 593.278 5.6005e-06
300 10 0.821 569.36 5.4989e-06
300 10 0.831 564.766 5.4659e-06
300 10 0.841 551.01 5.454e-06
300 10 0.851 530.004 5.3885e-06
300 10 0.861 525.833 5.395e-06
300 10 0.871 509.238 5.3554e-06
300 10 0.881 497.618 4.2092e-06
300 10 0.891 486.816 4.0054e-06
300 10 0.901 469.743 3.9644e-06
300 10 0.911 462.502 3.9781e-06
300 10 0.921 450.593 3.9387e-06
300 10 0.931 433.313 3.9231e-06
300 10 0.941 425.393 3.9135e-06
300 10 0.951 410.173 4.5952e-06
300 10 0.961 406.503 4.5361e-06
300 10 0.971 387.854 5.0537e-06
300 10 0.981 384.897 5.0562e-06
300 10 0.991 373.678 5.0361e-06
300 10 1.001 364.214 4.9874e-06
300 10 1.011 348.686 4.9957e-06
300 10 1.021 338.609 5.0508e-06
300 10 1.031 327.076 5.0126e-06
300 10 1.041 320.505 4.9789e-06
300 10 1.051 311.758 4.992e-06
300 10 1.061 306.702 4.0928e-06
300 10 1.071 294.816 3.8354e-06
300 10 1.081 282.737 3.7949e-06
300 10 1.091 283.715 3.8029e-06
300 10 1.101 274.01 3.7858e-06
300 10 1.111 266.389 3.7717e-06
300 10 1.121 263.589 3.7522e-06
300 10 1.131 254.725 3.7338e-06
300 10 1.141 250.114 3.726e-06
300 10 1.151 247.967 3.7312e-06
300 10 1.161 242.99 3.8504e-06
300 10 1.171 234.043 4.6586e-06
300 10 1.181 230.212 4.6395e-06
300 10 1.191 226.43 4.6257e-06
300 10 1.201 219.038 4.5799e-06
300 10 1.211 216.578 4.5495e-06
300 10 1.221 211.719 4.5348e-06
300 10 1.231 207.639 3.7878e-06
300 10 1.241 201.409 3.5755e-06
300 10 1.251 202.868 3.5769e-06
300 10 1.261 195.897 3.5436e-06
300 10 1.271 189.23 3.5063e-06
300 10 1.281 187.253 3.4985e-06
300 10 1.291 186.209 4.3045e-06
300 10 1.301 178.669 4.2797e-06
300 10 1.311 174.229 4.2543e-06
300 10 1.321 171.268 3.6835e-06
300 10 1.331 168.965 4.2119e-06
300 10 1.341 164.342 4.225e-06
300 10 1.351 160.693 3.9275e-06
300 10 1.361 158.52 3.3633e-06
300 10 1.371 153.052 3.3533e-06
300 10 1.381 151.075 4.1164e-06
300 10 1.391 147.122 4.075e-06
300 10 1.401 144.538 4.0442e-06
300 10 1.411 142.488 4.027e-06
300 10 1.421 139.018 3.9994e-06
300 10 1.431 135.442 3.9805e-06
300 10 1.441 131.477 3.9603e-06
300 10 1.451 130.694 3.9491e-06
300 10 1.461 127.087 3.9217e-06
300 10 1.471 124.489 3.9053e-06
300 10 1.481 121.724 3.8712e-06
300 10 1.491 118.518 3.824e-06
300 10 1.501 114.887 3.6306e-06
300 10 1.511 114.322 3.3794e-06
300 10 1.521 110.903 3.7881e-06
300 10 1.531 109.024 3.2942e-06
300 10 1.541 106.211 3.643e-06
300 10 1.551 103.631 3.6111e-06
300 10 1.561 101.819 3.4971e-06
300 10 1.571 99.3565 3.135e-06
300 10 1.581 96.7559 2.9674e-06
300 10 1.591 95.495 2.9729e-06
300 10 1.601 92.8412 2.7979e-06
300 10 1.611 91.2017 2.7962e-06
300 10 1.621 90.4419 2.7794e-06
300 10 1.631 89.0508 3.1296e-06
300 10 1.641 86.5784 3.128e-06
300 10 1.651 86.0409 3.1874e-06
300 10 1.661 84.1548 3.3779e-06
300 10 1.671 82.132 3.2982e-06
300 10 1.681 80.8123 2.6712e-06
300 10 1.691 80.0949 2.9419e-06
300 10 1.701 77.4764 3.3123e-06
300 10 1.711 76.9866 3.3034e-06
300 10 1.721 75.4309 3.2712e-06
300 10 1.731 73.8738 3.2513e-06
300 10 1.741 72.6264 3.2361e-06
300 10 1.751 71.8008 3.2099e-06
300 10 1.761 69.6751 3.1838e-06
300 10 1.771 68.2578 3.1548e-06
300 10 1.781 67.5547 3.1422e-06
300 10 1.791 66.3614 3.1122e-06
300 10 1.801 64.6504 3.0812e-06
300 10 1.811 63.2845 3.0659e-06
300 10 1.821 62.4197 3.0444e-06
300 10 1.831 60.2975 3.0077e-06
300 10 1.841 59.5781 2.7941e-06
300 10 1.851 58.1148 2.3561e-06
300 10 1.861 56.4542 2.3657e-06
300 10 1.871 55.6635 2.8714e-06
300 10 1.881 54.0508 2.8353e-06
300 10 1.891 53.3312 2.8224e-06
300 10 1.901 52.0339 2.8029e-06
300 10 1.911 51.0218 2.8598e-06
300 10 1.921 49.456 2.8253e-06
300 10 1.931 48.3402 2.8106e-06
300 10 1.941 47.1686 2.7648e-06
300 10 1.951 46.0246 2.7006e-06
300 10 1.961 44.8408 2.6708e-06
300 10 1.971 43.6904 2.6421e-06
300 10 1.981 42.6683 2.6204e-06
300 10 1.991 41.4456 2.5861e-06
300 20 0.001 5611.04 1.33606e-05
300 20 0.011 5507.2 1.3187e-05
300 20 0.021 5389.89 1.30226e-05
300 20 0.031 5266.78 7.8861e-06
300 20 0.041 5136.06 7.0368e-06
300 20 0.051 5003.44 6.9419e-06
300 20 0.061 4870.08 6.8736e-06
300 20 0.071 4722.82 6.7731e-06
300 20 0.081 4610.23 6.6998e-06
300 20 0.091 4461.65 6.6205e-06
300 20 0.101 4316.72 6.5485e-06
300 20 0.111 4218.78 6.4901e-06
300 20 0.121 4085.08 6.3646e-06
300 20 0.131 3933.4 6.3038e-06
300 20 0.141 3827.44 6.2198e-06
300 20 0.151 3727.07 6.1889e-06
300 20 0.161 3588.34 6.0973e-06
300 20 0.171 3495.53 6.0165e-06
300 20 0.181 3362.07 5.9131e-06
300 20 0.191 3259.53 5.8579e-06
300 20 0.201 3161.44 8.8439e-06
300 20 0.211 3052.63 9.6103e-06
300 20 0.221 2933.95 9.4188e-06
300 20 0.231 2831.68 9.2466e-06
300 20 0.241 2717.07 9.0423e-06
300 20 0.251 2644.83 8.8958e-06
300 20 0.261 2549.49 8.6985e-06
300 20 0.271 2470.17 8.57e-06
300 20 0.281 2388.69 8.4075e-06
300 20 0.291 2291.66 8.1971e-06
300 20 0.301 2218.63 8.0493e-06
300 20 0.311 2131.72 7.9225e-06
300 20 0.321 2053.68 7.7806e-06
300 20 0.331 1977.42 7.6312e-06
300 20 0.341 1929.59 6.8084e-06
300 20 0.351 1851.68 5.4003e-06
300 20 0.361 1776.46 7.3503e-06
300 20 0.371 1714.63 5.4265e-06
300 20 0.381 1647.87 4.6824e-06
300 20 0.391 1583.93 4.6171e-06
300 20 0.401 1535.76 5.7613e-06
300 20 0.411 1481.45 6.7172e-06
300 20 0.421 1401.53 4.4547e-06
300 20 0.431 1354.66 4.5569e-06
300 20 0.441 1310.56 6.392e-06
300 20 0.451 1255.79 6.2974e-06
300 20 0.461 1220.83 6.2227e-06
300 20 0.471 1186.76 6.1524e-06
300 20 0.481 1121.37 6.01e-06
300 20 0.491 1085.4 5.9413e-06
300 20 0.501 1040.46 5.8415e-06
300 20 0.511 1015.68 5.7806e-06
300 20 0.521 973.022 5.6881e-06
300 20 0.531 939.105 5.605e-06
300 20 0.541 901.716 5.5218e-06
300 20 0.551 846.432 5.4102e-06
300 20 0.561 823.243 5.356e-06
300 20 0.571 799.498 5.3035e-06
300 20 0.581 772.36 5.2381e-06
300 20 0.591 734.32 4.5317e-06
300 20 0.601 716.068 4.3659e-06
300 20 0.611 683.744 5.0075e-06
300 20 0.621 662.834 4.9542e-06
300 20 0.631 631.845 3.7684e-06
300 20 0.641 608.741 4.6519e-06
300 20 0.651 584.28 4.6722e-06
300 20 0.661 567.291 4.6203e-06
300 20 0.671 539.127 4.5489e-06
300 20 0.681 513.982 4.4391e-06
300 20 0.691 500.68 4.4286e-06
300 20 0.701 486.994 4.3867e-06
300 20 0.711 469.991 4.3341e-06
300 20 0.721 454.493 4.2835e-06
300 20 0.731 429.612 4.1879e-06
300 20 0.741 412.485 4.123e-06
300 20 0.751 403.386 4.0804e-06
300 20 0.761 386.567 4.0303e-06
300 20 0.771 366.965 3.969e-06
300 20 0.781 349.16 3.8968e-06
300 20 0.791 340.307 3.8703e-06
300 20 0.801 323.68 3.8061e-06
300 20 0.811 311.996 3.7468e-06
300 20 0.821 297.009 3.6987e-06
300 20 0.831 285.622 3.6501e-06
300 20 0.841 277.387 3.639e-06
300 20 0.851 262.936 3.1426e-06
300 20 0.861 252.006 2.8183e-06
300 20 0.871 246.509 2.8173e-06
300 20 0.881 232.461 2.7568e-06
300 20 0.891 227.601 2.7532e-06
300 20 0.901 219.809 2.7243e-06
300 20 0.911 209.197 3.033e-06
300 20 0.921 197.433 3.3153e-06
300 20 0.931 189.764 3.2623e-06
300 20 0.941 184.394 3.2512e-06
300 20 0.951 173.914 3.1616e-06
300 20 0.961 164.759 3.1268e-06
300 20 0.971 159.715 3.0891e-06
300 20 0.981 153.321 3.0481e-06
300 20 0.991 144.622 2.9996e-06
300 20 1.001 138.509 2.9647e-06
300 20 1.011 132.054 2.9072e-06
300 20 1.021 123.501 2.8126e-06
300 20 1.031 121.277 2.3716e-06
300 20 1.041 114.095 2.62e-06
300 20 1.051 109.572 2.2212e-06
300 20 1.061 105.6 2.1966e-06
300 20 1.071 101.124 2.1629e-06
300 20 1.081 95.6426 2.1219e-06
300 20 1.091 93.0579 2.1235e-06
300 20 1.101 89.2653 2.5128e-06
300 20 1.111 85.5442 2.5396e-06
300 20 1.121 81.3198 2.182e-06
300 20 1.131 79.2393 2.4843e-06
300 20 1.141 75.6705 2.5265e-06
300 20 1.151 72.8683 2.4171e-06
300 20 1.161 70.3999 1.9753e-06
300 20 1.171 68.5968 1.9541e-06
300 20 1.181 65.3872 1.8981e-06
300 20 1.191 62.2388 2.1977e-06
300 20 1.201 60.1296 2.2757e-06
300 20 1.211 57.9844 2.2401e-06
300 20 1.221 56.7051 2.2287e-06
300 20 1.231 54.0414 2.197e-06
300 20 1.241 52.9019 2.1842e-06
300 20 1.251 50.6947 2.1506e-06
300 20 1.261 49.2193 2.1367e-06
300 20 1.271 47.2016 2.1133e-06
300 20 1.281 44.849 2.0783e-06
300 20 1.291 43.3864 2.0625e-06
300 20 1.301 41.5686 2.0305e-06
300 20 1.311 40.4256 2.007e-06
300 20 1.321 38.2128 1.9691e-06
300 20 1.331 37.7127 1.9614e-06
300 20 1.341 35.735 1.9257e-06
300 20 1.351 34.6454 1.9018e-06
300 20 1.361 33.0565 1.887e-06
300 20 1.371 32.0626 1.8655e-06
300 20 1.381 30.695 1.8351e-06
300 20 1.391 29.6614 1.8111e-06
300 20 1.401 28.1932 1.7899e-06
300 20 1.411 26.7606 1.7692e-06
300 20 1.421 26.003 1.7402e-06
300 20 1.431 25.1115 1.7291e-06
300 20 1.441 24.4601 1.7122e-06
300 20 1.451 23.3121 1.6934e-06
300 20 1.461 21.9959 1.6692e-06
300 20 1.471 21.858 1.6428e-06
300 20 1.481 20.3419 1.6109e-06
300 20 1.491 19.8057 1.5868e-06
300 20 1.501 19.0708 1.5653e-06
300 20 1.511 18.0784 1.2578e-06
300 20 1.521 17.2669 1.2346e-06
300 20 1.531 17.0679 1.2356e-06
300 20 1.541 16.0604 1.2156e-06
300 20 1.551 15.1484 1.1992e-06
300 20 1.561 14.8086 1.402e-06
300 20 1.571 14.0139 1.4371e-06
300 20 1.581 13.5451 1.417e-06
300 20 1.591 12.936 1.2578e-06
300 20 1.601 12.825 1.1278e-06
300 20 1.611 12.4685 1.1869e-06
300 20 1.621 11.8312 1.4001e-06
300 20 1.631 11.5001 1.3804e-06
300 20 1.641 11.1608 1.3821e-06
300 20 1.651 10.7614 1.3606e-06
300 20 1.661 10.5616 1.3523e-06
300 20 1.671 10.0471 1.3367e-06
300 20 1.681 9.7443 1.3031e-06
300 20 1.691 9.3379 1.2953e-06
300 20 1.701 9.1247 1.1467e-06
300 20 1.711 8.7492 1.2163e-06
300 20 1.721 8.4067 1.2628e-06
300 20 1.731 8.0459 1.2471e-06
300 20 1.741 7.8471 1.2612e-06
300 20 1.751 7.5523 1.2419e-06
300 20 1.761 7.1411 1.226e-06
300 20 1.771 7.0135 1.2189e-06
300 20 1.781 6.8427 1.2116e-06
300 20 1.791 6.4967 1.1932e-06
300 20 1.801 6.1249 1.1829e-06
300 20 1.811 6.0353 1.1813e-06
300 20 1.821 5.7253 1.1684e-06
300 20 1.831 5.4836 1.1574e-06
300 20 1.841 5.2419 1.15e-06
300 20 1.851 5.0276 1.1386e-06
300 20 1.861 4.8105 1.1245e-06
300 20 1.871 4.5624 1.1181e-06
300 20 1.881 4.3931 1.1124e-06
300 20 1.891 4.244 1.1042e-06
300 20 1.901 4.0514 1.0996e-06
300 20 1.911 3.7808 1.0849e-06
300 20 1.921 3.624 1.0736e-06
300 20 1.931 3.4148 1.0625e-06
300 20 1.941 3.2996 1.0592e-06
300 20 1.951 3.1218 1.0473e-06
300 20 1.961 2.9757 1.0414e-06
300 20 1.971 2.8912 8.831e-07
300 20 1.981 2.7119 8.667e-07
300 20 1.991 2.5405 1.0393e-06
300 30 0.001 8114.06 1.73286e-05
300 30 0.011 7877.08 1.70051e-05
300 30 0.021 7629.57 1.6653e-05
300 30 0.031 7344.11 1.62385e-05
300 30 0.041 7098.45 1.59067e-05
300 30 0.051 6814.95 1.5452e-05
300 30 0.061 6541.76 1.50534e-05
300 30 0.071 6276.21 1.46665e-05
300 30 0.081 5989.08 1.42222e-05
300 30 0.091 5747.46 1.38449e-05
300 30 0.101 5482.04 1.34416e-05
300 30 0.111 5245.76 1.3057e-05
300 30 0.121 5036 1.27328e-05
300 30 0.131 4773.19 1.22923e-05
300 30 0.141 4575.25 1.19799e-05
300 30 0.151 4394.5 1.16845e-05
300 30 0.161 4152.88 1.12784e-05
300 30 0.171 3987.69 1.10206e-05
300 30 0.181 3771.78 1.06409e-05
300 30 0.191 3630.91 1.04049e-05
300 30 0.201 3438.63 1.00569e-05
300 30 0.211 3254.22 6.6031e-06
300 30 0.221 3114.35 5.8988e-06
300 30 0.231 2920.48 5.7401e-06
300 30 0.241 2827.63 7.0338e-06
300 30 0.251 2650.08 8.6672e-06
300 30 0.261 2560.3 8.4988e-06
300 30 0.271 2424.62 8.2489e-06
300 30 0.281 2283.32 7.9924e-06
300 30 0.291 2180.29 7.8127e-06
300 30 0.301 2085.62 7.6278e-06
300 30 0.311 1972.84 7.389e-06
300 30 0.321 1864.34 7.1869e-06
300 30 0.331 1786.1 7.0164e-06
300 30 0.341 1702.46 6.8517e-06
300 30 0.351 1608.48 6.6564e-06
300 30 0.361 1532.27 6.488e-06
300 30 0.371 1458.99 6.3272e-06
300 30 0.381 1389.04 6.1738e-06
300 30 0.391 1319.45 6.0285e-06
300 30 0.401 1244.46 5.8503e-06
300 30 0.411 1205.72 5.7752e-06
300 30 0.421 1156.78 5.6525e-06
300 30 0.431 1080.03 5.4891e-06
300 30 0.441 1031.55 5.3716e-06
300 30 0.451 972.452 5.214e-06
300 30 0.461 908.963 5.0622e-06
300 30 0.471 889.343 5.0138e-06
300 30 0.481 842.91 4.8897e-06
300 30 0.491 792.564 4.7643e-06
300 30 0.501 751.478 4.6623e-06
300 30 0.511 722.073 4.5824e-06
300 30 0.521 679.973 3.9894e-06
300 30 0.531 655.043 4.3971e-06
300 30 0.541 605.49 4.2707e-06
300 30 0.551 593.106 4.2277e-06
300 30 0.561 551.936 4.0926e-06
300 30 0.571 525.782 4.0209e-06
300 30 0.581 501.725 3.9483e-06
300 30 0.591 479.535 3.8264e-06
300 30 0.601 446.093 3.7095e-06
300 30 0.611 434.644 3.6779e-06
300 30 0.621 413.664 3.6045e-06
300 30 0.631 389.815 3.5228e-06
300 30 0.641 375.126 3.0176e-06
300 30 0.651 355.685 2.6379e-06
300 30 0.661 338.119 3.0942e-06
300 30 0.671 321.679 2.5588e-06
300 30 0.681 301.731 2.6544e-06
300 30 0.691 286.953 3.1423e-06
300 30 0.701 273.09 2.4961e-06
300 30 0.711 259.852 2.4142e-06
300 30 0.721 249.335 2.3543e-06
300 30 0.731 236.117 2.3213e-06
300 30 0.741 220.777 2.2773e-06
300 30 0.751 214.487 2.2355e-06
300 30 0.761 199.832 2.1972e-06
300 30 0.771 192.454 2.1712e-06
300 30 0.781 184.151 2.5252e-06
300 30 0.791 169.809 2.6463e-06
300 30 0.801 164.81 2.603e-06
300 30 0.811 155.248 2.5361e-06
300 30 0.821 146.23 2.0443e-06
300 30 0.831 140.164 2.4868e-06
300 30 0.841 131.002 2.4179e-06
300 30 0.851 120.904 2.3594e-06
300 30 0.861 117.034 2.3223e-06
300 30 0.871 109.671 2.283e-06
300 30 0.881 106.83 2.2609e-06
300 30 0.891 101.627 2.2143e-06
300 30 0.901 94.9669 2.1691e-06
300 30 0.911 89.6047 2.073e-06
300 30 0.921 83.5909 1.664e-06
300 30 0.931 80.6712 1.6888e-06
300 30 0.941 75.8129 1.7319e-06
300 30 0.951 71.327 1.6176e-06
300 30 0.961 67.4589 1.5559e-06
300 30 0.971 62.7368 1.513e-06
300 30 0.981 59.3728 1.5002e-06
300 30 0.991 57.1276 1.4715e-06
300 30 1.001 52.5501 1.4515e-06
300 30 1.011 48.8153 1.7459e-06
300 30 1.021 45.3805 1.717e-06
300 30 1.031 42.7765 1.6547e-06
300 30 1.041 41.1814 1.6236e-06
300 30 1.051 38.86 1.6087e-06
300 30 1.061 36.566 1.569e-06
300 30 1.071 33.4467 1.5645e-06
300 30 1.081 32.0469 1.4995e-06
300 30 1.091 30.5572 1.3185e-06
300 30 1.101 28.2793 1.5087e-06
300 30 1.111 26.8452 1.4839e-06
300 30 1.121 25.2665 1.4826e-06
300 30 1.131 23.729 1.5179e-06
300 30 1.141 22.8043 1.4957e-06
300 30 1.151 21.8499 1.4787e-06
300 30 1.161 20.6144 1.4622e-06
300 30 1.171 19.4945 1.4448e-06
300 30 1.181 18.59 1.4285e-06
300 30 1.191 17.5002 1.4157e-06
300 30 1.201 16.9586 1.3966e-06
300 30 1.211 15.6711 1.3853e-06
300 30 1.221 15.3747 1.3665e-06
300 30 1.231 13.9271 1.3477e-06
300 30 1.241 13.7612 1.3383e-06
300 30 1.251 12.9543 1.168e-06
300 30 1.261 12.2675 1.1632e-06
300 30 1.271 11.6077 1.2263e-06
300 30 1.281 11.0039 1.2081e-06
300 30 1.291 10.2883 1.1942e-06
300 30 1.301 9.8188 1.1816e-06
300 30 1.311 9.4364 1.1662e-06
300 30 1.321 8.9676 1.1625e-06
300 30 1.331 8.2781 1.151e-06
300 30 1.341 7.8872 1.1451e-06
300 30 1.351 7.5044 1.1313e-06
300 30 1.361 7.0885 1.1141e-06
300 30 1.371 6.8101 1.1162e-06
300 30 1.381 6.3172 1.1016e-06
300 30 1.391 5.9821 1.0921e-06
300 30 1.401 5.7148 1.0798e-06
300 30 1.411 5.4486 1.0733e-06
300 30 1.421 5.0338 1.0635e-06
300 30 1.431 4.8965 1.0542e-06
300 30 1.441 4.4993 1.0463e-06
300 30 1.451 4.2692 1.0305e-06
300 30 1.461 3.9791 1.029e-06
300 30 1.471 3.756 1.024e-06
300 30 1.481 3.6323 8.439e-07
300 30 1.491 3.2835 8.077e-07
300 30 1.501 3.2228 9.241e-07
300 30 1.511 2.9079 9.898e-07
300 30 1.521 2.7463 9.843e-07
300 30 1.531 2.6338 9.769e-07
300 30 1.541 2.4602 9.708e-07
300 30 1.551 2.3483 9.757e-07
300 30 1.561 2.2352 8.001e-07
300 30 1.571 2.0787 8.316e-07
300 30 1.581 1.9275 9.545e-07
300 30 1.591 1.7931 9.538e-07
300 30 1.601 1.7491 9.395e-07
300 30 1.611 1.6604 9.457e-07
300 30 1.621 1.5702 9.457e-07
300 30 1.631 1.4766 9.278e-07
300 30 1.641 1.4135 9.298e-07
300 30 1.651 1.3641 9.311e-07
300 30 1.661 1.2955 9.272e-07
300 30 1.671 1.2456 9.276e-07
300 30 1.681 1.1607 9.173e-07
300 30 1.691 1.1015 9.081e-07
300 30 1.701 1.0614 9.115e-07
300 30 1.711 0.9826 9.053e-07
300 30 1.721 0.9212 8.423e-07
300 30 1.731 0.9175 7.253e-07
300 30 1.741 0.8538 7.179e-07
300 30 1.751 0.813 7.368e-07
300 30 1.761 0.752 7.096e-07
300 30 1.771 0.7211 7.095e-07
300 30 1.781 0.6617 7.156e-07
300 30 1.791 0.6706 7.044e-07
300 30 1.801 0.5912 7.395e-07
300 30 1.811 0.5675 8.894e-07
300 30 1.821 0.5234 8.718e-07
300 30 1.831 0.5124 8.625e-07
300 30 1.841 0.4654 8.654e-07
300 30 1.851 0.4532 8.543e-07
300 30 1.861 0.4091 8.543e-07
300 30 1.871 0.3818 8.466e-07
300 30 1.881 0.3604 8.39e-07
300 30 1.891 0.3311 8.388e-07
300 30 1.901 0.3161 6.978e-07
300 30 1.911 0.2825 6.888e-07
300 30 1.921 0.2867 6.782e-07
300 30 1.931 0.254 6.848e-07
300 30 1.941 0.2382 6.709e-07
300 30 1.951 0.2054 6.706e-07
300 30 1.961 0.2047 6.706e-07
300 30 1.971 0.1897 6.695e-07
300 30 1.981 0.1779 6.75e-07
300 30 1.991 0.1541 6.656e-07
300 40 0.001 10409 1.24836e-05
300 40 0.011 10042.5 1.81893e-05
300 40 0.021 9638.8 2.08136e-05
300 40 0.031 9219.06 1.37126e-05
300 40 0.041 8797.66 1.10894e-05
300 40 0.051 8360.18 1.06968e-05
300 40 0.061 8006.86 1.15213e-05
300 40 0.071 7628.51 1.73789e-05
300 40 0.081 7213.01 1.65975e-05
300 40 0.091 6834.29 1.59399e-05
300 40 0.101 6437.83 1.52345e-05
300 40 0.111 6144.33 1.47231e-05
300 40 0.121 5825.7 1.41651e-05
300 40 0.131 5522.88 1.35983e-05
300 40 0.141 5198.1 1.30045e-05
300 40 0.151 4928.02 1.25125e-05
300 40 0.161 4682.64 1.20603e-05
300 40 0.171 4423.02 1.15846e-05
300 40 0.181 4155.75 1.10929e-05
300 40 0.191 3933.7 1.05828e-05
300 40 0.201 3724.84 6.1768e-06
300 40 0.211 3523.54 9.249e-06
300 40 0.221 3321.69 5.7777e-06
300 40 0.231 3146.41 8.8298e-06
300 40 0.241 2961.97 8.7276e-06
300 40 0.251 2807.93 8.4135e-06
300 40 0.261 2647.43 8.1161e-06
300 40 0.271 2527.25 7.8819e-06
300 40 0.281 2359.99 7.5488e-06
300 40 0.291 2248.41 7.3351e-06
300 40 0.301 2136.47 7.141e-06
300 40 0.311 1983.49 6.8166e-06
300 40 0.321 1917.36 6.7029e-06
300 40 0.331 1796.31 6.4436e-06
300 40 0.341 1717.5 6.2945e-06
300 40 0.351 1621.24 6.0962e-06
300 40 0.361 1518.81 5.8688e-06
300 40 0.371 1449.09 5.7341e-06
300 40 0.381 1401.91 5.6441e-06
300 40 0.391 1292.1 5.3925e-06
300 40 0.401 1239.06 5.2655e-06
300 40 0.411 1179.87 5.1356e-06
300 40 0.421 1119.92 5.0186e-06
300 40 0.431 1049.99 4.8563e-06
300 40 0.441 1009.32 4.061e-06
300 40 0.451 946.341 3.231e-06
300 40 0.461 922.071 3.204e-06
300 40 0.471 857.351 3.1022e-06
300 40 0.481 818.179 3.0513e-06
300 40 0.491 770.975 2.9735e-06
300 40 0.501 746.478 2.9498e-06
300 40 0.511 704.768 2.8954e-06
300 40 0.521 665.701 2.8365e-06
300 40 0.531 627.167 2.7749e-06
300 40 0.541 587.264 2.7146e-06
300 40 0.551 572.236 2.6923e-06
300 40 0.561 534.266 3.0387e-06
300 40 0.571 512.475 3.5215e-06
300 40 0.581 489.426 3.0503e-06
300 40 0.591 461.729 2.4849e-06
300 40 0.601 440.724 2.4656e-06
300 40 0.611 418.836 2.4157e-06
300 40 0.621 399.3 2.3777e-06
300 40 0.631 380.306 2.3372e-06
300 40 0.641 360.007 2.2934e-06
300 40 0.651 342.839 2.2938e-06
300 40 0.661 328.821 2.8243e-06
300 40 0.671 311.142 2.903e-06
300 40 0.681 291.809 2.8321e-06
300 40 0.691 277.674 2.7991e-06
300 40 0.701 263.188 2.7255e-06
300 40 0.711 253.547 2.7004e-06
300 40 0.721 237.605 2.6244e-06
300 40 0.731 224.889 2.1105e-06
300 40 0.741 214.687 2.586e-06
300 40 0.751 202.971 2.5531e-06
300 40 0.761 196.488 2.5017e-06
300 40 0.771 183.903 2.3686e-06
300 40 0.781 177.019 2.3842e-06
300 40 0.791 165.587 2.1595e-06
300 40 0.801 157.544 1.8239e-06
300 40 0.811 145.354 1.8926e-06
300 40 0.821 142.969 2.1828e-06
300 40 0.831 135.113 2.1571e-06
300 40 0.841 129.069 2.1242e-06
300 40 0.851 122.718 1.9919e-06
300 40 0.861 115.4 1.6498e-06
300 40 0.871 109.085 1.6084e-06
300 40 0.881 102.021 1.5678e-06
300 40 0.891 95.5555 1.5308e-06
300 40 0.901 91.0902 1.5437e-06
300 40 0.911 83.6522 1.8596e-06
300 40 0.921 81.9299 1.8444e-06
300 40 0.931 77.8021 1.8023e-06
300 40 0.941 73.0108 1.4185e-06
300 40 0.951 69.4229 1.3924e-06
300 40 0.961 64.5072 1.3624e-06
300 40 0.971 59.4184 1.3316e-06
300 40 0.981 57.5323 1.3265e-06
300 40 0.991 54.2486 1.356e-06
300 40 1.001 50.6143 1.5114e-06
300 40 1.011 47.7049 1.2602e-06
300 40 1.021 44.3247 1.2323e-06
300 40 1.031 41.2099 1.2158e-06
300 40 1.041 38.9632 1.302e-06
300 40 1.051 36.4733 1.1704e-06
300 40 1.061 34.8661 1.1506e-06
300 40 1.071 33.568 1.1325e-06
300 40 1.081 31.1961 1.2889e-06
300 40 1.091 29.0216 1.373e-06
300 40 1.101 27.5224 1.3643e-06
300 40 1.111 26.3637 1.3419e-06
300 40 1.121 24.5016 1.3249e-06
300 40 1.131 23.8167 1.3144e-06
300 40 1.141 22.1145 1.2921e-06
300 40 1.151 20.9844 1.2785e-06
300 40 1.161 20.4321 1.2739e-06
300 40 1.171 18.8763 1.2504e-06
300 40 1.181 18.1213 1.2318e-06
300 40 1.191 17.1949 1.2187e-06
300 40 1.201 15.5646 1.1996e-06
300 40 1.211 15.0222 1.1872e-06
300 40 1.221 14.5655 1.1747e-06
300 40 1.231 13.6674 1.167e-06
300 40 1.241 13.0081 1.1607e-06
300 40 1.251 12.2937 1.1427e-06
300 40 1.261 11.7369 1.128e-06
300 40 1.271 11.2006 1.1196e-06
300 40 1.281 10.506 1.1021e-06
300 40 1.291 10.2029 1.099e-06
300 40 1.301 9.4648 1.0799e-06
300 40 1.311 9.0368 1.0775e-06
300 40 1.321 8.5992 1.079e-06
300 40 1.331 7.9216 1.0808e-06
300 40 1.341 7.6012 1.0484e-06
300 40 1.351 7.044 1.036e-06
300 40 1.361 6.7526 9.697e-07
300 40 1.371 6.3832 8.285e-07
300 40 1.381 6.1791 9.624e-07
300 40 1.391 5.9216 8.495e-07
300 40 1.401 5.4154 8.46e-07
300 40 1.411 5.1048 1.0024e-06
300 40 1.421 4.8729 9.964e-07
300 40 1.431 4.6293 9.865e-07
300 40 1.441 4.3715 9.771e-07
300 40 1.451 3.9896 9.773e-07
300 40 1.461 3.8985 9.748e-07
300 40 1.471 3.5524 7.6e-07
300 40 1.481 3.4113 7.879e-07
300 40 1.491 3.2407 7.874e-07
300 40 1.501 3.1521 7.637e-07
300 40 1.511 2.8349 7.285e-07
300 40 1.521 2.7616 7.962e-07
300 40 1.531 2.5185 7.225e-07
300 40 1.541 2.4333 7.206e-07
300 40 1.551 2.214 7.687e-07
300 40 1.561 2.0774 9.02e-07
300 40 1.571 2.0282 8.993e-07
300 40 1.581 1.837 7.048e-07
300 40 1.591 1.7112 6.939e-07
300 40 1.601 1.6609 8.25e-07
300 40 1.611 1.5894 8.682e-07
300 40 1.621 1.5306 8.661e-07
300 40 1.631 1.4588 7.542e-07
300 40 1.641 1.3726 6.822e-07
300 40 1.651 1.2931 6.741e-07
300 40 1.661 1.2596 6.777e-07
300 40 1.671 1.1887 8.196e-07
300 40 1.681 1.133 8.544e-07
300 40 1.691 1.0682 7.724e-07
300 40 1.701 1.038 6.894e-07
300 40 1.711 0.9334 6.609e-07
300 40 1.721 0.9221 6.596e-07
300 40 1.731 0.847 7.81e-07
300 40 1.741 0.8343 8.318e-07
300 40 1.751 0.7687 8.258e-07
300 40 1.761 0.7253 8.234e-07
300 40 1.771 0.7101 8.192e-07
300 40 1.781 0.6542 8.039e-07
300 40 1.791 0.566 7.939e-07
300 40 1.801 0.5739 8.112e-07
300 40 1.811 0.5553 8.304e-07
300 40 1.821 0.488 6.534e-07
300 40 1.831 0.4812 6.764e-07
300 40 1.841 0.4558 7.77e-07
300 40 1.851 0.4264 7.897e-07
300 40 1.861 0.3693 7.937e-07
300 40 1.871 0.3736 7.936e-07
300 40 1.881 0.3471 7.855e-07
300 40 1.891 0.327 7.814e-07
300 40 1.901 0.2968 7.87e-07
300 40 1.911 0.2786 7.372e-07
300 40 1.921 0.2835 6.754e-07
300 40 1.931 0.2418 6.195e-07
300 40 1.941 0.2361 6.292e-07
300 40 1.951 0.1934 6.322e-07
300 40 1.961 0.199 6.217e-07
300 40 1.971 0.1903 6.085e-07
300 40 1.981 0.1614 6.07e-07
300 40 1.991 0.1602 7.95e-07
400 10 0.001 3906.37 1.23119e-05
400 10 0.011 3872.21 1.22742e-05
400 10 0.021 3831.22 1.2218e-05
400 10 0.031 3794.55 1.2166e-05
400 10 0.041 3733.79 1.20596e-05
400 10 0.051 3688.47 1.19943e-05
400 10 0.061 3644.86 1.19119e-05
400 10 0.071 3597.94 1.18461e-05
400 10 0.081 3549.18 1.17484e-05
400 10 0.091 3494.53 1.16569e-05
400 10 0.101 3430.28 1.15458e-05
400 10 0.111 3384.56 1.14701e-05
400 10 0.121 3328.27 1.13667e-05
400 10 0.131 3277.29 1.12754e-05
400 10 0.141 3226.51 1.12059e-05
400 10 0.151 3175.28 1.11571e-05
400 10 0.161 3146.02 1.10995e-05
400 10 0.171 3075.82 1.09611e-05
400 10 0.181 3032.2 1.09214e-05
400 10 0.191 2969.66 1.08016e-05
400 10 0.201 2919.15 1.07188e-05
400 10 0.211 2879.9 1.0655e-05
400 10 0.221 2821.8 1.0562e-05
400 10 0.231 2780.51 1.04984e-05
400 10 0.241 2740.39 1.04249e-05
400 10 0.251 2677.78 1.03295e-05
400 10 0.261 2637.67 1.02701e-05
400 10 0.271 2570.4 1.01443e-05
400 10 0.281 2536.95 1.00983e-05
400 10 0.291 2484 8.2044e-06
400 10 0.301 2430.19 9.8144e-06
400 10 0.311 2383.65 9.9471e-06
400 10 0.321 2328.6 9.8429e-06
400 10 0.331 2296.14 9.8098e-06
400 10 0.341 2277.57 9.7744e-06
400 10 0.351 2200.59 9.6345e-06
400 10 0.361 2147.17 9.5439e-06
400 10 0.371 2113.62 9.4905e-06
400 10 0.381 2072.78 9.419e-06
400 10 0.391 2041.85 9.382e-06
400 10 0.401 1980.61 9.2699e-06
400 10 0.411 1950.16 9.2212e-06
400 10 0.421 1917.85 7.4008e-06
400 10 0.431 1867.11 5.6927e-06
400 10 0.441 1855.27 5.7258e-06
400 10 0.451 1794.84 5.6693e-06
400 10 0.461 1769.96 6.8932e-06
400 10 0.471 1721.89 8.6464e-06
400 10 0.481 1681.52 8.5747e-06
400 10 0.491 1669.86 8.583e-06
400 10 0.501 1613.52 7.3479e-06
400 10 0.511 1594.29 5.5408e-06
400 10 0.521 1553.28 5.5126e-06
400 10 0.531 1514.69 5.4939e-06
400 10 0.541 1470.32 5.4618e-06
400 10 0.551 1457.89 5.4765e-06
400 10 0.561 1419.57 5.4728e-06
400 10 0.571 1380.44 5.4767e-06
400 10 0.581 1363.45 5.4714e-06
400 10 0.591 1327.37 5.4437e-06
400 10 0.601 1298.28 5.6582e-06
400 10 0.611 1268.86 5.4091e-06
400 10 0.621 1239.98 5.3944e-06
400 10 0.631 1211.6 5.3819e-06
400 10 0.641 1185.28 5.3904e-06
400 10 0.651 1153.15 5.9622e-06
400 10 0.661 1133.31 5.5794e-06
400 10 0.671 1108.01 5.3499e-06
400 10 0.681 1080.1 7.0392e-06
400 10 0.691 1065.64 7.6148e-06
400 10 0.701 1033.05 7.564e-06
400 10 0.711 1004.05 7.304e-06
400 10 0.721 993.195 5.2734e-06
400 10 0.731 963.924 5.8217e-06
400 10 0.741 934.55 7.3098e-06
400 10 0.751 913.703 7.318e-06
400 10 0.761 886.138 7.2612e-06
400 10 0.771 875.154 7.2608e-06
400 10 0.781 857.215 7.2238e-06
400 10 0.791 826.851 7.1497e-06
400 10 0.801 809.992 7.1236e-06
400 10 0.811 791.404 7.0894e-06
400 10 0.821 778.624 7.06e-06
400 10 0.831 753.458 7.0102e-06
400 10 0.841 732.249 6.967e-06
400 10 0.851 726.254 6.9555e-06
400 10 0.861 703.728 6.924e-06
400 10 0.871 679.934 6.871e-06
400 10 0.881 658.506 6.8294e-06
400 10 0.891 644.983 6.7885e-06
400 10 0.901 628.374 6.7584e-06
400 10 0.911 622.284 6.7361e-06
400 10 0.921 601.567 6.7076e-06
400 10 0.931 588.817 6.6802e-06
400 10 0.941 565.493 6.6071e-06
400 10 0.951 554.443 6.5824e-06
400 10 0.961 550.789 6.592e-06
400 10 0.971 529.016 5.3945e-06
400 10 0.981 508.948 4.9292e-06
400 10 0.991 498.802 4.9132e-06
400 10 1.001 481.673 4.8868e-06
400 10 1.011 469.849 4.8968e-06
400 10 1.021 460.425 4.9293e-06
400 10 1.031 446.005 4.9261e-06
400 10 1.041 428.292 4.8954e-06
400 10 1.051 422.253 4.8729e-06
400 10 1.061 405.306 4.8146e-06
400 10 1.071 399.013 4.804e-06
400 10 1.081 387.3 4.7813e-06
400 10 1.091 377.032 4.7644e-06
400 10 1.101 371.894 5.3969e-06
400 10 1.111 360.589 6.1214e-06
400 10 1.121 352.712 6.0873e-06
400 10 1.131 340.957 6.0438e-06
400 10 1.141 337.054 6.0211e-06
400 10 1.151 330.126 5.9896e-06
400 10 1.161 327.5 5.982e-06
400 10 1.171 317.745 5.9457e-06
400 10 1.181 310.525 5.9036e-06
400 10 1.191 304.175 5.8844e-06
400 10 1.201 293.036 5.8074e-06
400 10 1.211 288.433 5.0192e-06
400 10 1.221 285.113 4.5875e-06
400 10 1.231 279.147 5.6895e-06
400 10 1.241 271.443 5.6523e-06
400 10 1.251 266.863 5.6167e-06
400 10 1.261 262.407 5.5932e-06
400 10 1.271 256.205 5.5611e-06
400 10 1.281 251.049 5.5245e-06
400 10 1.291 247.15 5.5065e-06
400 10 1.301 242.55 4.8204e-06
400 10 1.311 233.447 5.2834e-06
400 10 1.321 229.269 5.103e-06
400 10 1.331 226.13 4.3156e-06
400 10 1.341 220.99 4.2975e-06
400 10 1.351 217.2 4.2801e-06
400 10 1.361 209.828 4.7646e-06
400 10 1.371 209.583 5.2721e-06
400 10 1.381 203.361 5.2213e-06
400 10 1.391 198.751 5.1821e-06
400 10 1.401 195.25 5.1639e-06
400 10 1.411 191.46 5.1292e-06
400 10 1.421 185.739 5.0792e-06
400 10 1.431 182.214 5.0644e-06
400 10 1.441 178.072 5.0111e-06
400 10 1.451 173.446 4.9734e-06
400 10 1.461 172.142 4.949e-06
400 10 1.471 166.771 4.9108e-06
400 10 1.481 162.732 4.863e-06
400 10 1.491 160.37 4.8442e-06
400 10 1.501 154.981 4.7854e-06
400 10 1.511 153.631 4.771e-06
400 10 1.521 149.426 4.7249e-06
400 10 1.531 145.173 4.6886e-06
400 10 1.541 143.126 4.6728e-06
400 10 1.551 139.604 4.6334e-06
400 10 1.561 137.326 4.6008e-06
400 10 1.571 134.046 4.5599e-06
400 10 1.581 129.616 4.4901e-06
400 10 1.591 126.908 4.422e-06
400 10 1.601 125.44 4.4441e-06
400 10 1.611 122.854 4.4071e-06
400 10 1.621 120.199 4.3735e-06
400 10 1.631 118.118 4.3564e-06
400 10 1.641 117 4.0385e-06
400 10 1.651 115.663 3.4473e-06
400 10 1.661 113.109 3.4236e-06
400 10 1.671 110.678 3.6525e-06
400 10 1.681 110.037 4.0985e-06
400 10 1.691 106.997 3.7343e-06
400 10 1.701 104.797 4.1901e-06
400 10 1.711 103.149 4.1695e-06
400 10 1.721 100.723 4.1329e-06
400 10 1.731 99.6825 3.6874e-06
400 10 1.741 97.5586 3.229e-06
400 10 1.751 95.7656 3.203e-06
400 10 1.761 93.6983 3.1967e-06
400 10 1.771 92.002 3.179e-06
400 10 1.781 90.8947 3.6674e-06
400 10 1.791 88.9908 3.977e-06
400 10 1.801 86.9573 3.6577e-06
400 10 1.811 84.9905 3.0869e-06
400 10 1.821 83.091 3.0549e-06
400 10 1.831 80.8973 3.0161e-06
400 10 1.841 80.0413 3.4276e-06
400 10 1.851 78.6228 3.3883e-06
400 10 1.861 76.4066 3.114e-06
400 10 1.871 74.4942 3.5171e-06
400 10 1.881 73.1991 3.5885e-06
400 10 1.891 71.5971 3.5519e-06
400 10 1.901 69.815 3.5012e-06
400 10 1.911 67.6164 3.4549e-06
400 10 1.921 66.7372 3.4377e-06
400 10 1.931 65.212 3.4051e-06
400 10 1.941 63.4547 3.4032e-06
400 10 1.951 62.3638 3.405e-06
400 10 1.961 60.3109 3.3557e-06
400 10 1.971 58.68 3.3124e-06
400 10 1.981 57.2523 3.2779e-06
400 10 1.991 56.0195 3.2529e-06
400 20 0.001 7606.44 1.78127e-05
400 20 0.011 7472.66 1.76496e-05
400 20 0.021 7311.42 1.74327e-05
400 20 0.031 7149.45 1.71989e-05
400 20 0.041 6956.88 1.69212e-05
400 20 0.051 6768.73 1.66425e-05
400 20 0.061 6598.06 1.64142e-05
400 20 0.071 6406.52 1.61302e-05
400 20 0.081 6259.06 1.59265e-05
400 20 0.091 6084.7 1.56654e-05
400 20 0.101 5916.7 1.54186e-05
400 20 0.111 5699.57 1.50744e-05
400 20 0.121 5568.84 1.48761e-05
400 20 0.131 5349.17 1.45295e-05
400 20 0.141 5176.71 1.42658e-05
400 20 0.151 5008.07 1.39825e-05
400 20 0.161 4886.21 1.38242e-05
400 20 0.171 4705.28 1.35199e-05
400 20 0.181 4540.71 1.32634e-05
400 20 0.191 4422.69 1.30778e-05
400 20 0.201 4283.44 1.28549e-05
400 20 0.211 4123.82 1.25941e-05
400 20 0.221 3996.39 1.23755e-05
400 20 0.231 3832.34 1.14832e-05
400 20 0.241 3715.35 7.1551e-06
400 20 0.251 3560.81 7.0102e-06
400 20 0.261 3466.97 6.9577e-06
400 20 0.271 3339.57 6.8611e-06
400 20 0.281 3262.81 6.8132e-06
400 20 0.291 3092.69 8.5199e-06
400 20 0.301 2962.49 9.1943e-06
400 20 0.311 2918.06 1.05346e-05
400 20 0.321 2780 8.8647e-06
400 20 0.331 2663.65 6.3147e-06
400 20 0.341 2597.77 6.2866e-06
400 20 0.351 2461.62 6.1931e-06
400 20 0.361 2422.29 6.6407e-06
400 20 0.371 2337.46 9.4651e-06
400 20 0.381 2244.58 9.2915e-06
400 20 0.391 2158.98 9.1291e-06
400 20 0.401 2068.33 8.9497e-06
400 20 0.411 1985.57 8.7912e-06
400 20 0.421 1919.28 8.6583e-06
400 20 0.431 1855.03 8.5203e-06
400 20 0.441 1773.75 8.3512e-06
400 20 0.451 1728.59 8.2628e-06
400 20 0.461 1643.45 8.0934e-06
400 20 0.471 1585.93 7.9776e-06
400 20 0.481 1541.6 7.8693e-06
400 20 0.491 1478.37 7.7066e-06
400 20 0.501 1411.63 7.4924e-06
400 20 0.511 1372.56 7.3584e-06
400 20 0.521 1345.88 7.3246e-06
400 20 0.531 1268.48 7.1692e-06
400 20 0.541 1196.52 6.9711e-06
400 20 0.551 1154.7 6.8844e-06
400 20 0.561 1142.52 6.8471e-06
400 20 0.571 1081.98 6.6985e-06
400 20 0.581 1039.26 6.6008e-06
400 20 0.591 1010.8 6.5309e-06
400 20 0.601 957.937 6.4019e-06
400 20 0.611 932.231 6.3323e-06
400 20 0.621 894.4 6.2463e-06
400 20 0.631 861.32 6.1578e-06
400 20 0.641 833.625 6.0801e-06
400 20 0.651 797.898 5.9832e-06
400 20 0.661 763.4 5.9057e-06
400 20 0.671 726.871 5.802e-06
400 20 0.681 716.271 5.7634e-06
400 20 0.691 679.908 5.6493e-06
400 20 0.701 658.617 5.6039e-06
400 20 0.711 627.933 4.6607e-06
400 20 0.721 600.961 4.1621e-06
400 20 0.731 577.455 4.1092e-06
400 20 0.741 558.207 4.0626e-06
400 20 0.751 539.121 4.0329e-06
400 20 0.761 510.981 3.968e-06
400 20 0.771 496.604 4.2522e-06
400 20 0.781 481.255 5.0956e-06
400 20 0.791 468.981 5.037e-06
400 20 0.801 439.164 4.9331e-06
400 20 0.811 425.673 4.881e-06
400 20 0.821 410.387 4.8134e-06
400 20 0.831 394.599 4.7453e-06
400 20 0.841 374.35 4.6652e-06
400 20 0.851 367.355 4.6229e-06
400 20 0.861 345.108 4.4216e-06
400 20 0.871 331.556 3.5269e-06
400 20 0.881 320.869 3.4864e-06
400 20 0.891 305.791 3.9206e-06
400 20 0.901 296.146 4.3121e-06
400 20 0.911 285.434 4.2562e-06
400 20 0.921 269.861 4.1826e-06
400 20 0.931 257.905 4.1249e-06
400 20 0.941 247.715 4.0606e-06
400 20 0.951 235.856 3.9992e-06
400 20 0.961 224.896 3.9185e-06
400 20 0.971 217.619 3.8823e-06
400 20 0.981 204.709 3.8106e-06
400 20 0.991 196.731 3.7728e-06
400 20 1.001 186.8 3.712e-06
400 20 1.011 180.283 3.4393e-06
400 20 1.021 170.99 3.3297e-06
400 20 1.031 163.893 3.5478e-06
400 20 1.041 154.881 3.3372e-06
400 20 1.051 148.705 3.3788e-06
400 20 1.061 143.766 3.3402e-06
400 20 1.071 135.792 3.2908e-06
400 20 1.081 131.155 3.225e-06
400 20 1.091 123.545 3.2414e-06
400 20 1.101 119.85 3.1778e-06
400 20 1.111 116.868 2.9172e-06
400 20 1.121 111.539 2.533e-06
400 20 1.131 106.68 2.4932e-06
400 20 1.141 103.222 2.4664e-06
400 20 1.151 98.5719 2.4284e-06
400 20 1.161 94.7962 2.3956e-06
400 20 1.171 92.0052 2.8418e-06
400 20 1.181 88.2375 2.8925e-06
400 20 1.191 85.9685 2.8598e-06
400 20 1.201 83.0975 2.8331e-06
400 20 1.211 79.0885 2.778e-06
400 20 1.221 76.1535 2.7462e-06
400 20 1.231 73.3023 2.7141e-06
400 20 1.241 71.2254 2.6871e-06
400 20 1.251 68.317 2.6597e-06
400 20 1.261 65.3886 2.6126e-06
400 20 1.271 62.4914 2.5805e-06
400 20 1.281 61.5497 2.5517e-06
400 20 1.291 58.7137 2.5209e-06
400 20 1.301 57.2016 2.4935e-06
400 20 1.311 55.5945 2.464e-06
400 20 1.321 51.907 2.4055e-06
400 20 1.331 51.106 2.3931e-06
400 20 1.341 49.0233 2.3581e-06
400 20 1.351 47.535 2.3308e-06
400 20 1.361 45.4844 2.3013e-06
400 20 1.371 43.6902 2.2766e-06
400 20 1.381 41.794 2.2398e-06
400 20 1.391 40.5919 2.2277e-06
400 20 1.401 38.2392 2.1751e-06
400 20 1.411 37.2459 2.1512e-06
400 20 1.421 35.3481 2.1236e-06
400 20 1.431 34.3023 2.0948e-06
400 20 1.441 32.9298 2.0633e-06
400 20 1.451 31.1124 2.0259e-06
400 20 1.461 30.542 2.0183e-06
400 20 1.471 29.2194 1.9925e-06
400 20 1.481 28.132 1.9662e-06
400 20 1.491 26.9155 1.7965e-06
400 20 1.501 25.6709 1.8414e-06
400 20 1.511 24.8593 1.8489e-06
400 20 1.521 24.0846 1.8207e-06
400 20 1.531 22.7385 1.7909e-06
400 20 1.541 21.705 1.7767e-06
400 20 1.551 20.8236 1.7452e-06
400 20 1.561 20.2205 1.737e-06
400 20 1.571 19.4901 1.7021e-06
400 20 1.581 18.346 1.6592e-06
400 20 1.591 17.5935 1.6583e-06
400 20 1.601 17.2282 1.6421e-06
400 20 1.611 16.591 1.6236e-06
400 20 1.621 16.0321 1.6158e-06
400 20 1.631 15.6671 1.5962e-06
400 20 1.641 15.1003 1.5835e-06
400 20 1.651 14.6798 1.5609e-06
400 20 1.661 14.0113 1.5461e-06
400 20 1.671 13.6805 1.5231e-06
400 20 1.681 13.2182 1.4977e-06
400 20 1.691 12.7021 1.4844e-06
400 20 1.701 12.2943 1.4648e-06
400 20 1.711 11.8974 1.4518e-06
400 20 1.721 11.6005 1.4474e-06
400 20 1.731 11.0379 1.4196e-06
400 20 1.741 10.6766 1.4125e-06
400 20 1.751 10.1458 1.3962e-06
400 20 1.761 9.8924 1.3752e-06
400 20 1.771 9.389 1.3626e-06
400 20 1.781 9.1323 1.3597e-06
400 20 1.791 8.8252 1.3501e-06
400 20 1.801 8.4831 1.3442e-06
400 20 1.811 8.1982 1.1255e-06
400 20 1.821 7.7806 1.3083e-06
400 20 1.831 7.4698 1.3011e-06
400 20 1.841 7.2142 1.2894e-06
400 20 1.851 6.8324 1.2632e-06
400 20 1.861 6.4447 1.2777e-06
400 20 1.871 6.1178 1.2584e-06
400 20 1.881 6.0448 1.2509e-06
400 20 1.891 5.7133 1.228e-06
400 20 1.901 5.4544 1.2078e-06
400 20 1.911 5.1917 1.2048e-06
400 20 1.921 5.0467 1.1873e-06
400 20 1.931 4.7325 1.155e-06
400 20 1.941 4.4677 1.0863e-06
400 20 1.951 4.255 9.872e-07
400 20 1.961 4.0576 9.398e-07
400 20 1.971 3.9285 1.0261e-06
400 20 1.981 3.6582 1.0582e-06
400 20 1.991 3.4864 9.037e-07
400 30 0.001 11108.2 1.28092e-05
400 30 0.011 10791.6 1.26481e-05
400 30 0.021 10458.4 1.23811e-05
400 30 0.031 10062.9 2.08097e-05
400 30 0.041 9699.03 2.13368e-05
400 30 0.051 9316.27 2.07593e-05
400 30 0.061 8916.22 2.01574e-05
400 30 0.071 8622.4 1.97253e-05
400 30 0.081 8204.18 1.90693e-05
400 30 0.091 7825.81 1.84516e-05
400 30 0.101 7528.97 1.80066e-05
400 30 0.111 7240.46 1.75741e-05
400 30 0.121 6826.6 1.6857e-05
400 30 0.131 6585.75 1.64985e-05
400 30 0.141 6236.45 1.59094e-05
400 30 0.151 5928.49 1.54185e-05
400 30 0.161 5729.31 1.50817e-05
400 30 0.171 5460.91 1.47648e-05
400 30 0.181 5181.98 1.4364e-05
400 30 0.191 4954.39 9.2534e-06
400 30 0.201 4669.28 8.0742e-06
400 30 0.211 4437.02 1.04132e-05
400 30 0.221 4248.45 1.25615e-05
400 30 0.231 4028.55 1.22126e-05
400 30 0.241 3843.2 1.1737e-05
400 30 0.251 3668.71 8.9848e-06
400 30 0.261 3506.91 7.0451e-06
400 30 0.271 3305.78 6.8557e-06
400 30 0.281 3157.32 6.7129e-06
400 30 0.291 3002.08 6.5599e-06
400 30 0.301 2860.89 6.4304e-06
400 30 0.311 2742.76 7.2767e-06
400 30 0.321 2575.94 6.1154e-06
400 30 0.331 2452.12 6.033e-06
400 30 0.341 2311.52 5.8751e-06
400 30 0.351 2258.64 8.1925e-06
400 30 0.361 2109.46 8.4946e-06
400 30 0.371 1997.72 8.2791e-06
400 30 0.381 1884.42 8.0283e-06
400 30 0.391 1822.09 7.8722e-06
400 30 0.401 1706.65 7.626e-06
400 30 0.411 1651.34 7.5408e-06
400 30 0.421 1538.06 7.2548e-06
400 30 0.431 1450.92 7.0596e-06
400 30 0.441 1391.91 6.9563e-06
400 30 0.451 1332.61 6.8112e-06
400 30 0.461 1266.07 6.6295e-06
400 30 0.471 1204.29 6.4728e-06
400 30 0.481 1144.59 6.3119e-06
400 30 0.491 1080.47 6.1609e-06
400 30 0.501 1038.1 6.0686e-06
400 30 0.511 999.813 5.9474e-06
400 30 0.521 925.699 5.7468e-06
400 30 0.531 883.934 5.6149e-06
400 30 0.541 843.173 5.5054e-06
400 30 0.551 808.793 5.4145e-06
400 30 0.561 768.307 5.2963e-06
400 30 0.571 734.179 5.1851e-06
400 30 0.581 693.351 5.0698e-06
400 30 0.591 647.056 4.9115e-06
400 30 0.601 627.293 4.8589e-06
400 30 0.611 587.98 4.7306e-06
400 30 0.621 556.721 4.6142e-06
400 30 0.631 532.563 4.5422e-06
400 30 0.641 510.57 4.4661e-06
400 30 0.651 479.76 4.3389e-06
400 30 0.661 461.226 4.2709e-06
400 30 0.671 439.581 4.1873e-06
400 30 0.681 409.733 4.0761e-06
400 30 0.691 400.332 4.0314e-06
400 30 0.701 372.681 3.9247e-06
400 30 0.711 357.852 3.8538e-06
400 30 0.721 336.569 3.7759e-06
400 30 0.731 323.305 3.7245e-06
400 30 0.741 296.191 3.6053e-06
400 30 0.751 289.595 3.5682e-06
400 30 0.761 279.099 3.5089e-06
400 30 0.771 262.718 3.4371e-06
400 30 0.781 246.808 3.359e-06
400 30 0.791 235.217 3.2992e-06
400 30 0.801 225.612 3.2183e-06
400 30 0.811 218.329 3.1656e-06
400 30 0.821 201.967 3.0735e-06
400 30 0.831 192.131 3.0296e-06
400 30 0.841 178.795 2.955e-06
400 30 0.851 170.197 2.8906e-06
400 30 0.861 158.778 2.8334e-06
400 30 0.871 152.164 2.8088e-06
400 30 0.881 145.227 2.7521e-06
400 30 0.891 134.172 2.6831e-06
400 30 0.901 130.523 2.6654e-06
400 30 0.911 125.328 2.613e-06
400 30 0.921 115.383 2.5512e-06
400 30 0.931 108.639 2.5019e-06
400 30 0.941 103.839 2.4495e-06
400 30 0.951 98.3769 2.3478e-06
400 30 0.961 91.3834 1.9219e-06
400 30 0.971 85.8327 1.8567e-06
400 30 0.981 82.6657 2.018e-06
400 30 0.991 78.1471 2.2219e-06
400 30 1.001 72.2801 2.1811e-06
400 30 1.011 68.1266 2.1255e-06
400 30 1.021 62.5514 1.9156e-06
400 30 1.031 59.1261 1.6457e-06
400 30 1.041 55.6091 1.7732e-06
400 30 1.051 51.9871 1.5739e-06
400 30 1.061 49.214 1.5409e-06
400 30 1.071 46.8291 1.5268e-06
400 30 1.081 42.8342 1.4816e-06
400 30 1.091 41.4222 1.4756e-06
400 30 1.101 39.4168 1.4428e-06
400 30 1.111 35.9655 1.6043e-06
400 30 1.121 34.1383 1.7423e-06
400 30 1.131 32.7876 1.7263e-06
400 30 1.141 31.8104 1.6878e-06
400 30 1.151 30.5624 1.6782e-06
400 30 1.161 28.1752 1.6569e-06
400 30 1.171 27.2166 1.6368e-06
400 30 1.181 25.2362 1.6175e-06
400 30 1.191 24.3839 1.5897e-06
400 30 1.201 23.2085 1.5774e-06
400 30 1.211 21.4395 1.2945e-06
400 30 1.221 20.3192 1.508e-06
400 30 1.231 19.5185 1.4887e-06
400 30 1.241 18.3858 1.4754e-06
400 30 1.251 17.3367 1.4549e-06
400 30 1.261 16.6788 1.443e-06
400 30 1.271 15.621 1.4258e-06
400 30 1.281 14.8323 1.3831e-06
400 30 1.291 14.1483 1.2251e-06
400 30 1.301 13.6782 1.3736e-06
400 30 1.311 12.6869 1.3537e-06
400 30 1.321 12.0734 1.3302e-06
400 30 1.331 11.3572 1.3293e-06
400 30 1.341 10.7806 1.314e-06
400 30 1.351 10.1502 1.3083e-06
400 30 1.361 9.6413 1.2844e-06
400 30 1.371 9.3495 1.2706e-06
400 30 1.381 8.4952 1.2565e-06
400 30 1.391 8.091 1.2434e-06
400 30 1.401 7.5398 1.232e-06
400 30 1.411 7.456 1.2292e-06
400 30 1.421 6.8525 1.2094e-06
400 30 1.431 6.5898 1.1998e-06
400 30 1.441 6.1662 1.1907e-06
400 30 1.451 5.7866 1.1744e-06
400 30 1.461 5.4573 1.1621e-06
400 30 1.471 5.11 1.1576e-06
400 30 1.481 4.8266 1.1447e-06
400 30 1.491 4.7027 1.0934e-06
400 30 1.501 4.3227 9.18e-07
400 30 1.511 4.1889 1.0053e-06
400 30 1.521 3.8634 1.1098e-06
400 30 1.531 3.5812 1.0658e-06
400 30 1.541 3.3251 1.0515e-06
400 30 1.551 3.2499 1.0522e-06
400 30 1.561 3.0357 1.0379e-06
400 30 1.571 2.7282 9.333e-07
400 30 1.581 2.5749 1.0358e-06
400 30 1.591 2.4762 1.0433e-06
400 30 1.601 2.3509 1.0439e-06
400 30 1.611 2.2698 8.663e-07
400 30 1.621 2.1642 8.889e-07
400 30 1.631 2.0465 1.0255e-06
400 30 1.641 1.9855 1.0243e-06
400 30 1.651 1.8562 8.98e-07
400 30 1.661 1.7636 8.417e-07
400 30 1.671 1.7012 8.79e-07
400 30 1.681 1.6437 1.007e-06
400 30 1.691 1.5054 1.0007e-06
400 30 1.701 1.4833 9.991e-07
400 30 1.711 1.3435 9.9e-07
400 30 1.721 1.277 9.837e-07
400 30 1.731 1.2436 9.952e-07
400 30 1.741 1.1323 9.896e-07
400 30 1.751 1.111 9.245e-07
400 30 1.761 1.0188 8.088e-07
400 30 1.771 0.9728 8.115e-07
400 30 1.781 0.9571 8.226e-07
400 30 1.791 0.8559 9.581e-07
400 30 1.801 0.7911 9.714e-07
400 30 1.811 0.741 9.681e-07
400 30 1.821 0.7261 9.587e-07
400 30 1.831 0.6796 9.553e-07
400 30 1.841 0.6158 9.454e-07
400 30 1.851 0.5728 9.46e-07
400 30 1.861 0.5868 9.176e-07
400 30 1.871 0.5173 7.918e-07
400 30 1.881 0.4974 9.706e-07
400 30 1.891 0.4487 9.613e-07
400 30 1.901 0.4281 9.62e-07
400 30 1.911 0.3763 9.575e-07
400 30 1.921 0.3903 9.559e-07
400 30 1.931 0.3492 9.544e-07
400 30 1.941 0.3199 9.397e-07
400 30 1.951 0.2926 9.311e-07
400 30 1.961 0.2653 9.344e-07
400 30 1.971 0.2646 9.304e-07
400 30 1.981 0.2368 9.268e-07
400 30 1.991 0.2144 9.187e-07
400 40 0.001 14404.8 2.97966e-05
400 40 0.011 13920.8 2.90069e-05
400 40 0.021 13361.2 2.80818e-05
400 40 0.031 12715.2 2.69799e-05
400 40 0.041 12190.4 2.61121e-05
400 40 0.051 11558.6 2.50141e-05
400 40 0.061 11102.2 2.42437e-05
400 40 0.071 10452.9 2.31108e-05
400 40 0.081 10004.7 2.23265e-05
400 40 0.091 9486.72 2.14361e-05
400 40 0.101 9018.2 1.81259e-05
400 40 0.111 8524 1.16066e-05
400 40 0.121 7971.02 1.10355e-05
400 40 0.131 7631.95 1.06794e-05
400 40 0.141 7197.15 1.50665e-05
400 40 0.151 6832.42 1.68476e-05
400 40 0.161 6410.9 1.60624e-05
400 40 0.171 6059.91 1.54125e-05
400 40 0.181 5796.97 1.49434e-05
400 40 0.191 5407.98 1.41764e-05
400 40 0.201 5134.22 1.36731e-05
400 40 0.211 4904.7 1.32595e-05
400 40 0.221 4625.08 1.25638e-05
400 40 0.231 4335.23 1.18747e-05
400 40 0.241 4121 7.2134e-06
400 40 0.251 3921.55 1.0966e-05
400 40 0.261 3718.18 1.10001e-05
400 40 0.271 3461.53 1.04694e-05
400 40 0.281 3340.03 1.02544e-05
400 40 0.291 3144.76 9.8495e-06
400 40 0.301 2937.14 9.42e-06
400 40 0.311 2773.27 7.9121e-06
400 40 0.321 2611.63 7.4947e-06
400 40 0.331 2494.93 5.4591e-06
400 40 0.341 2376.08 5.7764e-06
400 40 0.351 2221.27 7.9025e-06
400 40 0.361 2126.92 7.7112e-06
400 40 0.371 2014.76 7.4615e-06
400 40 0.381 1892.57 7.0264e-06
400 40 0.391 1823.09 6.1954e-06
400 40 0.401 1694.21 6.7838e-06
400 40 0.411 1631.78 6.6463e-06
400 40 0.421 1527.36 6.4032e-06
400 40 0.431 1436.58 5.5724e-06
400 40 0.441 1379.88 4.8518e-06
400 40 0.451 1299.65 5.9038e-06
400 40 0.461 1267.68 5.8397e-06
400 40 0.471 1176.54 5.6277e-06
400 40 0.481 1133.6 5.5272e-06
400 40 0.491 1069.38 5.3762e-06
400 40 0.501 1024.3 5.2788e-06
400 40 0.511 975.418 5.1662e-06
400 40 0.521 903.763 5.0123e-06
400 40 0.531 875.463 4.9399e-06
400 40 0.541 826.66 4.7866e-06
400 40 0.551 774.321 4.6631e-06
400 40 0.561 747.921 4.6132e-06
400 40 0.571 701.933 3.6389e-06
400 40 0.581 678.162 4.3709e-06
400 40 0.591 642.061 4.2689e-06
400 40 0.601 601.909 4.1546e-06
400 40 0.611 590.718 4.1268e-06
400 40 0.621 543.546 3.972e-06
400 40 0.631 529.127 3.9216e-06
400 40 0.641 497.779 3.8107e-06
400 40 0.651 463.435 3.7225e-06
400 40 0.661 442.917 3.6593e-06
400 40 0.671 425.346 3.604e-06
400 40 0.681 413.208 3.5602e-06
400 40 0.691 385.922 3.4674e-06
400 40 0.701 361.173 3.3652e-06
400 40 0.711 346.399 3.2997e-06
400 40 0.721 329.142 3.2356e-06
400 40 0.731 314.048 3.1771e-06
400 40 0.741 296.626 3.1182e-06
400 40 0.751 281.211 3.0543e-06
400 40 0.761 265.284 2.6411e-06
400 40 0.771 249.745 2.2876e-06
400 40 0.781 244.387 2.2692e-06
400 40 0.791 232.537 2.7477e-06
400 40 0.801 219.772 2.8151e-06
400 40 0.811 205.986 2.7456e-06
400 40 0.821 196.383 2.7037e-06
400 40 0.831 185.325 2.6426e-06
400 40 0.841 175.683 2.6084e-06
400 40 0.851 166.355 2.5443e-06
400 40 0.861 158.994 2.4962e-06
400 40 0.871 147.53 2.4478e-06
400 40 0.881 142.224 2.4204e-06
400 40 0.891 131.943 2.3639e-06
400 40 0.901 122.902 2.291e-06
400 40 0.911 118.755 2.2732e-06
400 40 0.921 113.042 2.245e-06
400 40 0.931 105.31 2.1948e-06
400 40 0.941 101.24 2.1581e-06
400 40 0.951 95.4359 2.1275e-06
400 40 0.961 90.9075 2.0885e-06
400 40 0.971 83.3838 2.0361e-06
400 40 0.981 78.9358 2.0784e-06
400 40 0.991 74.1478 2.058e-06
400 40 1.001 69.5608 2.0258e-06
400 40 1.011 64.7232 1.9735e-06
400 40 1.021 60.6248 1.9405e-06
400 40 1.031 58.7257 1.9234e-06
400 40 1.041 54.0721 1.8768e-06
400 40 1.051 50.863 1.6984e-06
400 40 1.061 47.5901 1.3535e-06
400 40 1.071 45.1484 1.3294e-06
400 40 1.081 42.8534 1.3098e-06
400 40 1.091 40.2803 1.4557e-06
400 40 1.101 38.3989 1.5897e-06
400 40 1.111 35.4309 1.5627e-06
400 40 1.121 34.2816 1.5421e-06
400 40 1.131 32.4589 1.5222e-06
400 40 1.141 29.9244 1.4934e-06
400 40 1.151 29.0177 1.4722e-06
400 40 1.161 26.9084 1.4432e-06
400 40 1.171 26.3518 1.2723e-06
400 40 1.181 24.5651 1.3586e-06
400 40 1.191 23.0978 1.3973e-06
400 40 1.201 22.2322 1.3765e-06
400 40 1.211 21.2172 1.3658e-06
400 40 1.221 19.9288 1.3508e-06
400 40 1.231 19.235 1.3323e-06
400 40 1.241 17.887 1.3032e-06
400 40 1.251 17.2543 1.306e-06
400 40 1.261 16.1073 1.2803e-06
400 40 1.271 15.7027 1.2737e-06
400 40 1.281 14.6954 1.2349e-06
400 40 1.291 13.6461 9.857e-07
400 40 1.301 12.9088 9.766e-07
400 40 1.311 12.2861 9.667e-07
400 40 1.321 11.8211 9.568e-07
400 40 1.331 11.0142 1.0614e-06
400 40 1.341 10.5208 1.1657e-06
400 40 1.351 9.8839 1.1606e-06
400 40 1.361 9.3183 1.1474e-06
400 40 1.371 8.9108 1.1428e-06
400 40 1.381 8.3945 1.1279e-06
400 40 1.391 8.0631 1.1206e-06
400 40 1.401 7.4839 1.106e-06
400 40 1.411 7.134 1.1012e-06
400 40 1.421 6.7275 1.0882e-06
400 40 1.431 6.3365 1.0734e-06
400 40 1.441 5.9868 1.0668e-06
400 40 1.451 5.8809 1.0538e-06
400 40 1.461 5.3666 1.0424e-06
400 40 1.471 5.0829 1.0354e-06
400 40 1.481 4.7975 1.0342e-06
400 40 1.491 4.467 1.0157e-06
400 40 1.501 4.1845 1.0093e-06
400 40 1.511 3.9098 9.85e-07
400 40 1.521 3.7433 9.381e-07
400 40 1.531 3.4686 7.872e-07
400 40 1.541 3.3272 9.228e-07
400 40 1.551 3.1367 9.758e-07
400 40 1.561 2.8907 9.725e-07
400 40 1.571 2.6524 9.614e-07
400 40 1.581 2.615 9.472e-07
400 40 1.591 2.4169 9.438e-07
400 40 1.601 2.2716 9.345e-07
400 40 1.611 2.1608 9.398e-07
400 40 1.621 2.1666 9.379e-07
400 40 1.631 1.983 9.371e-07
400 40 1.641 1.8935 9.253e-07
400 40 1.651 1.7842 9.255e-07
400 40 1.661 1.7431 9.187e-07
400 40 1.671 1.6407 9.1e-07
400 40 1.681 1.5798 9.012e-07
400 40 1.691 1.498 9.001e-07
400 40 1.701 1.4252 8.963e-07
400 40 1.711 1.3209 8.857e-07
400 40 1.721 1.2658 7.679e-07
400 40 1.731 1.2025 7.068e-07
400 40 1.741 1.145 7.853e-07
400 40 1.751 1.0749 7.176e-07
400 40 1.761 1.0158 7.048e-07
400 40 1.771 0.9775 7.381e-07
400 40 1.781 0.8759 8.773e-07
400 40 1.791 0.8296 8.748e-07
400 40 1.801 0.8087 8.73e-07
400 40 1.811 0.75 8.705e-07
400 40 1.821 0.7149 8.629e-07
400 40 1.831 0.6758 8.616e-07
400 40 1.841 0.629 8.549e-07
400 40 1.851 0.5858 8.663e-07
400 40 1.861 0.5527 8.596e-07
400 40 1.871 0.5181 8.475e-07
400 40 1.881 0.4642 8.476e-07
400 40 1.891 0.4567 8.45e-07
400 40 1.901 0.4232 8.439e-07
400 40 1.911 0.3698 8.368e-07
400 40 1.921 0.3578 7.143e-07
400 40 1.931 0.3352 6.836e-07
400 40 1.941 0.326 6.784e-07
400 40 1.951 0.2858 6.78e-07
400 40 1.961 0.2669 6.708e-07
400 40 1.971 0.2433 6.681e-07
400 40 1.981 0.2263 6.529e-07
400 40 1.991 0.2092 6.57e-07
