200 10 0.001 1908.25 4.1709e-06
200 10 0.011 1880.41 4.1287e-06
200 10 0.021 1852.32 2.8995e-06
200 10 0.031 1819.64 3.0918e-06
200 10 0.041 1787.01 3.8991e-06
200 10 0.051 1750.36 3.8293e-06
200 10 0.061 1724.17 3.7911e-06
200 10 0.071 1680.21 3.7349e-06
200 10 0.081 1645.53 3.6706e-06
200 10 0.091 1608.14 3.626e-06
200 10 0.101 1576.38 3.5719e-06
200 10 0.111 1533.03 3.5049e-06
200 10 0.121 1499.81 3.451e-06
200 10 0.131 1469.4 3.4208e-06
200 10 0.141 1434.5 3.366e-06
200 10 0.151 1403.21 3.3278e-06
200 10 0.161 1368.35 3.2728e-06
200 10 0.171 1333.97 3.2297e-06
200 10 0.181 1290.25 3.1655e-06
200 10 0.191 1262.92 3.1019e-06
200 10 0.201 1229.91 3.0672e-06
200 10 0.211 1197.79 2.2377e-06
200 10 0.221 1166.38 2.965e-06
200 10 0.231 1129.79 2.8943e-06
200 10 0.241 1100.43 2.6174e-06
200 10 0.251 1075.94 2.892e-06
200 10 0.261 1044.11 2.7882e-06
200 10 0.271 1006.63 2.714e-06
200 10 0.281 979.875 2.6772e-06
200 10 0.291 956.842 2.6836e-06
200 10 0.301 931.484 1.8784e-06
200 10 0.311 894.517 2.3065e-06
200 10 0.321 879.19 2.5573e-06
200 10 0.331 851.88 2.5026e-06
200 10 0.341 816.727 2.4483e-06
200 10 0.351 797.872 2.4269e-06
200 10 0.361 773.099 2.4352e-06
200 10 0.371 757.477 2.407e-06
200 10 0.381 729.703 2.3372e-06
200 10 0.391 708.466 2.3135e-06
200 10 0.401 680.916 2.0288e-06
200 10 0.411 663.19 1.4712e-06
200 10 0.421 644.858 1.8057e-06
200 10 0.431 615.888 2.2005e-06
200 10 0.441 614.383 2.1894e-06
200 10 0.451 577.183 2.1091e-06
200 10 0.461 558.258 2.0938e-06
200 10 0.471 550.299 2.0975e-06
200 10 0.481 525.011 2.0678e-06
200 10 0.491 508.007 2.0404e-06
200 10 0.501 498.562 2.0065e-06
200 10 0.511 483.362 1.9883e-06
200 10 0.521 463.031 1.9371e-06
200 10 0.531 451.192 1.9257e-06
200 10 0.541 437.378 1.9082e-06
200 10 0.551 420.841 1.8862e-06
200 10 0.561 406.907 1.8613e-06
200 10 0.571 394.644 1.8417e-06
200 10 0.581 381.808 1.8605e-06
200 10 0.591 370.347 1.8495e-06
200 10 0.601 359.668 1.8067e-06
200 10 0.611 345.611 1.7781e-06
200 10 0.621 335.328 1.7967e-06
200 10 0.631 320.754 1.7751e-06
200 10 0.641 312.316 1.7361e-06
200 10 0.651 299.629 1.7214e-06
200 10 0.661 291.742 1.6853e-06
200 10 0.671 283.428 1.5645e-06
200 10 0.681 274.72 1.4739e-06
200 10 0.691 264.514 1.7021e-06
200 10 0.701 257.271 1.6744e-06
200 10 0.711 247.781 1.6578e-06
200 10 0.721 239.969 1.6476e-06
200 10 0.731 232.575 1.6442e-06
200 10 0.741 223.968 1.6285e-06
200 10 0.751 219.275 1.6092e-06
200 10 0.761 212.026 1.61e-06
200 10 0.771 205.551 1.5908e-06
200 10 0.781 197.868 1.5877e-06
200 10 0.791 191.316 1.5727e-06
200 10 0.801 184.867 1.5625e-06
200 10 0.811 181.554 1.5652e-06
200 10 0.821 178.351 1.5572e-06
200 10 0.831 172.924 1.5557e-06
200 10 0.841 165.543 1.5432e-06
200 10 0.851 159.154 1.5372e-06
200 10 0.861 155.725 1.5373e-06
200 10 0.871 151.567 1.5056e-06
200 10 0.881 147.084 1.504e-06
200 10 0.891 142.549 1.4929e-06
200 10 0.901 140.988 1.4962e-06
200 10 0.911 136.071 1.4883e-06
200 10 0.921 133.334 1.5037e-06
200 10 0.931 129.412 1.4933e-06
200 10 0.941 125.209 1.2376e-06
200 10 0.951 121.086 1.1675e-06
200 10 0.961 119.796 1.3837e-06
200 10 0.971 115.645 1.4679e-06
200 10 0.981 112.518 1.4541e-06
200 10 0.991 110.512 1.4635e-06
200 10 1.001 107.296 1.4718e-06
200 10 1.011 104.243 1.4661e-06
200 10 1.021 102.256 1.452e-06
200 10 1.031 99.5977 1.4642e-06
200 10 1.041 97.8928 1.4512e-06
200 10 1.051 95.2923 1.4539e-06
200 10 1.061 93.0179 1.3729e-06
200 10 1.071 92.7027 1.1478e-06
200 10 1.081 89.5512 1.4319e-06
200 10 1.091 88.0566 1.4419e-06
200 10 1.101 87.1073 1.4332e-06
200 10 1.111 85.0181 1.3416e-06
200 10 1.121 84.1894 1.2291e-06
200 10 1.131 82.0224 1.2757e-06
200 10 1.141 80.6182 1.4109e-06
200 10 1.151 78.8316 1.4095e-06
200 10 1.161 77.7229 1.404e-06
200 10 1.171 76.1806 1.2967e-06
200 10 1.181 75.3157 1.1662e-06
200 10 1.191 73.1648 1.3472e-06
200 10 1.201 72.7099 1.3961e-06
200 10 1.211 71.1207 1.3934e-06
200 10 1.221 69.4877 1.42e-06
200 10 1.231 69.3338 1.4021e-06
200 10 1.241 68.3664 1.3989e-06
200 10 1.251 67.04 1.3935e-06
200 10 1.261 65.6637 1.395e-06
200 10 1.271 64.765 1.3928e-06
200 10 1.281 63.7336 1.386e-06
200 10 1.291 62.7208 1.3818e-06
200 10 1.301 61.4141 1.3868e-06
200 10 1.311 60.3426 1.3701e-06
200 10 1.321 60.216 1.3795e-06
200 10 1.331 59.0626 1.3819e-06
200 10 1.341 58.2179 1.3686e-06
200 10 1.351 56.9858 1.37e-06
200 10 1.361 56.1925 1.3557e-06
200 10 1.371 55.4657 1.3474e-06
200 10 1.381 54.7709 1.3414e-06
200 10 1.391 53.4594 1.3304e-06
200 10 1.401 53.0864 1.3572e-06
200 10 1.411 52.0868 1.3991e-06
200 10 1.421 51.6834 1.3924e-06
200 10 1.431 50.8173 1.3973e-06
200 10 1.441 50.0095 1.4036e-06
200 10 1.451 49.1549 1.3502e-06
200 10 1.461 48.6364 1.3056e-06
200 10 1.471 48.1592 1.2933e-06
200 10 1.481 47.2822 1.3029e-06
200 10 1.491 46.4345 1.3063e-06
200 10 1.501 46.3686 1.3012e-06
200 10 1.511 45.5721 1.3001e-06
200 10 1.521 44.9427 1.2938e-06
200 10 1.531 44.284 1.2963e-06
200 10 1.541 43.5036 1.2934e-06
200 10 1.551 43.0717 1.2943e-06
200 10 1.561 42.3948 1.2267e-06
200 10 1.571 41.8251 1.0595e-06
200 10 1.581 41.2227 1.2316e-06
200 10 1.591 40.908 1.2132e-06
200 10 1.601 40.549 1.0854e-06
200 10 1.611 39.9701 1.2856e-06
200 10 1.621 39.2199 1.2856e-06
200 10 1.631 39.0074 1.1377e-06
200 10 1.641 38.5003 1.2801e-06
200 10 1.651 38.1019 1.2565e-06
200 10 1.661 37.495 1.2672e-06
200 10 1.671 37.0752 1.2517e-06
200 10 1.681 36.5337 1.245e-06
200 10 1.691 36.2801 1.2434e-06
200 10 1.701 35.6245 1.2493e-06
200 10 1.711 35.4979 1.2524e-06
200 10 1.721 34.8824 1.2514e-06
200 10 1.731 34.5039 1.2497e-06
200 10 1.741 34.0345 1.2292e-06
200 10 1.751 33.7494 1.2323e-06
200 10 1.761 33.2196 1.2307e-06
200 10 1.771 32.5074 1.2208e-06
200 10 1.781 32.414 1.2088e-06
200 10 1.791 31.8527 1.2199e-06
200 10 1.801 31.2401 1.2144e-06
200 10 1.811 31.0786 1.2123e-06
200 10 1.821 30.7468 1.2035e-06
200 10 1.831 30.5198 1.2088e-06
200 10 1.841 29.9684 1.2106e-06
200 10 1.851 29.5543 1.1893e-06
200 10 1.861 29.0639 1.1781e-06
200 10 1.871 28.8352 9.78e-07
200 10 1.881 28.4123 1.0121e-06
200 10 1.891 28.0195 1.2867e-06
200 10 1.901 27.6569 1.2748e-06
200 10 1.911 27.4835 1.2587e-06
200 10 1.921 27.1503 1.2647e-06
200 10 1.931 26.8274 1.2583e-06
200 10 1.941 26.3778 1.2582e-06
200 10 1.951 25.9969 1.2539e-06
200 10 1.961 25.6151 1.2402e-06
200 10 1.971 25.3112 1.2294e-06
200 10 1.981 24.9975 1.2176e-06
200 10 1.991 24.8204 1.2047e-06
200 20 0.001 480.151 1.6903e-06
200 20 0.011 477.193 1.6926e-06
200 20 0.021 473.886 1.6911e-06
200 20 0.031 471.176 1.7052e-06
200 20 0.041 467.153 1.6916e-06
200 20 0.051 462.72 1.7055e-06
200 20 0.061 461.45 1.7142e-06
200 20 0.071 453.924 1.7086e-06
200 20 0.081 448.071 1.6806e-06
200 20 0.091 450.234 1.4964e-06
200 20 0.101 441.756 1.4493e-06
200 20 0.111 435.207 1.5988e-06
200 20 0.121 427.577 1.3999e-06
200 20 0.131 424.126 1.0861e-06
200 20 0.141 418.512 1.0899e-06
200 20 0.151 405.798 1.6025e-06
200 20 0.161 403.169 1.6041e-06
200 20 0.171 395.913 1.5888e-06
200 20 0.181 385.799 1.3976e-06
200 20 0.191 376.801 1.357e-06
200 20 0.201 370.893 1.567e-06
200 20 0.211 367.496 1.5713e-06
200 20 0.221 360.178 1.5705e-06
200 20 0.231 346.618 1.5147e-06
200 20 0.241 338.166 1.1139e-06
200 20 0.251 331.519 1.0927e-06
200 20 0.261 321.881 1.0808e-06
200 20 0.271 311.959 1.1e-06
200 20 0.281 303.42 1.5091e-06
200 20 0.291 300.251 1.4879e-06
200 20 0.301 296.269 1.4966e-06
200 20 0.311 285.854 1.5077e-06
200 20 0.321 277.129 1.4914e-06
200 20 0.331 267.566 1.4869e-06
200 20 0.341 266.508 1.489e-06
200 20 0.351 255.769 1.4446e-06
200 20 0.361 251.621 1.4357e-06
200 20 0.371 244.097 1.4096e-06
200 20 0.381 236.279 1.4048e-06
200 20 0.391 229.736 1.3931e-06
200 20 0.401 221.955 1.3833e-06
200 20 0.411 215.31 1.3695e-06
200 20 0.421 210.569 1.3691e-06
200 20 0.431 203.59 1.3545e-06
200 20 0.441 196.406 1.3486e-06
200 20 0.451 194.823 1.3992e-06
200 20 0.461 187.682 1.3816e-06
200 20 0.471 183.712 1.3741e-06
200 20 0.481 177.232 1.3601e-06
200 20 0.491 173.139 1.3544e-06
200 20 0.501 168.812 1.3565e-06
200 20 0.511 162.235 1.1474e-06
200 20 0.521 159.214 1.2822e-06
200 20 0.531 153.055 1.328e-06
200 20 0.541 149.353 1.3241e-06
200 20 0.551 145.547 1.3136e-06
200 20 0.561 140.118 1.3107e-06
200 20 0.571 138.915 1.3076e-06
200 20 0.581 133.129 1.2963e-06
200 20 0.591 132.008 1.2977e-06
200 20 0.601 126.561 1.281e-06
200 20 0.611 124.254 1.2835e-06
200 20 0.621 119.525 1.2797e-06
200 20 0.631 118.073 1.2593e-06
200 20 0.641 114.425 1.2584e-06
200 20 0.651 111.95 1.2548e-06
200 20 0.661 108.905 1.2549e-06
200 20 0.671 106.815 1.2388e-06
200 20 0.681 104.204 1.098e-06
200 20 0.691 100.654 9.363e-07
200 20 0.701 99.8495 9.316e-07
200 20 0.711 97.3586 9.273e-07
200 20 0.721 95.6351 1.1687e-06
200 20 0.731 93.1699 1.2297e-06
200 20 0.741 91.3852 1.226e-06
200 20 0.751 89.6815 1.2187e-06
200 20 0.761 87.0027 1.2307e-06
200 20 0.771 84.8762 1.197e-06
200 20 0.781 82.9908 1.219e-06
200 20 0.791 82.2356 1.2097e-06
200 20 0.801 79.8526 1.2045e-06
200 20 0.811 78.4662 1.2075e-06
200 20 0.821 77.0538 1.068e-06
200 20 0.831 76.0402 1.1106e-06
200 20 0.841 74.3939 1.01e-06
200 20 0.851 72.7491 9.407e-07
200 20 0.861 72.1341 1.186e-06
200 20 0.871 70.3503 1.0802e-06
200 20 0.881 69.2186 1.1166e-06
200 20 0.891 67.9488 1.2314e-06
200 20 0.901 66.6419 1.2301e-06
200 20 0.911 65.7359 1.2386e-06
200 20 0.921 64.459 1.2007e-06
200 20 0.931 63.2424 1.1884e-06
200 20 0.941 62.4243 1.1658e-06
200 20 0.951 61.7858 1.1702e-06
200 20 0.961 60.4607 1.1604e-06
200 20 0.971 59.6442 1.1734e-06
200 20 0.981 58.609 1.1684e-06
200 20 0.991 57.594 1.1656e-06
200 20 1.001 56.3781 1.1607e-06
200 20 1.011 55.6684 1.1647e-06
200 20 1.021 54.7453 1.1768e-06
200 20 1.031 54.2839 1.2181e-06
200 20 1.041 53.4115 1.0496e-06
200 20 1.051 52.7014 9.27e-07
200 20 1.061 51.6813 1.1899e-06
200 20 1.071 50.6696 1.1747e-06
200 20 1.081 50.6949 1.1771e-06
200 20 1.091 49.5962 1.1801e-06
200 20 1.101 49.1293 1.1475e-06
200 20 1.111 48.4008 1.1597e-06
200 20 1.121 47.6904 1.1584e-06
200 20 1.131 47.2649 1.1717e-06
200 20 1.141 46.5351 1.1684e-06
200 20 1.151 46.0118 1.012e-06
200 20 1.161 45.1204 1.1715e-06
200 20 1.171 44.6942 1.1755e-06
200 20 1.181 44.2825 1.0625e-06
200 20 1.191 43.7094 9.204e-07
200 20 1.201 43.4461 9.346e-07
200 20 1.211 42.7705 1.153e-06
200 20 1.221 42.0729 1.1603e-06
200 20 1.231 41.6596 1.1107e-06
200 20 1.241 40.9663 9.872e-07
200 20 1.251 40.7167 9.301e-07
200 20 1.261 40.039 9.276e-07
200 20 1.271 39.8669 1.0655e-06
200 20 1.281 39.3701 1.1544e-06
200 20 1.291 38.7304 1.1544e-06
200 20 1.301 38.1976 1.1446e-06
200 20 1.311 37.7952 1.151e-06
200 20 1.321 37.523 1.1579e-06
200 20 1.331 36.8892 1.1545e-06
200 20 1.341 36.423 1.0747e-06
200 20 1.351 36.3429 1.1361e-06
200 20 1.361 35.7218 1.1517e-06
200 20 1.371 35.3078 1.0721e-06
200 20 1.381 34.6834 1.13e-06
200 20 1.391 34.5208 1.1271e-06
200 20 1.401 34.1712 1.1556e-06
200 20 1.411 33.6912 1.1647e-06
200 20 1.421 33.4531 1.1727e-06
200 20 1.431 33.0974 1.222e-06
200 20 1.441 32.8455 1.1774e-06
200 20 1.451 32.325 1.1887e-06
200 20 1.461 31.8657 9.935e-07
200 20 1.471 31.4532 1.1223e-06
200 20 1.481 31.3033 1.1471e-06
200 20 1.491 30.8999 1.1417e-06
200 20 1.501 30.5066 1.1352e-06
200 20 1.511 30.3613 1.1177e-06
200 20 1.521 30.0204 1.1141e-06
200 20 1.531 29.6956 1.1125e-06
200 20 1.541 29.1588 1.1236e-06
200 20 1.551 28.9687 1.1359e-06
200 20 1.561 28.6517 1.0243e-06
200 20 1.571 28.4557 9.14e-07
200 20 1.581 28.0263 9.221e-07
200 20 1.591 27.7362 1.0066e-06
200 20 1.601 27.441 1.1035e-06
200 20 1.611 27.3059 1.0955e-06
200 20 1.621 27.2523 1.0626e-06
200 20 1.631 26.9972 1.004e-06
200 20 1.641 26.6621 9.083e-07
200 20 1.651 26.3669 9.068e-07
200 20 1.661 26.2523 9.217e-07
200 20 1.671 26.0954 1.133e-06
200 20 1.681 25.6625 1.1226e-06
200 20 1.691 25.4733 1.1303e-06
200 20 1.701 25.196 1.1299e-06
200 20 1.711 25.1639 1.1211e-06
200 20 1.721 24.7252 1.1057e-06
200 20 1.731 24.7036 1.0921e-06
200 20 1.741 24.3181 1.0951e-06
200 20 1.751 24.2759 1.1069e-06
200 20 1.761 24.0803 1.1191e-06
200 20 1.771 23.7663 1.1229e-06
200 20 1.781 23.5172 1.1156e-06
200 20 1.791 23.2924 1.1226e-06
200 20 1.801 23.1111 1.1215e-06
200 20 1.811 22.9331 1.1185e-06
200 20 1.821 22.7242 1.1164e-06
200 20 1.831 22.4933 1.1129e-06
200 20 1.841 22.2712 1.1154e-06
200 20 1.851 22.1206 1.1092e-06
200 20 1.861 21.9121 1.1096e-06
200 20 1.871 21.736 1.104e-06
200 20 1.881 21.61 1.0883e-06
200 20 1.891 21.2752 1.0957e-06
200 20 1.901 21.1306 1.0995e-06
200 20 1.911 20.9499 1.1006e-06
200 20 1.921 20.8381 1.096e-06
200 20 1.931 20.463 1.0867e-06
200 20 1.941 20.4356 1.0934e-06
200 20 1.951 20.2822 1.079e-06
200 20 1.961 19.9965 1.0823e-06
200 20 1.971 19.9486 1.0756e-06
200 20 1.981 19.6613 1.0786e-06
200 20 1.991 19.3867 1.0732e-06
200 30 0.001 240.483 1.3026e-06
200 30 0.011 248.201 1.3195e-06
200 30 0.021 266.886 1.3633e-06
200 30 0.031 273.313 1.3854e-06
200 30 0.041 284.326 1.4113e-06
200 30 0.051 289.248 1.4141e-06
200 30 0.061 291.862 1.4272e-06
200 30 0.071 298.653 1.4247e-06
200 30 0.081 309.455 1.4683e-06
200 30 0.091 305.262 1.4443e-06
200 30 0.101 306.601 1.3579e-06
200 30 0.111 300.084 1.0524e-06
200 30 0.121 308.028 1.3836e-06
200 30 0.131 304.289 1.4169e-06
200 30 0.141 301.675 1.4943e-06
200 30 0.151 298.719 1.496e-06
200 30 0.161 292.698 1.493e-06
200 30 0.171 285.622 1.4788e-06
200 30 0.181 281.756 1.4808e-06
200 30 0.191 271.38 1.4484e-06
200 30 0.201 275.583 1.0784e-06
200 30 0.211 264.638 1.4408e-06
200 30 0.221 260.474 1.4528e-06
200 30 0.231 252.311 1.4454e-06
200 30 0.241 247.017 1.4279e-06
200 30 0.251 238.183 1.4128e-06
200 30 0.261 232.839 1.4157e-06
200 30 0.271 223.975 1.4044e-06
200 30 0.281 214.85 1.4012e-06
200 30 0.291 213.979 1.3976e-06
200 30 0.301 207.316 1.3911e-06
200 30 0.311 199.443 1.3768e-06
200 30 0.321 192.478 1.3629e-06
200 30 0.331 187.501 1.3605e-06
200 30 0.341 183.607 1.3474e-06
200 30 0.351 170.74 1.3191e-06
200 30 0.361 169.679 1.3153e-06
200 30 0.371 166.589 1.3082e-06
200 30 0.381 160.874 1.3071e-06
200 30 0.391 153.32 1.2948e-06
200 30 0.401 147.506 1.2532e-06
200 30 0.411 145.018 9.456e-07
200 30 0.421 139.57 9.305e-07
200 30 0.431 133.861 9.232e-07
200 30 0.441 129.881 9.293e-07
200 30 0.451 126.92 9.308e-07
200 30 0.461 122.525 9.225e-07
200 30 0.471 118.552 9.25e-07
200 30 0.481 116.088 9.224e-07
200 30 0.491 113.177 1.1606e-06
200 30 0.501 110.731 1.1783e-06
200 30 0.511 106.719 1.1397e-06
200 30 0.521 104.179 1.2171e-06
200 30 0.531 101.05 1.2081e-06
200 30 0.541 99.0406 9.473e-07
200 30 0.551 96.349 9.032e-07
200 30 0.561 94.1969 8.966e-07
200 30 0.571 90.625 8.98e-07
200 30 0.581 89.2615 9.16e-07
200 30 0.591 87.4135 1.2047e-06
200 30 0.601 84.7504 1.1966e-06
200 30 0.611 82.6795 8.786e-07
200 30 0.621 80.8849 8.882e-07
200 30 0.631 78.591 8.882e-07
200 30 0.641 77.1297 9.318e-07
200 30 0.651 75.186 8.757e-07
200 30 0.661 74.074 8.739e-07
200 30 0.671 71.8774 8.833e-07
200 30 0.681 70.6046 9.436e-07
200 30 0.691 69.6903 1.194e-06
200 30 0.701 67.6277 1.2116e-06
200 30 0.711 66.3615 1.2098e-06
200 30 0.721 65.6384 1.2082e-06
200 30 0.731 64.0902 1.2116e-06
200 30 0.741 62.843 1.1977e-06
200 30 0.751 61.2506 1.1712e-06
200 30 0.761 60.8594 1.118e-06
200 30 0.771 59.4525 8.767e-07
200 30 0.781 58.2757 1.0007e-06
200 30 0.791 57.0651 1.1597e-06
200 30 0.801 56.2279 1.1659e-06
200 30 0.811 55.2339 1.0474e-06
200 30 0.821 54.7015 8.975e-07
200 30 0.831 53.6375 1.1512e-06
200 30 0.841 52.6921 1.1539e-06
200 30 0.851 52.0288 1.1634e-06
200 30 0.861 50.9808 1.1595e-06
200 30 0.871 50.0628 1.1555e-06
200 30 0.881 49.4296 1.1595e-06
200 30 0.891 48.8349 1.1523e-06
200 30 0.901 47.8979 1.1545e-06
200 30 0.911 47.31 1.1491e-06
200 30 0.921 45.9894 1.1578e-06
200 30 0.931 45.8134 1.1497e-06
200 30 0.941 45.101 1.1439e-06
200 30 0.951 44.405 1.1383e-06
200 30 0.961 43.6347 1.1506e-06
200 30 0.971 42.9721 1.1417e-06
200 30 0.981 42.4792 1.1479e-06
200 30 0.991 41.8701 1.1466e-06
200 30 1.001 41.4471 1.146e-06
200 30 1.011 40.5158 1.0729e-06
200 30 1.021 40.0452 8.596e-07
200 30 1.031 39.4706 1.0809e-06
200 30 1.041 39.071 1.165e-06
200 30 1.051 38.3357 1.1563e-06
200 30 1.061 38.0535 1.1617e-06
200 30 1.071 37.6692 1.1698e-06
200 30 1.081 36.8952 1.1538e-06
200 30 1.091 36.4323 1.1397e-06
200 30 1.101 36.1984 1.011e-06
200 30 1.111 35.6801 1.1453e-06
200 30 1.121 35.281 1.1562e-06
200 30 1.131 34.9301 1.1427e-06
200 30 1.141 34.4064 1.139e-06
200 30 1.151 34.3308 1.1457e-06
200 30 1.161 33.822 1.1442e-06
200 30 1.171 33.2521 1.143e-06
200 30 1.181 33.1879 1.1412e-06
200 30 1.191 32.7661 1.1429e-06
200 30 1.201 32.3211 9.721e-07
200 30 1.211 31.9654 1.155e-06
200 30 1.221 31.7505 1.1508e-06
200 30 1.231 31.3505 1.1402e-06
200 30 1.241 30.9373 1.1727e-06
200 30 1.251 30.6599 1.2265e-06
200 30 1.261 30.2309 1.2308e-06
200 30 1.271 29.9317 1.2184e-06
200 30 1.281 29.7253 1.2157e-06
200 30 1.291 29.3723 1.2219e-06
200 30 1.301 29.0607 1.2246e-06
200 30 1.311 28.8139 1.2202e-06
200 30 1.321 28.4789 1.2216e-06
200 30 1.331 28.1534 1.2186e-06
200 30 1.341 28.0885 1.2226e-06
200 30 1.351 27.4848 1.2221e-06
200 30 1.361 27.2968 1.215e-06
200 30 1.371 27.0526 1.2201e-06
200 30 1.381 26.8464 1.225e-06
200 30 1.391 26.5748 1.2267e-06
200 30 1.401 26.2126 1.2231e-06
200 30 1.411 26.087 1.2234e-06
200 30 1.421 25.9181 1.2227e-06
200 30 1.431 25.5824 1.1979e-06
200 30 1.441 25.2547 8.826e-07
200 30 1.451 25.0045 9.486e-07
200 30 1.461 24.7236 1.1325e-06
200 30 1.471 24.5777 1.1219e-06
200 30 1.481 24.3298 1.121e-06
200 30 1.491 23.9969 1.121e-06
200 30 1.501 23.8023 1.1312e-06
200 30 1.511 23.5893 1.1273e-06
200 30 1.521 23.3188 1.1156e-06
200 30 1.531 22.9914 1.1069e-06
200 30 1.541 22.9429 1.1058e-06
200 30 1.551 22.5759 1.1068e-06
200 30 1.561 22.3658 1.1086e-06
200 30 1.571 22.1488 1.0974e-06
200 30 1.581 21.991 1.1084e-06
200 30 1.591 21.9648 1.1077e-06
200 30 1.601 21.7322 1.1098e-06
200 30 1.611 21.4417 1.1076e-06
200 30 1.621 21.4094 1.0969e-06
200 30 1.631 21.2714 1.0994e-06
200 30 1.641 20.9862 1.1076e-06
200 30 1.651 21.1326 1.114e-06
200 30 1.661 20.7701 1.1189e-06
200 30 1.671 20.7611 1.1268e-06
200 30 1.681 20.6681 1.1282e-06
200 30 1.691 20.4015 1.1248e-06
200 30 1.701 20.1041 1.1251e-06
200 30 1.711 19.9592 1.1255e-06
200 30 1.721 19.8711 1.1294e-06
200 30 1.731 19.6836 1.1198e-06
200 30 1.741 19.5609 1.1124e-06
200 30 1.751 19.5476 8.719e-07
200 30 1.761 19.2894 8.485e-07
200 30 1.771 19.2297 1.0507e-06
200 30 1.781 18.9202 1.1295e-06
200 30 1.791 18.9096 1.1175e-06
200 30 1.801 18.7418 1.1097e-06
200 30 1.811 18.6545 1.1057e-06
200 30 1.821 18.5281 1.1002e-06
200 30 1.831 18.3521 1.1044e-06
200 30 1.841 18.2294 1.1106e-06
200 30 1.851 17.9195 1.1062e-06
200 30 1.861 17.8339 1.103e-06
200 30 1.871 17.8164 1.1016e-06
200 30 1.881 17.5672 1.0966e-06
200 30 1.891 17.459 1.1035e-06
200 30 1.901 17.3813 1.1073e-06
200 30 1.911 17.2247 1.1049e-06
200 30 1.921 17.0122 9.415e-07
200 30 1.931 16.9526 1.005e-06
200 30 1.941 16.6232 1.1269e-06
200 30 1.951 16.6495 1.1143e-06
200 30 1.961 16.5017 1.1045e-06
200 30 1.971 16.445 1.0978e-06
200 30 1.981 16.2324 1.098e-06
200 30 1.991 15.971 1.0908e-06
200 40 0.001 272.937 1.3904e-06
200 40 0.011 285.493 1.4222e-06
200 40 0.021 292.091 1.4439e-06
200 40 0.031 303.612 1.4784e-06
200 40 0.041 309.968 1.4894e-06
200 40 0.051 315.884 1.5058e-06
200 40 0.061 327.301 1.537e-06
200 40 0.071 326.334 1.554e-06
200 40 0.081 324.536 1.5379e-06
200 40 0.091 336.642 1.5748e-06
200 40 0.101 332.503 1.5832e-06
200 40 0.111 337.98 1.5902e-06
200 40 0.121 335.636 1.5919e-06
200 40 0.131 333.385 1.5381e-06
200 40 0.141 326.114 1.5923e-06
200 40 0.151 317.863 1.6191e-06
200 40 0.161 317.07 1.6021e-06
200 40 0.171 307.8 1.5827e-06
200 40 0.181 305.798 1.5628e-06
200 40 0.191 289.61 1.5289e-06
200 40 0.201 289.098 1.5271e-06
200 40 0.211 276.528 1.4908e-06
200 40 0.221 272.349 1.4941e-06
200 40 0.231 266.428 1.4809e-06
200 40 0.241 254.057 1.4598e-06
200 40 0.251 249.799 1.4585e-06
200 40 0.261 239.716 1.4327e-06
200 40 0.271 233.354 1.4505e-06
200 40 0.281 221.965 1.441e-06
200 40 0.291 219.781 1.4294e-06
200 40 0.301 212.458 1.3594e-06
200 40 0.311 203.737 1.3783e-06
200 40 0.321 194.198 1.3815e-06
200 40 0.331 186.403 1.3646e-06
200 40 0.341 180.39 1.3447e-06
200 40 0.351 174.595 1.3635e-06
200 40 0.361 167.8 1.3408e-06
200 40 0.371 159.251 1.3202e-06
200 40 0.381 154.769 1.3209e-06
200 40 0.391 150.52 1.3075e-06
200 40 0.401 145.226 1.2945e-06
200 40 0.411 139.283 1.1525e-06
200 40 0.421 131.281 1.1813e-06
200 40 0.431 129.813 1.2677e-06
200 40 0.441 126.528 1.2493e-06
200 40 0.451 119.982 1.2415e-06
200 40 0.461 117.402 1.2456e-06
200 40 0.471 113.997 1.2372e-06
200 40 0.481 107.466 1.2245e-06
200 40 0.491 104.348 1.2229e-06
200 40 0.501 103.032 1.219e-06
200 40 0.511 99.0838 1.1954e-06
200 40 0.521 95.4788 1.1754e-06
200 40 0.531 93.9071 1.1768e-06
200 40 0.541 90.1572 1.1675e-06
200 40 0.551 88.0438 1.1695e-06
200 40 0.561 86.6138 1.3092e-06
200 40 0.571 82.9877 1.3329e-06
200 40 0.581 81.0452 2.9907e-06
200 40 0.591 78.4742 1.8407e-06
200 40 0.601 77.4308 1.1915e-06
200 40 0.611 74.8729 1.2015e-06
200 40 0.621 73.5773 1.2045e-06
200 40 0.631 71.5182 1.1873e-06
200 40 0.641 69.8181 1.4693e-06
200 40 0.651 67.9257 1.1967e-06
200 40 0.661 66.8842 1.1988e-06
200 40 0.671 65.8314 1.1905e-06
200 40 0.681 63.7719 1.183e-06
200 40 0.691 62.3956 1.1915e-06
200 40 0.701 61.5326 1.1903e-06
200 40 0.711 60.8073 1.1748e-06
200 40 0.721 58.6359 1.1638e-06
200 40 0.731 57.6954 1.1652e-06
200 40 0.741 56.8081 9.554e-07
200 40 0.751 55.7367 8.792e-07
200 40 0.761 54.5743 8.855e-07
200 40 0.771 53.6617 9.705e-07
200 40 0.781 52.6668 8.768e-07
200 40 0.791 51.6302 8.656e-07
200 40 0.801 50.988 1.0047e-06
200 40 0.811 50.0622 8.8e-07
200 40 0.821 49.4029 1.1048e-06
200 40 0.831 48.4091 1.1113e-06
200 40 0.841 47.7269 1.0024e-06
200 40 0.851 46.7188 8.355e-07
200 40 0.861 46.3487 8.616e-07
200 40 0.871 45.3141 8.46e-07
200 40 0.881 44.5427 8.549e-07
200 40 0.891 43.9619 8.603e-07
200 40 0.901 43.1198 8.581e-07
200 40 0.911 42.683 8.501e-07
200 40 0.921 42.157 8.575e-07
200 40 0.931 41.1858 8.729e-07
200 40 0.941 40.5886 1.0657e-06
200 40 0.951 39.7979 1.1181e-06
200 40 0.961 39.7131 1.1078e-06
200 40 0.971 38.8442 1.1046e-06
200 40 0.981 38.164 1.1011e-06
200 40 0.991 37.8533 1.1022e-06
200 40 1.001 37.2171 1.1109e-06
200 40 1.011 36.447 1.0997e-06
200 40 1.021 35.8801 1.1281e-06
200 40 1.031 35.7718 1.1201e-06
200 40 1.041 35.0189 1.1235e-06
200 40 1.051 34.6725 1.1024e-06
200 40 1.061 34.0392 1.1016e-06
200 40 1.071 33.6358 1.1003e-06
200 40 1.081 33.3955 1.0999e-06
200 40 1.091 32.8719 1.1103e-06
200 40 1.101 32.4307 1.1012e-06
200 40 1.111 31.9812 1.1039e-06
200 40 1.121 31.629 1.097e-06
200 40 1.131 31.2552 1.1088e-06
200 40 1.141 30.8666 8.981e-07
200 40 1.151 30.4596 8.488e-07
200 40 1.161 30.305 8.719e-07
200 40 1.171 29.7541 1.0244e-06
200 40 1.181 29.4918 1.1072e-06
200 40 1.191 29.2918 1.1086e-06
200 40 1.201 28.8416 1.0977e-06
200 40 1.211 28.6447 1.1004e-06
200 40 1.221 28.2319 1.1082e-06
200 40 1.231 27.8775 1.1011e-06
200 40 1.241 27.592 1.102e-06
200 40 1.251 27.4215 1.1045e-06
200 40 1.261 26.9533 1.1026e-06
200 40 1.271 26.6388 1.1074e-06
200 40 1.281 26.5258 1.1041e-06
200 40 1.291 26.2799 1.1059e-06
200 40 1.301 25.9725 1.0935e-06
200 40 1.311 25.7202 1.103e-06
200 40 1.321 25.5882 9.226e-07
200 40 1.331 25.1725 1.0114e-06
200 40 1.341 24.9423 1.1145e-06
200 40 1.351 24.6672 1.122e-06
200 40 1.361 24.4038 1.0664e-06
200 40 1.371 24.1777 8.398e-07
200 40 1.381 24.0695 8.534e-07
200 40 1.391 23.6271 1.0769e-06
200 40 1.401 23.5146 1.0979e-06
200 40 1.411 23.1795 1.0836e-06
200 40 1.421 22.9789 1.0866e-06
200 40 1.431 22.7549 1.0853e-06
200 40 1.441 22.4632 1.0878e-06
200 40 1.451 22.3079 1.0869e-06
200 40 1.461 22.087 1.0987e-06
200 40 1.471 21.9936 1.0925e-06
200 40 1.481 21.5616 1.0912e-06
200 40 1.491 21.3605 1.0956e-06
200 40 1.501 21.2709 1.0913e-06
200 40 1.511 20.9806 9.41e-07
200 40 1.521 20.9513 8.714e-07
200 40 1.531 20.5173 8.664e-07
200 40 1.541 20.4262 8.62e-07
200 40 1.551 20.3432 8.517e-07
200 40 1.561 19.981 9.679e-07
200 40 1.571 19.9521 1.159e-06
200 40 1.581 19.5539 1.1392e-06
200 40 1.591 19.3961 8.687e-07
200 40 1.601 19.3888 8.536e-07
200 40 1.611 19.2978 8.414e-07
200 40 1.621 19.0733 8.332e-07
200 40 1.631 18.819 8.373e-07
200 40 1.641 18.712 8.565e-07
200 40 1.651 18.6463 1.0572e-06
200 40 1.661 18.5447 1.1036e-06
200 40 1.671 18.3485 1.1057e-06
200 40 1.681 18.2753 1.1237e-06
200 40 1.691 18.0556 1.1051e-06
200 40 1.701 17.8592 1.113e-06
200 40 1.711 17.8713 1.1122e-06
200 40 1.721 17.7226 1.116e-06
200 40 1.731 17.3891 1.0725e-06
200 40 1.741 17.3877 1.0786e-06
200 40 1.751 17.147 1.0645e-06
200 40 1.761 17.0199 1.0843e-06
200 40 1.771 16.836 1.0693e-06
200 40 1.781 16.7598 1.0666e-06
200 40 1.791 16.7037 1.0962e-06
200 40 1.801 16.5305 1.0931e-06
200 40 1.811 16.3047 1.0951e-06
200 40 1.821 16.1289 1.1102e-06
200 40 1.831 15.9558 1.0846e-06
200 40 1.841 15.9683 1.0895e-06
200 40 1.851 15.817 1.0969e-06
200 40 1.861 15.6209 1.0915e-06
200 40 1.871 15.3187 1.0869e-06
200 40 1.881 15.3026 1.0887e-06
200 40 1.891 15.1623 1.0673e-06
200 40 1.901 15.163 1.0526e-06
200 40 1.911 14.8222 1.0623e-06
200 40 1.921 14.6625 1.0573e-06
200 40 1.931 14.5491 1.0643e-06
200 40 1.941 14.3512 1.0556e-06
200 40 1.951 14.4003 1.0546e-06
200 40 1.961 14.2363 1.0563e-06
200 40 1.971 13.8868 1.0529e-06
200 40 1.981 13.8657 1.0858e-06
200 40 1.991 13.7835 8.602e-07
300 10 0.001 2907.05 3.2175e-06
300 10 0.011 2866.71 3.1943e-06
300 10 0.021 2822.75 3.1735e-06
300 10 0.031 2766.84 3.142e-06
300 10 0.041 2721.21 3.73e-06
300 10 0.051 2667.52 5.5982e-06
300 10 0.061 2622.9 5.5279e-06
300 10 0.071 2570.37 5.4538e-06
300 10 0.081 2511.27 5.3712e-06
300 10 0.091 2456.25 5.2843e-06
300 10 0.101 2412.46 5.2161e-06
300 10 0.111 2348.64 5.1166e-06
300 10 0.121 2286.31 5.0232e-06
300 10 0.131 2241.75 4.9403e-06
300 10 0.141 2183.87 4.8528e-06
300 10 0.151 2108.72 4.7458e-06
300 10 0.161 2066.84 4.6842e-06
300 10 0.171 2024.17 4.6133e-06
300 10 0.181 1980.37 4.3471e-06
300 10 0.191 1915.27 2.5378e-06
300 10 0.201 1874.32 4.2985e-06
300 10 0.211 1827.64 4.2309e-06
300 10 0.221 1778.86 4.1534e-06
300 10 0.231 1723.75 4.0682e-06
300 10 0.241 1684.94 4.0113e-06
300 10 0.251 1629.43 3.9215e-06
300 10 0.261 1589.71 3.8639e-06
300 10 0.271 1540.01 3.7829e-06
300 10 0.281 1508.76 3.7375e-06
300 10 0.291 1474.22 3.6819e-06
300 10 0.301 1397.02 3.5639e-06
300 10 0.311 1375.58 3.5394e-06
300 10 0.321 1324.15 3.4545e-06
300 10 0.331 1295.03 3.401e-06
300 10 0.341 1258.59 3.3503e-06
300 10 0.351 1206.95 3.2752e-06
300 10 0.361 1187.23 3.2417e-06
300 10 0.371 1146.61 3.1813e-06
300 10 0.381 1110.18 3.1316e-06
300 10 0.391 1091.61 3.0955e-06
300 10 0.401 1031.18 3.0086e-06
300 10 0.411 1014.04 2.8441e-06
300 10 0.421 965.143 1.9103e-06
300 10 0.431 957.378 1.9087e-06
300 10 0.441 919.905 1.8547e-06
300 10 0.451 887.047 1.8367e-06
300 10 0.461 861.182 1.8069e-06
300 10 0.471 830.685 1.8005e-06
300 10 0.481 806.76 1.7848e-06
300 10 0.491 787.909 2.6686e-06
300 10 0.501 753.09 2.6435e-06
300 10 0.511 725.747 2.4139e-06
300 10 0.521 700.44 1.7169e-06
300 10 0.531 683.731 1.7065e-06
300 10 0.541 665.858 1.6938e-06
300 10 0.551 644.164 1.9345e-06
300 10 0.561 621.961 2.4462e-06
300 10 0.571 601.581 2.4032e-06
300 10 0.581 580.13 1.9142e-06
300 10 0.591 558.343 2.0902e-06
300 10 0.601 532.963 1.6471e-06
300 10 0.611 519.934 2.3335e-06
300 10 0.621 503.099 2.2204e-06
300 10 0.631 492.283 1.6737e-06
300 10 0.641 464.364 2.2136e-06
300 10 0.651 459.21 2.1958e-06
300 10 0.661 442.772 2.1789e-06
300 10 0.671 423.689 2.1443e-06
300 10 0.681 413.427 2.136e-06
300 10 0.691 397.482 2.1135e-06
300 10 0.701 381.37 2.0942e-06
300 10 0.711 373.959 2.0857e-06
300 10 0.721 362.202 2.0724e-06
300 10 0.731 354.162 2.0631e-06
300 10 0.741 343.887 1.6279e-06
300 10 0.751 329.744 1.6166e-06
300 10 0.761 321.754 2.0145e-06
300 10 0.771 306.864 1.9919e-06
300 10 0.781 299.267 1.9723e-06
300 10 0.791 288.83 1.9619e-06
300 10 0.801 279.937 1.9538e-06
300 10 0.811 275.161 1.9512e-06
300 10 0.821 262.438 1.9383e-06
300 10 0.831 258.048 1.902e-06
300 10 0.841 250.229 1.8661e-06
300 10 0.851 241.326 1.8665e-06
300 10 0.861 236.707 1.8512e-06
300 10 0.871 230.606 1.8527e-06
300 10 0.881 222.027 1.8435e-06
300 10 0.891 218.125 1.8316e-06
300 10 0.901 211.874 1.8137e-06
300 10 0.911 204.648 1.8124e-06
300 10 0.921 199.566 1.8131e-06
300 10 0.931 192.852 1.7966e-06
300 10 0.941 186.389 1.7829e-06
300 10 0.951 182.816 1.7724e-06
300 10 0.961 178.349 1.7797e-06
300 10 0.971 172.823 1.7769e-06
300 10 0.981 171.711 1.768e-06
300 10 0.991 165.24 1.7578e-06
300 10 1.001 160.518 1.7651e-06
300 10 1.011 158.546 1.7539e-06
300 10 1.021 152.992 1.7641e-06
300 10 1.031 148.907 1.7492e-06
300 10 1.041 147.434 1.7555e-06
300 10 1.051 143.19 1.746e-06
300 10 1.061 141.495 1.6882e-06
300 10 1.071 138.332 1.7643e-06
300 10 1.081 133.857 1.7586e-06
300 10 1.091 133.262 1.7539e-06
300 10 1.101 129.407 1.7509e-06
300 10 1.111 126.95 1.7485e-06
300 10 1.121 124.561 1.7355e-06
300 10 1.131 122.258 1.7364e-06
300 10 1.141 120.146 1.7489e-06
300 10 1.151 118.668 1.7352e-06
300 10 1.161 117.104 1.7131e-06
300 10 1.171 114.115 1.703e-06
300 10 1.181 112.503 1.6901e-06
300 10 1.191 110.273 1.724e-06
300 10 1.201 108.541 1.7262e-06
300 10 1.211 106.601 1.5905e-06
300 10 1.221 104.8 1.3928e-06
300 10 1.231 103.356 1.4156e-06
300 10 1.241 101.105 1.4116e-06
300 10 1.251 100.283 1.4083e-06
300 10 1.261 98.6268 1.4105e-06
300 10 1.271 95.9619 1.6719e-06
300 10 1.281 95.1161 1.6722e-06
300 10 1.291 93.5509 1.5774e-06
300 10 1.301 91.6764 1.3592e-06
300 10 1.311 90.7412 1.5863e-06
300 10 1.321 89.6426 1.6522e-06
300 10 1.331 87.9267 1.6444e-06
300 10 1.341 86.4783 1.4676e-06
300 10 1.351 84.5628 1.3453e-06
300 10 1.361 83.9722 1.3685e-06
300 10 1.371 82.1935 1.5163e-06
300 10 1.381 80.896 1.346e-06
300 10 1.391 80.1779 1.669e-06
300 10 1.401 78.6412 1.666e-06
300 10 1.411 77.5356 1.6612e-06
300 10 1.421 76.2242 1.6615e-06
300 10 1.431 75.1431 1.459e-06
300 10 1.441 74.0401 1.3746e-06
300 10 1.451 73.4749 1.3236e-06
300 10 1.461 72.0941 1.4789e-06
300 10 1.471 71.1129 1.588e-06
300 10 1.481 70.0969 1.5766e-06
300 10 1.491 69.3063 1.5375e-06
300 10 1.501 67.9341 1.5882e-06
300 10 1.511 67.4572 1.588e-06
300 10 1.521 65.8421 1.5772e-06
300 10 1.531 65.3661 1.5434e-06
300 10 1.541 64.3075 1.502e-06
300 10 1.551 63.2679 1.5596e-06
300 10 1.561 62.6132 1.5528e-06
300 10 1.571 61.7659 1.5528e-06
300 10 1.581 60.7356 1.3645e-06
300 10 1.591 59.986 1.5514e-06
300 10 1.601 59.4631 1.5475e-06
300 10 1.611 58.4133 1.5537e-06
300 10 1.621 57.9527 1.5431e-06
300 10 1.631 57.1711 1.538e-06
300 10 1.641 56.4429 1.542e-06
300 10 1.651 55.8738 1.5372e-06
300 10 1.661 54.9036 1.5224e-06
300 10 1.671 54.403 1.5219e-06
300 10 1.681 53.3256 1.5072e-06
300 10 1.691 53.2607 1.5149e-06
300 10 1.701 51.9665 1.5165e-06
300 10 1.711 51.5141 1.4982e-06
300 10 1.721 50.5232 1.4917e-06
300 10 1.731 50.1485 1.4968e-06
300 10 1.741 49.5216 1.4922e-06
300 10 1.751 48.8195 1.4721e-06
300 10 1.761 48.3223 1.4791e-06
300 10 1.771 47.4895 1.4624e-06
300 10 1.781 46.8832 1.457e-06
300 10 1.791 46.284 1.4557e-06
300 10 1.801 45.5248 1.4418e-06
300 10 1.811 45.0912 1.4309e-06
300 10 1.821 44.4788 1.4556e-06
300 10 1.831 43.7715 1.4304e-06
300 10 1.841 43.1833 1.4351e-06
300 10 1.851 42.5488 1.4104e-06
300 10 1.861 41.7642 1.4058e-06
300 10 1.871 41.3825 1.3968e-06
300 10 1.881 40.7243 1.4154e-06
300 10 1.891 40.2208 1.4134e-06
300 10 1.901 39.7741 1.4128e-06
300 10 1.911 39.2302 1.4055e-06
300 10 1.921 38.6691 1.3998e-06
300 10 1.931 38.0334 1.3947e-06
300 10 1.941 37.6677 1.3918e-06
300 10 1.951 37.1956 1.3881e-06
300 10 1.961 36.5251 1.3782e-06
300 10 1.971 36.2649 1.3759e-06
300 10 1.981 35.7163 1.3662e-06
300 10 1.991 35.2364 1.3655e-06
300 20 0.001 721.336 1.9904e-06
300 20 0.011 720.891 2.0079e-06
300 20 0.021 719.029 2.0116e-06
300 20 0.031 713.123 2.0239e-06
300 20 0.041 710.953 2.0221e-06
300 20 0.051 703.47 2.0342e-06
300 20 0.061 698.895 2.0321e-06
300 20 0.071 689.718 2.0285e-06
300 20 0.081 681.29 1.8998e-06
300 20 0.091 681.151 1.2931e-06
300 20 0.101 673.704 1.3026e-06
300 20 0.111 665.999 1.3143e-06
300 20 0.121 651.021 1.3051e-06
300 20 0.131 651.112 1.5188e-06
300 20 0.141 637.165 2.0074e-06
300 20 0.151 620.659 1.9894e-06
300 20 0.161 616.663 2.0141e-06
300 20 0.171 599.092 2.0007e-06
300 20 0.181 589.652 1.993e-06
300 20 0.191 576.163 1.9819e-06
300 20 0.201 571.783 1.9848e-06
300 20 0.211 558.29 1.9644e-06
300 20 0.221 539.883 1.9449e-06
300 20 0.231 528.986 1.9325e-06
300 20 0.241 519.657 1.9366e-06
300 20 0.251 509.074 1.9247e-06
300 20 0.261 493.93 1.9056e-06
300 20 0.271 484.335 1.8961e-06
300 20 0.281 471.968 1.8828e-06
300 20 0.291 465.834 1.8821e-06
300 20 0.301 451.403 1.3339e-06
300 20 0.311 443.091 1.2763e-06
300 20 0.321 426.734 1.269e-06
300 20 0.331 413.415 1.5855e-06
300 20 0.341 403.765 1.8034e-06
300 20 0.351 393.786 1.7863e-06
300 20 0.361 383.758 1.7714e-06
300 20 0.371 370.596 1.7545e-06
300 20 0.381 359.513 1.7447e-06
300 20 0.391 345.799 1.7251e-06
300 20 0.401 336.818 1.7166e-06
300 20 0.411 327.303 1.7055e-06
300 20 0.421 319.514 1.6813e-06
300 20 0.431 309.961 1.6815e-06
300 20 0.441 302.191 1.3173e-06
300 20 0.451 295.988 1.5421e-06
300 20 0.461 284.458 1.6342e-06
300 20 0.471 279.481 1.6468e-06
300 20 0.481 269.264 1.6386e-06
300 20 0.491 262.275 1.3981e-06
300 20 0.501 252.628 1.3927e-06
300 20 0.511 247.185 1.5883e-06
300 20 0.521 238.388 1.5791e-06
300 20 0.531 234.601 1.5744e-06
300 20 0.541 226.855 1.5659e-06
300 20 0.551 219.006 1.552e-06
300 20 0.561 214.46 1.5429e-06
300 20 0.571 209.558 1.5319e-06
300 20 0.581 203.333 1.5245e-06
300 20 0.591 194.858 1.5112e-06
300 20 0.601 193.389 1.5147e-06
300 20 0.611 186.183 1.4926e-06
300 20 0.621 182.11 1.5097e-06
300 20 0.631 179.027 1.4847e-06
300 20 0.641 170.49 1.4829e-06
300 20 0.651 168.635 1.4736e-06
300 20 0.661 164.966 1.4657e-06
300 20 0.671 160.411 1.4668e-06
300 20 0.681 156.339 1.4374e-06
300 20 0.691 152.602 1.088e-06
300 20 0.701 150.263 1.0865e-06
300 20 0.711 147.375 1.0935e-06
300 20 0.721 144.366 1.0766e-06
300 20 0.731 139.722 1.2305e-06
300 20 0.741 138.122 1.4665e-06
300 20 0.751 134.328 1.5048e-06
300 20 0.761 131.296 1.5053e-06
300 20 0.771 128.865 1.4927e-06
300 20 0.781 125.546 1.4689e-06
300 20 0.791 123.52 1.3747e-06
300 20 0.801 121.193 1.0719e-06
300 20 0.811 118.544 1.051e-06
300 20 0.821 116.09 1.067e-06
300 20 0.831 114.116 1.2638e-06
300 20 0.841 111.49 1.356e-06
300 20 0.851 109.874 1.3401e-06
300 20 0.861 107.05 1.3628e-06
300 20 0.871 106.349 1.3682e-06
300 20 0.881 104.065 1.3657e-06
300 20 0.891 101.562 1.3702e-06
300 20 0.901 100.533 1.364e-06
300 20 0.911 98.7841 1.3685e-06
300 20 0.921 96.8111 1.1613e-06
300 20 0.931 95.2822 1.2447e-06
300 20 0.941 93.4765 1.3638e-06
300 20 0.951 92.666 1.2704e-06
300 20 0.961 90.4307 1.1804e-06
300 20 0.971 89.6256 1.3625e-06
300 20 0.981 87.5259 1.3791e-06
300 20 0.991 86.506 1.3612e-06
300 20 1.001 84.5657 1.3712e-06
300 20 1.011 83.5431 1.3599e-06
300 20 1.021 82.2311 1.3697e-06
300 20 1.031 80.9026 1.3653e-06
300 20 1.041 79.7692 1.3565e-06
300 20 1.051 78.9314 1.3655e-06
300 20 1.061 77.6937 1.3587e-06
300 20 1.071 76.4752 1.3602e-06
300 20 1.081 74.9356 1.2851e-06
300 20 1.091 74.0172 1.1251e-06
300 20 1.101 73.0955 1.3563e-06
300 20 1.111 72.1655 1.344e-06
300 20 1.121 70.8783 1.3504e-06
300 20 1.131 70.449 1.3473e-06
300 20 1.141 69.4107 1.3566e-06
300 20 1.151 68.4017 1.3401e-06
300 20 1.161 67.77 1.351e-06
300 20 1.171 67.0133 1.35e-06
300 20 1.181 65.9414 1.3291e-06
300 20 1.191 64.9992 1.3335e-06
300 20 1.201 64.1179 1.3407e-06
300 20 1.211 63.3195 1.3496e-06
300 20 1.221 62.8636 1.3325e-06
300 20 1.231 62.073 1.3273e-06
300 20 1.241 60.9288 1.3326e-06
300 20 1.251 60.0575 1.3364e-06
300 20 1.261 59.613 1.3362e-06
300 20 1.271 58.9617 1.3332e-06
300 20 1.281 58.029 1.3288e-06
300 20 1.291 57.3554 1.3238e-06
300 20 1.301 56.6115 1.3449e-06
300 20 1.311 55.9438 1.3257e-06
300 20 1.321 55.2829 1.0909e-06
300 20 1.331 54.6626 1.0354e-06
300 20 1.341 53.9819 1.033e-06
300 20 1.351 53.486 1.0442e-06
300 20 1.361 52.6637 1.32e-06
300 20 1.371 52.1672 1.3008e-06
300 20 1.381 51.6398 1.3163e-06
300 20 1.391 50.9054 1.3007e-06
300 20 1.401 50.1012 1.3105e-06
300 20 1.411 49.7716 1.2929e-06
300 20 1.421 49.1964 1.295e-06
300 20 1.431 48.8971 1.3031e-06
300 20 1.441 48.1885 1.2945e-06
300 20 1.451 47.6485 1.2955e-06
300 20 1.461 46.7522 1.1943e-06
300 20 1.471 46.3168 1.2987e-06
300 20 1.481 46.0929 1.1156e-06
300 20 1.491 45.3144 1.3257e-06
300 20 1.501 44.7835 1.3073e-06
300 20 1.511 44.3109 1.3094e-06
300 20 1.521 43.9309 1.3116e-06
300 20 1.531 43.4591 1.317e-06
300 20 1.541 43.1712 1.3078e-06
300 20 1.551 42.6567 1.2884e-06
300 20 1.561 41.7676 1.022e-06
300 20 1.571 41.4867 1.0248e-06
300 20 1.581 41.0398 1.2277e-06
300 20 1.591 40.596 1.2651e-06
300 20 1.601 40.2097 1.2966e-06
300 20 1.611 39.9938 1.3063e-06
300 20 1.621 39.5273 1.3095e-06
300 20 1.631 39.2746 1.2929e-06
300 20 1.641 38.6794 1.2882e-06
300 20 1.651 38.4704 1.2875e-06
300 20 1.661 37.8502 1.2662e-06
300 20 1.671 37.5894 1.2777e-06
300 20 1.681 37.2016 1.2375e-06
300 20 1.691 36.7677 1.0775e-06
300 20 1.701 36.5475 1.2561e-06
300 20 1.711 36.2154 1.2533e-06
300 20 1.721 35.7936 1.25e-06
300 20 1.731 35.3258 1.2686e-06
300 20 1.741 35.1529 1.2696e-06
300 20 1.751 34.7483 1.2642e-06
300 20 1.761 34.2719 1.2464e-06
300 20 1.771 33.8951 1.2509e-06
300 20 1.781 33.9857 1.2496e-06
300 20 1.791 33.4818 1.2609e-06
300 20 1.801 32.9897 1.2479e-06
300 20 1.811 32.8266 1.2374e-06
300 20 1.821 32.5928 1.2379e-06
300 20 1.831 32.097 1.2495e-06
300 20 1.841 31.6269 1.2441e-06
300 20 1.851 31.4437 1.2189e-06
300 20 1.861 31.3581 1.2182e-06
300 20 1.871 30.7506 1.21e-06
300 20 1.881 30.5251 1.2092e-06
300 20 1.891 30.3835 1.207e-06
300 20 1.901 30.0528 1.2197e-06
300 20 1.911 29.6101 1.0197e-06
300 20 1.921 29.4871 9.776e-07
300 20 1.931 29.1551 1.1151e-06
300 20 1.941 28.6704 1.2149e-06
300 20 1.951 28.3469 1.2148e-06
300 20 1.961 28.3886 1.2214e-06
300 20 1.971 27.9053 1.2044e-06
300 20 1.981 27.612 1.2114e-06
300 20 1.991 27.551 1.22e-06
300 30 0.001 331.839 1.4433e-06
300 30 0.011 354.335 1.4766e-06
300 30 0.021 369.607 1.1753e-06
300 30 0.031 401.734 1.5415e-06
300 30 0.041 403.545 1.4885e-06
300 30 0.051 424.628 1.0907e-06
300 30 0.061 433.821 1.1036e-06
300 30 0.071 445.657 1.4691e-06
300 30 0.081 456.776 1.7167e-06
300 30 0.091 466.292 1.7231e-06
300 30 0.101 457.046 1.7339e-06
300 30 0.111 468.401 1.756e-06
300 30 0.121 475.163 1.7528e-06
300 30 0.131 461.643 1.7309e-06
300 30 0.141 453.932 1.7321e-06
300 30 0.151 456.543 1.6505e-06
300 30 0.161 450.751 1.7327e-06
300 30 0.171 438.249 1.7628e-06
300 30 0.181 428.227 1.7408e-06
300 30 0.191 423.244 1.7564e-06
300 30 0.201 418.064 1.5592e-06
300 30 0.211 406.868 1.1807e-06
300 30 0.221 399.492 1.1857e-06
300 30 0.231 387.128 1.1836e-06
300 30 0.241 372.791 1.6343e-06
300 30 0.251 366.494 1.6689e-06
300 30 0.261 357.685 1.3496e-06
300 30 0.271 344.298 1.1738e-06
300 30 0.281 333.541 1.3483e-06
300 30 0.291 321.152 1.5991e-06
300 30 0.301 316.331 1.6062e-06
300 30 0.311 306.47 1.5966e-06
300 30 0.321 297.336 1.5917e-06
300 30 0.331 285.105 1.5691e-06
300 30 0.341 276.474 1.5664e-06
300 30 0.351 267.793 1.5453e-06
300 30 0.361 255.66 1.5301e-06
300 30 0.371 251.444 1.531e-06
300 30 0.381 240.621 1.5205e-06
300 30 0.391 234.839 1.4987e-06
300 30 0.401 225.938 1.4902e-06
300 30 0.411 217.413 1.482e-06
300 30 0.421 213.787 1.4676e-06
300 30 0.431 205.231 1.4682e-06
300 30 0.441 201.525 1.4455e-06
300 30 0.451 193.725 1.4473e-06
300 30 0.461 188.197 1.4332e-06
300 30 0.471 182.036 1.4363e-06
300 30 0.481 175.67 1.4196e-06
300 30 0.491 169.773 1.4077e-06
300 30 0.501 165.886 1.3948e-06
300 30 0.511 160.602 1.3661e-06
300 30 0.521 156.137 1.3655e-06
300 30 0.531 153.552 1.3803e-06
300 30 0.541 148.332 1.3734e-06
300 30 0.551 146.026 1.3759e-06
300 30 0.561 141.177 1.3724e-06
300 30 0.571 137.433 1.0631e-06
300 30 0.581 134.466 1.3392e-06
300 30 0.591 131.008 1.3648e-06
300 30 0.601 127.327 1.3477e-06
300 30 0.611 124.465 1.3663e-06
300 30 0.621 122.175 1.3584e-06
300 30 0.631 118.951 1.3547e-06
300 30 0.641 116.914 1.345e-06
300 30 0.651 114.558 1.3396e-06
300 30 0.661 111.384 1.3423e-06
300 30 0.671 108.396 1.3372e-06
300 30 0.681 106.097 1.3222e-06
300 30 0.691 104.131 1.3227e-06
300 30 0.701 101.81 1.3303e-06
300 30 0.711 100.319 1.3278e-06
300 30 0.721 98.2208 1.3216e-06
300 30 0.731 96.4369 1.3135e-06
300 30 0.741 95.1164 1.319e-06
300 30 0.751 92.956 1.304e-06
300 30 0.761 90.9893 1.3073e-06
300 30 0.771 89.8423 1.3082e-06
300 30 0.781 88.2955 1.2932e-06
300 30 0.791 86.2902 1.2788e-06
300 30 0.801 84.5168 1.2845e-06
300 30 0.811 83.3454 1.2769e-06
300 30 0.821 81.9489 1.2767e-06
300 30 0.831 80.3712 1.2668e-06
300 30 0.841 78.9774 1.2582e-06
300 30 0.851 78.013 1.2661e-06
300 30 0.861 76.4646 1.2611e-06
300 30 0.871 75.8299 1.2657e-06
300 30 0.881 74.3337 1.2665e-06
300 30 0.891 73.6229 1.2535e-06
300 30 0.901 71.941 1.2614e-06
300 30 0.911 70.6649 1.2567e-06
300 30 0.921 69.3997 1.255e-06
300 30 0.931 68.5396 1.2631e-06
300 30 0.941 67.6865 1.2486e-06
300 30 0.951 66.7342 1.2547e-06
300 30 0.961 65.3779 1.2616e-06
300 30 0.971 64.6261 1.2546e-06
300 30 0.981 63.7837 1.2479e-06
300 30 0.991 62.8049 1.2566e-06
300 30 1.001 61.7503 1.2571e-06
300 30 1.011 60.7267 1.2833e-06
300 30 1.021 59.8621 9.894e-07
300 30 1.031 59.5035 9.58e-07
300 30 1.041 58.5994 1.1263e-06
300 30 1.051 57.6558 1.2758e-06
300 30 1.061 56.9576 1.273e-06
300 30 1.071 55.7335 1.2911e-06
300 30 1.081 55.4104 1.2821e-06
300 30 1.091 54.7895 1.1887e-06
300 30 1.101 53.7627 1.2797e-06
300 30 1.111 53.4353 1.0175e-06
300 30 1.121 52.781 9.541e-07
300 30 1.131 51.8402 9.554e-07
300 30 1.141 51.5809 1.0097e-06
300 30 1.151 50.6815 1.2796e-06
300 30 1.161 50.4024 1.2772e-06
300 30 1.171 49.7598 1.2601e-06
300 30 1.181 49.1757 1.269e-06
300 30 1.191 48.6427 1.2577e-06
300 30 1.201 48.0618 1.2689e-06
300 30 1.211 47.1597 1.2703e-06
300 30 1.221 46.8011 1.2584e-06
300 30 1.231 46.2996 1.2627e-06
300 30 1.241 46.059 1.2301e-06
300 30 1.251 45.371 1.2454e-06
300 30 1.261 44.7198 1.2198e-06
300 30 1.271 44.4331 1.2462e-06
300 30 1.281 43.6569 9.716e-07
300 30 1.291 43.3858 9.763e-07
300 30 1.301 42.7284 9.865e-07
300 30 1.311 42.5073 1.2421e-06
300 30 1.321 41.8359 1.2651e-06
300 30 1.331 41.5363 1.251e-06
300 30 1.341 40.989 1.2335e-06
300 30 1.351 40.5897 1.2366e-06
300 30 1.361 40.2123 1.2388e-06
300 30 1.371 39.5497 1.2395e-06
300 30 1.381 39.3361 1.2386e-06
300 30 1.391 38.8473 1.2357e-06
300 30 1.401 38.4021 1.2368e-06
300 30 1.411 38.3705 1.234e-06
300 30 1.421 37.6734 1.2244e-06
300 30 1.431 37.3305 1.2283e-06
300 30 1.441 36.9016 1.2294e-06
300 30 1.451 36.456 1.2194e-06
300 30 1.461 36.0181 1.2308e-06
300 30 1.471 35.7725 1.2371e-06
300 30 1.481 35.3311 1.0414e-06
300 30 1.491 35.037 1.2476e-06
300 30 1.501 34.5809 1.2326e-06
300 30 1.511 34.4022 1.2324e-06
300 30 1.521 33.7671 1.2658e-06
300 30 1.531 33.5032 1.2399e-06
300 30 1.541 33.1161 1.2318e-06
300 30 1.551 32.9674 1.2333e-06
300 30 1.561 32.6215 1.2355e-06
300 30 1.571 32.3629 1.2347e-06
300 30 1.581 32.1501 1.2356e-06
300 30 1.591 31.6991 1.2315e-06
300 30 1.601 31.6083 1.2322e-06
300 30 1.611 31.1279 1.2354e-06
300 30 1.621 30.9785 1.232e-06
300 30 1.631 30.7414 1.2272e-06
300 30 1.641 30.6268 1.2239e-06
300 30 1.651 30.3308 1.2257e-06
300 30 1.661 30.2047 1.2278e-06
300 30 1.671 29.8302 1.2238e-06
300 30 1.681 29.5507 1.2217e-06
300 30 1.691 29.1274 1.221e-06
300 30 1.701 29.1091 1.2292e-06
300 30 1.711 28.8124 1.223e-06
300 30 1.721 28.6446 1.2268e-06
300 30 1.731 28.3565 1.2218e-06
300 30 1.741 28.0354 1.2194e-06
300 30 1.751 27.7173 1.2221e-06
300 30 1.761 27.4735 1.2098e-06
300 30 1.771 27.4066 1.0352e-06
300 30 1.781 27.1354 9.488e-07
300 30 1.791 26.9113 9.449e-07
300 30 1.801 26.8175 9.423e-07
300 30 1.811 26.4364 9.503e-07
300 30 1.821 26.0229 9.468e-07
300 30 1.831 25.9519 9.436e-07
300 30 1.841 25.7831 9.423e-07
300 30 1.851 25.491 1.2009e-06
300 30 1.861 25.4198 1.2101e-06
300 30 1.871 25.1556 9.574e-07
300 30 1.881 24.6623 9.539e-07
300 30 1.891 24.7578 9.288e-07
300 30 1.901 24.4113 1.0626e-06
300 30 1.911 24.1566 1.2337e-06
300 30 1.921 23.9696 1.2388e-06
300 30 1.931 23.718 1.2353e-06
300 30 1.941 23.6121 1.2293e-06
300 30 1.951 23.5732 1.2375e-06
300 30 1.961 23.2531 1.2275e-06
300 30 1.971 22.8803 1.2196e-06
300 30 1.981 22.8059 1.2179e-06
300 30 1.991 22.6615 1.2057e-06
300 40 0.001 394.573 1.6279e-06
300 40 0.011 411.549 1.6779e-06
300 40 0.021 437.561 1.7479e-06
300 40 0.031 451.663 1.785e-06
300 40 0.041 460.387 1.8055e-06
300 40 0.051 486.036 1.8745e-06
300 40 0.061 492.589 1.906e-06
300 40 0.071 496.429 1.9165e-06
300 40 0.081 512.728 1.9495e-06
300 40 0.091 512.523 1.9706e-06
300 40 0.101 522.754 1.9965e-06
300 40 0.111 513.733 1.9948e-06
300 40 0.121 516.431 1.996e-06
300 40 0.131 511.831 1.9995e-06
300 40 0.141 505.087 2.0039e-06
300 40 0.151 495.6 1.9873e-06
300 40 0.161 484.612 1.9777e-06
300 40 0.171 485.046 1.9814e-06
300 40 0.181 470.711 1.9602e-06
300 40 0.191 457.088 1.9377e-06
300 40 0.201 457.401 1.9483e-06
300 40 0.211 435.266 1.9159e-06
300 40 0.221 429.892 1.9012e-06
300 40 0.231 410.956 1.8758e-06
300 40 0.241 401.827 1.8643e-06
300 40 0.251 388.927 1.841e-06
300 40 0.261 372.901 1.8098e-06
300 40 0.271 363.601 1.8007e-06
300 40 0.281 354.834 1.7872e-06
300 40 0.291 339.387 1.7571e-06
300 40 0.301 326.101 1.7286e-06
300 40 0.311 315.228 1.7157e-06
300 40 0.321 309.32 1.7049e-06
300 40 0.331 291.852 1.6697e-06
300 40 0.341 282.125 1.6641e-06
300 40 0.351 270.845 1.6382e-06
300 40 0.361 258.831 1.6218e-06
300 40 0.371 251.458 1.5984e-06
300 40 0.381 244.336 1.5957e-06
300 40 0.391 233.479 1.5678e-06
300 40 0.401 223.417 1.5614e-06
300 40 0.411 215.163 1.5378e-06
300 40 0.421 209.899 1.536e-06
300 40 0.431 201.844 1.5154e-06
300 40 0.441 194.011 1.4946e-06
300 40 0.451 186.323 1.4889e-06
300 40 0.461 180.247 1.4749e-06
300 40 0.471 173.932 1.4589e-06
300 40 0.481 169.208 1.4523e-06
300 40 0.491 163.624 1.4477e-06
300 40 0.501 158.523 1.4386e-06
300 40 0.511 152.586 1.0246e-06
300 40 0.521 148.313 1.0057e-06
300 40 0.531 143.753 1.2743e-06
300 40 0.541 138.805 9.98e-07
300 40 0.551 135.681 1.0079e-06
300 40 0.561 131.454 1.0242e-06
300 40 0.571 127.326 1.0129e-06
300 40 0.581 125.128 1.1502e-06
300 40 0.591 120.867 1.0725e-06
300 40 0.601 119.342 9.834e-07
300 40 0.611 115.259 9.862e-07
300 40 0.621 112.257 1.1227e-06
300 40 0.631 110.95 9.824e-07
300 40 0.641 106.899 9.718e-07
300 40 0.651 104.432 9.796e-07
300 40 0.661 102.477 9.789e-07
300 40 0.671 100.528 9.908e-07
300 40 0.681 98.309 1.0214e-06
300 40 0.691 96.2522 9.636e-07
300 40 0.701 94.1636 1.1922e-06
300 40 0.711 92.4587 1.2779e-06
300 40 0.721 90.6211 9.527e-07
300 40 0.731 88.9463 1.1748e-06
300 40 0.741 86.5736 9.567e-07
300 40 0.751 85.1305 9.6e-07
300 40 0.761 83.6131 9.558e-07
300 40 0.771 82.354 9.622e-07
300 40 0.781 80.6842 1.0262e-06
300 40 0.791 79.1317 9.534e-07
300 40 0.801 77.7858 1.2294e-06
300 40 0.811 76.2454 1.2652e-06
300 40 0.821 75.4366 1.2733e-06
300 40 0.831 73.918 1.2657e-06
300 40 0.841 72.655 1.0707e-06
300 40 0.851 71.9427 9.556e-07
300 40 0.861 70.7488 9.598e-07
300 40 0.871 69.128 9.54e-07
300 40 0.881 67.9842 9.744e-07
300 40 0.891 67.0102 1.1042e-06
300 40 0.901 65.7105 1.1489e-06
300 40 0.911 64.7495 1.274e-06
300 40 0.921 64.2243 1.2788e-06
300 40 0.931 62.985 1.2354e-06
300 40 0.941 62.2158 1.2512e-06
300 40 0.951 61.2006 1.2608e-06
300 40 0.961 60.0664 1.2499e-06
300 40 0.971 59.2297 1.2429e-06
300 40 0.981 58.7811 1.2471e-06
300 40 0.991 57.6052 1.2403e-06
300 40 1.001 56.7785 1.242e-06
300 40 1.011 55.9007 1.2496e-06
300 40 1.021 55.2111 1.2492e-06
300 40 1.031 54.415 1.2466e-06
300 40 1.041 53.3896 1.248e-06
300 40 1.051 52.8565 1.239e-06
300 40 1.061 51.9978 1.2439e-06
300 40 1.071 51.5633 1.2425e-06
300 40 1.081 50.7837 1.2453e-06
300 40 1.091 50.3399 1.2406e-06
300 40 1.101 49.8982 1.2401e-06
300 40 1.111 48.9007 1.2511e-06
300 40 1.121 48.588 1.2509e-06
300 40 1.131 48.0116 1.2427e-06
300 40 1.141 47.2414 1.2532e-06
300 40 1.151 46.5408 1.2463e-06
300 40 1.161 46.1671 1.2548e-06
300 40 1.171 45.6365 1.2444e-06
300 40 1.181 45.0962 1.2497e-06
300 40 1.191 44.7763 1.2466e-06
300 40 1.201 44.009 1.2375e-06
300 40 1.211 43.6386 1.2453e-06
300 40 1.221 43.1021 1.2412e-06
300 40 1.231 42.5985 1.2256e-06
300 40 1.241 42.1231 1.2428e-06
300 40 1.251 41.6187 1.2413e-06
300 40 1.261 41.0835 1.2451e-06
300 40 1.271 40.7224 1.2443e-06
300 40 1.281 40.2606 1.2262e-06
300 40 1.291 39.5583 1.2395e-06
300 40 1.301 39.1524 1.2351e-06
300 40 1.311 38.6942 1.2293e-06
300 40 1.321 38.2233 1.2269e-06
300 40 1.331 37.9681 1.2397e-06
300 40 1.341 37.3847 1.2262e-06
300 40 1.351 36.9511 1.238e-06
300 40 1.361 36.6971 1.2439e-06
300 40 1.371 36.295 1.2381e-06
300 40 1.381 36.0449 1.2348e-06
300 40 1.391 35.7739 1.2375e-06
300 40 1.401 35.3191 1.238e-06
300 40 1.411 34.7185 1.2428e-06
300 40 1.421 34.3473 1.004e-06
300 40 1.431 34.1582 9.412e-07
300 40 1.441 33.6979 1.0769e-06
300 40 1.451 33.4449 1.0203e-06
300 40 1.461 33.0312 1.2311e-06
300 40 1.471 32.6448 1.2391e-06
300 40 1.481 32.1578 1.0348e-06
300 40 1.491 32.0934 1.0045e-06
300 40 1.501 31.5922 1.2122e-06
300 40 1.511 31.0907 1.2123e-06
300 40 1.521 30.9962 1.2103e-06
300 40 1.531 30.6683 1.207e-06
300 40 1.541 30.3634 1.2128e-06
300 40 1.551 29.9502 1.2108e-06
300 40 1.561 29.6385 1.2102e-06
300 40 1.571 29.4915 1.2135e-06
300 40 1.581 29.0945 1.2061e-06
300 40 1.591 28.8529 1.2e-06
300 40 1.601 28.7664 1.1931e-06
300 40 1.611 28.4332 1.2033e-06
300 40 1.621 28.2035 1.1987e-06
300 40 1.631 27.7879 1.2099e-06
300 40 1.641 27.7412 1.2036e-06
300 40 1.651 27.5147 1.2111e-06
300 40 1.661 27.1026 1.202e-06
300 40 1.671 26.9891 1.198e-06
300 40 1.681 26.7244 1.1892e-06
300 40 1.691 26.4394 1.2057e-06
300 40 1.701 26.3904 1.2152e-06
300 40 1.711 25.9249 1.2034e-06
300 40 1.721 25.8881 1.1911e-06
300 40 1.731 25.499 1.1945e-06
300 40 1.741 25.3634 1.1884e-06
300 40 1.751 25.2166 1.1831e-06
300 40 1.761 24.7429 1.1869e-06
300 40 1.771 24.5678 1.1867e-06
300 40 1.781 24.4828 1.2175e-06
300 40 1.791 24.2486 1.2067e-06
300 40 1.801 24.0629 1.1863e-06
300 40 1.811 23.7603 1.1804e-06
300 40 1.821 23.5068 1.1858e-06
300 40 1.831 23.3021 1.1968e-06
300 40 1.841 23.0954 1.1841e-06
300 40 1.851 23.0567 1.1785e-06
300 40 1.861 22.6645 1.2022e-06
300 40 1.871 22.5306 1.2018e-06
300 40 1.881 22.1871 1.2079e-06
300 40 1.891 22.0937 1.1868e-06
300 40 1.901 21.8226 1.1902e-06
300 40 1.911 21.6077 1.1939e-06
300 40 1.921 21.4875 1.1755e-06
300 40 1.931 21.1505 1.0359e-06
300 40 1.941 20.954 1.1747e-06
300 40 1.951 21.0335 1.1744e-06
300 40 1.961 20.5984 1.1698e-06
300 40 1.971 20.4912 1.1695e-06
300 40 1.981 20.2167 1.1649e-06
300 40 1.991 20.0163 1.1614e-06
400 10 0.001 3904.73 7.6658e-06
400 10 0.011 3849.5 7.6052e-06
400 10 0.021 3794.03 7.5161e-06
400 10 0.031 3732.83 7.4228e-06
400 10 0.041 3653.83 7.3339e-06
400 10 0.051 3579.26 7.229e-06
400 10 0.061 3521.83 7.1555e-06
400 10 0.071 3447.84 7.0367e-06
400 10 0.081 3360.31 6.9188e-06
400 10 0.091 3301.45 6.8241e-06
400 10 0.101 3220.72 6.7102e-06
400 10 0.111 3154.7 6.6011e-06
400 10 0.121 3070.05 6.4633e-06
400 10 0.131 3002.89 6.3631e-06
400 10 0.141 2930.82 6.2546e-06
400 10 0.151 2856.21 6.1346e-06
400 10 0.161 2810.44 3.5936e-06
400 10 0.171 2708 3.3272e-06
400 10 0.181 2664.42 3.3141e-06
400 10 0.191 2571.94 3.247e-06
400 10 0.201 2515.95 3.2005e-06
400 10 0.211 2464.51 3.1619e-06
400 10 0.221 2381.55 3.1103e-06
400 10 0.231 2323.06 3.428e-06
400 10 0.241 2258.24 3.7147e-06
400 10 0.251 2196.42 2.937e-06
400 10 0.261 2137.18 2.9342e-06
400 10 0.271 2065.01 4.0494e-06
400 10 0.281 2021.39 3.425e-06
400 10 0.291 1957.54 2.9532e-06
400 10 0.301 1902.33 4.5622e-06
400 10 0.311 1845.68 4.4723e-06
400 10 0.321 1787.71 4.398e-06
400 10 0.331 1729 4.2797e-06
400 10 0.341 1701 4.24e-06
400 10 0.351 1633.04 4.1549e-06
400 10 0.361 1562.85 4.0504e-06
400 10 0.371 1532.39 3.9986e-06
400 10 0.381 1487.17 3.9294e-06
400 10 0.391 1448.73 3.883e-06
400 10 0.401 1388.89 3.7816e-06
400 10 0.411 1349.51 3.7347e-06
400 10 0.421 1315.53 3.6776e-06
400 10 0.431 1262.7 3.6019e-06
400 10 0.441 1235.56 3.5462e-06
400 10 0.451 1185.42 3.4827e-06
400 10 0.461 1153.51 3.433e-06
400 10 0.471 1110.85 3.3609e-06
400 10 0.481 1087.41 3.3331e-06
400 10 0.491 1051.02 3.287e-06
400 10 0.501 1009.77 3.2158e-06
400 10 0.511 978.916 3.1833e-06
400 10 0.521 953.856 3.145e-06
400 10 0.531 909.829 3.0678e-06
400 10 0.541 871.768 2.2007e-06
400 10 0.551 856.705 2.0328e-06
400 10 0.561 825.923 2.0249e-06
400 10 0.571 797.692 2.0001e-06
400 10 0.581 774.762 1.9812e-06
400 10 0.591 748.413 1.9633e-06
400 10 0.601 719.764 2.802e-06
400 10 0.611 696.218 2.7788e-06
400 10 0.621 670.495 2.7381e-06
400 10 0.631 647.773 2.7061e-06
400 10 0.641 625.911 2.6863e-06
400 10 0.651 610.928 2.6588e-06
400 10 0.661 593.113 2.641e-06
400 10 0.671 567.032 2.5901e-06
400 10 0.681 551.071 2.5597e-06
400 10 0.691 536.498 2.5381e-06
400 10 0.701 512.553 2.5322e-06
400 10 0.711 498.283 2.4921e-06
400 10 0.721 487.503 2.4729e-06
400 10 0.731 468.324 2.4509e-06
400 10 0.741 455.611 2.4356e-06
400 10 0.751 437.828 2.4054e-06
400 10 0.761 425.139 2.4e-06
400 10 0.771 410.761 2.3832e-06
400 10 0.781 404.027 2.3746e-06
400 10 0.791 384.06 2.3663e-06
400 10 0.801 376.993 2.3551e-06
400 10 0.811 361.684 2.3262e-06
400 10 0.821 353.797 2.3134e-06
400 10 0.831 342.577 2.2972e-06
400 10 0.841 334.685 2.2821e-06
400 10 0.851 322.314 2.2709e-06
400 10 0.861 314.005 2.2623e-06
400 10 0.871 301.731 2.2427e-06
400 10 0.881 292.02 2.2351e-06
400 10 0.891 286.931 2.224e-06
400 10 0.901 279.905 2.2159e-06
400 10 0.911 273.497 2.211e-06
400 10 0.921 264.647 2.1991e-06
400 10 0.931 257.497 2.1859e-06
400 10 0.941 251.244 2.1884e-06
400 10 0.951 245.283 2.1679e-06
400 10 0.961 240.181 2.1679e-06
400 10 0.971 233.388 2.1644e-06
400 10 0.981 224.831 2.1534e-06
400 10 0.991 221.606 2.1502e-06
400 10 1.001 215.078 2.1329e-06
400 10 1.011 209.763 2.1414e-06
400 10 1.021 205.803 2.1351e-06
400 10 1.031 199.915 2.1247e-06
400 10 1.041 195.696 2.128e-06
400 10 1.051 191.915 2.1201e-06
400 10 1.061 186.386 2.1357e-06
400 10 1.071 184.522 2.1121e-06
400 10 1.081 180.592 2.1008e-06
400 10 1.091 176.555 2.1001e-06
400 10 1.101 172.749 2.0773e-06
400 10 1.111 168.56 2.0715e-06
400 10 1.121 167.546 2.0843e-06
400 10 1.131 163.033 2.0675e-06
400 10 1.141 160.227 2.0674e-06
400 10 1.151 158.156 2.0613e-06
400 10 1.161 154.878 2.0492e-06
400 10 1.171 152.217 1.8894e-06
400 10 1.181 149.037 1.8289e-06
400 10 1.191 147.445 2.0377e-06
400 10 1.201 143.272 1.9216e-06
400 10 1.211 140.99 1.6774e-06
400 10 1.221 140.149 1.9544e-06
400 10 1.231 137.585 1.9843e-06
400 10 1.241 134.671 1.7749e-06
400 10 1.251 132.756 1.9844e-06
400 10 1.261 129.832 1.992e-06
400 10 1.271 128.87 1.9836e-06
400 10 1.281 125.838 1.9791e-06
400 10 1.291 125.212 1.9814e-06
400 10 1.301 122.493 1.9584e-06
400 10 1.311 120.315 1.9561e-06
400 10 1.321 119.049 1.9648e-06
400 10 1.331 117.32 1.9497e-06
400 10 1.341 114.745 1.9346e-06
400 10 1.351 112.047 1.9323e-06
400 10 1.361 111.462 1.9254e-06
400 10 1.371 109.572 1.9249e-06
400 10 1.381 107.894 1.9311e-06
400 10 1.391 106.449 1.9308e-06
400 10 1.401 105.101 1.9359e-06
400 10 1.411 102.892 1.6846e-06
400 10 1.421 102.037 1.5613e-06
400 10 1.431 99.8222 1.5555e-06
400 10 1.441 98.7102 1.7945e-06
400 10 1.451 97.4351 1.9263e-06
400 10 1.461 96.2826 1.9235e-06
400 10 1.471 94.311 1.8939e-06
400 10 1.481 92.6844 1.878e-06
400 10 1.491 91.2613 1.8798e-06
400 10 1.501 89.8523 1.8737e-06
400 10 1.511 88.7997 1.8795e-06
400 10 1.521 87.7411 1.8931e-06
400 10 1.531 86.1456 1.8878e-06
400 10 1.541 84.9688 1.8796e-06
400 10 1.551 83.5666 1.8843e-06
400 10 1.561 82.3512 1.8752e-06
400 10 1.571 81.5487 1.7779e-06
400 10 1.581 80.7362 1.8305e-06
400 10 1.591 78.9035 1.5841e-06
400 10 1.601 78.0964 1.5113e-06
400 10 1.611 77.393 1.4926e-06
400 10 1.621 76.265 1.4868e-06
400 10 1.631 74.9936 1.7315e-06
400 10 1.641 74.1716 1.7729e-06
400 10 1.651 73.2622 1.7638e-06
400 10 1.661 72.2464 1.7548e-06
400 10 1.671 71.7528 1.7571e-06
400 10 1.681 70.7626 1.7414e-06
400 10 1.691 69.4496 1.7377e-06
400 10 1.701 68.921 1.7407e-06
400 10 1.711 68.0257 1.7402e-06
400 10 1.721 66.5253 1.7169e-06
400 10 1.731 66.1206 1.7235e-06
400 10 1.741 65.1004 1.7105e-06
400 10 1.751 64.0028 1.7069e-06
400 10 1.761 62.9162 1.6976e-06
400 10 1.771 62.0253 1.6827e-06
400 10 1.781 61.6978 1.6814e-06
400 10 1.791 60.6838 1.6918e-06
400 10 1.801 59.5277 1.677e-06
400 10 1.811 58.7717 1.6618e-06
400 10 1.821 58.2428 1.6631e-06
400 10 1.831 57.0786 1.6625e-06
400 10 1.841 56.5807 1.65e-06
400 10 1.851 55.8278 1.6499e-06
400 10 1.861 55.0745 1.6445e-06
400 10 1.871 54.2448 1.6308e-06
400 10 1.881 53.7043 1.6309e-06
400 10 1.891 52.8352 1.6192e-06
400 10 1.901 51.8457 1.6164e-06
400 10 1.911 50.9825 1.6129e-06
400 10 1.921 50.6652 1.6118e-06
400 10 1.931 49.8 1.6046e-06
400 10 1.941 49.0103 1.5958e-06
400 10 1.951 48.3375 1.5874e-06
400 10 1.961 47.6891 1.5834e-06
400 10 1.971 46.9613 1.5864e-06
400 10 1.981 46.3362 1.5716e-06
400 10 1.991 45.7501 1.5673e-06
400 20 0.001 979.428 2.3818e-06
400 20 0.011 977.304 2.4094e-06
400 20 0.021 967.842 2.4044e-06
400 20 0.031 965.349 2.4034e-06
400 20 0.041 968.968 2.4366e-06
400 20 0.051 945.072 2.3989e-06
400 20 0.061 935.99 2.4062e-06
400 20 0.071 932.172 2.4027e-06
400 20 0.081 925.957 2.4259e-06
400 20 0.091 916.617 2.4309e-06
400 20 0.101 900.06 2.4103e-06
400 20 0.111 890.845 2.3687e-06
400 20 0.121 877.042 2.3496e-06
400 20 0.131 870.516 2.3606e-06
400 20 0.141 856.733 2.3634e-06
400 20 0.151 850.285 2.3627e-06
400 20 0.161 833.556 2.3621e-06
400 20 0.171 804.541 2.3162e-06
400 20 0.181 790.764 2.3145e-06
400 20 0.191 779.667 2.3014e-06
400 20 0.201 772.145 2.3048e-06
400 20 0.211 737.268 2.2682e-06
400 20 0.221 723.051 2.2597e-06
400 20 0.231 709.177 2.245e-06
400 20 0.241 697.877 1.7708e-06
400 20 0.251 682.349 1.9063e-06
400 20 0.261 664.996 2.2586e-06
400 20 0.271 652.529 2.2419e-06
400 20 0.281 636.352 2.2196e-06
400 20 0.291 630.401 2.2205e-06
400 20 0.301 606.608 2.1904e-06
400 20 0.311 588.936 2.1762e-06
400 20 0.321 567.368 2.1485e-06
400 20 0.331 553.901 2.1392e-06
400 20 0.341 535.359 2.1053e-06
400 20 0.351 527.075 2.1054e-06
400 20 0.361 515.922 2.0829e-06
400 20 0.371 490.225 2.0597e-06
400 20 0.381 486.837 2.0615e-06
400 20 0.391 469.06 2.0319e-06
400 20 0.401 458.897 2.0218e-06
400 20 0.411 438.079 1.9963e-06
400 20 0.421 429.204 1.973e-06
400 20 0.431 416.107 1.9438e-06
400 20 0.441 404.618 1.743e-06
400 20 0.451 399.407 1.5979e-06
400 20 0.461 382.216 1.5886e-06
400 20 0.471 373.266 1.3712e-06
400 20 0.481 363.149 1.3543e-06
400 20 0.491 353.118 1.3477e-06
400 20 0.501 342.618 1.4019e-06
400 20 0.511 330.159 1.3394e-06
400 20 0.521 320.864 1.328e-06
400 20 0.531 316.813 1.332e-06
400 20 0.541 302.489 1.3226e-06
400 20 0.551 294.276 1.3117e-06
400 20 0.561 290.213 1.3069e-06
400 20 0.571 279.799 1.3108e-06
400 20 0.581 271.857 1.2916e-06
400 20 0.591 266.039 1.298e-06
400 20 0.601 257.679 1.2817e-06
400 20 0.611 253.414 1.2821e-06
400 20 0.621 243.696 1.2695e-06
400 20 0.631 237.592 1.2666e-06
400 20 0.641 232.805 1.3088e-06
400 20 0.651 226.976 1.7009e-06
400 20 0.661 219.853 1.6702e-06
400 20 0.671 212.888 1.6546e-06
400 20 0.681 210.076 1.6396e-06
400 20 0.691 204.996 1.6414e-06
400 20 0.701 200.536 1.6534e-06
400 20 0.711 196.029 1.658e-06
400 20 0.721 190.769 1.6514e-06
400 20 0.731 186.836 1.6519e-06
400 20 0.741 182.52 1.6297e-06
400 20 0.751 179.116 1.6265e-06
400 20 0.761 175.18 1.6346e-06
400 20 0.771 171.881 1.4686e-06
400 20 0.781 168.599 1.2176e-06
400 20 0.791 163.912 1.4635e-06
400 20 0.801 160.605 1.6774e-06
400 20 0.811 159.722 1.685e-06
400 20 0.821 154.595 1.6735e-06
400 20 0.831 151.384 1.228e-06
400 20 0.841 148.735 1.4063e-06
400 20 0.851 145.014 1.584e-06
400 20 0.861 142.929 1.569e-06
400 20 0.871 140.743 1.559e-06
400 20 0.881 138.92 1.562e-06
400 20 0.891 136.408 1.565e-06
400 20 0.901 133.975 1.5635e-06
400 20 0.911 131.823 1.5632e-06
400 20 0.921 128.913 1.5574e-06
400 20 0.931 126.771 1.5472e-06
400 20 0.941 124.295 1.5546e-06
400 20 0.951 122.928 1.558e-06
400 20 0.961 121.25 1.5417e-06
400 20 0.971 118.636 1.5484e-06
400 20 0.981 116.295 1.547e-06
400 20 0.991 114.681 1.536e-06
400 20 1.001 112.865 1.5444e-06
400 20 1.011 111.054 1.5432e-06
400 20 1.021 109.356 1.538e-06
400 20 1.031 108.135 1.5442e-06
400 20 1.041 106.214 1.5386e-06
400 20 1.051 104.4 1.5504e-06
400 20 1.061 103.232 1.533e-06
400 20 1.071 101.039 1.5365e-06
400 20 1.081 100.271 1.5547e-06
400 20 1.091 99.1352 1.5416e-06
400 20 1.101 97.7208 1.5243e-06
400 20 1.111 95.9578 1.5334e-06
400 20 1.121 95.0612 1.5363e-06
400 20 1.131 93.8055 1.5352e-06
400 20 1.141 92.8351 1.4805e-06
400 20 1.151 91.2842 1.2142e-06
400 20 1.161 90.502 1.1864e-06
400 20 1.171 88.6157 1.1912e-06
400 20 1.181 87.7035 1.5026e-06
400 20 1.191 86.5669 1.3792e-06
400 20 1.201 85.9179 1.1918e-06
400 20 1.211 84.5896 1.4487e-06
400 20 1.221 83.4493 1.4008e-06
400 20 1.231 82.3291 1.1942e-06
400 20 1.241 81.1128 1.3814e-06
400 20 1.251 79.8457 1.4772e-06
400 20 1.261 78.7673 1.4805e-06
400 20 1.271 78.1424 1.4771e-06
400 20 1.281 76.7637 1.4718e-06
400 20 1.291 75.6171 1.4739e-06
400 20 1.301 74.6086 1.4803e-06
400 20 1.311 74.3379 1.4788e-06
400 20 1.321 73.0863 1.4827e-06
400 20 1.331 71.7747 1.4665e-06
400 20 1.341 71.5839 1.4834e-06
400 20 1.351 70.5604 1.4686e-06
400 20 1.361 70.096 1.473e-06
400 20 1.371 69.1715 1.4742e-06
400 20 1.381 68.5016 1.4682e-06
400 20 1.391 67.3185 1.4649e-06
400 20 1.401 66.3543 1.4582e-06
400 20 1.411 65.6251 1.4512e-06
400 20 1.421 65.1467 1.4607e-06
400 20 1.431 64.3789 1.4654e-06
400 20 1.441 63.3828 1.4622e-06
400 20 1.451 62.8534 1.4615e-06
400 20 1.461 61.7826 1.4582e-06
400 20 1.471 61.3143 1.4466e-06
400 20 1.481 60.4458 1.4514e-06
400 20 1.491 59.7705 1.4093e-06
400 20 1.501 59.1527 1.4642e-06
400 20 1.511 58.2606 1.2444e-06
400 20 1.521 57.9773 1.167e-06
400 20 1.531 57.0404 1.1819e-06
400 20 1.541 56.6055 1.1959e-06
400 20 1.551 55.6377 1.2714e-06
400 20 1.561 55.3489 1.4553e-06
400 20 1.571 54.6777 1.4459e-06
400 20 1.581 54.4144 1.4644e-06
400 20 1.591 53.591 1.2561e-06
400 20 1.601 52.8902 1.1668e-06
400 20 1.611 52.6013 1.2808e-06
400 20 1.621 51.7233 1.4084e-06
400 20 1.631 51.1825 1.4035e-06
400 20 1.641 50.9977 1.3981e-06
400 20 1.651 50.1647 1.4067e-06
400 20 1.661 49.8548 1.3939e-06
400 20 1.671 49.4599 1.4027e-06
400 20 1.681 48.8138 1.2624e-06
400 20 1.691 48.0673 1.1748e-06
400 20 1.701 47.6345 1.1425e-06
400 20 1.711 46.9455 1.2431e-06
400 20 1.721 46.6033 1.4077e-06
400 20 1.731 46.2852 1.3986e-06
400 20 1.741 45.6254 1.3975e-06
400 20 1.751 45.3537 1.3961e-06
400 20 1.761 44.6876 1.2703e-06
400 20 1.771 44.5975 1.1212e-06
400 20 1.781 43.7921 1.1253e-06
400 20 1.791 43.3774 1.2702e-06
400 20 1.801 42.9657 1.1402e-06
400 20 1.811 42.582 1.1365e-06
400 20 1.821 42.1839 1.1289e-06
400 20 1.831 41.6711 1.1242e-06
400 20 1.841 41.4041 1.1143e-06
400 20 1.851 40.7511 1.12e-06
400 20 1.861 40.4063 1.1097e-06
400 20 1.871 39.8444 1.1142e-06
400 20 1.881 39.5855 1.1086e-06
400 20 1.891 39.1412 1.2854e-06
400 20 1.901 38.9014 1.1511e-06
400 20 1.911 38.304 1.1063e-06
400 20 1.921 38.0403 1.1086e-06
400 20 1.931 37.5997 1.1013e-06
400 20 1.941 37.0499 1.1005e-06
400 20 1.951 36.8842 1.0897e-06
400 20 1.961 36.3655 1.0991e-06
400 20 1.971 36.2811 1.0892e-06
400 20 1.981 35.7984 1.267e-06
400 20 1.991 35.3217 1.3394e-06
400 30 0.001 450.926 1.615e-06
400 30 0.011 475.733 1.6448e-06
400 30 0.021 504.545 1.713e-06
400 30 0.031 525.748 1.7483e-06
400 30 0.041 545.312 1.7957e-06
400 30 0.051 572.579 1.8497e-06
400 30 0.061 592.801 1.9023e-06
400 30 0.071 594.92 1.9078e-06
400 30 0.081 635.968 1.9803e-06
400 30 0.091 620.984 1.9746e-06
400 30 0.101 618.199 1.9797e-06
400 30 0.111 623.318 1.9999e-06
400 30 0.121 647.329 2.034e-06
400 30 0.131 621.47 2.0068e-06
400 30 0.141 614.797 2.0116e-06
400 30 0.151 618.21 2.037e-06
400 30 0.161 592.675 1.9923e-06
400 30 0.171 580.016 1.9965e-06
400 30 0.181 572.204 1.9888e-06
400 30 0.191 577.052 2.004e-06
400 30 0.201 561.81 1.981e-06
400 30 0.211 545.541 1.9733e-06
400 30 0.221 527.539 1.9525e-06
400 30 0.231 516.825 1.9482e-06
400 30 0.241 506.2 1.9316e-06
400 30 0.251 490.452 1.9133e-06
400 30 0.261 470.242 1.8842e-06
400 30 0.271 464.068 1.887e-06
400 30 0.281 454.713 1.8819e-06
400 30 0.291 437.995 1.8532e-06
400 30 0.301 424.666 1.8372e-06
400 30 0.311 411.168 1.8239e-06
400 30 0.321 395.829 1.8043e-06
400 30 0.331 380.795 1.7898e-06
400 30 0.341 368.353 1.7667e-06
400 30 0.351 360.234 1.759e-06
400 30 0.361 345.394 1.7411e-06
400 30 0.371 333.956 1.7326e-06
400 30 0.381 327.138 1.7162e-06
400 30 0.391 316.201 1.7008e-06
400 30 0.401 302.569 1.6821e-06
400 30 0.411 298.513 1.6813e-06
400 30 0.421 283.035 1.6207e-06
400 30 0.431 276.619 1.1928e-06
400 30 0.441 265.565 1.3054e-06
400 30 0.451 259.829 1.6244e-06
400 30 0.461 251.124 1.6011e-06
400 30 0.471 243.021 1.5946e-06
400 30 0.481 237.23 1.5893e-06
400 30 0.491 231.883 1.5689e-06
400 30 0.501 223.704 1.5517e-06
400 30 0.511 216.223 1.5582e-06
400 30 0.521 209.849 1.5511e-06
400 30 0.531 205.706 1.3826e-06
400 30 0.541 198.477 1.1218e-06
400 30 0.551 194.555 1.1251e-06
400 30 0.561 191.9 1.1186e-06
400 30 0.571 185.326 1.1141e-06
400 30 0.581 179.647 1.107e-06
400 30 0.591 176.206 1.3037e-06
400 30 0.601 171.741 1.1827e-06
400 30 0.611 167.207 1.4514e-06
400 30 0.621 163.668 1.4953e-06
400 30 0.631 159.733 1.5052e-06
400 30 0.641 155.36 1.5255e-06
400 30 0.651 151.868 1.4746e-06
400 30 0.661 149.408 1.4667e-06
400 30 0.671 146.296 1.4655e-06
400 30 0.681 143.456 1.4735e-06
400 30 0.691 139.31 1.4593e-06
400 30 0.701 136.47 1.4615e-06
400 30 0.711 134.19 1.462e-06
400 30 0.721 131.501 1.4536e-06
400 30 0.731 129.073 1.4529e-06
400 30 0.741 125.982 1.4553e-06
400 30 0.751 124.177 1.4464e-06
400 30 0.761 121.805 1.4403e-06
400 30 0.771 119.543 1.4077e-06
400 30 0.781 117.713 1.4066e-06
400 30 0.791 115.274 1.4227e-06
400 30 0.801 113.339 1.4205e-06
400 30 0.811 111.636 1.4148e-06
400 30 0.821 109.309 1.4143e-06
400 30 0.831 106.899 1.4148e-06
400 30 0.841 105.458 1.4051e-06
400 30 0.851 103.697 1.2355e-06
400 30 0.861 102.158 1.0696e-06
400 30 0.871 100.862 1.0887e-06
400 30 0.881 99.2708 1.0862e-06
400 30 0.891 97.2224 1.409e-06
400 30 0.901 95.7187 1.4135e-06
400 30 0.911 94.4811 1.4195e-06
400 30 0.921 92.773 1.4173e-06
400 30 0.931 91.0827 1.409e-06
400 30 0.941 90.0715 1.4138e-06
400 30 0.951 88.8019 1.3986e-06
400 30 0.961 87.2767 1.4052e-06
400 30 0.971 86.3783 1.253e-06
400 30 0.981 84.5758 1.4062e-06
400 30 0.991 83.4204 1.3778e-06
400 30 1.001 82.5609 1.3717e-06
400 30 1.011 81.5985 1.3772e-06
400 30 1.021 79.908 1.375e-06
400 30 1.031 78.6551 1.3791e-06
400 30 1.041 77.7891 1.3903e-06
400 30 1.051 76.777 1.3864e-06
400 30 1.061 75.7341 1.3921e-06
400 30 1.071 74.5573 1.3969e-06
400 30 1.081 73.8545 1.4003e-06
400 30 1.091 72.8159 1.3896e-06
400 30 1.101 71.9464 1.392e-06
400 30 1.111 71.0947 1.356e-06
400 30 1.121 69.7744 1.0666e-06
400 30 1.131 69.038 1.229e-06
400 30 1.141 68.2818 1.3848e-06
400 30 1.151 67.4262 1.3885e-06
400 30 1.161 66.631 1.46e-06
400 30 1.171 65.8325 1.4806e-06
400 30 1.181 64.9706 1.4781e-06
400 30 1.191 64.1655 1.4684e-06
400 30 1.201 63.4465 1.4727e-06
400 30 1.211 62.87 1.1154e-06
400 30 1.221 61.8043 1.0645e-06
400 30 1.231 61.4924 1.0664e-06
400 30 1.241 60.4785 1.1419e-06
400 30 1.251 60.1313 1.3501e-06
400 30 1.261 59.2888 1.3664e-06
400 30 1.271 58.6552 1.385e-06
400 30 1.281 57.745 1.3862e-06
400 30 1.291 57.1542 1.3847e-06
400 30 1.301 56.3978 1.3801e-06
400 30 1.311 56.0886 1.388e-06
400 30 1.321 55.2938 1.3702e-06
400 30 1.331 54.8313 1.3801e-06
400 30 1.341 54.3388 1.3796e-06
400 30 1.351 53.5459 1.3855e-06
400 30 1.361 53.038 1.3767e-06
400 30 1.371 52.3428 1.3852e-06
400 30 1.381 51.7876 1.3844e-06
400 30 1.391 51.2512 1.3803e-06
400 30 1.401 50.4463 1.3885e-06
400 30 1.411 50.3178 1.312e-06
400 30 1.421 49.7156 1.2182e-06
400 30 1.431 49.1826 1.3605e-06
400 30 1.441 48.5531 1.3403e-06
400 30 1.451 48.1988 1.3474e-06
400 30 1.461 47.5104 1.365e-06
400 30 1.471 46.9966 1.3665e-06
400 30 1.481 46.4951 1.3596e-06
400 30 1.491 45.9122 1.3745e-06
400 30 1.501 45.6119 1.318e-06
400 30 1.511 45.2779 1.186e-06
400 30 1.521 44.5934 1.3671e-06
400 30 1.531 44.1939 1.2888e-06
400 30 1.541 43.899 1.0557e-06
400 30 1.551 43.3605 1.213e-06
400 30 1.561 43.0658 1.0596e-06
400 30 1.571 42.3884 1.2504e-06
400 30 1.581 41.9627 1.3579e-06
400 30 1.591 41.5348 1.1881e-06
400 30 1.601 41.4609 1.3368e-06
400 30 1.611 40.8233 1.2911e-06
400 30 1.621 40.6975 1.0796e-06
400 30 1.631 40.2329 1.0749e-06
400 30 1.641 39.8002 1.4342e-06
400 30 1.651 39.4445 1.4319e-06
400 30 1.661 39.1172 1.45e-06
400 30 1.671 38.7412 1.0779e-06
400 30 1.681 38.4235 1.0464e-06
400 30 1.691 38.0225 1.0397e-06
400 30 1.701 37.7382 1.0523e-06
400 30 1.711 37.5352 1.1198e-06
400 30 1.721 37.2272 1.117e-06
400 30 1.731 36.6213 1.0455e-06
400 30 1.741 36.5497 1.0342e-06
400 30 1.751 36.1614 1.167e-06
400 30 1.761 35.836 1.338e-06
400 30 1.771 35.5979 1.3413e-06
400 30 1.781 35.2686 1.3312e-06
400 30 1.791 35.1426 1.3478e-06
400 30 1.801 34.6177 1.3516e-06
400 30 1.811 34.1925 1.3509e-06
400 30 1.821 34.1484 1.3397e-06
400 30 1.831 33.7095 1.3278e-06
400 30 1.841 33.3323 1.3238e-06
400 30 1.851 33.0089 1.3344e-06
400 30 1.861 32.7957 1.3331e-06
400 30 1.871 32.4261 1.3199e-06
400 30 1.881 32.2231 1.4091e-06
400 30 1.891 31.9605 1.2477e-06
400 30 1.901 31.6946 1.1685e-06
400 30 1.911 31.4335 1.0916e-06
400 30 1.921 31.0472 1.0304e-06
400 30 1.931 30.7618 1.2206e-06
400 30 1.941 30.5467 1.0487e-06
400 30 1.951 30.1086 1.0391e-06
400 30 1.961 29.8446 1.0308e-06
400 30 1.971 29.5468 1.0652e-06
400 30 1.981 29.3524 1.2994e-06
400 30 1.991 29.1537 1.2939e-06
400 40 0.001 515.446 1.8496e-06
400 40 0.011 543.506 1.897e-06
400 40 0.021 570.415 1.9645e-06
400 40 0.031 608.914 1.6914e-06
400 40 0.041 626.389 1.3843e-06
400 40 0.051 650.519 1.4184e-06
400 40 0.061 649.9 1.4185e-06
400 40 0.071 682.558 1.4651e-06
400 40 0.081 687.236 1.4814e-06
400 40 0.091 696.021 1.4969e-06
400 40 0.101 695.356 1.51e-06
400 40 0.111 704.561 1.7739e-06
400 40 0.121 708.538 1.5326e-06
400 40 0.131 684.961 1.5386e-06
400 40 0.141 681.555 1.5363e-06
400 40 0.151 680.34 1.5389e-06
400 40 0.161 665.249 1.5318e-06
400 40 0.171 654.013 1.5208e-06
400 40 0.181 635.218 1.5107e-06
400 40 0.191 634.033 1.9007e-06
400 40 0.201 607.032 2.299e-06
400 40 0.211 598.549 2.1705e-06
400 40 0.221 580.1 2.2196e-06
400 40 0.231 571.185 2.2179e-06
400 40 0.241 550.755 1.5639e-06
400 40 0.251 528.492 1.4307e-06
400 40 0.261 523.676 1.8249e-06
400 40 0.271 502.376 2.0647e-06
400 40 0.281 474.959 2.0231e-06
400 40 0.291 462.009 2.0178e-06
400 40 0.301 444.843 2.0346e-06
400 40 0.311 435.87 2.0133e-06
400 40 0.321 411.261 1.9257e-06
400 40 0.331 399.803 1.9088e-06
400 40 0.341 381.19 1.3564e-06
400 40 0.351 367.475 1.3087e-06
400 40 0.361 354.313 1.7028e-06
400 40 0.371 343.742 1.8031e-06
400 40 0.381 327.51 1.7686e-06
400 40 0.391 315.392 1.7516e-06
400 40 0.401 304.254 1.7221e-06
400 40 0.411 294.1 1.7027e-06
400 40 0.421 280.894 1.558e-06
400 40 0.431 270.327 1.2105e-06
400 40 0.441 260.812 1.2036e-06
400 40 0.451 251.204 1.196e-06
400 40 0.461 243.746 1.2779e-06
400 40 0.471 236.2 1.6357e-06
400 40 0.481 227.407 1.61e-06
400 40 0.491 220.142 1.6108e-06
400 40 0.501 213.46 1.5536e-06
400 40 0.511 206.19 1.1404e-06
400 40 0.521 198.418 1.145e-06
400 40 0.531 194.169 1.1305e-06
400 40 0.541 189.597 1.125e-06
400 40 0.551 182.006 1.1166e-06
400 40 0.561 178.697 1.1167e-06
400 40 0.571 172.328 1.1004e-06
400 40 0.581 167.653 1.0956e-06
400 40 0.591 164.543 1.2036e-06
400 40 0.601 159.704 1.5251e-06
400 40 0.611 155.879 1.4952e-06
400 40 0.621 150.953 1.4973e-06
400 40 0.631 148.805 1.4789e-06
400 40 0.641 144.641 1.1963e-06
400 40 0.651 141.27 1.0823e-06
400 40 0.661 138.067 1.074e-06
400 40 0.671 134.761 1.0727e-06
400 40 0.681 132.638 1.0644e-06
400 40 0.691 129.272 1.1269e-06
400 40 0.701 126.434 1.4296e-06
400 40 0.711 123.716 1.4346e-06
400 40 0.721 122.201 1.4339e-06
400 40 0.731 118.823 1.4248e-06
400 40 0.741 116.614 1.43e-06
400 40 0.751 115.196 1.4137e-06
400 40 0.761 112.606 1.4115e-06
400 40 0.771 110.119 1.423e-06
400 40 0.781 108.601 1.4335e-06
400 40 0.791 106.956 1.4113e-06
400 40 0.801 104.609 1.403e-06
400 40 0.811 103.042 1.4019e-06
400 40 0.821 100.773 1.3957e-06
400 40 0.831 99.7992 1.3978e-06
400 40 0.841 97.688 1.3951e-06
400 40 0.851 96.4246 1.1642e-06
400 40 0.861 94.4209 1.2656e-06
400 40 0.871 93.2018 1.1218e-06
400 40 0.881 91.8592 1.396e-06
400 40 0.891 90.2873 1.3827e-06
400 40 0.901 88.659 1.2746e-06
400 40 0.911 87.1964 1.0624e-06
400 40 0.921 85.9852 1.096e-06
400 40 0.931 84.8887 1.3541e-06
400 40 0.941 83.5049 1.3422e-06
400 40 0.951 82.4668 1.345e-06
400 40 0.961 80.8609 1.3271e-06
400 40 0.971 79.5746 1.3228e-06
400 40 0.981 78.826 1.3347e-06
400 40 0.991 77.3792 1.3337e-06
400 40 1.001 76.3319 1.0833e-06
400 40 1.011 74.9039 1.0353e-06
400 40 1.021 74.0837 1.046e-06
400 40 1.031 73.2242 1.3753e-06
400 40 1.041 72.3039 1.1863e-06
400 40 1.051 71.1415 1.3598e-06
400 40 1.061 70.1197 1.3509e-06
400 40 1.071 69.3649 1.3507e-06
400 40 1.081 68.2931 1.3413e-06
400 40 1.091 67.3926 1.3455e-06
400 40 1.101 67 1.3464e-06
400 40 1.111 65.5103 1.3372e-06
400 40 1.121 64.5752 1.3444e-06
400 40 1.131 63.8907 1.347e-06
400 40 1.141 63.1576 1.3409e-06
400 40 1.151 62.6505 1.3452e-06
400 40 1.161 61.6801 1.3454e-06
400 40 1.171 61.1606 1.3336e-06
400 40 1.181 60.4352 1.3331e-06
400 40 1.191 59.559 1.335e-06
400 40 1.201 59.0677 1.3555e-06
400 40 1.211 58.3391 1.3551e-06
400 40 1.221 57.6705 1.3494e-06
400 40 1.231 56.8253 1.3555e-06
400 40 1.241 56.2198 1.3612e-06
400 40 1.251 55.5882 1.3533e-06
400 40 1.261 54.9997 1.3588e-06
400 40 1.271 54.3171 1.3562e-06
400 40 1.281 53.4409 1.3532e-06
400 40 1.291 52.9912 1.353e-06
400 40 1.301 52.6162 1.3566e-06
400 40 1.311 52.2248 1.3493e-06
400 40 1.321 51.309 1.3458e-06
400 40 1.331 50.7027 1.3618e-06
400 40 1.341 50.0503 1.3492e-06
400 40 1.351 49.5112 1.3417e-06
400 40 1.361 48.8332 1.3443e-06
400 40 1.371 48.5001 1.3405e-06
400 40 1.381 47.9898 1.3436e-06
400 40 1.391 47.5292 1.3368e-06
400 40 1.401 46.9318 1.3341e-06
400 40 1.411 46.4179 1.3382e-06
400 40 1.421 46.0087 1.3389e-06
400 40 1.431 45.3364 1.3506e-06
400 40 1.441 45.0583 1.3375e-06
400 40 1.451 44.28 1.3379e-06
400 40 1.461 43.9298 1.3443e-06
400 40 1.471 43.2387 1.3361e-06
400 40 1.481 43.051 1.3257e-06
400 40 1.491 42.4319 1.3263e-06
400 40 1.501 42.1834 1.3167e-06
400 40 1.511 41.5505 1.3221e-06
400 40 1.521 41.2985 1.3268e-06
400 40 1.531 40.7847 1.1496e-06
400 40 1.541 40.3409 1.0599e-06
400 40 1.551 40.0433 1.1344e-06
400 40 1.561 39.5289 1.0318e-06
400 40 1.571 39.304 1.2977e-06
400 40 1.581 38.7004 1.1699e-06
400 40 1.591 38.4081 1.0201e-06
400 40 1.601 38.2086 1.0198e-06
400 40 1.611 37.6384 1.1734e-06
400 40 1.621 37.3321 1.3297e-06
400 40 1.631 37.195 1.3289e-06
400 40 1.641 36.6631 1.3248e-06
400 40 1.651 36.3303 1.3157e-06
400 40 1.661 36.1397 1.1969e-06
400 40 1.671 35.5886 1.0297e-06
400 40 1.681 35.5417 1.0322e-06
400 40 1.691 34.9798 1.0249e-06
400 40 1.701 34.7167 1.0249e-06
400 40 1.711 34.4718 1.023e-06
400 40 1.721 34.1338 1.0304e-06
400 40 1.731 33.5713 1.0206e-06
400 40 1.741 33.5039 1.0204e-06
400 40 1.751 33.0194 1.0256e-06
400 40 1.761 32.8324 1.0154e-06
400 40 1.771 32.5015 1.0026e-06
400 40 1.781 32.1624 1.0026e-06
400 40 1.791 31.8527 1.0031e-06
400 40 1.801 31.6099 1.0107e-06
400 40 1.811 31.3539 1.0068e-06
400 40 1.821 31.1121 1.0081e-06
400 40 1.831 30.7477 9.981e-07
400 40 1.841 30.4428 1.0015e-06
400 40 1.851 30.2312 9.904e-07
400 40 1.861 29.7663 9.939e-07
400 40 1.871 29.4759 9.911e-07
400 40 1.881 29.0511 9.947e-07
400 40 1.891 29.1236 9.956e-07
400 40 1.901 28.7128 9.898e-07
400 40 1.911 28.3605 1.0004e-06
400 40 1.921 28.2803 9.84e-07
400 40 1.931 27.9318 9.85e-07
400 40 1.941 27.6505 9.856e-07
400 40 1.951 27.3414 9.886e-07
400 40 1.961 26.8078 9.84e-07
400 40 1.971 26.8713 9.818e-07
400 40 1.981 26.5729 9.751e-07
400 40 1.991 26.3349 9.728e-07
