200 10 0.001 1528.59 4.9058e-06
200 10 0.011 1506.3 4.8432e-06
200 10 0.021 1484.12 4.7867e-06
200 10 0.031 1458.59 4.7166e-06
200 10 0.041 1431.24 4.6528e-06
200 10 0.051 1400.97 4.5668e-06
200 10 0.061 1379.33 4.5184e-06
200 10 0.071 1347.34 4.4362e-06
200 10 0.081 1317.71 4.3553e-06
200 10 0.091 1288.3 4.2756e-06
200 10 0.101 1266.26 4.2281e-06
200 10 0.111 1226.8 4.1023e-06
200 10 0.121 1197.51 4.0457e-06
200 10 0.131 1174.05 3.9932e-06
200 10 0.141 1145.96 3.904e-06
200 10 0.151 1121.34 3.8477e-06
200 10 0.161 1093.83 3.7958e-06
200 10 0.171 1067.32 3.7157e-06
200 10 0.181 1032.32 3.6581e-06
200 10 0.191 1008.92 3.5921e-06
200 10 0.201 981.678 3.5158e-06
200 10 0.211 955.27 3.4486e-06
200 10 0.221 929.109 3.3837e-06
200 10 0.231 899.787 3.3063e-06
200 10 0.241 879.751 3.2704e-06
200 10 0.251 857.134 3.1869e-06
200 10 0.261 830.086 3.1207e-06
200 10 0.271 800.132 3.0547e-06
200 10 0.281 781.238 2.9178e-06
200 10 0.291 761.849 2.9728e-06
200 10 0.301 740.013 2.0749e-06
200 10 0.311 710.103 2.5042e-06
200 10 0.321 696.232 1.7243e-06
200 10 0.331 678.533 1.716e-06
200 10 0.341 648.285 1.6671e-06
200 10 0.351 629.374 1.6663e-06
200 10 0.361 609.623 1.6395e-06
200 10 0.371 596.904 1.8758e-06
200 10 0.381 573.151 2.5002e-06
200 10 0.391 557.554 2.45e-06
200 10 0.401 535.457 2.4066e-06
200 10 0.411 519.486 2.0856e-06
200 10 0.421 503.814 1.6556e-06
200 10 0.431 484.348 1.8327e-06
200 10 0.441 479.503 1.9114e-06
200 10 0.451 451.017 2.2175e-06
200 10 0.461 433.789 2.1728e-06
200 10 0.471 424.34 1.8948e-06
200 10 0.481 406.274 1.4117e-06
200 10 0.491 390.779 1.3912e-06
200 10 0.501 384.707 1.3932e-06
200 10 0.511 369.244 1.6096e-06
200 10 0.521 354.52 1.9749e-06
200 10 0.531 343.825 1.9446e-06
200 10 0.541 331.437 1.9133e-06
200 10 0.551 318.984 1.8848e-06
200 10 0.561 309.016 1.8606e-06
200 10 0.571 296.895 1.8119e-06
200 10 0.581 288.218 1.8013e-06
200 10 0.591 276.557 1.7825e-06
200 10 0.601 267.873 1.7399e-06
200 10 0.611 257.408 1.7391e-06
200 10 0.621 250.139 1.7197e-06
200 10 0.631 240.226 1.6855e-06
200 10 0.641 229.032 1.6592e-06
200 10 0.651 221.742 1.6289e-06
200 10 0.661 215.243 1.6426e-06
200 10 0.671 206.105 1.6203e-06
200 10 0.681 200.959 1.5992e-06
200 10 0.691 190.366 1.5844e-06
200 10 0.701 184.072 1.5198e-06
200 10 0.711 176.08 1.2935e-06
200 10 0.721 170.13 1.4254e-06
200 10 0.731 162.941 1.5436e-06
200 10 0.741 156.811 1.5441e-06
200 10 0.751 153.392 1.5295e-06
200 10 0.761 146.221 1.4997e-06
200 10 0.771 143.292 1.4948e-06
200 10 0.781 134.258 1.4408e-06
200 10 0.791 130.383 1.1164e-06
200 10 0.801 123.772 1.3235e-06
200 10 0.811 120.915 1.3752e-06
200 10 0.821 118.653 1.3637e-06
200 10 0.831 114.083 1.3575e-06
200 10 0.841 108.685 1.3329e-06
200 10 0.851 102.482 1.3229e-06
200 10 0.861 98.8078 1.1433e-06
200 10 0.871 95.7856 1.3383e-06
200 10 0.881 92.5108 1.3032e-06
200 10 0.891 87.9033 1.3008e-06
200 10 0.901 87.5576 1.3028e-06
200 10 0.911 83.9798 1.3056e-06
200 10 0.921 80.7181 1.1324e-06
200 10 0.931 76.9106 1.2442e-06
200 10 0.941 74.5068 1.2769e-06
200 10 0.951 70.4085 1.2486e-06
200 10 0.961 69.254 1.2539e-06
200 10 0.971 64.8864 1.2373e-06
200 10 0.981 63.5252 1.2398e-06
200 10 0.991 61.669 1.2256e-06
200 10 1.001 58.6432 1.27e-06
200 10 1.011 55.7234 1.3075e-06
200 10 1.021 54.2846 1.3088e-06
200 10 1.031 52.2414 1.2881e-06
200 10 1.041 50.3709 1.2704e-06
200 10 1.051 48.608 1.257e-06
200 10 1.061 46.5241 1.2532e-06
200 10 1.071 46.0652 1.2295e-06
200 10 1.081 43.5652 1.2211e-06
200 10 1.091 42.3625 1.2145e-06
200 10 1.101 40.9356 1.2104e-06
200 10 1.111 39.4333 1.1927e-06
200 10 1.121 39.138 1.2006e-06
200 10 1.131 37.7393 1.1908e-06
200 10 1.141 36.322 1.173e-06
200 10 1.151 35.2784 1.1768e-06
200 10 1.161 34.1864 1.1589e-06
200 10 1.171 33.3624 1.1048e-06
200 10 1.181 32.5128 1.0607e-06
200 10 1.191 31.1357 1.0447e-06
200 10 1.201 30.7944 1.0454e-06
200 10 1.211 29.5686 1.0306e-06
200 10 1.221 28.4011 1.0227e-06
200 10 1.231 27.9455 1.019e-06
200 10 1.241 27.3391 1.0193e-06
200 10 1.251 26.4125 1.0148e-06
200 10 1.261 25.8536 9.978e-07
200 10 1.271 24.9648 9.988e-07
200 10 1.281 24.2146 9.871e-07
200 10 1.291 23.609 9.639e-07
200 10 1.301 22.7766 9.796e-07
200 10 1.311 22.3688 9.714e-07
200 10 1.321 21.3306 9.623e-07
200 10 1.331 20.9845 9.642e-07
200 10 1.341 20.3439 9.575e-07
200 10 1.351 19.7136 9.434e-07
200 10 1.361 19.1411 9.47e-07
200 10 1.371 18.5324 9.336e-07
200 10 1.381 17.9939 9.143e-07
200 10 1.391 17.3577 8.624e-07
200 10 1.401 16.9643 9.456e-07
200 10 1.411 16.2734 9.164e-07
200 10 1.421 15.8197 9.247e-07
200 10 1.431 15.3725 9.346e-07
200 10 1.441 14.8992 8.931e-07
200 10 1.451 14.3554 8.876e-07
200 10 1.461 14.0669 9.049e-07
200 10 1.471 13.619 7.623e-07
200 10 1.481 13.2682 7.4e-07
200 10 1.491 12.7432 7.267e-07
200 10 1.501 12.2785 7.067e-07
200 10 1.511 11.8204 7.12e-07
200 10 1.521 11.4826 7.917e-07
200 10 1.531 11.1885 7.247e-07
200 10 1.541 10.757 7.821e-07
200 10 1.551 10.3581 7.073e-07
200 10 1.561 9.9838 8.405e-07
200 10 1.571 9.6003 8.551e-07
200 10 1.581 9.2066 7.321e-07
200 10 1.591 8.971 8.572e-07
200 10 1.601 8.8498 8.476e-07
200 10 1.611 8.4861 8.426e-07
200 10 1.621 8.2667 8.332e-07
200 10 1.631 8.1563 8.358e-07
200 10 1.641 7.8425 8.313e-07
200 10 1.651 7.6822 8.338e-07
200 10 1.661 7.4084 8.223e-07
200 10 1.671 7.22 8.295e-07
200 10 1.681 7.0277 8.24e-07
200 10 1.691 6.7639 7.809e-07
200 10 1.701 6.5641 8.146e-07
200 10 1.711 6.4235 8.011e-07
200 10 1.721 6.162 7.699e-07
200 10 1.731 6.0566 7.554e-07
200 10 1.741 5.7454 8.059e-07
200 10 1.751 5.6211 7.977e-07
200 10 1.761 5.4804 7.916e-07
200 10 1.771 5.2406 7.966e-07
200 10 1.781 5.0499 7.781e-07
200 10 1.791 4.8968 7.98e-07
200 10 1.801 4.7147 7.868e-07
200 10 1.811 4.6147 7.822e-07
200 10 1.821 4.4394 7.844e-07
200 10 1.831 4.3323 7.755e-07
200 10 1.841 4.0982 7.783e-07
200 10 1.851 3.9549 7.792e-07
200 10 1.861 3.7926 7.792e-07
200 10 1.871 3.6444 7.686e-07
200 10 1.881 3.4585 7.588e-07
200 10 1.891 3.3497 7.487e-07
200 10 1.901 3.2192 7.726e-07
200 10 1.911 3.0624 7.623e-07
200 10 1.921 2.9515 7.59e-07
200 10 1.931 2.7904 7.617e-07
200 10 1.941 2.6959 7.458e-07
200 10 1.951 2.581 7.321e-07
200 10 1.961 2.4556 7.471e-07
200 10 1.971 2.3633 7.53e-07
200 10 1.981 2.2516 7.424e-07
200 10 1.991 2.1823 7.296e-07
200 20 0.001 3253.96 9.343e-06
200 20 0.011 3160.42 9.0822e-06
200 20 0.021 3057.64 8.8158e-06
200 20 0.031 2954.15 8.5512e-06
200 20 0.041 2832.78 8.2388e-06
200 20 0.051 2704.23 7.9111e-06
200 20 0.061 2613.97 7.6709e-06
200 20 0.071 2503.21 7.3889e-06
200 20 0.081 2392.19 7.0918e-06
200 20 0.091 2278.62 6.7886e-06
200 20 0.101 2180.68 6.5184e-06
200 20 0.111 2071.39 6.2376e-06
200 20 0.121 1957.97 5.9364e-06
200 20 0.131 1876.99 5.7344e-06
200 20 0.141 1779.81 5.4717e-06
200 20 0.151 1677.68 5.2137e-06
200 20 0.161 1600.34 5.0067e-06
200 20 0.171 1535.47 4.8403e-06
200 20 0.181 1443.94 4.6043e-06
200 20 0.191 1373.91 4.4248e-06
200 20 0.201 1274.96 4.1639e-06
200 20 0.211 1245.47 4.0975e-06
200 20 0.221 1152.94 3.8535e-06
200 20 0.231 1091.32 3.7162e-06
200 20 0.241 1033.73 3.5571e-06
200 20 0.251 985.588 3.4345e-06
200 20 0.261 892.969 3.1948e-06
200 20 0.271 852.942 3.0892e-06
200 20 0.281 805.031 2.9681e-06
200 20 0.291 756.785 2.8426e-06
200 20 0.301 713.458 2.7179e-06
200 20 0.311 685.398 2.6569e-06
200 20 0.321 633.675 2.5178e-06
200 20 0.331 597.784 2.4257e-06
200 20 0.341 572.663 2.3548e-06
200 20 0.351 525.405 2.2556e-06
200 20 0.361 502.943 2.2589e-06
200 20 0.371 462.686 2.1565e-06
200 20 0.381 441.338 2.0856e-06
200 20 0.391 406.627 2.0054e-06
200 20 0.401 382.966 1.9443e-06
200 20 0.411 362.27 1.9058e-06
200 20 0.421 343.236 1.8411e-06
200 20 0.431 321.615 1.7845e-06
200 20 0.441 299.558 1.7258e-06
200 20 0.451 284.062 1.7702e-06
200 20 0.461 269.182 1.6501e-06
200 20 0.471 255.829 1.6224e-06
200 20 0.481 232.021 1.547e-06
200 20 0.491 223.5 1.5073e-06
200 20 0.501 211.411 1.4577e-06
200 20 0.511 198.427 1.3497e-06
200 20 0.521 184.102 1.0321e-06
200 20 0.531 174.801 1.008e-06
200 20 0.541 169.571 1.004e-06
200 20 0.551 157.308 1.0664e-06
200 20 0.561 148.97 1.1983e-06
200 20 0.571 139.64 1.1061e-06
200 20 0.581 132.077 1.2144e-06
200 20 0.591 128.603 1.1841e-06
200 20 0.601 121.953 1.1825e-06
200 20 0.611 118.314 9.267e-07
200 20 0.621 110.894 9.375e-07
200 20 0.631 107.028 1.0409e-06
200 20 0.641 101.911 9.268e-07
200 20 0.651 96.9741 1.0956e-06
200 20 0.661 91.2454 1.0794e-06
200 20 0.671 88.1837 1.06e-06
200 20 0.681 83.9118 9.583e-07
200 20 0.691 80.9876 1.0898e-06
200 20 0.701 79.1345 1.0837e-06
200 20 0.711 75.2672 1.0641e-06
200 20 0.721 72.8536 1.0649e-06
200 20 0.731 70.1885 1.05e-06
200 20 0.741 66.826 1.0431e-06
200 20 0.751 64.6942 1.0853e-06
200 20 0.761 63.4286 1.0723e-06
200 20 0.771 61.6536 1.049e-06
200 20 0.781 58.5484 1.0387e-06
200 20 0.791 57.4597 1.0262e-06
200 20 0.801 55.6159 1.0263e-06
200 20 0.811 53.35 1.0215e-06
200 20 0.821 52.2093 9.261e-07
200 20 0.831 50.9867 9.125e-07
200 20 0.841 49.9337 8.125e-07
200 20 0.851 48.3225 9.281e-07
200 20 0.861 47.0513 9.587e-07
200 20 0.871 45.5397 9.979e-07
200 20 0.881 44.7774 9.927e-07
200 20 0.891 43.5361 9.381e-07
200 20 0.901 42.4226 9.038e-07
200 20 0.911 41.653 9.183e-07
200 20 0.921 40.4032 9.41e-07
200 20 0.931 39.6273 9.447e-07
200 20 0.941 38.4969 9.448e-07
200 20 0.951 37.8357 9.569e-07
200 20 0.961 36.497 9.339e-07
200 20 0.971 35.7945 9.006e-07
200 20 0.981 35.1367 8.421e-07
200 20 0.991 34.0865 9.56e-07
200 20 1.001 33.284 9.525e-07
200 20 1.011 32.5808 9.534e-07
200 20 1.021 31.5889 9.536e-07
200 20 1.031 31.0254 9.423e-07
200 20 1.041 30.3445 9.394e-07
200 20 1.051 29.6391 9.458e-07
200 20 1.061 28.7943 9.409e-07
200 20 1.071 28.0685 9.021e-07
200 20 1.081 27.6133 7.946e-07
200 20 1.091 27.1864 7.834e-07
200 20 1.101 26.602 7.664e-07
200 20 1.111 25.9937 9.276e-07
200 20 1.121 25.3662 7.874e-07
200 20 1.131 25.0181 7.422e-07
200 20 1.141 24.3592 7.923e-07
200 20 1.151 24.0333 7.398e-07
200 20 1.161 23.3826 7.943e-07
200 20 1.171 22.7695 9.908e-07
200 20 1.181 22.4173 9.772e-07
200 20 1.191 21.924 9.86e-07
200 20 1.201 21.6104 9.905e-07
200 20 1.211 20.9873 9.923e-07
200 20 1.221 20.6359 8.408e-07
200 20 1.231 20.2589 7.381e-07
200 20 1.241 19.7325 8.391e-07
200 20 1.251 19.3963 9.586e-07
200 20 1.261 18.8168 9.677e-07
200 20 1.271 18.5228 8.215e-07
200 20 1.281 18.2137 8.459e-07
200 20 1.291 17.6584 8.813e-07
200 20 1.301 17.1818 8.483e-07
200 20 1.311 16.8612 7.269e-07
200 20 1.321 16.5095 8.051e-07
200 20 1.331 16.0265 8.726e-07
200 20 1.341 15.6512 8.6e-07
200 20 1.351 15.3867 8.466e-07
200 20 1.361 14.9473 8.678e-07
200 20 1.371 14.5533 8.62e-07
200 20 1.381 14.1668 8.598e-07
200 20 1.391 13.9419 8.564e-07
200 20 1.401 13.5489 8.63e-07
200 20 1.411 13.1471 8.613e-07
200 20 1.421 12.9449 8.533e-07
200 20 1.431 12.4893 8.499e-07
200 20 1.441 12.2803 8.574e-07
200 20 1.451 11.8651 8.48e-07
200 20 1.461 11.6842 8.4e-07
200 20 1.471 11.1971 8.477e-07
200 20 1.481 10.8955 7.846e-07
200 20 1.491 10.6204 7.926e-07
200 20 1.501 10.3584 8.126e-07
200 20 1.511 10.0631 8.116e-07
200 20 1.521 9.7338 8.513e-07
200 20 1.531 9.5296 7.666e-07
200 20 1.541 9.2315 6.539e-07
200 20 1.551 8.9581 7.214e-07
200 20 1.561 8.6693 7.288e-07
200 20 1.571 8.3823 7.014e-07
200 20 1.581 8.0347 8.306e-07
200 20 1.591 7.9538 8.116e-07
200 20 1.601 7.6942 8.621e-07
200 20 1.611 7.4991 8.842e-07
200 20 1.621 7.4349 7.959e-07
200 20 1.631 7.1719 7.878e-07
200 20 1.641 6.9822 7.893e-07
200 20 1.651 6.7062 7.827e-07
200 20 1.661 6.6347 7.808e-07
200 20 1.671 6.4437 7.868e-07
200 20 1.681 6.2909 7.759e-07
200 20 1.691 6.0808 7.79e-07
200 20 1.701 5.9506 7.816e-07
200 20 1.711 5.8277 7.726e-07
200 20 1.721 5.6147 6.997e-07
200 20 1.731 5.4938 6.394e-07
200 20 1.741 5.2966 7.411e-07
200 20 1.751 5.1816 7.611e-07
200 20 1.761 5.0212 7.448e-07
200 20 1.771 4.7671 7.718e-07
200 20 1.781 4.6694 7.45e-07
200 20 1.791 4.5306 6.413e-07
200 20 1.801 4.3577 7.449e-07
200 20 1.811 4.1753 6.168e-07
200 20 1.821 4.0552 5.924e-07
200 20 1.831 3.9245 7.022e-07
200 20 1.841 3.848 7.549e-07
200 20 1.851 3.6687 6.293e-07
200 20 1.861 3.5636 6.218e-07
200 20 1.871 3.4024 6.138e-07
200 20 1.881 3.3159 6.239e-07
200 20 1.891 3.1681 6.011e-07
200 20 1.901 3.0302 7.353e-07
200 20 1.911 2.8899 7.264e-07
200 20 1.921 2.7912 7.078e-07
200 20 1.931 2.7242 6.999e-07
200 20 1.941 2.5766 7.093e-07
200 20 1.951 2.4745 6.958e-07
200 20 1.961 2.4069 6.934e-07
200 20 1.971 2.2494 6.927e-07
200 20 1.981 2.1683 7.095e-07
200 20 1.991 2.0658 7.006e-07
200 30 0.001 4777.08 1.36012e-05
200 30 0.011 4566.41 8.2757e-06
200 30 0.021 4339.3 6.7386e-06
200 30 0.031 4101.44 6.399e-06
200 30 0.041 3820.76 6.0014e-06
200 30 0.051 3630.47 7.3333e-06
200 30 0.061 3382.55 9.8947e-06
200 30 0.071 3174.12 5.8552e-06
200 30 0.081 2943.72 4.777e-06
200 30 0.091 2761.09 7.3967e-06
200 30 0.101 2551.48 7.6614e-06
200 30 0.111 2413.61 7.2938e-06
200 30 0.121 2214.05 6.7645e-06
200 30 0.131 2060.83 6.3634e-06
200 30 0.141 1896.12 5.9263e-06
200 30 0.151 1750.93 5.5401e-06
200 30 0.161 1607.52 5.1699e-06
200 30 0.171 1494.78 4.8653e-06
200 30 0.181 1384.43 4.5648e-06
200 30 0.191 1276.58 4.2636e-06
200 30 0.201 1140.68 3.9313e-06
200 30 0.211 1062.5 3.7351e-06
200 30 0.221 967.887 3.4731e-06
200 30 0.231 892.513 3.2652e-06
200 30 0.241 831.215 3.0937e-06
200 30 0.251 761.667 2.9093e-06
200 30 0.261 683.476 2.6698e-06
200 30 0.271 624.993 2.4804e-06
200 30 0.281 591.725 2.3939e-06
200 30 0.291 544.495 1.7696e-06
200 30 0.301 491.829 1.4128e-06
200 30 0.311 458.203 1.3609e-06
200 30 0.321 413.205 1.3028e-06
200 30 0.331 379.403 1.2512e-06
200 30 0.341 354.674 1.4467e-06
200 30 0.351 315.98 1.6556e-06
200 30 0.361 289.646 1.706e-06
200 30 0.371 274.517 1.6785e-06
200 30 0.381 248.142 1.614e-06
200 30 0.391 236.582 1.582e-06
200 30 0.401 209.43 1.5076e-06
200 30 0.411 196.375 1.4886e-06
200 30 0.421 182.072 1.4441e-06
200 30 0.431 165.284 1.3994e-06
200 30 0.441 161.889 1.3891e-06
200 30 0.451 149.93 1.373e-06
200 30 0.461 132.448 1.3251e-06
200 30 0.471 130.112 1.3084e-06
200 30 0.481 120.482 1.2831e-06
200 30 0.491 112.211 1.2613e-06
200 30 0.501 106.758 1.29e-06
200 30 0.511 99.7387 1.0646e-06
200 30 0.521 96.1232 8.8e-07
200 30 0.531 91.1638 9.847e-07
200 30 0.541 86.4654 8.597e-07
200 30 0.551 84.4492 9.917e-07
200 30 0.561 79.9541 1.0453e-06
200 30 0.571 75.8855 1.038e-06
200 30 0.581 72.0995 1.0269e-06
200 30 0.591 69.3738 1.0221e-06
200 30 0.601 66.6846 1.0159e-06
200 30 0.611 64.3963 1.0046e-06
200 30 0.621 62.4605 1.0061e-06
200 30 0.631 61.1775 1.0062e-06
200 30 0.641 58.3936 1.0078e-06
200 30 0.651 55.8735 9.928e-07
200 30 0.661 56.343 9.625e-07
200 30 0.671 53.9764 9.662e-07
200 30 0.681 51.4706 8.849e-07
200 30 0.691 51.0115 9.507e-07
200 30 0.701 49.1108 9.704e-07
200 30 0.711 47.6369 9.871e-07
200 30 0.721 46.553 9.712e-07
200 30 0.731 45.4208 9.687e-07
200 30 0.741 44.5464 9.692e-07
200 30 0.751 42.989 9.64e-07
200 30 0.761 42.5857 9.625e-07
200 30 0.771 41.2582 9.588e-07
200 30 0.781 40.4448 9.612e-07
200 30 0.791 39.6315 9.474e-07
200 30 0.801 39.0552 9.514e-07
200 30 0.811 38.0006 9.488e-07
200 30 0.821 37.4886 9.546e-07
200 30 0.831 36.5846 9.537e-07
200 30 0.841 35.7593 9.156e-07
200 30 0.851 34.9961 8.949e-07
200 30 0.861 34.4678 9.13e-07
200 30 0.871 33.7018 9.116e-07
200 30 0.881 33.0854 9.273e-07
200 30 0.891 32.4654 9.319e-07
200 30 0.901 31.6694 1.0245e-06
200 30 0.911 31.3032 1.0277e-06
200 30 0.921 30.3742 8.351e-07
200 30 0.931 30.0007 8.852e-07
200 30 0.941 29.4823 8.883e-07
200 30 0.951 28.5666 8.855e-07
200 30 0.961 28.1611 8.876e-07
200 30 0.971 27.7021 9.237e-07
200 30 0.981 27.1133 9.211e-07
200 30 0.991 26.4731 8.614e-07
200 30 1.001 26.1622 8.714e-07
200 30 1.011 25.3767 9.046e-07
200 30 1.021 24.8895 9.034e-07
200 30 1.031 24.4692 9.196e-07
200 30 1.041 24.0463 8.037e-07
200 30 1.051 23.6258 7.28e-07
200 30 1.061 23.1958 7.301e-07
200 30 1.071 22.7679 7.151e-07
200 30 1.081 22.0889 7.275e-07
200 30 1.091 21.7433 8.796e-07
200 30 1.101 21.5715 8.838e-07
200 30 1.111 21.0311 7.817e-07
200 30 1.121 20.7916 8.831e-07
200 30 1.131 20.344 8.861e-07
200 30 1.141 19.9253 8.74e-07
200 30 1.151 19.5792 8.825e-07
200 30 1.161 19.2674 7.616e-07
200 30 1.171 18.8806 8.211e-07
200 30 1.181 18.5339 6.927e-07
200 30 1.191 18.2877 7.023e-07
200 30 1.201 17.8549 7.035e-07
200 30 1.211 17.4763 7.139e-07
200 30 1.221 17.2024 7.524e-07
200 30 1.231 16.8555 8.68e-07
200 30 1.241 16.511 8.501e-07
200 30 1.251 16.1903 8.524e-07
200 30 1.261 15.8949 8.549e-07
200 30 1.271 15.5766 8.486e-07
200 30 1.281 15.3913 7.482e-07
200 30 1.291 15.0018 7.239e-07
200 30 1.301 14.7703 8.692e-07
200 30 1.311 14.3526 8.904e-07
200 30 1.321 14.1411 8.932e-07
200 30 1.331 13.7702 8.965e-07
200 30 1.341 13.5273 8.963e-07
200 30 1.351 13.2984 8.91e-07
200 30 1.361 12.8049 8.888e-07
200 30 1.371 12.7757 8.727e-07
200 30 1.381 12.3653 8.883e-07
200 30 1.391 12.0831 7.094e-07
200 30 1.401 11.7629 6.844e-07
200 30 1.411 11.4769 6.841e-07
200 30 1.421 11.4035 7.417e-07
200 30 1.431 11.0911 6.951e-07
200 30 1.441 10.8865 8.345e-07
200 30 1.451 10.5499 6.895e-07
200 30 1.461 10.3334 8.44e-07
200 30 1.471 10.1799 8.517e-07
200 30 1.481 9.8459 8.519e-07
200 30 1.491 9.5779 8.417e-07
200 30 1.501 9.2042 8.363e-07
200 30 1.511 9.0948 8.316e-07
200 30 1.521 8.8181 8.21e-07
200 30 1.531 8.5653 8.174e-07
200 30 1.541 8.4108 7.853e-07
200 30 1.551 8.1598 7.433e-07
200 30 1.561 7.8814 8.018e-07
200 30 1.571 7.7927 8.054e-07
200 30 1.581 7.4906 7.994e-07
200 30 1.591 7.2952 7.948e-07
200 30 1.601 7.1005 8.033e-07
200 30 1.611 6.9075 7.274e-07
200 30 1.621 6.8142 6.754e-07
200 30 1.631 6.7733 8.096e-07
200 30 1.641 6.5133 7.898e-07
200 30 1.651 6.3777 7.957e-07
200 30 1.661 6.1946 7.942e-07
200 30 1.671 6.0222 7.857e-07
200 30 1.681 5.9323 7.876e-07
200 30 1.691 5.8255 7.857e-07
200 30 1.701 5.5543 7.771e-07
200 30 1.711 5.4866 6.815e-07
200 30 1.721 5.3716 7.785e-07
200 30 1.731 5.1855 7.337e-07
200 30 1.741 5.0824 7.649e-07
200 30 1.751 4.8905 7.987e-07
200 30 1.761 4.7611 8.037e-07
200 30 1.771 4.5981 7.94e-07
200 30 1.781 4.5511 7.772e-07
200 30 1.791 4.3878 7.652e-07
200 30 1.801 4.2272 7.56e-07
200 30 1.811 4.0824 7.57e-07
200 30 1.821 3.9881 7.546e-07
200 30 1.831 3.8223 7.592e-07
200 30 1.841 3.6872 7.749e-07
200 30 1.851 3.5789 7.78e-07
200 30 1.861 3.4538 7.478e-07
200 30 1.871 3.3041 7.503e-07
200 30 1.881 3.2354 7.418e-07
200 30 1.891 3.1098 7.353e-07
200 30 1.901 2.9599 7.189e-07
200 30 1.911 2.8624 7.237e-07
200 30 1.921 2.7114 7.125e-07
200 30 1.931 2.6377 7.086e-07
200 30 1.941 2.5462 7.303e-07
200 30 1.951 2.4456 7.457e-07
200 30 1.961 2.2925 7.515e-07
200 30 1.971 2.2431 7.4e-07
200 30 1.981 2.1268 7.426e-07
200 30 1.991 2.0505 6.371e-07
200 40 0.001 6397.14 7.6241e-06
200 40 0.011 6081.79 1.30125e-05
200 40 0.021 5733.02 1.231e-05
200 40 0.031 5350.67 1.15808e-05
200 40 0.041 5064.8 1.10198e-05
200 40 0.051 4681.03 1.0272e-05
200 40 0.061 4381.5 9.6565e-06
200 40 0.071 4036.4 8.9686e-06
200 40 0.081 3781.4 8.4455e-06
200 40 0.091 3448.94 5.9524e-06
200 40 0.101 3209.73 4.1254e-06
200 40 0.111 2907.68 3.802e-06
200 40 0.121 2708.25 4.17e-06
200 40 0.131 2492.03 4.379e-06
200 40 0.141 2276.63 4.3674e-06
200 40 0.151 2083.01 5.0252e-06
200 40 0.161 1922.71 4.7012e-06
200 40 0.171 1743.23 4.3487e-06
200 40 0.181 1604.05 3.8012e-06
200 40 0.191 1453.15 2.4305e-06
200 40 0.201 1337.78 3.5564e-06
200 40 0.211 1219.35 3.3201e-06
200 40 0.221 1092.74 3.0682e-06
200 40 0.231 1003.53 2.8872e-06
200 40 0.241 899.719 2.6963e-06
200 40 0.251 833.33 2.5574e-06
200 40 0.261 732.562 2.3414e-06
200 40 0.271 685.602 2.2567e-06
200 40 0.281 615.51 2.1152e-06
200 40 0.291 563.856 1.8584e-06
200 40 0.301 497.049 1.5885e-06
200 40 0.311 464.588 1.8397e-06
200 40 0.321 421.699 1.3707e-06
200 40 0.331 383.755 1.1608e-06
200 40 0.341 344.69 1.1124e-06
200 40 0.351 309.578 1.0957e-06
200 40 0.361 287.855 1.0678e-06
200 40 0.371 261.64 1.0167e-06
200 40 0.381 244.357 1.1041e-06
200 40 0.391 227.383 1.3457e-06
200 40 0.401 202.42 1.2709e-06
200 40 0.411 187.736 1.2424e-06
200 40 0.421 177.899 1.2238e-06
200 40 0.431 156.971 1.1863e-06
200 40 0.441 153.164 1.1684e-06
200 40 0.451 138.21 1.1349e-06
200 40 0.461 126.917 1.1106e-06
200 40 0.471 120.023 1.0987e-06
200 40 0.481 112.326 1.0825e-06
200 40 0.491 103.441 1.0611e-06
200 40 0.501 97.8274 1.048e-06
200 40 0.511 95.4396 1.0493e-06
200 40 0.521 87.7855 1.0149e-06
200 40 0.531 84.9633 9.885e-07
200 40 0.541 79.6971 1.0109e-06
200 40 0.551 76.3307 1.0108e-06
200 40 0.561 72.2971 1.0061e-06
200 40 0.571 69.2349 9.976e-07
200 40 0.581 68.2815 9.91e-07
200 40 0.591 63.2289 9.933e-07
200 40 0.601 62.2101 9.835e-07
200 40 0.611 60.0328 9.806e-07
200 40 0.621 57.7726 9.757e-07
200 40 0.631 56.526 9.718e-07
200 40 0.641 54.4842 9.578e-07
200 40 0.651 51.7985 9.619e-07
200 40 0.661 51.2292 9.781e-07
200 40 0.671 49.7594 1.1359e-06
200 40 0.681 48.0957 2.5175e-06
200 40 0.691 47.1753 1.8132e-06
200 40 0.701 46.2317 1.0247e-06
200 40 0.711 44.8203 1.1909e-06
200 40 0.721 43.5541 9.387e-07
200 40 0.731 42.5242 9.409e-07
200 40 0.741 41.5794 9.299e-07
200 40 0.751 40.8324 1.0334e-06
200 40 0.761 39.7311 7.378e-07
200 40 0.771 39.0055 9.038e-07
200 40 0.781 37.9222 9.211e-07
200 40 0.791 36.9035 9.154e-07
200 40 0.801 36.4762 9.161e-07
200 40 0.811 35.7302 9.259e-07
200 40 0.821 35.1653 9.206e-07
200 40 0.831 34.0498 8.952e-07
200 40 0.841 33.663 8.942e-07
200 40 0.851 32.7351 8.87e-07
200 40 0.861 31.9637 8.909e-07
200 40 0.871 31.3743 9.013e-07
200 40 0.881 30.7868 9.106e-07
200 40 0.891 30.0839 8.351e-07
200 40 0.901 29.3206 7.239e-07
200 40 0.911 28.9454 7.127e-07
200 40 0.921 28.4077 8.656e-07
200 40 0.931 27.6848 7.247e-07
200 40 0.941 27.0873 7.127e-07
200 40 0.951 26.606 7.183e-07
200 40 0.961 26.2155 7.395e-07
200 40 0.971 25.6105 7.081e-07
200 40 0.981 24.8993 8.638e-07
200 40 0.991 24.3468 8.695e-07
200 40 1.001 23.9242 8.596e-07
200 40 1.011 23.2338 8.631e-07
200 40 1.021 22.7778 8.565e-07
200 40 1.031 22.4673 8.617e-07
200 40 1.041 22.0163 8.55e-07
200 40 1.051 21.5604 8.595e-07
200 40 1.061 21.1489 8.535e-07
200 40 1.071 20.5577 8.594e-07
200 40 1.081 20.3284 8.558e-07
200 40 1.091 19.8535 8.494e-07
200 40 1.101 19.5468 8.584e-07
200 40 1.111 19.0772 8.518e-07
200 40 1.121 18.7751 8.478e-07
200 40 1.131 18.4222 8.415e-07
200 40 1.141 18.1537 8.432e-07
200 40 1.151 17.6847 8.383e-07
200 40 1.161 17.5004 8.368e-07
200 40 1.171 17.0732 8.388e-07
200 40 1.181 16.6722 8.382e-07
200 40 1.191 16.51 8.326e-07
200 40 1.201 16.1732 8.36e-07
200 40 1.211 15.8552 7.735e-07
200 40 1.221 15.5603 7.21e-07
200 40 1.231 15.2965 7.165e-07
200 40 1.241 14.9146 8.516e-07
200 40 1.251 14.6752 8.557e-07
200 40 1.261 14.3865 8.468e-07
200 40 1.271 14.0277 8.479e-07
200 40 1.281 13.7709 8.473e-07
200 40 1.291 13.5727 8.481e-07
200 40 1.301 13.3042 8.46e-07
200 40 1.311 12.9665 8.467e-07
200 40 1.321 12.7991 8.456e-07
200 40 1.331 12.4498 8.303e-07
200 40 1.341 12.274 8.087e-07
200 40 1.351 11.9988 6.932e-07
200 40 1.361 11.8011 7.128e-07
200 40 1.371 11.4877 7.078e-07
200 40 1.381 11.153 7.398e-07
200 40 1.391 10.9772 8.179e-07
200 40 1.401 10.7694 8.099e-07
200 40 1.411 10.5043 8.097e-07
200 40 1.421 10.1947 8.041e-07
200 40 1.431 10.0531 8.036e-07
200 40 1.441 9.7274 8.122e-07
200 40 1.451 9.5116 8.192e-07
200 40 1.461 9.2458 8.332e-07
200 40 1.471 9.1043 8.193e-07
200 40 1.481 8.9263 8.221e-07
200 40 1.491 8.681 7.82e-07
200 40 1.501 8.4796 6.968e-07
200 40 1.511 8.2783 7.903e-07
200 40 1.521 8.05 7.683e-07
200 40 1.531 7.851 6.692e-07
200 40 1.541 7.5838 7.837e-07
200 40 1.551 7.3907 7.949e-07
200 40 1.561 7.2118 7.863e-07
200 40 1.571 7.1594 7.913e-07
200 40 1.581 6.9597 7.975e-07
200 40 1.591 6.6569 7.89e-07
200 40 1.601 6.4923 7.913e-07
200 40 1.611 6.4895 7.782e-07
200 40 1.621 6.2109 7.933e-07
200 40 1.631 6.127 7.74e-07
200 40 1.641 5.9833 7.858e-07
200 40 1.651 5.8131 7.8e-07
200 40 1.661 5.6991 7.364e-07
200 40 1.671 5.5552 6.366e-07
200 40 1.681 5.4462 6.482e-07
200 40 1.691 5.2942 7.953e-07
200 40 1.701 5.0788 7.809e-07
200 40 1.711 5.0737 7.967e-07
200 40 1.721 4.8973 7.942e-07
200 40 1.731 4.7729 7.774e-07
200 40 1.741 4.6768 7.639e-07
200 40 1.751 4.4473 7.655e-07
200 40 1.761 4.3343 7.78e-07
200 40 1.771 4.2489 7.512e-07
200 40 1.781 4.1 7.551e-07
200 40 1.791 4.0468 7.367e-07
200 40 1.801 3.8336 7.625e-07
200 40 1.811 3.7659 7.403e-07
200 40 1.821 3.6373 7.45e-07
200 40 1.831 3.486 7.523e-07
200 40 1.841 3.4406 7.6e-07
200 40 1.851 3.2784 7.592e-07
200 40 1.861 3.2154 6.17e-07
200 40 1.871 3.1305 6.377e-07
200 40 1.881 3.06 6.496e-07
200 40 1.891 2.9181 8.118e-07
200 40 1.901 2.7464 8.186e-07
200 40 1.911 2.6709 8.203e-07
200 40 1.921 2.5526 8.122e-07
200 40 1.931 2.4457 8.153e-07
200 40 1.941 2.3618 8.019e-07
200 40 1.951 2.2673 7.585e-07
200 40 1.961 2.1856 7.363e-07
200 40 1.971 2.0945 5.822e-07
200 40 1.981 1.9986 5.863e-07
200 40 1.991 1.9211 5.744e-07
300 10 0.001 2327.64 3.9194e-06
300 10 0.011 2295.86 4.1271e-06
300 10 0.021 2261.05 3.8228e-06
300 10 0.031 2213.87 3.7393e-06
300 10 0.041 2179.3 6.4737e-06
300 10 0.051 2134.11 6.6045e-06
300 10 0.061 2099.2 6.4914e-06
300 10 0.071 2058.94 6.4021e-06
300 10 0.081 2005.52 6.2706e-06
300 10 0.091 1964.03 6.1618e-06
300 10 0.101 1936.27 6.0699e-06
300 10 0.111 1879.72 5.9394e-06
300 10 0.121 1828.47 5.7896e-06
300 10 0.131 1796.73 5.7304e-06
300 10 0.141 1748.53 5.6253e-06
300 10 0.151 1687.28 5.4739e-06
300 10 0.161 1649.97 5.3857e-06
300 10 0.171 1615.36 5.3009e-06
300 10 0.181 1584.52 5.2302e-06
300 10 0.191 1533.05 5.0753e-06
300 10 0.201 1496.84 4.983e-06
300 10 0.211 1460.99 4.8954e-06
300 10 0.221 1416.51 4.7812e-06
300 10 0.231 1370.06 4.6689e-06
300 10 0.241 1341.02 4.5973e-06
300 10 0.251 1303.41 4.5096e-06
300 10 0.261 1272.04 4.4286e-06
300 10 0.271 1226.32 4.3041e-06
300 10 0.281 1209.82 4.2739e-06
300 10 0.291 1171.31 4.1776e-06
300 10 0.301 1113.77 4.041e-06
300 10 0.311 1086.89 3.9566e-06
300 10 0.321 1048.52 3.8713e-06
300 10 0.331 1025.59 3.8132e-06
300 10 0.341 996.374 3.739e-06
300 10 0.351 949.902 3.6186e-06
300 10 0.361 935.464 3.5851e-06
300 10 0.371 908.771 3.5268e-06
300 10 0.381 878.117 3.451e-06
300 10 0.391 857.205 3.3949e-06
300 10 0.401 808.206 3.2768e-06
300 10 0.411 795.2 3.2341e-06
300 10 0.421 750.694 3.1424e-06
300 10 0.431 751.98 3.0852e-06
300 10 0.441 717.702 3.0122e-06
300 10 0.451 692.453 2.9281e-06
300 10 0.461 671.559 2.3569e-06
300 10 0.471 643.388 2.3752e-06
300 10 0.481 625.463 2.8345e-06
300 10 0.491 605.373 2.7816e-06
300 10 0.501 575.534 2.7309e-06
300 10 0.511 559.712 2.6994e-06
300 10 0.521 533.446 2.5604e-06
300 10 0.531 527.509 1.7305e-06
300 10 0.541 509.156 1.7034e-06
300 10 0.551 489.138 1.6935e-06
300 10 0.561 472.579 1.6694e-06
300 10 0.571 456.09 1.7865e-06
300 10 0.581 440.483 2.2624e-06
300 10 0.591 422.339 1.6154e-06
300 10 0.601 402.095 1.5873e-06
300 10 0.611 386.855 2.0204e-06
300 10 0.621 378.403 1.5729e-06
300 10 0.631 364.16 1.5691e-06
300 10 0.641 342.547 1.518e-06
300 10 0.651 338.586 1.6139e-06
300 10 0.661 325.326 1.5188e-06
300 10 0.671 309.927 1.8108e-06
300 10 0.681 301.307 2.0118e-06
300 10 0.691 286.967 1.9689e-06
300 10 0.701 271.378 1.9339e-06
300 10 0.711 266.825 1.9305e-06
300 10 0.721 258.831 1.9128e-06
300 10 0.731 248.889 1.876e-06
300 10 0.741 243.038 1.8742e-06
300 10 0.751 229.913 1.8467e-06
300 10 0.761 221.756 1.8282e-06
300 10 0.771 210.422 1.7959e-06
300 10 0.781 205.37 1.7933e-06
300 10 0.791 193.978 1.7581e-06
300 10 0.801 187.786 1.7529e-06
300 10 0.811 184.477 1.7425e-06
300 10 0.821 172.7 1.7019e-06
300 10 0.831 170.21 1.825e-06
300 10 0.841 163.669 1.8053e-06
300 10 0.851 154.838 1.7819e-06
300 10 0.861 152.87 1.767e-06
300 10 0.871 145.983 1.7474e-06
300 10 0.881 139.87 1.7328e-06
300 10 0.891 136.155 1.7238e-06
300 10 0.901 130.971 1.7152e-06
300 10 0.911 125.296 1.4859e-06
300 10 0.921 120.358 1.2332e-06
300 10 0.931 115.244 1.2369e-06
300 10 0.941 110.962 1.5317e-06
300 10 0.951 106.757 1.5178e-06
300 10 0.961 104.434 1.503e-06
300 10 0.971 98.1714 1.4835e-06
300 10 0.981 97.0472 1.4913e-06
300 10 0.991 91.7763 1.4396e-06
300 10 1.001 88.6264 1.4216e-06
300 10 1.011 85.4067 1.4245e-06
300 10 1.021 81.4478 1.3531e-06
300 10 1.031 77.3301 1.2339e-06
300 10 1.041 75.7674 1.1732e-06
300 10 1.051 73.0001 1.1755e-06
300 10 1.061 71.0281 1.3637e-06
300 10 1.071 67.8695 1.3513e-06
300 10 1.081 64.5273 1.3327e-06
300 10 1.091 64.4767 1.3301e-06
300 10 1.101 61.5953 1.3165e-06
300 10 1.111 59.4181 1.3093e-06
300 10 1.121 57.6653 1.2964e-06
300 10 1.131 56.1129 1.2796e-06
300 10 1.141 54.1499 1.141e-06
300 10 1.151 53.2509 1.235e-06
300 10 1.161 51.9009 1.2976e-06
300 10 1.171 49.8449 1.2887e-06
300 10 1.181 48.412 1.2773e-06
300 10 1.191 46.865 1.2613e-06
300 10 1.201 45.6838 1.259e-06
300 10 1.211 44.6045 1.2429e-06
300 10 1.221 42.8088 1.225e-06
300 10 1.231 41.9665 1.2317e-06
300 10 1.241 40.2496 1.2044e-06
300 10 1.251 40.3266 1.2102e-06
300 10 1.261 38.6448 1.1981e-06
300 10 1.271 36.8935 1.1735e-06
300 10 1.281 36.1398 1.0953e-06
300 10 1.291 35.5645 9.201e-07
300 10 1.301 33.7122 9.358e-07
300 10 1.311 32.931 1.1222e-06
300 10 1.321 32.3048 1.1095e-06
300 10 1.331 31.1564 1.0035e-06
300 10 1.341 30.17 8.78e-07
300 10 1.351 29.3719 9.002e-07
300 10 1.361 28.6581 1.0944e-06
300 10 1.371 27.6305 1.1153e-06
300 10 1.381 26.8225 1.11e-06
300 10 1.391 25.9053 1.0758e-06
300 10 1.401 25.0918 1.0538e-06
300 10 1.411 24.5509 1.0556e-06
300 10 1.421 23.7176 1.0353e-06
300 10 1.431 22.708 1.0279e-06
300 10 1.441 22.1308 1.0235e-06
300 10 1.451 21.5359 1.0281e-06
300 10 1.461 20.7378 1.0137e-06
300 10 1.471 20.1965 1.0095e-06
300 10 1.481 19.4991 1.0117e-06
300 10 1.491 18.8466 1.0191e-06
300 10 1.501 17.9107 9.877e-07
300 10 1.511 17.6904 9.798e-07
300 10 1.521 16.8098 9.707e-07
300 10 1.531 16.5356 9.608e-07
300 10 1.541 15.9762 9.538e-07
300 10 1.551 15.2033 8.822e-07
300 10 1.561 14.7063 8.625e-07
300 10 1.571 14.1803 8.019e-07
300 10 1.581 13.5141 9.411e-07
300 10 1.591 13.317 9.398e-07
300 10 1.601 12.8773 8.177e-07
300 10 1.611 12.5242 9.27e-07
300 10 1.621 12.2494 9.759e-07
300 10 1.631 12.0468 9.799e-07
300 10 1.641 11.4809 8.028e-07
300 10 1.651 11.3822 7.647e-07
300 10 1.661 10.9108 8.349e-07
300 10 1.671 10.6741 9.179e-07
300 10 1.681 10.2377 9.045e-07
300 10 1.691 9.967 8.661e-07
300 10 1.701 9.6281 7.133e-07
300 10 1.711 9.34 7.113e-07
300 10 1.721 9.0422 6.917e-07
300 10 1.731 8.7519 7.867e-07
300 10 1.741 8.4301 8.913e-07
300 10 1.751 8.2678 8.958e-07
300 10 1.761 8.003 8.902e-07
300 10 1.771 7.6819 8.999e-07
300 10 1.781 7.4755 8.677e-07
300 10 1.791 7.1049 7.141e-07
300 10 1.801 6.8734 6.77e-07
300 10 1.811 6.6538 6.768e-07
300 10 1.821 6.3735 6.826e-07
300 10 1.831 6.1419 6.685e-07
300 10 1.841 5.9379 8.633e-07
300 10 1.851 5.7123 8.733e-07
300 10 1.861 5.4343 8.694e-07
300 10 1.871 5.2767 8.623e-07
300 10 1.881 5.0237 7.452e-07
300 10 1.891 4.8539 6.877e-07
300 10 1.901 4.6895 6.719e-07
300 10 1.911 4.4342 6.878e-07
300 10 1.921 4.2836 7.091e-07
300 10 1.931 3.9971 8.049e-07
300 10 1.941 3.8662 6.904e-07
300 10 1.951 3.7311 6.9e-07
300 10 1.961 3.5478 6.806e-07
300 10 1.971 3.3851 7.71e-07
300 10 1.981 3.2142 8.284e-07
300 10 1.991 3.053 8.221e-07
300 20 0.001 5048.79 1.41883e-05
300 20 0.011 4905.72 1.34627e-05
300 20 0.021 4741.7 1.30224e-05
300 20 0.031 4575.16 1.25726e-05
300 20 0.041 4397.07 1.21163e-05
300 20 0.051 4222.69 1.17055e-05
300 20 0.061 4051.65 1.12549e-05
300 20 0.071 3855.2 1.07607e-05
300 20 0.081 3718.6 1.04319e-05
300 20 0.091 3531.83 9.9688e-06
300 20 0.101 3351.92 9.506e-06
300 20 0.111 3228.65 9.1791e-06
300 20 0.121 3069.26 8.7929e-06
300 20 0.131 2884.46 8.3196e-06
300 20 0.141 2762.12 8.0121e-06
300 20 0.151 2638.66 7.6965e-06
300 20 0.161 2482.42 7.2711e-06
300 20 0.171 2379.33 7.0365e-06
300 20 0.181 2224.14 6.6532e-06
300 20 0.191 2121.16 6.3888e-06
300 20 0.201 2018.08 6.1228e-06
300 20 0.211 1903.92 5.8132e-06
300 20 0.221 1783 5.4933e-06
300 20 0.231 1687.17 3.5769e-06
300 20 0.241 1567.04 4.5529e-06
300 20 0.251 1500.56 2.8938e-06
300 20 0.261 1408.68 4.4464e-06
300 20 0.271 1335.36 4.3777e-06
300 20 0.281 1259 4.1864e-06
300 20 0.291 1177.18 3.985e-06
300 20 0.301 1110.51 3.8134e-06
300 20 0.311 1047.62 3.6512e-06
300 20 0.321 980.646 3.4916e-06
300 20 0.331 926.18 3.3444e-06
300 20 0.341 886.541 3.2576e-06
300 20 0.351 821.03 3.0907e-06
300 20 0.361 768.477 2.9529e-06
300 20 0.371 724.723 2.202e-06
300 20 0.381 682.77 1.7813e-06
300 20 0.391 637.123 1.7429e-06
300 20 0.401 600.354 1.6713e-06
300 20 0.411 561.352 1.6234e-06
300 20 0.421 513.609 1.5542e-06
300 20 0.431 487.696 1.5264e-06
300 20 0.441 463.739 1.5e-06
300 20 0.451 428.64 1.4422e-06
300 20 0.461 410.255 1.4241e-06
300 20 0.471 391.904 1.4033e-06
300 20 0.481 360.617 1.351e-06
300 20 0.491 340.106 1.3218e-06
300 20 0.501 322.067 1.3003e-06
300 20 0.511 302.995 1.4201e-06
300 20 0.521 289.999 1.7296e-06
300 20 0.531 273.44 1.7024e-06
300 20 0.541 255.325 1.651e-06
300 20 0.551 235.476 1.5949e-06
300 20 0.561 229.361 1.5696e-06
300 20 0.571 218.584 1.5471e-06
300 20 0.581 205.543 1.5171e-06
300 20 0.591 194.936 1.4894e-06
300 20 0.601 186.71 1.4956e-06
300 20 0.611 173.865 1.4429e-06
300 20 0.621 168.908 1.4154e-06
300 20 0.631 160.072 1.4008e-06
300 20 0.641 153.173 1.3696e-06
300 20 0.651 144.109 1.357e-06
300 20 0.661 140.26 1.3421e-06
300 20 0.671 133.228 1.3147e-06
300 20 0.681 127.502 1.2941e-06
300 20 0.691 123.678 1.2891e-06
300 20 0.701 119.332 1.279e-06
300 20 0.711 115.473 1.2903e-06
300 20 0.721 111.194 1.2912e-06
300 20 0.731 105.917 1.2707e-06
300 20 0.741 101.956 1.2579e-06
300 20 0.751 99.2637 1.0005e-06
300 20 0.761 96.3944 1.0201e-06
300 20 0.771 91.901 1.1788e-06
300 20 0.781 88.9231 1.1641e-06
300 20 0.791 87.7151 1.1553e-06
300 20 0.801 84.3737 1.1318e-06
300 20 0.811 81.9608 1.1383e-06
300 20 0.821 78.8662 1.1202e-06
300 20 0.831 76.5879 1.113e-06
300 20 0.841 75.2606 1.1081e-06
300 20 0.851 72.6422 1.0997e-06
300 20 0.861 71.5071 1.0995e-06
300 20 0.871 69.163 1.0913e-06
300 20 0.881 67.1912 1.0821e-06
300 20 0.891 65.9688 1.0828e-06
300 20 0.901 64.5793 1.0796e-06
300 20 0.911 63.0839 1.0754e-06
300 20 0.921 61.2646 1.0698e-06
300 20 0.931 59.3676 1.0678e-06
300 20 0.941 58.4261 1.0588e-06
300 20 0.951 57.1391 1.0696e-06
300 20 0.961 55.4619 1.0586e-06
300 20 0.971 54.6276 1.0471e-06
300 20 0.981 52.7126 1.0467e-06
300 20 0.991 51.802 1.0437e-06
300 20 1.001 50.4873 1.039e-06
300 20 1.011 49.3894 1.0406e-06
300 20 1.021 47.9227 1.0416e-06
300 20 1.031 47.1113 1.034e-06
300 20 1.041 46.0013 1.0384e-06
300 20 1.051 44.9879 1.1094e-06
300 20 1.061 43.8077 1.1417e-06
300 20 1.071 43.0191 1.1387e-06
300 20 1.081 41.9481 1.1394e-06
300 20 1.091 41.0501 1.134e-06
300 20 1.101 40.1927 1.1311e-06
300 20 1.111 39.442 1.127e-06
300 20 1.121 38.2416 1.1322e-06
300 20 1.131 37.7992 1.1278e-06
300 20 1.141 36.8841 1.1167e-06
300 20 1.151 36.1043 1.1178e-06
300 20 1.161 35.3338 1.1e-06
300 20 1.171 34.8199 8.884e-07
300 20 1.181 34.072 1.0418e-06
300 20 1.191 33.1759 1.04e-06
300 20 1.201 32.4921 1.0351e-06
300 20 1.211 31.7946 1.0286e-06
300 20 1.221 31.3203 1.0286e-06
300 20 1.231 30.6447 1.0212e-06
300 20 1.241 29.8644 1.0214e-06
300 20 1.251 29.2474 1.0163e-06
300 20 1.261 28.5203 1.011e-06
300 20 1.271 27.9629 1.0069e-06
300 20 1.281 27.1978 1.0011e-06
300 20 1.291 26.6816 1.0047e-06
300 20 1.301 26.0159 1.0018e-06
300 20 1.311 25.5803 9.937e-07
300 20 1.321 24.8924 9.916e-07
300 20 1.331 24.2878 9.897e-07
300 20 1.341 23.7366 9.752e-07
300 20 1.351 23.1134 9.747e-07
300 20 1.361 22.5191 9.686e-07
300 20 1.371 22.0596 9.599e-07
300 20 1.381 21.5504 9.616e-07
300 20 1.391 21.1076 9.644e-07
300 20 1.401 20.46 8.47e-07
300 20 1.411 19.7722 7.9e-07
300 20 1.421 19.3818 7.965e-07
300 20 1.431 19.0281 9.508e-07
300 20 1.441 18.4199 9.116e-07
300 20 1.451 17.8853 9.089e-07
300 20 1.461 17.3659 9.031e-07
300 20 1.471 16.9642 9.105e-07
300 20 1.481 16.4205 9.024e-07
300 20 1.491 15.9663 9.001e-07
300 20 1.501 15.5155 8.898e-07
300 20 1.511 15.0416 8.736e-07
300 20 1.521 14.7292 8.739e-07
300 20 1.531 14.4266 8.777e-07
300 20 1.541 13.8943 8.496e-07
300 20 1.551 13.3238 8.41e-07
300 20 1.561 13.0031 8.627e-07
300 20 1.571 12.5794 8.576e-07
300 20 1.581 12.1884 8.406e-07
300 20 1.591 11.8561 8.266e-07
300 20 1.601 11.5643 8.407e-07
300 20 1.611 11.2897 8.447e-07
300 20 1.621 10.9668 8.426e-07
300 20 1.631 10.7945 8.38e-07
300 20 1.641 10.5409 8.344e-07
300 20 1.651 10.1339 8.287e-07
300 20 1.661 9.9544 8.283e-07
300 20 1.671 9.7103 8.226e-07
300 20 1.681 9.358 8.101e-07
300 20 1.691 9.1117 8.223e-07
300 20 1.701 8.9683 8.218e-07
300 20 1.711 8.5723 8.09e-07
300 20 1.721 8.3506 7.295e-07
300 20 1.731 8.1089 8.389e-07
300 20 1.741 7.9525 8.279e-07
300 20 1.751 7.6403 8.319e-07
300 20 1.761 7.3625 8.345e-07
300 20 1.771 7.2244 8.145e-07
300 20 1.781 7.0131 8.169e-07
300 20 1.791 6.6917 8.066e-07
300 20 1.801 6.5103 7.959e-07
300 20 1.811 6.2444 7.868e-07
300 20 1.821 6.1005 7.875e-07
300 20 1.831 5.8384 7.861e-07
300 20 1.841 5.6209 7.896e-07
300 20 1.851 5.4319 7.778e-07
300 20 1.861 5.2487 7.623e-07
300 20 1.871 5.021 7.852e-07
300 20 1.881 4.8397 7.924e-07
300 20 1.891 4.6663 7.793e-07
300 20 1.901 4.5424 7.83e-07
300 20 1.911 4.3326 7.824e-07
300 20 1.921 4.1301 7.796e-07
300 20 1.931 4.0098 7.852e-07
300 20 1.941 3.7475 7.637e-07
300 20 1.951 3.5962 7.637e-07
300 20 1.961 3.4774 7.616e-07
300 20 1.971 3.3576 7.709e-07
300 20 1.981 3.1722 7.62e-07
300 20 1.991 2.9617 7.602e-07
300 30 0.001 7563.99 2.11089e-05
300 30 0.011 7224.9 2.02015e-05
300 30 0.021 6863.59 1.9227e-05
300 30 0.031 6471.55 1.82292e-05
300 30 0.041 6125.75 1.73254e-05
300 30 0.051 5748.37 1.63434e-05
300 30 0.061 5394 1.2898e-05
300 30 0.071 5047.5 8.0392e-06
300 30 0.081 4692.46 1.29444e-05
300 30 0.091 4376.92 1.21383e-05
300 30 0.101 4052.02 1.13066e-05
300 30 0.111 3744.23 1.05385e-05
300 30 0.121 3501.93 9.898e-06
300 30 0.131 3218.41 9.1763e-06
300 30 0.141 2982.5 8.5819e-06
300 30 0.151 2801.8 6.1549e-06
300 30 0.161 2536.04 4.277e-06
300 30 0.171 2358.69 4.0328e-06
300 30 0.181 2175.88 3.7717e-06
300 30 0.191 2014.72 3.5497e-06
300 30 0.201 1847.85 5.1722e-06
300 30 0.211 1674.86 3.0887e-06
300 30 0.221 1572.62 2.947e-06
300 30 0.231 1392.7 2.7076e-06
300 30 0.241 1318.17 3.8922e-06
300 30 0.251 1179.4 4.078e-06
300 30 0.261 1107.07 3.787e-06
300 30 0.271 1001.84 3.5193e-06
300 30 0.281 898.363 3.2415e-06
300 30 0.291 834.415 2.08e-06
300 30 0.301 775.463 1.8436e-06
300 30 0.311 712.212 1.7492e-06
300 30 0.321 631.036 1.6443e-06
300 30 0.331 593.273 1.5991e-06
300 30 0.341 541.118 1.5225e-06
300 30 0.351 496.309 1.4679e-06
300 30 0.361 457.076 1.4108e-06
300 30 0.371 421.368 1.6734e-06
300 30 0.381 391.77 1.4842e-06
300 30 0.391 355.101 1.8422e-06
300 30 0.401 324.104 1.7846e-06
300 30 0.411 311.274 1.7523e-06
300 30 0.421 293.612 1.6965e-06
300 30 0.431 259.497 1.608e-06
300 30 0.441 248.035 1.577e-06
300 30 0.451 229.005 1.5277e-06
300 30 0.461 208.822 1.4771e-06
300 30 0.471 199.568 1.4483e-06
300 30 0.481 187.304 1.4264e-06
300 30 0.491 174.969 1.3849e-06
300 30 0.501 166.017 1.3526e-06
300 30 0.511 156.001 1.338e-06
300 30 0.521 146.392 1.2958e-06
300 30 0.531 139.674 1.2836e-06
300 30 0.541 129.711 1.2508e-06
300 30 0.551 128.518 1.2629e-06
300 30 0.561 119.531 1.2261e-06
300 30 0.571 112.91 1.2059e-06
300 30 0.581 108.159 1.1827e-06
300 30 0.591 105.583 1.1536e-06
300 30 0.601 100.493 1.156e-06
300 30 0.611 97.0341 1.1676e-06
300 30 0.621 95.7732 1.16e-06
300 30 0.631 90.651 1.1403e-06
300 30 0.641 87.825 1.1317e-06
300 30 0.651 86.3739 1.2057e-06
300 30 0.661 82.3916 1.2436e-06
300 30 0.671 80.1692 1.2437e-06
300 30 0.681 78.4208 1.2321e-06
300 30 0.691 75.3855 1.2252e-06
300 30 0.701 73.9281 1.2245e-06
300 30 0.711 71.8632 1.2208e-06
300 30 0.721 70.0963 1.0463e-06
300 30 0.731 68.8351 9.678e-07
300 30 0.741 66.7936 1.0727e-06
300 30 0.751 65.8101 9.074e-07
300 30 0.761 63.6518 1.0072e-06
300 30 0.771 63.1659 1.0614e-06
300 30 0.781 61.0562 1.0504e-06
300 30 0.791 59.5733 1.0476e-06
300 30 0.801 58.2266 1.0439e-06
300 30 0.811 57.2898 1.0404e-06
300 30 0.821 56.2826 1.0398e-06
300 30 0.831 54.9061 1.0497e-06
300 30 0.841 53.6976 1.0482e-06
300 30 0.851 52.7323 1.0231e-06
300 30 0.861 51.541 1.0274e-06
300 30 0.871 50.7867 1.0236e-06
300 30 0.881 49.9895 1.0234e-06
300 30 0.891 48.9672 9.804e-07
300 30 0.901 47.5435 8.097e-07
300 30 0.911 46.5433 8.077e-07
300 30 0.921 45.474 8.023e-07
300 30 0.931 44.9165 8.112e-07
300 30 0.941 44.0856 8.047e-07
300 30 0.951 43.2682 9.541e-07
300 30 0.961 42.449 9.795e-07
300 30 0.971 41.4833 1.071e-06
300 30 0.981 40.7321 1.033e-06
300 30 0.991 40.0666 9.847e-07
300 30 1.001 38.901 7.917e-07
300 30 1.011 38.0513 9.273e-07
300 30 1.021 37.3303 1.0948e-06
300 30 1.031 36.6605 1.0929e-06
300 30 1.041 36.0157 1.1063e-06
300 30 1.051 35.35 1.1263e-06
300 30 1.061 34.5884 1.0898e-06
300 30 1.071 33.8348 1.1186e-06
300 30 1.081 33.2762 1.0809e-06
300 30 1.091 32.48 1.081e-06
300 30 1.101 31.9727 1.0816e-06
300 30 1.111 31.4163 1.0687e-06
300 30 1.121 30.65 1.0686e-06
300 30 1.131 30.0056 1.0753e-06
300 30 1.141 29.5632 1.0889e-06
300 30 1.151 29.2377 1.0859e-06
300 30 1.161 28.643 1.071e-06
300 30 1.171 27.9954 1.0696e-06
300 30 1.181 27.4132 1.0938e-06
300 30 1.191 27.142 1.0659e-06
300 30 1.201 26.4909 9.961e-07
300 30 1.211 25.71 9.48e-07
300 30 1.221 25.4255 9.493e-07
300 30 1.231 24.893 8.04e-07
300 30 1.241 24.6616 7.57e-07
300 30 1.251 23.9649 7.54e-07
300 30 1.261 23.3551 7.697e-07
300 30 1.271 22.9444 7.518e-07
300 30 1.281 22.378 7.434e-07
300 30 1.291 21.9504 7.492e-07
300 30 1.301 21.3762 7.62e-07
300 30 1.311 21.1521 9.284e-07
300 30 1.321 20.5641 7.67e-07
300 30 1.331 20.226 7.548e-07
300 30 1.341 19.6465 9.017e-07
300 30 1.351 19.3154 9.227e-07
300 30 1.361 18.9095 7.933e-07
300 30 1.371 18.4124 7.194e-07
300 30 1.381 18.0028 7.349e-07
300 30 1.391 17.6911 7.34e-07
300 30 1.401 17.2129 7.267e-07
300 30 1.411 16.9998 7.303e-07
300 30 1.421 16.5468 7.242e-07
300 30 1.431 16.0012 7.181e-07
300 30 1.441 15.6845 7.351e-07
300 30 1.451 15.1822 7.585e-07
300 30 1.461 14.9848 7.546e-07
300 30 1.471 14.498 7.48e-07
300 30 1.481 14.1691 8.407e-07
300 30 1.491 13.6886 7.469e-07
300 30 1.501 13.3967 7.341e-07
300 30 1.511 13.0022 7.285e-07
300 30 1.521 12.5634 7.383e-07
300 30 1.531 12.3091 7.003e-07
300 30 1.541 11.9875 6.956e-07
300 30 1.551 11.6697 8.203e-07
300 30 1.561 11.3006 8.783e-07
300 30 1.571 10.96 8.562e-07
300 30 1.581 10.7003 6.905e-07
300 30 1.591 10.411 6.889e-07
300 30 1.601 10.2005 6.758e-07
300 30 1.611 9.9323 6.759e-07
300 30 1.621 9.7516 6.844e-07
300 30 1.631 9.4464 8.726e-07
300 30 1.641 9.2607 9.059e-07
300 30 1.651 9.1315 8.591e-07
300 30 1.661 8.8234 6.835e-07
300 30 1.671 8.5962 6.812e-07
300 30 1.681 8.3876 7.395e-07
300 30 1.691 8.1469 8.463e-07
300 30 1.701 8.0391 7.027e-07
300 30 1.711 7.7193 8.473e-07
300 30 1.721 7.5071 7.664e-07
300 30 1.731 7.3393 6.702e-07
300 30 1.741 7.0474 6.571e-07
300 30 1.751 6.8779 6.528e-07
300 30 1.761 6.6768 6.622e-07
300 30 1.771 6.5281 6.877e-07
300 30 1.781 6.2357 6.823e-07
300 30 1.791 6.0701 7.613e-07
300 30 1.801 5.8947 6.757e-07
300 30 1.811 5.6741 6.771e-07
300 30 1.821 5.4916 6.772e-07
300 30 1.831 5.3113 6.626e-07
300 30 1.841 5.1899 8.072e-07
300 30 1.851 5.0234 8.243e-07
300 30 1.861 4.7868 8.135e-07
300 30 1.871 4.5941 8.068e-07
300 30 1.881 4.5157 8.131e-07
300 30 1.891 4.3442 8.134e-07
300 30 1.901 4.1907 8.174e-07
300 30 1.911 3.9908 8.086e-07
300 30 1.921 3.7804 8.046e-07
300 30 1.931 3.598 8.022e-07
300 30 1.941 3.5372 7.996e-07
300 30 1.951 3.3958 7.918e-07
300 30 1.961 3.181 7.872e-07
300 30 1.971 3.0876 8.014e-07
300 30 1.981 2.9202 7.775e-07
300 30 1.991 2.7943 7.593e-07
300 40 0.001 10181.2 2.13864e-05
300 40 0.011 9682.99 2.02111e-05
300 40 0.021 9138.16 1.91233e-05
300 40 0.031 8582.67 1.80771e-05
300 40 0.041 8018.83 1.69789e-05
300 40 0.051 7461.62 1.58809e-05
300 40 0.061 6988.96 1.49023e-05
300 40 0.071 6509.3 7.5089e-06
300 40 0.081 5977.68 1.28628e-05
300 40 0.091 5528.77 1.20742e-05
300 40 0.101 5043.46 1.11237e-05
300 40 0.111 4683.6 1.03887e-05
300 40 0.121 4322.51 9.6509e-06
300 40 0.131 3978.43 8.9846e-06
300 40 0.141 3611.15 8.2925e-06
300 40 0.151 3322.32 7.7201e-06
300 40 0.161 3063.85 4.8958e-06
300 40 0.171 2790.85 3.7313e-06
300 40 0.181 2531.93 3.4732e-06
300 40 0.191 2305.2 3.2203e-06
300 40 0.201 2107.32 3.0327e-06
300 40 0.211 1916.73 2.8064e-06
300 40 0.221 1727.34 2.6288e-06
300 40 0.231 1571.31 2.4529e-06
300 40 0.241 1422.98 2.3231e-06
300 40 0.251 1304.31 2.444e-06
300 40 0.261 1174.07 2.0481e-06
300 40 0.271 1070.73 1.9479e-06
300 40 0.281 973.816 1.8396e-06
300 40 0.291 883.432 1.7445e-06
300 40 0.301 805.096 1.6692e-06
300 40 0.311 699.519 1.5517e-06
300 40 0.321 671.354 1.5299e-06
300 40 0.331 591.439 1.4351e-06
300 40 0.341 550.474 1.7974e-06
300 40 0.351 505.444 2.063e-06
300 40 0.361 447.806 1.9337e-06
300 40 0.371 410.78 1.8548e-06
300 40 0.381 392.012 1.8381e-06
300 40 0.391 340.461 1.7238e-06
300 40 0.401 317.232 1.6763e-06
300 40 0.411 293.677 1.626e-06
300 40 0.421 268.491 1.5575e-06
300 40 0.431 244.112 1.4466e-06
300 40 0.441 233.082 1.4159e-06
300 40 0.451 213.018 1.3817e-06
300 40 0.461 206.3 1.3581e-06
300 40 0.471 184.429 1.3067e-06
300 40 0.481 169.399 1.2872e-06
300 40 0.491 163.669 1.2636e-06
300 40 0.501 155.952 1.2479e-06
300 40 0.511 145.001 1.0195e-06
300 40 0.521 138.493 9.251e-07
300 40 0.531 130.356 9.213e-07
300 40 0.541 121.784 9.065e-07
300 40 0.551 118.496 8.984e-07
300 40 0.561 110.87 1.0722e-06
300 40 0.571 107.212 1.1509e-06
300 40 0.581 103.856 1.156e-06
300 40 0.591 98.0495 1.1288e-06
300 40 0.601 94.8378 1.1215e-06
300 40 0.611 91.0259 1.1246e-06
300 40 0.621 87.9351 1.1129e-06
300 40 0.631 86.0419 1.1044e-06
300 40 0.641 83.3024 1.095e-06
300 40 0.651 80.5721 1.0862e-06
300 40 0.661 78.0988 1.0931e-06
300 40 0.671 76.4022 1.0764e-06
300 40 0.681 74.5124 1.0714e-06
300 40 0.691 72.4775 1.0615e-06
300 40 0.701 70.507 1.0567e-06
300 40 0.711 69.2067 1.0632e-06
300 40 0.721 67.2933 1.0967e-06
300 40 0.731 65.6627 1.0968e-06
300 40 0.741 63.9588 1.0588e-06
300 40 0.751 62.4 1.0828e-06
300 40 0.761 61.2382 1.0436e-06
300 40 0.771 59.7255 1.038e-06
300 40 0.781 58.4993 1.0322e-06
300 40 0.791 57.4639 1.0328e-06
300 40 0.801 56.069 1.031e-06
300 40 0.811 54.7039 1.0259e-06
300 40 0.821 54.0342 1.0145e-06
300 40 0.831 53.0607 1.0066e-06
300 40 0.841 51.8594 1.0358e-06
300 40 0.851 50.9704 1.0368e-06
300 40 0.861 49.9779 1.0091e-06
300 40 0.871 48.5881 1.0014e-06
300 40 0.881 47.6894 9.989e-07
300 40 0.891 46.6219 1.0027e-06
300 40 0.901 45.7619 9.938e-07
300 40 0.911 44.8547 1.0197e-06
300 40 0.921 44.135 9.91e-07
300 40 0.931 43.3683 9.823e-07
300 40 0.941 42.5098 9.822e-07
300 40 0.951 41.5989 9.879e-07
300 40 0.961 40.8165 9.854e-07
300 40 0.971 39.8359 7.905e-07
300 40 0.981 39.3096 8.542e-07
300 40 0.991 38.2953 9.93e-07
300 40 1.001 37.5912 9.836e-07
300 40 1.011 37.0084 9.884e-07
300 40 1.021 36.2126 9.741e-07
300 40 1.031 35.3402 9.558e-07
300 40 1.041 34.6583 9.671e-07
300 40 1.051 34.2218 9.589e-07
300 40 1.061 33.4651 8.18e-07
300 40 1.071 32.9327 9.574e-07
300 40 1.081 32.2978 9.613e-07
300 40 1.091 31.8148 9.615e-07
300 40 1.101 31.2236 8.283e-07
300 40 1.111 30.6389 8.076e-07
300 40 1.121 29.9459 8.299e-07
300 40 1.131 29.5368 9.437e-07
300 40 1.141 28.9488 9.301e-07
300 40 1.151 28.298 9.344e-07
300 40 1.161 27.8619 9.274e-07
300 40 1.171 27.4489 9.293e-07
300 40 1.181 26.8672 9.32e-07
300 40 1.191 26.461 9.666e-07
300 40 1.201 25.8592 9.643e-07
300 40 1.211 25.4432 9.631e-07
300 40 1.221 25.0833 9.682e-07
300 40 1.231 24.5231 9.631e-07
300 40 1.241 24.1268 9.612e-07
300 40 1.251 23.6256 9.624e-07
300 40 1.261 23.1644 9.552e-07
300 40 1.271 22.8166 9.526e-07
300 40 1.281 22.385 9.429e-07
300 40 1.291 21.9187 9.574e-07
300 40 1.301 21.4224 9.53e-07
300 40 1.311 20.9628 9.477e-07
300 40 1.321 20.4853 9.371e-07
300 40 1.331 20.1656 9.47e-07
300 40 1.341 19.6519 8.118e-07
300 40 1.351 19.2729 7.653e-07
300 40 1.361 18.9624 9.225e-07
300 40 1.371 18.5515 9.233e-07
300 40 1.381 18.1099 9.225e-07
300 40 1.391 17.7815 9.162e-07
300 40 1.401 17.2742 9.227e-07
300 40 1.411 16.9745 9.152e-07
300 40 1.421 16.6403 9.101e-07
300 40 1.431 16.1636 9.089e-07
300 40 1.441 15.8242 9.041e-07
300 40 1.451 15.5075 9.036e-07
300 40 1.461 15.076 9.084e-07
300 40 1.471 14.8053 9.088e-07
300 40 1.481 14.3697 9.332e-07
300 40 1.491 14.0383 9.24e-07
300 40 1.501 13.7196 9.159e-07
300 40 1.511 13.2943 8.919e-07
300 40 1.521 12.9692 8.935e-07
300 40 1.531 12.665 8.92e-07
300 40 1.541 12.3155 8.801e-07
300 40 1.551 11.9206 8.877e-07
300 40 1.561 11.5542 8.744e-07
300 40 1.571 11.2789 8.764e-07
300 40 1.581 10.895 8.765e-07
300 40 1.591 10.7887 8.808e-07
300 40 1.601 10.4806 8.7e-07
300 40 1.611 10.2984 8.738e-07
300 40 1.621 9.9681 8.617e-07
300 40 1.631 9.8583 8.658e-07
300 40 1.641 9.6038 8.629e-07
300 40 1.651 9.3714 8.548e-07
300 40 1.661 9.0675 8.604e-07
300 40 1.671 8.8755 8.31e-07
300 40 1.681 8.7394 8.23e-07
300 40 1.691 8.4779 8.211e-07
300 40 1.701 8.1961 8.178e-07
300 40 1.711 7.9789 8.137e-07
300 40 1.721 7.786 8.133e-07
300 40 1.731 7.5343 8.369e-07
300 40 1.741 7.3392 8.53e-07
300 40 1.751 7.1413 8.372e-07
300 40 1.761 6.9757 8.287e-07
300 40 1.771 6.8126 8.205e-07
300 40 1.781 6.5903 8.429e-07
300 40 1.791 6.2932 8.188e-07
300 40 1.801 6.181 8.266e-07
300 40 1.811 5.9705 8.116e-07
300 40 1.821 5.7475 8.266e-07
300 40 1.831 5.5808 8.203e-07
300 40 1.841 5.3667 6.957e-07
300 40 1.851 5.1948 7.918e-07
300 40 1.861 4.976 8.103e-07
300 40 1.871 4.8615 7.51e-07
300 40 1.881 4.7262 7.085e-07
300 40 1.891 4.5574 7.897e-07
300 40 1.901 4.3184 7.777e-07
300 40 1.911 4.2003 7.618e-07
300 40 1.921 4.0443 7.967e-07
300 40 1.931 3.9382 7.695e-07
300 40 1.941 3.671 7.78e-07
300 40 1.951 3.5517 7.638e-07
300 40 1.961 3.3717 7.566e-07
300 40 1.971 3.2414 7.584e-07
300 40 1.981 3.0409 7.627e-07
300 40 1.991 2.9053 7.478e-07
400 10 0.001 3125.55 8.9985e-06
400 10 0.011 3083.21 8.8946e-06
400 10 0.021 3036.63 8.7776e-06
400 10 0.031 2991.46 8.6672e-06
400 10 0.041 2922.41 8.4903e-06
400 10 0.051 2865.31 8.3563e-06
400 10 0.061 2815.37 8.2254e-06
400 10 0.071 2759.33 8.0835e-06
400 10 0.081 2696.62 7.9228e-06
400 10 0.091 2641.95 7.7882e-06
400 10 0.101 2576.81 7.6209e-06
400 10 0.111 2520.25 7.4909e-06
400 10 0.121 2454.12 7.3351e-06
400 10 0.131 2398.38 7.1996e-06
400 10 0.141 2341.12 7.0631e-06
400 10 0.151 2281.46 6.9142e-06
400 10 0.161 2245.1 6.8384e-06
400 10 0.171 2169.44 6.6472e-06
400 10 0.181 2126.2 6.541e-06
400 10 0.191 2059.25 6.3753e-06
400 10 0.201 2005.91 6.2459e-06
400 10 0.211 1966.92 6.1407e-06
400 10 0.221 1895.37 5.9775e-06
400 10 0.231 1857 5.8716e-06
400 10 0.241 1809.69 5.7732e-06
400 10 0.251 1748.81 5.6074e-06
400 10 0.261 1705.38 4.471e-06
400 10 0.271 1643.43 3.1656e-06
400 10 0.281 1604.5 3.6064e-06
400 10 0.291 1556.34 4.0649e-06
400 10 0.301 1505.92 3.0056e-06
400 10 0.311 1461.44 2.9684e-06
400 10 0.321 1412.28 3.4604e-06
400 10 0.331 1373.4 4.7059e-06
400 10 0.341 1352.78 4.6646e-06
400 10 0.351 1284.32 4.4844e-06
400 10 0.361 1233.84 4.36e-06
400 10 0.371 1206.06 4.3062e-06
400 10 0.381 1170.22 4.2171e-06
400 10 0.391 1138.27 4.151e-06
400 10 0.401 1085.73 4.0192e-06
400 10 0.411 1057.71 3.9566e-06
400 10 0.421 1029.05 3.8873e-06
400 10 0.431 983.949 3.7796e-06
400 10 0.441 969.669 3.7494e-06
400 10 0.451 922.313 3.6378e-06
400 10 0.461 899.445 3.5859e-06
400 10 0.471 859.653 3.4972e-06
400 10 0.481 838.668 3.4495e-06
400 10 0.491 817.773 3.4119e-06
400 10 0.501 773.506 3.2967e-06
400 10 0.511 757.601 3.259e-06
400 10 0.521 729.862 3.1946e-06
400 10 0.531 697.19 3.1347e-06
400 10 0.541 665.732 3.0436e-06
400 10 0.551 657.254 3.0379e-06
400 10 0.561 626.947 2.9553e-06
400 10 0.571 599.672 2.8975e-06
400 10 0.581 584.921 2.8589e-06
400 10 0.591 562.258 2.8085e-06
400 10 0.601 540.959 2.7622e-06
400 10 0.611 520.283 2.6029e-06
400 10 0.621 500.3 1.8969e-06
400 10 0.631 484.262 1.8921e-06
400 10 0.641 464.965 1.873e-06
400 10 0.651 446.066 1.8645e-06
400 10 0.661 434.619 1.8514e-06
400 10 0.671 413.037 1.836e-06
400 10 0.681 399.996 1.8008e-06
400 10 0.691 388.639 1.8065e-06
400 10 0.701 371.221 1.7575e-06
400 10 0.711 356.003 1.7654e-06
400 10 0.721 349.321 1.7704e-06
400 10 0.731 330.164 2.2835e-06
400 10 0.741 318.65 2.2571e-06
400 10 0.751 304.97 2.2282e-06
400 10 0.761 294.602 2.189e-06
400 10 0.771 283.053 2.1749e-06
400 10 0.781 275.67 2.1512e-06
400 10 0.791 261.262 2.1222e-06
400 10 0.801 253.542 2.0983e-06
400 10 0.811 241.397 2.0737e-06
400 10 0.821 234.938 2.0587e-06
400 10 0.831 224.375 2.0249e-06
400 10 0.841 217.633 2.0104e-06
400 10 0.851 210.613 1.6596e-06
400 10 0.861 201.701 1.5338e-06
400 10 0.871 190.515 1.5712e-06
400 10 0.881 183.781 1.9045e-06
400 10 0.891 177.79 1.8953e-06
400 10 0.901 171.503 1.8661e-06
400 10 0.911 168.486 1.8595e-06
400 10 0.921 159.707 1.8444e-06
400 10 0.931 154.116 1.5292e-06
400 10 0.941 148.625 1.4422e-06
400 10 0.951 143.547 1.4704e-06
400 10 0.961 140.862 1.432e-06
400 10 0.971 133.371 1.3984e-06
400 10 0.981 126.899 1.3888e-06
400 10 0.991 122.543 1.5723e-06
400 10 1.001 118.864 1.3649e-06
400 10 1.011 113.1 1.5982e-06
400 10 1.021 110.008 1.6621e-06
400 10 1.031 105.215 1.6572e-06
400 10 1.041 101.113 1.6353e-06
400 10 1.051 98.4118 1.6208e-06
400 10 1.061 92.9718 1.5798e-06
400 10 1.071 91.0584 1.5876e-06
400 10 1.081 88.2856 1.5695e-06
400 10 1.091 85.0159 1.5552e-06
400 10 1.101 82.0119 1.5341e-06
400 10 1.111 79.0144 1.5121e-06
400 10 1.121 77.9806 1.513e-06
400 10 1.131 74.3117 1.4849e-06
400 10 1.141 72.9837 1.482e-06
400 10 1.151 70.8046 1.468e-06
400 10 1.161 68.6782 1.4569e-06
400 10 1.171 67.1702 1.4511e-06
400 10 1.181 64.8696 1.4242e-06
400 10 1.191 62.9618 1.4189e-06
400 10 1.201 59.9088 1.3974e-06
400 10 1.211 58.76 1.3842e-06
400 10 1.221 57.6391 1.3775e-06
400 10 1.231 56.0597 1.3665e-06
400 10 1.241 53.9103 1.3409e-06
400 10 1.251 52.9013 1.339e-06
400 10 1.261 51.0315 1.3317e-06
400 10 1.271 49.976 1.3272e-06
400 10 1.281 47.9348 1.3306e-06
400 10 1.291 46.67 1.3324e-06
400 10 1.301 45.256 1.3035e-06
400 10 1.311 44.005 1.2962e-06
400 10 1.321 42.9324 1.2985e-06
400 10 1.331 41.8605 1.2575e-06
400 10 1.341 40.0863 1.2449e-06
400 10 1.351 38.976 1.2364e-06
400 10 1.361 37.7122 1.2295e-06
400 10 1.371 36.8284 1.2137e-06
400 10 1.381 35.8508 1.2032e-06
400 10 1.391 34.5485 1.206e-06
400 10 1.401 33.7285 1.2003e-06
400 10 1.411 32.3498 1.1914e-06
400 10 1.421 31.7751 1.0722e-06
400 10 1.431 30.5904 1.0398e-06
400 10 1.441 29.2725 9.14e-07
400 10 1.451 28.4535 9.381e-07
400 10 1.461 27.6601 1.1183e-06
400 10 1.471 26.7065 1.1137e-06
400 10 1.481 25.7505 1.1024e-06
400 10 1.491 25.0374 1.0888e-06
400 10 1.501 24.1364 1.0898e-06
400 10 1.511 23.3411 1.0825e-06
400 10 1.521 22.4322 1.0646e-06
400 10 1.531 21.7115 1.0598e-06
400 10 1.541 21.0232 1.0571e-06
400 10 1.551 20.2874 9.218e-07
400 10 1.561 19.5561 1.0322e-06
400 10 1.571 18.7491 1.0464e-06
400 10 1.581 18.0441 1.036e-06
400 10 1.591 17.5243 1.0317e-06
400 10 1.601 16.8907 1.0166e-06
400 10 1.611 16.5871 1.0226e-06
400 10 1.621 16.2323 1.0206e-06
400 10 1.631 15.5288 1.0115e-06
400 10 1.641 15.2103 1.013e-06
400 10 1.651 14.8061 9.066e-07
400 10 1.661 14.5184 8.308e-07
400 10 1.671 14.0122 8.693e-07
400 10 1.681 13.7129 8.266e-07
400 10 1.691 13.297 9.709e-07
400 10 1.701 12.6848 9.758e-07
400 10 1.711 12.3171 9.696e-07
400 10 1.721 11.8364 9.67e-07
400 10 1.731 11.6178 9.466e-07
400 10 1.741 11.1718 9.494e-07
400 10 1.751 10.8135 9.536e-07
400 10 1.761 10.5468 9.496e-07
400 10 1.771 10.0321 9.122e-07
400 10 1.781 9.6908 8.073e-07
400 10 1.791 9.5336 8.066e-07
400 10 1.801 9.011 8.452e-07
400 10 1.811 8.6926 9.669e-07
400 10 1.821 8.3892 9.11e-07
400 10 1.831 8.0181 9.033e-07
400 10 1.841 7.8369 9.083e-07
400 10 1.851 7.5695 9.062e-07
400 10 1.861 7.1691 8.877e-07
400 10 1.871 6.9314 9.013e-07
400 10 1.881 6.5986 8.997e-07
400 10 1.891 6.3682 8.864e-07
400 10 1.901 5.9961 8.943e-07
400 10 1.911 5.826 8.371e-07
400 10 1.921 5.5635 7.66e-07
400 10 1.931 5.2459 7.05e-07
400 10 1.941 5.0386 7.122e-07
400 10 1.951 4.8027 6.83e-07
400 10 1.961 4.565 6.825e-07
400 10 1.971 4.3777 6.734e-07
400 10 1.981 4.2211 6.805e-07
400 10 1.991 3.9719 6.695e-07
400 20 0.001 6840.84 1.02861e-05
400 20 0.011 6655.27 1.00021e-05
400 20 0.021 6435.75 9.6908e-06
400 20 0.031 6217.11 9.3501e-06
400 20 0.041 5963.48 9.0266e-06
400 20 0.051 5708.73 8.6716e-06
400 20 0.061 5476.74 8.3487e-06
400 20 0.071 5231.73 9.5943e-06
400 20 0.081 5032.52 1.39447e-05
400 20 0.091 4817.18 1.33978e-05
400 20 0.101 4617.24 1.28972e-05
400 20 0.111 4366.55 7.9518e-06
400 20 0.121 4180.63 6.5754e-06
400 20 0.131 3937.23 7.1008e-06
400 20 0.141 3719.76 8.4555e-06
400 20 0.151 3544.38 5.7173e-06
400 20 0.161 3388.45 5.5039e-06
400 20 0.171 3184.01 5.2074e-06
400 20 0.181 2998.57 4.9888e-06
400 20 0.191 2874.09 7.8046e-06
400 20 0.201 2720.51 6.035e-06
400 20 0.211 2557.41 7.9104e-06
400 20 0.221 2437.34 7.5951e-06
400 20 0.231 2281.3 7.1998e-06
400 20 0.241 2153.69 6.8448e-06
400 20 0.251 2008.36 6.4528e-06
400 20 0.261 1912.98 6.1655e-06
400 20 0.271 1808.02 3.8849e-06
400 20 0.281 1722.77 5.3968e-06
400 20 0.291 1588.82 5.1108e-06
400 20 0.301 1474.93 4.8362e-06
400 20 0.311 1437.48 4.7639e-06
400 20 0.321 1319.02 4.4288e-06
400 20 0.331 1233.98 4.2067e-06
400 20 0.341 1176.29 4.0909e-06
400 20 0.351 1081.06 3.9632e-06
400 20 0.361 1049.59 3.7797e-06
400 20 0.371 988.75 3.6075e-06
400 20 0.381 919.732 3.4199e-06
400 20 0.391 864.572 3.285e-06
400 20 0.401 798.401 3.1556e-06
400 20 0.411 749.945 3.0711e-06
400 20 0.421 704.055 2.9365e-06
400 20 0.431 667.318 2.8555e-06
400 20 0.441 612.447 2.6833e-06
400 20 0.451 590.927 2.5827e-06
400 20 0.461 549.919 1.9254e-06
400 20 0.471 515.411 1.6627e-06
400 20 0.481 493.819 1.6237e-06
400 20 0.491 459.425 1.5746e-06
400 20 0.501 432.559 1.5422e-06
400 20 0.511 414.181 1.5211e-06
400 20 0.521 399.972 1.9752e-06
400 20 0.531 363.795 1.9939e-06
400 20 0.541 334.243 1.9367e-06
400 20 0.551 321.515 1.8889e-06
400 20 0.561 316.044 1.868e-06
400 20 0.571 290.832 1.8617e-06
400 20 0.581 274.041 1.8613e-06
400 20 0.591 265.505 1.8181e-06
400 20 0.601 247.66 1.7955e-06
400 20 0.611 237.775 1.7801e-06
400 20 0.621 227.53 1.7459e-06
400 20 0.631 214.211 1.7133e-06
400 20 0.641 207.808 1.6783e-06
400 20 0.651 198.396 1.6563e-06
400 20 0.661 187.326 1.6429e-06
400 20 0.671 174.109 1.6075e-06
400 20 0.681 172.234 1.6e-06
400 20 0.691 166.763 1.5595e-06
400 20 0.701 158.549 1.5519e-06
400 20 0.711 152.212 1.5239e-06
400 20 0.721 144.257 1.5067e-06
400 20 0.731 140.806 1.503e-06
400 20 0.741 137.405 1.4897e-06
400 20 0.751 132.535 1.4888e-06
400 20 0.761 126.558 1.4785e-06
400 20 0.771 123.539 1.461e-06
400 20 0.781 119.588 1.4514e-06
400 20 0.791 118.457 1.4302e-06
400 20 0.801 113.141 1.4211e-06
400 20 0.811 109.868 1.419e-06
400 20 0.821 106.503 1.4099e-06
400 20 0.831 103.587 1.4007e-06
400 20 0.841 100.393 1.3796e-06
400 20 0.851 97.9068 1.3679e-06
400 20 0.861 94.8408 1.3711e-06
400 20 0.871 93.167 1.3389e-06
400 20 0.881 90.9336 1.3635e-06
400 20 0.891 88.9171 1.3449e-06
400 20 0.901 85.9589 1.2616e-06
400 20 0.911 84.7492 1.226e-06
400 20 0.921 82.1249 1.3247e-06
400 20 0.931 79.5105 1.0281e-06
400 20 0.941 77.8527 1.2757e-06
400 20 0.951 76.1651 1.3603e-06
400 20 0.961 74.1244 1.3456e-06
400 20 0.971 72.6151 1.3451e-06
400 20 0.981 70.5613 1.3391e-06
400 20 0.991 69.028 1.1033e-06
400 20 1.001 67.4464 9.823e-07
400 20 1.011 66.0093 9.804e-07
400 20 1.021 64.0491 9.684e-07
400 20 1.031 62.9921 1.1041e-06
400 20 1.041 61.5909 1.1357e-06
400 20 1.051 60.0997 1.2432e-06
400 20 1.061 58.811 1.2295e-06
400 20 1.071 57.022 1.2267e-06
400 20 1.081 56.3891 1.2394e-06
400 20 1.091 55.0336 1.223e-06
400 20 1.101 53.75 1.2241e-06
400 20 1.111 52.5262 1.2282e-06
400 20 1.121 51.7827 1.2194e-06
400 20 1.131 50.4596 1.2095e-06
400 20 1.141 49.5228 1.2115e-06
400 20 1.151 48.4838 1.2057e-06
400 20 1.161 47.5392 1.2064e-06
400 20 1.171 46.4555 1.0149e-06
400 20 1.181 45.3097 9.218e-07
400 20 1.191 44.3516 9.838e-07
400 20 1.201 43.6439 9.546e-07
400 20 1.211 42.8321 1.0769e-06
400 20 1.221 41.896 1.1129e-06
400 20 1.231 41.022 9.858e-07
400 20 1.241 39.9164 8.866e-07
400 20 1.251 39.4496 9.164e-07
400 20 1.261 38.2775 9.71e-07
400 20 1.271 37.3724 1.0988e-06
400 20 1.281 36.395 9.491e-07
400 20 1.291 35.8278 1.1892e-06
400 20 1.301 34.9523 1.1844e-06
400 20 1.311 34.3217 1.1758e-06
400 20 1.321 33.251 1.1745e-06
400 20 1.331 32.6052 1.1661e-06
400 20 1.341 31.986 1.1554e-06
400 20 1.351 31.0166 1.1552e-06
400 20 1.361 30.4294 1.1456e-06
400 20 1.371 29.6446 1.1552e-06
400 20 1.381 28.7814 1.1491e-06
400 20 1.391 28.2148 1.1373e-06
400 20 1.401 27.2281 1.1238e-06
400 20 1.411 26.617 9.959e-07
400 20 1.421 25.7971 8.607e-07
400 20 1.431 25.2914 1.0003e-06
400 20 1.441 24.6074 9.903e-07
400 20 1.451 23.7919 9.93e-07
400 20 1.461 23.4441 9.854e-07
400 20 1.471 22.8173 9.776e-07
400 20 1.481 22.0644 9.669e-07
400 20 1.491 21.44 9.788e-07
400 20 1.501 20.9391 9.67e-07
400 20 1.511 20.3259 9.588e-07
400 20 1.521 19.6818 9.528e-07
400 20 1.531 19.0592 9.472e-07
400 20 1.541 18.436 9.426e-07
400 20 1.551 17.8201 9.389e-07
400 20 1.561 17.3989 9.357e-07
400 20 1.571 16.7923 9.234e-07
400 20 1.581 16.3806 9.157e-07
400 20 1.591 15.8135 9.161e-07
400 20 1.601 15.4978 9.085e-07
400 20 1.611 15.0781 9.056e-07
400 20 1.621 14.6754 9.02e-07
400 20 1.631 14.3463 8.982e-07
400 20 1.641 14.0036 9.053e-07
400 20 1.651 13.5613 8.868e-07
400 20 1.661 13.1505 8.868e-07
400 20 1.671 12.9299 8.236e-07
400 20 1.681 12.7162 8.69e-07
400 20 1.691 12.2692 8.988e-07
400 20 1.701 11.8682 8.929e-07
400 20 1.711 11.5416 8.91e-07
400 20 1.721 11.2448 8.857e-07
400 20 1.731 10.7986 8.87e-07
400 20 1.741 10.4802 8.685e-07
400 20 1.751 10.2296 8.507e-07
400 20 1.761 9.9147 8.674e-07
400 20 1.771 9.4599 8.734e-07
400 20 1.781 9.2308 8.675e-07
400 20 1.791 8.9812 8.595e-07
400 20 1.801 8.6194 8.528e-07
400 20 1.811 8.3769 8.496e-07
400 20 1.821 8.102 8.53e-07
400 20 1.831 7.8048 8.431e-07
400 20 1.841 7.5095 7.363e-07
400 20 1.851 7.1606 9.44e-07
400 20 1.861 6.9005 9.358e-07
400 20 1.871 6.7019 9.376e-07
400 20 1.881 6.3648 9.361e-07
400 20 1.891 6.1627 9.281e-07
400 20 1.901 5.8625 9.321e-07
400 20 1.911 5.6653 7.654e-07
400 20 1.921 5.432 6.763e-07
400 20 1.931 5.2016 6.684e-07
400 20 1.941 5.0172 7.327e-07
400 20 1.951 4.7224 8.208e-07
400 20 1.961 4.5707 8.125e-07
400 20 1.971 4.292 8.097e-07
400 20 1.981 4.0988 8.011e-07
400 20 1.991 3.9406 8.009e-07
400 30 0.001 10359.5 2.84688e-05
400 30 0.011 9900.26 2.72525e-05
400 30 0.021 9427.38 2.59976e-05
400 30 0.031 8873.08 2.45246e-05
400 30 0.041 8358.5 2.31672e-05
400 30 0.051 7865.12 2.18451e-05
400 30 0.061 7333.52 2.04368e-05
400 30 0.071 6921.95 1.92624e-05
400 30 0.081 6399.14 1.79006e-05
400 30 0.091 5945.99 9.3606e-06
400 30 0.101 5540.51 8.4518e-06
400 30 0.111 5189.85 7.9545e-06
400 30 0.121 4749.39 7.3572e-06
400 30 0.131 4422.9 1.20941e-05
400 30 0.141 4100.92 1.1606e-05
400 30 0.151 3752.41 1.06917e-05
400 30 0.161 3517.11 1.01175e-05
400 30 0.171 3247.63 9.4237e-06
400 30 0.181 2943.74 8.6169e-06
400 30 0.191 2753.35 5.4951e-06
400 30 0.201 2479.46 4.2153e-06
400 30 0.211 2268.2 3.9292e-06
400 30 0.221 2119.94 4.5836e-06
400 30 0.231 1912.16 5.8216e-06
400 30 0.241 1771.1 5.4665e-06
400 30 0.251 1628.33 5.1215e-06
400 30 0.261 1511.42 3.9488e-06
400 30 0.271 1359.2 2.7134e-06
400 30 0.281 1243.67 2.5371e-06
400 30 0.291 1153.8 2.4126e-06
400 30 0.301 1058.6 2.2872e-06
400 30 0.311 975.269 2.1743e-06
400 30 0.321 890.958 2.0621e-06
400 30 0.331 808.777 1.9552e-06
400 30 0.341 734.213 2.644e-06
400 30 0.351 697.62 2.8548e-06
400 30 0.361 624.37 2.6666e-06
400 30 0.371 574.823 2.5401e-06
400 30 0.381 523.895 2.0992e-06
400 30 0.391 492.355 1.5236e-06
400 30 0.401 456.551 1.4659e-06
400 30 0.411 421.027 1.4183e-06
400 30 0.421 383.15 1.37e-06
400 30 0.431 345.897 1.3252e-06
400 30 0.441 330.288 1.306e-06
400 30 0.451 307.114 1.2726e-06
400 30 0.461 281.913 1.2407e-06
400 30 0.471 270.323 1.2158e-06
400 30 0.481 252.939 1.1934e-06
400 30 0.491 232.205 1.2186e-06
400 30 0.501 225.011 1.5921e-06
400 30 0.511 211.964 1.5441e-06
400 30 0.521 199.929 1.5142e-06
400 30 0.531 189.635 1.5016e-06
400 30 0.541 176.341 1.4692e-06
400 30 0.551 170.32 1.4618e-06
400 30 0.561 161.49 1.3029e-06
400 30 0.571 156.542 1.0848e-06
400 30 0.581 147.101 1.0411e-06
400 30 0.591 140.958 1.0372e-06
400 30 0.601 135.822 1.0211e-06
400 30 0.611 130.008 1.0224e-06
400 30 0.621 126.296 1.0419e-06
400 30 0.631 121.919 1.0122e-06
400 30 0.641 117.531 1.2478e-06
400 30 0.651 113.936 1.3414e-06
400 30 0.661 111.623 1.3067e-06
400 30 0.671 108.772 1.2681e-06
400 30 0.681 104.061 1.2396e-06
400 30 0.691 102.369 1.2287e-06
400 30 0.701 99.155 1.22e-06
400 30 0.711 95.9984 1.2122e-06
400 30 0.721 93.8255 1.1936e-06
400 30 0.731 91.6245 1.1714e-06
400 30 0.741 88.9801 1.167e-06
400 30 0.751 86.9897 1.1565e-06
400 30 0.761 85.9328 1.0382e-06
400 30 0.771 83.6754 9.401e-07
400 30 0.781 81.7642 9.206e-07
400 30 0.791 79.7721 9.339e-07
400 30 0.801 78.6609 9.843e-07
400 30 0.811 76.8766 1.2335e-06
400 30 0.821 74.9218 1.0683e-06
400 30 0.831 73.0993 9.1e-07
400 30 0.841 71.5528 9.15e-07
400 30 0.851 70.2351 9.226e-07
400 30 0.861 68.8542 1.0722e-06
400 30 0.871 67.239 1.001e-06
400 30 0.881 66.3352 1.1087e-06
400 30 0.891 64.4108 1.0988e-06
400 30 0.901 63.3938 1.0949e-06
400 30 0.911 62.502 1.0963e-06
400 30 0.921 61.2719 1.0685e-06
400 30 0.931 59.6837 9.661e-07
400 30 0.941 58.6775 1.0881e-06
400 30 0.951 57.586 1.0787e-06
400 30 0.961 56.2423 1.0712e-06
400 30 0.971 54.8561 1.0784e-06
400 30 0.981 53.9208 1.0722e-06
400 30 0.991 52.8734 1.0712e-06
400 30 1.001 51.7057 1.0686e-06
400 30 1.011 50.6104 1.0694e-06
400 30 1.021 49.4821 1.0587e-06
400 30 1.031 48.5935 1.0574e-06
400 30 1.041 47.8088 1.0587e-06
400 30 1.051 46.6354 1.0565e-06
400 30 1.061 45.6548 1.0835e-06
400 30 1.071 44.8042 1.0839e-06
400 30 1.081 43.8221 1.0734e-06
400 30 1.091 43.0899 1.0775e-06
400 30 1.101 42.343 1.0639e-06
400 30 1.111 41.6151 1.063e-06
400 30 1.121 40.4875 1.0642e-06
400 30 1.131 40.1179 1.0511e-06
400 30 1.141 39.2735 1.0329e-06
400 30 1.151 38.6103 1.0304e-06
400 30 1.161 37.7935 1.0324e-06
400 30 1.171 37.0228 1.0284e-06
400 30 1.181 36.0906 1.0286e-06
400 30 1.191 35.571 1.0281e-06
400 30 1.201 34.9701 1.0205e-06
400 30 1.211 34.384 1.0125e-06
400 30 1.221 33.6608 1.0082e-06
400 30 1.231 33.1317 1.0121e-06
400 30 1.241 32.5822 1.0055e-06
400 30 1.251 31.698 1.0039e-06
400 30 1.261 31.1203 1.0042e-06
400 30 1.271 30.346 1.0002e-06
400 30 1.281 29.6424 1.0037e-06
400 30 1.291 29.1706 9.978e-07
400 30 1.301 28.6554 1.0008e-06
400 30 1.311 28.1114 9.973e-07
400 30 1.321 27.3414 9.894e-07
400 30 1.331 26.8394 9.91e-07
400 30 1.341 26.2522 9.879e-07
400 30 1.351 25.8157 9.824e-07
400 30 1.361 25.0914 9.825e-07
400 30 1.371 24.7104 1.0125e-06
400 30 1.381 24.0119 1.0141e-06
400 30 1.391 23.472 1.0001e-06
400 30 1.401 22.9634 9.991e-07
400 30 1.411 22.5989 9.941e-07
400 30 1.421 21.9937 9.896e-07
400 30 1.431 21.4026 9.942e-07
400 30 1.441 20.825 9.918e-07
400 30 1.451 20.375 9.912e-07
400 30 1.461 19.9466 9.842e-07
400 30 1.471 19.5048 9.765e-07
400 30 1.481 18.914 9.717e-07
400 30 1.491 18.558 9.67e-07
400 30 1.501 17.7655 9.669e-07
400 30 1.511 17.6513 9.628e-07
400 30 1.521 17.038 9.434e-07
400 30 1.531 16.6484 9.434e-07
400 30 1.541 16.1174 9.374e-07
400 30 1.551 15.7584 9.318e-07
400 30 1.561 15.2805 9.372e-07
400 30 1.571 14.8365 9.377e-07
400 30 1.581 14.3752 9.119e-07
400 30 1.591 14.0302 8.9e-07
400 30 1.601 13.7144 8.914e-07
400 30 1.611 13.414 9.118e-07
400 30 1.621 13.2172 9.18e-07
400 30 1.631 12.8855 9.151e-07
400 30 1.641 12.5224 8.426e-07
400 30 1.651 12.2946 7.312e-07
400 30 1.661 11.8785 7.188e-07
400 30 1.671 11.7059 7.856e-07
400 30 1.681 11.3097 9.239e-07
400 30 1.691 10.9896 7.497e-07
400 30 1.701 10.6852 6.964e-07
400 30 1.711 10.4807 7.767e-07
400 30 1.721 10.2018 8.891e-07
400 30 1.731 9.8487 8.847e-07
400 30 1.741 9.6319 8.125e-07
400 30 1.751 9.3238 8.493e-07
400 30 1.761 9.1003 8.787e-07
400 30 1.771 8.7729 8.805e-07
400 30 1.781 8.513 8.75e-07
400 30 1.791 8.2341 8.735e-07
400 30 1.801 7.9209 8.683e-07
400 30 1.811 7.6928 8.694e-07
400 30 1.821 7.4761 8.622e-07
400 30 1.831 7.1265 8.308e-07
400 30 1.841 6.947 6.872e-07
400 30 1.851 6.6743 8.777e-07
400 30 1.861 6.5248 8.749e-07
400 30 1.871 6.3225 8.788e-07
400 30 1.881 6.0533 8.633e-07
400 30 1.891 5.7952 8.613e-07
400 30 1.901 5.5545 8.693e-07
400 30 1.911 5.3854 8.696e-07
400 30 1.921 5.1359 8.684e-07
400 30 1.931 4.9479 8.573e-07
400 30 1.941 4.7118 8.556e-07
400 30 1.951 4.5102 8.545e-07
400 30 1.961 4.3724 8.456e-07
400 30 1.971 4.1778 8.486e-07
400 30 1.981 3.9324 8.352e-07
400 30 1.991 3.7524 8.276e-07
400 40 0.001 13973.9 2.91286e-05
400 40 0.011 13314.3 2.78495e-05
400 40 0.021 12560.4 2.63141e-05
400 40 0.031 11705.1 2.46911e-05
400 40 0.041 11023.5 2.33455e-05
400 40 0.051 10217.9 2.17094e-05
400 40 0.061 9630.3 2.05577e-05
400 40 0.071 8798.12 1.88901e-05
400 40 0.081 8248.27 1.77642e-05
400 40 0.091 7593.03 1.64884e-05
400 40 0.101 7026.45 1.53426e-05
400 40 0.111 6483.92 1.10506e-05
400 40 0.121 5840.28 1.26475e-05
400 40 0.131 5465.54 1.19063e-05
400 40 0.141 4983.33 1.09662e-05
400 40 0.151 4581.07 7.4943e-06
400 40 0.161 4123.99 5.148e-06
400 40 0.171 3785.2 4.7966e-06
400 40 0.181 3493.4 7.8817e-06
400 40 0.191 3114.34 7.3232e-06
400 40 0.201 2871.39 6.856e-06
400 40 0.211 2661.44 6.4451e-06
400 40 0.221 2409.93 5.9446e-06
400 40 0.231 2142.7 5.4063e-06
400 40 0.241 1961.04 5.0374e-06
400 40 0.251 1783.28 4.6832e-06
400 40 0.261 1650.89 4.4167e-06
400 40 0.271 1449.07 3.9918e-06
400 40 0.281 1354.47 3.8166e-06
400 40 0.291 1216.33 3.5264e-06
400 40 0.301 1096.82 3.2851e-06
400 40 0.311 988.737 3.0608e-06
400 40 0.321 882.538 2.8411e-06
400 40 0.331 819.697 2.7116e-06
400 40 0.341 745.256 2.552e-06
400 40 0.351 664.032 2.3898e-06
400 40 0.361 607.993 2.2697e-06
400 40 0.371 560.525 2.1745e-06
400 40 0.381 497.448 2.0468e-06
400 40 0.391 475.517 1.9972e-06
400 40 0.401 424.915 1.8953e-06
400 40 0.411 389.923 1.8088e-06
400 40 0.421 363.278 1.7666e-06
400 40 0.431 328.207 1.6957e-06
400 40 0.441 303.816 1.5076e-06
400 40 0.451 287.702 1.1609e-06
400 40 0.461 270.654 1.2523e-06
400 40 0.471 249.3 1.4793e-06
400 40 0.481 236.858 1.1802e-06
400 40 0.491 218.095 1.0995e-06
400 40 0.501 205.177 1.2583e-06
400 40 0.511 197.914 1.2192e-06
400 40 0.521 180.742 1.1695e-06
400 40 0.531 173.022 1.3459e-06
400 40 0.541 163.997 1.3304e-06
400 40 0.551 153.849 1.3056e-06
400 40 0.561 151.466 1.3055e-06
400 40 0.571 143.066 1.2833e-06
400 40 0.581 137.95 1.2711e-06
400 40 0.591 132.179 1.1463e-06
400 40 0.601 125.858 1.242e-06
400 40 0.611 124.526 1.0893e-06
400 40 0.621 117.785 1.141e-06
400 40 0.631 115.262 1.2017e-06
400 40 0.641 111.638 1.1954e-06
400 40 0.651 106.744 1.1722e-06
400 40 0.661 104.294 1.1784e-06
400 40 0.671 101.636 1.1715e-06
400 40 0.681 98.3905 1.1611e-06
400 40 0.691 96.2947 1.1579e-06
400 40 0.701 92.7793 1.1516e-06
400 40 0.711 90.2856 1.1572e-06
400 40 0.721 89.1016 1.1539e-06
400 40 0.731 86.9612 1.1716e-06
400 40 0.741 84.687 1.1571e-06
400 40 0.751 83.1256 1.1512e-06
400 40 0.761 81.2974 1.1527e-06
400 40 0.771 79.6963 1.1465e-06
400 40 0.781 78.0331 1.1363e-06
400 40 0.791 76.1544 1.1286e-06
400 40 0.801 74.4441 1.0317e-06
400 40 0.811 72.8804 1.0424e-06
400 40 0.821 71.3063 1.1144e-06
400 40 0.831 70.5054 1.0997e-06
400 40 0.841 68.3396 1.1177e-06
400 40 0.851 67.0215 1.1126e-06
400 40 0.861 65.873 9.213e-07
400 40 0.871 64.3429 9.047e-07
400 40 0.881 63.6582 1.1821e-06
400 40 0.891 61.7112 1.1794e-06
400 40 0.901 60.6825 1.1979e-06
400 40 0.911 59.4868 1.2077e-06
400 40 0.921 58.4149 1.1874e-06
400 40 0.931 57.0079 1.1565e-06
400 40 0.941 56.0104 1.1524e-06
400 40 0.951 55.2201 1.159e-06
400 40 0.961 53.8804 1.1413e-06
400 40 0.971 52.724 1.1469e-06
400 40 0.981 51.8855 1.1532e-06
400 40 0.991 50.7091 1.1658e-06
400 40 1.001 49.6259 1.1751e-06
400 40 1.011 48.3045 1.1753e-06
400 40 1.021 47.568 1.1442e-06
400 40 1.031 46.5504 1.1231e-06
400 40 1.041 45.6992 1.1165e-06
400 40 1.051 44.6156 1.1151e-06
400 40 1.061 43.8069 1.1094e-06
400 40 1.071 42.8581 1.1208e-06
400 40 1.081 42.235 1.0557e-06
400 40 1.091 41.4837 8.647e-07
400 40 1.101 40.8672 9.494e-07
400 40 1.111 39.9109 1.0114e-06
400 40 1.121 39.0349 1.0046e-06
400 40 1.131 38.2821 9.993e-07
400 40 1.141 37.5979 9.986e-07
400 40 1.151 37.1391 1.0005e-06
400 40 1.161 36.2519 9.926e-07
400 40 1.171 35.667 9.955e-07
400 40 1.181 34.9509 9.961e-07
400 40 1.191 34.3813 9.548e-07
400 40 1.201 33.5249 9.638e-07
400 40 1.211 32.9385 1.0859e-06
400 40 1.221 32.5013 9.878e-07
400 40 1.231 31.7531 8.059e-07
400 40 1.241 31.2706 8.927e-07
400 40 1.251 30.4871 9.7e-07
400 40 1.261 29.8438 9.797e-07
400 40 1.271 29.6288 9.763e-07
400 40 1.281 28.6123 9.735e-07
400 40 1.291 28.1985 9.752e-07
400 40 1.301 27.5469 9.809e-07
400 40 1.311 26.9662 9.914e-07
400 40 1.321 26.6905 9.899e-07
400 40 1.331 26.0232 9.885e-07
400 40 1.341 25.3808 9.86e-07
400 40 1.351 24.871 9.938e-07
400 40 1.361 24.3667 9.842e-07
400 40 1.371 24.0359 9.811e-07
400 40 1.381 23.258 9.745e-07
400 40 1.391 22.9264 9.728e-07
400 40 1.401 22.3907 1.0031e-06
400 40 1.411 21.8904 9.955e-07
400 40 1.421 21.3431 9.663e-07
400 40 1.431 20.8624 9.621e-07
400 40 1.441 20.4037 9.507e-07
400 40 1.451 19.9384 9.466e-07
400 40 1.461 19.4418 9.424e-07
400 40 1.471 19.0537 9.446e-07
400 40 1.481 18.5727 9.408e-07
400 40 1.491 17.9383 8.232e-07
400 40 1.501 17.582 9.295e-07
400 40 1.511 17.0086 9.332e-07
400 40 1.521 16.6835 9.304e-07
400 40 1.531 16.1097 9.182e-07
400 40 1.541 15.8064 7.607e-07
400 40 1.551 15.265 7.412e-07
400 40 1.561 14.9237 7.425e-07
400 40 1.571 14.4414 7.518e-07
400 40 1.581 14.1106 8.956e-07
400 40 1.591 13.6566 8.875e-07
400 40 1.601 13.4812 8.874e-07
400 40 1.611 13.1127 8.885e-07
400 40 1.621 12.9152 8.838e-07
400 40 1.631 12.4693 8.82e-07
400 40 1.641 12.2878 8.381e-07
400 40 1.651 11.848 7.14e-07
400 40 1.661 11.7194 6.973e-07
400 40 1.671 11.3944 6.977e-07
400 40 1.681 11.0909 7.008e-07
400 40 1.691 10.76 6.95e-07
400 40 1.701 10.5861 6.851e-07
400 40 1.711 10.2563 6.98e-07
400 40 1.721 10.0968 6.957e-07
400 40 1.731 9.8293 6.756e-07
400 40 1.741 9.4713 6.753e-07
400 40 1.751 9.1561 6.724e-07
400 40 1.761 8.8898 6.798e-07
400 40 1.771 8.6279 6.758e-07
400 40 1.781 8.3398 6.732e-07
400 40 1.791 8.1521 6.629e-07
400 40 1.801 7.9236 6.671e-07
400 40 1.811 7.5652 6.631e-07
400 40 1.821 7.3654 6.51e-07
400 40 1.831 7.1383 6.606e-07
400 40 1.841 6.8029 6.552e-07
400 40 1.851 6.6618 6.505e-07
400 40 1.861 6.5212 6.61e-07
400 40 1.871 6.2017 6.499e-07
400 40 1.881 5.9351 6.515e-07
400 40 1.891 5.7212 6.444e-07
400 40 1.901 5.5197 6.399e-07
400 40 1.911 5.357 6.246e-07
400 40 1.921 5.1315 6.368e-07
400 40 1.931 4.8943 6.319e-07
400 40 1.941 4.7511 6.331e-07
400 40 1.951 4.5033 6.29e-07
400 40 1.961 4.2793 6.13e-07
400 40 1.971 4.1246 6.092e-07
400 40 1.981 3.8982 6.103e-07
400 40 1.991 3.7816 6.107e-07
