200 10 0.001 1528.58 30192.7 9.5137
200 10 0.011 1508.57 29935.3 10.4779
200 10 0.021 1487.56 29661.3 10.3189
200 10 0.031 1464.17 29357.3 10.6269
200 10 0.041 1438.55 29023.8 11.9837
200 10 0.051 1410.9 28667.6 12.487
200 10 0.061 1390.69 28402.5 12.8481
200 10 0.071 1365.92 28076.8 13.1443
200 10 0.081 1335.15 27684.8 13.8981
200 10 0.091 1310.83 27368.6 13.3591
200 10 0.101 1283.2 27006.2 12.954
200 10 0.111 1259.54 26702.7 13.4227
200 10 0.121 1235.21 26383.5 14.0641
200 10 0.131 1208 26038.4 14.4854
200 10 0.141 1173.78 25599 15.2936
200 10 0.151 1149.52 25290.1 15.495
200 10 0.161 1122.36 24931.3 16.2374
200 10 0.171 1101.17 24658.4 17.1685
200 10 0.181 1076.29 24334.6 18.1937
200 10 0.191 1046.51 23961.3 18.8286
200 10 0.201 1020.79 23634.2 18.6363
200 10 0.211 995.133 23302.3 19.0777
200 10 0.221 972.158 23008 19.6879
200 10 0.231 951.477 22746.6 20.1272
200 10 0.241 915.565 22293.7 22.6062
200 10 0.251 901.179 22107.5 22.1747
200 10 0.261 880.451 21834 23.0618
200 10 0.271 848.425 21436 22.8463
200 10 0.281 829.821 21204 23.9386
200 10 0.291 808.273 20919.2 24.4691
200 10 0.301 783.538 20608.5 24.9657
200 10 0.311 757.773 20295.7 26.0361
200 10 0.321 739.714 20063.6 26.3253
200 10 0.331 715.86 19754 27.4979
200 10 0.341 698.554 19544.8 28.248
200 10 0.351 679.421 19300.5 28.6485
200 10 0.361 649.404 18938.8 29.15
200 10 0.371 640.244 18810.5 29.749
200 10 0.381 615.515 18509.4 30.2373
200 10 0.391 592.215 18222.9 31.0483
200 10 0.401 582.704 18091.5 31.7125
200 10 0.411 569.48 17916.1 32.7813
200 10 0.421 545.455 17638.1 33.4474
200 10 0.431 529.796 17432.3 34.1321
200 10 0.441 515.183 17255 34.4701
200 10 0.451 499.388 17063.7 35.3264
200 10 0.461 486.256 16911.8 35.8006
200 10 0.471 470.565 16702.2 37.1245
200 10 0.481 456.037 16540.1 37.2313
200 10 0.491 439.391 16332.7 37.673
200 10 0.501 423.206 16133.8 38.4853
200 10 0.511 414.032 16032.5 39.2721
200 10 0.521 398.194 15830.4 39.6257
200 10 0.531 384.528 15662 39.3081
200 10 0.541 374.72 15545.8 39.8175
200 10 0.551 358.62 15357.2 41.3158
200 10 0.561 347.678 15238.4 42.1821
200 10 0.571 335.057 15085.1 42.4559
200 10 0.581 331.253 15025.7 42.8681
200 10 0.591 313.255 14827.2 43.274
200 10 0.601 299.573 14677.5 42.77
200 10 0.611 291.053 14566.3 43.9022
200 10 0.621 280.761 14446.9 44.923
200 10 0.631 273.378 14362.8 45.1203
200 10 0.641 261.149 14234.7 45.601
200 10 0.651 256.342 14160.3 45.5501
200 10 0.661 244.631 14035.2 45.7398
200 10 0.671 234.139 13915.6 46.5438
200 10 0.681 228.266 13845 47.3222
200 10 0.691 223.472 13774 47.4709
200 10 0.701 214.602 13692.8 46.8704
200 10 0.711 205.347 13590.5 46.6981
200 10 0.721 196.836 13512.7 46.6931
200 10 0.731 190.395 13436.1 47.1352
200 10 0.741 184.938 13378.8 47.2216
200 10 0.751 178.844 13301.6 47.6678
200 10 0.761 173.155 13238.9 47.8358
200 10 0.771 166.154 13168.1 48.3375
200 10 0.781 162.718 13118.8 48.5776
200 10 0.791 153.057 13028 49.2123
200 10 0.801 149.899 12982.1 49.3345
200 10 0.811 146.443 12950.4 48.8087
200 10 0.821 141.092 12910.8 49.1836
200 10 0.831 136.543 12841.6 49.3579
200 10 0.841 130.883 12806 49.4702
200 10 0.851 126.896 12765.1 49.6122
200 10 0.861 122.48 12729 49.8018
200 10 0.871 118.927 12694.1 49.9373
200 10 0.881 114.011 12642 49.9864
200 10 0.891 110.738 12603.1 51.1216
200 10 0.901 106.009 12569.2 51.1481
200 10 0.911 104.065 12542.7 51.0006
200 10 0.921 100.983 12520.8 51.2737
200 10 0.931 97.4827 12492.4 51.264
200 10 0.941 93.9502 12453.2 52.2329
200 10 0.951 91.9086 12436.9 51.9017
200 10 0.961 86.8925 12396.9 52.1216
200 10 0.971 85.6382 12388.6 51.8438
200 10 0.981 83.1519 12359.1 51.6037
200 10 0.991 81.3382 12343.4 51.5975
200 10 1.001 78.5198 12305.6 52.0194
200 10 1.011 75.0987 12284.7 51.8075
200 10 1.021 73.3984 12257.9 51.808
200 10 1.031 71.4972 12247.5 51.9255
200 10 1.041 69.6475 12230.9 51.9404
200 10 1.051 67.4795 12220.2 52.1862
200 10 1.061 65.5492 12213.9 52.6671
200 10 1.071 64.3656 12186.2 52.6506
200 10 1.081 62.2139 12195.2 53.1438
200 10 1.091 60.4232 12173.2 52.7587
200 10 1.101 59.2226 12161.3 52.6762
200 10 1.111 58.0196 12165.1 52.9641
200 10 1.121 56.641 12153.6 52.4502
200 10 1.131 55.4321 12161.4 52.3361
200 10 1.141 54.2159 12162.7 52.4979
200 10 1.151 52.6101 12147.1 51.5296
200 10 1.161 51.8991 12157.2 51.9917
200 10 1.171 50.6665 12150.4 51.8748
200 10 1.181 49.6664 12156.5 52.6387
200 10 1.191 48.8853 12167.5 53.0121
200 10 1.201 48.1255 12156.6 50.0778
200 10 1.211 46.2956 12165.7 49.8143
200 10 1.221 46.0608 12163.5 49.698
200 10 1.231 45.2624 12169.7 49.735
200 10 1.241 44.2055 12168.6 49.7351
200 10 1.251 43.0393 12175.3 49.9467
200 10 1.261 42.2152 12169.8 52.4603
200 10 1.271 41.6581 12192.8 50.6731
200 10 1.281 40.68 12211 51.2735
200 10 1.291 40.1512 12197.3 49.3523
200 10 1.301 39.4152 12220.8 49.2748
200 10 1.311 38.7727 12208.6 49.2302
200 10 1.321 37.9939 12222 49.1008
200 10 1.331 37.2922 12230.3 49.5865
200 10 1.341 36.3548 12225 49.936
200 10 1.351 35.9707 12240.6 49.8858
200 10 1.361 35.3898 12244.6 51.1904
200 10 1.371 34.7209 12250.3 51.65
200 10 1.381 34.2683 12260.1 51.5297
200 10 1.391 33.6303 12246.5 50.6062
200 10 1.401 33.0059 12271.3 50.5896
200 10 1.411 32.4596 12291.4 50.8124
200 10 1.421 31.7772 12277.3 50.3711
200 10 1.431 31.3813 12284.8 48.7377
200 10 1.441 31.0175 12288.6 48.5078
200 10 1.451 30.3213 12310.7 48.2438
200 10 1.461 30.026 12321.2 48.1889
200 10 1.471 29.5584 12329.4 48.1698
200 10 1.481 29.0545 12341.4 47.9123
200 10 1.491 28.7077 12338.4 47.7827
200 10 1.501 28.172 12365.8 47.7899
200 10 1.511 27.9761 12380.5 47.7628
200 10 1.521 27.4039 12380.2 47.5945
200 10 1.531 27.0588 12383.7 47.3425
200 10 1.541 26.6897 12384.4 47.7172
200 10 1.551 26.3263 12403.4 49.3349
200 10 1.561 25.8311 12431.4 48.5093
200 10 1.571 25.6892 12413.5 49.8795
200 10 1.581 25.5162 12423.8 48.9939
200 10 1.591 25.0203 12431 49.71
200 10 1.601 25.0119 12454.4 49.6638
200 10 1.611 24.5656 12473 49.1649
200 10 1.621 24.2709 12490.2 48.7583
200 10 1.631 24.2225 12515.2 48.7976
200 10 1.641 24.0835 12521.5 49.5747
200 10 1.651 23.7352 12540.1 48.7096
200 10 1.661 23.5995 12562.2 48.1575
200 10 1.671 23.4864 12558.3 48.0708
200 10 1.681 23.2826 12583.6 48.3785
200 10 1.691 23.0144 12621.8 47.6485
200 10 1.701 23.0322 12612.2 47.8272
200 10 1.711 22.7709 12638.7 47.6271
200 10 1.721 22.6095 12651.2 47.1723
200 10 1.731 22.439 12667.1 47.3523
200 10 1.741 22.2384 12695.1 47.1989
200 10 1.751 22.0807 12714.2 46.2903
200 10 1.761 21.9952 12725.1 46.8537
200 10 1.771 21.8236 12745.8 46.9404
200 10 1.781 21.7067 12762 46.7706
200 10 1.791 21.689 12776.9 46.6451
200 10 1.801 21.4837 12817.5 46.6625
200 10 1.811 21.413 12808.1 46.1709
200 10 1.821 21.2443 12845 45.3516
200 10 1.831 21.2138 12848.4 43.3826
200 10 1.841 20.9477 12870.8 43.094
200 10 1.851 20.8233 12881.8 42.8813
200 10 1.861 20.8102 12909.9 43.1007
200 10 1.871 20.6211 12935.7 44.8235
200 10 1.881 20.6427 12947.9 44.5071
200 10 1.891 20.5519 12959.5 42.7099
200 10 1.901 20.5707 12971.7 42.5488
200 10 1.911 20.3964 12998 42.0271
200 10 1.921 20.415 12990.8 41.9932
200 10 1.931 20.3078 13024.1 41.6003
200 10 1.941 20.3207 13051.3 41.2552
200 10 1.951 20.1349 13060.1 40.9366
200 10 1.961 20.178 13063.2 40.8954
200 10 1.971 20.1127 13079.1 39.978
200 10 1.981 20.1597 13107.9 39.3139
200 10 1.991 20.1067 13122.5 37.9474
200 20 0.001 3254.11 51375.5 22.6755
200 20 0.011 3159.56 50296.8 24.0961
200 20 0.021 3065.56 49226 22.9807
200 20 0.031 2954.18 47957.9 23.7353
200 20 0.041 2846.34 46727.1 23.0969
200 20 0.051 2743.74 45559.2 23.809
200 20 0.061 2640.62 44384.7 17.7804
200 20 0.071 2532.59 43159.4 16.97
200 20 0.081 2408.35 41753.9 17.859
200 20 0.091 2332.49 40896 18.4278
200 20 0.101 2223.08 39651.4 18.6694
200 20 0.111 2126.33 38554.1 19.4209
200 20 0.121 2038.2 37564 20.1134
200 20 0.131 1947.33 36530.2 20.7324
200 20 0.141 1844.19 35370.9 21.3468
200 20 0.151 1753.11 34340.3 21.8327
200 20 0.161 1676.07 33473.6 22.663
200 20 0.171 1599.37 32611.7 23.1345
200 20 0.181 1504.78 31557.2 24.451
200 20 0.191 1448.49 30920.9 25.1192
200 20 0.201 1349.45 29827 25.7496
200 20 0.211 1291.72 29174.3 26.2812
200 20 0.221 1232.62 28504.1 26.9338
200 20 0.231 1152.42 27616.7 27.5528
200 20 0.241 1093.88 26978.4 28.2307
200 20 0.251 1033.13 26310.8 29.2309
200 20 0.261 991.675 25837.6 29.3317
200 20 0.271 927.392 25136.4 29.9737
200 20 0.281 881.36 24629.4 29.6171
200 20 0.291 836.68 24137.6 29.8282
200 20 0.301 789.71 23618.9 30.286
200 20 0.311 737.044 23040.7 30.7322
200 20 0.321 697.739 22619.7 31.0246
200 20 0.331 667.425 22283.4 31.3513
200 20 0.341 625.301 21841.7 31.973
200 20 0.351 584.356 21398.3 32.1432
200 20 0.361 549.418 21022.8 32.2863
200 20 0.371 523.931 20758 32.6253
200 20 0.381 492.938 20424.8 32.7631
200 20 0.391 466.111 20132.7 32.8608
200 20 0.401 434.879 19812.8 33.1732
200 20 0.411 410.226 19558.7 33.4207
200 20 0.421 397.304 19412.2 33.5333
200 20 0.431 364.174 19088.9 33.7595
200 20 0.441 353.181 18963.2 33.9078
200 20 0.451 329.871 18734.2 34.4408
200 20 0.461 312.835 18549.9 34.8737
200 20 0.471 296.225 18381.7 34.7903
200 20 0.481 276.258 18191.9 34.3251
200 20 0.491 264.129 18068.9 34.2207
200 20 0.501 251.533 17949.3 34.2586
200 20 0.511 239.094 17820.3 34.3838
200 20 0.521 224.772 17696.9 34.4336
200 20 0.531 212.85 17565.4 34.3168
200 20 0.541 202.102 17473.6 34.4051
200 20 0.551 188.563 17332.1 34.3856
200 20 0.561 182.28 17286.6 34.4127
200 20 0.571 172.123 17198.8 34.7029
200 20 0.581 164.011 17119.6 34.5128
200 20 0.591 154.085 17046.8 34.501
200 20 0.601 151.368 17017.6 34.6467
200 20 0.611 142.676 16941.6 34.5759
200 20 0.621 136.25 16874.5 34.5268
200 20 0.631 130.555 16848.9 34.509
200 20 0.641 124.443 16786.5 34.4949
200 20 0.651 118.486 16750.9 34.4985
200 20 0.661 118.076 16754.4 34.5442
200 20 0.671 111.608 16689.3 34.5312
200 20 0.681 104.751 16642.1 34.4794
200 20 0.691 101.862 16622.5 34.4679
200 20 0.701 98.0994 16609.3 34.6135
200 20 0.711 94.9852 16590.4 34.5567
200 20 0.721 91.6794 16560.9 34.6144
200 20 0.731 89.0254 16543.5 34.6464
200 20 0.741 86.8781 16527.8 34.6159
200 20 0.751 83.0287 16501.8 34.5509
200 20 0.761 80.6094 16496.5 34.6439
200 20 0.771 77.2427 16488.6 34.6911
200 20 0.781 75.8929 16477.5 35.0949
200 20 0.791 73.8609 16461.5 34.7264
200 20 0.801 70.9085 16470.5 34.8881
200 20 0.811 69.9222 16450.1 35.8441
200 20 0.821 68.1764 16442.5 35.0496
200 20 0.831 66.3143 16439.9 35.0072
200 20 0.841 64.8747 16426.4 35.2294
200 20 0.851 62.4072 16417.8 35.6467
200 20 0.861 61.1233 16426.2 35.8488
200 20 0.871 59.6372 16422.2 35.8837
200 20 0.881 58.5466 16403.5 35.9615
200 20 0.891 57.0117 16396.7 36.1936
200 20 0.901 55.8568 16406.8 38.4707
200 20 0.911 54.5762 16389.9 38.6994
200 20 0.921 53.2487 16384.9 38.6005
200 20 0.931 52.2966 16361.4 38.6987
200 20 0.941 51.2902 16376.2 38.9899
200 20 0.951 49.7143 16373.6 38.7624
200 20 0.961 49.241 16380.4 38.8406
200 20 0.971 48.1954 16369.9 38.834
200 20 0.981 46.8288 16377.4 39.1253
200 20 0.991 46.0085 16365.2 38.263
200 20 1.001 45.1576 16346.4 37.5526
200 20 1.011 44.0843 16341.8 37.5797
200 20 1.021 43.3487 16338 37.7493
200 20 1.031 42.8387 16330.8 37.8219
200 20 1.041 41.6022 16337.8 37.9588
200 20 1.051 40.9389 16339.4 37.8721
200 20 1.061 40.2164 16313.9 37.906
200 20 1.071 39.545 16333.8 38.0793
200 20 1.081 39.112 16327.6 37.9587
200 20 1.091 37.9435 16332.7 38.1447
200 20 1.101 37.5796 16348.9 38.3097
200 20 1.111 36.9246 16339.7 38.3129
200 20 1.121 36.1395 16355.1 38.3313
200 20 1.131 35.7025 16381.9 38.5234
200 20 1.141 34.953 16386.6 38.6802
200 20 1.151 34.5882 16416.8 38.6917
200 20 1.161 34.0044 16405 38.7793
200 20 1.171 33.203 16436.3 38.8991
200 20 1.181 32.8584 16443.9 38.9437
200 20 1.191 32.3202 16459.1 39.0568
200 20 1.201 31.6533 16463.3 39.1564
200 20 1.211 31.3126 16467.8 39.2252
200 20 1.221 30.6692 16485.3 39.2008
200 20 1.231 30.1621 16509.5 39.5911
200 20 1.241 29.6126 16502.8 39.554
200 20 1.251 29.1343 16518.9 39.5226
200 20 1.261 28.7327 16548.1 39.6089
200 20 1.271 28.2949 16552.1 39.7812
200 20 1.281 27.7128 16577.9 39.7594
200 20 1.291 27.285 16571.6 39.5345
200 20 1.301 26.983 16588.9 39.9945
200 20 1.311 26.4688 16610.3 40.7667
200 20 1.321 26.0361 16630 41.8968
200 20 1.331 25.5518 16622.1 41.4143
200 20 1.341 25.0039 16652.5 41.5942
200 20 1.351 24.5525 16662.4 39.722
200 20 1.361 24.3708 16649.8 41.459
200 20 1.371 23.876 16687 42.0446
200 20 1.381 23.5261 16709.8 42.2546
200 20 1.391 23.1137 16706.9 42.3581
200 20 1.401 22.8336 16712 41.4639
200 20 1.411 22.129 16725 40.9381
200 20 1.421 21.8248 16729.3 41.0384
200 20 1.431 21.6032 16748 41.0891
200 20 1.441 21.3481 16763.5 41.1181
200 20 1.451 20.916 16770.7 41.0816
200 20 1.461 20.6173 16765.3 40.8798
200 20 1.471 20.1588 16780.4 41.4774
200 20 1.481 19.8059 16802.5 41.6727
200 20 1.491 19.5441 16799.4 42.164
200 20 1.501 19.3288 16820.3 40.5355
200 20 1.511 18.8779 16809.9 40.7222
200 20 1.521 18.5841 16832.4 40.6528
200 20 1.531 18.4186 16842.9 40.6065
200 20 1.541 17.9749 16847.8 40.5727
200 20 1.551 17.7891 16836.3 40.4021
200 20 1.561 17.4996 16859.4 40.4739
200 20 1.571 17.1989 16878.5 40.6606
200 20 1.581 16.9964 16883.6 41.3352
200 20 1.591 16.6485 16896.3 38.8983
200 20 1.601 16.5859 16915.6 38.9675
200 20 1.611 16.2721 16954.2 38.868
200 20 1.621 16.1911 16965.2 38.8762
200 20 1.631 16.0383 16999.9 38.7432
200 20 1.641 15.7526 17012.2 38.7262
200 20 1.651 15.5696 17040.2 38.7194
200 20 1.661 15.5544 17079.6 39.6328
200 20 1.671 15.4905 17098.1 39.4095
200 20 1.681 15.144 17120.7 39.3376
200 20 1.691 15.0627 17137.9 39.3419
200 20 1.701 14.8759 17170.1 39.3547
200 20 1.711 14.5758 17189.1 39.2273
200 20 1.721 14.6795 17197 39.3438
200 20 1.731 14.487 17229.5 39.1752
200 20 1.741 14.2813 17239.4 39.245
200 20 1.751 14.153 17261.8 40.1259
200 20 1.761 14.0453 17285.3 39.9377
200 20 1.771 13.9526 17310 39.5867
200 20 1.781 13.7598 17326 39.5755
200 20 1.791 13.5192 17335.2 41.128
200 20 1.801 13.4654 17359 41.6528
200 20 1.811 13.4131 17373.2 41.505
200 20 1.821 13.2934 17392.5 41.6943
200 20 1.831 13.1683 17399 41.4379
200 20 1.841 12.9492 17419.1 41.3621
200 20 1.851 12.838 17427.1 39.1496
200 20 1.861 12.8644 17445.6 38.8306
200 20 1.871 12.6229 17450.8 38.7737
200 20 1.881 12.5969 17468.8 38.5829
200 20 1.891 12.3876 17479.9 38.18
200 20 1.901 12.2157 17482.1 38.1022
200 20 1.911 12.1293 17492.8 37.938
200 20 1.921 11.9889 17506.7 37.7579
200 20 1.931 11.9159 17510.2 37.4527
200 20 1.941 11.846 17517.3 37.3444
200 20 1.951 11.7117 17523.1 37.2538
200 20 1.961 11.4693 17524.9 37.0922
200 20 1.971 11.4574 17529.3 36.9421
200 20 1.981 11.4084 17534.2 36.4995
200 20 1.991 11.25 17536 36.2027
200 30 0.001 4776.79 70628.6 23.5527
200 30 0.011 4572.4 68399.9 22.8726
200 30 0.021 4349.6 65970.9 23.2977
200 30 0.031 4133.65 63619.5 20.2586
200 30 0.041 3917.59 61260.9 19.1835
200 30 0.051 3680.2 58685.8 19.8457
200 30 0.061 3466.7 56360.7 18.1751
200 30 0.071 3240.85 53917.1 17.367
200 30 0.081 3025.79 51583 18.086
200 30 0.091 2819.42 49350 18.5856
200 30 0.101 2629.71 47290.5 20.5996
200 30 0.111 2462.61 45483.3 20.3507
200 30 0.121 2286.02 43583.6 21.2297
200 30 0.131 2140.97 42013.9 21.6654
200 30 0.141 1990.39 40399.6 22.1386
200 30 0.151 1844.15 38829.7 22.4379
200 30 0.161 1683.1 37104 23.026
200 30 0.171 1551.97 35706.5 23.6931
200 30 0.181 1442.72 34535.6 24.2244
200 30 0.191 1339.53 33433 26.2962
200 30 0.201 1255.3 32537.8 26.6348
200 30 0.211 1168.49 31607.4 27.0018
200 30 0.221 1056.83 30432.6 27.3009
200 30 0.231 980.108 29620.5 27.4603
200 30 0.241 884.716 28640.4 27.8346
200 30 0.251 837.257 28134.2 28.1387
200 30 0.261 766.668 27400 28.0769
200 30 0.271 701.549 26711.7 28.4053
200 30 0.281 631.698 26010.5 28.5761
200 30 0.291 603.634 25710.1 28.7599
200 30 0.301 554.112 25201.9 29.2138
200 30 0.311 505.483 24724.6 28.9923
200 30 0.321 478.239 24443.5 29.0273
200 30 0.331 429.648 23933.5 29.7068
200 30 0.341 404.872 23705.8 29.9641
200 30 0.351 365.949 23318.4 30.2634
200 30 0.361 340.457 23063.9 30.6751
200 30 0.371 313.956 22802.5 30.9391
200 30 0.381 283.829 22516.9 30.7616
200 30 0.391 270.066 22394 30.7466
200 30 0.401 249.165 22190.9 30.8684
200 30 0.411 230.257 22012.9 31.1427
200 30 0.421 220.49 21939.7 30.845
200 30 0.431 207.179 21820.8 30.0421
200 30 0.441 189.759 21665.5 30.1005
200 30 0.451 180.071 21571.4 30.0571
200 30 0.461 166.211 21452.5 30.1864
200 30 0.471 156.738 21375.6 30.2369
200 30 0.481 148.441 21304 30.3524
200 30 0.491 138.988 21238.8 30.3708
200 30 0.501 134.709 21211.6 30.5109
200 30 0.511 123.098 21105.7 30.5206
200 30 0.521 121.175 21114 30.7061
200 30 0.531 113.474 21048 30.7455
200 30 0.541 108.687 21024 30.8479
200 30 0.551 104.339 20993.7 30.9814
200 30 0.561 100.702 20971 31.0794
200 30 0.571 93.6472 20924.9 31.1582
200 30 0.581 92.1103 20914.7 31.2261
200 30 0.591 87.5951 20897.3 31.3907
200 30 0.601 84.111 20896.2 31.6435
200 30 0.611 82.3081 20882.3 31.6126
200 30 0.621 78.8629 20857.2 32.905
200 30 0.631 77.661 20855.8 33.1477
200 30 0.641 73.781 20837 33.4949
200 30 0.651 71.0288 20833.3 32.7444
200 30 0.661 69.8133 20823.8 32.9741
200 30 0.671 66.9412 20822.4 33.6533
200 30 0.681 65.8278 20817 34.2194
200 30 0.691 62.9321 20802.1 34.508
200 30 0.701 62.5717 20821.5 34.4965
200 30 0.711 60.4226 20814.4 33.0114
200 30 0.721 59.1392 20817 33.1383
200 30 0.731 57.7789 20816.2 33.3276
200 30 0.741 56.724 20801.2 33.4081
200 30 0.751 55.0189 20802.8 34.0009
200 30 0.761 54.1942 20809.1 34.2676
200 30 0.771 52.5764 20798.1 34.3758
200 30 0.781 51.4193 20816.8 34.5903
200 30 0.791 50.4457 20803.2 34.6621
200 30 0.801 49.643 20821.5 35.565
200 30 0.811 48.4565 20812.8 34.1584
200 30 0.821 47.9105 20815.2 34.2777
200 30 0.831 46.8882 20812.2 34.3304
200 30 0.841 45.9433 20812.9 34.4338
200 30 0.851 45.0036 20840 34.7017
200 30 0.861 43.8948 20830.2 34.8849
200 30 0.871 43.1913 20822.1 34.8681
200 30 0.881 42.3917 20826.5 35.2002
200 30 0.891 41.4185 20827.8 35.1161
200 30 0.901 40.7498 20811.3 35.2924
200 30 0.911 40.2478 20826.4 35.5171
200 30 0.921 39.4238 20820.2 35.975
200 30 0.931 38.7141 20817.4 36.0271
200 30 0.941 37.9063 20810.9 36.2241
200 30 0.951 37.5699 20821.9 36.3131
200 30 0.961 36.7182 20811 36.6607
200 30 0.971 35.8896 20825.4 36.719
200 30 0.981 35.3146 20815.2 36.8108
200 30 0.991 34.8415 20795.5 36.8679
200 30 1.001 34.0632 20782 37.1668
200 30 1.011 33.5296 20779.2 37.2738
200 30 1.021 32.9497 20769.8 38.701
200 30 1.031 32.2763 20755.5 38.367
200 30 1.041 31.8622 20768.4 39.2622
200 30 1.051 31.2376 20777.8 39.4792
200 30 1.061 30.6371 20775.4 39.506
200 30 1.071 30.1519 20783.8 39.0953
200 30 1.081 29.666 20783.7 39.9156
200 30 1.091 29.1851 20779.1 39.9282
200 30 1.101 28.7783 20817.6 40.3648
200 30 1.111 28.1298 20804.3 37.9462
200 30 1.121 27.6407 20823.8 38.0398
200 30 1.131 27.2799 20830.9 38.2588
200 30 1.141 26.8711 20854 38.5239
200 30 1.151 26.5261 20870.8 38.7916
200 30 1.161 26.0603 20884.2 38.7067
200 30 1.171 25.6714 20892.1 38.6893
200 30 1.181 25.1633 20904 41.2715
200 30 1.191 24.674 20934.4 40.2089
200 30 1.201 24.3807 20941.3 41.1318
200 30 1.211 24.0014 20952.2 41.7811
200 30 1.221 23.6343 20963.9 39.4235
200 30 1.231 23.0656 20985.4 39.5152
200 30 1.241 23.0329 21000 41.4921
200 30 1.251 22.4779 21016.1 40.7331
200 30 1.261 22.2157 21043.2 42.6221
200 30 1.271 21.9346 21045.9 42.6086
200 30 1.281 21.6211 21061.4 42.2503
200 30 1.291 21.1285 21082 41.7454
200 30 1.301 20.8297 21086.4 42.8979
200 30 1.311 20.5955 21107.6 42.1084
200 30 1.321 20.2415 21112 42.4021
200 30 1.331 20.0344 21129.3 42.717
200 30 1.341 19.6802 21133.8 42.8586
200 30 1.351 19.2753 21148.6 43.4066
200 30 1.361 19.134 21163.8 43.033
200 30 1.371 18.9578 21175.3 42.5712
200 30 1.381 18.4905 21191.1 42.6651
200 30 1.391 18.4081 21195.2 42.7387
200 30 1.401 17.9795 21200.9 42.8667
200 30 1.411 17.6167 21214.2 43.0274
200 30 1.421 17.497 21219.9 43.0124
200 30 1.431 17.2294 21231.3 42.8055
200 30 1.441 16.9784 21238.5 44.0523
200 30 1.451 16.7872 21246.9 44.2813
200 30 1.461 16.6145 21261.2 42.5615
200 30 1.471 16.3299 21269.7 45.1118
200 30 1.481 16.0519 21283 45.0283
200 30 1.491 15.842 21293.1 45.479
200 30 1.501 15.6524 21295.7 44.8002
200 30 1.511 15.4242 21304.1 43.1319
200 30 1.521 15.3408 21310.3 43.4195
200 30 1.531 15.0984 21316.2 45.015
200 30 1.541 14.9382 21319.6 45.026
200 30 1.551 14.6586 21321.1 44.6769
200 30 1.561 14.4514 21334.1 43.3921
200 30 1.571 14.3031 21351.6 43.4316
200 30 1.581 13.935 21341.6 43.4418
200 30 1.591 13.8986 21363 43.3516
200 30 1.601 13.6368 21396.1 43.2804
200 30 1.611 13.6564 21429.6 43.4005
200 30 1.621 13.5771 21452.7 43.3867
200 30 1.631 13.4099 21487.1 43.4934
200 30 1.641 13.2897 21525.1 43.5933
200 30 1.651 13.1183 21548.1 43.4567
200 30 1.661 12.9932 21559.3 43.3724
200 30 1.671 12.9076 21583.8 43.3518
200 30 1.681 12.7911 21613.6 43.4303
200 30 1.691 12.6933 21634.9 43.4065
200 30 1.701 12.7036 21654.2 43.5045
200 30 1.711 12.5164 21675.1 43.5928
200 30 1.721 12.4242 21696.2 43.5377
200 30 1.731 12.3047 21719.9 43.4353
200 30 1.741 12.3373 21740.1 43.7617
200 30 1.751 12.0561 21748.9 43.6305
200 30 1.761 12.0619 21764.5 43.8868
200 30 1.771 11.9287 21775.4 45.5531
200 30 1.781 11.7215 21803.5 45.2593
200 30 1.791 11.6541 21803.6 45.3611
200 30 1.801 11.4782 21822.3 45.0921
200 30 1.811 11.436 21831.2 44.8486
200 30 1.821 11.2441 21841 44.8205
200 30 1.831 11.1163 21847 41.93
200 30 1.841 11.008 21855.7 41.8155
200 30 1.851 11.1119 21864.2 41.6509
200 30 1.861 11.0351 21873.9 41.745
200 30 1.871 10.9012 21872.5 43.9845
200 30 1.881 10.735 21881.7 44.2113
200 30 1.891 10.7441 21886.3 44.379
200 30 1.901 10.6099 21891.7 44.0845
200 30 1.911 10.4036 21893.1 43.7182
200 30 1.921 10.1583 21893.5 41.7233
200 30 1.931 10.0821 21897.1 41.2024
200 30 1.941 9.9043 21897.4 41.1066
200 30 1.951 9.9717 21898.5 41.2479
200 30 1.961 9.925 21900.9 42.7867
200 30 1.971 9.7056 21901.7 42.5991
200 30 1.981 9.764 21903.6 41.503
200 30 1.991 9.6067 21902.8 40.2623
200 40 0.001 6095.59 87719.8 178.977
200 40 0.011 5746.6 83996.9 164.449
200 40 0.021 5363.56 79921.1 154.753
200 40 0.031 4996.35 76006 148.737
200 40 0.041 4611.52 71913.7 135.713
200 40 0.051 4263.79 68226.2 126.594
200 40 0.061 3882.82 64175.2 116.629
200 40 0.071 3617.68 61361.4 110.294
200 40 0.081 3303.89 58040.9 102.402
200 40 0.091 3017.7 55007.9 95.2344
200 40 0.101 2724.53 51925.9 87.8133
200 40 0.111 2496.06 49512.9 82.1102
200 40 0.121 2256.09 46979.3 76.4352
200 40 0.131 2075.65 45081.4 72.3858
200 40 0.141 1856.94 42798.6 67.2711
200 40 0.151 1673.95 40862.6 63.4876
200 40 0.161 1532.85 39404.7 60.0716
200 40 0.171 1386.56 37873.5 56.6769
200 40 0.181 1225.2 36207.5 52.8059
200 40 0.191 1101.76 34926 49.7552
200 40 0.201 985.029 33738.3 47.3143
200 40 0.211 884.771 32697 45.5346
200 40 0.221 802.918 31869.1 43.4904
200 40 0.231 740.307 31216.9 42.0327
200 40 0.241 660.676 30424.8 40.4022
200 40 0.251 587.503 29683 38.66
200 40 0.261 536.746 29175.3 37.7148
200 40 0.271 480.771 28637.8 36.1975
200 40 0.281 447.767 28310.6 35.366
200 40 0.291 399.502 27833.8 34.242
200 40 0.301 348.015 27349 33.3389
200 40 0.311 323.975 27118.2 32.853
200 40 0.321 291.001 26793 32.5159
200 40 0.331 267.461 26585.3 32.4582
200 40 0.341 243.874 26360.1 31.2436
200 40 0.351 220.985 26147.4 30.1916
200 40 0.361 213.282 26104 30.1829
200 40 0.371 188.033 25869.7 29.6776
200 40 0.381 167.16 25703.6 29.4041
200 40 0.391 161.395 25655.7 29.4901
200 40 0.401 149.154 25560.9 29.3796
200 40 0.411 139.876 25495.6 29.3781
200 40 0.421 131.05 25435.8 30.2971
200 40 0.431 121.256 25329.6 30.3521
200 40 0.441 116.787 25334.7 30.1612
200 40 0.451 109.743 25266.3 29.5549
200 40 0.461 100.426 25202.8 29.5699
200 40 0.471 99.6622 25211.8 29.7625
200 40 0.481 93.2509 25195.7 29.9119
200 40 0.491 88.0533 25156.8 29.9823
200 40 0.501 85.1565 25152.2 30.1146
200 40 0.511 82.2371 25153.2 30.3091
200 40 0.521 79.8453 25129.1 30.4027
200 40 0.531 76.2422 25125 30.5318
200 40 0.541 74.1067 25114.4 30.7678
200 40 0.551 69.9705 25099.7 30.9219
200 40 0.561 68.6136 25092.3 31.0412
200 40 0.571 66.0572 25093 31.3225
200 40 0.581 65.4584 25100.3 32.0608
200 40 0.591 63.0916 25110.3 32.3944
200 40 0.601 61.0407 25105.3 32.762
200 40 0.611 59.9365 25098.5 31.5994
200 40 0.621 57.9724 25095.5 31.6786
200 40 0.631 56.7739 25093.3 31.9209
200 40 0.641 55.6769 25122.5 32.1949
200 40 0.651 53.4865 25109.7 32.398
200 40 0.661 52.541 25102.8 32.5167
200 40 0.671 51.881 25098 32.5868
200 40 0.681 50.7356 25113.7 44.2599
200 40 0.691 49.4115 25099.1 55.4599
200 40 0.701 48.4972 25104.8 48.2623
200 40 0.711 47.1076 25111.7 33.8686
200 40 0.721 46.4342 25116.4 33.9937
200 40 0.731 45.027 25128.6 34.4817
200 40 0.741 44.2777 25114.1 42.6002
200 40 0.751 43.3616 25134.7 65.7849
200 40 0.761 42.4954 25125.5 43.6019
200 40 0.771 41.9431 25106.8 34.7544
200 40 0.781 40.6343 25147.7 35.0953
200 40 0.791 40.0688 25135 58.9357
200 40 0.801 39.2257 25138.3 43.0303
200 40 0.811 38.5292 25126.1 34.3512
200 40 0.821 37.7845 25120.3 34.7826
200 40 0.831 37.165 25137.9 34.8167
200 40 0.841 36.5422 25127.4 35.007
200 40 0.851 35.832 25127.2 35.1311
200 40 0.861 35.0015 25144 35.345
200 40 0.871 34.4115 25129.6 35.5141
200 40 0.881 33.7389 25132.9 35.7307
200 40 0.891 33.3265 25139.1 36.0024
200 40 0.901 32.3497 25145.7 36.1597
200 40 0.911 31.9883 25153.1 36.5887
200 40 0.921 31.2084 25136.8 36.8348
200 40 0.931 30.6984 25125.3 37.136
200 40 0.941 30.3672 25140.1 37.0594
200 40 0.951 29.6749 25139.4 37.3606
200 40 0.961 28.8641 25119.1 37.4915
200 40 0.971 28.5433 25120.4 37.6238
200 40 0.981 27.9878 25123.7 37.8545
200 40 0.991 27.5736 25115.9 38.1672
200 40 1.001 27.0023 25098.2 38.1469
200 40 1.011 26.7369 25086.2 38.3224
200 40 1.021 26.164 25089.9 38.7995
200 40 1.031 25.5599 25073.5 40.6908
200 40 1.041 25.3616 25092 40.1832
200 40 1.051 24.804 25079 39.7096
200 40 1.061 24.5184 25112.7 41.1757
200 40 1.071 23.9825 25094.2 41.4042
200 40 1.081 23.549 25113.7 41.5048
200 40 1.091 23.2892 25120.4 41.5824
200 40 1.101 22.9711 25128 40.4942
200 40 1.111 22.5765 25157.7 40.4942
200 40 1.121 22.2678 25172.5 40.5991
200 40 1.131 21.8912 25170.8 40.4693
200 40 1.141 21.6827 25200.9 40.4974
200 40 1.151 21.5091 25206.4 42.5161
200 40 1.161 21.0243 25225.3 41.9174
200 40 1.171 20.6763 25235.5 40.6767
200 40 1.181 20.3877 25258.7 40.9854
200 40 1.191 20.2428 25289.4 41.1865
200 40 1.201 19.9321 25283.7 41.1884
200 40 1.211 19.5947 25300.7 42.2146
200 40 1.221 19.359 25319.9 44.0448
200 40 1.231 19.0744 25324.5 44.2828
200 40 1.241 18.8576 25351.2 44.2158
200 40 1.251 18.5918 25365.6 44.5689
200 40 1.261 18.3318 25377.7 43.4552
200 40 1.271 18.147 25400.9 43.5205
200 40 1.281 17.8388 25404.4 43.8759
200 40 1.291 17.5956 25414.1 44.1019
200 40 1.301 17.2759 25431.5 42.8254
200 40 1.311 17.1029 25431.7 42.9586
200 40 1.321 16.9378 25454.2 43.166
200 40 1.331 16.7403 25460.5 43.1713
200 40 1.341 16.2916 25479.1 43.4241
200 40 1.351 16.2928 25489.9 43.5618
200 40 1.361 15.9612 25495.1 43.7331
200 40 1.371 15.7947 25509.8 43.9528
200 40 1.381 15.5552 25540.6 44.0481
200 40 1.391 15.4252 25533.1 44.1355
200 40 1.401 15.1511 25540 44.4161
200 40 1.411 15.025 25556.5 44.4989
200 40 1.421 14.8962 25561 44.458
200 40 1.431 14.7316 25565.9 44.5434
200 40 1.441 14.4834 25568.1 44.6844
200 40 1.451 14.2569 25582.6 44.7442
200 40 1.461 14.0391 25580.2 45.2333
200 40 1.471 13.9721 25592.7 45.1107
200 40 1.481 13.6667 25599.7 45.0072
200 40 1.491 13.5064 25600.8 44.9593
200 40 1.501 13.273 25612.9 47.5121
200 40 1.511 13.0757 25618.6 47.8773
200 40 1.521 13.099 25627.6 48.078
200 40 1.531 12.5789 25636.6 47.2565
200 40 1.541 12.6532 25641.3 48.2614
200 40 1.551 12.4542 25656.9 47.6373
200 40 1.561 12.2421 25653.6 46.5803
200 40 1.571 12.1188 25660.9 46.7513
200 40 1.581 11.8269 25652.6 46.6802
200 40 1.591 11.7703 25676.1 46.687
200 40 1.601 11.7349 25722.9 46.8413
200 40 1.611 11.6141 25753.1 46.8832
200 40 1.621 11.6041 25773.9 47.2977
200 40 1.631 11.3977 25807.7 47.1688
200 40 1.641 11.1725 25829.6 46.9057
200 40 1.651 11.2543 25854.8 47.2842
200 40 1.661 11.0631 25884.8 47.5699
200 40 1.671 10.9322 25901 49.0947
200 40 1.681 10.9623 25931.5 49.7924
200 40 1.691 10.7783 25952.1 50.0067
200 40 1.701 10.6858 25967.7 47.6945
200 40 1.711 10.6008 25987.6 47.4093
200 40 1.721 10.5089 26006.1 48.8575
200 40 1.731 10.4206 26020.2 46.7803
200 40 1.741 10.3624 26035 46.6023
200 40 1.751 10.1433 26054.4 48.2971
200 40 1.761 10.289 26066.4 49.0325
200 40 1.771 10.0799 26074.3 49.2747
200 40 1.781 9.8604 26086.1 49.1961
200 40 1.791 9.835 26091 49.0967
200 40 1.801 9.8648 26096.1 48.021
200 40 1.811 9.6197 26103.6 49.4262
200 40 1.821 9.6314 26110.8 48.911
200 40 1.831 9.3826 26115 46.1729
200 40 1.841 9.2385 26115.2 46.1712
200 40 1.851 9.1636 26121 46.0436
200 40 1.861 9.0625 26128.3 45.9129
200 40 1.871 8.9464 26128.5 45.9358
200 40 1.881 8.8405 26131.6 45.8606
200 40 1.891 8.7046 26131.4 45.8637
200 40 1.901 8.6831 26133.3 45.7665
200 40 1.911 8.5016 26136.1 45.562
200 40 1.921 8.3716 26135.2 45.6895
200 40 1.931 8.2041 26134 45.374
200 40 1.941 7.9625 26132.9 46.4025
200 40 1.951 8.0374 26136.5 47.2898
200 40 1.961 7.7705 26134.7 44.844
200 40 1.971 7.7627 26135.1 44.3967
200 40 1.981 7.632 26135 44.3568
200 40 1.991 7.4342 26133.9 44.0411
300 10 0.001 2327.65 41280.1 11.2708
300 10 0.011 2301.42 40933.1 11.7663
300 10 0.021 2265.69 40461 11.9684
300 10 0.031 2231 40005.3 12.5071
300 10 0.041 2194.07 39516.9 12.3726
300 10 0.051 2153.22 38979.4 12.6729
300 10 0.061 2121.77 38559.8 13.2843
300 10 0.071 2082.63 38046.8 13.4685
300 10 0.081 2036.59 37433.5 14.0332
300 10 0.091 1998.94 36944.2 14.5631
300 10 0.101 1956.04 36384.8 15.0834
300 10 0.111 1912.03 35801.2 15.7543
300 10 0.121 1870.59 35262.1 16.2376
300 10 0.131 1836.44 34807.2 17.4686
300 10 0.141 1798.51 34306.7 18.6324
300 10 0.151 1747.96 33649.9 19.4303
300 10 0.161 1716.09 33228.5 19.4903
300 10 0.171 1672.01 32655.2 20.0708
300 10 0.181 1623.84 32031 20.7294
300 10 0.191 1590.35 31592 22.4965
300 10 0.201 1555.05 31124.4 21.7104
300 10 0.211 1517.73 30630.4 22.5971
300 10 0.221 1473.22 30055 23.5411
300 10 0.231 1442.66 29647.8 25.3227
300 10 0.241 1407.94 29197.4 25.8745
300 10 0.251 1344.48 28390.9 26.4725
300 10 0.261 1330.02 28189.1 27.6768
300 10 0.271 1294.97 27730.6 28.9557
300 10 0.281 1251.12 27165.9 29.7872
300 10 0.291 1226.66 26850.2 30.6304
300 10 0.301 1178.02 26225 31.959
300 10 0.311 1152.55 25889.5 32.1889
300 10 0.321 1125.59 25535.4 32.7448
300 10 0.331 1091.3 25095.5 33.8498
300 10 0.341 1055.34 24635 34.6214
300 10 0.351 1037.04 24388.1 35.5879
300 10 0.361 1008.45 24013.9 36.2784
300 10 0.371 965.616 23478.8 37.356
300 10 0.381 939.818 23147.2 38.3991
300 10 0.391 913.989 22818.6 38.9051
300 10 0.401 889.51 22505.2 39.4813
300 10 0.411 856.878 22075 40.243
300 10 0.421 830.832 21752.2 41.2118
300 10 0.431 810.952 21492.2 41.844
300 10 0.441 783.655 21143.2 42.7123
300 10 0.451 758.824 20836.9 43.5464
300 10 0.461 726.018 20423.4 44.6162
300 10 0.471 711.525 20235.7 45.4866
300 10 0.481 682.898 19871.2 46.2888
300 10 0.491 672.795 19738.9 46.6812
300 10 0.501 637.482 19308.2 47.774
300 10 0.511 621.383 19110.4 48.5325
300 10 0.521 601.1 18850 49.4017
300 10 0.531 584.583 18641.5 50.5107
300 10 0.541 560.301 18336.5 51.2152
300 10 0.551 545.382 18143.7 52.1049
300 10 0.561 523.654 17878.8 52.9131
300 10 0.571 508.619 17683.9 53.2169
300 10 0.581 487.666 17443.4 54.1842
300 10 0.591 473.291 17253 55.333
300 10 0.601 458.235 17080.1 56.1151
300 10 0.611 444.301 16900.7 55.8247
300 10 0.621 426.124 16691.1 56.2125
300 10 0.631 407.551 16467.1 56.9173
300 10 0.641 401.482 16372.3 57.0906
300 10 0.651 384.254 16169.6 57.8874
300 10 0.661 371.617 16030.7 58.8705
300 10 0.671 361.153 15898.9 59.8875
300 10 0.681 347.198 15722.8 60.2336
300 10 0.691 335.843 15581.8 60.737
300 10 0.701 326.492 15471 60.6334
300 10 0.711 307.879 15263.7 61.8958
300 10 0.721 304.17 15198.6 62.2915
300 10 0.731 292.983 15069.5 62.8042
300 10 0.741 279.836 14923.1 63.2645
300 10 0.751 273.535 14849 62.8412
300 10 0.761 262.27 14728.4 63.9645
300 10 0.771 252.283 14585 64.4245
300 10 0.781 245.497 14517.1 64.3522
300 10 0.791 235.349 14397.9 64.8564
300 10 0.801 227.021 14316.6 65.0486
300 10 0.811 218.67 14223.8 65.3182
300 10 0.821 213.346 14156.5 65.6366
300 10 0.831 207.009 14102.1 65.9761
300 10 0.841 198.151 13984.5 65.6813
300 10 0.851 191.308 13921.3 65.7516
300 10 0.861 185.602 13848.1 65.655
300 10 0.871 179.664 13783.8 66.0067
300 10 0.881 174.368 13718.3 66.0275
300 10 0.891 165.967 13641.2 65.9849
300 10 0.901 161.768 13589.2 66.1171
300 10 0.911 157.306 13533.4 66.2971
300 10 0.921 151.108 13474.3 66.5808
300 10 0.931 146.55 13429.6 66.6483
300 10 0.941 143.345 13381.4 66.8666
300 10 0.951 138.855 13329.2 66.7564
300 10 0.961 133.626 13292.6 67.0848
300 10 0.971 127.99 13229.4 67.4452
300 10 0.981 124.705 13183.1 67.8051
300 10 0.991 123.048 13169.4 68.3749
300 10 1.001 116.793 13121.4 68.2019
300 10 1.011 112.623 13074 68.3656
300 10 1.021 110.306 13050.8 68.4025
300 10 1.031 106.206 13004.2 68.183
300 10 1.041 104.626 12968.8 67.6124
300 10 1.051 101.392 12954.3 67.5455
300 10 1.061 97.9436 12919.2 67.5342
300 10 1.071 96.6298 12922.2 67.7042
300 10 1.081 93.6382 12882.1 67.3615
300 10 1.091 91.9682 12870.2 67.4792
300 10 1.101 88.8338 12850.2 67.3419
300 10 1.111 87.1181 12825.9 67.1445
300 10 1.121 84.2954 12811.4 67.0751
300 10 1.131 82.4119 12800.7 66.9744
300 10 1.141 81.4225 12795.5 67.0119
300 10 1.151 80.0777 12777.8 66.9168
300 10 1.161 78.1737 12774.9 67.4277
300 10 1.171 75.9824 12760.8 67.0826
300 10 1.181 74.468 12762.6 67.4352
300 10 1.191 72.603 12734 67.1117
300 10 1.201 71.3323 12743.3 66.9686
300 10 1.211 69.9882 12738.7 67.0379
300 10 1.221 68.0261 12735.8 66.9788
300 10 1.231 66.9862 12732.5 65.4139
300 10 1.241 65.5912 12718.7 66.6708
300 10 1.251 64.6546 12730.2 64.7685
300 10 1.261 63.3457 12714 64.1669
300 10 1.271 61.8787 12715.4 63.9802
300 10 1.281 60.5286 12725.2 63.8441
300 10 1.291 59.949 12719.4 63.6965
300 10 1.301 58.6009 12714 64.8696
300 10 1.311 57.3566 12724.6 64.6737
300 10 1.321 56.5863 12709.8 64.5662
300 10 1.331 55.4434 12712.9 64.3735
300 10 1.341 54.3547 12717.6 64.2952
300 10 1.351 53.8466 12723.1 64.9886
300 10 1.361 52.4318 12730.2 64.7234
300 10 1.371 51.612 12715 64.5142
300 10 1.381 50.83 12727.4 64.4375
300 10 1.391 50.1651 12726.5 64.4201
300 10 1.401 48.9933 12725.4 64.2723
300 10 1.411 48.2859 12726 64.6974
300 10 1.421 47.4064 12731.4 63.4504
300 10 1.431 46.4352 12726.1 62.7938
300 10 1.441 46.0016 12736.1 63.7438
300 10 1.451 45.1913 12751.9 63.3948
300 10 1.461 44.6115 12764.7 63.0601
300 10 1.471 43.6395 12758 62.2222
300 10 1.481 43.1758 12745.4 61.5319
300 10 1.491 42.3151 12766.3 61.601
300 10 1.501 41.82 12758.3 62.0873
300 10 1.511 41.1592 12784 61.3804
300 10 1.521 40.8214 12758.9 60.8959
300 10 1.531 40.2088 12778.9 61.214
300 10 1.541 39.4284 12778.5 60.2483
300 10 1.551 38.771 12789 61.4725
300 10 1.561 38.4924 12793.9 61.5826
300 10 1.571 37.7746 12787 61.3032
300 10 1.581 37.3344 12812.6 61.0253
300 10 1.591 36.5967 12812.6 60.5234
300 10 1.601 36.6072 12815.9 61.1702
300 10 1.611 36.257 12836.8 60.2935
300 10 1.621 35.8865 12850.5 58.914
300 10 1.631 35.5315 12873.2 58.4271
300 10 1.641 35.3152 12868.9 57.6431
300 10 1.651 35.1684 12890.5 57.5095
300 10 1.661 34.7513 12890 57.9264
300 10 1.671 34.4019 12915.5 57.4221
300 10 1.681 34.166 12923.2 56.7945
300 10 1.691 33.8204 12957.9 56.5229
300 10 1.701 33.6345 12958.7 56.491
300 10 1.711 33.3395 12971.8 56.332
300 10 1.721 33.1484 12978.7 56.1355
300 10 1.731 32.8855 13011.4 56.0315
300 10 1.741 32.7751 13019.1 55.8519
300 10 1.751 32.4025 13044.6 55.4814
300 10 1.761 32.0749 13039.4 55.3045
300 10 1.771 32.0085 13062.4 55.0839
300 10 1.781 31.8985 13071.1 55.0781
300 10 1.791 31.5128 13074.8 55.4207
300 10 1.801 31.3729 13107.6 54.8788
300 10 1.811 31.1799 13120.8 54.5507
300 10 1.821 31.0134 13138.8 54.6451
300 10 1.831 30.8755 13156.1 54.4159
300 10 1.841 30.6546 13174.3 54.1681
300 10 1.851 30.4575 13186.5 53.7191
300 10 1.861 30.345 13189.8 53.6418
300 10 1.871 30.2804 13207.3 53.3786
300 10 1.881 30.1115 13206.9 53.1336
300 10 1.891 30.0189 13232.9 52.0689
300 10 1.901 29.893 13252.1 51.5976
300 10 1.911 29.7508 13266.3 51.3479
300 10 1.921 29.5812 13278.8 51.2623
300 10 1.931 29.5402 13303 50.5474
300 10 1.941 29.4774 13310.3 49.8311
300 10 1.951 29.2861 13315.7 49.7217
300 10 1.961 29.3423 13330 49.2117
300 10 1.971 29.2121 13351 48.7855
300 10 1.981 29.1936 13362.1 48.7908
300 10 1.991 29.1982 13373.3 48.2438
300 20 0.001 5047.05 72394.4 21.3316
300 20 0.011 4918.1 70909.6 22.8307
300 20 0.021 4765.67 69156 23.3242
300 20 0.031 4594.1 67188.4 23.4107
300 20 0.041 4435.36 65359.7 25.1705
300 20 0.051 4257.47 63322.8 25.4799
300 20 0.061 4078.07 61268 25.8695
300 20 0.071 3927.74 59538 27.3449
300 20 0.081 3767.49 57699.1 27.0168
300 20 0.091 3605.04 55834.7 28.2436
300 20 0.101 3464.9 54230.7 28.265
300 20 0.111 3287.94 52213.8 28.3818
300 20 0.121 3152.78 50654.7 29.7931
300 20 0.131 3001.09 48936.1 30.5265
300 20 0.141 2862.26 47348.6 31.3421
300 20 0.151 2741.56 45966.1 31.5759
300 20 0.161 2590.88 44248.8 32.5432
300 20 0.171 2460.55 42770.5 32.5957
300 20 0.181 2328.36 41273.6 33.0776
300 20 0.191 2217.35 40011.3 32.6588
300 20 0.201 2108.34 38769.2 33.408
300 20 0.211 1985.04 37386.8 32.2044
300 20 0.221 1908.09 36505.8 31.4512
300 20 0.231 1811.46 35416.4 32.2657
300 20 0.241 1690.22 34047 33.3544
300 20 0.251 1595.16 32969.3 33.9871
300 20 0.261 1513.15 32059.8 34.8379
300 20 0.271 1435.57 31169.6 36.4037
300 20 0.281 1345.41 30177 37.6597
300 20 0.291 1265.76 29285.5 38.1216
300 20 0.301 1203.68 28575.3 38.4676
300 20 0.311 1136.44 27827.5 39.0174
300 20 0.321 1072.9 27120.5 39.5454
300 20 0.331 1022.79 26566.7 39.8427
300 20 0.341 960.875 25878.2 40.1363
300 20 0.351 896.608 25180 40.5414
300 20 0.361 872.042 24889.4 40.716
300 20 0.371 805.288 24162.1 41.1
300 20 0.381 762.989 23694.2 41.301
300 20 0.391 723.813 23256.1 41.4671
300 20 0.401 679.875 22801.8 41.7383
300 20 0.411 637.522 22320.2 41.857
300 20 0.421 601.695 21946.2 42.1276
300 20 0.431 564.925 21546.4 42.3098
300 20 0.441 534.933 21228.4 42.3707
300 20 0.451 512.658 20970.4 42.4059
300 20 0.461 478.368 20632.9 42.5176
300 20 0.471 451.487 20319.3 42.6965
300 20 0.481 422.567 20028.4 42.8091
300 20 0.491 403.202 19826.8 42.9874
300 20 0.501 377.101 19557 42.9379
300 20 0.511 355.445 19326.9 43.1153
300 20 0.521 338.533 19158.9 43.1889
300 20 0.531 326.586 19030.4 43.0838
300 20 0.541 305.691 18821.4 43.1302
300 20 0.551 287.977 18650.7 43.2941
300 20 0.561 271.377 18484.8 43.3961
300 20 0.571 261.957 18389.6 43.24
300 20 0.581 252.687 18296.2 43.7545
300 20 0.591 239.377 18163.9 44.4572
300 20 0.601 228.277 18064.7 44.8075
300 20 0.611 217.89 17954.2 44.4619
300 20 0.621 205.527 17840 44.6509
300 20 0.631 201.232 17813.1 44.5479
300 20 0.641 191.33 17716 44.1529
300 20 0.651 183.081 17626.4 43.977
300 20 0.661 174.312 17553.9 43.8651
300 20 0.671 167.008 17493.8 43.7251
300 20 0.681 162.379 17457.9 43.6543
300 20 0.691 153.523 17376.7 43.8187
300 20 0.701 149.216 17336 43.5717
300 20 0.711 143.994 17297.6 43.4369
300 20 0.721 138.8 17249.8 43.5022
300 20 0.731 134.304 17210.9 43.3611
300 20 0.741 129.747 17178.4 43.4959
300 20 0.751 124.771 17132.4 43.2959
300 20 0.761 121.825 17123.4 43.3737
300 20 0.771 117.51 17087.2 43.3058
300 20 0.781 114.994 17075 43.371
300 20 0.791 111.027 17043.4 43.3829
300 20 0.801 108.243 17032 43.4281
300 20 0.811 104.945 17018.5 43.4834
300 20 0.821 101.566 16993.3 43.5661
300 20 0.831 99.2506 16973.3 43.5252
300 20 0.841 96.3755 16964.2 43.6048
300 20 0.851 93.7439 16943.4 43.6913
300 20 0.861 91.7326 16923.9 43.6839
300 20 0.871 89.5488 16890.7 43.684
300 20 0.881 87.8525 16869.9 43.6218
300 20 0.891 86.4496 16874 43.6471
300 20 0.901 84.1159 16865.8 43.8032
300 20 0.911 81.5911 16848.1 43.7898
300 20 0.921 80.2788 16856.1 43.9136
300 20 0.931 78.2194 16833.1 45.3345
300 20 0.941 76.396 16829.3 45.1104
300 20 0.951 74.8519 16816.9 45.2892
300 20 0.961 73.8992 16805.2 46.1561
300 20 0.971 72.0973 16804.3 46.0854
300 20 0.981 70.6351 16790.8 45.783
300 20 0.991 69.1943 16772.3 45.8072
300 20 1.001 67.9553 16757.4 45.9174
300 20 1.011 66.0268 16737.8 45.8956
300 20 1.021 65.0722 16727.6 45.7223
300 20 1.031 63.8319 16731 45.755
300 20 1.041 62.4878 16701.4 45.3885
300 20 1.051 61.3964 16716.4 45.914
300 20 1.061 60.2173 16707.9 46.0887
300 20 1.071 59.4372 16714.5 46.2195
300 20 1.081 58.343 16712.4 46.0423
300 20 1.091 57.3966 16709.5 44.0737
300 20 1.101 56.239 16716.1 46.7571
300 20 1.111 55.2438 16718.7 46.398
300 20 1.121 54.7088 16723.5 45.7257
300 20 1.131 53.2887 16730 45.8292
300 20 1.141 52.9858 16729.3 45.9016
300 20 1.151 51.7443 16744.7 46.0569
300 20 1.161 50.7567 16753.8 46.073
300 20 1.171 49.7386 16753.9 46.1343
300 20 1.181 48.9294 16761.7 45.6931
300 20 1.191 48.1887 16787.8 45.9154
300 20 1.201 47.6099 16780.5 45.8506
300 20 1.211 46.5309 16794.7 46.2799
300 20 1.221 45.5729 16798.8 47.5214
300 20 1.231 45.1152 16803.3 47.4241
300 20 1.241 44.3231 16826 47.7887
300 20 1.251 43.4376 16833.5 47.8053
300 20 1.261 42.8349 16840.3 48.0345
300 20 1.271 42.1111 16867.4 48.2589
300 20 1.281 41.4324 16874.9 47.7502
300 20 1.291 40.4957 16875.8 47.6648
300 20 1.301 39.8394 16884.4 47.9039
300 20 1.311 39.3882 16900.4 47.9513
300 20 1.321 38.5693 16900.7 47.8157
300 20 1.331 38.068 16915.7 48.1215
300 20 1.341 37.4273 16917.4 48.1138
300 20 1.351 36.6242 16926.8 46.5878
300 20 1.361 36.1054 16934.6 46.4652
300 20 1.371 35.2952 16958 46.5937
300 20 1.381 34.8912 16947 46.4085
300 20 1.391 34.2536 16971.1 46.4369
300 20 1.401 33.9028 16974.4 46.5148
300 20 1.411 33.0959 16985.1 46.4867
300 20 1.421 32.6336 16997.2 46.3636
300 20 1.431 32.056 17002.1 46.3731
300 20 1.441 31.5285 17002.5 46.9231
300 20 1.451 31.0761 17010.6 46.0937
300 20 1.461 30.3876 17040.1 46.9566
300 20 1.471 30.0891 17029.1 48.6136
300 20 1.481 29.3537 17038.7 48.4576
300 20 1.491 28.945 17040.9 48.319
300 20 1.501 28.1865 17065 48.4061
300 20 1.511 28.038 17073.6 48.2559
300 20 1.521 27.4543 17069.7 47.6128
300 20 1.531 26.9078 17072.8 48.1654
300 20 1.541 26.6014 17073.8 48.3484
300 20 1.551 26.0196 17098.3 48.2576
300 20 1.561 25.8269 17097.5 48.4593
300 20 1.571 25.1813 17096.2 48.4073
300 20 1.581 24.747 17113.3 48.4421
300 20 1.591 24.413 17115 47.9437
300 20 1.601 24.3269 17132.6 46.2785
300 20 1.611 23.8613 17154.8 46.3556
300 20 1.621 23.6591 17179.5 46.3585
300 20 1.631 23.3466 17217.8 46.4285
300 20 1.641 23.0049 17232.8 46.1576
300 20 1.651 22.5989 17255.6 45.9693
300 20 1.661 22.434 17281.3 45.8537
300 20 1.671 22.1782 17295.7 45.6489
300 20 1.681 21.8949 17324 45.6023
300 20 1.691 21.5838 17341.5 45.6603
300 20 1.701 21.3543 17366.5 45.6214
300 20 1.711 21.03 17378.6 46.3228
300 20 1.721 20.8244 17393.6 47.5157
300 20 1.731 20.58 17418.6 45.9617
300 20 1.741 20.1771 17434.8 45.5966
300 20 1.751 20.0141 17460.3 45.6934
300 20 1.761 19.7515 17466.8 45.7119
300 20 1.771 19.4605 17489.2 45.3572
300 20 1.781 19.1195 17500 45.4636
300 20 1.791 18.8798 17526.1 45.3324
300 20 1.801 18.7437 17530.1 45.1737
300 20 1.811 18.4886 17551.4 45.156
300 20 1.821 18.2488 17561.4 45.1378
300 20 1.831 17.966 17573.6 44.1615
300 20 1.841 17.6793 17594.5 43.8074
300 20 1.851 17.5244 17598.7 43.9812
300 20 1.861 17.2444 17603.1 45.2091
300 20 1.871 17.0679 17614.9 43.8028
300 20 1.881 16.8496 17629.8 43.5011
300 20 1.891 16.5338 17635.3 44.4619
300 20 1.901 16.4838 17640.1 44.4795
300 20 1.911 16.2041 17646.8 45.1463
300 20 1.921 15.8904 17655.9 44.7107
300 20 1.931 15.7819 17666.9 44.6627
300 20 1.941 15.6437 17665.4 43.6075
300 20 1.951 15.4855 17672.1 44.3534
300 20 1.961 15.3173 17672.7 43.8272
300 20 1.971 15.2303 17677.3 42.9474
300 20 1.981 14.9363 17678.8 43.3615
300 20 1.991 14.8273 17682.2 42.6661
300 30 0.001 7570.07 101654 16.695
300 30 0.011 7235.1 97980.2 16.8211
300 30 0.021 6907.8 94387.3 17.3261
300 30 0.031 6531.71 90265.1 17.5697
300 30 0.041 6204.67 86681.1 17.9783
300 30 0.051 5828.45 82558 18.7074
300 30 0.061 5453.1 78447.6 19.1042
300 30 0.071 5144.83 75073.9 20.3712
300 30 0.081 4790.07 71201.5 21.6317
300 30 0.091 4474.35 67752 25.0364
300 30 0.101 4213.02 64894.7 28.7309
300 30 0.111 3921.12 61710.9 29.0962
300 30 0.121 3674.42 59018.7 29.4249
300 30 0.131 3378.21 55814.8 30.0743
300 30 0.141 3137.5 53179.1 30.7975
300 30 0.151 2906.52 50676 31.1093
300 30 0.161 2727.74 48730.9 31.398
300 30 0.171 2493.76 46198.5 31.9389
300 30 0.181 2306.91 44186.4 32.1866
300 30 0.191 2120.57 42159.7 32.7125
300 30 0.201 1936.17 40164.9 33.0432
300 30 0.211 1827.21 38996.6 33.6571
300 30 0.221 1651.03 37108.2 33.7726
300 30 0.231 1544.99 35958.2 33.9772
300 30 0.241 1412.71 34537.7 34.1967
300 30 0.251 1296.94 33318.3 34.6316
300 30 0.261 1217.81 32470.4 34.8146
300 30 0.271 1122.23 31454.9 34.6705
300 30 0.281 1020.01 30376.4 35.018
300 30 0.291 929.082 29415.4 35.2688
300 30 0.301 872.77 28825.8 35.2945
300 30 0.311 799.469 28065.3 35.5012
300 30 0.321 736.765 27397.2 35.6126
300 30 0.331 675.154 26755.2 35.6368
300 30 0.341 613.589 26105.5 35.9514
300 30 0.351 572.861 25699.8 36.2102
300 30 0.361 534.424 25298.7 36.253
300 30 0.371 484.258 24791.1 36.4219
300 30 0.381 446.34 24415.7 36.6066
300 30 0.391 423.479 24174.4 36.4259
300 30 0.401 394.768 23883.8 36.6648
300 30 0.411 365.662 23599.6 36.2918
300 30 0.421 338.853 23346.3 36.1464
300 30 0.431 316.339 23109.9 36.3568
300 30 0.441 297.057 22936.6 36.5407
300 30 0.451 275.154 22720.6 36.6543
300 30 0.461 259.252 22558.7 36.6669
300 30 0.471 244.211 22432.6 36.9546
300 30 0.481 231.207 22330.9 37.0144
300 30 0.491 212.871 22158.8 37.1115
300 30 0.501 203.468 22076.9 37.045
300 30 0.511 194.574 22010.6 37.1247
300 30 0.521 183.294 21904.9 37.1445
300 30 0.531 170.989 21792 37.2066
300 30 0.541 165.615 21759.5 37.185
300 30 0.551 155.672 21679.9 37.485
300 30 0.561 149.827 21630.8 37.5829
300 30 0.571 147.384 21588.6 37.4841
300 30 0.581 140.342 21556.6 37.6408
300 30 0.591 133.21 21493.4 37.7062
300 30 0.601 128.4 21468.1 37.8617
300 30 0.611 124.236 21441.6 37.9574
300 30 0.621 119.856 21414.3 38.1691
300 30 0.631 116.609 21392 38.2237
300 30 0.641 112.211 21375.8 37.7052
300 30 0.651 108.098 21359.6 38.752
300 30 0.661 105.615 21324.8 38.5735
300 30 0.671 102.598 21319.6 38.4327
300 30 0.681 99.6663 21290.9 38.5456
300 30 0.691 97.1055 21292.5 38.5981
300 30 0.701 94.3623 21285 38.6339
300 30 0.711 92.1256 21245.6 39.0053
300 30 0.721 89.6923 21255.1 39.2977
300 30 0.731 87.3508 21235.2 38.4149
300 30 0.741 85.7256 21237.1 38.432
300 30 0.751 82.9415 21226.1 38.7709
300 30 0.761 81.5986 21216.8 38.6136
300 30 0.771 79.8632 21215.5 39.3269
300 30 0.781 78.3914 21194.2 39.9128
300 30 0.791 76.8131 21193.3 40.1212
300 30 0.801 75.0618 21201.7 40.3009
300 30 0.811 73.4378 21188.3 40.1424
300 30 0.821 72.1308 21178.5 40.5789
300 30 0.831 70.2206 21173.9 39.4159
300 30 0.841 69.2347 21179.8 40.7609
300 30 0.851 67.4642 21174.2 40.8757
300 30 0.861 66.4828 21171.1 40.9533
300 30 0.871 65.3147 21162.5 41.4502
300 30 0.881 64.0979 21151.8 41.1911
300 30 0.891 62.9803 21153.3 41.8772
300 30 0.901 61.7228 21162 41.0912
300 30 0.911 60.6016 21139.6 40.9024
300 30 0.921 59.4928 21137.5 40.9842
300 30 0.931 58.4293 21133.2 41.0677
300 30 0.941 57.019 21117.5 41.1107
300 30 0.951 56.1544 21115.5 42.0828
300 30 0.961 55.09 21114.8 42.5208
300 30 0.971 54.291 21108.5 43.196
300 30 0.981 53.0467 21086.9 43.3168
300 30 0.991 52.2253 21072.5 43.5242
300 30 1.001 51.452 21068.5 43.3447
300 30 1.011 50.521 21057.2 43.36
300 30 1.021 49.7155 21049.5 43.2141
300 30 1.031 48.7597 21037.9 43.2429
300 30 1.041 47.9552 21053.6 43.6279
300 30 1.051 47.0074 21039.2 43.4734
300 30 1.061 46.1992 21043.8 43.2923
300 30 1.071 45.4425 21034.3 43.9424
300 30 1.081 45.0219 21055.6 43.809
300 30 1.091 44.1781 21046.8 43.2426
300 30 1.101 43.3518 21063.7 42.7894
300 30 1.111 42.6514 21073.2 42.7225
300 30 1.121 41.8464 21077.7 42.7759
300 30 1.131 41.3785 21101.3 42.914
300 30 1.141 40.5266 21104.8 43.1874
300 30 1.151 39.9873 21115.7 43.222
300 30 1.161 39.3466 21122.5 43.3916
300 30 1.171 38.9244 21139.4 45.1678
300 30 1.181 37.91 21140.5 45.663
300 30 1.191 37.4283 21167.2 45.8071
300 30 1.201 36.7952 21162.5 45.6845
300 30 1.211 36.3247 21196.2 45.8001
300 30 1.221 35.818 21204.2 45.9862
300 30 1.231 35.2485 21205.1 46.0329
300 30 1.241 34.6672 21225 45.8667
300 30 1.251 34.1493 21238.2 46.4446
300 30 1.261 33.4893 21271.2 46.6686
300 30 1.271 33.017 21269.5 46.5081
300 30 1.281 32.4097 21272.2 46.9453
300 30 1.291 32.1704 21298.2 46.0678
300 30 1.301 31.513 21294.2 46.5611
300 30 1.311 31.0467 21293.9 45.4896
300 30 1.321 30.6872 21322 45.8101
300 30 1.331 30.1215 21330.8 45.8804
300 30 1.341 29.7041 21352 45.4842
300 30 1.351 29.2723 21357.2 45.4444
300 30 1.361 28.753 21364.1 47.8979
300 30 1.371 28.3404 21387.6 47.9735
300 30 1.381 28.0174 21377.3 47.6826
300 30 1.391 27.4207 21376 46.9651
300 30 1.401 27.1168 21402.6 48.2887
300 30 1.411 26.7926 21398.7 48.2878
300 30 1.421 26.398 21404.7 48.3877
300 30 1.431 25.7741 21418.9 48.5308
300 30 1.441 25.669 21432.2 48.6504
300 30 1.451 25.2001 21434.9 49.3983
300 30 1.461 24.9114 21443.3 49.4764
300 30 1.471 24.2483 21452.5 49.6973
300 30 1.481 23.8893 21448.8 49.4298
300 30 1.491 23.6579 21470 49.4063
300 30 1.501 23.3782 21467.6 49.3053
300 30 1.511 22.7177 21477.1 48.5164
300 30 1.521 22.4456 21479.5 49.3581
300 30 1.531 22.1886 21491.2 49.1129
300 30 1.541 21.8537 21486.3 48.9011
300 30 1.551 21.4837 21492.1 46.68
300 30 1.561 20.9681 21487.4 46.6415
300 30 1.571 20.8015 21515 46.776
300 30 1.581 20.4041 21509.8 46.653
300 30 1.591 20.2194 21522.4 46.7206
300 30 1.601 19.8322 21560.2 46.8445
300 30 1.611 19.5766 21584.7 46.6142
300 30 1.621 19.4774 21612.3 46.6311
300 30 1.631 18.962 21638.1 46.6477
300 30 1.641 18.7263 21657.3 46.8997
300 30 1.651 18.4557 21684.5 46.7641
300 30 1.661 18.239 21712.4 48.0247
300 30 1.671 18.0047 21731.9 49.1426
300 30 1.681 17.8176 21747.3 48.4847
300 30 1.691 17.5134 21779.3 46.5142
300 30 1.701 17.3318 21791.9 46.7514
300 30 1.711 17.0567 21813.7 48.6829
300 30 1.721 16.6304 21827.5 48.8851
300 30 1.731 16.4368 21842 48.99
300 30 1.741 16.1559 21863.2 49.0264
300 30 1.751 16.164 21875.2 48.8789
300 30 1.761 15.5996 21893.2 48.9406
300 30 1.771 15.4477 21904.5 48.796
300 30 1.781 15.0044 21913.8 48.9845
300 30 1.791 14.7865 21926 47.2795
300 30 1.801 14.4575 21935 45.6382
300 30 1.811 14.3843 21944 45.8201
300 30 1.821 14.0234 21947.9 45.5556
300 30 1.831 13.8847 21957.4 46.9715
300 30 1.841 13.5404 21960.9 47.9245
300 30 1.851 13.3934 21971.3 47.9211
300 30 1.861 13.0278 21971.3 47.5049
300 30 1.871 12.7565 21974.7 47.7708
300 30 1.881 12.6126 21977.5 47.1818
300 30 1.891 12.3445 21983.4 47.0773
300 30 1.901 12.0938 21986 47.1007
300 30 1.911 11.8736 21989 46.8408
300 30 1.921 11.5544 21985.9 46.5552
300 30 1.931 11.3557 21987 46.4844
300 30 1.941 11.1502 21985.1 43.8858
300 30 1.951 10.9974 21988 43.7246
300 30 1.961 10.7551 21986.9 43.3313
300 30 1.971 10.5153 21984.7 43.0918
300 30 1.981 10.3313 21984.5 42.9215
300 30 1.991 10.2156 21983.5 42.6265
300 40 0.001 9883.23 128685 277.21
300 40 0.011 9313.73 122583 262.038
300 40 0.021 8714.81 116165 247.175
300 40 0.031 8147.19 110085 231.988
300 40 0.041 7480.02 102950 213.807
300 40 0.051 6932.78 97091.4 200.039
300 40 0.061 6294.96 90278.8 182.807
300 40 0.071 5795.99 84955.6 170.093
300 40 0.081 5280.33 79459.1 156.243
300 40 0.091 4847.65 74829.9 145.227
300 40 0.101 4457.5 70681.7 135.107
300 40 0.111 4014.69 65965.4 123.599
300 40 0.121 3655.26 62150.4 117.068
300 40 0.131 3284.28 58211.4 107.985
300 40 0.141 2996.02 55149.7 100.8
300 40 0.151 2721.02 52236.9 93.8183
300 40 0.161 2472.36 49608.5 87.9183
300 40 0.171 2188.2 46607.8 79.7209
300 40 0.181 1968.23 44287.2 72.7017
300 40 0.191 1770.01 42214.1 68.2504
300 40 0.201 1610.13 40536.1 64.8531
300 40 0.211 1439.52 38753.5 61.447
300 40 0.221 1284.21 37138.5 57.5302
300 40 0.231 1168.19 35920.9 54.5969
300 40 0.241 1037.27 34565.8 51.7936
300 40 0.251 950.367 33679.6 49.7395
300 40 0.261 831.264 32456 46.8394
300 40 0.271 747.46 31603.6 44.9202
300 40 0.281 690.68 31004.2 43.6205
300 40 0.291 621.351 30311.2 41.9617
300 40 0.301 562.571 29733.4 40.9151
300 40 0.311 515.103 29252 39.8767
300 40 0.321 455.423 28651.8 38.5926
300 40 0.331 428.758 28396.1 38.1142
300 40 0.341 374.977 27857.7 37.1594
300 40 0.351 353.563 27673.4 36.7546
300 40 0.361 319.451 27329.7 36.0829
300 40 0.371 304.247 27191.5 35.9224
300 40 0.381 279.711 26982.7 35.6187
300 40 0.391 247.34 26667.4 35.0941
300 40 0.401 232.162 26536.9 34.938
300 40 0.411 216.228 26388.1 34.602
300 40 0.421 201.566 26254.2 34.6623
300 40 0.431 186.989 26123.4 34.3
300 40 0.441 182.091 26102.9 34.1512
300 40 0.451 165.04 25957.6 33.853
300 40 0.461 160.888 25946.7 34.0626
300 40 0.471 151.565 25859.7 33.9659
300 40 0.481 146.119 25839.1 34.1183
300 40 0.491 136.699 25745.2 34.0773
300 40 0.501 132.057 25721 34.127
300 40 0.511 124.988 25675 34.0351
300 40 0.521 120.379 25627.4 33.8992
300 40 0.531 116.635 25636.6 34.1176
300 40 0.541 113.642 25618.7 34.2259
300 40 0.551 107.695 25572.5 34.5107
300 40 0.561 105.03 25574.4 34.6869
300 40 0.571 101.583 25561.2 34.9041
300 40 0.581 98.9611 25529.3 35.3892
300 40 0.591 95.6439 25523.4 35.8187
300 40 0.601 93.0771 25511.2 35.9004
300 40 0.611 90.0558 25486.2 35.6374
300 40 0.621 88.0935 25488.4 34.8833
300 40 0.631 85.973 25497.6 35.1482
300 40 0.641 83.6147 25464.9 35.1952
300 40 0.651 81.8415 25488.2 35.4194
300 40 0.661 80.5674 25476 35.7767
300 40 0.671 78.11 25467.5 35.8634
300 40 0.681 76.7794 25476.8 36.1827
300 40 0.691 75.0155 25443.1 37.2782
300 40 0.701 73.2635 25464.9 37.8406
300 40 0.711 71.9222 25466.1 37.8744
300 40 0.721 70.6051 25463.6 38.1908
300 40 0.731 69.2628 25451.2 37.5048
300 40 0.741 67.4143 25446.2 37.7092
300 40 0.751 66.343 25436 37.6498
300 40 0.761 64.8929 25431.5 37.836
300 40 0.771 63.3875 25432.7 38.0186
300 40 0.781 62.2453 25425.7 38.7443
300 40 0.791 61.1677 25429.4 38.928
300 40 0.801 59.9021 25427.9 40.0767
300 40 0.811 58.7113 25418 39.5067
300 40 0.821 58.2036 25435.6 38.9215
300 40 0.831 56.6491 25422.6 39.0709
300 40 0.841 55.483 25416.8 39.3092
300 40 0.851 54.6052 25406.6 39.4243
300 40 0.861 53.7051 25408.2 39.6393
300 40 0.871 52.1823 25403.2 41.1443
300 40 0.881 51.5457 25400.8 41.5219
300 40 0.891 50.5524 25416.7 40.7633
300 40 0.901 50.0129 25386.5 39.9702
300 40 0.911 49.0622 25391 40.2354
300 40 0.921 47.9735 25393.2 39.8512
300 40 0.931 47.1084 25381.2 39.8166
300 40 0.941 46.1924 25380.4 40.1177
300 40 0.951 45.6801 25378.1 40.2534
300 40 0.961 44.6414 25368.3 41.4881
300 40 0.971 43.8503 25365.7 41.8677
300 40 0.981 43.0981 25340 42.5969
300 40 0.991 42.3718 25358.3 42.9192
300 40 1.001 41.6711 25335.1 43.1345
300 40 1.011 41.0788 25321.4 43.3013
300 40 1.021 40.2275 25316.7 43.4738
300 40 1.031 39.6993 25298.2 43.6129
300 40 1.041 38.7271 25306.1 43.7066
300 40 1.051 38.3043 25301.6 43.946
300 40 1.061 37.6216 25306.3 43.844
300 40 1.071 36.9895 25325.8 44.2214
300 40 1.081 36.5902 25317.3 44.3554
300 40 1.091 35.8552 25341 44.5554
300 40 1.101 35.417 25337.5 44.8049
300 40 1.111 34.9148 25352.4 44.9333
300 40 1.121 34.4268 25372.9 45.1435
300 40 1.131 33.7523 25373.5 45.3381
300 40 1.141 33.3897 25393.7 45.2752
300 40 1.151 32.9867 25404.6 45.5718
300 40 1.161 32.3517 25419.4 45.7067
300 40 1.171 31.8437 25417.8 46.1872
300 40 1.181 31.2526 25438.8 45.5468
300 40 1.191 31.1246 25457.8 44.951
300 40 1.201 30.6074 25485.1 45.1494
300 40 1.211 30.1334 25496.2 45.2576
300 40 1.221 29.7841 25499 45.5059
300 40 1.231 29.3545 25528.9 46.0789
300 40 1.241 28.8707 25529.6 47.6427
300 40 1.251 28.56 25543.2 47.8259
300 40 1.261 28.3552 25558.8 48.1939
300 40 1.271 27.8308 25583.5 46.497
300 40 1.281 27.5547 25579.1 46.5737
300 40 1.291 27.192 25598.3 47.5885
300 40 1.301 26.6649 25613.9 48.1588
300 40 1.311 26.3962 25624 47.586
300 40 1.321 25.928 25623.5 46.7804
300 40 1.331 25.7543 25643.5 46.6449
300 40 1.341 25.3924 25649.3 46.9288
300 40 1.351 24.9735 25655.8 46.9038
300 40 1.361 24.4714 25674.5 47.0408
300 40 1.371 24.062 25670 47.1681
300 40 1.381 23.8962 25690.4 48.3692
300 40 1.391 23.6846 25686.9 50.0327
300 40 1.401 23.281 25698.2 50.1495
300 40 1.411 23.0459 25697.7 50.378
300 40 1.421 22.7671 25719.4 50.585
300 40 1.431 22.4207 25719.6 48.5077
300 40 1.441 22.2149 25729.8 48.4039
300 40 1.451 21.8263 25739.1 48.6491
300 40 1.461 21.448 25741.3 48.6531
300 40 1.471 21.0356 25743.3 48.7593
300 40 1.481 21.0415 25758.2 48.8356
300 40 1.491 20.6067 25759.2 48.9229
300 40 1.501 20.3376 25766 48.9521
300 40 1.511 20.1983 25776.7 49.0106
300 40 1.521 19.5664 25779.4 49.6795
300 40 1.531 19.373 25788.8 49.8012
300 40 1.541 19.1583 25785.4 49.6878
300 40 1.551 18.7883 25792.1 49.5307
300 40 1.561 18.3694 25794.4 49.3674
300 40 1.571 18.2464 25800.3 49.4077
300 40 1.581 18.0276 25796.7 50.9451
300 40 1.591 17.6174 25819 52.0124
300 40 1.601 17.5301 25850.1 51.1339
300 40 1.611 17.3492 25887.5 51.8552
300 40 1.621 17.1977 25913 52.6682
300 40 1.631 17.0724 25942.9 50.3273
300 40 1.641 16.8798 25972.1 49.1037
300 40 1.651 16.5632 25990.3 48.8971
300 40 1.661 16.5897 26019.5 48.9963
300 40 1.671 16.2787 26039.1 49.0322
300 40 1.681 15.9761 26058.4 48.9904
300 40 1.691 15.8487 26075.1 48.9851
300 40 1.701 15.6274 26097.4 49.007
300 40 1.711 15.3093 26110.3 48.9853
300 40 1.721 15.164 26127.7 49.0065
300 40 1.731 14.8028 26137.6 49.0503
300 40 1.741 14.7341 26156 49.048
300 40 1.751 14.4781 26166.9 50.4895
300 40 1.761 14.4097 26175.3 49.3983
300 40 1.771 14.0622 26181.6 48.968
300 40 1.781 13.888 26198.3 48.8833
300 40 1.791 13.6207 26200.3 48.779
300 40 1.801 13.2389 26206.4 48.6406
300 40 1.811 12.9623 26206.9 48.6896
300 40 1.821 12.7878 26211.2 48.7088
300 40 1.831 12.683 26216.7 48.744
300 40 1.841 12.3813 26216.7 48.4995
300 40 1.851 12.1812 26222.6 48.5119
300 40 1.861 11.9616 26221.6 48.3057
300 40 1.871 11.4513 26219.6 50.5059
300 40 1.881 11.4314 26224.6 51.0913
300 40 1.891 11.2866 26225.1 51.0661
300 40 1.901 10.9155 26222.4 48.2457
300 40 1.911 10.7271 26221.2 47.7531
300 40 1.921 10.3287 26219 47.3989
300 40 1.931 10.2652 26221.1 47.296
300 40 1.941 9.9268 26218.4 47.0744
300 40 1.951 9.5955 26215.6 46.8319
300 40 1.961 9.3404 26214.2 46.7601
300 40 1.971 9.2767 26214.3 46.4622
300 40 1.981 8.9276 26210.3 46.1348
300 40 1.991 8.6156 26208 45.8701
400 10 0.001 3126.78 52368.5 13.5236
400 10 0.011 3083.07 51790.1 13.6317
400 10 0.021 3046.59 51299.4 15.0484
400 10 0.031 2995.32 50618 15.1621
400 10 0.041 2944.17 49942.5 14.0182
400 10 0.051 2895.61 49292.6 14.0261
400 10 0.061 2844.14 48608.7 14.387
400 10 0.071 2778.56 47746.1 15.2113
400 10 0.081 2731.53 47117.3 17.0416
400 10 0.091 2682.44 46460.5 18.0534
400 10 0.101 2622.71 45679.7 18.6496
400 10 0.111 2574.26 45024.4 19.9828
400 10 0.121 2516.22 44262.1 18.9452
400 10 0.131 2468.27 43625.3 20.3801
400 10 0.141 2407.18 42822.4 20.8842
400 10 0.151 2342.91 41975.7 22.0391
400 10 0.161 2310.75 41532.3 23.4772
400 10 0.171 2248.91 40720.2 24.3751
400 10 0.181 2195.23 40008.9 25.3307
400 10 0.191 2121.62 39055.4 26.2537
400 10 0.201 2088.35 38600.7 26.7161
400 10 0.211 2036.06 37920 28.0055
400 10 0.221 1981.89 37197.8 28.8833
400 10 0.231 1935.65 36597.1 29.9044
400 10 0.241 1897.75 36081.9 30.6765
400 10 0.251 1831.79 35231.8 31.8887
400 10 0.261 1787.38 34642 32.9358
400 10 0.271 1732.17 33919.4 33.7901
400 10 0.281 1687.68 33325.4 34.7487
400 10 0.291 1641.82 32740.2 35.7808
400 10 0.301 1602.67 32210.2 36.6493
400 10 0.311 1553.35 31567.7 37.917
400 10 0.321 1503.34 30914.6 39.0299
400 10 0.331 1460.41 30356.2 40.1378
400 10 0.341 1426.47 29907.5 40.9928
400 10 0.351 1391.82 29456.4 42.1227
400 10 0.361 1347.33 28872.3 43.128
400 10 0.371 1309.86 28384 44.1283
400 10 0.381 1254.33 27680.2 45.5962
400 10 0.391 1236.62 27423.9 46.1051
400 10 0.401 1192.57 26853.4 47.3907
400 10 0.411 1147.07 26269.8 48.6536
400 10 0.421 1120.52 25926 49.5498
400 10 0.431 1076.44 25375.2 50.6264
400 10 0.441 1052.82 25057.2 51.5119
400 10 0.451 1011.41 24523.7 52.6086
400 10 0.461 980.546 24112.7 53.8785
400 10 0.471 962.598 23882.4 55.4001
400 10 0.481 920.639 23352.4 56.8657
400 10 0.491 889.78 22960.4 57.8554
400 10 0.501 876.227 22775.4 58.5905
400 10 0.511 840.192 22309.2 59.6348
400 10 0.521 803.602 21852.6 60.6053
400 10 0.531 783.294 21590.4 61.4739
400 10 0.541 761.821 21309.2 62.2594
400 10 0.551 736.724 20995.4 63.2247
400 10 0.561 702.814 20563.4 64.0775
400 10 0.571 684.718 20335 65.1991
400 10 0.581 658.118 20001.4 65.7546
400 10 0.591 636.192 19734.7 66.5547
400 10 0.601 617.759 19493.7 67.6061
400 10 0.611 587.677 19122.6 68.2803
400 10 0.621 578.865 18995.4 68.963
400 10 0.631 552.344 18677.5 70.0062
400 10 0.641 535.956 18468.1 70.6975
400 10 0.651 521.763 18278.8 70.9844
400 10 0.661 497.8 17988.7 73.0763
400 10 0.671 477.285 17751.9 73.551
400 10 0.681 465.753 17593.5 73.825
400 10 0.691 453.795 17424.8 74.6407
400 10 0.701 429.869 17164.7 75.3581
400 10 0.711 417.856 17018.4 76.1234
400 10 0.721 402.253 16816.5 76.7498
400 10 0.731 392.88 16693.1 76.3509
400 10 0.741 379.438 16531.2 77.1341
400 10 0.751 362.439 16335.4 77.5682
400 10 0.761 355.569 16229 77.7549
400 10 0.771 339.491 16050.1 78.4656
400 10 0.781 322.926 15861.9 79.0426
400 10 0.791 312.977 15738.5 79.6986
400 10 0.801 304.988 15639.8 79.6804
400 10 0.811 295.821 15527 80.283
400 10 0.821 285.885 15402.7 80.5225
400 10 0.831 275.408 15292.1 80.7986
400 10 0.841 265.045 15168.8 81.1724
400 10 0.851 255.156 15060.7 81.5914
400 10 0.861 246.706 14943.9 81.8227
400 10 0.871 243.988 14921.4 82.0119
400 10 0.881 234.086 14808.6 82.201
400 10 0.891 225.507 14700.4 82.3216
400 10 0.901 217.207 14606.3 82.5776
400 10 0.911 208.989 14529.7 82.3583
400 10 0.921 201.915 14439 82.015
400 10 0.931 198.655 14400.7 81.9865
400 10 0.941 190.456 14303.4 81.9681
400 10 0.951 185.128 14245.2 82.4074
400 10 0.961 176.854 14163.4 82.5198
400 10 0.971 170.723 14088.5 82.4518
400 10 0.981 166.91 14044.4 82.3547
400 10 0.991 161.782 13981.4 82.4468
400 10 1.001 157.962 13935.8 82.4617
400 10 1.011 150.919 13858.8 82.6472
400 10 1.021 146.102 13814.9 82.6782
400 10 1.031 143.051 13782.9 83.0171
400 10 1.041 137.769 13710.8 83.845
400 10 1.051 135.693 13686.9 83.9253
400 10 1.061 130.974 13644.1 82.7493
400 10 1.071 128.536 13624.6 82.0187
400 10 1.081 124.567 13564.8 81.7472
400 10 1.091 122.125 13561.6 82.7614
400 10 1.101 119.108 13528 82.8817
400 10 1.111 114.79 13494.8 81.988
400 10 1.121 113.685 13463.5 82.1521
400 10 1.131 110.873 13440.9 81.7576
400 10 1.141 107.515 13414.9 81.5628
400 10 1.151 106.32 13425 81.9096
400 10 1.161 102.955 13388.7 81.7969
400 10 1.171 101.833 13377.7 81.6516
400 10 1.181 99.4332 13362.5 80.6688
400 10 1.191 97.2253 13341.6 80.3397
400 10 1.201 94.9856 13333.7 80.1447
400 10 1.211 93.6334 13312.7 80.2322
400 10 1.221 91.1621 13309.4 81.7289
400 10 1.231 89.1843 13296.3 81.4119
400 10 1.241 87.263 13275.4 81.1917
400 10 1.251 85.8131 13283.7 81.1776
400 10 1.261 84.2512 13250.8 80.9034
400 10 1.271 81.847 13246.1 80.5178
400 10 1.281 80.9046 13249.2 80.4304
400 10 1.291 79.8649 13240.6 79.6559
400 10 1.301 77.8381 13211 79.0953
400 10 1.311 76.0827 13223.8 79.0043
400 10 1.321 74.6225 13218.2 78.865
400 10 1.331 73.9915 13218.8 78.5813
400 10 1.341 72.3507 13210.1 78.3869
400 10 1.351 70.9436 13193.2 78.1705
400 10 1.361 69.4126 13198.2 77.7231
400 10 1.371 68.9362 13187.6 77.7556
400 10 1.381 67.8285 13200.6 77.5727
400 10 1.391 65.7775 13188 76.4523
400 10 1.401 65.122 13196.3 75.3501
400 10 1.411 63.9296 13171.5 77.687
400 10 1.421 62.8009 13188.4 76.793
400 10 1.431 61.9711 13182.7 76.4898
400 10 1.441 60.8542 13178.8 76.1411
400 10 1.451 59.9318 13169.8 76.2087
400 10 1.461 59.191 13171.1 75.7314
400 10 1.471 57.985 13177.7 75.4881
400 10 1.481 56.7607 13171.5 75.5383
400 10 1.491 56.2741 13164 76.0555
400 10 1.501 55.3476 13179.1 75.333
400 10 1.511 54.6411 13171.3 75.033
400 10 1.521 53.6043 13164.5 74.9721
400 10 1.531 53.2479 13167.6 74.9525
400 10 1.541 52.2886 13182.7 74.6609
400 10 1.551 51.4969 13172.7 73.9389
400 10 1.561 51.0352 13175.1 74.2645
400 10 1.571 49.8738 13169.2 73.981
400 10 1.581 48.9334 13175.5 74.1839
400 10 1.591 48.6315 13176.6 73.6325
400 10 1.601 48.4351 13193.8 73.1605
400 10 1.611 47.899 13192.5 72.9972
400 10 1.621 47.5025 13211 72.9216
400 10 1.631 47.3246 13216.9 72.6503
400 10 1.641 46.4777 13237.3 71.9497
400 10 1.651 46.39 13232.5 72.0226
400 10 1.661 45.8128 13238.7 71.4178
400 10 1.671 45.6159 13248.8 71.0193
400 10 1.681 45.1499 13270.4 68.649
400 10 1.691 44.7702 13280.6 68.3088
400 10 1.701 44.3024 13310.2 68.052
400 10 1.711 44.0831 13293 67.9463
400 10 1.721 43.8148 13302.2 67.8348
400 10 1.731 43.1713 13331 67.4556
400 10 1.741 43.0497 13343.8 67.2533
400 10 1.751 42.6791 13348.8 66.8882
400 10 1.761 42.5213 13368.1 66.7026
400 10 1.771 42.1539 13374.2 66.1649
400 10 1.781 41.8524 13374.2 66.0793
400 10 1.791 41.6133 13391.1 65.8
400 10 1.801 41.3474 13402.1 65.9818
400 10 1.811 41.1595 13420.1 66.4755
400 10 1.821 40.8703 13429.1 66.8782
400 10 1.831 40.5686 13448.1 66.8224
400 10 1.841 40.3929 13444.3 66.2415
400 10 1.851 40.0696 13468 66.1844
400 10 1.861 39.989 13462.8 65.0911
400 10 1.871 39.8092 13492.1 64.8625
400 10 1.881 39.5181 13507.1 65.1191
400 10 1.891 39.2986 13504.5 64.7042
400 10 1.901 39.1411 13539 64.6761
400 10 1.911 39.1658 13534.4 63.6543
400 10 1.921 38.9323 13563.9 63.2204
400 10 1.931 38.8236 13558.7 63.1641
400 10 1.941 38.5891 13582.5 62.3278
400 10 1.951 38.6339 13581.6 61.6451
400 10 1.961 38.4671 13586.2 61.339
400 10 1.971 38.3255 13610.2 60.4108
400 10 1.981 38.1823 13614.8 59.1223
400 10 1.991 38.1081 13628.3 57.6636
400 20 0.001 6846.13 93482.5 13.5769
400 20 0.011 6644.61 91158.4 14.2204
400 20 0.021 6434.29 88727.9 18.2141
400 20 0.031 6234.42 86421.2 20.418
400 20 0.041 6013.74 83874.9 21.3361
400 20 0.051 5768.38 81047.7 21.7014
400 20 0.061 5534.84 78357.7 19.1158
400 20 0.071 5329.39 75986.3 19.876
400 20 0.081 5083.04 73156.8 21.7469
400 20 0.091 4913.38 71195.7 25.543
400 20 0.101 4652.9 68207.5 27.8942
400 20 0.111 4445.93 65826.6 28.7108
400 20 0.121 4267.85 63776.2 30.0166
400 20 0.131 4058.99 61377.8 31.3266
400 20 0.141 3845.28 58933.7 32.6763
400 20 0.151 3672.53 56945.2 33.4933
400 20 0.161 3510.37 55090.3 34.3394
400 20 0.171 3346.93 53221.3 34.8922
400 20 0.181 3195.44 51482.2 35.5627
400 20 0.191 3004.1 49295 36.763
400 20 0.201 2877.82 47852.4 37.6604
400 20 0.211 2723.36 46082.7 38.2462
400 20 0.221 2589.91 44561.1 38.8544
400 20 0.231 2445.83 42924.6 39.7175
400 20 0.241 2319.55 41472.3 40.578
400 20 0.251 2187.57 39976.9 41.6239
400 20 0.261 2065.19 38592.7 42.1863
400 20 0.271 1967.24 37474.4 41.9107
400 20 0.281 1815 35764.5 42.1235
400 20 0.291 1719.89 34686.6 42.7127
400 20 0.301 1616.97 33526.9 45.8736
400 20 0.311 1566.24 32944.1 46.0856
400 20 0.321 1468.87 31856 46.5355
400 20 0.331 1357.45 30602.5 47.2969
400 20 0.341 1285.4 29800.1 47.6785
400 20 0.351 1224.48 29110.2 48.0522
400 20 0.361 1171.16 28513.5 48.2397
400 20 0.371 1090.1 27590.5 48.6743
400 20 0.381 1026.47 26891.5 49.1238
400 20 0.391 975.466 26326.7 49.9637
400 20 0.401 906.481 25576.4 50.477
400 20 0.411 856.663 25028.6 50.5245
400 20 0.421 812.064 24533.6 52.6732
400 20 0.431 758.051 23931 51.3815
400 20 0.441 725.711 23577.6 51.1481
400 20 0.451 683.618 23120.8 51.3693
400 20 0.461 640.064 22644.7 51.5593
400 20 0.471 603.027 22256.7 51.5952
400 20 0.481 565.789 21844.8 51.7156
400 20 0.491 540.868 21579.4 51.807
400 20 0.501 516.024 21296.7 51.2333
400 20 0.511 491.649 21036.8 52.3289
400 20 0.521 464.049 20756.4 52.4198
400 20 0.531 437.541 20475.5 52.4727
400 20 0.541 414.013 20218.9 52.9478
400 20 0.551 395.159 20011.8 52.3671
400 20 0.561 376.224 19832 53.1177
400 20 0.571 352.69 19594 52.9969
400 20 0.581 331.928 19370.5 53.1391
400 20 0.591 322.312 19275.9 52.3141
400 20 0.601 307.594 19120.9 51.9346
400 20 0.611 292.032 18965.7 51.9137
400 20 0.621 278.89 18839.8 51.8417
400 20 0.631 268.85 18730.5 51.7549
400 20 0.641 260.336 18648.9 51.4892
400 20 0.651 243.765 18506.1 51.648
400 20 0.661 232.464 18373.8 51.6332
400 20 0.671 223.166 18284.8 51.6484
400 20 0.681 215.636 18215 51.6668
400 20 0.691 208.584 18159.6 51.6133
400 20 0.701 202.649 18083.6 51.6099
400 20 0.711 191.53 18000.7 51.477
400 20 0.721 186.077 17947 51.5329
400 20 0.731 179.579 17884.7 51.4163
400 20 0.741 174.467 17848.3 51.4645
400 20 0.751 167.633 17782.1 51.4264
400 20 0.761 164.388 17751 51.3752
400 20 0.771 158.242 17700.4 51.4674
400 20 0.781 153.921 17674.2 51.5419
400 20 0.791 148.989 17611.4 51.5098
400 20 0.801 144.141 17583.3 51.6416
400 20 0.811 141.674 17572.5 51.3731
400 20 0.821 136.784 17529 51.5671
400 20 0.831 132.639 17492 52.1493
400 20 0.841 128.809 17478.4 51.3747
400 20 0.851 126.028 17450.9 51.5026
400 20 0.861 124.033 17423.5 51.5058
400 20 0.871 119.666 17400.2 51.5867
400 20 0.881 116.623 17391.3 51.5549
400 20 0.891 114.112 17352.9 51.5324
400 20 0.901 112.17 17347 52.1841
400 20 0.911 110.297 17339.7 52.6149
400 20 0.921 107.117 17304.3 52.6395
400 20 0.931 105.119 17275.3 52.5497
400 20 0.941 102.476 17273.6 52.3806
400 20 0.951 101.434 17270 52.4788
400 20 0.961 97.4085 17237.1 52.7845
400 20 0.971 96.6435 17219.2 51.4742
400 20 0.981 94.5993 17206.8 51.4737
400 20 0.991 92.9443 17199.6 51.6036
400 20 1.001 90.2376 17183.1 51.6225
400 20 1.011 89.068 17160.2 51.7532
400 20 1.021 87.1793 17119.9 51.7605
400 20 1.031 85.51 17105.3 51.8611
400 20 1.041 83.8343 17096.8 51.8689
400 20 1.051 82.5374 17107.7 51.73
400 20 1.061 80.963 17096.5 51.7741
400 20 1.071 79.1911 17085.4 51.9429
400 20 1.081 77.8954 17066.5 51.8452
400 20 1.091 76.4268 17083.6 51.8264
400 20 1.101 75.0098 17078 52.1816
400 20 1.111 73.8783 17075.6 51.9746
400 20 1.121 72.4894 17073.4 51.8897
400 20 1.131 71.2873 17083.7 52.0715
400 20 1.141 70.0669 17085.6 52.2078
400 20 1.151 68.3391 17102.7 52.1094
400 20 1.161 67.8592 17084.4 52.0884
400 20 1.171 66.3028 17095 52.1228
400 20 1.181 65.4131 17097.8 52.3345
400 20 1.191 64.3822 17100.5 53.8882
400 20 1.201 63.297 17109.8 54.079
400 20 1.211 61.9689 17128.7 54.6409
400 20 1.221 60.9733 17129.7 54.7062
400 20 1.231 59.9205 17121.6 54.6643
400 20 1.241 58.857 17145.4 54.8166
400 20 1.251 57.7097 17142.5 54.722
400 20 1.261 56.5753 17150.3 54.9371
400 20 1.271 56.1181 17144.9 54.9351
400 20 1.281 54.8714 17160 55.0611
400 20 1.291 54.1331 17173.7 54.9565
400 20 1.301 53.1886 17181.5 54.9597
400 20 1.311 52.2255 17176 54.8871
400 20 1.321 51.1745 17197.8 54.991
400 20 1.331 50.4759 17193.8 55.2178
400 20 1.341 49.4411 17208.2 55.1458
400 20 1.351 48.9564 17207.1 55.3441
400 20 1.361 47.9249 17227.2 55.3029
400 20 1.371 47.0023 17223.9 55.2085
400 20 1.381 46.4126 17214.9 55.1628
400 20 1.391 45.5424 17237.5 55.248
400 20 1.401 44.7085 17241 55.3268
400 20 1.411 43.8105 17264.4 55.2724
400 20 1.421 43.2257 17249.1 54.8862
400 20 1.431 42.2498 17256.7 52.9134
400 20 1.441 41.7995 17275.1 52.4078
400 20 1.451 41.061 17280.9 52.212
400 20 1.461 40.424 17271.4 52.2232
400 20 1.471 39.6851 17277.5 52.1629
400 20 1.481 39.0193 17288 52.0116
400 20 1.491 38.0077 17295.4 52.1546
400 20 1.501 37.4275 17288.8 52.0775
400 20 1.511 37.0091 17287.1 51.9023
400 20 1.521 36.0376 17292.1 51.7999
400 20 1.531 35.5677 17324.1 51.8058
400 20 1.541 35.2104 17305.3 51.8433
400 20 1.551 34.4714 17317.7 51.567
400 20 1.561 33.9528 17320.8 51.5198
400 20 1.571 33.3998 17318.6 51.3766
400 20 1.581 32.675 17326.2 51.2192
400 20 1.591 32.2995 17339.2 51.1695
400 20 1.601 31.7158 17364 51.2352
400 20 1.611 31.5036 17377.3 51.1895
400 20 1.621 30.8198 17393.2 51.3428
400 20 1.631 30.5354 17428.3 53.863
400 20 1.641 30.0733 17467.3 53.735
400 20 1.651 29.7526 17464.8 54.2404
400 20 1.661 29.5033 17482.7 53.9158
400 20 1.671 29.0448 17511.3 53.526
400 20 1.681 28.5446 17519 53.0665
400 20 1.691 28.115 17544.9 52.9276
400 20 1.701 27.8576 17577.6 53.8826
400 20 1.711 27.4746 17572.1 53.5786
400 20 1.721 27.1703 17602.7 53.2701
400 20 1.731 26.7757 17623.4 51.5861
400 20 1.741 26.4753 17638.7 51.4226
400 20 1.751 26.0132 17655.1 51.3649
400 20 1.761 25.6449 17666.3 51.2916
400 20 1.771 25.4072 17686.2 51.1017
400 20 1.781 25.0342 17686.7 50.9287
400 20 1.791 24.7008 17706.9 50.8133
400 20 1.801 24.3933 17721.3 50.7935
400 20 1.811 24.1206 17738.3 50.8063
400 20 1.821 23.8848 17754.7 50.4798
400 20 1.831 23.4904 17760.7 50.35
400 20 1.841 23.2873 17761.3 52.1953
400 20 1.851 22.9871 17776.9 52.0428
400 20 1.861 22.5098 17788.9 51.7074
400 20 1.871 22.3034 17790.8 51.3252
400 20 1.881 21.9846 17811.1 51.6847
400 20 1.891 21.8589 17804.9 51.3163
400 20 1.901 21.5352 17819.2 51.2248
400 20 1.911 21.3922 17819.2 49.4898
400 20 1.921 21.2751 17828.5 48.2368
400 20 1.931 20.9667 17831.5 47.9279
400 20 1.941 20.7304 17836.9 47.547
400 20 1.951 20.4747 17840.1 47.2474
400 20 1.961 20.256 17842.2 46.9609
400 20 1.971 20.1426 17846.3 46.7517
400 20 1.981 19.9472 17846 46.3439
400 20 1.991 19.7554 17845.7 46.0382
400 30 0.001 10355.4 132593 22.577
400 30 0.011 9944.66 128070 22.8766
400 30 0.021 9440.72 122529 23.4849
400 30 0.031 8937.52 116996 24.2526
400 30 0.041 8489.56 112064 24.2659
400 30 0.051 7980.84 106477 25.1668
400 30 0.061 7478.54 100962 25.9774
400 30 0.071 6990.24 95602.9 26.5957
400 30 0.081 6523.14 90477.8 27.6595
400 30 0.091 6155.22 86436.6 28.4725
400 30 0.101 5692.14 81363.1 28.1875
400 30 0.111 5343.64 77549.8 28.4621
400 30 0.121 5036.1 74177.9 29.8832
400 30 0.131 4606.6 69484.6 30.7113
400 30 0.141 4323.02 66383.6 31.522
400 30 0.151 4005.61 62914.1 31.7443
400 30 0.161 3672.53 59284 31.8561
400 30 0.171 3457.34 56940.3 32.8388
400 30 0.181 3139.61 53481.2 33.7639
400 30 0.191 2899.45 50867.4 33.522
400 30 0.201 2712.16 48818.8 33.8977
400 30 0.211 2487.38 46392.5 34.535
400 30 0.221 2268.68 44017.3 34.8452
400 30 0.231 2111.04 42311.2 35.339
400 30 0.241 1956.35 40644.9 35.8614
400 30 0.251 1797.9 38939.8 36.3024
400 30 0.261 1669.36 37550.3 36.7538
400 30 0.271 1526.55 36010.3 36.3667
400 30 0.281 1380.32 34453 36.8801
400 30 0.291 1257.49 33144.5 37.3654
400 30 0.301 1179.65 32314.1 38.8045
400 30 0.311 1098.38 31449.1 38.8383
400 30 0.321 1003.3 30439.3 39.2378
400 30 0.331 948.874 29837.6 39.3741
400 30 0.341 860.121 28915.2 39.7327
400 30 0.351 779.403 28071.3 40.119
400 30 0.361 742.74 27688 40.2843
400 30 0.371 643.915 26667.1 40.6382
400 30 0.381 618.883 26413.3 40.7618
400 30 0.391 569.33 25891.5 41.0587
400 30 0.401 533.029 25528.2 40.5748
400 30 0.411 502.411 25202.8 40.4139
400 30 0.421 460.264 24791.9 41.4117
400 30 0.431 420.712 24377.1 41.6243
400 30 0.441 395.662 24127.2 41.5758
400 30 0.451 373.099 23909.2 42.0396
400 30 0.461 352.988 23702 42.1552
400 30 0.471 326.343 23444.2 42.3005
400 30 0.481 309.807 23278.4 42.2833
400 30 0.491 291.475 23114.7 42.4463
400 30 0.501 275.888 22963.4 42.344
400 30 0.511 256.424 22787.3 42.3712
400 30 0.521 243.491 22669.5 42.6252
400 30 0.531 234.831 22592.2 42.6592
400 30 0.541 222.214 22483 42.534
400 30 0.551 211.449 22364.7 42.8371
400 30 0.561 203.351 22318.1 42.8905
400 30 0.571 191.517 22223.7 42.7717
400 30 0.581 187.27 22167.6 42.9032
400 30 0.591 178.692 22104.8 43.0096
400 30 0.601 173.29 22060.2 43.123
400 30 0.611 164.819 21994.7 43.5163
400 30 0.621 161.526 21963 43.2601
400 30 0.631 155.847 21927.5 42.376
400 30 0.641 150.367 21884.7 42.4114
400 30 0.651 144.7 21866.4 42.5858
400 30 0.661 141.979 21828.1 42.5459
400 30 0.671 137.824 21796.1 43.2387
400 30 0.681 133.117 21755.2 43.7334
400 30 0.691 129.105 21736.1 43.5926
400 30 0.701 126.144 21726.4 43.8369
400 30 0.711 123.48 21714.2 43.7794
400 30 0.721 119.489 21687.6 44.0158
400 30 0.731 117.134 21670 44.0903
400 30 0.741 115.019 21655.9 43.7737
400 30 0.751 111.638 21635 43.1046
400 30 0.761 109.437 21619.4 43.2463
400 30 0.771 107.206 21603.7 43.2568
400 30 0.781 104.195 21598 43.4048
400 30 0.791 102.902 21572.4 43.4276
400 30 0.801 100.46 21575.1 43.5401
400 30 0.811 98.5308 21568.6 43.6562
400 30 0.821 96.8315 21566.3 43.8736
400 30 0.831 94.2451 21541.5 43.9569
400 30 0.841 92.622 21531.2 44.133
400 30 0.851 90.467 21529.1 44.9261
400 30 0.861 88.9553 21519.7 45.0179
400 30 0.871 86.7875 21492.1 45.1047
400 30 0.881 85.9645 21501 45.2643
400 30 0.891 84.1023 21481 45.4696
400 30 0.901 82.436 21476 45.4618
400 30 0.911 81.1351 21476.9 45.3163
400 30 0.921 79.5027 21442.7 45.7157
400 30 0.931 78.159 21456.9 46.4555
400 30 0.941 76.6792 21432.4 46.3822
400 30 0.951 75.1707 21420.5 46.5385
400 30 0.961 74.2455 21420 46.7509
400 30 0.971 72.6023 21392.4 46.9477
400 30 0.981 71.555 21405.3 47.1027
400 30 0.991 69.8672 21381.4 47.2453
400 30 1.001 68.9502 21361.5 47.4815
400 30 1.011 67.5601 21352.3 47.6365
400 30 1.021 66.6366 21334.3 47.4237
400 30 1.031 65.1027 21326.6 47.4731
400 30 1.041 64.3514 21319.9 47.5067
400 30 1.051 63.0128 21315.5 47.9478
400 30 1.061 61.8463 21338 48.2435
400 30 1.071 61.006 21307.6 48.1628
400 30 1.081 59.8772 21305.2 48.4022
400 30 1.091 59.0526 21321.4 48.5235
400 30 1.101 58.0866 21311.1 48.5565
400 30 1.111 57.3374 21329.7 48.843
400 30 1.121 56.129 21341 48.7655
400 30 1.131 55.3816 21346.1 49.3237
400 30 1.141 54.3481 21356.7 49.1539
400 30 1.151 53.5021 21364.7 49.465
400 30 1.161 52.5684 21373.3 49.7745
400 30 1.171 52.1639 21382.3 50.0151
400 30 1.181 51.0254 21378.8 50.0122
400 30 1.191 50.2714 21386.4 50.1245
400 30 1.201 49.3642 21415.4 50.282
400 30 1.211 48.6611 21419.4 50.4953
400 30 1.221 47.9044 21451.5 50.6078
400 30 1.231 46.8543 21432.7 50.7866
400 30 1.241 46.2204 21466.2 50.7966
400 30 1.251 45.2239 21471.4 50.9714
400 30 1.261 44.7424 21466.7 50.7161
400 30 1.271 44.161 21476.8 49.9041
400 30 1.281 43.4564 21490.9 49.9439
400 30 1.291 42.5541 21503.5 49.9241
400 30 1.301 42.0338 21515.4 50.2986
400 30 1.311 41.4283 21525.6 50.2165
400 30 1.321 40.88 21536.2 50.3068
400 30 1.331 40.1339 21535.3 50.3907
400 30 1.341 39.3808 21546.8 50.4233
400 30 1.351 38.5518 21552.7 50.1731
400 30 1.361 38.2428 21560 52.2231
400 30 1.371 37.5829 21571.1 51.7331
400 30 1.381 36.9441 21576.3 52.6158
400 30 1.391 36.5139 21581 52.5223
400 30 1.401 35.9723 21585.9 52.4401
400 30 1.411 35.1332 21598.7 52.8537
400 30 1.421 34.4023 21602.9 52.8317
400 30 1.431 33.9014 21610.9 51.1428
400 30 1.441 33.551 21614 50.8211
400 30 1.451 33.0068 21617.7 50.8461
400 30 1.461 32.6063 21623.1 50.734
400 30 1.471 31.8772 21630.1 50.9359
400 30 1.481 31.2458 21634.9 51.9818
400 30 1.491 30.7259 21635.6 50.9549
400 30 1.501 30.4156 21633.3 50.6126
400 30 1.511 29.6723 21650.1 50.5766
400 30 1.521 29.2473 21634.9 50.4186
400 30 1.531 28.6996 21652.6 50.4686
400 30 1.541 28.3232 21645.8 50.4769
400 30 1.551 27.6835 21661 50.4668
400 30 1.561 27.2799 21663.7 50.3511
400 30 1.571 26.6955 21667.6 50.3311
400 30 1.581 26.283 21672.4 50.3084
400 30 1.591 25.9121 21680.4 50.3076
400 30 1.601 25.5314 21718.6 50.3854
400 30 1.611 25.0511 21734.7 50.5628
400 30 1.621 24.7307 21755.8 50.3254
400 30 1.631 24.2601 21798.8 50.3895
400 30 1.641 24.1215 21815 50.3802
400 30 1.651 23.7041 21830.4 50.2424
400 30 1.661 23.2894 21856.1 50.1399
400 30 1.671 23.0152 21884.8 49.9886
400 30 1.681 22.6888 21901.5 50.1984
400 30 1.691 22.2316 21916.5 49.9131
400 30 1.701 21.9809 21931.6 49.8836
400 30 1.711 21.5414 21954.7 49.9522
400 30 1.721 21.3943 21971.8 49.9595
400 30 1.731 21.0081 21982.2 49.7871
400 30 1.741 20.7685 22000.9 49.9324
400 30 1.751 20.4511 22008.5 49.8945
400 30 1.761 20.1349 22027.1 49.6963
400 30 1.771 19.9961 22038.1 49.5891
400 30 1.781 19.6338 22046.8 49.4336
400 30 1.791 19.1483 22061.2 49.3775
400 30 1.801 18.9876 22067.5 49.3408
400 30 1.811 18.8582 22079.9 49.2821
400 30 1.821 18.4415 22089.3 49.1346
400 30 1.831 18.2553 22092.5 49.0095
400 30 1.841 17.9206 22101.8 49.0092
400 30 1.851 17.6056 22103.3 48.8082
400 30 1.861 17.4735 22109.2 48.5765
400 30 1.871 17.2928 22112.9 48.5207
400 30 1.881 17.0756 22117.2 48.4105
400 30 1.891 16.7169 22119.4 48.092
400 30 1.901 16.4447 22116.2 47.9285
400 30 1.911 16.3867 22123.1 47.9965
400 30 1.921 16.1699 22124.6 47.8048
400 30 1.931 15.7183 22120.1 47.5744
400 30 1.941 15.5802 22124.4 47.4969
400 30 1.951 15.4277 22120.7 47.3985
400 30 1.961 15.2641 22123.8 47.0085
400 30 1.971 15.1334 22121.7 46.6945
400 30 1.981 14.7813 22121 46.4472
400 30 1.991 14.5838 22119.6 46.0592
400 40 0.001 13655.9 169491 377.699
400 40 0.011 12892.1 161288 357.664
400 40 0.021 12096.2 152734 336.923
400 40 0.031 11218.9 143326 313.954
400 40 0.041 10331.8 133807 291.174
400 40 0.051 9476.57 124638 268.5
400 40 0.061 8794.16 117315 251.551
400 40 0.071 8033.51 109167 231.788
400 40 0.081 7350.5 101858 213.256
400 40 0.091 6684.39 94724.1 197.171
400 40 0.101 6063.14 88078.6 181.073
400 40 0.111 5513.5 82219 166.927
400 40 0.121 5075.78 77533.9 156.295
400 40 0.131 4557.74 72011.1 143.221
400 40 0.141 4135.99 67510.5 132.943
400 40 0.151 3723.99 63131.6 122.579
400 40 0.161 3317.71 58816.6 112.021
400 40 0.171 3029.5 55757.3 104.227
400 40 0.181 2757.22 52866 97.3921
400 40 0.191 2467.27 49795.7 90.0361
400 40 0.201 2167.64 46638.4 82.5739
400 40 0.211 1978.66 44634 78.0209
400 40 0.221 1769.44 42436.2 73.0169
400 40 0.231 1603.44 40679.9 69.1576
400 40 0.241 1422.93 38809.6 64.7159
400 40 0.251 1250.4 36994.6 60.7305
400 40 0.261 1197.36 36446.2 59.4142
400 40 0.271 1007.42 34463.7 54.0528
400 40 0.281 944.389 33816.9 52.5736
400 40 0.291 832.842 32670.3 50.2002
400 40 0.301 774.48 32079.5 48.9838
400 40 0.311 697.249 31286.6 47.9356
400 40 0.321 642.784 30719.5 45.9533
400 40 0.331 587.366 30183 44.8849
400 40 0.341 522.625 29520.7 43.5864
400 40 0.351 477.212 29067.1 42.8079
400 40 0.361 436.868 28677 41.9023
400 40 0.371 399.613 28317.1 41.2496
400 40 0.381 371.198 28033.3 40.9509
400 40 0.391 341.829 27750.1 39.7844
400 40 0.401 317.04 27505.2 38.863
400 40 0.411 296.226 27332.9 38.5699
400 40 0.421 276.473 27137 38.2
400 40 0.431 254.942 26947.1 37.9173
400 40 0.441 245.869 26871.9 37.8553
400 40 0.451 230.862 26723.9 37.6337
400 40 0.461 216.578 26604.5 37.4407
400 40 0.471 201.573 26476.4 37.3164
400 40 0.481 194.785 26431.5 37.2484
400 40 0.491 185.145 26348.4 37.2742
400 40 0.501 176.409 26277.8 37.7313
400 40 0.511 167.789 26202 37.2206
400 40 0.521 165.272 26185.8 37.3307
400 40 0.531 156.451 26137.3 37.3897
400 40 0.541 149.874 26088.8 37.3822
400 40 0.551 146.198 26071.5 38.9228
400 40 0.561 141.421 26043.9 39.2561
400 40 0.571 137.2 26011.4 39.2292
400 40 0.581 132.581 25976.9 39.3299
400 40 0.591 128.772 25949.2 39.4783
400 40 0.601 124.63 25916.7 39.7285
400 40 0.611 122.22 25910 39.9696
400 40 0.621 117.778 25896.2 39.9062
400 40 0.631 116.234 25883.3 40
400 40 0.641 112.186 25863.7 40.2624
400 40 0.651 109.851 25846.9 40.2922
400 40 0.661 107.731 25859.1 40.759
400 40 0.671 104.902 25822.9 40.6205
400 40 0.681 102.657 25811.8 40.7566
400 40 0.691 100.846 25809.5 41.2293
400 40 0.701 98.5134 25801 41.1511
400 40 0.711 95.829 25798.8 41.5486
400 40 0.721 94.3433 25783.3 41.0703
400 40 0.731 92.7861 25776.1 41.0685
400 40 0.741 90.708 25756.1 41.7503
400 40 0.751 89.1571 25755.9 41.7522
400 40 0.761 86.5317 25748.7 41.2887
400 40 0.771 85.6794 25734.5 42.3877
400 40 0.781 84.205 25725.4 42.3327
400 40 0.791 81.9256 25720 42.7898
400 40 0.801 80.608 25730.2 42.5555
400 40 0.811 78.7103 25727.7 43.046
400 40 0.821 77.4468 25697.6 43.2843
400 40 0.831 76.0592 25706.1 43.3861
400 40 0.841 74.72 25694.8 44.0865
400 40 0.851 73.0816 25684.9 43.799
400 40 0.861 71.9557 25687.9 43.9113
400 40 0.871 70.6903 25664.9 44.2316
400 40 0.881 68.9925 25686.9 44.2701
400 40 0.891 67.6949 25653.3 43.3298
400 40 0.901 66.6953 25663 43.5963
400 40 0.911 65.9544 25663.4 43.6574
400 40 0.921 64.3429 25641.8 43.7969
400 40 0.931 63.5711 25630.9 43.9443
400 40 0.941 62.1601 25611.8 44.0705
400 40 0.951 61.2144 25617.9 44.4982
400 40 0.961 60.1313 25602.5 44.5176
400 40 0.971 58.8077 25605.7 44.6479
400 40 0.981 58.0033 25589.7 44.9562
400 40 0.991 56.8952 25577.7 45.0779
400 40 1.001 56.198 25560 45.3068
400 40 1.011 55.1024 25548.4 45.5088
400 40 1.021 54.1166 25543 45.6352
400 40 1.031 53.3615 25536.4 45.8173
400 40 1.041 52.293 25529.8 46.0694
400 40 1.051 51.8191 25525.6 46.2136
400 40 1.061 50.6026 25510.4 46.4286
400 40 1.071 49.8777 25528.2 46.609
400 40 1.081 49.369 25526.9 46.6451
400 40 1.091 48.4834 25547.9 46.9949
400 40 1.101 47.613 25546.5 46.5625
400 40 1.111 46.9036 25570.1 46.8553
400 40 1.121 46.1874 25572.9 48.2987
400 40 1.131 45.6013 25582.6 47.5581
400 40 1.141 44.725 25595.3 47.1864
400 40 1.151 44.1759 25608.6 47.2697
400 40 1.161 43.616 25620.5 47.3619
400 40 1.171 42.8372 25634.1 47.2788
400 40 1.181 42.2327 25652.6 47.3827
400 40 1.191 41.4756 25658.6 47.5032
400 40 1.201 41.4514 25660.1 49.4045
400 40 1.211 40.3481 25686 50.5599
400 40 1.221 39.9792 25688.1 49.7391
400 40 1.231 39.394 25717 49.1019
400 40 1.241 38.6832 25719.6 49.3164
400 40 1.251 38.1996 25732.8 49.392
400 40 1.261 37.7108 25733.6 49.7577
400 40 1.271 37.0329 25753.6 49.7749
400 40 1.281 36.5241 25763.6 50.0525
400 40 1.291 36.0625 25758.4 50.2457
400 40 1.301 35.3749 25761 51.2936
400 40 1.311 34.8625 25790.7 49.8573
400 40 1.321 34.3228 25795.6 51.9869
400 40 1.331 33.7769 25798 52.2984
400 40 1.341 33.3881 25803.6 52.2797
400 40 1.351 32.7475 25812.5 52.4085
400 40 1.361 32.3218 25819.9 52.7202
400 40 1.371 31.8097 25824.1 52.7057
400 40 1.381 31.273 25839.2 52.9743
400 40 1.391 30.9522 25845.9 53.081
400 40 1.401 30.4823 25840.8 53.3864
400 40 1.411 29.9453 25849.4 53.3838
400 40 1.421 29.5265 25856.3 53.6925
400 40 1.431 29.0272 25872.2 50.6365
400 40 1.441 28.4383 25877.3 50.6896
400 40 1.451 28.0111 25883.8 50.7703
400 40 1.461 27.4015 25868.9 50.6688
400 40 1.471 27.0592 25888.5 50.8797
400 40 1.481 26.4395 25881.1 50.8331
400 40 1.491 26.0332 25880.8 50.8709
400 40 1.501 25.4892 25889.7 50.9861
400 40 1.511 25.146 25900.3 51.0483
400 40 1.521 24.7107 25892.9 51.2113
400 40 1.531 24.22 25902 51.3656
400 40 1.541 23.7934 25901.3 51.3691
400 40 1.551 23.3156 25900.6 51.2789
400 40 1.561 22.9421 25908.9 51.2745
400 40 1.571 22.5729 25903.4 51.391
400 40 1.581 22.163 25903.8 51.4589
400 40 1.591 21.7971 25928.6 51.3731
400 40 1.601 21.4807 25968 51.5448
400 40 1.611 21.1797 25989.4 51.6192
400 40 1.621 20.8803 26012.8 51.5274
400 40 1.631 20.7021 26042.4 51.6673
400 40 1.641 20.1535 26064.3 51.8629
400 40 1.651 19.8005 26080.9 52.4523
400 40 1.661 19.7364 26109.5 52.1694
400 40 1.671 19.3623 26133.8 52.148
400 40 1.681 18.9093 26156.4 52.1321
400 40 1.691 18.7412 26166.8 52.1363
400 40 1.701 18.3282 26184.3 52.1292
400 40 1.711 18.1995 26199.1 52.1282
400 40 1.721 17.753 26221.2 52.1085
400 40 1.731 17.6095 26226.3 52.0958
400 40 1.741 17.1594 26234.6 52.1616
400 40 1.751 16.9306 26253.8 51.9919
400 40 1.761 16.7417 26263.8 52.0174
400 40 1.771 16.3106 26269.9 53.0211
400 40 1.781 16.057 26273.5 51.6289
400 40 1.791 15.9078 26281.9 53.127
400 40 1.801 15.5137 26289.1 53.1965
400 40 1.811 15.3266 26295.6 53.2259
400 40 1.821 14.9878 26293.7 53.0301
400 40 1.831 14.9352 26300.7 52.8117
400 40 1.841 14.6017 26304 53.0919
400 40 1.851 14.4896 26309.2 52.3092
400 40 1.861 14.1927 26306.9 52.3616
400 40 1.871 13.8479 26309.5 52.4833
400 40 1.881 13.639 26311.1 52.0388
400 40 1.891 13.4273 26308.6 51.8974
400 40 1.901 13.267 26311.5 51.6128
400 40 1.911 13.032 26310.5 51.2747
400 40 1.921 12.7296 26308.7 51.1739
400 40 1.931 12.5611 26308.8 50.9542
400 40 1.941 12.3004 26306.5 50.5724
400 40 1.951 12.0803 26305.9 50.4704
400 40 1.961 11.8114 26304 50.3724
400 40 1.971 11.6073 26303.4 49.9478
400 40 1.981 11.4451 26302.4 49.4265
400 40 1.991 11.1253 26300.7 49.1261
