200 10 0.001 1917.4 22123.2 4.3565
200 10 0.011 1891.26 21860.1 4.677
200 10 0.021 1865.05 21591.6 4.6922
200 10 0.031 1836.61 21299 5.0502
200 10 0.041 1807.49 21003.2 5.1705
200 10 0.051 1772.03 20643.5 5.5788
200 10 0.061 1743.95 20350.1 5.9215
200 10 0.071 1717.92 20080.5 6.4998
200 10 0.081 1681.13 19714.7 6.8052
200 10 0.091 1647.82 19371.1 7.2057
200 10 0.101 1619.71 19084.6 8.2823
200 10 0.111 1590.96 18774.6 8.6555
200 10 0.121 1559.93 18456.8 9.3857
200 10 0.131 1522.55 18075.5 8.9912
200 10 0.141 1488.49 17739.2 9.1683
200 10 0.151 1456.06 17408 10.0751
200 10 0.161 1425.54 17088.9 10.771
200 10 0.171 1400.96 16833.6 11.4541
200 10 0.181 1372.19 16541.4 12.7862
200 10 0.191 1328.78 16094.7 12.0911
200 10 0.201 1299.33 15795.1 12.6874
200 10 0.211 1268.17 15482 13.3399
200 10 0.221 1246.74 15247.2 13.8152
200 10 0.231 1215.28 14919.4 14.5392
200 10 0.241 1177.86 14558.3 15.4446
200 10 0.251 1155.93 14322.3 15.9172
200 10 0.261 1129.12 14018.1 16.5242
200 10 0.271 1097.84 13730.1 17.3345
200 10 0.281 1071.9 13454.9 17.9395
200 10 0.291 1046.75 13175.2 18.6266
200 10 0.301 1019.11 12903.3 19.419
200 10 0.311 991.155 12613.4 20.3117
200 10 0.321 965.077 12343.7 20.8543
200 10 0.331 944.584 12133.9 21.652
200 10 0.341 923.266 11920.1 22.0926
200 10 0.351 901.022 11677.1 22.8756
200 10 0.361 863.809 11314.1 23.9334
200 10 0.371 852.766 11174.4 26.2385
200 10 0.381 823.565 10894.5 26.9361
200 10 0.391 802.799 10672.1 27.6112
200 10 0.401 785.451 10481.8 27.6332
200 10 0.411 773.034 10338.1 28.3669
200 10 0.421 744.352 10074.9 29.3428
200 10 0.431 723.653 9831.99 30.125
200 10 0.441 707.915 9674.68 30.8442
200 10 0.451 684.121 9432.24 31.6396
200 10 0.461 670.472 9299.06 32.2817
200 10 0.471 652.364 9086.9 33.1472
200 10 0.481 632.638 8888.65 34.281
200 10 0.491 617.891 8742.72 35.1946
200 10 0.501 604.255 8607.66 36.063
200 10 0.511 583.273 8391.46 36.9806
200 10 0.521 564.392 8183.32 38.1464
200 10 0.531 553.865 8063.83 39.0228
200 10 0.541 541.072 7926.82 39.7159
200 10 0.551 522.338 7757.86 40.9879
200 10 0.561 507.715 7608.65 41.6752
200 10 0.571 495.344 7454.09 42.5389
200 10 0.581 485.503 7344.48 43.404
200 10 0.591 467.909 7173.94 44.7285
200 10 0.601 455.731 7078.27 46.5398
200 10 0.611 445.157 6937.15 46.9566
200 10 0.621 435.388 6843.11 48.2044
200 10 0.631 421.965 6699.71 49.029
200 10 0.641 410.665 6591.39 50.2429
200 10 0.651 401.027 6469.77 50.2939
200 10 0.661 387.822 6339.52 51.2975
200 10 0.671 376.182 6223.97 52.7552
200 10 0.681 369.519 6148.91 53.4033
200 10 0.691 361.847 6032.07 54.068
200 10 0.701 352.779 5968.94 55.2275
200 10 0.711 343.704 5862.26 56.3022
200 10 0.721 332.953 5756.14 57.0938
200 10 0.731 322.93 5654.38 58.1672
200 10 0.741 316.201 5579.15 58.8021
200 10 0.751 308.962 5501.19 59.8352
200 10 0.761 301.874 5415.63 60.6435
200 10 0.771 292.352 5330.95 62.0625
200 10 0.781 290.911 5289.38 63.1117
200 10 0.791 281.06 5199.91 63.7667
200 10 0.801 272.569 5095.81 64.5364
200 10 0.811 269.411 5069.74 65.8728
200 10 0.821 260.745 4966.23 66.6207
200 10 0.831 254.159 4900.12 67.6664
200 10 0.841 246.75 4824.44 68.3579
200 10 0.851 241.565 4767.79 69.5894
200 10 0.861 237.672 4723.87 70.7767
200 10 0.871 231.325 4672.3 71.6128
200 10 0.881 227.323 4620.18 72.486
200 10 0.891 222.389 4555.1 73.313
200 10 0.901 215.537 4503.29 74.2882
200 10 0.911 214.458 4461.08 75.8434
200 10 0.921 210.915 4432.01 77.0253
200 10 0.931 203.187 4331.53 77.7079
200 10 0.941 199.598 4299.59 77.5611
200 10 0.951 196.699 4271.69 78.3798
200 10 0.961 190.048 4190.38 79.2703
200 10 0.971 187.767 4162.26 80.0692
200 10 0.981 184.259 4131.34 81.1637
200 10 0.991 179.372 4068.64 81.7787
200 10 1.001 175.296 4030.86 83.746
200 10 1.011 170.946 3976.87 84.6632
200 10 1.021 167.407 3919.05 85.8247
200 10 1.031 166.09 3907.87 86.7863
200 10 1.041 162.902 3868.43 87.8873
200 10 1.051 158.472 3820.82 88.6717
200 10 1.061 156.236 3783.75 88.8171
200 10 1.071 153.569 3750.41 89.6609
200 10 1.081 150.969 3732.86 90.2302
200 10 1.091 147.281 3665.28 90.4494
200 10 1.101 146.36 3655.09 90.9485
200 10 1.111 144.023 3632.47 91.3986
200 10 1.121 141.686 3609.99 92.2952
200 10 1.131 140.532 3607.61 92.2035
200 10 1.141 137.439 3547.98 91.9444
200 10 1.151 136.04 3515.59 92.1949
200 10 1.161 133.655 3492.02 93.3576
200 10 1.171 132.962 3474.56 94.4708
200 10 1.181 130.629 3454.58 94.4131
200 10 1.191 128.331 3422.16 92.5231
200 10 1.201 127.262 3395.62 93.3291
200 10 1.211 125.503 3373.8 92.8979
200 10 1.221 123.798 3363.38 92.8341
200 10 1.231 122.927 3329.74 93.4518
200 10 1.241 120.387 3302.71 93.6764
200 10 1.251 120.309 3286.47 94.1287
200 10 1.261 118.149 3253.49 93.2075
200 10 1.271 116.224 3233.93 92.8483
200 10 1.281 115.885 3231.52 93.085
200 10 1.291 114.275 3191.39 91.936
200 10 1.301 112.122 3153.6 90.6963
200 10 1.311 111.086 3146.24 91.0692
200 10 1.321 109.748 3113.03 90.551
200 10 1.331 108.952 3107.22 90.4927
200 10 1.341 107.634 3089.59 90.4575
200 10 1.351 106.148 3070.34 90.3963
200 10 1.361 105.07 3048.45 89.8975
200 10 1.371 103.923 3015.99 89.263
200 10 1.381 102.708 2996.85 88.736
200 10 1.391 101.668 2976.59 88.2829
200 10 1.401 100.774 2970.56 88.3405
200 10 1.411 99.475 2943.08 87.7338
200 10 1.421 98.5197 2916.3 86.9651
200 10 1.431 97.4785 2895.97 86.9382
200 10 1.441 96.2644 2874.12 86.9681
200 10 1.451 95.6697 2865.88 86.7277
200 10 1.461 94.4811 2845.91 86.1615
200 10 1.471 93.536 2816.58 84.6151
200 10 1.481 92.6766 2804.78 84.3001
200 10 1.491 91.8864 2782.21 83.8326
200 10 1.501 91.0037 2768.16 83.5397
200 10 1.511 90.4457 2756.08 83.0024
200 10 1.521 89.4119 2728.69 82.031
200 10 1.531 89.1231 2719.54 81.8811
200 10 1.541 87.5004 2686.96 80.2816
200 10 1.551 87.0904 2666.05 79.9732
200 10 1.561 86.2207 2655.24 79.4327
200 10 1.571 85.0938 2629.99 78.2825
200 10 1.581 84.4852 2602.95 77.4544
200 10 1.591 83.4359 2583.62 76.5214
200 10 1.601 83.3945 2582.73 76.4191
200 10 1.611 82.8541 2573.2 75.9842
200 10 1.621 82.326 2558.41 75.1343
200 10 1.631 81.4247 2528.09 73.6629
200 10 1.641 80.6145 2501.61 72.7025
200 10 1.651 80.4407 2509.05 72.9209
200 10 1.661 79.5575 2487.18 71.9209
200 10 1.671 79.0959 2473.26 72.7669
200 10 1.681 78.3763 2449.88 71.9627
200 10 1.691 77.9079 2439.77 71.4827
200 10 1.701 77.0486 2411.2 68.1962
200 10 1.711 76.7322 2404.79 68.0643
200 10 1.721 76.075 2392.5 67.2931
200 10 1.731 75.047 2362.8 66.5483
200 10 1.741 74.9643 2355.87 67.4607
200 10 1.751 74.3403 2338.21 66.6164
200 10 1.761 73.7886 2323.97 65.5631
200 10 1.771 73.4802 2305.46 64.6527
200 10 1.781 72.556 2285.44 63.3806
200 10 1.791 72.082 2270.44 62.9411
200 10 1.801 71.666 2257 62.1108
200 10 1.811 70.9899 2243.07 61.2494
200 10 1.821 70.8632 2226.41 59.1552
200 10 1.831 70.2725 2211.62 58.3893
200 10 1.841 69.6905 2190.9 57.4657
200 10 1.851 69.2703 2177.5 56.6261
200 10 1.861 69.1981 2168.53 56.3065
200 10 1.871 68.5167 2157.81 55.2937
200 10 1.881 67.9719 2131.54 54.5606
200 10 1.891 67.4198 2116.33 54.8109
200 10 1.901 67.0633 2102.21 52.9446
200 10 1.911 66.8156 2093.48 52.1237
200 10 1.921 66.3788 2076.36 51.4067
200 10 1.931 66.0153 2063.6 50.609
200 10 1.941 65.8386 2054.03 50.5521
200 10 1.951 65.2531 2032.01 48.922
200 10 1.961 64.7556 2016.16 48.0077
200 10 1.971 64.6585 2008.34 47.3029
200 10 1.981 64.3029 1989.97 46.2336
200 10 1.991 63.8313 1975.82 45.2411
200 20 0.001 3632.57 37527.4 7.0323
200 20 0.011 3542.06 36658 6.7751
200 20 0.021 3445.14 35725.5 6.9584
200 20 0.031 3343.61 34753.8 7.3298
200 20 0.041 3233.96 33700 7.7926
200 20 0.051 3133.16 32728.2 7.8437
200 20 0.061 3030.21 31731.9 8.4454
200 20 0.071 2925.45 30726 9.3203
200 20 0.081 2807.7 29602.7 10.0785
200 20 0.091 2718.14 28748.2 10.7649
200 20 0.101 2611.25 27701 10.555
200 20 0.111 2508.2 26706.5 10.9698
200 20 0.121 2412.92 25784.1 12.2326
200 20 0.131 2336.31 25038.8 13.1062
200 20 0.141 2235.86 24102.5 14.0187
200 20 0.151 2143.45 23192.7 14.2151
200 20 0.161 2060.22 22389.4 14.6975
200 20 0.171 1980.16 21613.2 15.5138
200 20 0.181 1893.49 20795.8 15.5488
200 20 0.191 1825.35 20112.5 16.2452
200 20 0.201 1733.71 19257.6 17.5311
200 20 0.211 1674.69 18688.7 18.7368
200 20 0.221 1613.39 18064.5 19.5216
200 20 0.231 1524.27 17222.8 20.4378
200 20 0.241 1474.25 16738.5 21.1162
200 20 0.251 1404.18 16074.3 21.8902
200 20 0.261 1361.1 15637.9 22.6006
200 20 0.271 1297.24 15046 23.5359
200 20 0.281 1252.54 14596.3 24.1823
200 20 0.291 1197.49 14076.4 25.211
200 20 0.301 1149.61 13588.1 25.6667
200 20 0.311 1095.26 13071 26.1352
200 20 0.321 1062.33 12778.3 26.5691
200 20 0.331 1026.99 12415.1 27.1947
200 20 0.341 969.522 11872.4 28.2282
200 20 0.351 934.295 11524.7 29.1805
200 20 0.361 900.152 11200.8 30.2082
200 20 0.371 859.008 10788.1 31.2796
200 20 0.381 820.355 10435.7 32.0724
200 20 0.391 802.453 10258.7 33.0354
200 20 0.401 761.461 9865.34 33.7389
200 20 0.411 740.648 9663.63 34.5793
200 20 0.421 716.97 9420.53 35.1973
200 20 0.431 685.135 9125.86 36.2181
200 20 0.441 663.352 8894.5 36.7711
200 20 0.451 644.728 8727.17 37.5662
200 20 0.461 615.487 8437.53 38.3711
200 20 0.471 595.797 8265.9 39.2931
200 20 0.481 573.263 8055.76 40.2448
200 20 0.491 555.357 7879.29 41.0897
200 20 0.501 538.499 7724.9 41.7471
200 20 0.511 521.56 7526.92 42.2411
200 20 0.521 494.063 7271.04 43.0962
200 20 0.531 485.266 7195.06 43.9323
200 20 0.541 471.202 7052.01 44.6771
200 20 0.551 458.324 6934.54 46.0001
200 20 0.561 445.114 6791.93 46.702
200 20 0.571 428.615 6657.05 47.2958
200 20 0.581 416.095 6524.77 47.4165
200 20 0.591 402.906 6404.84 48.595
200 20 0.601 394.401 6307.78 48.983
200 20 0.611 379.597 6183.49 50.1174
200 20 0.621 370.119 6068.73 50.687
200 20 0.631 360.171 5973.1 51.446
200 20 0.641 350.132 5859.14 51.9516
200 20 0.651 344.366 5803.34 53.204
200 20 0.661 332.996 5699.86 53.5628
200 20 0.671 325.262 5636.14 54.9148
200 20 0.681 316.776 5566.95 55.7303
200 20 0.691 306.779 5452.76 56.5001
200 20 0.701 305.097 5438.63 57.2896
200 20 0.711 294.429 5342.49 58.0325
200 20 0.721 290.008 5269.53 58.434
200 20 0.731 281.944 5198.91 59.2547
200 20 0.741 277.337 5155.44 60.4668
200 20 0.751 268.004 5061.3 61.2636
200 20 0.761 261.662 4994.94 62.1668
200 20 0.771 258.285 4968.47 63.0635
200 20 0.781 250.854 4882.74 63.6149
200 20 0.791 246.788 4837.49 64.45
200 20 0.801 243.099 4811.46 65.1924
200 20 0.811 236.354 4723.98 66.1631
200 20 0.821 234.809 4712.31 66.7918
200 20 0.831 225.472 4642.87 68.1102
200 20 0.841 224.142 4610.04 68.6598
200 20 0.851 216.554 4535.27 69.8467
200 20 0.861 213.158 4485.49 71.3513
200 20 0.871 211.088 4469.98 71.5628
200 20 0.881 204.986 4400.95 72.2965
200 20 0.891 199.93 4344.57 73.1566
200 20 0.901 197.887 4322.18 74.2745
200 20 0.911 192.625 4268.27 75.1339
200 20 0.921 191.982 4269.06 75.4521
200 20 0.931 188.241 4221.66 76.764
200 20 0.941 182.595 4145.06 77.0559
200 20 0.951 180.118 4120.7 78.3568
200 20 0.961 176.298 4087.01 79.0016
200 20 0.971 174.229 4054.32 79.5145
200 20 0.981 170.774 4025.72 80.9076
200 20 0.991 169.021 3982.46 82.1341
200 20 1.001 165.395 3952.99 83.0765
200 20 1.011 162.953 3933.84 84.361
200 20 1.021 160.018 3890.43 84.9196
200 20 1.031 156.331 3840.92 85.8972
200 20 1.041 153.372 3808.07 86.6994
200 20 1.051 152.813 3809.79 87.8452
200 20 1.061 148.212 3735.09 88.1902
200 20 1.071 147.204 3731.45 89.0848
200 20 1.081 145.205 3716.01 89.6494
200 20 1.091 142.247 3667.49 89.6216
200 20 1.101 139.441 3633.25 89.4872
200 20 1.111 139.153 3629.01 90.2058
200 20 1.121 138.177 3606.85 90.6976
200 20 1.131 135.023 3577.15 90.364
200 20 1.141 133.61 3547.63 90.5107
200 20 1.151 130.974 3507.91 89.9066
200 20 1.161 131.278 3508.95 91.1539
200 20 1.171 128.671 3474.71 90.6356
200 20 1.181 127.883 3470.42 91.9218
200 20 1.191 125.473 3424.21 90.0754
200 20 1.201 123.895 3415.73 90.591
200 20 1.211 122.193 3373.76 91.6021
200 20 1.221 121.347 3370.87 91.9614
200 20 1.231 119.162 3323.86 90.4852
200 20 1.241 118.821 3327.14 89.9054
200 20 1.251 117.439 3305.86 89.9973
200 20 1.261 116.416 3285.43 89.6206
200 20 1.271 114.431 3248.23 89.3179
200 20 1.281 113.757 3251.83 90.2165
200 20 1.291 112.395 3228.92 90.6131
200 20 1.301 111.098 3191.65 89.8325
200 20 1.311 110.034 3190.03 89.9054
200 20 1.321 109.224 3177.86 90.013
200 20 1.331 107.217 3134.2 88.7989
200 20 1.341 106.691 3127.49 88.2496
200 20 1.351 105.958 3109.71 88.0615
200 20 1.361 104.879 3082.35 87.39
200 20 1.371 103.297 3068.09 87.1057
200 20 1.381 103.006 3056.71 86.7894
200 20 1.391 101.872 3037.29 86.3934
200 20 1.401 100.748 3015.09 86.1044
200 20 1.411 100.114 3003.97 86.4181
200 20 1.421 99.4497 2991.03 86.4833
200 20 1.431 98.1426 2956.42 85.2232
200 20 1.441 97.6183 2958.69 85.0092
200 20 1.451 96.3426 2935.79 84.1911
200 20 1.461 95.3651 2901.68 83.1737
200 20 1.471 95.2035 2892.02 83.8721
200 20 1.481 94.5746 2896.37 83.9073
200 20 1.491 93.6693 2863.05 83.0402
200 20 1.501 93.5316 2858.38 82.9032
200 20 1.511 92.2621 2832.66 81.9438
200 20 1.521 92.0587 2823.43 81.7429
200 20 1.531 90.9389 2802.69 80.9312
200 20 1.541 90.4516 2789.57 80.5541
200 20 1.551 89.3885 2762.58 79.4653
200 20 1.561 89.098 2755.74 79.2479
200 20 1.571 88.4821 2739.54 78.3969
200 20 1.581 87.9038 2721.17 77.6269
200 20 1.591 87.2216 2708.05 76.8084
200 20 1.601 86.1842 2681.83 75.8075
200 20 1.611 85.9867 2678.76 75.4255
200 20 1.621 85.3208 2657.08 74.6652
200 20 1.631 84.7132 2642.18 73.9877
200 20 1.641 84.2809 2635.1 73.5075
200 20 1.651 83.6597 2620.92 72.7215
200 20 1.661 83.0549 2597.17 71.7805
200 20 1.671 82.6068 2578.81 70.9113
200 20 1.681 81.9663 2566.05 70.3258
200 20 1.691 81.247 2546.91 69.1925
200 20 1.701 80.6505 2533.15 68.3857
200 20 1.711 80.3376 2524.02 67.9235
200 20 1.721 79.5239 2503.61 67.0078
200 20 1.731 79.3838 2494.85 66.4789
200 20 1.741 78.6582 2476.68 65.5529
200 20 1.751 78.3351 2465.18 65.2443
200 20 1.761 77.9636 2449.66 64.3718
200 20 1.771 77.609 2438.42 63.604
200 20 1.781 77.1015 2425.17 62.8755
200 20 1.791 76.6628 2406 61.7963
200 20 1.801 76.4917 2403.31 61.7675
200 20 1.811 76.0903 2394.47 61.4131
200 20 1.821 75.4815 2368.28 59.9187
200 20 1.831 75.5634 2367.58 59.6905
200 20 1.841 74.877 2346.41 58.3838
200 20 1.851 74.4225 2332.04 56.9625
200 20 1.861 74.1528 2316.9 56.09
200 20 1.871 73.9441 2315.13 55.8186
200 20 1.881 73.5348 2299.26 55.0151
200 20 1.891 73.6803 2296.92 54.6932
200 20 1.901 73.1628 2278.79 53.8654
200 20 1.911 72.9604 2267.27 52.7879
200 20 1.921 72.6926 2261.05 52.4361
200 20 1.931 72.389 2247.95 51.7055
200 20 1.941 72.1027 2233.59 50.8213
200 20 1.951 71.9864 2229.72 50.3877
200 20 1.961 71.7767 2218.82 49.7414
200 20 1.971 71.6577 2209.09 48.9311
200 20 1.981 71.2286 2191.11 47.7496
200 20 1.991 71.1523 2185.21 47.2929
200 30 0.001 5145.66 51113.6 8.8416
200 30 0.011 4962.78 49395.3 8.323
200 30 0.021 4755.48 47442.5 8.1541
200 30 0.031 4563.65 45637 8.7106
200 30 0.041 4351.34 43628.3 9.7394
200 30 0.051 4146.43 41706.5 10.8705
200 30 0.061 3944.8 39800 11.0868
200 30 0.071 3720.38 37711.2 11.7005
200 30 0.081 3536.4 35970.3 12.1488
200 30 0.091 3358.81 34289.9 12.9843
200 30 0.101 3148.59 32311.8 13.4523
200 30 0.111 3003.63 30936.9 13.8911
200 30 0.121 2824.15 29258.9 14.7725
200 30 0.131 2681.07 27896.6 15.3961
200 30 0.141 2541.8 26586.9 16.3103
200 30 0.151 2404.16 25319.8 16.9091
200 30 0.161 2254.02 23883.9 17.6168
200 30 0.171 2119.61 22632.2 18.4135
200 30 0.181 2012.31 21613.8 19.0276
200 30 0.191 1920.26 20749.7 19.5389
200 30 0.201 1812.35 19731 20.3009
200 30 0.211 1734.27 18980.8 20.8781
200 30 0.221 1611.03 17821.6 21.8642
200 30 0.231 1538.37 17136.6 22.583
200 30 0.241 1448.6 16305.9 23.3508
200 30 0.251 1388.07 15727.1 23.9982
200 30 0.261 1312.02 14998.8 24.6638
200 30 0.271 1248.67 14413.9 25.4071
200 30 0.281 1166.38 13672.1 26.1772
200 30 0.291 1128.88 13287.1 26.7936
200 30 0.301 1072.27 12753.9 27.5572
200 30 0.311 1027.82 12361.3 28.436
200 30 0.321 983.802 11930.1 28.9556
200 30 0.331 923.735 11349 29.7345
200 30 0.341 878.293 10924.8 30.3235
200 30 0.351 840.902 10590.9 31.2873
200 30 0.361 804.136 10248.4 32.0317
200 30 0.371 769.327 9917.08 32.9529
200 30 0.381 744.244 9676.52 33.7447
200 30 0.391 715.571 9413.32 34.6939
200 30 0.401 687.156 9156.48 35.4529
200 30 0.411 658.473 8885.79 36.2424
200 30 0.421 633.413 8616.13 36.7206
200 30 0.431 608.661 8412.05 37.2839
200 30 0.441 586.599 8187.17 38.0729
200 30 0.451 566.631 7978.24 38.1799
200 30 0.461 550.489 7866.16 39.2001
200 30 0.471 531.093 7673.69 39.8247
200 30 0.481 507.853 7444.13 40.5578
200 30 0.491 497.04 7353.17 41.3508
200 30 0.501 477.918 7172.68 42.1069
200 30 0.511 466.454 7076.59 42.9316
200 30 0.521 452.814 6924.32 43.4468
200 30 0.531 440.404 6809.55 44.1897
200 30 0.541 428.444 6709.43 44.992
200 30 0.551 415.52 6585.35 46.1555
200 30 0.561 403.786 6465.82 46.5905
200 30 0.571 389.484 6341.73 47.2783
200 30 0.581 380.785 6239.69 48.1967
200 30 0.591 373.587 6167.74 48.9457
200 30 0.601 362.842 6085.11 49.9057
200 30 0.611 351.128 5960.83 50.4775
200 30 0.621 346.417 5921.62 51.0833
200 30 0.631 337.843 5838.36 51.8924
200 30 0.641 331.251 5769.4 52.9492
200 30 0.651 318.417 5647.83 53.7549
200 30 0.661 312.464 5585.1 54.7194
200 30 0.671 306.972 5533 55.3303
200 30 0.681 298.896 5476.49 56.3057
200 30 0.691 291.725 5387.38 56.9971
200 30 0.701 287.5 5325.31 57.793
200 30 0.711 281.29 5284.29 58.7903
200 30 0.721 275.678 5214.13 59.292
200 30 0.731 268.265 5138.42 59.8733
200 30 0.741 265.763 5110.49 60.7578
200 30 0.751 255.271 5018.53 61.8817
200 30 0.761 254.588 5007.68 62.6786
200 30 0.771 245.656 4920.5 63.4434
200 30 0.781 242.484 4886.48 64.2665
200 30 0.791 237.933 4832.11 64.9426
200 30 0.801 236.03 4822.18 66.2597
200 30 0.811 229.032 4750.52 66.5195
200 30 0.821 226.144 4703.87 67.1984
200 30 0.831 218.348 4640.04 68.1768
200 30 0.841 218.6 4644.13 69.5609
200 30 0.851 209.883 4550.75 69.9378
200 30 0.861 209.337 4541.63 71.3518
200 30 0.871 203.82 4487.1 71.9595
200 30 0.881 202.258 4460.56 72.3914
200 30 0.891 197.028 4403.12 73.5436
200 30 0.901 194.397 4369.57 74.5671
200 30 0.911 191.28 4350.94 75.161
200 30 0.921 187.492 4303.46 75.7031
200 30 0.931 186.169 4286.9 77.0959
200 30 0.941 182.072 4242 77.9376
200 30 0.951 178.764 4195.52 78.4487
200 30 0.961 175.28 4155.7 79.2953
200 30 0.971 174.148 4146.37 80.0571
200 30 0.981 169.105 4083.7 81.0636
200 30 0.991 168.421 4070.41 82.4439
200 30 1.001 163.72 4012.88 85.0864
200 30 1.011 160.51 3983.53 86.3885
200 30 1.021 160.716 3978.42 85.6843
200 30 1.031 155.937 3931.15 86.775
200 30 1.041 153.216 3888 86.7421
200 30 1.051 152.48 3891.82 88.0782
200 30 1.061 149.023 3840.04 89.2174
200 30 1.071 147.992 3820.13 90.3817
200 30 1.081 145.125 3783.34 89.5466
200 30 1.091 143.198 3754.93 89.4446
200 30 1.101 142.469 3755.39 89.9984
200 30 1.111 140.257 3730.32 90.1094
200 30 1.121 139.408 3719.36 90.6132
200 30 1.131 136.572 3676.98 90.644
200 30 1.141 134.671 3646.43 90.2441
200 30 1.151 134.102 3632.24 90.6614
200 30 1.161 132.591 3612.69 91.0958
200 30 1.171 129.513 3570.1 91.8969
200 30 1.181 128.195 3553.69 91.6632
200 30 1.191 128.391 3558.52 90.7136
200 30 1.201 126.185 3515.76 90.267
200 30 1.211 124.183 3497.55 90.7859
200 30 1.221 123.722 3477.28 91.7158
200 30 1.231 121.506 3446.47 90.6898
200 30 1.241 121.397 3436.96 90.7565
200 30 1.251 119.412 3415.03 90.1557
200 30 1.261 119.195 3402.63 90.6251
200 30 1.271 117.937 3388.16 90.4142
200 30 1.281 116.201 3355.27 90.0118
200 30 1.291 115.216 3347.39 89.8096
200 30 1.301 114.436 3321.03 89.6147
200 30 1.311 113.697 3316.57 89.698
200 30 1.321 112.196 3295.72 89.4714
200 30 1.331 111.45 3274.17 88.9293
200 30 1.341 110.707 3261.45 88.9013
200 30 1.351 109.877 3245.98 88.7676
200 30 1.361 108.321 3218.39 87.6881
200 30 1.371 107.601 3197.65 87.4317
200 30 1.381 106.629 3187.02 87.4754
200 30 1.391 105.967 3180.97 87.2034
200 30 1.401 105.373 3164.95 87.001
200 30 1.411 104.865 3152.62 86.801
200 30 1.421 103.666 3128.55 86.3658
200 30 1.431 102.582 3107.72 86.5557
200 30 1.441 102.252 3102.44 86.1413
200 30 1.451 101.95 3083.59 86.7173
200 30 1.461 100.914 3069.26 86.3472
200 30 1.471 100.522 3061.55 85.9953
200 30 1.481 99.6727 3038.87 84.0671
200 30 1.491 98.9921 3032.22 83.9775
200 30 1.501 97.9461 3008.71 82.8301
200 30 1.511 97.9 3007 83.0407
200 30 1.521 97.2758 2985.32 82.1507
200 30 1.531 96.3059 2959.76 81.2887
200 30 1.541 96.1189 2950.72 81.3071
200 30 1.551 95.2884 2933.14 80.3155
200 30 1.561 94.7761 2921.8 80.5483
200 30 1.571 94.0935 2903.24 79.5386
200 30 1.581 93.6864 2895.48 79.4788
200 30 1.591 93.1927 2874.6 78.67
200 30 1.601 92.5396 2860.84 77.8829
200 30 1.611 91.8245 2847.09 77.1038
200 30 1.621 91.3733 2832.93 76.6177
200 30 1.631 90.8279 2816.65 74.7409
200 30 1.641 89.8495 2792.58 73.4582
200 30 1.651 89.8523 2795.78 73.6113
200 30 1.661 88.9214 2769.37 72.3149
200 30 1.671 88.6918 2761.05 72.084
200 30 1.681 88.3798 2752.04 71.5349
200 30 1.691 87.7942 2732.7 70.5969
200 30 1.701 87.3365 2719.87 70.0543
200 30 1.711 86.5387 2698.15 68.5882
200 30 1.721 86.8032 2706.2 68.9667
200 30 1.731 86.0523 2678.97 67.6654
200 30 1.741 85.6855 2667.46 67.1278
200 30 1.751 85.3062 2655.88 67.8
200 30 1.761 84.847 2646.61 66.748
200 30 1.771 84.7065 2638.94 66.4839
200 30 1.781 84.2061 2621.12 65.6468
200 30 1.791 84.0716 2610.36 63.3326
200 30 1.801 83.9312 2604.75 62.7091
200 30 1.811 83.3945 2593.95 61.9321
200 30 1.821 83.1991 2579.46 60.9868
200 30 1.831 82.8624 2577.59 60.656
200 30 1.841 82.2219 2551.68 59.4766
200 30 1.851 82.4115 2549.49 59.1041
200 30 1.861 82.2434 2541.3 58.4804
200 30 1.871 81.5861 2525.33 57.6172
200 30 1.881 81.8252 2529.97 57.5252
200 30 1.891 81.5446 2517.9 56.9095
200 30 1.901 81.3481 2507.15 56.0443
200 30 1.911 81.0249 2493.67 55.1282
200 30 1.921 80.8185 2483.82 54.6226
200 30 1.931 80.7987 2477 54.2008
200 30 1.941 80.6421 2471.88 54.1545
200 30 1.951 80.5249 2463.93 53.6335
200 30 1.961 80.0606 2443.91 52.5423
200 30 1.971 79.998 2436.69 51.8903
200 30 1.981 79.7488 2424.08 50.5805
200 30 1.991 79.6273 2416.01 49.4065
200 40 0.001 6455.98 62875.6 167.186
200 40 0.011 6142.07 59949.6 155.655
200 40 0.021 5803.17 56802 145.582
200 40 0.031 5485.18 53834.4 136.204
200 40 0.041 5147.47 50694.3 126.324
200 40 0.051 4821.11 47662.7 117.317
200 40 0.061 4493.98 44618.7 109.382
200 40 0.071 4263.82 42461.7 103.417
200 40 0.081 3943.2 39481.2 95.0664
200 40 0.091 3696.77 37181.8 87.9972
200 40 0.101 3435.73 34778.5 81.1247
200 40 0.111 3217.49 32731.1 75.611
200 40 0.121 2986.1 30565 69.4433
200 40 0.131 2828.63 29090.4 65.5861
200 40 0.141 2605.79 27034.7 60.6045
200 40 0.151 2429.71 25370.6 56.7005
200 40 0.161 2292.03 24109.6 53.2919
200 40 0.171 2121.69 22518.1 49.7322
200 40 0.181 1969.14 21104.4 46.6397
200 40 0.191 1855.67 20043.1 44.2646
200 40 0.201 1729.74 18890.2 42.0829
200 40 0.211 1600.06 17680.4 40.2538
200 40 0.221 1518.37 16920.7 38.8943
200 40 0.231 1443.71 16208.9 37.2999
200 40 0.241 1346.4 15311.6 36.3152
200 40 0.251 1265.49 14558.3 35.0451
200 40 0.261 1197.87 13925.3 34.4486
200 40 0.271 1148.54 13492.5 33.9752
200 40 0.281 1077.41 12797.8 33.8471
200 40 0.291 1030.35 12389.8 33.4273
200 40 0.301 961.413 11747.3 33.006
200 40 0.311 927.604 11424.7 32.8879
200 40 0.321 883.137 11031.1 33.1765
200 40 0.331 831.236 10533.9 32.8682
200 40 0.341 803.192 10282.6 33.9466
200 40 0.351 764.254 9899.4 34.6189
200 40 0.361 739.311 9676.38 34.5273
200 40 0.371 699.175 9306.72 34.2766
200 40 0.381 681.019 9152.06 34.9967
200 40 0.391 646.118 8826.39 35.3595
200 40 0.401 621.709 8576.36 35.792
200 40 0.411 596.915 8379.47 36.6458
200 40 0.421 578.125 8210.53 37.0757
200 40 0.431 563.506 8042.62 37.6214
200 40 0.441 546.494 7895.11 38.1683
200 40 0.451 532.394 7750.98 38.6929
200 40 0.461 511.209 7567.74 39.4889
200 40 0.471 501.485 7471.66 40.17
200 40 0.481 472.724 7207.81 40.8439
200 40 0.491 467.267 7172.38 41.756
200 40 0.501 451.32 7010.69 51.1961
200 40 0.511 441.422 6912.23 50.0888
200 40 0.521 426.646 6778.68 49.7856
200 40 0.531 414.15 6655.82 48.7147
200 40 0.541 404.262 6577.58 44.9026
200 40 0.551 396.274 6500.13 45.8603
200 40 0.561 379.078 6323.68 46.3384
200 40 0.571 375.381 6304.88 47.5853
200 40 0.581 366.135 6196.46 62.0373
200 40 0.591 358.004 6121.56 55.058
200 40 0.601 346.361 6017.38 61.2399
200 40 0.611 340.593 5951.05 61.6681
200 40 0.621 330.207 5867.82 62.711
200 40 0.631 324.191 5801.96 63.3976
200 40 0.641 317.218 5732.43 61.9806
200 40 0.651 312.17 5683.67 53.7601
200 40 0.661 300.691 5565.08 54.1853
200 40 0.671 297.748 5535.84 55.2533
200 40 0.681 290.789 5479.98 56.1991
200 40 0.691 286.029 5423.09 57.2611
200 40 0.701 277.651 5336.83 57.7227
200 40 0.711 272.806 5299.86 58.8458
200 40 0.721 266.082 5226.99 59.0699
200 40 0.731 260.743 5182.71 60.5389
200 40 0.741 258.645 5159.95 61.254
200 40 0.751 250.592 5087.66 62.1975
200 40 0.761 248.638 5040.75 62.5742
200 40 0.771 244.576 4989.15 63.5804
200 40 0.781 239.476 4955.15 66.1417
200 40 0.791 232.668 4898.98 67.0043
200 40 0.801 228.529 4824.67 67.2507
200 40 0.811 226.056 4812.84 68.4582
200 40 0.821 221.818 4774.33 69.8083
200 40 0.831 218.343 4748.8 69.4204
200 40 0.841 213.778 4684.62 69.4255
200 40 0.851 210.783 4645.62 70.5459
200 40 0.861 207.233 4611.56 71.1471
200 40 0.871 202.638 4565 72.2536
200 40 0.881 198.806 4510 72.6151
200 40 0.891 196.323 4486.63 73.7123
200 40 0.901 192.499 4456.16 74.5104
200 40 0.911 189.889 4432.36 75.5028
200 40 0.921 186.557 4391.45 76.3603
200 40 0.931 183.611 4342.77 77.1767
200 40 0.941 180.394 4323.27 77.8908
200 40 0.951 179.09 4296.2 78.6285
200 40 0.961 174.932 4254.09 79.8489
200 40 0.971 172.811 4230.85 80.1986
200 40 0.981 170.672 4216.08 81.4364
200 40 0.991 168.481 4175.38 84.1205
200 40 1.001 164.254 4134.43 85.5486
200 40 1.011 162.448 4101.15 85.719
200 40 1.021 160.432 4079.34 85.8693
200 40 1.031 158.877 4054.43 86.6568
200 40 1.041 155.349 4024.84 87.3671
200 40 1.051 152.637 3990.75 88.1152
200 40 1.061 151.525 3976.3 88.3787
200 40 1.071 149.214 3933.37 88.6146
200 40 1.081 147.513 3921.3 89.253
200 40 1.091 145.857 3890.04 89.139
200 40 1.101 143.161 3859.25 89.8781
200 40 1.111 142.241 3840.39 89.8768
200 40 1.121 140.78 3813.28 89.9965
200 40 1.131 139.38 3797.36 90.2687
200 40 1.141 137.599 3779.32 90.726
200 40 1.151 136.488 3763.16 90.5184
200 40 1.161 134.713 3725.28 90.5131
200 40 1.171 133.6 3719 91.0307
200 40 1.181 131.644 3691.68 92.01
200 40 1.191 130.847 3672.26 91.3725
200 40 1.201 129.285 3652.14 91.2024
200 40 1.211 128.169 3637.78 91.6168
200 40 1.221 127.599 3619.6 91.0265
200 40 1.231 125.845 3593.91 90.9222
200 40 1.241 124.724 3577.15 90.571
200 40 1.251 124.743 3582.16 91.4365
200 40 1.261 123.111 3552.53 91.0187
200 40 1.271 122.359 3544.13 90.6469
200 40 1.281 120.629 3512.01 90.394
200 40 1.291 119.485 3488.67 90.4711
200 40 1.301 118.77 3480.48 90.2388
200 40 1.311 117.94 3465.16 90.0338
200 40 1.321 117.294 3452.35 89.9608
200 40 1.331 115.75 3418.15 89.3182
200 40 1.341 115.391 3421.15 89.7625
200 40 1.351 114.351 3397.49 89.1694
200 40 1.361 113.318 3376.39 89.2732
200 40 1.371 113.325 3368.4 89.0092
200 40 1.381 112.09 3353.85 88.3698
200 40 1.391 111.248 3335.75 87.9685
200 40 1.401 111.462 3338.56 88.0509
200 40 1.411 110.141 3302.93 87.0884
200 40 1.421 109.361 3298.06 86.771
200 40 1.431 109.213 3298 87.3437
200 40 1.441 108.046 3269.18 86.8352
200 40 1.451 107.48 3257.9 86.828
200 40 1.461 107.101 3247.16 87.0575
200 40 1.471 106.263 3226.01 86.1787
200 40 1.481 105.595 3214.98 84.9886
200 40 1.491 104.57 3197.93 84.2708
200 40 1.501 104.971 3206.97 84.8482
200 40 1.511 104.18 3183.47 83.9548
200 40 1.521 103.243 3157.74 83.9108
200 40 1.531 102.987 3155.81 84.074
200 40 1.541 102.573 3139.64 83.1922
200 40 1.551 101.863 3132.64 82.9305
200 40 1.561 101.328 3110.32 82.216
200 40 1.571 100.895 3094.52 81.3442
200 40 1.581 100.512 3084.82 81.0667
200 40 1.591 99.7366 3063.52 80.3668
200 40 1.601 99.2894 3054.99 78.181
200 40 1.611 98.8877 3043.86 77.5825
200 40 1.621 98.5536 3031.58 77.1622
200 40 1.631 97.9303 3018.51 76.3366
200 40 1.641 97.5641 3005.37 75.6698
200 40 1.651 96.7749 2989 74.9827
200 40 1.661 96.1567 2972.69 74.3987
200 40 1.671 95.9827 2962.83 74.8849
200 40 1.681 95.324 2947.25 74.1872
200 40 1.691 94.8802 2930.99 73.1232
200 40 1.701 94.5412 2919.83 72.1506
200 40 1.711 94.2571 2912.56 71.9988
200 40 1.721 94.0314 2910.07 71.7782
200 40 1.731 93.2605 2882.84 70.2136
200 40 1.741 93.4014 2883.99 69.2551
200 40 1.751 93.0012 2872.09 67.9194
200 40 1.761 92.7648 2855.5 67.3377
200 40 1.771 92.4023 2848.9 66.6867
200 40 1.781 92.4767 2850.9 66.7461
200 40 1.791 92.2029 2838.52 65.9235
200 40 1.801 91.402 2814.38 65.7327
200 40 1.811 91.3484 2809.75 65.6447
200 40 1.821 91.4837 2813.85 65.336
200 40 1.831 90.8317 2791.77 63.7012
200 40 1.841 90.8031 2786.34 63.4669
200 40 1.851 90.7404 2778.83 63.0443
200 40 1.861 90.4422 2770.91 61.9855
200 40 1.871 90.138 2761.58 62.0122
200 40 1.881 89.9648 2745.35 60.2058
200 40 1.891 89.6244 2735.63 58.8415
200 40 1.901 89.3614 2721.99 57.7457
200 40 1.911 89.4435 2722.92 57.1415
200 40 1.921 89.1864 2713.59 56.6964
200 40 1.931 88.8427 2699.85 55.5686
200 40 1.941 88.9349 2697.32 55.2826
200 40 1.951 88.5064 2680.12 54.1059
200 40 1.961 88.618 2675.31 53.5313
200 40 1.971 88.4085 2666.18 52.7517
200 40 1.981 88.2752 2658.12 52.1409
200 40 1.991 87.9948 2643.87 50.9761
300 10 0.001 2916.16 33311.1 5.0451
300 10 0.011 2882.26 32959.6 5.2504
300 10 0.021 2843.11 32565.3 5.6033
300 10 0.031 2794.11 32060.6 5.925
300 10 0.041 2753.54 31652.8 5.9835
300 10 0.051 2699.92 31099.1 6.4286
300 10 0.061 2662.57 30705.2 7.3506
300 10 0.071 2611.22 30182.6 7.8133
300 10 0.081 2564.05 29707.9 7.9173
300 10 0.091 2511.8 29166.6 8.4117
300 10 0.101 2464.54 28691.2 9.9495
300 10 0.111 2415.86 28182.8 10.3453
300 10 0.121 2361.66 27654.1 11.3064
300 10 0.131 2314.46 27149.3 10.7345
300 10 0.141 2266.79 26663 11.4918
300 10 0.151 2217.05 26166.2 12.337
300 10 0.161 2168.68 25645 13.0769
300 10 0.171 2117.4 25134.6 14.3369
300 10 0.181 2059.21 24537.7 16.0462
300 10 0.191 2014.19 24069.9 16.7369
300 10 0.201 1977.15 23699.1 17.6031
300 10 0.211 1941.49 23319.1 18.3202
300 10 0.221 1889.1 22789.2 18.6448
300 10 0.231 1849.19 22369.9 18.6907
300 10 0.241 1801.3 21865.6 19.5511
300 10 0.251 1735.4 21237.6 20.9628
300 10 0.261 1710.02 20931.2 21.5401
300 10 0.271 1675.73 20587.9 22.4748
300 10 0.281 1624.98 20048.8 23.6265
300 10 0.291 1587.96 19672.2 24.5165
300 10 0.301 1540.87 19191.7 26.6757
300 10 0.311 1501.47 18806.7 27.3569
300 10 0.321 1475.81 18515.5 28.2644
300 10 0.331 1434.54 18095.9 29.3292
300 10 0.341 1391.36 17650.7 30.4153
300 10 0.351 1370.6 17398.5 31.3649
300 10 0.361 1340.57 17090.9 33.0869
300 10 0.371 1291.02 16586.9 34.4457
300 10 0.381 1254.85 16230.8 35.4978
300 10 0.391 1224.09 15895.3 35.9386
300 10 0.401 1193.61 15582.4 36.8864
300 10 0.411 1164.8 15298.2 38.1002
300 10 0.421 1126.06 14889.7 39.5173
300 10 0.431 1107.11 14692.7 40.4602
300 10 0.441 1070.88 14310 41.7052
300 10 0.451 1040.02 14019 42.142
300 10 0.461 1008.82 13676.3 43.5271
300 10 0.471 987.197 13444.7 44.6949
300 10 0.481 951.806 13084.5 46.2532
300 10 0.491 942.414 12956.5 46.6712
300 10 0.501 909.315 12630.3 49.278
300 10 0.511 883.42 12390.4 51.5545
300 10 0.521 858.665 12103.7 52.3279
300 10 0.531 828.241 11821.2 53.4698
300 10 0.541 818.422 11704.7 54.7066
300 10 0.551 789.784 11387.9 55.9086
300 10 0.561 773.531 11215.3 57.3552
300 10 0.571 751.075 10986.4 58.379
300 10 0.581 724.851 10718.8 59.9292
300 10 0.591 714.752 10588.2 61.7104
300 10 0.601 689.793 10339.5 63.3586
300 10 0.611 668.14 10122.5 64.5219
300 10 0.621 648.278 9922.51 66.0179
300 10 0.631 638.011 9798.71 66.7861
300 10 0.641 621.053 9629.98 67.9595
300 10 0.651 604.922 9445.79 70.0503
300 10 0.661 589.68 9325.63 71.7767
300 10 0.671 572.586 9093.12 72.6095
300 10 0.681 559.983 8972.46 73.9721
300 10 0.691 545.128 8801.47 75.0513
300 10 0.701 533.058 8678.96 76.7929
300 10 0.711 514.67 8517.58 78.7902
300 10 0.721 501.71 8351.84 80.0483
300 10 0.731 493.018 8251.17 81.2242
300 10 0.741 480.534 8145.57 82.6207
300 10 0.751 471.242 8011.34 83.7636
300 10 0.761 451.442 7846.69 85.7062
300 10 0.771 447.896 7771.13 86.9907
300 10 0.781 437.55 7663.66 87.059
300 10 0.791 421.623 7497.26 89.6713
300 10 0.801 406.509 7326.33 91.3855
300 10 0.811 400.669 7284.4 92.4009
300 10 0.821 394.225 7202.4 94.5403
300 10 0.831 380.648 7027.6 95.2035
300 10 0.841 379.298 7042.15 97.545
300 10 0.851 366.456 6899.27 98.6722
300 10 0.861 357.561 6802.66 99.6516
300 10 0.871 349.746 6715.92 101.69
300 10 0.881 343.61 6625.94 102.531
300 10 0.891 332.196 6541.46 104.408
300 10 0.901 324.323 6436.84 106.058
300 10 0.911 319.442 6361.03 106.592
300 10 0.921 311.423 6271.52 106.821
300 10 0.931 305.636 6221.15 108.129
300 10 0.941 299.638 6145.29 109.782
300 10 0.951 295.783 6098.53 110.988
300 10 0.961 286.394 6004.78 112.553
300 10 0.971 280.991 5944.25 114.591
300 10 0.981 272.6 5856.75 116.217
300 10 0.991 271.788 5839.97 118.042
300 10 1.001 261.35 5744.89 119.091
300 10 1.011 256.692 5657.02 120.404
300 10 1.021 252.498 5605.56 122.469
300 10 1.031 247.026 5544.25 123.682
300 10 1.041 242.476 5466.09 126.705
300 10 1.051 239.282 5430.36 128.205
300 10 1.061 234.086 5376.05 128.446
300 10 1.071 227.781 5298.15 128.805
300 10 1.081 224.154 5254.1 129.763
300 10 1.091 222.859 5246.12 130.83
300 10 1.101 218.263 5173.51 131.495
300 10 1.111 216.27 5152.81 131.493
300 10 1.121 212.952 5099.49 132.781
300 10 1.131 207.016 5054.4 132.923
300 10 1.141 203.917 4998.81 133.156
300 10 1.151 202.07 4972.81 133.2
300 10 1.161 201.273 4972.46 133.652
300 10 1.171 195.902 4879.29 133.37
300 10 1.181 195.009 4878.27 133.842
300 10 1.191 191.431 4818.12 133.964
300 10 1.201 187.946 4768.01 134.011
300 10 1.211 186.114 4766.23 135.417
300 10 1.221 184.241 4712.99 135.838
300 10 1.231 181.973 4676.44 135.599
300 10 1.241 178.822 4641.96 135.514
300 10 1.251 176.853 4579.45 134.709
300 10 1.261 176.073 4589.37 135.152
300 10 1.271 172.3 4515.78 134.508
300 10 1.281 172.257 4516.63 134.54
300 10 1.291 167.597 4467.22 133.373
300 10 1.301 166.329 4414.81 132.872
300 10 1.311 164.794 4391.32 132.683
300 10 1.321 161.916 4359.18 133.162
300 10 1.331 160.905 4340.35 133.011
300 10 1.341 158.325 4291.23 131.997
300 10 1.351 157.057 4272.25 131.884
300 10 1.361 155.474 4248.85 131.261
300 10 1.371 154.003 4233.36 131.081
300 10 1.381 151.284 4170.75 128.848
300 10 1.391 149.327 4122.91 127.795
300 10 1.401 147.864 4114.39 127.896
300 10 1.411 146.951 4086.45 127.163
300 10 1.421 144.786 4048.51 126.686
300 10 1.431 142.868 4009.77 125.78
300 10 1.441 141.564 3993.85 125.248
300 10 1.451 140.346 3954.84 124.424
300 10 1.461 138.871 3920.73 123.499
300 10 1.471 138.038 3908.7 123.387
300 10 1.481 135.99 3879.63 122.343
300 10 1.491 134.458 3830.45 121.049
300 10 1.501 132.974 3793.91 120.033
300 10 1.511 131.913 3774.89 119.402
300 10 1.521 131.172 3750.64 119.102
300 10 1.531 129.258 3710.45 117.495
300 10 1.541 128.283 3681.27 116.672
300 10 1.551 127.589 3668.77 116.201
300 10 1.561 126.183 3623.51 114.73
300 10 1.571 124.279 3595.91 113.557
300 10 1.581 123.193 3578.74 112.624
300 10 1.591 122.572 3545.39 111.557
300 10 1.601 121.522 3525.81 110.568
300 10 1.611 121.065 3505.68 110.106
300 10 1.621 119.446 3480.35 108.336
300 10 1.631 119.106 3458.92 107.722
300 10 1.641 117.812 3429.59 106.565
300 10 1.651 117.186 3415.6 105.621
300 10 1.661 116.122 3390.52 104.668
300 10 1.671 114.475 3340.93 102.44
300 10 1.681 113.9 3321.13 101.688
300 10 1.691 113.209 3305.34 100.706
300 10 1.701 112.304 3284.39 99.8115
300 10 1.711 111.485 3253 98.8128
300 10 1.721 110.154 3227.21 97.3398
300 10 1.731 109.625 3207.45 97.1737
300 10 1.741 108.671 3179 96.1077
300 10 1.751 107.726 3154.19 94.8693
300 10 1.761 107.336 3135.82 94.0197
300 10 1.771 106.493 3111.08 92.9095
300 10 1.781 105.52 3089.67 91.7727
300 10 1.791 104.2 3044.32 89.8434
300 10 1.801 103.923 3033.28 87.7186
300 10 1.811 102.69 2991.69 86.5133
300 10 1.821 102.435 2985.84 86.9733
300 10 1.831 101.891 2972.72 86.0027
300 10 1.841 101.077 2940.97 84.5131
300 10 1.851 100.491 2932.62 83.8934
300 10 1.861 99.5158 2894.85 82.4332
300 10 1.871 99.1633 2882.53 81.4
300 10 1.881 97.9792 2842.89 79.6031
300 10 1.891 97.6919 2833.09 78.9367
300 10 1.901 97.1741 2808.11 77.8238
300 10 1.911 96.5067 2779.7 76.5034
300 10 1.921 95.3707 2750.5 75.1547
300 10 1.931 95.3526 2741.34 74.252
300 10 1.941 94.5258 2711.98 72.6561
300 10 1.951 93.8283 2689.15 71.5742
300 10 1.961 93.513 2671.77 70.5363
300 10 1.971 92.9514 2651.79 69.062
300 10 1.981 92.5772 2633.1 67.9593
300 10 1.991 92.2033 2614.1 66.6986
300 20 0.001 5627.09 57677.4 5.6121
300 20 0.011 5495.96 56410.5 5.6739
300 20 0.021 5345.03 54959.6 6.0471
300 20 0.031 5168.78 53272.3 6.6881
300 20 0.041 5017.56 51811.4 7.6315
300 20 0.051 4846.82 50175 8.2842
300 20 0.061 4670.48 48480.4 8.9965
300 20 0.071 4521.65 47036 9.718
300 20 0.081 4366.09 45541.7 10.6061
300 20 0.091 4195.65 43887.7 14.621
300 20 0.101 4069.46 42671.4 13.0227
300 20 0.111 3876.05 40826.2 14.5515
300 20 0.121 3757.21 39653.4 15.6301
300 20 0.131 3605.29 38215.4 17.2934
300 20 0.141 3437.71 36602.9 17.4194
300 20 0.151 3339.28 35638.9 17.3403
300 20 0.161 3190.21 34199.1 19.099
300 20 0.171 3060.16 32938.8 21.3618
300 20 0.181 2923.65 31660.7 21.5149
300 20 0.191 2809.72 30546.2 22.5497
300 20 0.201 2687.91 29345.3 22.5548
300 20 0.211 2578.98 28323.9 23.2775
300 20 0.221 2492.17 27469.9 24.7514
300 20 0.231 2375.5 26358.7 27.1596
300 20 0.241 2275.13 25384.1 28.2128
300 20 0.251 2157.34 24258.8 28.7999
300 20 0.261 2083.28 23517.5 28.9399
300 20 0.271 2005.79 22746.6 29.8282
300 20 0.281 1902.39 21810.6 31.3353
300 20 0.291 1831.98 21126.7 32.4866
300 20 0.301 1768.91 20499.6 33.3314
300 20 0.311 1703.57 19868.2 35.7116
300 20 0.321 1620.3 19048.3 36.599
300 20 0.331 1570.06 18571.2 37.117
300 20 0.341 1511.51 17989.9 38.2917
300 20 0.351 1437.46 17317.4 39.7055
300 20 0.361 1401.36 16926.8 39.8418
300 20 0.371 1331.55 16275.1 41.3913
300 20 0.381 1285.25 15804.6 42.2827
300 20 0.391 1223.81 15188.8 43.4581
300 20 0.401 1164.58 14669 45.296
300 20 0.411 1140.86 14423.5 46.3831
300 20 0.421 1088.47 13916.9 47.3791
300 20 0.431 1046.93 13495.2 48.4723
300 20 0.441 1019.01 13254 49.7322
300 20 0.451 984.066 12889.1 50.9751
300 20 0.461 937.772 12499.7 52.5175
300 20 0.471 909.36 12164.3 53.5886
300 20 0.481 880.314 11883.9 54.2965
300 20 0.491 843.808 11541.7 55.5923
300 20 0.501 816.813 11302.6 57.0874
300 20 0.511 789.855 11022.1 58.1032
300 20 0.521 761.335 10792 59.3238
300 20 0.531 744.551 10595 59.8394
300 20 0.541 711.354 10279.6 61.1665
300 20 0.551 694.782 10130.9 62.2812
300 20 0.561 667.473 9859.2 63.5101
300 20 0.571 653.45 9706.58 64.3815
300 20 0.581 628.602 9461.87 65.7168
300 20 0.591 614.722 9326.49 66.5147
300 20 0.601 609.175 9274.19 68.1883
300 20 0.611 582.549 9028.97 69.133
300 20 0.621 562.443 8840.07 69.9958
300 20 0.631 547.179 8651.39 70.9201
300 20 0.641 537.746 8571.83 72.2465
300 20 0.651 519.289 8384.9 73.0076
300 20 0.661 507.105 8292.51 74.6756
300 20 0.671 490.143 8134.75 75.6253
300 20 0.681 482.024 8031.79 76.8311
300 20 0.691 468.59 7908.32 78.1594
300 20 0.701 452.874 7722.76 78.6958
300 20 0.711 447.827 7684.18 80.3716
300 20 0.721 436.47 7573.78 81.704
300 20 0.731 424.198 7438.33 82.5472
300 20 0.741 413.041 7330.9 84.0725
300 20 0.751 407.974 7304.51 85.3833
300 20 0.761 399.861 7205.36 86.3828
300 20 0.771 389.312 7084.5 87.3145
300 20 0.781 377.3 6976.93 89.1144
300 20 0.791 373.637 6919.24 90.1068
300 20 0.801 363.984 6846.92 91.7983
300 20 0.811 354.057 6739.84 92.9435
300 20 0.821 345.798 6661.48 94.1627
300 20 0.831 342.508 6619.76 95.1406
300 20 0.841 333.094 6526.59 96.5101
300 20 0.851 330.84 6499.62 98.285
300 20 0.861 316.766 6354.01 99.4606
300 20 0.871 313.174 6293.43 101.524
300 20 0.881 308.27 6259.24 102.436
300 20 0.891 300.667 6173.88 103.343
300 20 0.901 296.223 6116.08 104.412
300 20 0.911 288.738 6047.39 105.653
300 20 0.921 287.684 6039.51 107.603
300 20 0.931 276.795 5908.72 108.289
300 20 0.941 273.186 5896.91 110.136
300 20 0.951 268.595 5814.81 111.191
300 20 0.961 265.467 5778.48 113.19
300 20 0.971 259.285 5719.06 114.208
300 20 0.981 255.051 5646.24 115.172
300 20 0.991 250.703 5610.88 116.922
300 20 1.001 242.035 5518.25 118.643
300 20 1.011 240.782 5498.52 121.322
300 20 1.021 234.959 5433.32 122.903
300 20 1.031 232.089 5406.09 123.836
300 20 1.041 228.331 5337.3 124.509
300 20 1.051 225.384 5307.11 125.543
300 20 1.061 219.539 5241.47 126.553
300 20 1.071 218.379 5228.01 127.012
300 20 1.081 214.154 5150.79 127.483
300 20 1.091 212.323 5145.04 128.543
300 20 1.101 208.303 5081.94 128.874
300 20 1.111 204.45 5026.55 129.7
300 20 1.121 201.432 4985.04 128.924
300 20 1.131 199.221 4959.58 129.924
300 20 1.141 195.187 4892.46 130.005
300 20 1.151 192.884 4869.97 129.768
300 20 1.161 189.287 4836.83 130.445
300 20 1.171 187.715 4802.56 130.131
300 20 1.181 186.58 4768.71 129.869
300 20 1.191 183.205 4728.04 129.817
300 20 1.201 182.05 4715.21 129.883
300 20 1.211 179.324 4685.93 130.114
300 20 1.221 176.781 4623.05 129.165
300 20 1.231 175.214 4616.59 129.925
300 20 1.241 171.775 4561.75 129.431
300 20 1.251 170.681 4521.46 129.251
300 20 1.261 168.202 4483.12 128.737
300 20 1.271 165.922 4452.1 128.103
300 20 1.281 164.739 4443.38 129.024
300 20 1.291 163.2 4388.58 128.467
300 20 1.301 159.939 4342.31 127.619
300 20 1.311 158.912 4347.49 127.626
300 20 1.321 158.386 4324.55 127.861
300 20 1.331 156.439 4296.06 127.29
300 20 1.341 153.42 4246.15 125.868
300 20 1.351 152.906 4241.52 127.002
300 20 1.361 151.605 4208.61 126.014
300 20 1.371 149.517 4179.47 125.016
300 20 1.381 147.741 4131.79 124.871
300 20 1.391 146.176 4103.77 123.778
300 20 1.401 144.86 4098.69 123.778
300 20 1.411 143.758 4073.11 123.497
300 20 1.421 142.234 4030.45 122.508
300 20 1.431 140.579 4004.17 121.872
300 20 1.441 140.47 3998.46 121.846
300 20 1.451 138.139 3952.34 120.849
300 20 1.461 137.258 3932.02 120.281
300 20 1.471 135.61 3883.85 118.862
300 20 1.481 134.434 3861.11 117.974
300 20 1.491 133.334 3848.42 117.68
300 20 1.501 131.784 3819.62 116.518
300 20 1.511 131.057 3794.11 115.385
300 20 1.521 130.45 3779.21 114.781
300 20 1.531 129.212 3758.18 114.27
300 20 1.541 128.064 3730.05 113.211
300 20 1.551 127.58 3707.41 112.491
300 20 1.561 125.972 3674.05 111.242
300 20 1.571 125.774 3663.52 111.223
300 20 1.581 124.741 3636.97 109.87
300 20 1.591 123.774 3616.47 109.191
300 20 1.601 122.463 3589.35 107.651
300 20 1.611 121.836 3564.84 106.908
300 20 1.621 119.819 3518 104.777
300 20 1.631 119.899 3510.26 104.266
300 20 1.641 118.528 3486.66 102.889
300 20 1.651 117.763 3461.54 101.874
300 20 1.661 117.003 3442.39 101.441
300 20 1.671 116.22 3416.07 100.451
300 20 1.681 115.581 3397.2 98.7582
300 20 1.691 114.216 3362.47 97.3969
300 20 1.701 113.608 3344.07 96.5041
300 20 1.711 112.664 3308.88 95.2191
300 20 1.721 112.136 3296.51 94.6229
300 20 1.731 111.316 3282.55 93.5018
300 20 1.741 110.255 3247.69 91.9249
300 20 1.751 109.777 3230.87 91.1047
300 20 1.761 109.02 3207.08 89.8222
300 20 1.771 108.689 3202.08 89.2721
300 20 1.781 107.479 3168.41 87.7471
300 20 1.791 107.465 3157.66 87.6062
300 20 1.801 106.749 3137.85 87.7455
300 20 1.811 105.743 3108.92 86.1099
300 20 1.821 105.608 3094 85.0512
300 20 1.831 104.622 3068.07 83.8144
300 20 1.841 104.389 3060.23 83.5758
300 20 1.851 103.759 3036.55 81.9054
300 20 1.861 103.48 3024.12 80.7434
300 20 1.871 103.362 3009.89 79.7518
300 20 1.881 102.614 2990.09 78.7951
300 20 1.891 102.038 2968.05 77.7101
300 20 1.901 101.417 2946.83 76.7882
300 20 1.911 101.432 2942.01 76.328
300 20 1.921 100.638 2911.17 74.5585
300 20 1.931 100.633 2902.63 73.8875
300 20 1.941 100.352 2888.48 72.5962
300 20 1.951 99.9748 2872.57 71.332
300 20 1.961 99.4236 2847.4 69.8073
300 20 1.971 99.1287 2831.11 68.3043
300 20 1.981 99.059 2820.02 67.5998
300 20 1.991 98.8298 2807.72 66.7083
300 30 0.001 8140.62 80265.7 9.0476
300 30 0.011 7834.24 77386.6 10.5912
300 30 0.021 7539.28 74606.1 11.4205
300 30 0.031 7196.03 71378.5 12.3818
300 30 0.041 6866.23 68271.8 13.3146
300 30 0.051 6538.76 65183.2 13.9196
300 30 0.061 6205.42 62047 14.6778
300 30 0.071 5903.51 59189.9 15.258
300 30 0.081 5589.28 56240.5 15.9165
300 30 0.091 5281.76 53346.7 16.2215
300 30 0.101 5035.63 51011.1 17.2482
300 30 0.111 4758.53 48408.2 18.6672
300 30 0.121 4529.3 46237.4 18.3918
300 30 0.131 4229.57 43433.7 18.2096
300 30 0.141 4001.92 41265.1 19.4466
300 30 0.151 3786.87 39258.9 20.3075
300 30 0.161 3593.89 37424.3 21.0435
300 30 0.171 3378.01 35397.8 22.0853
300 30 0.181 3186.22 33609 22.9523
300 30 0.191 3018.97 32000.4 24.1681
300 30 0.201 2839.99 30325.6 25.0174
300 30 0.211 2707.84 29077.4 25.7439
300 30 0.221 2537.53 27506.9 27.024
300 30 0.231 2416.18 26322.8 27.8369
300 30 0.241 2291.13 25146.3 28.8636
300 30 0.251 2159.09 23912.7 30.0326
300 30 0.261 2080.86 23149.9 31.0644
300 30 0.271 1950.23 21920.2 31.6151
300 30 0.281 1869.48 21183.2 33.0273
300 30 0.291 1743.14 20000.2 34.0853
300 30 0.301 1690.07 19476 34.8813
300 30 0.311 1596.5 18631.4 36.0032
300 30 0.321 1520.59 17889.7 37.2419
300 30 0.331 1451.15 17263.9 39.3164
300 30 0.341 1393.16 16717.5 40.4178
300 30 0.351 1317.21 16004.5 41.763
300 30 0.361 1274.7 15589.5 42.5798
300 30 0.371 1189.7 14792.5 43.7178
300 30 0.381 1158.51 14497.9 44.8433
300 30 0.391 1108.42 14036.5 45.6675
300 30 0.401 1067.29 13625.9 46.5942
300 30 0.411 1015.86 13164.9 47.8115
300 30 0.421 978.67 12805.5 49.0876
300 30 0.431 948.604 12506.6 49.8972
300 30 0.441 912.831 12174.8 50.9106
300 30 0.451 880.326 11882.1 52.1559
300 30 0.461 842.381 11534.3 53.196
300 30 0.471 816.827 11277.2 54.1785
300 30 0.481 791.065 11047.1 55.3529
300 30 0.491 764.23 10806.4 56.6311
300 30 0.501 746.998 10641.1 57.8318
300 30 0.511 724.465 10408.9 58.6504
300 30 0.521 696.09 10131.5 59.5484
300 30 0.531 678.422 9999.56 60.8036
300 30 0.541 660.007 9830.38 61.8656
300 30 0.551 636.7 9604.16 63.4446
300 30 0.561 610.676 9351.63 64.2075
300 30 0.571 604.534 9236.97 65.1538
300 30 0.581 590.146 9142.71 66.5536
300 30 0.591 567.34 8913.66 67.864
300 30 0.601 552.429 8787.27 68.9982
300 30 0.611 539.93 8664.08 70.2603
300 30 0.621 531.814 8570.8 71.2365
300 30 0.631 516.983 8418.67 72.0341
300 30 0.641 504.402 8299.24 73.2137
300 30 0.651 485.923 8149.98 74.8398
300 30 0.661 479.003 8055.08 75.887
300 30 0.671 468.286 7964.8 76.831
300 30 0.681 460.021 7859.23 77.8115
300 30 0.691 444.651 7728.52 79.0065
300 30 0.701 437.847 7682.17 80.3091
300 30 0.711 427.895 7573.36 81.652
300 30 0.721 417.095 7436.1 82.3265
300 30 0.731 406.981 7326.96 83.6078
300 30 0.741 398.215 7250.44 84.8438
300 30 0.751 389.599 7171.54 86.0728
300 30 0.761 380.061 7076.57 87.1017
300 30 0.771 372.299 7012.3 88.5916
300 30 0.781 367.042 6940.31 89.7458
300 30 0.791 361.197 6877.83 90.8113
300 30 0.801 351.886 6788.95 91.8791
300 30 0.811 345.034 6705.23 93.0439
300 30 0.821 338.817 6639.34 94.4962
300 30 0.831 330.704 6572.25 95.3217
300 30 0.841 323.597 6509.99 97.0437
300 30 0.851 317.998 6439.23 98.6971
300 30 0.861 313.165 6386.56 99.438
300 30 0.871 304.883 6292.88 100.489
300 30 0.881 300.604 6254.4 102.351
300 30 0.891 294.788 6165.22 102.616
300 30 0.901 292.658 6172.51 104.929
300 30 0.911 285.312 6048.67 107.827
300 30 0.921 277.962 5986.33 109.36
300 30 0.931 274.03 5954.88 108.259
300 30 0.941 268.252 5891.82 109.275
300 30 0.951 267.091 5851.74 110.366
300 30 0.961 260.122 5798.89 112.08
300 30 0.971 254.654 5748.28 113.606
300 30 0.981 249.341 5675.89 115.201
300 30 0.991 245.022 5618.58 116.346
300 30 1.001 242.368 5590.55 117.928
300 30 1.011 237.866 5538.27 119.504
300 30 1.021 233.338 5489.07 121.366
300 30 1.031 228.713 5428.3 122.687
300 30 1.041 225.922 5389.45 123.707
300 30 1.051 222.262 5342.77 124.388
300 30 1.061 216.867 5267.16 125.174
300 30 1.071 215.083 5255.62 126.763
300 30 1.081 211.645 5203.71 126.433
300 30 1.091 210.78 5182.11 127.14
300 30 1.101 206.951 5134.08 127.751
300 30 1.111 202.619 5061.06 127.466
300 30 1.121 200.013 5052.16 128.852
300 30 1.131 197.757 5017.09 128.156
300 30 1.141 194.282 4976.85 128.522
300 30 1.151 192.811 4956.21 128.986
300 30 1.161 189.073 4901.28 128.808
300 30 1.171 186.948 4860.15 128.698
300 30 1.181 185.53 4835.97 129.059
300 30 1.191 183.385 4787.15 128.651
300 30 1.201 179.912 4764.25 128.792
300 30 1.211 179.476 4731.95 128.463
300 30 1.221 177.636 4714.04 128.634
300 30 1.231 173.888 4651.21 128.118
300 30 1.241 173.457 4629.98 128.313
300 30 1.251 172.568 4629.13 129.539
300 30 1.261 171.035 4615.84 129.094
300 30 1.271 167.705 4539.75 127.479
300 30 1.281 165.921 4534.54 127.673
300 30 1.291 163.901 4491.01 126.915
300 30 1.301 162.041 4451.12 126.822
300 30 1.311 161.174 4432.07 127.25
300 30 1.321 158.977 4416.83 126.656
300 30 1.331 158.566 4398.06 126.313
300 30 1.341 156.921 4364.27 125.743
300 30 1.351 154.788 4330.66 125.349
300 30 1.361 153.475 4314.34 125.341
300 30 1.371 151.762 4269.68 124.262
300 30 1.381 150.492 4249.49 123.802
300 30 1.391 149.188 4229.68 123.873
300 30 1.401 148.189 4192.22 122.725
300 30 1.411 146.789 4157.37 122.454
300 30 1.421 145.959 4167.14 122.784
300 30 1.431 144.712 4126.1 121.469
300 30 1.441 142.839 4102.97 120.712
300 30 1.451 141.714 4077.56 120.14
300 30 1.461 141.166 4056.72 119.822
300 30 1.471 140.288 4034.79 119.4
300 30 1.481 139.043 4012.88 118.696
300 30 1.491 137.916 3983.35 117.966
300 30 1.501 136.943 3963.93 118.851
300 30 1.511 136.021 3946.41 118.181
300 30 1.521 135.074 3923.76 116.961
300 30 1.531 133.933 3890.84 116.122
300 30 1.541 133.489 3878.38 115.269
300 30 1.551 132.571 3862.16 115.583
300 30 1.561 131.465 3836.49 114.24
300 30 1.571 130.598 3819.51 113.295
300 30 1.581 128.863 3763.84 111.139
300 30 1.591 128.645 3758.29 111.059
300 30 1.601 127.729 3742.88 109.677
300 30 1.611 126.352 3698 107.647
300 30 1.621 126.02 3689.7 107.634
300 30 1.631 125.004 3665.1 106.612
300 30 1.641 123.957 3641.54 105.733
300 30 1.651 123.597 3628.04 103.735
300 30 1.661 122.189 3591.71 102.07
300 30 1.671 121.82 3582.83 101.681
300 30 1.681 120.746 3543.07 100.949
300 30 1.691 120.433 3537.81 101.179
300 30 1.701 119.111 3506.8 99.1412
300 30 1.711 118.693 3490.47 98.9827
300 30 1.721 118.078 3474.94 98.3199
300 30 1.731 117.26 3440.75 96.9907
300 30 1.741 117.107 3447.92 96.8879
300 30 1.751 115.744 3410.34 95.1148
300 30 1.761 115.832 3401.29 94.5983
300 30 1.771 115.36 3382.02 93.5512
300 30 1.781 114.738 3368.32 91.3728
300 30 1.791 113.996 3345.15 89.3293
300 30 1.801 113.163 3314.63 87.5311
300 30 1.811 112.882 3307.45 86.869
300 30 1.821 112.328 3290.15 85.9205
300 30 1.831 112.255 3284.83 85.2251
300 30 1.841 111.682 3263.33 83.9722
300 30 1.851 111.478 3244.69 83.0971
300 30 1.861 111.252 3236.66 82.6739
300 30 1.871 110.722 3224.01 81.7359
300 30 1.881 109.915 3189.9 80.0986
300 30 1.891 109.974 3189.3 79.6751
300 30 1.901 109.88 3174.86 78.8044
300 30 1.911 109.161 3151.21 77.5465
300 30 1.921 109.012 3144.33 76.9283
300 30 1.931 108.716 3123.58 75.6234
300 30 1.941 108.171 3107.21 74.5894
300 30 1.951 108.085 3100.18 73.8019
300 30 1.961 107.686 3075.31 72.5561
300 30 1.971 107.59 3066.32 71.388
300 30 1.981 107.264 3049.11 70.2786
300 30 1.991 106.833 3032.22 69.0733
300 40 0.001 10446.5 100986 266.861
300 40 0.011 9949.16 96358.4 252.029
300 40 0.021 9423.08 91446.4 236.12
300 40 0.031 8895.63 86536.9 221.11
300 40 0.041 8336.25 81339.9 204.049
300 40 0.051 7825.45 76576.8 190.519
300 40 0.061 7289.95 71596.8 174.105
300 40 0.071 6810.69 67133.6 160.893
300 40 0.081 6340.83 62765.8 148.393
300 40 0.091 5940.13 59008.7 137.035
300 40 0.101 5536.13 55253.5 127.695
300 40 0.111 5154.57 51697.8 116.887
300 40 0.121 4813.56 48526.8 108.61
300 40 0.131 4468.9 45338.2 99.4499
300 40 0.141 4179.37 42597.1 93.8863
300 40 0.151 3936.27 40336.9 87.5477
300 40 0.161 3650.8 37670.2 81.4987
300 40 0.171 3388.55 35247.3 75.0153
300 40 0.181 3174.24 33250 71.0477
300 40 0.191 2975.07 31398.1 66.1912
300 40 0.201 2793.64 29708.8 62.2553
300 40 0.211 2602.78 27942.5 59.6175
300 40 0.221 2444.15 26466.7 56.3635
300 40 0.231 2303.92 25167.8 54.2877
300 40 0.241 2147.42 23696.6 52.6386
300 40 0.251 2013.94 22457.9 51.2305
300 40 0.261 1911.98 21545.4 49.0003
300 40 0.271 1822.29 20691.2 48.8106
300 40 0.281 1724.07 19777.8 47.2753
300 40 0.291 1609.87 18716.5 46.3694
300 40 0.301 1534.79 18029 46.4353
300 40 0.311 1477.28 17473.2 45.7276
300 40 0.321 1387.8 16661.8 45.3649
300 40 0.331 1326.03 16081.9 45.7698
300 40 0.341 1261.9 15474.8 45.3769
300 40 0.351 1215.97 15067.1 45.8838
300 40 0.361 1143.3 14397.9 46.2308
300 40 0.371 1108.57 14046.8 46.602
300 40 0.381 1060.64 13614.4 47.2524
300 40 0.391 1023.45 13283.3 47.6452
300 40 0.401 992.496 12985 48.231
300 40 0.411 951.884 12590.5 49.7954
300 40 0.421 906.192 12198.6 51.4031
300 40 0.431 880.154 11903.4 52.0431
300 40 0.441 853.469 11708.2 53.0797
300 40 0.451 820.733 11392 52.742
300 40 0.461 797.34 11178.9 53.2641
300 40 0.471 763.189 10844.1 54.1282
300 40 0.481 746.633 10682.5 55.627
300 40 0.491 734.566 10577.6 56.7813
300 40 0.501 704.269 10303.6 58.0768
300 40 0.511 689.332 10146.8 58.9673
300 40 0.521 662.088 9885.36 59.6622
300 40 0.531 648.704 9766.71 60.7675
300 40 0.541 623.013 9521.67 62.122
300 40 0.551 611.138 9417.72 63.5851
300 40 0.561 593.482 9264.16 65.5612
300 40 0.571 578.172 9111.33 66.3067
300 40 0.581 566.199 8990.21 67.4375
300 40 0.591 548.962 8817.45 68.6045
300 40 0.601 538.119 8679.76 68.681
300 40 0.611 522.109 8549.91 69.9444
300 40 0.621 512.55 8457.4 70.9049
300 40 0.631 498.615 8350.43 72.1533
300 40 0.641 488.68 8232.14 73.774
300 40 0.651 477.805 8136.48 74.7354
300 40 0.661 467.142 8025.1 75.878
300 40 0.671 457.498 7943.54 77.0135
300 40 0.681 445.551 7830.2 78.472
300 40 0.691 433.939 7685.82 80.6728
300 40 0.701 423.694 7623.44 81.0948
300 40 0.711 416.718 7533.86 81.6139
300 40 0.721 408.288 7441.63 83.0688
300 40 0.731 397.498 7354.13 84.1967
300 40 0.741 385.093 7228.38 85.5928
300 40 0.751 383.858 7209.05 86.2745
300 40 0.761 372.842 7090.36 87.7224
300 40 0.771 368.212 7034.46 88.5142
300 40 0.781 359.459 6949.54 89.9268
300 40 0.791 350.976 6848.89 90.9739
300 40 0.801 349.583 6840.98 92.7044
300 40 0.811 339.778 6765.56 94.427
300 40 0.821 332.913 6690.56 94.273
300 40 0.831 328.678 6640.58 95.7928
300 40 0.841 322.655 6576.53 97.4656
300 40 0.851 317.631 6518.38 98.2535
300 40 0.861 308.313 6408.79 99.5053
300 40 0.871 304.277 6352.32 101.193
300 40 0.881 296.428 6291.24 102.239
300 40 0.891 292.639 6260.2 104.068
300 40 0.901 284.635 6154.61 105.372
300 40 0.911 282.089 6114.79 106.668
300 40 0.921 275.721 6049.99 107.155
300 40 0.931 271.273 6007.78 108.917
300 40 0.941 267.589 5968.57 109.868
300 40 0.951 265.038 5940.08 110.753
300 40 0.961 258.974 5880.41 112.776
300 40 0.971 255.656 5838.12 114.291
300 40 0.981 249.013 5752.04 116.596
300 40 0.991 245.927 5696.76 117.088
300 40 1.001 241.648 5665.77 119.887
300 40 1.011 239.723 5637.82 122.41
300 40 1.021 233.188 5569.3 123.228
300 40 1.031 229.481 5518.62 124.35
300 40 1.041 225.067 5451.15 124.169
300 40 1.051 220.64 5391.41 125.925
300 40 1.061 219.795 5384.93 126.961
300 40 1.071 217.046 5364.65 127.624
300 40 1.081 211.961 5293.75 126.956
300 40 1.091 211.967 5294.13 127.445
300 40 1.101 207.131 5209.62 127.792
300 40 1.111 204.712 5187.3 128.202
300 40 1.121 202.045 5162.42 128.304
300 40 1.131 198.753 5105.68 129.343
300 40 1.141 197.082 5076.63 130.337
300 40 1.151 195.645 5074.6 130.678
300 40 1.161 192.488 5021.4 130.787
300 40 1.171 190.788 4983.93 130.808
300 40 1.181 187.239 4933.87 129.754
300 40 1.191 185.245 4917.82 130.631
300 40 1.201 184.848 4897.3 130.64
300 40 1.211 182.179 4848.82 129.268
300 40 1.221 179.751 4816.07 130.185
300 40 1.231 178.235 4807.71 130.098
300 40 1.241 176.181 4769.99 129.806
300 40 1.251 174.996 4728.02 129.69
300 40 1.261 171.356 4690.86 128.203
300 40 1.271 172.095 4689.16 128.069
300 40 1.281 169.783 4657.23 127.537
300 40 1.291 168.068 4637.49 128.592
300 40 1.301 166.071 4590.29 126.919
300 40 1.311 164.627 4572.15 127.145
300 40 1.321 163.64 4560.75 127.618
300 40 1.331 161.878 4515.43 127.941
300 40 1.341 160.243 4486.87 127.006
300 40 1.351 159.513 4478.66 127.521
300 40 1.361 157.819 4464.01 126.075
300 40 1.371 156.914 4434.46 125.265
300 40 1.381 155.027 4398.17 123.947
300 40 1.391 154.93 4389.19 124.243
300 40 1.401 153.11 4362.46 123.896
300 40 1.411 151.473 4329.07 124.177
300 40 1.421 150.363 4298.1 123.974
300 40 1.431 149.657 4283.98 123.971
300 40 1.441 148.629 4263.23 123.255
300 40 1.451 148.177 4252.71 123.207
300 40 1.461 145.973 4217.61 122.121
300 40 1.471 145.497 4192.82 121.837
300 40 1.481 143.755 4147.58 118.628
300 40 1.491 143.44 4152.26 118.707
300 40 1.501 142.172 4126.82 119.156
300 40 1.511 141.236 4108.54 118.99
300 40 1.521 140.645 4094.96 118.6
300 40 1.531 139.76 4063.14 118.027
300 40 1.541 139.314 4057.1 117.361
300 40 1.551 137.662 4013.46 115.513
300 40 1.561 137.463 4003.14 116.161
300 40 1.571 136.377 3986.88 114.975
300 40 1.581 135.941 3960.35 113.731
300 40 1.591 134.59 3931.9 112.04
300 40 1.601 133.66 3916.52 110.148
300 40 1.611 133.091 3892.62 109.4
300 40 1.621 132.442 3872.72 108.471
300 40 1.631 131.567 3848.7 107.409
300 40 1.641 130.882 3831.72 106.479
300 40 1.651 130 3806.43 105.338
300 40 1.661 129.254 3786.77 104.66
300 40 1.671 128.378 3762.21 103.099
300 40 1.681 127.269 3736.92 100.877
300 40 1.691 127.162 3731.73 100.705
300 40 1.701 125.907 3685.34 99.0863
300 40 1.711 126.053 3689.86 98.5716
300 40 1.721 125.354 3669.82 97.6138
300 40 1.731 124.701 3653.19 96.7925
300 40 1.741 124.34 3647.69 96.0305
300 40 1.751 123.653 3626.99 95.2111
300 40 1.761 123.106 3608.64 93.9214
300 40 1.771 122.347 3574.86 92.3132
300 40 1.781 121.843 3564.33 91.7505
300 40 1.791 122.067 3570.4 91.4649
300 40 1.801 121.44 3537.17 89.786
300 40 1.811 120.8 3527.22 89.106
300 40 1.821 120.156 3495.42 87.9508
300 40 1.831 120.418 3503.76 87.8477
300 40 1.841 119.836 3476.63 86.4335
300 40 1.851 119.301 3464.89 85.5404
300 40 1.861 119.046 3450.43 84.6777
300 40 1.871 118.643 3437.04 83.8928
300 40 1.881 118.584 3421.02 82.9164
300 40 1.891 117.918 3407.15 81.4614
300 40 1.901 117.875 3391.45 80.5143
300 40 1.911 117.597 3386.1 80.2854
300 40 1.921 117.034 3361.43 78.8892
300 40 1.931 117.091 3354.72 78.161
300 40 1.941 117.009 3340.44 77.1554
300 40 1.951 116.487 3324.91 76.2912
300 40 1.961 116.104 3305.88 74.6005
300 40 1.971 115.823 3292.24 73.652
300 40 1.981 115.971 3284.05 72.7197
300 40 1.991 115.591 3268.81 71.7431
400 10 0.001 3914.45 44494.3 4.3631
400 10 0.011 3861.55 43961.9 4.9192
400 10 0.021 3814.97 43472.9 5.4672
400 10 0.031 3753.45 42845.1 5.9587
400 10 0.041 3689.53 42192.3 7.2913
400 10 0.051 3634.2 41617.2 8.9921
400 10 0.061 3572.57 40988.3 8.4558
400 10 0.071 3491.74 40188 8.7813
400 10 0.081 3433.92 39585.8 8.9198
400 10 0.091 3375.11 38963.3 9.4913
400 10 0.101 3287.05 38081.3 11.0531
400 10 0.111 3240.39 37583.7 11.8278
400 10 0.121 3166.49 36829.9 12.5459
400 10 0.131 3104.53 36189.9 12.6979
400 10 0.141 3034.78 35490.2 13.6907
400 10 0.151 2968.71 34824.2 14.6574
400 10 0.161 2930.24 34394.6 15.3118
400 10 0.171 2847.67 33562.9 17.0421
400 10 0.181 2777.84 32833.3 19.0042
400 10 0.191 2697.12 32046.6 19.958
400 10 0.201 2657.16 31609.3 21.7549
400 10 0.211 2580.99 30822.1 23.4095
400 10 0.221 2542.51 30414.6 24.2974
400 10 0.231 2465.8 29626 24.6814
400 10 0.241 2432.11 29269.5 25.573
400 10 0.251 2343.93 28396 26.9134
400 10 0.261 2302.8 27961.1 27.8231
400 10 0.271 2243.59 27335.7 28.9812
400 10 0.281 2188.41 26794.2 30.3952
400 10 0.291 2130.01 26181.6 31.6004
400 10 0.301 2079.49 25679.7 33.3178
400 10 0.311 2026.85 25076.4 34.8692
400 10 0.321 1975.48 24580.9 35.9907
400 10 0.331 1922.63 24038.3 37.4297
400 10 0.341 1873.93 23534.1 38.722
400 10 0.351 1827.41 23012.1 39.7635
400 10 0.361 1782.13 22565.4 41.0128
400 10 0.371 1732.19 22025.6 42.2546
400 10 0.381 1676.06 21498.3 44.0169
400 10 0.391 1645.46 21140 44.1146
400 10 0.401 1613.81 20811.5 44.955
400 10 0.411 1550.55 20166.2 46.711
400 10 0.421 1521.24 19860.6 48.007
400 10 0.431 1458.62 19263.5 49.9237
400 10 0.441 1434.79 18939.4 50.9052
400 10 0.451 1391.62 18543.3 52.8647
400 10 0.461 1363.5 18227 54.3838
400 10 0.471 1335.8 17911.3 55.8489
400 10 0.481 1285.83 17400.4 57.5976
400 10 0.491 1249.12 17052.4 59.6336
400 10 0.501 1225.42 16752.4 60.7503
400 10 0.511 1189.99 16399.5 62.5228
400 10 0.521 1151.83 16013.4 64.9413
400 10 0.531 1121.2 15710.9 66.5737
400 10 0.541 1093.84 15392.4 67.8391
400 10 0.551 1071.49 15162.7 69.6464
400 10 0.561 1033.81 14822.5 72.3595
400 10 0.571 1013.75 14571.8 74.9247
400 10 0.581 981.867 14267 76.5159
400 10 0.591 947.324 13882 77.7568
400 10 0.601 925.386 13665.4 78.9997
400 10 0.611 898.004 13377.3 81.2868
400 10 0.621 879.298 13180.5 82.4796
400 10 0.631 849.948 12899.1 84.9149
400 10 0.641 839.582 12751.6 86.2032
400 10 0.651 819.648 12503 87.3109
400 10 0.661 788.245 12198.6 89.8015
400 10 0.671 763.486 11959.2 91.7646
400 10 0.681 748.882 11806.9 93.4112
400 10 0.691 735.566 11630.6 95.1916
400 10 0.701 702.87 11332.7 96.9898
400 10 0.711 690.228 11152.2 97.8819
400 10 0.721 667.032 10946.8 100.219
400 10 0.731 656.336 10793.2 101.471
400 10 0.741 643.149 10673 103.545
400 10 0.751 625.854 10498 105.338
400 10 0.761 613.702 10347.8 106.822
400 10 0.771 594.358 10120.9 108.808
400 10 0.781 573.043 9955.63 111.379
400 10 0.791 562.452 9809.11 113.612
400 10 0.801 553.762 9693.25 114.72
400 10 0.811 537.983 9501.83 115.895
400 10 0.821 523.037 9355.34 118.847
400 10 0.831 517.13 9311.32 120.228
400 10 0.841 503.064 9170.61 122.327
400 10 0.851 488.764 9008.9 124.125
400 10 0.861 479.615 8911.92 125.973
400 10 0.871 467.911 8725.83 126.58
400 10 0.881 458.344 8666.05 129.438
400 10 0.891 445.961 8522.61 131.96
400 10 0.901 435.769 8387.9 132.863
400 10 0.911 427.002 8337.54 135.741
400 10 0.921 419.301 8245.36 140.412
400 10 0.931 411.814 8120.82 141.188
400 10 0.941 397.256 8000.61 143.875
400 10 0.951 389.496 7899.52 143.97
400 10 0.961 380.707 7806.85 146.252
400 10 0.971 370.016 7669.63 148.1
400 10 0.981 369.464 7631.89 150.419
400 10 0.991 357.444 7501.33 152.016
400 10 1.001 353.479 7470.96 154.699
400 10 1.011 342.375 7367.41 157.345
400 10 1.021 331.37 7234.03 159.96
400 10 1.031 327.882 7159.76 161.334
400 10 1.041 321.234 7098.92 163.171
400 10 1.051 318.152 7034.96 165.002
400 10 1.061 309.659 6950.21 166.237
400 10 1.071 304.287 6874.69 166.522
400 10 1.081 298.936 6817.84 168.676
400 10 1.091 292.843 6734.84 169.994
400 10 1.101 290.094 6692.15 169.802
400 10 1.111 283.435 6612.29 171.756
400 10 1.121 281.298 6576.26 172.127
400 10 1.131 276.676 6526.23 172.718
400 10 1.141 270.526 6439.59 172.648
400 10 1.151 267.092 6393.94 172.749
400 10 1.161 264.876 6359.38 174.624
400 10 1.171 260.498 6274.77 173.225
400 10 1.181 257.999 6272.52 174.826
400 10 1.191 254.493 6214.2 174.141
400 10 1.201 250.386 6170.77 174.576
400 10 1.211 247.148 6089.3 174.39
400 10 1.221 242.332 6042.15 174.355
400 10 1.231 239.107 6013.08 174.932
400 10 1.241 236.091 5951.32 174.082
400 10 1.251 234.229 5889.19 174.023
400 10 1.261 232.036 5876.18 174.073
400 10 1.271 228.092 5820.12 173.47
400 10 1.281 224.381 5761.5 173.293
400 10 1.291 223.103 5734.2 172.676
400 10 1.301 220.477 5686.89 172.539
400 10 1.311 217.773 5640.86 172.512
400 10 1.321 215.679 5627.29 172.323
400 10 1.331 212.406 5561.43 171.071
400 10 1.341 208.469 5509.67 170.708
400 10 1.351 208.499 5514.34 170.807
400 10 1.361 205.42 5429.15 169.429
400 10 1.371 202.997 5387.03 169.343
400 10 1.381 200.441 5357.67 168.156
400 10 1.391 198.173 5305.68 167.928
400 10 1.401 194.367 5240.48 166.133
400 10 1.411 193.351 5205.58 166.013
400 10 1.421 192.426 5198.76 165.891
400 10 1.431 189.443 5110.56 164.111
400 10 1.441 187.473 5106.33 163.212
400 10 1.451 184.692 5034.64 161.862
400 10 1.461 182.122 4997.75 162.357
400 10 1.471 181.742 4976.58 161.914
400 10 1.481 180.129 4959.33 161.77
400 10 1.491 177.091 4885.08 158.278
400 10 1.501 176.754 4856.49 158.075
400 10 1.511 173.779 4800.43 156.002
400 10 1.521 171.842 4761.84 154.912
400 10 1.531 171.097 4759.25 154.756
400 10 1.541 169.829 4701.03 154.163
400 10 1.551 167.246 4659.32 151.812
400 10 1.561 166.253 4626.02 150.744
400 10 1.571 164.127 4571.72 149.052
400 10 1.581 162.961 4552.02 148.09
400 10 1.591 160.546 4507.84 146.047
400 10 1.601 159.77 4465.59 144.596
400 10 1.611 158.554 4450.7 143.82
400 10 1.621 157.076 4395.26 141.837
400 10 1.631 156.55 4364.81 140.829
400 10 1.641 155.09 4352.92 139.629
400 10 1.651 153.714 4310.52 138.41
400 10 1.661 152.951 4303.19 137.962
400 10 1.671 151.454 4247.58 135.87
400 10 1.681 149.894 4211.86 134.093
400 10 1.691 148.959 4188.73 132.673
400 10 1.701 147.135 4139.16 130.505
400 10 1.711 146.522 4115.61 129.591
400 10 1.721 144.935 4077.43 127.971
400 10 1.731 143.408 4028.01 125.814
400 10 1.741 142.563 4002.76 125.574
400 10 1.751 141.165 3973.58 123.965
400 10 1.761 141.13 3979.34 123.83
400 10 1.771 139.615 3922.25 121.405
400 10 1.781 138.52 3893.01 119.899
400 10 1.791 137.095 3844.34 117.264
400 10 1.801 136.258 3811.85 115.271
400 10 1.811 135.69 3803.61 114.996
400 10 1.821 134.068 3753.89 113.683
400 10 1.831 132.941 3698.17 110.897
400 10 1.841 132.225 3681.16 110.091
400 10 1.851 130.967 3657.48 108.489
400 10 1.861 130.049 3610.1 106.629
400 10 1.871 129.003 3593.98 105.712
400 10 1.881 128.425 3561.65 104.323
400 10 1.891 127.485 3525.64 102.343
400 10 1.901 127.133 3508.26 101.257
400 10 1.911 126.252 3474.88 100.003
400 10 1.921 125.781 3456.64 98.9944
400 10 1.931 124.184 3407.96 96.745
400 10 1.941 123.535 3379.11 94.9586
400 10 1.951 122.739 3352.42 93.8085
400 10 1.961 122.227 3326.18 92.3006
400 10 1.971 121.517 3295.3 90.4986
400 10 1.981 120.694 3267.69 88.7767
400 10 1.991 120.047 3240.79 87.0503
400 20 0.001 7625.14 77856.1 5.9855
400 20 0.011 7423.92 75929.4 9.5616
400 20 0.021 7230.6 74065.6 11.9595
400 20 0.031 7024.64 72080.4 12.6212
400 20 0.041 6799.83 69912.3 12.9802
400 20 0.051 6551.75 67540.8 13.7627
400 20 0.061 6327.58 65386.6 14.5798
400 20 0.071 6119.35 63352.5 15.7273
400 20 0.081 5891.1 61189.5 16.8124
400 20 0.091 5701.35 59312.2 13.5838
400 20 0.101 5448.75 56917.8 14.3611
400 20 0.111 5245.76 54985.6 15.3059
400 20 0.121 5059.99 53173.8 17.661
400 20 0.131 4854.54 51190.8 22.1063
400 20 0.141 4651.55 49259.3 23.1989
400 20 0.151 4499.88 47770.1 23.9858
400 20 0.161 4304.56 45868.7 25.1369
400 20 0.171 4130.93 44212.1 26.111
400 20 0.181 3982.63 42751.3 27.525
400 20 0.191 3786.57 40892.4 25.4382
400 20 0.201 3671.72 39768.9 27.7119
400 20 0.211 3520.24 38317.9 29.9833
400 20 0.221 3362.2 36741.1 31.0258
400 20 0.231 3218.92 35381.2 32.2421
400 20 0.241 3103.86 34263.5 33.5454
400 20 0.251 2977.64 33056.8 34.8588
400 20 0.261 2821.78 31585.1 36.0398
400 20 0.271 2716.02 30526.2 37.3639
400 20 0.281 2593.09 29367.3 39.1308
400 20 0.291 2483.41 28334.3 40.7037
400 20 0.301 2379.45 27312.2 41.4416
400 20 0.311 2305.26 26549.4 42.1397
400 20 0.321 2191.51 25479.1 43.9752
400 20 0.331 2093.22 24543.1 45.5333
400 20 0.341 2001.97 23652.1 47.2559
400 20 0.351 1949.91 23128.3 48.4374
400 20 0.361 1863.26 22281.6 49.5877
400 20 0.371 1793.09 21611 51.1382
400 20 0.381 1731.68 21000.8 52.9438
400 20 0.391 1659.19 20329.1 54.4638
400 20 0.401 1580.76 19588.3 56.3468
400 20 0.411 1536.12 19149.1 57.8272
400 20 0.421 1477.77 18579 59.3453
400 20 0.431 1427.95 18116.9 61.0037
400 20 0.441 1382.78 17642.6 62.4937
400 20 0.451 1319.63 17053.2 64.2093
400 20 0.461 1261.44 16477.9 66.1334
400 20 0.471 1219.73 16103.7 67.5554
400 20 0.481 1176.81 15660.6 68.712
400 20 0.491 1139.72 15318.5 70.3896
400 20 0.501 1100.17 14949.7 71.6051
400 20 0.511 1077.82 14691.9 73.2674
400 20 0.521 1034.8 14252.4 74.5913
400 20 0.531 995.402 13946.7 76.2857
400 20 0.541 965.516 13594.6 77.8068
400 20 0.551 943.164 13369 78.0078
400 20 0.561 905.503 13074.3 79.3422
400 20 0.571 881.055 12831.1 80.8034
400 20 0.581 840.77 12434.3 83.8087
400 20 0.591 832.997 12366.5 85.8769
400 20 0.601 802.115 12017 87.2118
400 20 0.611 778.519 11799.3 88.8875
400 20 0.621 760.66 11624.9 90.8387
400 20 0.631 738.073 11379.2 91.7467
400 20 0.641 722.209 11233.1 93.155
400 20 0.651 701.694 11044 95.1784
400 20 0.661 677.698 10812.2 97.4698
400 20 0.671 662.006 10647.9 98.6694
400 20 0.681 641.34 10439.4 98.9922
400 20 0.691 634.883 10388.6 100.266
400 20 0.701 615.396 10190 101.563
400 20 0.711 602.414 10048.2 103.352
400 20 0.721 578.772 9818.5 105.101
400 20 0.731 561.717 9658.52 106.509
400 20 0.741 556.431 9620.18 108.242
400 20 0.751 543.595 9472.05 109.7
400 20 0.761 532.855 9327.12 111.131
400 20 0.771 519.415 9223.38 113.127
400 20 0.781 506.46 9087.56 115.275
400 20 0.791 499.915 9030.1 117.645
400 20 0.801 487.449 8905 118.918
400 20 0.811 473.508 8762.58 119.13
400 20 0.821 464.358 8663.1 121.626
400 20 0.831 456.419 8550.37 123.476
400 20 0.841 444.004 8456.51 123.9
400 20 0.851 434.644 8357.12 125.328
400 20 0.861 427.357 8254 127.032
400 20 0.871 421.229 8197.42 128.451
400 20 0.881 409.383 8102.61 130.602
400 20 0.891 401.764 7995.39 131.967
400 20 0.901 391.353 7918.78 133.887
400 20 0.911 390.004 7846.07 134.446
400 20 0.921 377.801 7707.34 136.979
400 20 0.931 370.564 7645.87 138.147
400 20 0.941 364.262 7563.51 141.368
400 20 0.951 358.514 7517.16 144.352
400 20 0.961 346.875 7389.3 145.582
400 20 0.971 344.239 7328.55 148.735
400 20 0.981 335.618 7220.13 150.093
400 20 0.991 330.132 7207.67 152.912
400 20 1.001 323.716 7115.54 152.245
400 20 1.011 318.825 7045.1 155.515
400 20 1.021 312.123 6987.35 160.042
400 20 1.031 307.006 6899.7 160.825
400 20 1.041 300.972 6828.17 162.941
400 20 1.051 295.944 6759.28 163.059
400 20 1.061 291.925 6718.85 162.691
400 20 1.071 287.577 6670.79 163.394
400 20 1.081 282.131 6611.21 164.221
400 20 1.091 277.656 6541.91 165.354
400 20 1.101 271.545 6452.8 164.96
400 20 1.111 271.856 6451.94 167.358
400 20 1.121 265.176 6395.39 166.753
400 20 1.131 261.737 6324.22 167.443
400 20 1.141 261.296 6303.33 170.352
400 20 1.151 255.736 6254.65 170.819
400 20 1.161 252.61 6187.06 170.585
400 20 1.171 247.336 6127.68 170.731
400 20 1.181 243.775 6077.55 170.139
400 20 1.191 241.427 6040.1 169.812
400 20 1.201 236.999 5961.16 167.78
400 20 1.211 235.388 5955.93 168.095
400 20 1.221 232.41 5877.26 167.686
400 20 1.231 228.432 5837.64 167.794
400 20 1.241 226.698 5813.27 168.236
400 20 1.251 224.056 5776.14 168.033
400 20 1.261 222.416 5757.71 168.362
400 20 1.271 218.646 5688.78 167.779
400 20 1.281 215.865 5624.65 167.275
400 20 1.291 213.868 5617.04 166.488
400 20 1.301 210.786 5541.74 166.555
400 20 1.311 209.199 5522.04 165.972
400 20 1.321 206.492 5483.2 165.262
400 20 1.331 202.909 5401.43 164.005
400 20 1.341 201.657 5363.19 163.345
400 20 1.351 199.236 5342.58 163.899
400 20 1.361 197.981 5336.59 163.896
400 20 1.371 195.502 5293.52 163.386
400 20 1.381 192.38 5218.9 161.773
400 20 1.391 191.434 5232.61 162.591
400 20 1.401 188.589 5164.59 161.806
400 20 1.411 188.349 5142.57 161.581
400 20 1.421 184.582 5072.07 159.838
400 20 1.431 182.938 5049.14 158
400 20 1.441 181.081 5022.05 157.267
400 20 1.451 181.312 5000.03 157.352
400 20 1.461 178.239 4931 155.014
400 20 1.471 176.548 4885.91 153.972
400 20 1.481 175.856 4898.62 154.746
400 20 1.491 174.177 4848.8 154.594
400 20 1.501 171.821 4819.51 152.162
400 20 1.511 170.75 4769.54 150.612
400 20 1.521 168.981 4751.75 149.58
400 20 1.531 167.516 4694.12 147.749
400 20 1.541 166.461 4677.13 147.225
400 20 1.551 165.922 4647.49 146.897
400 20 1.561 162.791 4577.56 143.805
400 20 1.571 162.448 4570.65 143.844
400 20 1.581 161.209 4538.63 142.531
400 20 1.591 159.743 4509.05 141.256
400 20 1.601 158.426 4477.3 140.065
400 20 1.611 157.165 4430.08 138.271
400 20 1.621 155.897 4408.88 137.1
400 20 1.631 154.688 4382.58 135.783
400 20 1.641 153.154 4339.81 133.17
400 20 1.651 151.826 4301.55 132.239
400 20 1.661 150.909 4281.09 131.528
400 20 1.671 149.652 4242.95 129.465
400 20 1.681 148.299 4206.57 128.063
400 20 1.691 147.376 4183.82 127.076
400 20 1.701 146.553 4156.69 125.067
400 20 1.711 145.358 4113.47 124.06
400 20 1.721 144.205 4096.35 123.776
400 20 1.731 142.916 4059.38 122.165
400 20 1.741 142.267 4035.34 121.065
400 20 1.751 141.566 4009.09 118.878
400 20 1.761 140.515 3977.35 116.352
400 20 1.771 139.821 3961.9 115.577
400 20 1.781 138.471 3917.27 113.638
400 20 1.791 137.714 3891.33 111.972
400 20 1.801 136.558 3853.99 110.101
400 20 1.811 136.399 3858.91 110.274
400 20 1.821 135.153 3814.77 108.05
400 20 1.831 134.522 3794.59 106.97
400 20 1.841 133.76 3755.5 105.381
400 20 1.851 133.247 3744.23 104.504
400 20 1.861 132.796 3718.59 103.177
400 20 1.871 132.032 3695.3 101.885
400 20 1.881 131.814 3681.12 100.846
400 20 1.891 130.356 3634.22 98.4249
400 20 1.901 130.379 3632.18 98.0619
400 20 1.911 129.924 3606.36 97.1674
400 20 1.921 129.493 3588.57 95.8197
400 20 1.931 128.445 3546.48 93.6815
400 20 1.941 128.165 3533.45 93.1562
400 20 1.951 128.136 3522.29 93.0978
400 20 1.961 127.257 3486.63 91.4218
400 20 1.971 126.789 3464.77 89.3891
400 20 1.981 126.048 3434.57 87.6024
400 20 1.991 125.714 3416.58 86.2255
400 30 0.001 11128.3 109352 6.658
400 30 0.011 10734.1 105634 7.3095
400 30 0.021 10288.1 101443 8.0366
400 30 0.031 9818.72 97024.5 8.8374
400 30 0.041 9424.95 93295.3 9.7154
400 30 0.051 8923.51 88570.6 10.8935
400 30 0.061 8442.55 84065 11.9099
400 30 0.071 8022.87 80112.4 13.246
400 30 0.081 7614.9 76272.9 14.4169
400 30 0.091 7260.83 72912.5 15.8017
400 30 0.101 6826.71 68830.2 20.6851
400 30 0.111 6488.64 65645.6 22.1073
400 30 0.121 6169.63 62593.8 22.6442
400 30 0.131 5785.88 59028.5 24.5301
400 30 0.141 5495.4 56258.8 25.6168
400 30 0.151 5211.97 53574.3 26.6875
400 30 0.161 4907.85 50741.4 28.1573
400 30 0.171 4659.39 48369.4 29.2154
400 30 0.181 4318.12 45192.9 30.3089
400 30 0.191 4097.71 43073.9 31.2853
400 30 0.201 3913.44 41324.7 32.6664
400 30 0.211 3694.9 39288.7 33.9926
400 30 0.221 3468.5 37163.9 33.3436
400 30 0.231 3310 35655.9 34.7875
400 30 0.241 3117.72 33865.5 35.3681
400 30 0.251 2954.02 32315.1 37.4209
400 30 0.261 2825.23 31063.3 38.5834
400 30 0.271 2675.68 29677.2 40.1962
400 30 0.281 2528.36 28305 41.4794
400 30 0.291 2382.76 26965.4 42.9201
400 30 0.301 2278.59 25968.3 43.9489
400 30 0.311 2179.66 25010.4 45.0976
400 30 0.321 2063.47 23930 47.0684
400 30 0.331 1990.74 23210.4 47.9288
400 30 0.341 1877.65 22156.8 49.7453
400 30 0.351 1785.82 21308.8 51.2113
400 30 0.361 1718.23 20662.1 51.8837
400 30 0.371 1629.99 19891.8 54.0189
400 30 0.381 1559.08 19196.2 55.2604
400 30 0.391 1498.16 18627.4 56.7467
400 30 0.401 1454.01 18207.9 57.9304
400 30 0.411 1398.15 17687.2 59.5323
400 30 0.421 1337.59 17086.5 60.8496
400 30 0.431 1275.59 16506.5 62.3766
400 30 0.441 1228.71 16079 62.6816
400 30 0.451 1205.33 15856.2 64.0061
400 30 0.461 1150.48 15330.1 65.6092
400 30 0.471 1106.87 14958.3 67.1579
400 30 0.481 1077.23 14657.4 68.5302
400 30 0.491 1035.55 14275.4 71.369
400 30 0.501 1008.59 13983.8 72.5203
400 30 0.511 972.825 13666.7 72.7812
400 30 0.521 944.94 13407 74.3512
400 30 0.531 921.512 13191.8 75.8713
400 30 0.541 886.592 12859.7 76.9956
400 30 0.551 859.842 12589.5 78.7526
400 30 0.561 834.711 12378.2 80.6097
400 30 0.571 823.149 12258.7 81.4152
400 30 0.581 790.357 11926 82.9941
400 30 0.591 763.637 11682.9 84.6683
400 30 0.601 754.108 11603.4 86.0693
400 30 0.611 725.849 11322.8 87.7159
400 30 0.621 716.963 11210.6 88.8302
400 30 0.631 697.592 11039.2 90.1094
400 30 0.641 679.963 10894.3 92.5442
400 30 0.651 659.587 10695.1 93.5679
400 30 0.661 646.746 10552.4 95.0828
400 30 0.671 627.296 10362.5 96.6208
400 30 0.681 614.885 10231.4 98.1024
400 30 0.691 594.457 10064.2 100.112
400 30 0.701 585.834 9986.46 101.416
400 30 0.711 567.598 9793.41 102.613
400 30 0.721 556.71 9654.18 103.765
400 30 0.731 547.303 9580.13 106.01
400 30 0.741 536.959 9457.11 106.877
400 30 0.751 521.908 9343.79 109.875
400 30 0.761 509.438 9196.44 111.318
400 30 0.771 496.16 9073.99 112.561
400 30 0.781 492.355 8981.89 113.106
400 30 0.791 477.416 8876.06 115.932
400 30 0.801 469.305 8757.2 116.564
400 30 0.811 458.711 8671.5 118.662
400 30 0.821 452.312 8561.73 119.416
400 30 0.831 443.987 8522.91 122.322
400 30 0.841 433.626 8404.75 123.323
400 30 0.851 424.744 8311.78 125.356
400 30 0.861 414.13 8178.01 126.482
400 30 0.871 408.455 8138.25 128.962
400 30 0.881 400.148 8028.54 130.09
400 30 0.891 392.075 7937.53 131.8
400 30 0.901 384.638 7882.78 134.45
400 30 0.911 376.424 7778.85 137.64
400 30 0.921 374.264 7748.48 139.994
400 30 0.931 361.849 7617.84 140.887
400 30 0.941 356.091 7546.99 140.436
400 30 0.951 350.066 7461 141.203
400 30 0.961 344.161 7429.32 144.031
400 30 0.971 340.431 7373.99 146.12
400 30 0.981 330.75 7277.45 146.935
400 30 0.991 323.909 7192.78 149.981
400 30 1.001 321.478 7136.78 151.843
400 30 1.011 315.06 7050.12 153.207
400 30 1.021 308.842 7001.15 156.091
400 30 1.031 302.833 6914.72 158.157
400 30 1.041 299.037 6878.71 160.091
400 30 1.051 293.704 6798.34 160.579
400 30 1.061 289.421 6763.35 161.673
400 30 1.071 283.042 6671.5 161.543
400 30 1.081 276.276 6594.34 163.702
400 30 1.091 273.725 6562.48 164.304
400 30 1.101 270.519 6473.81 164.068
400 30 1.111 267.159 6457.07 164.951
400 30 1.121 264.284 6416.08 166.111
400 30 1.131 260.736 6369.54 166.428
400 30 1.141 255.262 6272.42 166.011
400 30 1.151 252.378 6246.27 166.218
400 30 1.161 249.775 6218.05 166.437
400 30 1.171 246.782 6166.05 166.184
400 30 1.181 242.161 6101.72 165.825
400 30 1.191 239.737 6060.56 166.576
400 30 1.201 236.232 6024 167.83
400 30 1.211 232.827 5973.64 166.973
400 30 1.221 231.573 5937.09 167.532
400 30 1.231 228.695 5897.22 168.488
400 30 1.241 226.403 5851.89 168.082
400 30 1.251 224.248 5828.51 168.015
400 30 1.261 220.917 5772.3 167.009
400 30 1.271 218.106 5717.35 167.359
400 30 1.281 215.009 5667.76 166.547
400 30 1.291 214.271 5655.24 166.904
400 30 1.301 211.014 5630.98 166.042
400 30 1.311 209.797 5600.51 166.794
400 30 1.321 206.798 5544.08 165.174
400 30 1.331 204.607 5478.31 164.243
400 30 1.341 202.007 5437.37 164.158
400 30 1.351 201.084 5445.88 164.086
400 30 1.361 198.448 5375.83 162.585
400 30 1.371 195.86 5330.64 161.826
400 30 1.381 194.52 5314.58 161.82
400 30 1.391 192.81 5283.48 161.69
400 30 1.401 190.698 5246.06 160.943
400 30 1.411 189.347 5217.04 160.486
400 30 1.421 188.512 5175.78 159.483
400 30 1.431 185.915 5144.01 157.404
400 30 1.441 184.385 5133.14 158.661
400 30 1.451 182.844 5075.75 157.248
400 30 1.461 181.418 5045.27 156.706
400 30 1.471 179.386 5006.5 154.921
400 30 1.481 178.026 4979.76 152.677
400 30 1.491 177.05 4947.78 153.155
400 30 1.501 174.513 4908.37 151.155
400 30 1.511 174.855 4905.76 152.854
400 30 1.521 173.04 4854.85 150.948
400 30 1.531 170.956 4813.87 149.443
400 30 1.541 169.571 4785.73 148.281
400 30 1.551 169.587 4780.59 148.398
400 30 1.561 167.066 4721.08 145.746
400 30 1.571 166.473 4686.7 144.818
400 30 1.581 165.356 4663.44 144.249
400 30 1.591 163.195 4612.6 141.537
400 30 1.601 163.798 4637.67 142.375
400 30 1.611 161.654 4577.66 139.876
400 30 1.621 160.251 4545.98 138.625
400 30 1.631 159.259 4522.35 136.952
400 30 1.641 158.131 4480.54 135.663
400 30 1.651 156.694 4450.66 134.141
400 30 1.661 155.928 4412.42 132.851
400 30 1.671 154.924 4398.1 131.868
400 30 1.681 152.883 4354.91 129.615
400 30 1.691 152.091 4324.39 128.079
400 30 1.701 151.285 4294.13 126.66
400 30 1.711 150.637 4272.39 125.818
400 30 1.721 149.701 4241.22 124.149
400 30 1.731 148.691 4223.45 123.064
400 30 1.741 147.898 4191.65 121.518
400 30 1.751 147.148 4183.06 120.5
400 30 1.761 146.325 4158.45 119.572
400 30 1.771 145.988 4140.46 118.255
400 30 1.781 144.439 4077.79 115.504
400 30 1.791 143.661 4065.46 114.588
400 30 1.801 143.257 4046.95 113.864
400 30 1.811 142.131 4016.7 111.871
400 30 1.821 142.121 4011.83 111.493
400 30 1.831 141.478 3987.15 111.132
400 30 1.841 141.029 3964.42 109.399
400 30 1.851 140.641 3943.11 107.435
400 30 1.861 139.422 3907.92 105.513
400 30 1.871 139.523 3909.68 106.476
400 30 1.881 138.607 3879.13 104.591
400 30 1.891 138.417 3853.57 102.596
400 30 1.901 137.781 3827.35 101.543
400 30 1.911 136.84 3795.55 99.2795
400 30 1.921 137.467 3812.93 99.8498
400 30 1.931 137.2 3787.14 98.0772
400 30 1.941 135.904 3746.05 96.1141
400 30 1.951 135.882 3730.94 94.8485
400 30 1.961 135.358 3708.3 93.4384
400 30 1.971 135.152 3698.41 92.6469
400 30 1.981 134.624 3668.96 91.1198
400 30 1.991 134.529 3655.73 89.3908
400 40 0.001 14422.5 138965 365.634
400 40 0.011 13754.6 132745 346.23
400 40 0.021 13013.9 125818 324.84
400 40 0.031 12253.6 118779 302.808
400 40 0.041 11474.2 111526 278.952
400 40 0.051 10777.4 105044 257.798
400 40 0.061 10092.4 98622 239.417
400 40 0.071 9453.41 92677.3 221.432
400 40 0.081 8781.55 86427.4 204.435
400 40 0.091 8208.43 81058.4 188.076
400 40 0.101 7616.35 75534.6 172.748
400 40 0.111 7135.19 71092.8 159.426
400 40 0.121 6681.02 66817.5 148.436
400 40 0.131 6217.68 62527.8 134.062
400 40 0.141 5771.25 58320.9 123.638
400 40 0.151 5386.64 54790.4 114.581
400 40 0.161 5024.56 51412.8 106.434
400 40 0.171 4675.73 48195.3 101.152
400 40 0.181 4364.83 45266.7 94.3794
400 40 0.191 4121.37 42987.9 88.611
400 40 0.201 3802.9 40041.3 81.9825
400 40 0.211 3605.93 38186.1 78.2019
400 40 0.221 3330.56 35620.8 74.2343
400 40 0.231 3165.05 34066.2 71.3264
400 40 0.241 2976.11 32354.3 67.9827
400 40 0.251 2762.61 30377.2 64.3295
400 40 0.261 2644.09 29270.1 64.3612
400 40 0.271 2454.18 27526.6 60.8792
400 40 0.281 2350.55 26556.9 61.058
400 40 0.291 2193.59 25065.1 58.4498
400 40 0.301 2109.56 24310.7 58.484
400 40 0.311 1993.05 23227.8 58.1309
400 40 0.321 1913.16 22454.9 57.886
400 40 0.331 1828.87 21710.8 57.4836
400 40 0.341 1740.23 20888.1 57.4427
400 40 0.351 1661.01 20128 57.468
400 40 0.361 1600.85 19591.5 58.4524
400 40 0.371 1511.16 18787.3 58.4831
400 40 0.381 1456.76 18239.7 59.3969
400 40 0.391 1393.93 17636.1 60.3089
400 40 0.401 1344.41 17154.9 60.6908
400 40 0.411 1297.42 16744.6 61.8239
400 40 0.421 1244.95 16277.4 62.9794
400 40 0.431 1196.59 15832.7 63.8267
400 40 0.441 1158.5 15450.7 64.3912
400 40 0.451 1123.31 15172.6 65.9888
400 40 0.461 1087.01 14807.7 66.8295
400 40 0.471 1052.23 14461.6 68.1355
400 40 0.481 1020.57 14211.2 69.5002
400 40 0.491 982.802 13832.9 70.7692
400 40 0.501 961.228 13637.8 72.8896
400 40 0.511 921.491 13246.2 74.6471
400 40 0.521 906.555 13088 74.9222
400 40 0.531 877.861 12838.3 76.543
400 40 0.541 841.846 12494.1 77.9389
400 40 0.551 831.85 12409.8 79.2494
400 40 0.561 810.866 12194.7 80.3774
400 40 0.571 779.315 11914.8 82.1419
400 40 0.581 768.135 11778.5 83.2708
400 40 0.591 753.703 11678.4 85.1647
400 40 0.601 726.588 11405.3 86.6652
400 40 0.611 704.501 11145.5 87.4384
400 40 0.621 686.843 11035.9 90.1961
400 40 0.631 673.754 10886.6 92.3806
400 40 0.641 653.716 10705.6 94.0469
400 40 0.651 633.912 10505.6 95.5484
400 40 0.661 629.369 10480.3 97.4829
400 40 0.671 614.099 10314.6 97.4689
400 40 0.681 594.978 10117.9 97.818
400 40 0.691 586.019 10030.8 99.7009
400 40 0.701 574.009 9878.33 100.247
400 40 0.711 560.459 9795.8 103.033
400 40 0.721 542.776 9596.62 104.17
400 40 0.731 535.899 9550.58 105.801
400 40 0.741 524.485 9373.55 106.765
400 40 0.751 507.504 9251.68 108.927
400 40 0.761 501.222 9153.76 109.601
400 40 0.771 492.88 9055.03 111.708
400 40 0.781 483.725 8953.06 112.716
400 40 0.791 470.481 8873.9 115.198
400 40 0.801 464.785 8807.28 117.005
400 40 0.811 455.511 8721.27 118.395
400 40 0.821 445.901 8624.38 120.354
400 40 0.831 436.688 8531.11 122.03
400 40 0.841 427.72 8415.54 122.994
400 40 0.851 420.739 8353.4 124.785
400 40 0.861 415.172 8256.5 125.738
400 40 0.871 404.959 8174.7 128.084
400 40 0.881 396.927 8096.56 129.229
400 40 0.891 387.617 7971.98 131.23
400 40 0.901 379.852 7890.39 134.732
400 40 0.911 375.611 7872.04 135.085
400 40 0.921 367.048 7730.43 136.122
400 40 0.931 359.355 7676.29 138.259
400 40 0.941 353.601 7604.89 142.209
400 40 0.951 348.378 7508.76 141.618
400 40 0.961 342.293 7447.35 143.23
400 40 0.971 335.708 7399.23 144.921
400 40 0.981 330.455 7361.84 147.858
400 40 0.991 322.671 7235.65 148.484
400 40 1.001 319.232 7202.06 151.16
400 40 1.011 311.601 7108.98 152.886
400 40 1.021 304.846 7017.7 154.51
400 40 1.031 302.081 7001.23 156.449
400 40 1.041 299.18 6948.64 157.978
400 40 1.051 289.397 6827.25 159.159
400 40 1.061 288.277 6807.3 161.626
400 40 1.071 282.233 6750.09 163.743
400 40 1.081 278.724 6707.27 165.482
400 40 1.091 274.663 6648.75 165.279
400 40 1.101 270.313 6571.98 165.578
400 40 1.111 265.684 6518.56 166.52
400 40 1.121 262.043 6476.22 164.471
400 40 1.131 259.683 6426.66 164.783
400 40 1.141 255.321 6388.44 164.88
400 40 1.151 252.268 6307.63 165.161
400 40 1.161 250.335 6289.69 165.745
400 40 1.171 246.4 6233.14 164.798
400 40 1.181 244.931 6221.18 165.396
400 40 1.191 239.578 6168.99 165.084
400 40 1.201 238.418 6119.55 164.366
400 40 1.211 234.553 6065.23 164.394
400 40 1.221 233.669 6046.27 164.708
400 40 1.231 230.44 5993.89 164.898
400 40 1.241 227.866 5944.1 167.266
400 40 1.251 224.331 5905.28 166.816
400 40 1.261 223.502 5890.98 167.287
400 40 1.271 220.462 5822.62 166.208
400 40 1.281 217.955 5791.02 165.638
400 40 1.291 215.757 5753.49 165.258
400 40 1.301 213.577 5698.95 164.877
400 40 1.311 212.411 5689.43 165.399
400 40 1.321 209.806 5660.63 164.568
400 40 1.331 206.874 5619.91 163.71
400 40 1.341 205.211 5604.98 163.127
400 40 1.351 204.654 5567.76 164.003
400 40 1.361 202.343 5508.01 163.086
400 40 1.371 200.119 5490.73 163.155
400 40 1.381 198.748 5432.36 161.754
400 40 1.391 196.444 5412.92 161.404
400 40 1.401 194.866 5373.8 161.33
400 40 1.411 193.013 5350.51 160.34
400 40 1.421 191.634 5326.91 160.308
400 40 1.431 191.067 5290.57 159.572
400 40 1.441 189.143 5264.78 158.727
400 40 1.451 187.787 5244.39 158.102
400 40 1.461 185.56 5181.26 156.146
400 40 1.471 184.546 5152.04 154.218
400 40 1.481 182.925 5115.83 153.081
400 40 1.491 182.18 5096.56 152.314
400 40 1.501 181.131 5087.82 152.919
400 40 1.511 179.306 5045.97 152.455
400 40 1.521 177.364 4990.04 150.321
400 40 1.531 176.693 4965.66 150.061
400 40 1.541 176.276 4963.61 149.758
400 40 1.551 174.319 4928.5 147.695
400 40 1.561 173.682 4905.81 147.209
400 40 1.571 172.491 4877.96 146.177
400 40 1.581 170.618 4830.27 144.137
400 40 1.591 169.802 4812.89 143.255
400 40 1.601 169.187 4776.34 141.94
400 40 1.611 167.482 4747.13 140.525
400 40 1.621 166.526 4723.18 139.215
400 40 1.631 165.03 4673.26 137.405
400 40 1.641 163.659 4646.86 135.745
400 40 1.651 162.097 4600.5 133.679
400 40 1.661 161.504 4593.53 132.363
400 40 1.671 160.3 4538.24 131.051
400 40 1.681 159.287 4532.55 129.376
400 40 1.691 159.09 4524.52 129.625
400 40 1.701 157.79 4472.91 127.418
400 40 1.711 156.898 4456.45 126.346
400 40 1.721 156.058 4432.23 124.642
400 40 1.731 155.355 4395.78 123.679
400 40 1.741 154.481 4387.01 122.665
400 40 1.751 154.433 4379.93 121.96
400 40 1.761 153.11 4340.45 120.144
400 40 1.771 153.077 4332.14 119.35
400 40 1.781 152.293 4307.86 117.676
400 40 1.791 151.847 4296.32 116.735
400 40 1.801 151.122 4259.21 114.923
400 40 1.811 150.416 4238.43 113.338
400 40 1.821 150.117 4220.8 112.797
400 40 1.831 149.987 4216.83 111.934
400 40 1.841 148.626 4180.4 110.278
400 40 1.851 148.648 4164.83 108.575
400 40 1.861 148.262 4148.1 107.866
400 40 1.871 147.62 4124.76 106.597
400 40 1.881 146.714 4088.61 104.416
400 40 1.891 146.55 4082.42 103.945
400 40 1.901 146.18 4062.93 102.68
400 40 1.911 145.902 4045.88 102.226
400 40 1.921 145.237 4020.04 100.392
400 40 1.931 145.639 4023.91 99.6434
400 40 1.941 144.159 3968.17 96.7931
400 40 1.951 144.53 3972.74 96.8623
400 40 1.961 143.539 3938.18 94.8438
400 40 1.971 143.458 3922.68 93.3759
400 40 1.981 143.445 3909.25 92.1887
400 40 1.991 142.47 3872.56 89.8167
