200 10 0.001 1718.12 26393.8 3.2268
200 10 0.011 1688.9 25967.6 3.6832
200 10 0.021 1660.24 25548.9 3.8257
200 10 0.031 1628.01 25079.4 4.2719
200 10 0.041 1594.02 24584.2 4.345
200 10 0.051 1555.48 24021.9 4.8629
200 10 0.061 1527 23604.2 5.3305
200 10 0.071 1497.02 23167.5 5.634
200 10 0.081 1455 22556 6.0799
200 10 0.091 1420.48 22051.9 6.5384
200 10 0.101 1388.93 21590.9 7.2955
200 10 0.111 1355.35 21106.6 7.5009
200 10 0.121 1323.72 20643.5 8.0568
200 10 0.131 1283.74 20062.6 8.5532
200 10 0.141 1243.41 19475.8 9.149
200 10 0.151 1209.46 18983 10.399
200 10 0.161 1178.49 18529.4 11.9606
200 10 0.171 1151.56 18137.3 12.0586
200 10 0.181 1120.41 17683.9 12.0474
200 10 0.191 1077.58 17062.8 12.2253
200 10 0.201 1046.53 16609.7 12.7516
200 10 0.211 1017.44 16182.2 13.5877
200 10 0.221 989.556 15784.5 14.117
200 10 0.231 959.011 15338.7 15.7867
200 10 0.241 916.561 14724.2 15.4689
200 10 0.251 897.482 14444.8 15.7957
200 10 0.261 872.494 14082.5 16.2789
200 10 0.271 837.43 13575.1 16.9393
200 10 0.281 811.033 13194.9 17.6189
200 10 0.291 789.581 12878.2 18.179
200 10 0.301 761.669 12476.7 19.0056
200 10 0.311 728.303 11998.2 19.9785
200 10 0.321 707.438 11691.9 20.8703
200 10 0.331 683.95 11355.6 21.4545
200 10 0.341 662.968 11049.9 21.8264
200 10 0.351 644.12 10777.3 22.875
200 10 0.361 605.56 10223.2 23.4492
200 10 0.371 595.164 10071.5 23.8029
200 10 0.381 567.562 9668.3 24.7223
200 10 0.391 540.513 9289.88 25.35
200 10 0.401 532.86 9168.88 25.3201
200 10 0.411 521.336 9004.05 25.8889
200 10 0.421 493.564 8600.02 26.708
200 10 0.431 476.363 8353.16 27.3572
200 10 0.441 460.39 8124.64 29.7337
200 10 0.451 441.434 7851.37 29.7365
200 10 0.461 429.372 7678.31 30.1985
200 10 0.471 414.632 7460.98 29.6159
200 10 0.481 393.862 7163.53 30.2749
200 10 0.491 380.751 6979.67 30.9443
200 10 0.501 367.226 6784.21 31.4724
200 10 0.511 353.036 6578.41 32.6521
200 10 0.521 337.224 6349.51 34.3292
200 10 0.531 325.587 6186.6 32.9152
200 10 0.541 313.779 6017.71 32.9906
200 10 0.551 300.472 5822.46 34.0784
200 10 0.561 287.176 5638.51 34.5492
200 10 0.571 275.032 5466.43 34.962
200 10 0.581 272.128 5416.22 35.3631
200 10 0.591 256.543 5201.76 37.1154
200 10 0.601 245.847 5045.56 38.2221
200 10 0.611 235.26 4893.95 38.3682
200 10 0.621 226.155 4766.43 37.2619
200 10 0.631 218.899 4660.85 37.7941
200 10 0.641 206.666 4491.71 38.3017
200 10 0.651 203.265 4436.6 39.3035
200 10 0.661 192.426 4284.77 40.1984
200 10 0.671 184.521 4172.03 42.3479
200 10 0.681 179.911 4106.58 41.6463
200 10 0.691 175.9 4047.46 42.9036
200 10 0.701 168.552 3946.51 43.8465
200 10 0.711 158.602 3806.2 42.953
200 10 0.721 151.497 3706.86 42.6687
200 10 0.731 145.132 3615.93 43.1603
200 10 0.741 141.398 3557.9 44.6061
200 10 0.751 137.843 3510.27 44.6148
200 10 0.761 131.448 3423.27 44.1667
200 10 0.771 127.52 3362.77 44.7166
200 10 0.781 123.944 3312.95 45.3123
200 10 0.791 117.01 3221.08 45.9268
200 10 0.801 114.108 3177.03 46.5983
200 10 0.811 111.563 3141.94 49.3143
200 10 0.821 107.061 3075.52 48.3867
200 10 0.831 103.715 3023.84 48.6339
200 10 0.841 98.7593 2954.09 48.6092
200 10 0.851 95.2712 2909.54 51.1025
200 10 0.861 91.9096 2864.45 51.6307
200 10 0.871 89.6656 2831.23 51.6626
200 10 0.881 86.7248 2792.67 50.2595
200 10 0.891 83.6575 2745.57 49.151
200 10 0.901 79.7153 2693.17 49.5789
200 10 0.911 78.3131 2674.77 49.8688
200 10 0.921 76.9159 2653.38 50.3591
200 10 0.931 73.8572 2612.01 50.7676
200 10 0.941 69.8397 2555.11 51.0699
200 10 0.951 69.5357 2549.06 51.443
200 10 0.961 66.31 2505.82 51.9791
200 10 0.971 64.9745 2487.54 52.378
200 10 0.981 63.8648 2471.27 52.6606
200 10 0.991 62.0996 2443.56 52.771
200 10 1.001 60.2758 2417.33 53.6691
200 10 1.011 57.6777 2384.35 54.3185
200 10 1.021 55.9051 2355.87 54.4411
200 10 1.031 54.9931 2345.48 55.1219
200 10 1.041 54.0228 2333.9 55.5677
200 10 1.051 52.0696 2302.89 55.8668
200 10 1.061 50.8294 2286.61 55.7376
200 10 1.071 50.1282 2276.35 56.1193
200 10 1.081 48.3992 2251.66 56.3213
200 10 1.091 46.8342 2228.52 56.3263
200 10 1.101 46.1873 2219.04 57.1964
200 10 1.111 45.1234 2203.29 60.1633
200 10 1.121 44.3989 2190.82 59.6832
200 10 1.131 44.0847 2187.4 58.6955
200 10 1.141 42.7969 2165.23 58.4724
200 10 1.151 41.2438 2143.16 58.7133
200 10 1.161 40.9955 2140.75 58.8793
200 10 1.171 40.1238 2126.76 58.7941
200 10 1.181 39.0417 2111.61 58.8805
200 10 1.191 38.5563 2102.89 58.5838
200 10 1.201 37.5525 2085.12 58.4466
200 10 1.211 36.4881 2070.35 58.4495
200 10 1.221 36.1563 2062.41 58.626
200 10 1.231 35.5791 2056.68 58.5624
200 10 1.241 34.5779 2035.41 59.434
200 10 1.251 33.9924 2030.21 59.5465
200 10 1.261 33.3148 2017.34 59.1967
200 10 1.271 32.8431 2008.88 59.0067
200 10 1.281 32.0705 1998.13 57.7152
200 10 1.291 31.5536 1986.47 58.7809
200 10 1.301 30.5865 1974.06 56.2711
200 10 1.311 30.3453 1967.09 55.548
200 10 1.321 29.6828 1956.31 55.3279
200 10 1.331 29.1538 1946.78 55.0943
200 10 1.341 28.5955 1937.28 55.0293
200 10 1.351 28.2189 1929.37 54.8194
200 10 1.361 27.5747 1920.09 54.7232
200 10 1.371 26.8712 1906.88 54.1
200 10 1.381 26.4061 1897.13 53.9166
200 10 1.391 25.9139 1887.73 53.706
200 10 1.401 25.474 1884.14 53.7148
200 10 1.411 25.2107 1877.11 53.5011
200 10 1.421 24.4164 1863.79 53.0954
200 10 1.431 24.1463 1855.71 52.8782
200 10 1.441 23.6013 1848.4 52.733
200 10 1.451 23.14 1840.61 52.7024
200 10 1.461 22.8023 1831.38 52.2467
200 10 1.471 22.1801 1819.48 51.6229
200 10 1.481 21.7432 1814.33 51.514
200 10 1.491 21.4346 1807.78 51.0981
200 10 1.501 20.8948 1799.54 50.8687
200 10 1.511 20.4406 1790.06 50.4383
200 10 1.521 20.3144 1784.89 50.394
200 10 1.531 19.955 1780.11 50.1697
200 10 1.541 19.5537 1769.44 49.6032
200 10 1.551 19.0659 1761.02 49.0637
200 10 1.561 18.6657 1754.15 48.7804
200 10 1.571 18.2837 1745.16 49.7688
200 10 1.581 17.7524 1736.29 51.0162
200 10 1.591 17.565 1729.66 51.2499
200 10 1.601 17.3834 1725.24 49.8334
200 10 1.611 16.9704 1720.32 49.1536
200 10 1.621 16.8123 1714.2 48.4202
200 10 1.631 16.3004 1704.54 48.0608
200 10 1.641 15.9975 1693.95 47.5918
200 10 1.651 15.8811 1693.71 48.1166
200 10 1.661 15.7374 1688.84 47.6575
200 10 1.671 15.3962 1680.97 47.2118
200 10 1.681 14.9874 1673.22 46.8485
200 10 1.691 14.6688 1667.39 45.6429
200 10 1.701 14.5491 1661.14 45.6977
200 10 1.711 14.2317 1654.85 43.5464
200 10 1.721 13.9974 1648.41 42.7767
200 10 1.731 13.6215 1638.57 42.1277
200 10 1.741 13.4971 1637.32 41.9647
200 10 1.751 13.1203 1628.47 41.41
200 10 1.761 12.8035 1621.78 40.7854
200 10 1.771 12.6674 1616.84 40.5833
200 10 1.781 12.3844 1609.96 39.9612
200 10 1.791 12.0888 1602.26 41.8438
200 10 1.801 11.8064 1596.01 40.3621
200 10 1.811 11.7422 1592.8 39.1869
200 10 1.821 11.4169 1585.99 39.3652
200 10 1.831 11.1625 1580.42 41.4569
200 10 1.841 10.924 1574.55 40.6129
200 10 1.851 10.5777 1565.91 38.3574
200 10 1.861 10.5106 1564.09 36.9597
200 10 1.871 10.2515 1557.72 36.506
200 10 1.881 9.9513 1550.05 35.9884
200 10 1.891 9.8715 1547.62 35.7827
200 10 1.901 9.601 1539.36 35.3174
200 10 1.911 9.4091 1536.34 34.758
200 10 1.921 9.2218 1529.36 34.4347
200 10 1.931 9.0564 1527.14 33.9412
200 10 1.941 8.7675 1520.94 32.9405
200 10 1.951 8.5034 1511.45 32.3726
200 10 1.961 8.4011 1508.27 32.1681
200 10 1.971 8.2471 1504.92 31.8612
200 10 1.981 8.0684 1499.75 31.2137
200 10 1.991 7.8197 1492.43 30.6843
200 20 0.001 3432.68 46980.9 9.2222
200 20 0.011 3320.06 45488.8 9.4749
200 20 0.021 3204.16 43954 9.9039
200 20 0.031 3074.61 42238.7 10.4513
200 20 0.041 2947.76 40555.4 10.4898
200 20 0.051 2831.3 39012.6 9.7827
200 20 0.061 2709.83 37404.4 10.4078
200 20 0.071 2579.89 35687.3 10.9713
200 20 0.081 2437.28 33800.2 11.5571
200 20 0.091 2345.65 32584.1 12.143
200 20 0.101 2222.27 30950 12.6337
200 20 0.111 2109.05 29452.1 12.9573
200 20 0.121 2005.8 28090.9 13.7046
200 20 0.131 1911.66 26848 14.1524
200 20 0.141 1798.57 25347.4 14.8311
200 20 0.151 1699 24034.9 15.3851
200 20 0.161 1613.7 22905.2 16.2338
200 20 0.171 1528.37 21778 17.4885
200 20 0.181 1427.76 20451 18.4888
200 20 0.191 1363.52 19604.1 18.9692
200 20 0.201 1258.71 18222.5 19.9374
200 20 0.211 1200.33 17451.5 20.4353
200 20 0.221 1135.97 16602.3 21.5545
200 20 0.231 1052.97 15502.9 22.5807
200 20 0.241 991.843 14705.9 23.339
200 20 0.251 925.571 13835.5 24.1491
200 20 0.261 891.286 13381.1 23.0047
200 20 0.271 820.503 12454.9 23.6164
200 20 0.281 779.624 11913.3 25.2772
200 20 0.291 731.088 11274.9 25.878
200 20 0.301 682.549 10638.4 25.7662
200 20 0.311 635.177 10016.8 27.4186
200 20 0.321 597.094 9515.71 28.4052
200 20 0.331 567.982 9134.36 28.7842
200 20 0.341 527.126 8596.69 29.3301
200 20 0.351 489.523 8107.84 29.9228
200 20 0.361 457.876 7692.38 29.3974
200 20 0.371 430.373 7338.57 30.1848
200 20 0.381 403.708 6982.38 30.4061
200 20 0.391 383.225 6719.53 30.7941
200 20 0.401 352.024 6311.49 31.5383
200 20 0.411 331.86 6051.66 32.2353
200 20 0.421 320.466 5905.22 30.8332
200 20 0.431 289.388 5501.6 33.0687
200 20 0.441 282.423 5414.26 33.3443
200 20 0.451 260.974 5135.81 33.5854
200 20 0.461 245.571 4933.58 33.8584
200 20 0.471 232.785 4765.85 34.3454
200 20 0.481 215.317 4541.48 34.8263
200 20 0.491 204.12 4397.55 35.3417
200 20 0.501 194.05 4265.59 35.5679
200 20 0.511 184.317 4145.06 35.8171
200 20 0.521 172.301 3989.86 36.3754
200 20 0.531 163.992 3878.38 36.4609
200 20 0.541 155.206 3768.95 37.0234
200 20 0.551 144.885 3635.27 38.0162
200 20 0.561 140.587 3579.12 37.7267
200 20 0.571 132.476 3475.12 38.1618
200 20 0.581 125.796 3394.83 38.7861
200 20 0.591 117.596 3292.5 38.8984
200 20 0.601 115.309 3262.83 39.1473
200 20 0.611 109.616 3184.76 39.7719
200 20 0.621 104.59 3121.7 40.4622
200 20 0.631 100.441 3072.82 40.6263
200 20 0.641 95.3423 3009.77 38.7115
200 20 0.651 91.7203 2959.62 38.8285
200 20 0.661 91.5714 2960.92 39.2764
200 20 0.671 87.6873 2909.43 39.9804
200 20 0.681 82.263 2844.75 41.1795
200 20 0.691 79.7255 2809.78 41.2576
200 20 0.701 76.8077 2777.38 42.2199
200 20 0.711 75.718 2758.72 40.3465
200 20 0.721 72.3658 2720.82 40.6045
200 20 0.731 69.867 2689.26 40.9796
200 20 0.741 68.9599 2678.22 41.1733
200 20 0.751 66.382 2643.87 41.3101
200 20 0.761 64.1106 2614.84 42.0198
200 20 0.771 62.0338 2595.05 43.4802
200 20 0.781 61.1999 2579 43.7295
200 20 0.791 60.09 2563.86 42.9353
200 20 0.801 57.6617 2536.42 43.2527
200 20 0.811 56.7133 2522.35 43.6391
200 20 0.821 55.883 2511.65 43.6805
200 20 0.831 54.2196 2492.04 43.9695
200 20 0.841 53.0139 2474.6 44.3797
200 20 0.851 51.4675 2456.11 44.7949
200 20 0.861 49.8544 2437.29 45.245
200 20 0.871 49.3508 2430.81 47.7117
200 20 0.881 47.8662 2413.34 45.9359
200 20 0.891 47.2398 2400.61 46.3095
200 20 0.901 45.8086 2385.92 47.4588
200 20 0.911 44.8228 2370.48 48.6638
200 20 0.921 44.3313 2362.94 48.1334
200 20 0.931 43.6905 2352.44 49.2437
200 20 0.941 42.739 2341.68 48.2203
200 20 0.951 41.2269 2323.46 48.356
200 20 0.961 40.6677 2317.64 48.8191
200 20 0.971 39.9359 2304.63 48.843
200 20 0.981 38.9247 2297.23 49.4298
200 20 0.991 38.133 2282.86 49.954
200 20 1.001 37.6064 2275.1 50.3897
200 20 1.011 36.4514 2258.72 50.6276
200 20 1.021 35.7319 2250.29 50.8545
200 20 1.031 35.4533 2247.42 51.5036
200 20 1.041 34.371 2232.01 51.602
200 20 1.051 34.0259 2223.76 52.9645
200 20 1.061 33.2182 2213.98 54.1708
200 20 1.071 32.6205 2207.27 53.7408
200 20 1.081 32.3755 2203.62 54.8052
200 20 1.091 31.4241 2189.54 55.2221
200 20 1.101 30.9005 2180.69 54.8447
200 20 1.111 30.5997 2175.95 53.5912
200 20 1.121 29.9676 2168.19 53.6636
200 20 1.131 29.3641 2159.69 53.7774
200 20 1.141 28.747 2149.76 54.0671
200 20 1.151 28.0954 2142.3 53.7644
200 20 1.161 27.9784 2139.97 54.1344
200 20 1.171 27.0742 2126.01 53.6828
200 20 1.181 27.1021 2128.57 53.9396
200 20 1.191 26.1828 2112.89 53.7982
200 20 1.201 26.0729 2111.05 53.9486
200 20 1.211 25.6284 2105.16 54.0325
200 20 1.221 25.1266 2098.96 54.1606
200 20 1.231 24.6005 2086.9 53.6719
200 20 1.241 24.2801 2082.24 53.6062
200 20 1.251 23.719 2074.52 53.4721
200 20 1.261 23.4578 2071.77 53.4271
200 20 1.271 23.0946 2066.2 53.3965
200 20 1.281 22.6225 2058.71 53.2082
200 20 1.291 22.2668 2051.42 53.2299
200 20 1.301 21.8685 2044.39 53.0547
200 20 1.311 21.5401 2042.14 53.0547
200 20 1.321 21.0771 2035.92 53.0389
200 20 1.331 20.7257 2026.55 52.6356
200 20 1.341 20.3376 2022.35 52.6908
200 20 1.351 20.0959 2017.61 54.2874
200 20 1.361 19.5249 2006.36 52.6876
200 20 1.371 19.3252 2004.55 52.1637
200 20 1.381 19.1162 1999.28 53.8242
200 20 1.391 18.6177 1993.75 53.2647
200 20 1.401 18.3641 1989.82 53.4251
200 20 1.411 18.1194 1983.48 53.2786
200 20 1.421 17.8523 1981.33 53.2063
200 20 1.431 17.3365 1969.7 52.3104
200 20 1.441 17.1509 1968.27 49.6776
200 20 1.451 16.8128 1962.73 49.3359
200 20 1.461 16.5797 1957.82 49.5202
200 20 1.471 16.3506 1955.4 51.6593
200 20 1.481 16.1937 1951.61 51.7851
200 20 1.491 15.6047 1941.48 48.2835
200 20 1.501 15.3638 1938.09 47.8189
200 20 1.511 15.1452 1933.06 47.5639
200 20 1.521 14.8801 1928.68 47.3364
200 20 1.531 14.6086 1922.64 47.0503
200 20 1.541 14.4115 1919.15 46.8028
200 20 1.551 14.0724 1913.01 46.4718
200 20 1.561 13.8732 1909.84 46.3225
200 20 1.571 13.6919 1906.45 46.2333
200 20 1.581 13.3404 1899.94 45.6128
200 20 1.591 13.0286 1894.36 45.3607
200 20 1.601 12.9132 1890.58 44.8731
200 20 1.611 12.7453 1888.28 44.9093
200 20 1.621 12.403 1880.28 44.5132
200 20 1.631 12.2937 1876.95 44.169
200 20 1.641 12.0677 1873.21 44.7763
200 20 1.651 11.9086 1872.49 47.2144
200 20 1.661 11.6498 1864.24 44.4722
200 20 1.671 11.4565 1861.59 43.1258
200 20 1.681 11.1216 1853.99 42.6572
200 20 1.691 11.0644 1850.97 42.4622
200 20 1.701 10.807 1845.97 42.1627
200 20 1.711 10.7541 1843.64 41.7443
200 20 1.721 10.5704 1839 41.617
200 20 1.731 10.2425 1834.2 41.3945
200 20 1.741 10.2545 1832.53 44.047
200 20 1.751 9.9668 1826.46 41.5563
200 20 1.761 9.7711 1823.04 41.5516
200 20 1.771 9.6278 1818.83 43.0721
200 20 1.781 9.5812 1817.87 42.6642
200 20 1.791 9.209 1810.38 42.1314
200 20 1.801 9.0056 1806.3 41.8006
200 20 1.811 9.0293 1807.66 39.2602
200 20 1.821 8.7875 1801.54 37.9713
200 20 1.831 8.5679 1797.5 37.466
200 20 1.841 8.4975 1793.45 37.273
200 20 1.851 8.2557 1788.02 36.9576
200 20 1.861 8.0475 1784.2 36.3185
200 20 1.871 7.9988 1784.08 35.9943
200 20 1.881 7.8213 1779.82 35.6302
200 20 1.891 7.7231 1777.93 35.4089
200 20 1.901 7.4686 1772.21 34.9066
200 20 1.911 7.3497 1769.79 34.311
200 20 1.921 7.2534 1768.29 34.1108
200 20 1.931 7.1569 1766.32 33.8299
200 20 1.941 7.0399 1762.02 33.4433
200 20 1.951 6.8945 1759.08 33.0253
200 20 1.961 6.7382 1756.27 32.6146
200 20 1.971 6.5492 1752.56 32.2661
200 20 1.981 6.4376 1747.95 31.6383
200 20 1.991 6.3328 1747.74 31.2057
200 30 0.001 4944.68 65141.4 8.0219
200 30 0.011 4713.25 62174.8 8.5147
200 30 0.021 4456.81 58888.4 9.0588
200 30 0.031 4214.98 55789 9.5836
200 30 0.041 3977.37 52741 10.0564
200 30 0.051 3707.93 49295.8 10.9394
200 30 0.061 3472.93 46282.7 11.5458
200 30 0.071 3217.49 43011.3 12.3144
200 30 0.081 2987 40057.9 13.0103
200 30 0.091 2761.14 37174.5 13.7235
200 30 0.101 2559.24 34583.7 14.7415
200 30 0.111 2381.43 32310.7 15.3887
200 30 0.121 2190.13 29864.4 16.2428
200 30 0.131 2037.45 27910.3 16.5743
200 30 0.141 1878.39 25879 17.1586
200 30 0.151 1728.4 23962.7 17.9733
200 30 0.161 1561.19 21829.6 18.719
200 30 0.171 1424.73 20087.2 19.5692
200 30 0.181 1317.69 18725 20.2414
200 30 0.191 1216.8 17436.6 20.8757
200 30 0.201 1136.41 16407.9 21.4251
200 30 0.211 1045.92 15252.3 21.8339
200 30 0.221 931.829 13802.9 22.7141
200 30 0.231 865.731 12959.8 22.9818
200 30 0.241 770.164 11753.1 23.6242
200 30 0.251 725.601 11182.6 23.9733
200 30 0.261 662.094 10380.5 24.6148
200 30 0.271 597.749 9561.39 25.0291
200 30 0.281 525.938 8655.11 25.6317
200 30 0.291 506.132 8399.29 26.1106
200 30 0.301 457.714 7788.97 26.5078
200 30 0.311 416.758 7273.4 27.29
200 30 0.321 392.006 6960.98 27.5746
200 30 0.331 351.305 6441.76 28.0582
200 30 0.341 328.027 6150.15 28.7036
200 30 0.351 296.105 5749.06 28.9342
200 30 0.361 271.794 5440.64 29.0646
200 30 0.371 251.889 5196.74 29.4718
200 30 0.381 226.115 4872.32 29.7732
200 30 0.391 215.997 4747.9 30.0899
200 30 0.401 200.122 4551.7 30.5659
200 30 0.411 183.944 4346.35 31.0264
200 30 0.421 171.97 4206.12 31.2857
200 30 0.431 164.513 4107.08 31.4219
200 30 0.441 148.902 3915.47 31.5761
200 30 0.451 141.99 3825.59 31.6941
200 30 0.461 132.331 3707.79 32.2611
200 30 0.471 125.464 3623.19 32.3701
200 30 0.481 116.959 3520.92 32.8264
200 30 0.491 110.056 3438.99 33.1255
200 30 0.501 109.149 3428.84 33.3933
200 30 0.511 100.208 3316.78 33.8134
200 30 0.521 98.8039 3302.28 34.0025
200 30 0.531 93.4881 3238.32 34.3697
200 30 0.541 89.7642 3190.97 34.5847
200 30 0.551 86.0591 3151.5 35.2718
200 30 0.561 84.413 3126.08 35.3653
200 30 0.571 78.4999 3056.33 35.8939
200 30 0.581 77.5078 3044.74 36.2702
200 30 0.591 74.0015 3002.16 36.2861
200 30 0.601 72.0095 2980.99 37.2231
200 30 0.611 70.2468 2958.42 39.426
200 30 0.621 67.1572 2921.93 39.5402
200 30 0.631 67.4238 2924.21 39.0948
200 30 0.641 64.0222 2885.02 39.7145
200 30 0.651 62.3543 2865.64 42.4236
200 30 0.661 60.8669 2845.85 41.5151
200 30 0.671 58.4199 2815.66 39.4741
200 30 0.681 58.8157 2822.91 39.7377
200 30 0.691 56.1885 2786.12 39.9121
200 30 0.701 55.5703 2783.97 40.3843
200 30 0.711 54.2148 2765.99 40.7627
200 30 0.721 52.7894 2749.67 40.9965
200 30 0.731 51.3836 2732.11 41.3879
200 30 0.741 50.7672 2726.5 41.7474
200 30 0.751 49.427 2708.8 42.1451
200 30 0.761 49.0122 2704.17 42.454
200 30 0.771 47.9014 2683.8 42.6176
200 30 0.781 46.3669 2671.51 43.2218
200 30 0.791 45.9078 2662.72 43.3694
200 30 0.801 44.6904 2649.29 43.9161
200 30 0.811 44.0366 2640.72 44.1676
200 30 0.821 43.6072 2634.81 44.3002
200 30 0.831 42.3764 2618.49 44.8036
200 30 0.841 41.4366 2611.27 45.4451
200 30 0.851 40.3691 2593.91 45.542
200 30 0.861 39.545 2586 46.2313
200 30 0.871 39.0312 2577.63 46.599
200 30 0.881 38.3886 2569.62 46.7567
200 30 0.891 37.4235 2559.24 47.8622
200 30 0.901 36.9783 2547.58 52.2499
200 30 0.911 36.3238 2544.73 52.8062
200 30 0.921 35.1366 2529.98 51.558
200 30 0.931 34.8924 2522.83 50.0279
200 30 0.941 34.3515 2519.12 50.6163
200 30 0.951 33.6582 2507.22 50.9783
200 30 0.961 32.6761 2493.69 51.3111
200 30 0.971 32.6649 2494.41 51.6861
200 30 0.981 31.6258 2481.47 52.3026
200 30 0.991 31.0455 2471.72 52.6173
200 30 1.001 30.3591 2461.77 53.1218
200 30 1.011 29.7498 2453.34 53.3888
200 30 1.021 29.1708 2445.69 56.8809
200 30 1.031 28.6051 2439.58 53.8452
200 30 1.041 28.0703 2430.12 54.102
200 30 1.051 27.6003 2427.84 55.6516
200 30 1.061 26.9193 2416.92 55.9668
200 30 1.071 26.6112 2411.22 56.8683
200 30 1.081 26.2202 2405.03 55.1867
200 30 1.091 25.555 2398.18 53.9684
200 30 1.101 25.0992 2391.4 54.0779
200 30 1.111 24.8845 2385.29 54.2196
200 30 1.121 24.4628 2379.58 54.3457
200 30 1.131 23.8648 2371.87 54.4567
200 30 1.141 23.8053 2370.16 54.4505
200 30 1.151 23.2692 2363.36 54.5716
200 30 1.161 22.7169 2356.72 54.5961
200 30 1.171 22.4114 2353.02 54.5295
200 30 1.181 22.0984 2346.21 54.6677
200 30 1.191 21.7758 2344.84 54.7728
200 30 1.201 21.4592 2336.52 54.5069
200 30 1.211 21.0111 2330.65 54.62
200 30 1.221 20.7406 2325.42 54.6019
200 30 1.231 20.3563 2320.46 54.6962
200 30 1.241 20.0059 2314.92 55.4376
200 30 1.251 19.765 2312.72 57.7212
200 30 1.261 19.155 2302.16 55.4044
200 30 1.271 19.1441 2301.54 54.5267
200 30 1.281 18.7095 2294.69 54.5367
200 30 1.291 18.4521 2292.7 54.8176
200 30 1.301 18.043 2284.9 54.4162
200 30 1.311 17.7709 2284.41 54.4591
200 30 1.321 17.5496 2278.9 54.2426
200 30 1.331 17.1315 2272.57 54.0807
200 30 1.341 17.032 2271.17 54.0728
200 30 1.351 16.8763 2267.83 54.0003
200 30 1.361 16.2641 2258.47 55.1414
200 30 1.371 16.2419 2257.87 56.5446
200 30 1.381 15.7591 2253.32 53.5847
200 30 1.391 15.5821 2247.6 52.6574
200 30 1.401 15.3608 2245.6 52.6172
200 30 1.411 15.1229 2246.02 52.4764
200 30 1.421 14.8628 2235.18 52.0662
200 30 1.431 14.7232 2234.65 52.1929
200 30 1.441 14.3954 2229.39 52.0097
200 30 1.451 13.9946 2223.03 55.264
200 30 1.461 13.9197 2223.69 54.7767
200 30 1.471 13.6752 2217.86 53.5592
200 30 1.481 13.3583 2211.27 54.4277
200 30 1.491 13.3617 2212.82 54.8122
200 30 1.501 13.0838 2206.62 53.7735
200 30 1.511 12.6428 2201.82 53.6889
200 30 1.521 12.5576 2198.77 54.0038
200 30 1.531 12.3022 2191.61 53.2456
200 30 1.541 12.1825 2190.32 53.188
200 30 1.551 11.8973 2187.15 52.8331
200 30 1.561 11.7303 2184.43 51.6181
200 30 1.571 11.3816 2178.55 49.0741
200 30 1.581 11.2746 2174.75 48.9747
200 30 1.591 11.0871 2169.9 48.5211
200 30 1.601 10.9038 2169.04 48.2942
200 30 1.611 10.7553 2164.29 48.0437
200 30 1.621 10.5803 2161.22 47.5887
200 30 1.631 10.3659 2157.1 47.1054
200 30 1.641 10.243 2151.52 46.5528
200 30 1.651 10.1178 2152.04 49.5919
200 30 1.661 9.898 2147.17 49.0808
200 30 1.671 9.7791 2143.74 46.768
200 30 1.681 9.6659 2140.72 46.4113
200 30 1.691 9.4317 2138.26 46.0004
200 30 1.701 9.3515 2135.28 45.8951
200 30 1.711 9.1524 2131.35 45.4153
200 30 1.721 9.0678 2132.17 45.5342
200 30 1.731 8.8144 2125.74 44.3021
200 30 1.741 8.6325 2122.01 43.4761
200 30 1.751 8.511 2117.2 43.0391
200 30 1.761 8.4301 2116.24 43.0108
200 30 1.771 8.2308 2110.72 42.5173
200 30 1.781 8.1207 2110.85 42.1371
200 30 1.791 7.9441 2106.73 41.6428
200 30 1.801 7.8492 2106.26 41.3881
200 30 1.811 7.7584 2102.1 41.2619
200 30 1.821 7.6507 2100.95 40.4293
200 30 1.831 7.4575 2096.67 39.9222
200 30 1.841 7.3377 2094.05 39.4322
200 30 1.851 7.178 2092.73 39.0976
200 30 1.861 7.0737 2088.27 38.6606
200 30 1.871 6.883 2085.67 38.2246
200 30 1.881 6.887 2085.01 40.2242
200 30 1.891 6.7697 2082.4 38.5986
200 30 1.901 6.6106 2078.81 37.6396
200 30 1.911 6.491 2075.57 40.5477
200 30 1.921 6.3895 2075.19 40.3338
200 30 1.931 6.2562 2072.26 37.7826
200 30 1.941 6.1566 2071.2 36.2732
200 30 1.951 6.0276 2067.6 35.5242
200 30 1.961 5.8916 2063.63 34.9617
200 30 1.971 5.7535 2061.2 34.6766
200 30 1.981 5.6523 2058.76 34.206
200 30 1.991 5.5536 2056.82 33.6741
200 40 0.001 6251.44 80838.1 168.096
200 40 0.011 5864.12 75955.2 158.769
200 40 0.021 5436.39 70566.8 148.51
200 40 0.031 5037.35 65539 138.653
200 40 0.041 4619.76 60279.2 128.77
200 40 0.051 4236.33 55451.3 119.585
200 40 0.061 3839.53 50453.9 109.568
200 40 0.071 3552.89 46845 102.708
200 40 0.081 3213.69 42574.1 94.5603
200 40 0.091 2921.5 38895.6 87.5807
200 40 0.101 2617.66 35079.8 80.5416
200 40 0.111 2372.12 31996.7 74.7601
200 40 0.121 2120 28825.9 69.0311
200 40 0.131 1956.93 26774.4 65.3991
200 40 0.141 1717.21 23768.5 60.0026
200 40 0.151 1546.44 21616.2 57.3258
200 40 0.161 1399.4 19784 54.1724
200 40 0.171 1253.8 17948.3 50.7211
200 40 0.181 1092.77 15935.5 47.3842
200 40 0.191 974.774 14457.5 43.9584
200 40 0.201 865.315 13097.2 41.6712
200 40 0.211 766.888 11860.3 39.6409
200 40 0.221 697.294 10992.6 38.282
200 40 0.231 634.95 10210.6 37.0193
200 40 0.241 566.464 9360.21 35.9158
200 40 0.251 497.443 8497.63 34.6516
200 40 0.261 452.337 7935.6 34.033
200 40 0.271 404.212 7342.87 33.9724
200 40 0.281 377.782 7016.66 35.0528
200 40 0.291 331.027 6437.68 34.3539
200 40 0.301 284.393 5863.02 33.2905
200 40 0.311 264.252 5613.77 33.674
200 40 0.321 242.122 5336.19 31.3332
200 40 0.331 217.642 5036.17 30.7824
200 40 0.341 198.318 4803.92 31.908
200 40 0.351 179.011 4564.12 31.9227
200 40 0.361 173.922 4508.79 32.1731
200 40 0.371 153.95 4265.35 32.0706
200 40 0.381 136.684 4052.19 32.1688
200 40 0.391 133.422 4012.24 32.3299
200 40 0.401 124.306 3903.85 32.7647
200 40 0.411 117.244 3815.17 32.9468
200 40 0.421 109.065 3722.11 33.1016
200 40 0.431 103.004 3647 33.4197
200 40 0.441 98.5601 3598.14 33.5332
200 40 0.451 94.76 3551.19 33.9604
200 40 0.461 87.5038 3462.82 34.0638
200 40 0.471 85.9692 3444.84 34.3762
200 40 0.481 80.4351 3382.86 34.9111
200 40 0.491 77.9613 3353.82 35.5746
200 40 0.501 75.9241 3330.08 46.4466
200 40 0.511 73.4587 3303.31 46.4578
200 40 0.521 71.545 3279.53 43.1529
200 40 0.531 68.8377 3248.79 36.6001
200 40 0.541 66.6599 3223.87 35.6781
200 40 0.551 64.842 3201.74 36.1089
200 40 0.561 63.4195 3183.97 36.3082
200 40 0.571 61.5413 3164.37 43.7402
200 40 0.581 60.7008 3151.97 53.9857
200 40 0.591 58.2411 3126.79 49.8706
200 40 0.601 57.186 3118.97 45.9792
200 40 0.611 56.9139 3110.7 37.8269
200 40 0.621 55.2677 3090.21 38.1318
200 40 0.631 53.6735 3070.52 38.5742
200 40 0.641 52.7593 3061.11 39.1238
200 40 0.651 51.1784 3046.14 39.4246
200 40 0.661 50.0668 3030.43 39.6528
200 40 0.671 49.8129 3026.35 39.9707
200 40 0.681 48.2669 3005.18 40.3788
200 40 0.691 47.4737 2996.33 40.9675
200 40 0.701 46.6648 2989.28 41.113
200 40 0.711 45.2789 2971.92 41.5153
200 40 0.721 45.0284 2967.25 41.7001
200 40 0.731 43.6853 2952.77 42.3919
200 40 0.741 42.7342 2941.7 42.7797
200 40 0.751 42.0042 2932.06 42.9103
200 40 0.761 41.4309 2924.08 43.276
200 40 0.771 40.4014 2908.49 43.6663
200 40 0.781 39.8182 2905.17 44.3379
200 40 0.791 39.0292 2895.24 44.7025
200 40 0.801 37.885 2876.71 44.6125
200 40 0.811 37.2907 2872.16 45.1988
200 40 0.821 37.0148 2867.26 47.8117
200 40 0.831 36.0838 2857.9 50.3135
200 40 0.841 35.4531 2848.53 49.8316
200 40 0.851 35.2143 2844.21 48.0899
200 40 0.861 34.1077 2831.07 48.5002
200 40 0.871 33.6868 2823.54 50.1513
200 40 0.881 32.9097 2816.85 52.6865
200 40 0.891 32.2905 2808.05 52.7977
200 40 0.901 31.5008 2796.19 53.2679
200 40 0.911 31.2147 2793.17 53.3133
200 40 0.921 30.5734 2782.83 53.9346
200 40 0.931 29.7301 2773.83 54.0051
200 40 0.941 29.5924 2770.7 52.5235
200 40 0.951 28.6578 2762.53 52.9544
200 40 0.961 28.0609 2751.26 53.8279
200 40 0.971 27.676 2745.73 53.7418
200 40 0.981 27.3937 2743.81 54.4314
200 40 0.991 27.0326 2737.62 54.7455
200 40 1.001 26.2167 2724.23 55.2572
200 40 1.011 25.7217 2716.73 55.708
200 40 1.021 25.1088 2707.85 55.9784
200 40 1.031 24.7812 2704.53 56.5381
200 40 1.041 24.2627 2697.69 56.8899
200 40 1.051 23.7697 2691.78 57.1913
200 40 1.061 23.3989 2688.14 57.4663
200 40 1.071 22.9541 2678.53 57.6872
200 40 1.081 22.461 2670.23 57.7318
200 40 1.091 22.1478 2667 57.6414
200 40 1.101 21.7572 2660.7 58.1017
200 40 1.111 21.4243 2654.83 58.1633
200 40 1.121 21.0795 2650.62 58.0809
200 40 1.131 20.8919 2648.47 58.4575
200 40 1.141 20.4664 2642.88 58.6805
200 40 1.151 20.256 2638.88 58.6171
200 40 1.161 19.6945 2631.09 58.6657
200 40 1.171 19.6095 2630.92 59.4797
200 40 1.181 19.1746 2623.87 59.3887
200 40 1.191 18.8612 2621.43 59.5169
200 40 1.201 18.5571 2614.78 59.4358
200 40 1.211 18.4342 2613.44 59.5408
200 40 1.221 18.032 2609.03 59.421
200 40 1.231 17.8416 2605.36 59.5188
200 40 1.241 17.5455 2601.36 59.4654
200 40 1.251 17.363 2601.1 59.3852
200 40 1.261 16.8443 2593.58 59.2276
200 40 1.271 16.7528 2592.6 59.2043
200 40 1.281 16.403 2586.02 58.8016
200 40 1.291 16.1461 2580.06 59.0817
200 40 1.301 15.8485 2580.01 58.939
200 40 1.311 15.5932 2575.39 58.7485
200 40 1.321 15.2971 2570.9 58.5222
200 40 1.331 15.0847 2565.93 58.7499
200 40 1.341 14.8518 2563.37 58.5728
200 40 1.351 14.5598 2560.27 58.3407
200 40 1.361 14.4656 2557.03 58.187
200 40 1.371 14.0863 2552.33 57.7269
200 40 1.381 13.9305 2550.26 57.0442
200 40 1.391 13.8455 2548.45 57.5197
200 40 1.401 13.5684 2545.18 58.0857
200 40 1.411 13.1678 2538.1 58.6753
200 40 1.421 12.9842 2535.07 58.03
200 40 1.431 12.9711 2534.02 56.1522
200 40 1.441 12.6886 2530.71 57.3128
200 40 1.451 12.4628 2526.84 55.5951
200 40 1.461 12.2577 2522.5 55.5433
200 40 1.471 12.0612 2518.7 54.7379
200 40 1.481 11.8216 2514.69 54.827
200 40 1.491 11.6747 2513.47 54.6898
200 40 1.501 11.5333 2512.65 54.3533
200 40 1.511 11.3565 2507.55 54.1733
200 40 1.521 11.118 2504.22 53.9335
200 40 1.531 11.0066 2502.22 55.1454
200 40 1.541 10.6278 2495.35 56.5649
200 40 1.551 10.5856 2496.12 54.4419
200 40 1.561 10.3296 2490.1 55.555
200 40 1.571 10.1566 2487.61 52.9819
200 40 1.581 9.9685 2482.12 52.2133
200 40 1.591 9.7526 2479.89 51.9961
200 40 1.601 9.6457 2477.93 54.2016
200 40 1.611 9.5207 2472 51.6339
200 40 1.621 9.4354 2472.64 50.8798
200 40 1.631 9.2719 2470.03 53.0563
200 40 1.641 9.1615 2467.89 53.4038
200 40 1.651 8.9947 2463.86 53.325
200 40 1.661 8.8587 2460.19 52.8083
200 40 1.671 8.8171 2460.52 50.2474
200 40 1.681 8.5734 2458.03 49.6957
200 40 1.691 8.3874 2451.83 49.0905
200 40 1.701 8.2629 2449.66 48.8222
200 40 1.711 8.1749 2448.09 48.5575
200 40 1.721 8.0843 2447.48 48.3578
200 40 1.731 7.9154 2441.89 47.7283
200 40 1.741 7.7454 2440.27 49.1532
200 40 1.751 7.6591 2437.47 45.7484
200 40 1.761 7.4574 2434.33 45.0859
200 40 1.771 7.373 2433.15 44.7674
200 40 1.781 7.3631 2433.72 44.878
200 40 1.791 7.1666 2428.62 44.3696
200 40 1.801 7.0086 2425.25 43.8886
200 40 1.811 6.871 2421.15 43.3118
200 40 1.821 6.892 2422.45 43.1543
200 40 1.831 6.7579 2420.04 42.7611
200 40 1.841 6.6138 2418.28 42.4026
200 40 1.851 6.5096 2415.11 41.7987
200 40 1.861 6.3304 2414.21 41.6114
200 40 1.871 6.1833 2410.98 41.1963
200 40 1.881 6.1486 2407.91 40.6226
200 40 1.891 6.0115 2405.84 43.7437
200 40 1.901 5.9197 2403.58 41.0754
200 40 1.911 5.8125 2402.92 40.0477
200 40 1.921 5.7024 2400.26 39.5287
200 40 1.931 5.6233 2396.48 39.1087
200 40 1.941 5.5323 2398.67 38.79
200 40 1.951 5.404 2394.19 38.0607
200 40 1.961 5.3118 2391.47 37.5916
200 40 1.971 5.2336 2387.93 37.09
200 40 1.981 5.1131 2387.39 36.8055
200 40 1.991 5.0229 2384.15 36.2325
300 10 0.001 2616.75 39773.6 3.1281
300 10 0.011 2579.06 39223.5 3.4111
300 10 0.021 2533.07 38551.7 4.0615
300 10 0.031 2480.62 37785.5 4.6766
300 10 0.041 2433.76 37101.2 5.0541
300 10 0.051 2374.66 36239.1 5.8392
300 10 0.061 2334.3 35648.3 6.4894
300 10 0.071 2278.51 34834.2 7.2508
300 10 0.081 2224.86 34047.7 7.6571
300 10 0.091 2168.6 33231.6 8.3701
300 10 0.101 2111.59 32405.1 9.2347
300 10 0.111 2057.01 31607.9 9.9793
300 10 0.121 2000.53 30781.4 11.1327
300 10 0.131 1953.35 30089.3 11.7079
300 10 0.141 1906.57 29404.8 12.19
300 10 0.151 1841.54 28466.5 12.9829
300 10 0.161 1795.27 27789.8 13.7446
300 10 0.171 1740.69 26995.5 14.7699
300 10 0.181 1678.8 26094.9 15.4692
300 10 0.191 1634.01 25440.6 16.1048
300 10 0.201 1597.39 24901.5 16.8717
300 10 0.211 1554.91 24288.8 17.6408
300 10 0.221 1501.07 23506.3 19.0742
300 10 0.231 1459.92 22906.7 19.5922
300 10 0.241 1412.98 22224 20.2017
300 10 0.251 1333.4 21073.7 21.0853
300 10 0.261 1316.57 20827.1 21.924
300 10 0.271 1279.45 20286.9 22.7016
300 10 0.281 1227.88 19541 24.0698
300 10 0.291 1194.72 19059.3 25.0233
300 10 0.301 1138.44 18245 26.0393
300 10 0.311 1109.71 17816 26.3216
300 10 0.321 1079.22 17378.7 27.2364
300 10 0.331 1037 16765.6 28.31
300 10 0.341 997.719 16199.1 28.8409
300 10 0.351 981.425 15959.9 29.864
300 10 0.361 949.804 15504.2 30.5416
300 10 0.371 898.563 14768.5 31.5768
300 10 0.381 866.789 14305.2 32.2855
300 10 0.391 840.108 13916.2 34.1287
300 10 0.401 809.657 13482 33.5615
300 10 0.411 779.004 13033.1 33.8635
300 10 0.421 747.55 12577.4 34.7652
300 10 0.431 732.271 12353.9 35.3838
300 10 0.441 698.401 11869.9 36.1902
300 10 0.451 672.732 11500 37.1256
300 10 0.461 637.899 10995.8 38.1428
300 10 0.471 619.46 10732.3 38.815
300 10 0.481 593.994 10362.1 39.7039
300 10 0.491 586.965 10259.5 40.1303
300 10 0.501 548.251 9712.17 41.1422
300 10 0.511 530.722 9451.95 42.0988
300 10 0.521 509.503 9151.46 42.7911
300 10 0.531 487.951 8831.18 43.4562
300 10 0.541 471.017 8600.61 44.0551
300 10 0.551 455.766 8368.66 44.8135
300 10 0.561 437.377 8117.13 45.6971
300 10 0.571 420.691 7876.24 46.4082
300 10 0.581 398.402 7555.18 48.1134
300 10 0.591 388.764 7420.57 48.7722
300 10 0.601 369.902 7144.16 49.5205
300 10 0.611 358.544 6982.88 50.363
300 10 0.621 335.973 6662.32 49.2738
300 10 0.631 325.351 6521.14 50.4886
300 10 0.641 320.719 6437.96 50.8382
300 10 0.651 303.098 6193.08 51.6471
300 10 0.661 294.635 6070.64 52.1974
300 10 0.671 281.554 5885.64 52.9331
300 10 0.681 271.425 5743.37 53.3387
300 10 0.691 261.604 5603.97 54.1171
300 10 0.701 253.625 5480.93 54.7119
300 10 0.711 236.905 5250 55.5786
300 10 0.721 235.045 5215.9 56.0098
300 10 0.731 224.474 5073.94 56.6021
300 10 0.741 215.691 4945.09 57.6263
300 10 0.751 209.024 4853.49 57.7451
300 10 0.761 197.079 4681.87 58.4859
300 10 0.771 194.113 4639.9 59.3741
300 10 0.781 187.115 4541.39 59.7973
300 10 0.791 177.655 4411.78 60.5029
300 10 0.801 170.786 4306.15 60.7531
300 10 0.811 165.56 4239.36 63.2186
300 10 0.821 159.578 4153.33 63.0238
300 10 0.831 152.909 4059.08 62.4657
300 10 0.841 150.608 4029.16 63.3898
300 10 0.851 143.135 3926.22 63.9556
300 10 0.861 139.583 3867.85 64.2663
300 10 0.871 135.025 3807.95 65.3139
300 10 0.881 130.866 3748 65.4616
300 10 0.891 125.866 3673.5 66.2099
300 10 0.901 121.336 3613.59 67.0135
300 10 0.911 118.857 3575.87 68.1374
300 10 0.921 114.379 3513.7 70.6963
300 10 0.931 110.922 3469.01 69.7946
300 10 0.941 108.071 3431.49 69.3004
300 10 0.951 105.339 3385.68 69.7336
300 10 0.961 101.273 3335.01 70.4804
300 10 0.971 97.7296 3281.49 72.4257
300 10 0.981 95.2002 3239.04 73.9298
300 10 0.991 93.2276 3221.96 74.8546
300 10 1.001 89.2072 3161.67 75.1029
300 10 1.011 87.1446 3130.91 75.931
300 10 1.021 84.1166 3094.77 76.7848
300 10 1.031 81.8636 3057.95 77.1908
300 10 1.041 80.89 3042.24 78.7038
300 10 1.051 78.0204 3003.27 77.5051
300 10 1.061 75.7904 2975.2 79.5031
300 10 1.071 73.9459 2943.63 79.4594
300 10 1.081 72.7036 2922.89 79.9048
300 10 1.091 71.9702 2917.53 80.2167
300 10 1.101 69.2454 2875.61 80.4249
300 10 1.111 68.2426 2856.16 79.9715
300 10 1.121 65.8783 2827.3 80.0184
300 10 1.131 64.6494 2804.95 81.2296
300 10 1.141 63.2904 2786.12 80.5294
300 10 1.151 62.7663 2774.2 81.599
300 10 1.161 61.5625 2757.97 81.1332
300 10 1.171 59.6878 2728.77 81.5272
300 10 1.181 58.4909 2717.5 78.8175
300 10 1.191 57.2689 2688.79 78.7023
300 10 1.201 56.2961 2674.92 81.2547
300 10 1.211 55.9017 2666.88 81.6967
300 10 1.221 53.9409 2635.63 81.0525
300 10 1.231 53.1977 2624.89 79.2137
300 10 1.241 51.7391 2599.01 78.4757
300 10 1.251 50.7839 2585.29 79.7013
300 10 1.261 50.095 2571.81 79.3932
300 10 1.271 48.601 2546.48 77.5621
300 10 1.281 47.8618 2540.74 76.6616
300 10 1.291 47.1116 2521.77 76.4359
300 10 1.301 46.0007 2503.4 75.9493
300 10 1.311 44.7655 2487.75 75.951
300 10 1.321 44.2364 2473.69 75.7926
300 10 1.331 43.5301 2461.88 76.8579
300 10 1.341 42.4225 2445.47 77.4956
300 10 1.351 42.0645 2435.95 77.2386
300 10 1.361 41.0689 2421.19 76.6683
300 10 1.371 40.4542 2410.07 77.3676
300 10 1.381 39.4916 2392.99 76.7603
300 10 1.391 38.4347 2371.45 75.0492
300 10 1.401 37.8657 2362.42 74.9763
300 10 1.411 37.0924 2348.72 75.5791
300 10 1.421 36.475 2337.64 75.3053
300 10 1.431 35.2713 2316.51 74.464
300 10 1.441 35.4384 2317.38 74.8699
300 10 1.451 34.4433 2299.67 74.2604
300 10 1.461 33.634 2284.3 73.6382
300 10 1.471 33.4742 2280.14 74.017
300 10 1.481 32.6642 2262.14 72.8798
300 10 1.491 31.603 2243.64 71.2493
300 10 1.501 31.4551 2236.81 71.256
300 10 1.511 30.7549 2229.03 70.4966
300 10 1.521 30.0343 2214.92 70.4198
300 10 1.531 29.2539 2196.18 70.4195
300 10 1.541 28.6885 2187.73 70.6332
300 10 1.551 28.0946 2176.52 70.0956
300 10 1.561 27.5564 2162.92 67.1783
300 10 1.571 27.1995 2155.94 67.7023
300 10 1.581 26.4478 2142.28 68.4155
300 10 1.591 25.8775 2129.92 66.216
300 10 1.601 25.8259 2126.13 65.5016
300 10 1.611 25.3866 2120.99 65.4127
300 10 1.621 24.7781 2107.18 64.4276
300 10 1.631 24.5591 2100.5 64.0195
300 10 1.641 23.9655 2085.94 63.7548
300 10 1.651 23.3728 2075.58 63.4209
300 10 1.661 23.1579 2066.5 63.8013
300 10 1.671 22.7482 2054.69 63.7652
300 10 1.681 22.2657 2045.7 63.2254
300 10 1.691 21.7306 2034.19 62.5607
300 10 1.701 21.4595 2030.03 62.577
300 10 1.711 21.0945 2019.83 61.7762
300 10 1.721 20.7309 2008.24 61.2814
300 10 1.731 20.452 2002.64 59.7803
300 10 1.741 19.7653 1987.1 57.7821
300 10 1.751 19.455 1980.58 57.1108
300 10 1.761 18.9954 1967.55 56.3103
300 10 1.771 18.7066 1960.6 56.2186
300 10 1.781 18.3864 1953.33 56.0575
300 10 1.791 17.8735 1941.91 55.1189
300 10 1.801 17.5952 1932.87 54.3879
300 10 1.811 17.1066 1920.41 53.4569
300 10 1.821 16.9662 1916.04 53.1748
300 10 1.831 16.4961 1908.52 52.604
300 10 1.841 16.1266 1897.66 51.8029
300 10 1.851 15.9695 1893.8 51.5541
300 10 1.861 15.5729 1882.84 50.8991
300 10 1.871 15.1726 1871.25 49.8908
300 10 1.881 14.8088 1860.63 48.2373
300 10 1.891 14.4579 1853.25 47.537
300 10 1.901 14.2917 1849.2 47.2288
300 10 1.911 13.8099 1836.78 46.0621
300 10 1.921 13.5235 1828.93 45.7937
300 10 1.931 13.2626 1823.34 45.2114
300 10 1.941 12.9554 1813.06 44.3877
300 10 1.951 12.6929 1805.99 43.8474
300 10 1.961 12.4561 1798.72 43.2033
300 10 1.971 12.0858 1789.9 42.3807
300 10 1.981 11.767 1782.28 41.7472
300 10 1.991 11.5553 1778.5 41.4821
300 20 0.001 5325 72278.8 5.8127
300 20 0.011 5168.42 70201.9 6.2878
300 20 0.021 4986.64 67788.1 6.9104
300 20 0.031 4775.6 64990.7 8.0291
300 20 0.041 4596.68 62613.9 8.9443
300 20 0.051 4379.17 59738.2 10.8587
300 20 0.061 4161.95 56862.7 11.6021
300 20 0.071 3992 54607.8 12.4565
300 20 0.081 3814.94 52257.7 13.2026
300 20 0.091 3630.05 49805.3 14.0836
300 20 0.101 3469.04 47676 14.1382
300 20 0.111 3255.89 44852.3 15.6146
300 20 0.121 3124.69 43110.6 16.7939
300 20 0.131 2937.96 40645.8 17.3652
300 20 0.141 2782.88 38582.9 17.4665
300 20 0.151 2660.98 36972 18.1363
300 20 0.161 2495.13 34780.8 19.0291
300 20 0.171 2346.48 32821.9 20.0298
300 20 0.181 2199.87 30880.5 21.4229
300 20 0.191 2084.72 29356.6 22.3442
300 20 0.201 1956.42 27663.5 23.3728
300 20 0.211 1835.28 26068.2 24.0174
300 20 0.221 1759.85 25062.8 24.7639
300 20 0.231 1648.07 23589.7 25.9634
300 20 0.241 1531.2 22051.6 26.9389
300 20 0.251 1428.15 20683.2 27.9156
300 20 0.261 1350.07 19669.3 28.6842
300 20 0.271 1273.95 18654 29.1735
300 20 0.281 1175.52 17361.8 29.9753
300 20 0.291 1095.17 16305.3 31.1979
300 20 0.301 1049.3 15696 32.0513
300 20 0.311 978.877 14774.7 32.835
300 20 0.321 917.487 13970.6 33.2419
300 20 0.331 866.59 13301.4 33.5128
300 20 0.341 810.316 12560.6 34.0687
300 20 0.351 752.963 11805.5 35.5199
300 20 0.361 728.26 11476.4 35.7971
300 20 0.371 663.955 10646.7 36.4874
300 20 0.381 628.018 10172.4 37.239
300 20 0.391 589.367 9666.82 37.6747
300 20 0.401 544.391 9079.09 38.5367
300 20 0.411 512.335 8651.84 38.9312
300 20 0.421 476.222 8195.52 39.6087
300 20 0.431 450.284 7847.67 39.946
300 20 0.441 425.187 7529.85 40.3436
300 20 0.451 406.888 7279.6 41.0735
300 20 0.461 375.085 6872.3 42.0799
300 20 0.471 353.094 6586.16 41.7124
300 20 0.481 329.539 6276.31 41.3179
300 20 0.491 312.11 6058.98 43.4946
300 20 0.501 288.668 5755.03 43.9039
300 20 0.511 274.05 5558.64 43.6369
300 20 0.521 260.793 5386.61 44.1687
300 20 0.531 252.743 5283.41 44.3665
300 20 0.541 232.299 5023.51 44.8486
300 20 0.551 221.282 4883.32 45.1456
300 20 0.561 207.333 4703.33 45.437
300 20 0.571 199.513 4604.35 45.8565
300 20 0.581 191.688 4500.78 46.2262
300 20 0.591 181.599 4375.86 46.7588
300 20 0.601 173.659 4283 47.344
300 20 0.611 165.832 4170.21 47.3066
300 20 0.621 157.021 4062.33 47.9521
300 20 0.631 153.633 4021.16 48.3241
300 20 0.641 148.19 3946.65 48.6972
300 20 0.651 141.485 3865.6 49.1498
300 20 0.661 135.484 3786.58 49.7213
300 20 0.671 130.102 3716.53 49.9586
300 20 0.681 126.171 3673.81 50.405
300 20 0.691 119.949 3595.25 50.9131
300 20 0.701 116.549 3550.46 51.2017
300 20 0.711 113.452 3507.07 51.4551
300 20 0.721 109.457 3458.49 52.0991
300 20 0.731 106.113 3417.09 52.2288
300 20 0.741 101.682 3364.26 52.8239
300 20 0.751 100.493 3346.44 53.104
300 20 0.761 97.4061 3311.97 53.6088
300 20 0.771 94.8952 3276.16 53.8361
300 20 0.781 92.5848 3247.26 54.4033
300 20 0.791 89.7563 3208.88 54.7605
300 20 0.801 87.9717 3191.5 55.5929
300 20 0.811 84.8861 3152.89 56.5294
300 20 0.821 82.8967 3127.19 56.9748
300 20 0.831 81.2448 3106.59 57.2116
300 20 0.841 79.3209 3081.65 57.9329
300 20 0.851 77.5487 3059.52 58.2466
300 20 0.861 76.0585 3035.78 58.7082
300 20 0.871 74.3937 3016.49 59.1988
300 20 0.881 72.9709 2994.85 59.4116
300 20 0.891 71.7864 2980.38 59.8127
300 20 0.901 69.7337 2956.58 60.2479
300 20 0.911 67.741 2929.42 60.2464
300 20 0.921 67.5753 2924.71 60.918
300 20 0.931 65.2765 2894.98 61.2324
300 20 0.941 64.1861 2882.92 61.5573
300 20 0.951 62.1438 2858.55 61.9691
300 20 0.961 61.6211 2852.07 62.9781
300 20 0.971 59.8884 2827.05 63.1228
300 20 0.981 58.7801 2816.16 63.6858
300 20 0.991 58.2655 2799.67 65.5439
300 20 1.001 56.5121 2778.63 66.0496
300 20 1.011 55.1286 2764.99 66.1
300 20 1.021 54.4087 2751.34 65.4157
300 20 1.031 52.9876 2737.36 66.1701
300 20 1.041 52.0256 2718.58 66.6032
300 20 1.051 51.2559 2712.1 67.0464
300 20 1.061 50.0258 2696.46 67.6539
300 20 1.071 49.6644 2690.14 67.8149
300 20 1.081 48.1736 2669.57 67.9583
300 20 1.091 47.117 2658.72 69.1148
300 20 1.101 46.5174 2649.5 70.0239
300 20 1.111 45.4316 2632.35 70.1366
300 20 1.121 44.995 2623.62 70.0289
300 20 1.131 44.0724 2608.39 68.9404
300 20 1.141 43.1828 2594.42 70.1781
300 20 1.151 42.339 2584.49 70.0974
300 20 1.161 41.6971 2574.54 70.5057
300 20 1.171 40.9185 2564.27 70.3825
300 20 1.181 40.313 2549.84 70.2445
300 20 1.191 39.6594 2541.09 70.2117
300 20 1.201 39.1029 2530.96 70.2079
300 20 1.211 38.5871 2524.43 70.4913
300 20 1.221 37.2806 2503.48 69.7226
300 20 1.231 37.46 2508.62 70.0875
300 20 1.241 36.367 2494.55 70.0518
300 20 1.251 35.875 2486.26 70.055
300 20 1.261 35.1281 2473.14 69.5203
300 20 1.271 34.1184 2458.3 69.4457
300 20 1.281 34.192 2460.57 69.9246
300 20 1.291 33.299 2444.61 69.3971
300 20 1.301 32.5057 2430.95 69.2201
300 20 1.311 32.3481 2428.18 69.0312
300 20 1.321 31.439 2416.36 68.4334
300 20 1.331 31.3535 2412.41 69.1757
300 20 1.341 30.655 2397.43 69.2729
300 20 1.351 30.2373 2399.36 68.9704
300 20 1.361 29.5585 2382.79 68.7348
300 20 1.371 29.181 2378.52 66.9745
300 20 1.381 28.6056 2366.45 66.4911
300 20 1.391 28.0376 2359.3 66.3016
300 20 1.401 27.7911 2351.91 66.2406
300 20 1.411 27.2321 2344.35 66.0638
300 20 1.421 26.7167 2336.38 65.8777
300 20 1.431 26.169 2325.51 65.5926
300 20 1.441 25.7396 2319.81 65.3706
300 20 1.451 25.0769 2309.86 65.0314
300 20 1.461 24.839 2303.08 64.4889
300 20 1.471 24.3031 2292.84 63.8883
300 20 1.481 23.9041 2285 63.7569
300 20 1.491 23.5579 2282.12 63.8241
300 20 1.501 22.941 2270.98 63.9916
300 20 1.511 22.5636 2264.27 64.6883
300 20 1.521 22.1184 2254.03 64.2199
300 20 1.531 21.7498 2248.62 64.8905
300 20 1.541 21.5065 2241.38 64.4978
300 20 1.551 21.1364 2237.96 64.442
300 20 1.561 20.75 2228.27 63.6025
300 20 1.571 20.4393 2223.76 63.4937
300 20 1.581 19.8785 2212.61 62.9218
300 20 1.591 19.6901 2210.6 63.2747
300 20 1.601 19.3708 2201.41 62.7567
300 20 1.611 19.0962 2194.71 62.2
300 20 1.621 18.8058 2186.28 61.7219
300 20 1.631 18.3787 2180.2 60.6252
300 20 1.641 17.9005 2170.65 59.8771
300 20 1.651 17.8644 2167.44 59.7175
300 20 1.661 17.5382 2160.53 58.0868
300 20 1.671 17.1733 2151.82 56.235
300 20 1.681 16.8675 2147.1 55.1726
300 20 1.691 16.5388 2138.98 54.6174
300 20 1.701 16.2176 2133.55 54.2035
300 20 1.711 15.8553 2123.94 53.5556
300 20 1.721 15.6225 2120.47 53.2437
300 20 1.731 15.4174 2114.05 52.9015
300 20 1.741 15.0799 2106.81 52.4865
300 20 1.751 14.8938 2100.76 51.6899
300 20 1.761 14.6296 2096.07 51.6386
300 20 1.771 14.4284 2091.83 51.0604
300 20 1.781 14.0001 2081.18 50.2953
300 20 1.791 13.8882 2078.47 49.8763
300 20 1.801 13.6333 2074.58 51.2543
300 20 1.811 13.3082 2067.7 52.2779
300 20 1.821 12.9707 2061.08 52.0207
300 20 1.831 12.9299 2058.08 51.0848
300 20 1.841 12.5722 2056.79 48.5782
300 20 1.851 12.4454 2044.98 47.7786
300 20 1.861 12.0753 2040.55 47.3833
300 20 1.871 11.8957 2036.93 46.5978
300 20 1.881 11.7915 2034.09 46.3717
300 20 1.891 11.4484 2025.65 45.4951
300 20 1.901 11.2395 2021.27 45.0045
300 20 1.911 11.0805 2022.21 44.712
300 20 1.921 10.7396 2011.73 43.6953
300 20 1.931 10.567 2010.51 43.4517
300 20 1.941 10.4355 2004.11 44.1732
300 20 1.951 10.217 2000.96 44.626
300 20 1.961 10.023 1993.66 44.0631
300 20 1.971 9.818 1990.73 43.5786
300 20 1.981 9.5661 1984.1 42.3041
300 20 1.991 9.4285 1983 41.7938
300 30 0.001 7837.29 102447 6.5666
300 30 0.011 7451.19 97492.8 7.5955
300 30 0.021 7087.76 92827.9 8.3678
300 30 0.031 6661.3 87356.1 11.5813
300 30 0.041 6283.79 82512.6 12.5327
300 30 0.051 5877.62 77298.7 13.211
300 30 0.061 5455.43 71888.2 14.1678
300 30 0.071 5110.62 67464.8 15.0561
300 30 0.081 4717.4 62432.2 15.812
300 30 0.091 4379.3 58093.6 16.62
300 30 0.101 4100.25 54512.2 17.3084
300 30 0.111 3791.48 50561.6 17.9187
300 30 0.121 3538.26 47311.3 18.829
300 30 0.131 3205.95 43069.1 19.8262
300 30 0.141 2961.08 39928 20.6173
300 30 0.151 2718.84 36827.2 21.4085
300 30 0.161 2540.04 34534 22.0701
300 30 0.171 2292.31 31373.7 22.8536
300 30 0.181 2102.64 28952.3 24.0069
300 30 0.191 1927.23 26704.7 24.7286
300 30 0.201 1742.67 24349.4 25.8444
300 30 0.211 1636.12 22985.6 26.4043
300 30 0.221 1457.64 20709.8 27.5062
300 30 0.231 1352.54 19366.8 27.8143
300 30 0.241 1231.47 17829.3 28.6854
300 30 0.251 1114.77 16344.9 28.9752
300 30 0.261 1045.59 15461.9 28.6741
300 30 0.271 957.545 14342.6 29.2664
300 30 0.281 863.766 13156.7 30.2776
300 30 0.291 783.501 12125.4 32.2762
300 30 0.301 727.244 11420.9 32.8647
300 30 0.311 658.706 10547.3 33.4223
300 30 0.321 606.535 9883.54 33.9345
300 30 0.331 552.437 9204.1 34.2307
300 30 0.341 495.867 8486.35 34.4836
300 30 0.351 465.191 8098.76 34.786
300 30 0.361 432.221 7684.1 35.279
300 30 0.371 380.477 7034.71 35.9424
300 30 0.381 353.839 6699.18 36.2927
300 30 0.391 339.608 6515.72 36.5613
300 30 0.401 312.504 6177.21 37.0297
300 30 0.411 288.343 5875.13 37.8803
300 30 0.421 268.562 5625.04 39.7955
300 30 0.431 247.318 5361.73 40.0241
300 30 0.441 237.402 5244.95 40.6031
300 30 0.451 219.965 5027.76 38.9246
300 30 0.461 207.988 4873.54 39.327
300 30 0.471 194.978 4718.82 39.9225
300 30 0.481 185.18 4597.87 40.3235
300 30 0.491 173.095 4448.35 40.7499
300 30 0.501 165.247 4347.88 41.054
300 30 0.511 158.339 4272.89 41.6368
300 30 0.521 147.87 4141.49 42.0647
300 30 0.531 140.043 4046.46 42.4383
300 30 0.541 135.68 3986.99 43.686
300 30 0.551 129.357 3914.25 45.849
300 30 0.561 123.825 3850.51 46.4166
300 30 0.571 123.507 3836.4 45.3841
300 30 0.581 117.213 3765.72 44.6756
300 30 0.591 113.083 3715.26 45.2048
300 30 0.601 109.53 3672.24 45.4977
300 30 0.611 106.901 3639.12 45.7841
300 30 0.621 103.739 3609.58 47.1748
300 30 0.631 101.724 3580.03 48.463
300 30 0.641 96.8042 3518.08 47.76
300 30 0.651 93.7069 3488.78 48.336
300 30 0.661 92.6778 3469.82 48.7745
300 30 0.671 90.1679 3439.73 48.9814
300 30 0.681 88.4525 3423.4 49.8314
300 30 0.691 86.3684 3397.99 49.9713
300 30 0.701 83.5481 3363.71 50.4747
300 30 0.711 83.1113 3357 50.9815
300 30 0.721 79.605 3316.53 51.3288
300 30 0.731 78.2478 3299.08 51.8854
300 30 0.741 77.102 3280.66 52.3718
300 30 0.751 74.4788 3252.18 52.1949
300 30 0.761 74.3048 3247.67 52.1798
300 30 0.771 72.3053 3224.47 52.1474
300 30 0.781 70.8074 3203.51 52.6361
300 30 0.791 69.1379 3185.43 53.0404
300 30 0.801 68.0811 3175.61 53.3947
300 30 0.811 66.5268 3155.2 54.0184
300 30 0.821 65.0474 3136.44 56.7895
300 30 0.831 63.9982 3123.46 58.0481
300 30 0.841 63.0099 3109.83 56.3112
300 30 0.851 61.2989 3092.72 59.4403
300 30 0.861 60.1971 3073.74 59.7552
300 30 0.871 59.1206 3061.32 57.6019
300 30 0.881 58.8837 3057.46 58.488
300 30 0.891 57.0009 3030.49 58.3811
300 30 0.901 56.2195 3024.82 59.256
300 30 0.911 54.6471 3001.37 59.6268
300 30 0.921 53.7729 2992.98 60.2185
300 30 0.931 52.6811 2976.97 60.4335
300 30 0.941 51.6974 2963.18 60.8863
300 30 0.951 50.9698 2954.75 61.4336
300 30 0.961 50.1574 2945.54 63.819
300 30 0.971 48.8855 2927.85 64.7574
300 30 0.981 47.7709 2910.57 65.4547
300 30 0.991 46.8124 2900.31 64.3961
300 30 1.001 46.3269 2889.08 63.718
300 30 1.011 45.1992 2874.62 64.4306
300 30 1.021 44.5652 2870.35 67.529
300 30 1.031 43.4403 2855.43 68.4432
300 30 1.041 42.7325 2842.78 68.85
300 30 1.051 41.8989 2831.86 68.6685
300 30 1.061 40.9532 2818.52 69.2272
300 30 1.071 40.6864 2815.31 69.7438
300 30 1.081 39.5778 2803.07 69.6095
300 30 1.091 39.0178 2793.23 69.8311
300 30 1.101 38.4184 2784.89 70.3672
300 30 1.111 37.6332 2770.05 69.8905
300 30 1.121 37.2476 2764.39 70.4387
300 30 1.131 36.3636 2751.17 70.0002
300 30 1.141 35.423 2741.4 70.7057
300 30 1.151 35.1849 2742.26 70.6587
300 30 1.161 34.6828 2729.16 70.7611
300 30 1.171 33.8428 2717.56 70.6088
300 30 1.181 33.6101 2717.36 70.9733
300 30 1.191 32.8764 2703.65 69.7226
300 30 1.201 32.3567 2698.09 68.3434
300 30 1.211 31.964 2692.72 69.8297
300 30 1.221 31.5536 2685.16 69.5491
300 30 1.231 30.7245 2672.74 69.5036
300 30 1.241 29.9753 2659.63 69.0638
300 30 1.251 30.0761 2662.09 69.1941
300 30 1.261 29.5145 2655.75 69.1274
300 30 1.271 28.6269 2639.61 68.4604
300 30 1.281 28.4846 2637.79 68.6348
300 30 1.291 28.1549 2630.75 68.4733
300 30 1.301 27.5971 2623.89 68.3416
300 30 1.311 27.2236 2618.93 68.5337
300 30 1.321 26.6352 2609.62 68.0373
300 30 1.331 26.1922 2605.49 68.168
300 30 1.341 25.846 2598.78 67.8304
300 30 1.351 25.2808 2590.09 67.707
300 30 1.361 24.942 2583.24 67.6422
300 30 1.371 24.4481 2575.44 67.1748
300 30 1.381 24.222 2570.26 67.3175
300 30 1.391 23.7958 2567.5 67.2788
300 30 1.401 23.1115 2555.64 66.8607
300 30 1.411 22.783 2544.92 67.1111
300 30 1.421 22.8065 2551.03 67.3972
300 30 1.431 22.2094 2542.69 66.842
300 30 1.441 21.7384 2533.87 66.5601
300 30 1.451 21.3696 2529.48 67.0746
300 30 1.461 21.1939 2520.96 65.7516
300 30 1.471 20.669 2514.85 65.4513
300 30 1.481 20.3935 2509.8 65.2038
300 30 1.491 19.9495 2502.6 63.9677
300 30 1.501 19.8138 2498.75 63.4246
300 30 1.511 19.3779 2495.05 62.9242
300 30 1.521 18.9201 2486.51 62.4761
300 30 1.531 18.6947 2481.93 63.6281
300 30 1.541 18.4722 2477.41 65.5907
300 30 1.551 18.1686 2471.1 65.0605
300 30 1.561 17.9695 2468.95 65.137
300 30 1.571 17.4791 2457.78 64.2911
300 30 1.581 17.1077 2450.02 64.0371
300 30 1.591 16.7671 2447.92 63.892
300 30 1.601 16.7148 2443.52 63.4238
300 30 1.611 16.2227 2433.03 62.6778
300 30 1.621 16.0029 2430.23 62.5052
300 30 1.631 15.6687 2424.36 59.182
300 30 1.641 15.497 2416.98 60.6817
300 30 1.651 15.3955 2418.12 58.6611
300 30 1.661 15.1074 2407.93 57.9173
300 30 1.671 14.7584 2406.04 57.5028
300 30 1.681 14.4665 2394.05 56.7845
300 30 1.691 14.3316 2392.97 56.6662
300 30 1.701 14.0542 2387.34 56.164
300 30 1.711 13.8042 2384.6 55.8016
300 30 1.721 13.5702 2381.38 55.2555
300 30 1.731 13.3143 2373.22 54.7124
300 30 1.741 13.2129 2372.26 54.8588
300 30 1.751 12.9056 2363.86 53.7703
300 30 1.761 12.7365 2364.18 52.6404
300 30 1.771 12.5092 2355.45 53.9269
300 30 1.781 12.308 2352.2 55.7924
300 30 1.791 12.1287 2352.33 55.4415
300 30 1.801 11.7473 2342.07 51.2025
300 30 1.811 11.5817 2340.09 50.614
300 30 1.821 11.3557 2333.41 50.0474
300 30 1.831 11.2458 2333.01 49.6423
300 30 1.841 11.1338 2329.95 49.3092
300 30 1.851 10.8242 2324.33 48.4645
300 30 1.861 10.7167 2319.64 48.2213
300 30 1.871 10.479 2317.17 50.8444
300 30 1.881 10.2923 2309.61 50.7313
300 30 1.891 10.1345 2309.79 50.5873
300 30 1.901 9.9342 2304.44 49.9909
300 30 1.911 9.6856 2299.25 49.4433
300 30 1.921 9.573 2298.41 47.1609
300 30 1.931 9.3608 2294.42 47.4524
300 30 1.941 9.2173 2289.48 47.4684
300 30 1.951 9.0909 2286.22 47.11
300 30 1.961 8.8342 2278.46 44.0678
300 30 1.971 8.722 2281.64 43.3015
300 30 1.981 8.5546 2273.72 42.4635
300 30 1.991 8.3858 2271.55 41.9379
300 40 0.001 10140.3 130096 269.221
300 40 0.011 9511.84 122166 253.772
300 40 0.021 8839.71 113688 236.526
300 40 0.031 8222.84 105902 221.544
300 40 0.041 7492.51 96691.9 203.672
300 40 0.051 6913.47 89383.5 189.304
300 40 0.061 6216.2 80600.2 172.075
300 40 0.071 5680.67 73845.9 158.715
300 40 0.081 5138.04 67008 145.566
300 40 0.091 4689.18 61347.8 134.477
300 40 0.101 4259.55 55939.4 124.129
300 40 0.111 3808.71 50259.7 112.863
300 40 0.121 3438.89 45607.5 104.068
300 40 0.131 3063.03 40873.2 95.1297
300 40 0.141 2778.45 37300 88.3135
300 40 0.151 2506.98 33878.9 82.1333
300 40 0.161 2260.07 30773.8 76.7791
300 40 0.171 1973.31 27168.9 70.3951
300 40 0.181 1772.57 24653.2 65.8766
300 40 0.191 1571.38 22126.9 61.1151
300 40 0.201 1422.03 20254.7 58.1053
300 40 0.211 1258.86 18207.9 55.914
300 40 0.221 1098.31 16200.6 52.3199
300 40 0.231 1005.29 15026.4 50.9959
300 40 0.241 884.699 13523 48.6955
300 40 0.251 805.929 12534.8 46.5981
300 40 0.261 691.322 11111.3 44.9052
300 40 0.271 620.252 10228.8 43.7187
300 40 0.281 578.324 9700.69 41.4668
300 40 0.291 506.986 8815.22 40.1498
300 40 0.301 459.866 8233 39.5696
300 40 0.311 420.043 7738.44 38.9767
300 40 0.321 371.385 7139.24 38.3586
300 40 0.331 348.811 6851.4 38.2474
300 40 0.341 301.759 6273.28 37.8065
300 40 0.351 285.316 6076.09 37.8309
300 40 0.361 258.806 5746.85 37.7924
300 40 0.371 247.497 5608.84 37.8469
300 40 0.381 225.685 5350.27 37.8808
300 40 0.391 202.043 5055.43 38.0093
300 40 0.401 191.466 4928.58 38.093
300 40 0.411 176.453 4747.85 38.1775
300 40 0.421 166.666 4621.81 38.4689
300 40 0.431 156.437 4508.87 38.7397
300 40 0.441 155.309 4493.7 39.2574
300 40 0.451 142.249 4337.8 39.5096
300 40 0.461 138.778 4293.64 39.7007
300 40 0.471 132.457 4212.1 40.0249
300 40 0.481 127.46 4164.67 40.6191
300 40 0.491 121.244 4091.14 40.8866
300 40 0.501 117.154 4034.9 41.1208
300 40 0.511 112.892 3983.72 41.4109
300 40 0.521 109.081 3939.85 41.8945
300 40 0.531 106.694 3916.96 42.2153
300 40 0.541 104.041 3887.98 43.0354
300 40 0.551 99.6342 3834.17 43.2884
300 40 0.561 95.9444 3796.8 43.9061
300 40 0.571 94.7936 3781.04 44.3177
300 40 0.581 92.2073 3747.9 44.5819
300 40 0.591 89.8864 3722.92 44.987
300 40 0.601 87.4029 3697 45.5402
300 40 0.611 85.5882 3668.87 45.8852
300 40 0.621 84.3838 3656.97 46.3441
300 40 0.631 81.9775 3629.94 47.0494
300 40 0.641 80.4254 3606.46 47.0874
300 40 0.651 78.7547 3590.3 47.5852
300 40 0.661 77.3727 3573.87 48.2085
300 40 0.671 75.8351 3556.9 48.6344
300 40 0.681 73.8495 3531.07 49.0357
300 40 0.691 72.7686 3516.22 49.5023
300 40 0.701 70.9265 3496.34 49.695
300 40 0.711 69.0179 3474.79 50.3157
300 40 0.721 68.6138 3468.09 52.2633
300 40 0.731 66.4799 3445 53.0101
300 40 0.741 65.135 3422.38 53.1457
300 40 0.751 65.5313 3431.02 53.45
300 40 0.761 63.0348 3395.55 53.9805
300 40 0.771 61.9036 3383.94 54.5253
300 40 0.781 61.1754 3375.74 55.0558
300 40 0.791 59.4869 3354.6 55.4026
300 40 0.801 58.5629 3347.2 56.6985
300 40 0.811 57.8781 3331.84 57.0589
300 40 0.821 56.5326 3319.27 56.1823
300 40 0.831 55.6245 3306.17 56.3948
300 40 0.841 54.1578 3292.55 57.2769
300 40 0.851 53.3654 3277.44 57.6393
300 40 0.861 52.7578 3274.76 58.4108
300 40 0.871 51.3198 3253.17 58.4848
300 40 0.881 50.2332 3238.58 58.8247
300 40 0.891 49.5714 3231.14 59.5428
300 40 0.901 48.4003 3214.69 59.9295
300 40 0.911 47.8159 3204.23 60.383
300 40 0.921 46.8489 3195.6 60.9452
300 40 0.931 45.679 3183.11 61.6062
300 40 0.941 45.122 3173.31 62.0044
300 40 0.951 44.2413 3158.89 62.3001
300 40 0.961 43.5329 3149.29 63.298
300 40 0.971 42.7637 3140.23 63.531
300 40 0.981 41.8885 3127.69 64.2596
300 40 0.991 41.0994 3119.48 64.683
300 40 1.001 39.8637 3105.5 65.6248
300 40 1.011 39.8433 3098.92 66.0076
300 40 1.021 38.6053 3085.33 66.4117
300 40 1.031 38.2032 3075.95 67.0607
300 40 1.041 37.0177 3064.09 67.3623
300 40 1.051 36.6554 3057.66 67.9016
300 40 1.061 36.2027 3050.02 68.2791
300 40 1.071 35.2687 3037.99 69.217
300 40 1.081 34.7815 3024.64 71.3611
300 40 1.091 33.8862 3021.3 70.661
300 40 1.101 33.3146 3012.63 69.6269
300 40 1.111 33.254 3007.76 69.7828
300 40 1.121 32.6544 3004.66 70.1506
300 40 1.131 31.6286 2988.1 71.8794
300 40 1.141 31.4164 2981.69 70.9285
300 40 1.151 31.0456 2980.02 70.9056
300 40 1.161 30.3407 2966.66 72.0874
300 40 1.171 30.2859 2967.72 72.4475
300 40 1.181 29.3641 2952.86 71.6491
300 40 1.191 28.9016 2947.28 71.7384
300 40 1.201 28.2786 2943.14 71.6634
300 40 1.211 28.2562 2937.49 71.8006
300 40 1.221 27.5078 2930.62 72.2801
300 40 1.231 27.0862 2928.16 72.5547
300 40 1.241 26.7902 2919.57 73.2546
300 40 1.251 26.1683 2910.62 72.5583
300 40 1.261 26.0094 2907.34 71.1103
300 40 1.271 25.4112 2901.16 69.8925
300 40 1.281 25.1862 2896.75 72.5502
300 40 1.291 24.8231 2891.56 72.291
300 40 1.301 24.6455 2888.86 72.4775
300 40 1.311 24.1219 2879.22 72.0488
300 40 1.321 23.6733 2871.3 72.0332
300 40 1.331 23.1833 2865.64 71.6938
300 40 1.341 22.8025 2861.13 71.1098
300 40 1.351 22.5802 2857.4 70.2144
300 40 1.361 22.2015 2850.11 70.9446
300 40 1.371 21.9243 2848.47 71.7777
300 40 1.381 21.3853 2838.81 71.0221
300 40 1.391 21.231 2838.99 71.338
300 40 1.401 20.8611 2832.64 71.0831
300 40 1.411 20.5094 2827.57 70.8418
300 40 1.421 20.0658 2817.83 70.3959
300 40 1.431 19.7935 2813.67 70.2688
300 40 1.441 19.6672 2811.71 69.9927
300 40 1.451 19.0657 2802.15 68.4428
300 40 1.461 18.8059 2798.22 67.8006
300 40 1.471 18.4951 2792.87 67.4135
300 40 1.481 18.0941 2783.49 66.6493
300 40 1.491 17.8728 2780.88 66.7592
300 40 1.501 17.5523 2778.04 67.6936
300 40 1.511 17.243 2775.27 66.0604
300 40 1.521 17.1289 2771.28 65.3201
300 40 1.531 16.6625 2761.27 64.5085
300 40 1.541 16.5579 2762.37 64.7846
300 40 1.551 15.9889 2751.17 63.5829
300 40 1.561 15.8232 2747.31 63.5579
300 40 1.571 15.4831 2740.75 63.3764
300 40 1.581 15.3379 2740.09 62.9411
300 40 1.591 14.9235 2732.49 62.3149
300 40 1.601 14.7853 2728.71 61.978
300 40 1.611 14.5703 2723.51 61.5864
300 40 1.621 14.412 2722.7 61.242
300 40 1.631 14.1965 2714.31 60.8926
300 40 1.641 13.9434 2709.64 60.3944
300 40 1.651 13.599 2703.1 59.8102
300 40 1.661 13.4807 2702.52 59.6247
300 40 1.671 13.3006 2697.01 59.0065
300 40 1.681 12.9792 2689.36 58.6246
300 40 1.691 12.8741 2690.21 58.3901
300 40 1.701 12.5452 2681.1 57.8839
300 40 1.711 12.4022 2682.3 57.5724
300 40 1.721 12.3058 2679.07 57.117
300 40 1.731 12.0546 2673.83 59.8081
300 40 1.741 11.8728 2671.06 59.7595
300 40 1.751 11.7593 2666.72 59.5874
300 40 1.761 11.5022 2663.97 56.528
300 40 1.771 11.1508 2655.25 54.3129
300 40 1.781 11.0923 2652.59 54.1232
300 40 1.791 11.1099 2658.92 54.476
300 40 1.801 10.7615 2648.77 53.0046
300 40 1.811 10.5976 2644.36 52.8967
300 40 1.821 10.3552 2640.77 52.7062
300 40 1.831 10.2931 2640.21 55.1038
300 40 1.841 10.0179 2634.07 51.7561
300 40 1.851 9.8461 2629.79 50.5365
300 40 1.861 9.6867 2628.1 50.1669
300 40 1.871 9.5477 2627.46 49.9006
300 40 1.881 9.414 2622.13 49.1385
300 40 1.891 9.2045 2618.61 48.711
300 40 1.901 9.0515 2616.12 48.0849
300 40 1.911 8.8776 2611.43 47.7339
300 40 1.921 8.724 2608.32 47.2347
300 40 1.931 8.5737 2601.95 46.349
300 40 1.941 8.3891 2601.57 45.983
300 40 1.951 8.2797 2598.25 49.4415
300 40 1.961 8.1157 2593.01 48.5917
300 40 1.971 7.9192 2589.89 46.4244
300 40 1.981 7.8305 2589.97 44.0362
300 40 1.991 7.6478 2583.28 43.3776
400 10 0.001 3515.18 53150.3 3.7061
400 10 0.011 3453.83 52255.3 4.4235
400 10 0.021 3405.46 51545.1 4.1495
400 10 0.031 3335.35 50520.5 5.0477
400 10 0.041 3261.97 49453.9 5.6091
400 10 0.051 3199.06 48533.5 6.3749
400 10 0.061 3127.8 47495.3 7.2873
400 10 0.071 3039.73 46208.9 8.3028
400 10 0.081 2976.76 45285.4 8.6262
400 10 0.091 2912.56 44351.2 9.3278
400 10 0.101 2824.3 43057.9 10.4085
400 10 0.111 2769.97 42264.5 11.0465
400 10 0.121 2688.25 41076.3 12.0299
400 10 0.131 2624.15 40137.6 12.6665
400 10 0.141 2540.52 38926.7 13.4038
400 10 0.151 2463.13 37802.8 14.3441
400 10 0.161 2426.88 37266.4 15.048
400 10 0.171 2348.78 36116.4 16.3687
400 10 0.181 2275.19 35048.9 17.4355
400 10 0.191 2181.87 33699.8 18.7114
400 10 0.201 2146.02 33169.2 19.3914
400 10 0.211 2066.73 32014.6 20.6306
400 10 0.221 2016.26 31285.8 21.2572
400 10 0.231 1942.96 30220 22.2233
400 10 0.241 1909.18 29725.5 23.9509
400 10 0.251 1820.57 28432.9 23.8188
400 10 0.261 1773.08 27749 25.0738
400 10 0.271 1707.49 26802.4 27.226
400 10 0.281 1660.65 26110.9 27.7452
400 10 0.291 1593.15 25142.3 28.7203
400 10 0.301 1553.33 24540.2 31.4711
400 10 0.311 1493.44 23693.9 31.9727
400 10 0.321 1444.37 22971.1 33.6092
400 10 0.331 1390.48 22196.8 34.383
400 10 0.341 1352.38 21628.8 35.3709
400 10 0.351 1304.29 20938.3 36.282
400 10 0.361 1260.88 20302.1 36.9808
400 10 0.371 1216.89 19671.6 36.8273
400 10 0.381 1154.46 18768.3 38.1786
400 10 0.391 1139.43 18542 39.762
400 10 0.401 1095.07 17909.6 41.4177
400 10 0.411 1042.99 17154.9 42.3695
400 10 0.421 1011 16695.5 43.5232
400 10 0.431 956.878 15908.5 44.5699
400 10 0.441 936.986 15623.1 45.459
400 10 0.451 898.469 15070.8 46.8761
400 10 0.461 865.311 14587.3 47.7607
400 10 0.471 844.913 14294.1 48.2948
400 10 0.481 797.66 13621.5 49.7846
400 10 0.491 764.405 13143 50.8995
400 10 0.501 752.258 12962.1 51.2119
400 10 0.511 719.14 12485.5 52.5556
400 10 0.521 684.847 11992.3 53.9329
400 10 0.531 659.873 11622.9 54.224
400 10 0.541 645.464 11412 54.6266
400 10 0.551 614.713 10979.8 55.1755
400 10 0.561 586.517 10576.7 57.6314
400 10 0.571 566.711 10291.7 58.4836
400 10 0.581 543.446 9955.64 59.7098
400 10 0.591 518.288 9590.98 60.2614
400 10 0.601 500.501 9331.17 60.9694
400 10 0.611 474.52 8973.85 62.4675
400 10 0.621 468.295 8872.67 63.1724
400 10 0.631 440.574 8478.22 64.3866
400 10 0.641 427.927 8309.61 65.027
400 10 0.651 416.988 8145.36 65.4922
400 10 0.661 392.44 7789.01 66.9122
400 10 0.671 372.329 7511.08 67.6028
400 10 0.681 365.983 7411.84 68.0553
400 10 0.691 357.198 7284.36 68.1058
400 10 0.701 329.787 6896.18 68.6855
400 10 0.711 321.015 6779.47 69.4683
400 10 0.721 306.281 6563.69 70.286
400 10 0.731 302.801 6511.38 70.8426
400 10 0.741 289.569 6329.36 71.9508
400 10 0.751 276.473 6145.51 74.1419
400 10 0.761 272.867 6091.27 75.0353
400 10 0.771 257.324 5870.76 76.0082
400 10 0.781 244.288 5682.58 75.723
400 10 0.791 234.613 5558.96 77.1474
400 10 0.801 229.709 5481.67 77.0373
400 10 0.811 222.007 5370.75 77.9029
400 10 0.821 214.505 5266.83 78.7931
400 10 0.831 207.485 5168.03 79.4645
400 10 0.841 198.934 5043.69 80.0508
400 10 0.851 192.241 4954.71 81.267
400 10 0.861 184.511 4844.32 81.7833
400 10 0.871 181.574 4796.58 82.0824
400 10 0.881 176.196 4719.53 83.0453
400 10 0.891 169.887 4635.74 83.947
400 10 0.901 163.505 4541.83 85.8607
400 10 0.911 157.784 4464.7 84.5364
400 10 0.921 152.018 4381.15 87.5149
400 10 0.931 150.528 4362.49 88.5412
400 10 0.941 144.632 4278.65 89.7049
400 10 0.951 139.624 4198.68 89.2622
400 10 0.961 133.564 4128.2 89.195
400 10 0.971 129.217 4055.65 90.089
400 10 0.981 126.249 4027.49 91.2533
400 10 0.991 122.469 3966.43 91.7488
400 10 1.001 121.097 3949.37 92.9779
400 10 1.011 115.697 3873.05 93.957
400 10 1.021 112.309 3826.06 94.9882
400 10 1.031 110.031 3793.7 95.8161
400 10 1.041 106.486 3737.14 96.1402
400 10 1.051 104.628 3712.1 96.7277
400 10 1.061 101.223 3665.48 97.3119
400 10 1.071 99.27 3632.36 97.2982
400 10 1.081 97.0179 3597.28 98.593
400 10 1.091 94.8831 3567.96 100.203
400 10 1.101 93.2457 3541.22 100.127
400 10 1.111 89.0881 3483.93 100.163
400 10 1.121 89.1032 3480.37 100.984
400 10 1.131 87.2329 3454.76 101.36
400 10 1.141 83.844 3398.78 101.301
400 10 1.151 83.1491 3387.49 100.658
400 10 1.161 81.1409 3362.86 100.696
400 10 1.171 79.2779 3325.45 99.9135
400 10 1.181 77.9743 3310.82 100.998
400 10 1.191 76.3016 3284.82 100.576
400 10 1.201 75.1969 3265.41 99.9734
400 10 1.211 73.6977 3238.84 100.698
400 10 1.221 71.719 3209.06 100.285
400 10 1.231 70.3435 3188.47 100.604
400 10 1.241 68.81 3164.42 99.7903
400 10 1.251 67.4385 3143.28 99.3604
400 10 1.261 66.2803 3122.31 99.6117
400 10 1.271 64.5757 3092.8 99.051
400 10 1.281 63.7718 3075.34 98.7931
400 10 1.291 62.7385 3056.55 96.7786
400 10 1.301 61.603 3039.55 96.5312
400 10 1.311 60.0724 3015.16 96.3505
400 10 1.321 59.3649 3006.98 96.3424
400 10 1.331 58.0115 2981.97 95.5077
400 10 1.341 56.8836 2964.14 95.8017
400 10 1.351 55.5588 2941.1 95.5324
400 10 1.361 54.2731 2917.27 96.4441
400 10 1.371 54.0605 2904.77 96.45
400 10 1.381 52.8439 2889.66 96.3638
400 10 1.391 51.3071 2859.92 95.8532
400 10 1.401 50.5458 2845.22 94.9913
400 10 1.411 49.8724 2830.56 93.9506
400 10 1.421 48.9168 2818.62 93.3839
400 10 1.431 47.2308 2782.55 92.0372
400 10 1.441 46.7617 2775.53 92.3048
400 10 1.451 45.7188 2752.92 91.5135
400 10 1.461 45.2001 2744.32 91.2513
400 10 1.471 43.9818 2724.34 90.982
400 10 1.481 42.9517 2704.19 90.6404
400 10 1.491 42.4144 2691.06 88.9755
400 10 1.501 41.0641 2675.19 88.3505
400 10 1.511 40.633 2660.53 87.7141
400 10 1.521 39.5276 2637.11 87.0483
400 10 1.531 39.3126 2634.66 87.101
400 10 1.541 38.2078 2614.91 85.9216
400 10 1.551 37.4897 2598.62 85.5762
400 10 1.561 36.9492 2585.4 86.0232
400 10 1.571 35.8966 2567.19 84.4438
400 10 1.581 35.0853 2551.14 83.3909
400 10 1.591 34.6884 2536.64 82.8698
400 10 1.601 34.1538 2526.7 82.4015
400 10 1.611 33.2219 2510.24 81.6734
400 10 1.621 32.9376 2500.22 80.9252
400 10 1.631 32.2893 2484.47 80.1061
400 10 1.641 31.8982 2477.22 79.7353
400 10 1.651 31.1892 2461.14 78.7626
400 10 1.661 30.6446 2448.02 80.0537
400 10 1.671 30.3171 2440.09 80.5217
400 10 1.681 29.5244 2422.05 79.5229
400 10 1.691 29.215 2412.88 79.8266
400 10 1.701 28.4984 2394.33 78.7659
400 10 1.711 27.8838 2381.21 77.6189
400 10 1.721 27.5637 2372.76 77.3806
400 10 1.731 26.5438 2348.4 75.242
400 10 1.741 26.3626 2344.12 74.9233
400 10 1.751 25.8731 2332.13 71.5511
400 10 1.761 25.5085 2324.88 70.9884
400 10 1.771 24.7558 2306.55 69.8885
400 10 1.781 24.3822 2296.98 69.6938
400 10 1.791 23.7718 2279.43 68.4115
400 10 1.801 23.4359 2270.19 67.4734
400 10 1.811 22.9974 2263.02 67.0705
400 10 1.821 22.3109 2243.42 65.4055
400 10 1.831 21.8447 2231.41 64.2969
400 10 1.841 21.3097 2217.96 63.6407
400 10 1.851 20.9719 2208.92 63.2484
400 10 1.861 20.4702 2194.25 62.0158
400 10 1.871 19.9819 2182.41 61.6185
400 10 1.881 19.5892 2172.98 60.7135
400 10 1.891 19.138 2160.23 60.0465
400 10 1.901 18.6687 2151.04 59.1171
400 10 1.911 18.3965 2143.35 58.4445
400 10 1.921 18.0012 2134.78 57.8289
400 10 1.931 17.4132 2115.51 56.6465
400 10 1.941 17.08 2108.61 55.9309
400 10 1.951 16.6905 2096.67 55.139
400 10 1.961 16.4298 2088.84 54.4569
400 10 1.971 15.9739 2080.01 53.4658
400 10 1.981 15.6225 2069.5 52.594
400 10 1.991 15.2038 2056.06 51.5809
400 20 0.001 7223.64 97660.5 9.3056
400 20 0.011 6978 94401.2 9.8146
400 20 0.021 6734.41 91168.3 10.5592
400 20 0.031 6490.19 87929.2 11.3994
400 20 0.041 6226.88 84435.4 12.3804
400 20 0.051 5936.55 80577.9 13.0376
400 20 0.061 5661.18 76929.7 13.8568
400 20 0.071 5423.12 73774.5 14.6949
400 20 0.081 5138.08 69997.4 15.4077
400 20 0.091 4942.83 67403.1 16.0838
400 20 0.101 4640.42 63396.5 17.2124
400 20 0.111 4408.94 60323.1 18.0507
400 20 0.121 4205.8 57636.7 18.8595
400 20 0.131 3975.75 54584.1 20.031
400 20 0.141 3735.99 51417.4 21.0613
400 20 0.151 3564.82 49143.1 21.949
400 20 0.161 3360.13 46451.1 23.122
400 20 0.171 3181.84 44077.7 24.6804
400 20 0.181 3017.69 41917.3 25.7053
400 20 0.191 2821.4 39306.3 25.8532
400 20 0.201 2691.61 37591.3 26.2874
400 20 0.211 2529.48 35442.2 27.4765
400 20 0.221 2387.75 33580.7 28.3926
400 20 0.231 2228.07 31464.4 29.3691
400 20 0.241 2122.58 30066.3 30.7247
400 20 0.251 1980.51 28193.4 32.0184
400 20 0.261 1838.35 26320.9 32.3775
400 20 0.271 1755.07 25219.6 33.2241
400 20 0.281 1596.98 23144.7 34.587
400 20 0.291 1500.44 21868.9 35.4593
400 20 0.301 1395.36 20486.9 36.3923
400 20 0.311 1360.4 20018.6 36.9698
400 20 0.321 1250.93 18587.8 37.847
400 20 0.331 1139.78 17128.7 38.8708
400 20 0.341 1072.98 16242.1 39.4942
400 20 0.351 1025.8 15636.6 40.582
400 20 0.361 973.258 14935.1 41.0144
400 20 0.371 904.82 14036 42.0084
400 20 0.381 834.059 13117.4 43.0684
400 20 0.391 792.412 12569.5 45.5457
400 20 0.401 731.504 11765.8 46.3426
400 20 0.411 686.015 11181 47.5313
400 20 0.421 646.053 10658.7 47.2385
400 20 0.431 603.908 10104 48.0579
400 20 0.441 572.329 9702.28 48.4389
400 20 0.451 539.452 9265.33 48.8531
400 20 0.461 501.059 8762.12 49.5766
400 20 0.471 469.868 8352.21 50.1742
400 20 0.481 434.05 7901.17 50.8621
400 20 0.491 416.428 7670.05 51.19
400 20 0.501 398.891 7435.21 51.623
400 20 0.511 378.203 7165.92 51.6359
400 20 0.521 353.505 6854.52 52.2001
400 20 0.531 339.066 6659.97 52.397
400 20 0.541 316.636 6370.28 53.808
400 20 0.551 301.608 6178.04 54.6614
400 20 0.561 287.403 5991.11 54.9196
400 20 0.571 267.365 5741.61 55.7163
400 20 0.581 251.551 5551.37 56.2862
400 20 0.591 246.809 5475.18 56.7023
400 20 0.601 235.239 5330.64 57.3274
400 20 0.611 224.496 5190.93 57.7134
400 20 0.621 212.756 5045.61 58.5194
400 20 0.631 206.321 4950.71 58.4575
400 20 0.641 200.351 4883.58 59.1252
400 20 0.651 185.852 4701.98 59.8287
400 20 0.661 177.485 4597.44 60.716
400 20 0.671 171.892 4529.18 61.1996
400 20 0.681 166.371 4455.99 61.8364
400 20 0.691 163.709 4425.82 61.8021
400 20 0.701 158.03 4348.24 61.4806
400 20 0.711 150.892 4259.81 61.7196
400 20 0.721 147.322 4211.67 61.3439
400 20 0.731 142.508 4144.67 61.627
400 20 0.741 138.907 4108.82 62.2402
400 20 0.751 133.227 4041.66 62.6824
400 20 0.761 130.836 4003.31 62.9929
400 20 0.771 126.476 3950.32 63.8275
400 20 0.781 122.614 3903.85 64.1446
400 20 0.791 121.233 3877.08 64.6042
400 20 0.801 116.441 3818.71 65.1629
400 20 0.811 115.692 3805.99 65.3553
400 20 0.821 111.305 3752.9 66.2131
400 20 0.831 107.07 3706.04 66.9761
400 20 0.841 105.402 3680.13 67.3217
400 20 0.851 103.312 3654.9 67.7821
400 20 0.861 102.234 3642.45 68.709
400 20 0.871 98.6663 3594.11 68.7869
400 20 0.881 96.6006 3568.21 69.7707
400 20 0.891 95.3528 3550.88 72.1162
400 20 0.901 93.3623 3522.48 74.7264
400 20 0.911 92.1563 3514.83 74.4097
400 20 0.921 88.6141 3464.79 73.776
400 20 0.931 87.6462 3449.52 74.1287
400 20 0.941 85.094 3415.96 74.7926
400 20 0.951 83.8546 3405.62 75.7467
400 20 0.961 81.4487 3365.29 75.8283
400 20 0.971 79.8741 3349.04 76.4985
400 20 0.981 78.0308 3322.8 77.0139
400 20 0.991 77.4555 3314.42 78.0148
400 20 1.001 75.5259 3293.43 78.7866
400 20 1.011 73.8941 3271.69 79.5844
400 20 1.021 72.4593 3246.55 81.2187
400 20 1.031 71.3183 3231.77 83.3289
400 20 1.041 69.6829 3210.82 83.9039
400 20 1.051 67.9077 3193.14 81.7958
400 20 1.061 66.84 3172.31 82.0185
400 20 1.071 65.2977 3155.6 82.4654
400 20 1.081 64.9007 3146.15 82.6013
400 20 1.091 63.4782 3123.35 82.6365
400 20 1.101 61.4014 3097 82.061
400 20 1.111 61.1898 3097.45 82.5205
400 20 1.121 59.8545 3077.5 82.3844
400 20 1.131 58.4723 3059.13 82.4839
400 20 1.141 58.2026 3048.48 82.9047
400 20 1.151 56.5731 3028.04 82.7553
400 20 1.161 55.9399 3015.86 82.945
400 20 1.171 54.7812 2997.14 82.8794
400 20 1.181 53.803 2980.78 82.5148
400 20 1.191 52.8452 2973.66 83.1129
400 20 1.201 51.7475 2953.35 82.7853
400 20 1.211 51.1388 2945.42 82.5076
400 20 1.221 50.2433 2926.27 82.5809
400 20 1.231 49.3644 2913.84 82.5468
400 20 1.241 48.5504 2901.24 82.8403
400 20 1.251 47.7339 2888.07 82.4659
400 20 1.261 46.8586 2875.61 82.615
400 20 1.271 46.5557 2870.78 82.9175
400 20 1.281 45.2471 2848.84 82.2515
400 20 1.291 45.0682 2845.23 82.4973
400 20 1.301 43.8374 2830.66 82.3968
400 20 1.311 43.019 2811.98 82.0509
400 20 1.321 42.3028 2805.36 82.9507
400 20 1.331 41.4142 2786.75 81.8664
400 20 1.341 40.1279 2767.58 82.5162
400 20 1.351 40.1181 2762.65 80.4558
400 20 1.361 39.43 2760.62 80.6431
400 20 1.371 39.0583 2751.63 80.7328
400 20 1.381 38.4125 2733.79 80.2704
400 20 1.391 37.3437 2723.42 79.885
400 20 1.401 36.6643 2711.39 79.4655
400 20 1.411 36.1539 2699.56 80.681
400 20 1.421 35.3907 2685.93 81.732
400 20 1.431 34.8093 2676.56 81.3543
400 20 1.441 34.2287 2665.46 80.0808
400 20 1.451 33.4895 2656.87 78.9458
400 20 1.461 32.8764 2647.83 78.6592
400 20 1.471 32.2034 2632.13 77.9723
400 20 1.481 31.9884 2629.07 78.1332
400 20 1.491 31.2255 2618.14 79.6566
400 20 1.501 30.8615 2607.22 80.1001
400 20 1.511 30.1896 2596.9 78.0867
400 20 1.521 29.681 2584.73 77.0577
400 20 1.531 28.9388 2576.39 76.3713
400 20 1.541 28.6765 2568.34 76.3146
400 20 1.551 28.3865 2562.24 75.9589
400 20 1.561 27.4978 2545.5 74.915
400 20 1.571 27.1703 2535.9 74.8185
400 20 1.581 26.6883 2531.71 74.2165
400 20 1.591 26.2523 2520.8 73.231
400 20 1.601 25.6752 2508.48 72.7685
400 20 1.611 25.3199 2499.51 72.025
400 20 1.621 24.8096 2490.23 71.7037
400 20 1.631 24.346 2484.48 71.0746
400 20 1.641 23.9437 2471.4 69.8761
400 20 1.651 23.562 2461.77 69.6717
400 20 1.661 23.4058 2456.36 69.3607
400 20 1.671 22.7359 2444.54 68.6447
400 20 1.681 22.3623 2437.8 67.9909
400 20 1.691 22.1094 2432.96 67.8129
400 20 1.701 21.3743 2417.51 66.4867
400 20 1.711 21.2111 2410.14 66.0958
400 20 1.721 21.1477 2407.21 66.0258
400 20 1.731 20.4556 2393.31 65.1806
400 20 1.741 20.1629 2390.78 64.7646
400 20 1.751 19.793 2379.87 63.8936
400 20 1.761 19.4535 2372.48 63.2929
400 20 1.771 19.133 2362.47 64.9049
400 20 1.781 18.7864 2357.59 65.8771
400 20 1.791 18.3331 2346.52 64.7726
400 20 1.801 17.8619 2336.47 64.3199
400 20 1.811 17.9478 2337.32 62.2387
400 20 1.821 17.3338 2322.25 60.1945
400 20 1.831 17.0314 2317.81 62.4312
400 20 1.841 16.7155 2310.97 61.7798
400 20 1.851 16.3764 2302.46 60.5293
400 20 1.861 16.2406 2299.93 58.7762
400 20 1.871 15.8357 2291.49 56.0337
400 20 1.881 15.4844 2288.31 55.5983
400 20 1.891 15.138 2275.05 55.0176
400 20 1.901 15.0155 2274.53 54.7597
400 20 1.911 14.6255 2267.95 54.0895
400 20 1.921 14.2354 2256.8 53.4537
400 20 1.931 13.9632 2249.85 52.7547
400 20 1.941 13.7212 2245.1 52.0987
400 20 1.951 13.5503 2241.27 51.624
400 20 1.961 13.3031 2232.31 50.7641
400 20 1.971 12.9255 2226.97 50.1176
400 20 1.981 12.7047 2221.37 49.3252
400 20 1.991 12.5643 2218.61 48.7808
400 30 0.001 10719.7 139620 10.4739
400 30 0.011 10245.5 133531 10.9126
400 30 0.021 9673.11 126184 11.6219
400 30 0.031 9099.14 118815 12.4637
400 30 0.041 8617.28 112627 13.1616
400 30 0.051 8020.63 104974 14.1577
400 30 0.061 7467.59 97869.7 15.3259
400 30 0.071 6931.96 91000.6 16.6257
400 30 0.081 6437.66 84663.3 17.7371
400 30 0.091 6036.22 79519.5 18.2992
400 30 0.101 5542.69 73180 19.5397
400 30 0.111 5159.48 68274 20.5171
400 30 0.121 4826.7 64006 20.6983
400 30 0.131 4387.31 58368.4 22.301
400 30 0.141 4067.25 54280.7 23.0232
400 30 0.151 3765.14 50407.7 23.8203
400 30 0.161 3411.35 45877.1 24.7907
400 30 0.171 3188.34 43024.1 25.7565
400 30 0.181 2858.92 38800.1 26.5103
400 30 0.191 2623.39 35806.8 27.4049
400 30 0.201 2446.07 33523.1 28.0735
400 30 0.211 2213.87 30561.9 29.9513
400 30 0.221 2004.57 27888.9 30.9724
400 30 0.231 1859.56 26040.8 31.9873
400 30 0.241 1695.36 23942 31.9932
400 30 0.251 1557.12 22172.2 32.3183
400 30 0.261 1427.87 20530.3 33.0568
400 30 0.271 1306.67 18988.5 33.9147
400 30 0.281 1162.61 17154.2 34.8739
400 30 0.291 1050.47 15732.2 35.7049
400 30 0.301 977.124 14800 36.3936
400 30 0.311 902.877 13858.6 36.873
400 30 0.321 819.197 12791 39.7935
400 30 0.331 786.145 12368.7 40.176
400 30 0.341 692.71 11196.6 40.8395
400 30 0.351 622.294 10299.1 41.4843
400 30 0.361 591.359 9910.53 42.0553
400 30 0.371 510.181 8881.09 43.0278
400 30 0.381 490.491 8637.15 43.4817
400 30 0.391 446.838 8087.67 43.5386
400 30 0.401 418.767 7735.45 44.0139
400 30 0.411 393.387 7414.49 44.2944
400 30 0.421 360.674 7013.16 45.9909
400 30 0.431 328.775 6613.09 47.0414
400 30 0.441 313.791 6417.42 47.1937
400 30 0.451 297.612 6217.97 47.7339
400 30 0.461 278.046 5981.37 48.5561
400 30 0.471 261.939 5776.12 48.8636
400 30 0.481 247.673 5595.06 47.8577
400 30 0.491 233.61 5424.87 47.5024
400 30 0.501 220.303 5268.59 49.412
400 30 0.511 207.99 5114.35 49.7289
400 30 0.521 195.274 4960.13 50.0626
400 30 0.531 189.815 4904.99 51.9903
400 30 0.541 181.271 4794.62 52.0427
400 30 0.551 173.603 4687.47 52.6293
400 30 0.561 168.504 4631.77 53.7553
400 30 0.571 160.224 4537.23 54.6098
400 30 0.581 156.14 4472.41 54.8357
400 30 0.591 152.769 4439.09 55.7685
400 30 0.601 147.778 4374.34 56.4147
400 30 0.611 142.132 4306.26 57.1297
400 30 0.621 138.655 4272.1 57.3737
400 30 0.631 134.881 4225.61 57.7401
400 30 0.641 130.87 4172.38 56.9631
400 30 0.651 126.976 4133.75 56.0364
400 30 0.661 124.023 4095.66 56.3491
400 30 0.671 120.667 4053.14 56.9659
400 30 0.681 117.916 4021.39 57.0135
400 30 0.691 114.48 3978.17 57.8558
400 30 0.701 112.779 3960.09 58.0214
400 30 0.711 110.41 3930.85 58.357
400 30 0.721 106.771 3886.12 59.7299
400 30 0.731 105.764 3875.84 62.8915
400 30 0.741 103.437 3842.51 63.3806
400 30 0.751 101.485 3822.96 65.1822
400 30 0.761 99.1369 3791.34 65.4044
400 30 0.771 96.7588 3761.79 65.8142
400 30 0.781 95.1582 3749.24 66.5724
400 30 0.791 93.7652 3725.51 67.5627
400 30 0.801 91.0299 3687.92 66.7305
400 30 0.811 90.0193 3676.97 67.0571
400 30 0.821 87.8443 3657.37 67.4585
400 30 0.831 86.38 3637.97 68.2519
400 30 0.841 84.3343 3606.89 67.3147
400 30 0.851 82.9629 3592.54 67.1187
400 30 0.861 81.1057 3564.17 70.0952
400 30 0.871 79.8329 3545.83 70.1963
400 30 0.881 77.7594 3524.19 69.8341
400 30 0.891 76.2345 3510.82 70.3255
400 30 0.901 75.0696 3494.56 71.7589
400 30 0.911 73.1486 3466.77 70.5925
400 30 0.921 72.6169 3458.21 71.4111
400 30 0.931 71.116 3433.91 71.2976
400 30 0.941 69.5947 3414.5 73.2799
400 30 0.951 67.9631 3394.27 73.0363
400 30 0.961 67.5188 3391.79 73.1997
400 30 0.971 65.6896 3367.18 74.0226
400 30 0.981 64.1314 3349.71 74.1581
400 30 0.991 62.9792 3333.34 75.3354
400 30 1.001 62.0871 3323.98 76.1873
400 30 1.011 60.9072 3298.03 76.0961
400 30 1.021 59.6903 3285.08 77.2291
400 30 1.031 58.7747 3275.63 78.1022
400 30 1.041 57.5282 3261.17 78.6721
400 30 1.051 56.3044 3240.52 80.109
400 30 1.061 54.7526 3221.93 81.6371
400 30 1.071 54.6569 3216.42 79.0838
400 30 1.081 53.3229 3197.91 79.8211
400 30 1.091 52.6409 3186.07 79.9111
400 30 1.101 51.2563 3165.02 79.5461
400 30 1.111 50.7575 3160.43 80.525
400 30 1.121 49.9316 3154.83 83.9134
400 30 1.131 48.9278 3137.76 83.9967
400 30 1.141 47.6284 3116.87 80.9679
400 30 1.151 47.2607 3110.57 80.5005
400 30 1.161 46.7201 3106.57 80.9731
400 30 1.171 45.9109 3094.49 80.9134
400 30 1.181 45.0203 3078.72 80.731
400 30 1.191 44.0066 3065.57 80.8783
400 30 1.201 43.4435 3060.97 81.328
400 30 1.211 42.7146 3049.57 81.1455
400 30 1.221 42.2219 3043.18 80.9029
400 30 1.231 41.2577 3029.69 81.132
400 30 1.241 40.7024 3019.61 81.063
400 30 1.251 40.0713 3007.96 80.7992
400 30 1.261 39.34 3000.13 81.3568
400 30 1.271 38.8966 2991.81 83.7964
400 30 1.281 38.1004 2979.22 81.957
400 30 1.291 37.6745 2973.52 80.9477
400 30 1.301 37.0099 2965.42 81.0149
400 30 1.311 36.2495 2950.75 80.722
400 30 1.321 35.8557 2941.56 80.4485
400 30 1.331 34.9575 2927.74 80.0742
400 30 1.341 34.127 2918.94 80.0883
400 30 1.351 34.0224 2913.53 79.8155
400 30 1.361 33.1791 2905.7 80.5632
400 30 1.371 32.8645 2894.72 80.6204
400 30 1.381 32.2446 2890.16 79.9514
400 30 1.391 31.8735 2881.67 79.769
400 30 1.401 31.1654 2868.42 79.499
400 30 1.411 30.7396 2865.56 79.4684
400 30 1.421 30.2025 2855.5 79.0118
400 30 1.431 29.6924 2846.81 78.6567
400 30 1.441 29.2133 2845.47 80.1971
400 30 1.451 28.5494 2828.25 80.2092
400 30 1.461 28.5117 2828.34 80.2242
400 30 1.471 27.7874 2816.38 78.2841
400 30 1.481 27.0488 2804.39 76.9553
400 30 1.491 26.8216 2792.08 76.3443
400 30 1.501 26.3054 2789.01 76.5202
400 30 1.511 26.0251 2789.13 76.3099
400 30 1.521 25.2384 2773.31 75.3117
400 30 1.531 24.9285 2764.71 74.9377
400 30 1.541 24.3966 2757.16 74.7102
400 30 1.551 24.2583 2757.7 74.6013
400 30 1.561 23.6936 2743.95 74.1423
400 30 1.571 23.0995 2733.68 76.0177
400 30 1.581 22.8362 2727.23 76.0756
400 30 1.591 22.4924 2719.87 73.7674
400 30 1.601 22.1439 2715.94 73.6479
400 30 1.611 21.6871 2704.57 72.5053
400 30 1.621 21.4519 2700.51 72.4024
400 30 1.631 21.1204 2696.61 71.7907
400 30 1.641 20.627 2678.86 70.6264
400 30 1.651 20.3975 2675.43 70.5106
400 30 1.661 19.9899 2668.64 69.7156
400 30 1.671 19.7706 2666.37 69.5627
400 30 1.681 19.5851 2658.04 69.3485
400 30 1.691 19.0728 2650.7 68.3943
400 30 1.701 18.786 2641.78 67.7311
400 30 1.711 18.4323 2634.93 67.3338
400 30 1.721 18.272 2630.37 66.6468
400 30 1.731 17.9422 2626.18 66.4088
400 30 1.741 17.6012 2619.04 65.6508
400 30 1.751 17.2575 2612.49 65.0699
400 30 1.761 16.9508 2607.28 64.9006
400 30 1.771 16.955 2605.45 64.3811
400 30 1.781 16.3158 2594.02 63.2894
400 30 1.791 16.1287 2588.92 62.992
400 30 1.801 15.9283 2582.6 62.4259
400 30 1.811 15.6015 2577.44 61.7955
400 30 1.821 15.2485 2572.82 61.384
400 30 1.831 15.0497 2566.33 60.6276
400 30 1.841 14.8202 2564.63 60.3473
400 30 1.851 14.5337 2554.85 59.2078
400 30 1.861 14.2328 2549.69 58.53
400 30 1.871 14.0055 2546.99 58.2147
400 30 1.881 13.856 2541.54 59.5505
400 30 1.891 13.4695 2533.76 59.4958
400 30 1.901 13.1595 2527.95 58.9417
400 30 1.911 12.977 2523.52 58.2958
400 30 1.921 12.9288 2525.72 58.4178
400 30 1.931 12.547 2514.89 57.4001
400 30 1.941 12.3478 2512.33 56.45
400 30 1.951 12.0641 2503.2 55.8205
400 30 1.961 11.756 2499.02 55.0893
400 30 1.971 11.662 2495.72 54.5636
400 30 1.981 11.3549 2487.72 53.3009
400 30 1.991 11.1547 2482.92 52.5043
400 40 0.001 14009.4 179107 368.503
400 40 0.011 13151.2 168275 347.386
400 40 0.021 12269.3 157135 326.152
400 40 0.031 11299.5 144898 301.96
400 40 0.041 10334.6 132719 277.586
400 40 0.051 9436.24 121384 254.409
400 40 0.061 8700.03 112086 235.392
400 40 0.071 7879.9 101747 216.594
400 40 0.081 7133.75 92341.6 198.153
400 40 0.091 6463.61 83886.6 182.437
400 40 0.101 5822.89 75807 165.696
400 40 0.111 5231.36 68357.8 152.654
400 40 0.121 4795.25 62853.6 142.412
400 40 0.131 4272.88 56274.4 129.744
400 40 0.141 3825.14 50632.4 118.711
400 40 0.151 3428.54 45641.7 108.367
400 40 0.161 3024.86 40573.1 98.6304
400 40 0.171 2737.36 36950.6 92.1087
400 40 0.181 2454.87 33403.1 85.7478
400 40 0.191 2196.5 30160.3 79.8923
400 40 0.201 1900.91 26444.8 73.0832
400 40 0.211 1729.93 24306.6 69.532
400 40 0.221 1527.91 21759.5 65.4435
400 40 0.231 1374.24 19838.9 63.0845
400 40 0.241 1207.45 17747.8 59.3853
400 40 0.251 1047.39 15737.7 56.0975
400 40 0.261 1003.79 15196.2 55.3504
400 40 0.271 822.887 12943 51.8564
400 40 0.281 788.114 12503.8 51.7355
400 40 0.291 670.174 11031.3 48.7067
400 40 0.301 632.34 10560.5 49.1184
400 40 0.311 571.564 9803.64 47.329
400 40 0.321 526.624 9252.41 45.565
400 40 0.331 473.199 8594.59 44.7007
400 40 0.341 424.603 7983.72 44.2926
400 40 0.351 387.35 7524.68 43.9162
400 40 0.361 355.238 7137.86 43.8381
400 40 0.371 322.866 6737.98 43.8463
400 40 0.381 306.373 6534.77 43.8897
400 40 0.391 278.111 6197.01 43.9938
400 40 0.401 262.24 5997.95 43.958
400 40 0.411 245.169 5789.35 44.2285
400 40 0.421 232.894 5639.4 44.7312
400 40 0.431 215.942 5441.51 44.7051
400 40 0.441 206.397 5327.08 44.907
400 40 0.451 196.519 5200.59 45.5186
400 40 0.461 187.178 5097.64 45.8074
400 40 0.471 174.808 4943.85 46.0675
400 40 0.481 171.698 4900.23 46.39
400 40 0.491 162.699 4795.95 46.9201
400 40 0.501 158.242 4741.37 47.4269
400 40 0.511 150.33 4654.7 48.0798
400 40 0.521 149.316 4641.48 48.5465
400 40 0.531 142.409 4564.9 49.2161
400 40 0.541 137.033 4492.87 49.2821
400 40 0.551 135.805 4479.26 49.7988
400 40 0.561 131.371 4430.95 50.4138
400 40 0.571 127.933 4392.25 51.0734
400 40 0.581 124.66 4349.44 51.5186
400 40 0.591 122.184 4324.7 52.972
400 40 0.601 118.769 4284.2 53.9497
400 40 0.611 115.985 4246.75 54.2245
400 40 0.621 112.925 4217.16 54.8661
400 40 0.631 111.163 4191.92 55.4171
400 40 0.641 108.131 4159.51 56.0361
400 40 0.651 105.616 4129.25 56.4209
400 40 0.661 104.459 4117.46 57.1092
400 40 0.671 101.463 4081.75 57.6466
400 40 0.681 99.7877 4057.32 57.8624
400 40 0.691 98.1185 4038.82 58.5878
400 40 0.701 96.2102 4014.86 58.1111
400 40 0.711 93.9068 3989.39 58.9294
400 40 0.721 91.8473 3968.44 59.2184
400 40 0.731 91.0914 3952.85 60.3747
400 40 0.741 88.8486 3928.64 63.1712
400 40 0.751 86.6422 3901.3 62.1613
400 40 0.761 85.3806 3885.65 62.5009
400 40 0.771 83.3355 3856.73 63.0018
400 40 0.781 81.9966 3842.38 64.634
400 40 0.791 80.5323 3819.94 64.1121
400 40 0.801 79.1072 3813.87 64.4176
400 40 0.811 77.482 3790.61 66.7825
400 40 0.821 75.8622 3763.97 67.801
400 40 0.831 74.1272 3750.97 68.4175
400 40 0.841 73.7206 3739.17 69.1172
400 40 0.851 72.2885 3720.87 69.2564
400 40 0.861 70.5619 3700.41 69.5157
400 40 0.871 69.5842 3688.04 70.6696
400 40 0.881 67.6676 3666.53 71.1429
400 40 0.891 66.8985 3651.78 71.2143
400 40 0.901 64.5925 3622.48 71.9422
400 40 0.911 65.0019 3631.63 71.7271
400 40 0.921 62.8224 3598.11 72.7643
400 40 0.931 61.8693 3597.46 74.1899
400 40 0.941 60.5374 3568.9 74.8713
400 40 0.951 59.7424 3560.12 75.5341
400 40 0.961 58.9197 3546.62 76.1868
400 40 0.971 57.3236 3526.18 76.5609
400 40 0.981 56.522 3517.87 77.6819
400 40 0.991 55.3562 3504.61 77.9587
400 40 1.001 54.7273 3493.25 78.4956
400 40 1.011 53.3369 3476.77 79.3995
400 40 1.021 51.3771 3450.97 81.179
400 40 1.031 51.2044 3443.9 81.4688
400 40 1.041 50.3217 3433.82 82.0235
400 40 1.051 49.4342 3417.32 81.3159
400 40 1.061 48.5514 3406.8 79.4303
400 40 1.071 47.9319 3405.74 80.2514
400 40 1.081 46.9752 3389.31 80.3077
400 40 1.091 46.345 3382.55 80.5008
400 40 1.101 45.0962 3365.35 80.8569
400 40 1.111 44.4633 3355.45 81.0624
400 40 1.121 44.1081 3349.6 80.9346
400 40 1.131 43.0535 3335.36 81.2759
400 40 1.141 42.4758 3325.37 83.2624
400 40 1.151 41.4672 3312.67 83.9246
400 40 1.161 40.9334 3309.72 85.0246
400 40 1.171 40.2439 3293.69 84.4327
400 40 1.181 39.9106 3292.05 82.1493
400 40 1.191 39.208 3279.7 85.1593
400 40 1.201 38.4117 3266.8 84.6529
400 40 1.211 37.7456 3262.84 84.6237
400 40 1.221 37.556 3258.74 83.0899
400 40 1.231 36.9226 3249.01 83.3596
400 40 1.241 35.9962 3235.36 82.8491
400 40 1.251 35.7483 3229.26 82.8699
400 40 1.261 35.0661 3222 83.2609
400 40 1.271 34.3134 3206.79 82.8055
400 40 1.281 33.7236 3204.56 81.6473
400 40 1.291 33.2881 3193.66 81.5207
400 40 1.301 32.6433 3188.36 81.3021
400 40 1.311 32.3929 3184.04 81.7515
400 40 1.321 31.8132 3173 81.8296
400 40 1.331 31.2079 3164.28 84.0246
400 40 1.341 30.8205 3160.23 84.6506
400 40 1.351 30.3521 3154.74 84.4755
400 40 1.361 29.7027 3142.38 83.8556
400 40 1.371 29.1726 3134.16 83.9504
400 40 1.381 28.8237 3123.49 83.6758
400 40 1.391 28.2906 3120.67 83.3138
400 40 1.401 27.9828 3113.66 83.1864
400 40 1.411 27.7655 3109.89 83.3295
400 40 1.421 27.205 3100.26 83.365
400 40 1.431 26.5685 3100.11 80.6837
400 40 1.441 26.2623 3089.48 80.1555
400 40 1.451 25.6334 3077.87 79.7655
400 40 1.461 25.2436 3070.26 79.0233
400 40 1.471 24.9631 3070.35 78.8467
400 40 1.481 24.6529 3063.41 78.5635
400 40 1.491 24.1995 3056.49 79.6565
400 40 1.501 23.7046 3049.85 80.2172
400 40 1.511 23.2732 3038.61 79.4736
400 40 1.521 22.7368 3029.2 79.2852
400 40 1.531 22.3653 3023.65 77.5118
400 40 1.541 22.0298 3016.36 75.7714
400 40 1.551 21.7243 3013.8 75.577
400 40 1.561 21.2165 3006.91 75.22
400 40 1.571 21.1102 2998.89 76.0873
400 40 1.581 20.6749 2989.73 76.79
400 40 1.591 20.4977 2988.51 76.8833
400 40 1.601 19.9199 2984.43 75.8561
400 40 1.611 19.6509 2973.67 75.8586
400 40 1.621 19.2036 2964.43 72.2484
400 40 1.631 19.0306 2960.07 71.8844
400 40 1.641 18.7826 2954.02 71.2012
400 40 1.651 18.3753 2943.52 70.7208
400 40 1.661 18.1322 2942.66 70.4041
400 40 1.671 17.8286 2933.31 69.4443
400 40 1.681 17.5633 2932.6 69.1693
400 40 1.691 17.4688 2930.38 69.2057
400 40 1.701 16.9257 2916.48 67.8123
400 40 1.711 16.7952 2912.26 67.6815
400 40 1.721 16.5261 2910.91 67.1836
400 40 1.731 16.2715 2904.11 66.5653
400 40 1.741 16.0519 2899.29 66.4969
400 40 1.751 15.773 2895.37 66.7358
400 40 1.761 15.3984 2892.18 68.1084
400 40 1.771 15.2857 2885.91 67.182
400 40 1.781 15.0383 2881.57 66.8719
400 40 1.791 14.8323 2877.52 65.916
400 40 1.801 14.3996 2870.43 65.0594
400 40 1.811 14.1976 2865.91 64.4018
400 40 1.821 13.9026 2862.25 63.7763
400 40 1.831 13.7663 2858.33 62.8851
400 40 1.841 13.607 2852.96 62.4723
400 40 1.851 13.3042 2849.91 62.1637
400 40 1.861 13.1256 2843.25 61.1876
400 40 1.871 12.8595 2838.62 60.0151
400 40 1.881 12.4912 2832.62 59.4687
400 40 1.891 12.343 2830.44 59.3987
400 40 1.901 12.2147 2827.33 59.3162
400 40 1.911 11.9266 2821.39 58.147
400 40 1.921 11.7189 2815.66 57.64
400 40 1.931 11.6225 2815.49 57.2208
400 40 1.941 11.2931 2807.67 56.6755
400 40 1.951 11.1545 2806.36 55.8701
400 40 1.961 10.8446 2798.67 54.9404
400 40 1.971 10.7251 2794.91 54.2502
400 40 1.981 10.5279 2791.3 53.4349
400 40 1.991 10.2889 2784.8 52.7684
