200 10 0.001 1908.23 4.2243e-06
200 10 0.011 1880.16 4.1875e-06
200 10 0.021 1852.09 4.2105e-06
200 10 0.031 1819.3 4.1225e-06
200 10 0.041 1786.96 4.1011e-06
200 10 0.051 1750.67 4.0265e-06
200 10 0.061 1723.5 3.9338e-06
200 10 0.071 1681.45 3.8262e-06
200 10 0.081 1644.53 3.7517e-06
200 10 0.091 1608.52 3.6937e-06
200 10 0.101 1578.57 3.6437e-06
200 10 0.111 1532.98 3.561e-06
200 10 0.121 1499.69 3.4993e-06
200 10 0.131 1469.19 3.4611e-06
200 10 0.141 1434.87 3.4229e-06
200 10 0.151 1402.96 3.3669e-06
200 10 0.161 1370.35 3.2764e-06
200 10 0.171 1335.08 1.959e-06
200 10 0.181 1291.6 1.9382e-06
200 10 0.191 1263.96 1.9113e-06
200 10 0.201 1230.45 1.8812e-06
200 10 0.211 1198.3 2.1266e-06
200 10 0.221 1167.33 2.375e-06
200 10 0.231 1131.19 2.3653e-06
200 10 0.241 1103.94 2.0211e-06
200 10 0.251 1077.27 2.294e-06
200 10 0.261 1045.26 2.8805e-06
200 10 0.271 1007.26 2.8056e-06
200 10 0.281 981.234 2.7705e-06
200 10 0.291 959.013 2.7442e-06
200 10 0.301 934.202 2.6903e-06
200 10 0.311 895.761 2.636e-06
200 10 0.321 881.019 2.6049e-06
200 10 0.331 854.103 2.5663e-06
200 10 0.341 819.571 2.4988e-06
200 10 0.351 799.633 2.472e-06
200 10 0.361 775.277 2.4348e-06
200 10 0.371 758.444 2.3959e-06
200 10 0.381 730.965 2.369e-06
200 10 0.391 710.014 2.3223e-06
200 10 0.401 682.289 2.2784e-06
200 10 0.411 664.705 1.5481e-06
200 10 0.421 645.033 2.0579e-06
200 10 0.431 618.295 2.2046e-06
200 10 0.441 614.037 2.2042e-06
200 10 0.451 577.431 2.1503e-06
200 10 0.461 559.275 2.1193e-06
200 10 0.471 550.067 2.1018e-06
200 10 0.481 526.724 2.0331e-06
200 10 0.491 508.032 2.0143e-06
200 10 0.501 497.68 1.9938e-06
200 10 0.511 483.018 1.9793e-06
200 10 0.521 464.324 1.9351e-06
200 10 0.531 450.58 1.9108e-06
200 10 0.541 436.546 1.8863e-06
200 10 0.551 420.74 1.8515e-06
200 10 0.561 407.036 1.8381e-06
200 10 0.571 393.357 1.8191e-06
200 10 0.581 381.749 1.7256e-06
200 10 0.591 369.522 1.7153e-06
200 10 0.601 358.631 1.4914e-06
200 10 0.611 344.797 1.1856e-06
200 10 0.621 335.391 1.1751e-06
200 10 0.631 320.516 1.1555e-06
200 10 0.641 311.55 1.1602e-06
200 10 0.651 299.812 1.1444e-06
200 10 0.661 290.982 1.1918e-06
200 10 0.671 280.451 1.5597e-06
200 10 0.681 273.029 1.5685e-06
200 10 0.691 261.991 1.528e-06
200 10 0.701 255.268 1.4991e-06
200 10 0.711 245.503 1.4776e-06
200 10 0.721 238.131 1.4718e-06
200 10 0.731 229.543 1.4256e-06
200 10 0.741 221.631 1.4347e-06
200 10 0.751 216.849 1.4297e-06
200 10 0.761 208.553 1.4039e-06
200 10 0.771 202.899 1.3963e-06
200 10 0.781 194.201 1.3835e-06
200 10 0.791 188.038 1.374e-06
200 10 0.801 181.107 1.3665e-06
200 10 0.811 177.553 1.3628e-06
200 10 0.821 174.438 1.3501e-06
200 10 0.831 168.84 1.3055e-06
200 10 0.841 161.212 1.1745e-06
200 10 0.851 154.264 1.3022e-06
200 10 0.861 150.074 1.3003e-06
200 10 0.871 146.214 1.2851e-06
200 10 0.881 141.845 1.2698e-06
200 10 0.891 136.532 1.2713e-06
200 10 0.901 135.383 1.2519e-06
200 10 0.911 130.376 1.2515e-06
200 10 0.921 126.704 1.2429e-06
200 10 0.931 123.026 1.2195e-06
200 10 0.941 118.769 1.0719e-06
200 10 0.951 114.365 1.2438e-06
200 10 0.961 112.548 1.2912e-06
200 10 0.971 108.268 1.0667e-06
200 10 0.981 104.943 9.63e-07
200 10 0.991 102.614 9.671e-07
200 10 1.001 99.5936 9.648e-07
200 10 1.011 95.9942 9.542e-07
200 10 1.021 94.1613 1.115e-06
200 10 1.031 91.0642 1.1791e-06
200 10 1.041 89.4151 1.1734e-06
200 10 1.051 86.3308 1.171e-06
200 10 1.061 84.1802 1.1528e-06
200 10 1.071 83.4372 1.1606e-06
200 10 1.081 80.4253 1.1577e-06
200 10 1.091 78.7121 1.1448e-06
200 10 1.101 77.4612 1.1529e-06
200 10 1.111 75.0966 1.1753e-06
200 10 1.121 74.5128 1.1794e-06
200 10 1.131 72.7854 1.1275e-06
200 10 1.141 71.0109 1.1259e-06
200 10 1.151 69.9689 1.053e-06
200 10 1.161 68.1623 9.215e-07
200 10 1.171 67.1538 1.0775e-06
200 10 1.181 65.9827 1.036e-06
200 10 1.191 64.1421 8.976e-07
200 10 1.201 63.5795 9.293e-07
200 10 1.211 62.015 9.003e-07
200 10 1.221 60.4369 8.853e-07
200 10 1.231 60.024 1.0063e-06
200 10 1.241 59.1134 1.0943e-06
200 10 1.251 57.9545 1.0856e-06
200 10 1.261 56.8301 1.1121e-06
200 10 1.271 55.68 1.0043e-06
200 10 1.281 54.8357 1.0756e-06
200 10 1.291 53.8796 9.275e-07
200 10 1.301 52.6636 1.1261e-06
200 10 1.311 52.0279 1.1603e-06
200 10 1.321 51.1502 1.1505e-06
200 10 1.331 50.3074 1.1512e-06
200 10 1.341 49.4885 1.1501e-06
200 10 1.351 48.5727 1.1402e-06
200 10 1.361 47.5108 1.1361e-06
200 10 1.371 47.0315 1.1344e-06
200 10 1.381 46.1575 1.1345e-06
200 10 1.391 45.2323 1.1583e-06
200 10 1.401 44.5451 1.1248e-06
200 10 1.411 43.6727 1.133e-06
200 10 1.421 43.2877 1.1333e-06
200 10 1.431 42.5453 1.1257e-06
200 10 1.441 41.7818 1.037e-06
200 10 1.451 41.0612 1.0253e-06
200 10 1.461 40.546 1.035e-06
200 10 1.471 39.872 1.0288e-06
200 10 1.481 39.1637 9.603e-07
200 10 1.491 38.3054 9.545e-07
200 10 1.501 38.1056 1.0428e-06
200 10 1.511 37.3262 1.0147e-06
200 10 1.521 36.7019 1.0115e-06
200 10 1.531 36.2043 9.801e-07
200 10 1.541 35.4763 9.675e-07
200 10 1.551 34.9321 9.671e-07
200 10 1.561 34.291 9.92e-07
200 10 1.571 33.9186 9.851e-07
200 10 1.581 33.1864 9.801e-07
200 10 1.591 32.7406 9.737e-07
200 10 1.601 32.4124 9.73e-07
200 10 1.611 31.8629 9.672e-07
200 10 1.621 31.4231 9.672e-07
200 10 1.631 31.1583 9.707e-07
200 10 1.641 30.697 9.7e-07
200 10 1.651 30.4305 8.882e-07
200 10 1.661 29.8474 7.983e-07
200 10 1.671 29.4939 8.699e-07
200 10 1.681 29.0938 9.864e-07
200 10 1.691 28.6632 9.985e-07
200 10 1.701 28.2815 9.787e-07
200 10 1.711 27.9056 9.732e-07
200 10 1.721 27.5277 9.766e-07
200 10 1.731 27.1468 9.635e-07
200 10 1.741 26.7603 8.963e-07
200 10 1.751 26.2903 9.73e-07
200 10 1.761 25.9407 9.562e-07
200 10 1.771 25.5903 9.496e-07
200 10 1.781 25.1353 9.473e-07
200 10 1.791 24.7581 9.198e-07
200 10 1.801 24.3306 9.361e-07
200 10 1.811 24.123 9.374e-07
200 10 1.821 23.7114 9.334e-07
200 10 1.831 23.547 9.333e-07
200 10 1.841 23.0199 9.261e-07
200 10 1.851 22.4927 8.037e-07
200 10 1.861 22.2572 8.227e-07
200 10 1.871 21.9555 7.531e-07
200 10 1.881 21.4768 7.809e-07
200 10 1.891 21.116 7.491e-07
200 10 1.901 20.7444 7.632e-07
200 10 1.911 20.405 7.92e-07
200 10 1.921 20.0921 9.027e-07
200 10 1.931 19.8162 9.11e-07
200 10 1.941 19.3696 8.936e-07
200 10 1.951 19.1116 8.882e-07
200 10 1.961 18.7685 8.829e-07
200 10 1.971 18.3381 8.815e-07
200 10 1.981 18.0151 8.759e-07
200 10 1.991 17.7341 8.69e-07
200 20 0.001 3613.46 7.0654e-06
200 20 0.011 3509.99 6.8852e-06
200 20 0.021 3397.88 6.6924e-06
200 20 0.031 3281.59 6.5075e-06
200 20 0.041 3147.39 6.2804e-06
200 20 0.051 3008.5 6.0376e-06
200 20 0.061 2911.46 5.8922e-06
200 20 0.071 2785.03 5.6668e-06
200 20 0.081 2663.41 5.2635e-06
200 20 0.091 2546.98 4.1417e-06
200 20 0.101 2433.02 5.0732e-06
200 20 0.111 2317.34 4.8408e-06
200 20 0.121 2187.81 4.6222e-06
200 20 0.131 2108.03 4.521e-06
200 20 0.141 1999.34 4.3397e-06
200 20 0.151 1882.71 4.1357e-06
200 20 0.161 1802.66 3.9942e-06
200 20 0.171 1723.87 3.9798e-06
200 20 0.181 1628.97 3.8312e-06
200 20 0.191 1548.95 3.7017e-06
200 20 0.201 1446.24 3.5202e-06
200 20 0.211 1410.76 3.4556e-06
200 20 0.221 1310.35 3.289e-06
200 20 0.231 1243.86 3.1687e-06
200 20 0.241 1174.6 3.0579e-06
200 20 0.251 1127.2 2.9674e-06
200 20 0.261 1025.71 2.8027e-06
200 20 0.271 977.647 2.7163e-06
200 20 0.281 926.454 2.6187e-06
200 20 0.291 876.831 2.5399e-06
200 20 0.301 829.906 2.4617e-06
200 20 0.311 797.976 2.3277e-06
200 20 0.321 738.602 2.1846e-06
200 20 0.331 698.644 1.5875e-06
200 20 0.341 671.819 1.9964e-06
200 20 0.351 616.84 2.021e-06
200 20 0.361 595.13 1.3911e-06
200 20 0.371 547.647 1.6856e-06
200 20 0.381 525.208 1.3287e-06
200 20 0.391 485.73 1.7717e-06
200 20 0.401 459.1 1.6954e-06
200 20 0.411 435.654 1.6759e-06
200 20 0.421 415.475 1.3697e-06
200 20 0.431 388.31 1.5921e-06
200 20 0.441 365.79 1.571e-06
200 20 0.451 348.331 1.5216e-06
200 20 0.461 330.633 1.4866e-06
200 20 0.471 314.302 1.4776e-06
200 20 0.481 289.863 1.4085e-06
200 20 0.491 279.744 1.3883e-06
200 20 0.501 264.921 1.3725e-06
200 20 0.511 249.198 1.3495e-06
200 20 0.521 234.177 1.3218e-06
200 20 0.531 221.485 1.2874e-06
200 20 0.541 214.957 1.2581e-06
200 20 0.551 200.205 1.2357e-06
200 20 0.561 190.6 1.2219e-06
200 20 0.571 180.859 1.2234e-06
200 20 0.581 172.146 1.2312e-06
200 20 0.591 168.37 1.2193e-06
200 20 0.601 159.645 1.183e-06
200 20 0.611 154.12 1.1765e-06
200 20 0.621 145.186 1.1366e-06
200 20 0.631 140.914 1.0049e-06
200 20 0.641 135.21 8.607e-07
200 20 0.651 128.992 9.01e-07
200 20 0.661 122.25 8.449e-07
200 20 0.671 118.819 8.325e-07
200 20 0.681 112.538 9.969e-07
200 20 0.691 108.527 1.1987e-06
200 20 0.701 107.632 1.1155e-06
200 20 0.711 102.065 1.0444e-06
200 20 0.721 99.5601 1.0425e-06
200 20 0.731 95.8773 1.0581e-06
200 20 0.741 92.5091 1.0642e-06
200 20 0.751 89.9005 1.0287e-06
200 20 0.761 87.2461 1.0154e-06
200 20 0.771 84.838 1.0094e-06
200 20 0.781 81.501 1.0081e-06
200 20 0.791 80.2504 1.0024e-06
200 20 0.801 77.5141 9.14e-07
200 20 0.811 74.7244 7.971e-07
200 20 0.821 73.4384 8.022e-07
200 20 0.831 72.2561 8.368e-07
200 20 0.841 70.3842 8.037e-07
200 20 0.851 68.5531 7.951e-07
200 20 0.861 67.1029 7.928e-07
200 20 0.871 65.1227 8.001e-07
200 20 0.881 63.9687 8.533e-07
200 20 0.891 62.7027 8.195e-07
200 20 0.901 61.0796 9.473e-07
200 20 0.911 60.1034 9.239e-07
200 20 0.921 58.2628 7.648e-07
200 20 0.931 57.4881 7.614e-07
200 20 0.941 56.1412 7.645e-07
200 20 0.951 55.3025 8.22e-07
200 20 0.961 53.8266 9.859e-07
200 20 0.971 52.9703 9.437e-07
200 20 0.981 51.6803 9.065e-07
200 20 0.991 50.8594 8.711e-07
200 20 1.001 49.6259 9.327e-07
200 20 1.011 49.0162 9.461e-07
200 20 1.021 47.6879 9.128e-07
200 20 1.031 47.1484 9.243e-07
200 20 1.041 46.2773 9.133e-07
200 20 1.051 45.2885 9.392e-07
200 20 1.061 44.5033 9.395e-07
200 20 1.071 43.5733 9.365e-07
200 20 1.081 43.1947 9.372e-07
200 20 1.091 42.4781 9.398e-07
200 20 1.101 42.0165 9.373e-07
200 20 1.111 41.1018 9.363e-07
200 20 1.121 40.5154 9.288e-07
200 20 1.131 39.9226 9.238e-07
200 20 1.141 39.2395 9.167e-07
200 20 1.151 38.8219 9.227e-07
200 20 1.161 38.0281 9.209e-07
200 20 1.171 37.6767 9.111e-07
200 20 1.181 37.0503 7.868e-07
200 20 1.191 36.5291 9.099e-07
200 20 1.201 36.0537 9.153e-07
200 20 1.211 35.4692 9.293e-07
200 20 1.221 35.0308 9.021e-07
200 20 1.231 34.5831 9.238e-07
200 20 1.241 33.8811 9.137e-07
200 20 1.251 33.6245 8.774e-07
200 20 1.261 32.8838 9.817e-07
200 20 1.271 32.609 1.0016e-06
200 20 1.281 32.1723 9.974e-07
200 20 1.291 31.7171 1.0073e-06
200 20 1.301 30.9982 8.805e-07
200 20 1.311 30.7458 8.786e-07
200 20 1.321 30.4013 8.827e-07
200 20 1.331 29.856 8.682e-07
200 20 1.341 29.5115 8.86e-07
200 20 1.351 29.0453 8.573e-07
200 20 1.361 28.6232 8.682e-07
200 20 1.371 28.4029 8.646e-07
200 20 1.381 27.828 8.618e-07
200 20 1.391 27.6347 8.821e-07
200 20 1.401 27.1113 8.894e-07
200 20 1.411 26.7901 8.978e-07
200 20 1.421 26.4211 8.056e-07
200 20 1.431 26.0609 8.422e-07
200 20 1.441 25.713 9.046e-07
200 20 1.451 25.2881 8.834e-07
200 20 1.461 24.8983 8.863e-07
200 20 1.471 24.5523 8.823e-07
200 20 1.481 24.2878 8.795e-07
200 20 1.491 23.851 8.72e-07
200 20 1.501 23.4974 8.688e-07
200 20 1.511 23.1378 8.709e-07
200 20 1.521 22.84 8.839e-07
200 20 1.531 22.4832 8.702e-07
200 20 1.541 22.1654 8.049e-07
200 20 1.551 21.9047 7.128e-07
200 20 1.561 21.5096 8.452e-07
200 20 1.571 21.2844 8.677e-07
200 20 1.581 20.9274 8.589e-07
200 20 1.591 20.7336 8.635e-07
200 20 1.601 20.3989 8.559e-07
200 20 1.611 20.1741 8.545e-07
200 20 1.621 20.0122 8.469e-07
200 20 1.631 19.7312 8.516e-07
200 20 1.641 19.4751 8.681e-07
200 20 1.651 19.1177 8.661e-07
200 20 1.661 19.0521 8.656e-07
200 20 1.671 18.7809 8.579e-07
200 20 1.681 18.5018 8.597e-07
200 20 1.691 18.2822 8.603e-07
200 20 1.701 18.0542 8.054e-07
200 20 1.711 17.8858 8.071e-07
200 20 1.721 17.5732 8.562e-07
200 20 1.731 17.4389 8.56e-07
200 20 1.741 17.2109 8.582e-07
200 20 1.751 16.9614 8.579e-07
200 20 1.761 16.7502 8.409e-07
200 20 1.771 16.4871 8.248e-07
200 20 1.781 16.3028 8.209e-07
200 20 1.791 16.1033 8.302e-07
200 20 1.801 15.8762 8.258e-07
200 20 1.811 15.7435 8.576e-07
200 20 1.821 15.4186 8.512e-07
200 20 1.831 15.2531 8.495e-07
200 20 1.841 15.1272 8.372e-07
200 20 1.851 14.8072 8.443e-07
200 20 1.861 14.7525 8.372e-07
200 20 1.871 14.4547 8.351e-07
200 20 1.881 14.3101 8.296e-07
200 20 1.891 14.1176 8.221e-07
200 20 1.901 13.8761 8.247e-07
200 20 1.911 13.6955 8.193e-07
200 20 1.921 13.5643 8.228e-07
200 20 1.931 13.3282 8.15e-07
200 20 1.941 13.2173 8.262e-07
200 20 1.951 13.0322 8.136e-07
200 20 1.961 12.8062 8.12e-07
200 20 1.971 12.6333 8.126e-07
200 20 1.981 12.4933 8.206e-07
200 20 1.991 12.283 7.946e-07
200 30 0.001 5116.47 9.8201e-06
200 30 0.011 4892.91 9.4308e-06
200 30 0.021 4655.31 9.0209e-06
200 30 0.031 4403.66 8.5927e-06
200 30 0.041 4108.07 8.0769e-06
200 30 0.051 3904.3 7.7094e-06
200 30 0.061 3637.28 7.2258e-06
200 30 0.071 3422.33 6.8312e-06
200 30 0.081 3187.04 6.4299e-06
200 30 0.091 2983.57 6.0722e-06
200 30 0.101 2763.33 5.6928e-06
200 30 0.111 2615.37 5.4399e-06
200 30 0.121 2413.98 3.9625e-06
200 30 0.131 2246.41 4.0119e-06
200 30 0.141 2071.87 4.39e-06
200 30 0.151 1920.82 4.1201e-06
200 30 0.161 1763.64 3.8653e-06
200 30 0.171 1636.82 3.6556e-06
200 30 0.181 1523.35 3.4532e-06
200 30 0.191 1408.51 3.2744e-06
200 30 0.201 1269.71 3.0434e-06
200 30 0.211 1183.1 2.8872e-06
200 30 0.221 1086.42 2.7275e-06
200 30 0.231 1004.07 2.5949e-06
200 30 0.241 935.94 2.4636e-06
200 30 0.251 859.404 2.3262e-06
200 30 0.261 779.229 2.1944e-06
200 30 0.271 712.713 2.084e-06
200 30 0.281 675.058 2.0227e-06
200 30 0.291 625.892 1.94e-06
200 30 0.301 567.195 1.8446e-06
200 30 0.311 530.681 1.7824e-06
200 30 0.321 482.228 1.6836e-06
200 30 0.331 443.237 1.6126e-06
200 30 0.341 416.241 1.5615e-06
200 30 0.351 371.895 1.4917e-06
200 30 0.361 346.625 1.4673e-06
200 30 0.371 329.43 1.4447e-06
200 30 0.381 297.417 1.3922e-06
200 30 0.391 285.124 1.3644e-06
200 30 0.401 254.721 1.0693e-06
200 30 0.411 239.625 1.2423e-06
200 30 0.421 221.873 1.2426e-06
200 30 0.431 202.972 1.205e-06
200 30 0.441 198.302 1.1942e-06
200 30 0.451 183.737 1.165e-06
200 30 0.461 166.382 1.1336e-06
200 30 0.471 161.119 1.1142e-06
200 30 0.481 151.018 1.1083e-06
200 30 0.491 141.973 1.1043e-06
200 30 0.501 135.691 1.0919e-06
200 30 0.511 126.66 1.0752e-06
200 30 0.521 122.681 1.063e-06
200 30 0.531 116.796 1.0491e-06
200 30 0.541 111.009 1.0426e-06
200 30 0.551 107.748 1.029e-06
200 30 0.561 102.721 1.0206e-06
200 30 0.571 97.4507 1.0087e-06
200 30 0.581 93.5616 1.0144e-06
200 30 0.591 89.8361 8.919e-07
200 30 0.601 86.8171 7.461e-07
200 30 0.611 83.4871 9.105e-07
200 30 0.621 80.6802 9.859e-07
200 30 0.631 78.7789 9.739e-07
200 30 0.641 75.7761 9.547e-07
200 30 0.651 72.6634 9.509e-07
200 30 0.661 73.2467 9.585e-07
200 30 0.671 69.9253 9.375e-07
200 30 0.681 66.9452 9.281e-07
200 30 0.691 66.3562 9.247e-07
200 30 0.701 63.976 9.251e-07
200 30 0.711 62.4307 9.011e-07
200 30 0.721 60.9215 9.102e-07
200 30 0.731 59.4015 9.572e-07
200 30 0.741 58.4052 1.0332e-06
200 30 0.751 56.3386 1.024e-06
200 30 0.761 55.6222 1.0266e-06
200 30 0.771 54.1578 8.657e-07
200 30 0.781 53.0723 7.151e-07
200 30 0.791 52.0487 7.108e-07
200 30 0.801 51.0021 7.298e-07
200 30 0.811 49.8311 7.314e-07
200 30 0.821 49.2113 8.535e-07
200 30 0.831 48.1161 9.071e-07
200 30 0.841 47.2288 9.04e-07
200 30 0.851 46.1586 9.05e-07
200 30 0.861 45.5665 9.057e-07
200 30 0.871 44.4315 9.09e-07
200 30 0.881 43.5813 9.065e-07
200 30 0.891 42.8287 9.038e-07
200 30 0.901 42.1626 8.977e-07
200 30 0.911 41.6118 9.031e-07
200 30 0.921 40.3962 9.006e-07
200 30 0.931 39.9305 8.958e-07
200 30 0.941 39.2174 8.949e-07
200 30 0.951 38.4487 9e-07
200 30 0.961 37.6711 8.982e-07
200 30 0.971 37.1766 9.011e-07
200 30 0.981 36.5428 7.069e-07
200 30 0.991 35.6867 8.518e-07
200 30 1.001 35.3637 8.764e-07
200 30 1.011 34.4714 8.694e-07
200 30 1.021 33.9766 8.784e-07
200 30 1.031 33.4828 8.797e-07
200 30 1.041 33.1913 8.724e-07
200 30 1.051 32.5048 8.735e-07
200 30 1.061 32.0025 8.694e-07
200 30 1.071 31.4913 8.753e-07
200 30 1.081 30.8955 8.629e-07
200 30 1.091 30.5843 8.725e-07
200 30 1.101 30.1777 8.613e-07
200 30 1.111 29.754 8.629e-07
200 30 1.121 29.3841 8.306e-07
200 30 1.131 28.9663 8.743e-07
200 30 1.141 28.6126 8.699e-07
200 30 1.151 28.2923 8.531e-07
200 30 1.161 27.9382 8.749e-07
200 30 1.171 27.412 8.833e-07
200 30 1.181 27.1486 8.665e-07
200 30 1.191 26.8556 8.761e-07
200 30 1.201 26.4668 8.903e-07
200 30 1.211 26.0942 8.794e-07
200 30 1.221 25.834 8.599e-07
200 30 1.231 25.433 8.667e-07
200 30 1.241 25.1286 8.763e-07
200 30 1.251 24.7917 8.746e-07
200 30 1.261 24.5131 8.741e-07
200 30 1.271 24.1818 8.773e-07
200 30 1.281 24.0254 8.776e-07
200 30 1.291 23.5647 8.755e-07
200 30 1.301 23.3672 8.783e-07
200 30 1.311 22.9951 8.622e-07
200 30 1.321 22.7177 8.477e-07
200 30 1.331 22.3957 8.763e-07
200 30 1.341 22.158 8.746e-07
200 30 1.351 21.9603 8.706e-07
200 30 1.361 21.5948 8.707e-07
200 30 1.371 21.3979 8.557e-07
200 30 1.381 21.1036 8.503e-07
200 30 1.391 20.8388 8.423e-07
200 30 1.401 20.5294 8.705e-07
200 30 1.411 20.17 8.627e-07
200 30 1.421 20.0303 8.625e-07
200 30 1.431 19.7204 8.665e-07
200 30 1.441 19.5712 8.684e-07
200 30 1.451 19.2067 8.619e-07
200 30 1.461 19.0146 8.657e-07
200 30 1.471 18.8219 8.372e-07
200 30 1.481 18.5749 8.321e-07
200 30 1.491 18.1798 8.361e-07
200 30 1.501 17.921 8.234e-07
200 30 1.511 17.7593 8.316e-07
200 30 1.521 17.477 8.579e-07
200 30 1.531 17.2848 8.46e-07
200 30 1.541 17.126 8.393e-07
200 30 1.551 16.827 8.413e-07
200 30 1.561 16.5544 8.405e-07
200 30 1.571 16.4176 8.391e-07
200 30 1.581 16.1715 8.405e-07
200 30 1.591 15.9242 8.358e-07
200 30 1.601 15.7599 8.312e-07
200 30 1.611 15.5553 8.317e-07
200 30 1.621 15.375 8.471e-07
200 30 1.631 15.2201 8.616e-07
200 30 1.641 15.0277 8.39e-07
200 30 1.651 14.8366 8.624e-07
200 30 1.661 14.5972 8.477e-07
200 30 1.671 14.4831 8.364e-07
200 30 1.681 14.3207 8.303e-07
200 30 1.691 14.1114 8.326e-07
200 30 1.701 13.8572 6.613e-07
200 30 1.711 13.7401 6.593e-07
200 30 1.721 13.5517 8.161e-07
200 30 1.731 13.3749 7.539e-07
200 30 1.741 13.0852 7.829e-07
200 30 1.751 13.0766 8.165e-07
200 30 1.761 12.8603 8.089e-07
200 30 1.771 12.6491 8.163e-07
200 30 1.781 12.5059 6.999e-07
200 30 1.791 12.2739 6.568e-07
200 30 1.801 12.0907 7.156e-07
200 30 1.811 11.8772 6.655e-07
200 30 1.821 11.8466 6.433e-07
200 30 1.831 11.6683 6.546e-07
200 30 1.841 11.462 6.427e-07
200 30 1.851 11.3033 7.262e-07
200 30 1.861 11.0801 6.376e-07
200 30 1.871 11.0473 7.844e-07
200 30 1.881 10.8266 7.114e-07
200 30 1.891 10.6425 6.533e-07
200 30 1.901 10.5214 6.377e-07
200 30 1.911 10.3915 6.361e-07
200 30 1.921 10.1581 6.402e-07
200 30 1.931 10.0394 6.726e-07
200 30 1.941 9.9369 6.456e-07
200 30 1.951 9.813 6.313e-07
200 30 1.961 9.6564 7.703e-07
200 30 1.971 9.5067 6.408e-07
200 30 1.981 9.389 7.826e-07
200 30 1.991 9.2483 8.008e-07
200 40 0.001 6748.37 1.09397e-05
200 40 0.011 6436.98 1.04809e-05
200 40 0.021 6084.67 9.9744e-06
200 40 0.031 5703.58 9.4058e-06
200 40 0.041 5416.97 8.9446e-06
200 40 0.051 5028.4 8.3623e-06
200 40 0.061 4731.81 7.9215e-06
200 40 0.071 4376.07 7.4204e-06
200 40 0.081 4113.56 7.0293e-06
200 40 0.091 3782.71 6.5377e-06
200 40 0.101 3536.05 6.1786e-06
200 40 0.111 3228.67 5.7261e-06
200 40 0.121 3022.18 5.4277e-06
200 40 0.131 2796.6 5.0907e-06
200 40 0.141 2568.25 4.7535e-06
200 40 0.151 2363.82 4.446e-06
200 40 0.161 2198.29 4.2007e-06
200 40 0.171 2003.47 3.8743e-06
200 40 0.181 1858.36 3.6892e-06
200 40 0.191 1687.71 3.4711e-06
200 40 0.201 1571.66 3.2797e-06
200 40 0.211 1438.94 3.0737e-06
200 40 0.221 1303.87 2.8626e-06
200 40 0.231 1205.44 2.6924e-06
200 40 0.241 1091 2.5154e-06
200 40 0.251 1018.42 2.4015e-06
200 40 0.261 905.017 2.234e-06
200 40 0.271 849.661 2.1489e-06
200 40 0.281 767.699 2.0193e-06
200 40 0.291 713.196 1.9369e-06
200 40 0.301 638.161 1.8278e-06
200 40 0.311 597.209 1.7848e-06
200 40 0.321 543.055 1.6986e-06
200 40 0.331 499.632 1.6348e-06
200 40 0.341 452.881 1.2654e-06
200 40 0.351 411.503 1.3219e-06
200 40 0.361 384.669 1.4643e-06
200 40 0.371 350.331 1.4019e-06
200 40 0.381 328.991 1.3673e-06
200 40 0.391 308.72 1.3514e-06
200 40 0.401 277.714 1.2902e-06
200 40 0.411 259.327 1.2663e-06
200 40 0.421 242.664 1.2362e-06
200 40 0.431 220.824 1.2108e-06
200 40 0.441 213.617 1.1905e-06
200 40 0.451 194.566 9.745e-07
200 40 0.461 180.057 1.1068e-06
200 40 0.471 170.794 1.0659e-06
200 40 0.481 157.132 1.0402e-06
200 40 0.491 146.549 1.0215e-06
200 40 0.501 139.807 1.0391e-06
200 40 0.511 134.397 1.0299e-06
200 40 0.521 124.571 1.0224e-06
200 40 0.531 120.804 1.0055e-06
200 40 0.541 112.636 9.976e-07
200 40 0.551 109.137 9.448e-07
200 40 0.561 103.794 1.0674e-06
200 40 0.571 98.0622 1.0636e-06
200 40 0.581 96.3155 1.0784e-06
200 40 0.591 89.3111 1.0581e-06
200 40 0.601 88.0044 1.2118e-06
200 40 0.611 84.4507 1.9859e-06
200 40 0.621 81.3236 2.4624e-06
200 40 0.631 79.6134 9.557e-07
200 40 0.641 76.847 9.606e-07
200 40 0.651 72.9564 9.581e-07
200 40 0.661 72.0824 9.384e-07
200 40 0.671 70.046 9.507e-07
200 40 0.681 67.3232 9.483e-07
200 40 0.691 65.472 9.345e-07
200 40 0.701 64.5418 9.594e-07
200 40 0.711 62.7594 8.07e-07
200 40 0.721 60.9461 9.12e-07
200 40 0.731 59.6475 7.391e-07
200 40 0.741 58.2883 7.225e-07
200 40 0.751 57.0681 7.265e-07
200 40 0.761 55.5001 7.149e-07
200 40 0.771 54.541 7.222e-07
200 40 0.781 53.1677 8.9e-07
200 40 0.791 51.8926 9.14e-07
200 40 0.801 51.1454 9.15e-07
200 40 0.811 50.0618 9.25e-07
200 40 0.821 49.0739 8.973e-07
200 40 0.831 48.2184 8.892e-07
200 40 0.841 47.4212 8.912e-07
200 40 0.851 46.1028 8.918e-07
200 40 0.861 45.3426 9.243e-07
200 40 0.871 44.4691 9.393e-07
200 40 0.881 43.6795 8.96e-07
200 40 0.891 42.8593 8.916e-07
200 40 0.901 41.8352 9.005e-07
200 40 0.911 41.324 8.924e-07
200 40 0.921 40.745 8.952e-07
200 40 0.931 39.9279 8.99e-07
200 40 0.941 39.1498 8.974e-07
200 40 0.951 38.3572 9.012e-07
200 40 0.961 37.8868 9.014e-07
200 40 0.971 37.3437 8.952e-07
200 40 0.981 36.3594 8.954e-07
200 40 0.991 35.8121 8.931e-07
200 40 1.001 35.118 8.919e-07
200 40 1.011 34.7183 8.139e-07
200 40 1.021 34.055 7.413e-07
200 40 1.031 33.7234 7.923e-07
200 40 1.041 32.9143 7.398e-07
200 40 1.051 32.4297 7.531e-07
200 40 1.061 31.9615 6.843e-07
200 40 1.071 31.475 7.173e-07
200 40 1.081 31.0577 7.1e-07
200 40 1.091 30.6731 8.485e-07
200 40 1.101 30.1866 8.794e-07
200 40 1.111 29.6598 8.84e-07
200 40 1.121 29.3521 8.694e-07
200 40 1.131 28.8988 8.928e-07
200 40 1.141 28.5693 9.152e-07
200 40 1.151 28.0996 9.24e-07
200 40 1.161 27.9303 9.064e-07
200 40 1.171 27.3881 8.963e-07
200 40 1.181 27.029 8.885e-07
200 40 1.191 26.7113 8.869e-07
200 40 1.201 26.3284 8.874e-07
200 40 1.211 26.1719 8.842e-07
200 40 1.221 25.8206 8.853e-07
200 40 1.231 25.4044 8.855e-07
200 40 1.241 25.0143 8.828e-07
200 40 1.251 24.8861 8.876e-07
200 40 1.261 24.4038 8.912e-07
200 40 1.271 24.1809 8.857e-07
200 40 1.281 23.8318 8.86e-07
200 40 1.291 23.5113 8.749e-07
200 40 1.301 23.3085 8.778e-07
200 40 1.311 22.9242 8.778e-07
200 40 1.321 22.8046 8.663e-07
200 40 1.331 22.3318 7.18e-07
200 40 1.341 22.1777 7.136e-07
200 40 1.351 21.9939 8.393e-07
200 40 1.361 21.6961 8.365e-07
200 40 1.371 21.3428 7.002e-07
200 40 1.381 21.0522 8.177e-07
200 40 1.391 20.7419 8.287e-07
200 40 1.401 20.605 7.688e-07
200 40 1.411 20.2679 8.739e-07
200 40 1.421 19.9844 7.139e-07
200 40 1.431 19.8289 6.885e-07
200 40 1.441 19.4753 6.769e-07
200 40 1.451 19.2305 6.73e-07
200 40 1.461 18.8785 6.86e-07
200 40 1.471 18.7492 6.779e-07
200 40 1.481 18.4569 6.766e-07
200 40 1.491 18.2308 6.83e-07
200 40 1.501 18.0121 6.729e-07
200 40 1.511 17.7068 6.805e-07
200 40 1.521 17.5547 8.027e-07
200 40 1.531 17.2488 7.072e-07
200 40 1.541 17.1253 7.02e-07
200 40 1.551 16.8507 7.031e-07
200 40 1.561 16.6452 7.329e-07
200 40 1.571 16.4234 8.057e-07
200 40 1.581 16.1935 6.728e-07
200 40 1.591 16 8.233e-07
200 40 1.601 15.7212 8.15e-07
200 40 1.611 15.5979 6.95e-07
200 40 1.621 15.4039 6.924e-07
200 40 1.631 15.25 8.549e-07
200 40 1.641 14.9935 8.652e-07
200 40 1.651 14.8174 8.574e-07
200 40 1.661 14.6011 8.423e-07
200 40 1.671 14.4187 8.579e-07
200 40 1.681 14.2622 7.416e-07
200 40 1.691 14.0692 6.722e-07
200 40 1.701 13.8922 8.079e-07
200 40 1.711 13.766 8.467e-07
200 40 1.721 13.5799 8.501e-07
200 40 1.731 13.4366 8.491e-07
200 40 1.741 13.2592 8.441e-07
200 40 1.751 12.9833 7.593e-07
200 40 1.761 12.8057 6.587e-07
200 40 1.771 12.6465 6.702e-07
200 40 1.781 12.5017 8.417e-07
200 40 1.791 12.3785 8.532e-07
200 40 1.801 12.1427 8.485e-07
200 40 1.811 11.937 8.568e-07
200 40 1.821 11.8608 8.46e-07
200 40 1.831 11.6139 8.182e-07
200 40 1.841 11.4647 6.909e-07
200 40 1.851 11.2479 8.214e-07
200 40 1.861 11.1436 8.181e-07
200 40 1.871 11.0121 8.158e-07
200 40 1.881 10.8624 8.11e-07
200 40 1.891 10.7282 6.794e-07
200 40 1.901 10.4633 6.444e-07
200 40 1.911 10.4015 6.438e-07
200 40 1.921 10.1758 8.11e-07
200 40 1.931 10.0693 8.322e-07
200 40 1.941 9.9484 7.958e-07
200 40 1.951 9.8339 8.178e-07
200 40 1.961 9.6264 8.352e-07
200 40 1.971 9.5009 8.06e-07
200 40 1.981 9.3819 8.045e-07
200 40 1.991 9.2304 8.014e-07
300 10 0.001 2906.96 6.3041e-06
300 10 0.011 2867.29 6.171e-06
300 10 0.021 2822.75 6.0545e-06
300 10 0.031 2766.81 5.9549e-06
300 10 0.041 2721.94 5.8857e-06
300 10 0.051 2667.68 5.7995e-06
300 10 0.061 2622.88 4.3708e-06
300 10 0.071 2571.59 4.0123e-06
300 10 0.081 2509.62 5.3968e-06
300 10 0.091 2457.44 5.3007e-06
300 10 0.101 2415.26 5.2424e-06
300 10 0.111 2348.31 5.1261e-06
300 10 0.121 2288.04 5.0315e-06
300 10 0.131 2244.32 4.9557e-06
300 10 0.141 2184.71 4.8396e-06
300 10 0.151 2109.88 4.7128e-06
300 10 0.161 2069.61 4.6432e-06
300 10 0.171 2025.07 4.5711e-06
300 10 0.181 1983.27 4.5007e-06
300 10 0.191 1917.27 4.3916e-06
300 10 0.201 1876.34 4.3128e-06
300 10 0.211 1831.68 3.6245e-06
300 10 0.221 1782.05 2.4786e-06
300 10 0.231 1723.87 2.4335e-06
300 10 0.241 1685 2.3762e-06
300 10 0.251 1632.01 2.3444e-06
300 10 0.261 1594.96 2.3285e-06
300 10 0.271 1541.8 3.2904e-06
300 10 0.281 1513.43 2.3822e-06
300 10 0.291 1478.16 2.2271e-06
300 10 0.301 1400.87 2.1537e-06
300 10 0.311 1377.98 2.1338e-06
300 10 0.321 1327.19 2.1034e-06
300 10 0.331 1298.44 2.0781e-06
300 10 0.341 1261.72 3.2827e-06
300 10 0.351 1206.08 3.1845e-06
300 10 0.361 1190.63 3.1591e-06
300 10 0.371 1149.61 3.0916e-06
300 10 0.381 1114.27 3.0383e-06
300 10 0.391 1092.38 2.9989e-06
300 10 0.401 1035.28 2.9027e-06
300 10 0.411 1016.94 2.866e-06
300 10 0.421 967.08 2.788e-06
300 10 0.431 961.478 2.7806e-06
300 10 0.441 923 2.7201e-06
300 10 0.451 890.525 2.67e-06
300 10 0.461 865.042 2.6414e-06
300 10 0.471 831.379 2.1027e-06
300 10 0.481 808.844 1.6833e-06
300 10 0.491 790.966 1.6855e-06
300 10 0.501 753.541 1.6555e-06
300 10 0.511 729.597 1.6484e-06
300 10 0.521 700.334 2.023e-06
300 10 0.531 686.214 2.3835e-06
300 10 0.541 668.227 2.3623e-06
300 10 0.551 646.789 2.3269e-06
300 10 0.561 623.461 1.9581e-06
300 10 0.571 603.374 1.913e-06
300 10 0.581 581.592 2.2507e-06
300 10 0.591 559.706 2.2078e-06
300 10 0.601 535.36 2.1775e-06
300 10 0.611 520.606 2.1539e-06
300 10 0.621 504.802 1.6067e-06
300 10 0.631 492.342 1.4918e-06
300 10 0.641 463.685 1.5027e-06
300 10 0.651 459.545 2.0197e-06
300 10 0.661 443.408 1.9954e-06
300 10 0.671 422.204 1.9715e-06
300 10 0.681 412.766 1.9498e-06
300 10 0.691 397.72 1.9248e-06
300 10 0.701 378.542 1.8855e-06
300 10 0.711 371.504 1.8713e-06
300 10 0.721 360.229 1.8602e-06
300 10 0.731 351.515 1.844e-06
300 10 0.741 341.102 1.8266e-06
300 10 0.751 326.546 1.7988e-06
300 10 0.761 318.885 1.7764e-06
300 10 0.771 302.785 1.7534e-06
300 10 0.781 294.775 1.7469e-06
300 10 0.791 284.487 1.7282e-06
300 10 0.801 275.443 1.7155e-06
300 10 0.811 270.272 1.7018e-06
300 10 0.821 256.995 1.678e-06
300 10 0.831 252.72 1.6608e-06
300 10 0.841 244.479 1.6517e-06
300 10 0.851 234.59 1.6606e-06
300 10 0.861 230.653 1.632e-06
300 10 0.871 222.795 1.6128e-06
300 10 0.881 215.138 1.595e-06
300 10 0.891 210.651 1.5793e-06
300 10 0.901 203.919 1.5776e-06
300 10 0.911 196.67 1.5683e-06
300 10 0.921 190.6 1.5549e-06
300 10 0.931 184.336 1.5384e-06
300 10 0.941 177.977 1.5201e-06
300 10 0.951 174.248 1.516e-06
300 10 0.961 169.962 1.4968e-06
300 10 0.971 162.965 1.4918e-06
300 10 0.981 161.356 1.4725e-06
300 10 0.991 154.466 1.4852e-06
300 10 1.001 149.977 1.4788e-06
300 10 1.011 147.301 1.4604e-06
300 10 1.021 141.6 1.4591e-06
300 10 1.031 136.92 1.4298e-06
300 10 1.041 134.742 1.4236e-06
300 10 1.051 130.995 1.4141e-06
300 10 1.061 128.627 1.421e-06
300 10 1.071 125.167 1.4106e-06
300 10 1.081 120.55 1.3979e-06
300 10 1.091 120.231 1.3928e-06
300 10 1.101 116.753 1.3893e-06
300 10 1.111 113.854 1.3774e-06
300 10 1.121 111.363 1.3566e-06
300 10 1.131 109.495 1.3678e-06
300 10 1.141 107.116 1.356e-06
300 10 1.151 105.774 1.3429e-06
300 10 1.161 103.757 1.3209e-06
300 10 1.171 101.407 1.3227e-06
300 10 1.181 99.072 1.3432e-06
300 10 1.191 97.3217 1.3337e-06
300 10 1.201 95.5322 1.3285e-06
300 10 1.211 94.0758 1.3198e-06
300 10 1.221 92.0063 1.244e-06
300 10 1.231 90.3854 1.3102e-06
300 10 1.241 88.5978 1.3227e-06
300 10 1.251 87.919 1.1988e-06
300 10 1.261 86.1258 1.2983e-06
300 10 1.271 83.768 1.2869e-06
300 10 1.281 82.8506 1.2857e-06
300 10 1.291 81.7321 1.2925e-06
300 10 1.301 79.6752 1.2899e-06
300 10 1.311 78.2771 1.2918e-06
300 10 1.321 77.3377 1.2598e-06
300 10 1.331 76.0218 1.2677e-06
300 10 1.341 74.6959 1.2715e-06
300 10 1.351 73.1575 1.269e-06
300 10 1.361 72.0507 1.259e-06
300 10 1.371 70.8722 1.2341e-06
300 10 1.381 69.5638 1.2225e-06
300 10 1.391 68.6552 1.2361e-06
300 10 1.401 67.311 1.2362e-06
300 10 1.411 66.4381 1.2452e-06
300 10 1.421 65.1929 1.2099e-06
300 10 1.431 63.8652 1.2196e-06
300 10 1.441 63.0992 1.2219e-06
300 10 1.451 61.9291 1.2247e-06
300 10 1.461 61.1092 1.1975e-06
300 10 1.471 60.227 1.1815e-06
300 10 1.481 58.951 1.1775e-06
300 10 1.491 58.174 1.1697e-06
300 10 1.501 56.9689 1.1639e-06
300 10 1.511 56.4087 1.1862e-06
300 10 1.521 54.9667 1.0999e-06
300 10 1.531 54.5817 9.491e-07
300 10 1.541 53.7783 9.511e-07
300 10 1.551 52.6091 9.384e-07
300 10 1.561 51.9544 9.429e-07
300 10 1.571 51.2418 9.467e-07
300 10 1.581 50.1913 9.658e-07
300 10 1.591 49.4388 9.426e-07
300 10 1.601 49.0405 9.331e-07
300 10 1.611 48.2286 1.0178e-06
300 10 1.621 47.7082 1.1413e-06
300 10 1.631 46.9352 1.1474e-06
300 10 1.641 46.295 1.1454e-06
300 10 1.651 45.9193 1.1344e-06
300 10 1.661 45.2569 1.13e-06
300 10 1.671 44.5603 1.1587e-06
300 10 1.681 43.7471 1.1357e-06
300 10 1.691 43.2714 9.15e-07
300 10 1.701 42.603 1.0035e-06
300 10 1.711 42.1198 1.1103e-06
300 10 1.721 41.3052 1.1131e-06
300 10 1.731 40.8631 1.1071e-06
300 10 1.741 40.3187 1.0965e-06
300 10 1.751 39.7151 9.93e-07
300 10 1.761 39.074 1.0516e-06
300 10 1.771 38.5457 1.1142e-06
300 10 1.781 38.0291 1.1101e-06
300 10 1.791 37.4516 1.1098e-06
300 10 1.801 36.8283 1.1102e-06
300 10 1.811 36.189 1.1064e-06
300 10 1.821 35.6889 1.098e-06
300 10 1.831 35.073 1.0941e-06
300 10 1.841 34.6808 1.0908e-06
300 10 1.851 34.0013 1.0947e-06
300 10 1.861 33.4368 1.0903e-06
300 10 1.871 32.8102 1.0761e-06
300 10 1.881 32.2881 1.0793e-06
300 10 1.891 31.8847 9.757e-07
300 10 1.901 31.3003 8.762e-07
300 10 1.911 30.7253 9.595e-07
300 10 1.921 30.3078 1.0338e-06
300 10 1.931 29.7204 1.0431e-06
300 10 1.941 29.2504 1.0406e-06
300 10 1.951 28.7879 1.0422e-06
300 10 1.961 28.3856 8.718e-07
300 10 1.971 27.6559 9.35e-07
300 10 1.981 27.3161 1.0117e-06
300 10 1.991 26.8061 1.019e-06
300 20 0.001 5609.32 1.08266e-05
300 20 0.011 5450.65 1.05229e-05
300 20 0.021 5270.15 8.1098e-06
300 20 0.031 5086.07 7.3989e-06
300 20 0.041 4888.38 5.6497e-06
300 20 0.051 4693.55 9.2512e-06
300 20 0.061 4512.5 8.9316e-06
300 20 0.071 4293.88 8.5543e-06
300 20 0.081 4147.2 8.304e-06
300 20 0.091 3942.7 7.9544e-06
300 20 0.101 3751.72 7.6125e-06
300 20 0.111 3613.48 7.3833e-06
300 20 0.121 3435.16 7.0794e-06
300 20 0.131 3239.16 6.7263e-06
300 20 0.141 3102.12 6.4934e-06
300 20 0.151 2959.79 6.24e-06
300 20 0.161 2801.78 5.9677e-06
300 20 0.171 2672.41 5.7436e-06
300 20 0.181 2505.48 5.4618e-06
300 20 0.191 2397.29 5.2642e-06
300 20 0.201 2285.52 5.0236e-06
300 20 0.211 2159.34 4.8388e-06
300 20 0.221 2024.11 4.6115e-06
300 20 0.231 1920.55 3.7628e-06
300 20 0.241 1793.53 2.4422e-06
300 20 0.251 1724.65 2.3896e-06
300 20 0.261 1617.59 2.2756e-06
300 20 0.271 1539.07 2.2193e-06
300 20 0.281 1447.84 2.1203e-06
300 20 0.291 1366.82 2.9631e-06
300 20 0.301 1288.38 3.1982e-06
300 20 0.311 1221.3 2.5978e-06
300 20 0.321 1148.61 1.8513e-06
300 20 0.331 1088.77 1.8132e-06
300 20 0.341 1042.54 1.9042e-06
300 20 0.351 970.736 2.7414e-06
300 20 0.361 909.509 2.6282e-06
300 20 0.371 861.642 2.5515e-06
300 20 0.381 815.337 2.4604e-06
300 20 0.391 761.829 2.3705e-06
300 20 0.401 718.076 2.2867e-06
300 20 0.411 673.877 2.2059e-06
300 20 0.421 626.902 2.1229e-06
300 20 0.431 594.488 2.0724e-06
300 20 0.441 565.28 2.0247e-06
300 20 0.451 531.016 1.9775e-06
300 20 0.461 505.227 1.9096e-06
300 20 0.471 485.84 1.8783e-06
300 20 0.481 449.212 1.8131e-06
300 20 0.491 426.297 1.7882e-06
300 20 0.501 403.573 1.7221e-06
300 20 0.511 380.879 1.6877e-06
300 20 0.521 365.428 1.6582e-06
300 20 0.531 348.359 1.6246e-06
300 20 0.541 326.16 1.5911e-06
300 20 0.551 303.717 1.5467e-06
300 20 0.561 296.307 1.5284e-06
300 20 0.571 283.959 1.1431e-06
300 20 0.581 267.21 1.0425e-06
300 20 0.591 255.664 1.0402e-06
300 20 0.601 243.987 1.0359e-06
300 20 0.611 229.301 1.3477e-06
300 20 0.621 223.124 1.3864e-06
300 20 0.631 214.058 1.3669e-06
300 20 0.641 202.435 1.3446e-06
300 20 0.651 193.799 1.3252e-06
300 20 0.661 186.823 1.059e-06
300 20 0.671 180.206 1.1843e-06
300 20 0.681 173.038 1.0541e-06
300 20 0.691 167.786 1.256e-06
300 20 0.701 162.442 9.803e-07
300 20 0.711 157.749 1.2301e-06
300 20 0.721 152.387 1.2324e-06
300 20 0.731 145.333 1.2224e-06
300 20 0.741 141.078 1.2062e-06
300 20 0.751 137.171 1.2041e-06
300 20 0.761 133.381 1.2002e-06
300 20 0.771 128.624 1.177e-06
300 20 0.781 124.26 1.1761e-06
300 20 0.791 122.295 1.1696e-06
300 20 0.801 118.467 1.1576e-06
300 20 0.811 115.22 1.1565e-06
300 20 0.821 111.481 1.1506e-06
300 20 0.831 109.247 1.1459e-06
300 20 0.841 106.904 1.0087e-06
300 20 0.851 103.574 8.772e-07
300 20 0.861 101.956 1.0633e-06
300 20 0.871 99.1852 1.117e-06
300 20 0.881 96.3071 1.148e-06
300 20 0.891 94.8377 1.1403e-06
300 20 0.901 92.905 9.822e-07
300 20 0.911 91.0785 1.1343e-06
300 20 0.921 88.5563 1.1219e-06
300 20 0.931 86.7226 1.1033e-06
300 20 0.941 85.2864 1.1237e-06
300 20 0.951 83.7989 1.0927e-06
300 20 0.961 81.844 8.577e-07
300 20 0.971 80.7062 8.576e-07
300 20 0.981 78.4923 9.842e-07
300 20 0.991 76.9256 8.825e-07
300 20 1.001 75.4929 8.542e-07
300 20 1.011 74.3829 8.453e-07
300 20 1.021 72.6556 8.599e-07
300 20 1.031 71.4191 8.351e-07
300 20 1.041 70.0131 9.594e-07
300 20 1.051 69.1496 1.0588e-06
300 20 1.061 67.8275 1.0613e-06
300 20 1.071 66.746 1.0283e-06
300 20 1.081 65.2197 1.0214e-06
300 20 1.091 64.5748 1.0194e-06
300 20 1.101 63.1514 1.0172e-06
300 20 1.111 62.6825 1.0223e-06
300 20 1.121 61.196 9.746e-07
300 20 1.131 60.6139 9.176e-07
300 20 1.141 59.4166 9.796e-07
300 20 1.151 58.6648 9.328e-07
300 20 1.161 57.8951 8.222e-07
300 20 1.171 57.1842 8.253e-07
300 20 1.181 56.2329 8.187e-07
300 20 1.191 55.3568 8.198e-07
300 20 1.201 54.5941 1.0546e-06
300 20 1.211 53.6396 1.0556e-06
300 20 1.221 53.1068 8.796e-07
300 20 1.231 52.3727 8.357e-07
300 20 1.241 51.4361 8.306e-07
300 20 1.251 50.5575 8.09e-07
300 20 1.261 50.0197 8.16e-07
300 20 1.271 49.4445 8.98e-07
300 20 1.281 48.5697 9.606e-07
300 20 1.291 47.9359 1.0208e-06
300 20 1.301 47.1677 1.0159e-06
300 20 1.311 46.479 1.0182e-06
300 20 1.321 45.9784 1.0239e-06
300 20 1.331 45.3369 1.0173e-06
300 20 1.341 44.7184 9.922e-07
300 20 1.351 43.9553 9.854e-07
300 20 1.361 43.4306 1.0135e-06
300 20 1.371 42.7178 1.0304e-06
300 20 1.381 42.2531 9.489e-07
300 20 1.391 41.6764 7.939e-07
300 20 1.401 41.0279 7.991e-07
300 20 1.411 40.3422 7.917e-07
300 20 1.421 40.0664 7.912e-07
300 20 1.431 39.4964 7.999e-07
300 20 1.441 38.8787 7.772e-07
300 20 1.451 38.1948 8.8e-07
300 20 1.461 37.6888 9.899e-07
300 20 1.471 37.2542 9.927e-07
300 20 1.481 36.5777 9.953e-07
300 20 1.491 35.9833 9.678e-07
300 20 1.501 35.7324 9.969e-07
300 20 1.511 35.1395 9.891e-07
300 20 1.521 34.7083 9.771e-07
300 20 1.531 34.3068 9.85e-07
300 20 1.541 33.8052 9.872e-07
300 20 1.551 33.3054 9.805e-07
300 20 1.561 32.8012 9.867e-07
300 20 1.571 32.425 9.767e-07
300 20 1.581 31.919 9.571e-07
300 20 1.591 31.5861 9.779e-07
300 20 1.601 31.2724 9.735e-07
300 20 1.611 30.8581 9.675e-07
300 20 1.621 30.5375 9.668e-07
300 20 1.631 30.2644 8.808e-07
300 20 1.641 29.9236 8.029e-07
300 20 1.651 29.5085 7.962e-07
300 20 1.661 29.1295 7.574e-07
300 20 1.671 28.7357 7.745e-07
300 20 1.681 28.4922 7.74e-07
300 20 1.691 28.086 7.774e-07
300 20 1.701 27.7601 7.746e-07
300 20 1.711 27.4846 8.932e-07
300 20 1.721 27.1174 9.465e-07
300 20 1.731 26.74 9.351e-07
300 20 1.741 26.4875 9.397e-07
300 20 1.751 26.0316 9.492e-07
300 20 1.761 25.6876 9.578e-07
300 20 1.771 25.3223 9.51e-07
300 20 1.781 25.0905 8.057e-07
300 20 1.791 24.744 9.539e-07
300 20 1.801 24.3762 9.52e-07
300 20 1.811 24.0041 9.482e-07
300 20 1.821 23.7189 9.469e-07
300 20 1.831 23.4107 9.444e-07
300 20 1.841 23.1055 9.355e-07
300 20 1.851 22.8146 9.371e-07
300 20 1.861 22.4038 9.111e-07
300 20 1.871 22.1175 9.112e-07
300 20 1.881 21.7345 9.071e-07
300 20 1.891 21.6491 9.05e-07
300 20 1.901 21.1877 9.174e-07
300 20 1.911 20.8624 9.025e-07
300 20 1.921 20.5779 8.58e-07
300 20 1.931 20.2516 7.273e-07
300 20 1.941 19.976 7.134e-07
300 20 1.951 19.7135 7.21e-07
300 20 1.961 19.3126 7.162e-07
300 20 1.971 19.0435 7.137e-07
300 20 1.981 18.8209 7.063e-07
300 20 1.991 18.5242 6.909e-07
300 30 0.001 8101.2 1.1972e-05
300 30 0.011 7744.37 1.41117e-05
300 30 0.021 7354.28 1.3452e-05
300 30 0.031 6948.35 1.2762e-05
300 30 0.041 6566.46 1.21314e-05
300 30 0.051 6181.7 1.13839e-05
300 30 0.061 5805.52 1.07067e-05
300 30 0.071 5439.79 1.01179e-05
300 30 0.081 5066.92 9.6747e-06
300 30 0.091 4737.98 8.9731e-06
300 30 0.101 4386.43 8.3999e-06
300 30 0.111 4063.75 7.8506e-06
300 30 0.121 3812.65 7.4091e-06
300 30 0.131 3514.83 6.9201e-06
300 30 0.141 3254.78 6.5304e-06
300 30 0.151 3071.61 6.2025e-06
300 30 0.161 2784.05 5.7049e-06
300 30 0.171 2592.65 3.3531e-06
300 30 0.181 2396.04 2.9176e-06
300 30 0.191 2223.35 2.7603e-06
300 30 0.201 2054.02 3.3623e-06
300 30 0.211 1865.22 4.1355e-06
300 30 0.221 1761.38 2.6096e-06
300 30 0.231 1567.91 2.168e-06
300 30 0.241 1478.95 2.1089e-06
300 30 0.251 1336.46 2.1376e-06
300 30 0.261 1254.9 3.0571e-06
300 30 0.271 1137.96 2.8734e-06
300 30 0.281 1027.45 2.459e-06
300 30 0.291 959.549 1.6389e-06
300 30 0.301 902.696 1.589e-06
300 30 0.311 829.394 1.4886e-06
300 30 0.321 741.845 1.4244e-06
300 30 0.331 698.441 1.3818e-06
300 30 0.341 640.948 1.3179e-06
300 30 0.351 589.319 1.4551e-06
300 30 0.361 544.327 1.9056e-06
300 30 0.371 505.458 1.8279e-06
300 30 0.381 470.782 1.7718e-06
300 30 0.391 432.279 1.7087e-06
300 30 0.401 396.23 1.6398e-06
300 30 0.411 376.346 1.6108e-06
300 30 0.421 358.495 1.6171e-06
300 30 0.431 320.183 1.5974e-06
300 30 0.441 308.801 1.5759e-06
300 30 0.451 284.552 1.5403e-06
300 30 0.461 263.02 1.5147e-06
300 30 0.471 250.101 1.4811e-06
300 30 0.481 236.394 1.4235e-06
300 30 0.491 222.087 1.4289e-06
300 30 0.501 212.075 1.3622e-06
300 30 0.511 197.797 9.013e-07
300 30 0.521 186.978 9.158e-07
300 30 0.531 180.081 9.11e-07
300 30 0.541 168.554 8.983e-07
300 30 0.551 165.929 9.013e-07
300 30 0.561 156.329 8.977e-07
300 30 0.571 147.382 8.794e-07
300 30 0.581 141.459 8.818e-07
300 30 0.591 137.962 8.755e-07
300 30 0.601 131.356 8.574e-07
300 30 0.611 127.812 8.596e-07
300 30 0.621 124.782 8.569e-07
300 30 0.631 119.016 8.462e-07
300 30 0.641 115.744 8.364e-07
300 30 0.651 113.577 8.334e-07
300 30 0.661 109.097 9.603e-07
300 30 0.671 104.839 1.1182e-06
300 30 0.681 103.173 1.0984e-06
300 30 0.691 99.7418 1.1027e-06
300 30 0.701 97.563 1.0774e-06
300 30 0.711 95.4038 1.0735e-06
300 30 0.721 92.7504 1.0599e-06
300 30 0.731 91.0282 1.0483e-06
300 30 0.741 88.7172 1.0525e-06
300 30 0.751 87.184 1.0448e-06
300 30 0.761 84.6245 1.0356e-06
300 30 0.771 83.7946 8.869e-07
300 30 0.781 81.4248 9.842e-07
300 30 0.791 79.3942 1.0344e-06
300 30 0.801 77.6158 1.029e-06
300 30 0.811 76.4735 1.0219e-06
300 30 0.821 75.0639 1.0106e-06
300 30 0.831 73.2531 1.0056e-06
300 30 0.841 71.6529 1.0032e-06
300 30 0.851 70.5888 9.994e-07
300 30 0.861 69.1261 9.844e-07
300 30 0.871 68.2558 9.947e-07
300 30 0.881 67.0962 9.948e-07
300 30 0.891 65.79 1.0109e-06
300 30 0.901 64.3345 1.0063e-06
300 30 0.911 63.2587 9.999e-07
300 30 0.921 61.8173 9.071e-07
300 30 0.931 61.0682 7.612e-07
300 30 0.941 60.0716 9.011e-07
300 30 0.951 59.2583 7.548e-07
300 30 0.961 57.9282 7.604e-07
300 30 0.971 56.9285 7.575e-07
300 30 0.981 55.8886 7.535e-07
300 30 0.991 55.288 9.235e-07
300 30 1.001 53.8093 9.688e-07
300 30 1.011 53.0898 9.712e-07
300 30 1.021 52.3131 9.67e-07
300 30 1.031 51.396 9.67e-07
300 30 1.041 50.5207 8.665e-07
300 30 1.051 49.8961 7.449e-07
300 30 1.061 48.9484 7.428e-07
300 30 1.071 48.1216 7.443e-07
300 30 1.081 47.5965 7.504e-07
300 30 1.091 46.8546 7.484e-07
300 30 1.101 46.179 7.422e-07
300 30 1.111 45.4862 7.626e-07
300 30 1.121 44.6763 9.182e-07
300 30 1.131 43.8859 8.381e-07
300 30 1.141 43.5566 9.423e-07
300 30 1.151 43.0946 9.432e-07
300 30 1.161 42.4034 9.387e-07
300 30 1.171 41.8108 9.45e-07
300 30 1.181 41.2824 9.333e-07
300 30 1.191 40.8337 8.521e-07
300 30 1.201 40.2125 8.605e-07
300 30 1.211 39.473 9.29e-07
300 30 1.221 38.8854 9.318e-07
300 30 1.231 38.2789 8.721e-07
300 30 1.241 38.0372 7.404e-07
300 30 1.251 37.3786 7.451e-07
300 30 1.261 36.76 9.218e-07
300 30 1.271 36.3959 9.229e-07
300 30 1.281 35.8488 9.234e-07
300 30 1.291 35.1858 9.225e-07
300 30 1.301 34.6747 9.179e-07
300 30 1.311 34.2961 9.251e-07
300 30 1.321 33.7954 9.222e-07
300 30 1.331 33.4612 9.147e-07
300 30 1.341 32.8907 8.079e-07
300 30 1.351 32.372 9.179e-07
300 30 1.361 31.9704 1.0233e-06
300 30 1.371 31.5055 1.0467e-06
300 30 1.381 30.9967 1.0353e-06
300 30 1.391 30.5825 1.0261e-06
300 30 1.401 30.1513 1.0265e-06
300 30 1.411 29.9005 1.0157e-06
300 30 1.421 29.4206 9.983e-07
300 30 1.431 29.0136 9.033e-07
300 30 1.441 28.6416 7.284e-07
300 30 1.451 28.1384 7.252e-07
300 30 1.461 27.8688 7.378e-07
300 30 1.471 27.3993 7.336e-07
300 30 1.481 27.071 8.373e-07
300 30 1.491 26.5709 7.501e-07
300 30 1.501 26.4196 9.064e-07
300 30 1.511 25.9862 8.88e-07
300 30 1.521 25.6027 7.165e-07
300 30 1.531 25.3265 7.165e-07
300 30 1.541 24.8794 7.679e-07
300 30 1.551 24.7103 9.132e-07
300 30 1.561 24.3144 8.924e-07
300 30 1.571 24.0549 7.042e-07
300 30 1.581 23.8716 7.073e-07
300 30 1.591 23.5153 7.299e-07
300 30 1.601 23.2564 7.986e-07
300 30 1.611 22.9922 7.162e-07
300 30 1.621 22.7077 7.906e-07
300 30 1.631 22.4692 9.648e-07
300 30 1.641 22.2577 9.235e-07
300 30 1.651 21.9366 8.007e-07
300 30 1.661 21.7775 8.688e-07
300 30 1.671 21.5793 8.959e-07
300 30 1.681 21.3533 8.571e-07
300 30 1.691 21.0308 7.357e-07
300 30 1.701 20.8339 8.315e-07
300 30 1.711 20.6223 8.812e-07
300 30 1.721 20.4333 8.834e-07
300 30 1.731 20.1977 7.35e-07
300 30 1.741 19.9127 7.672e-07
300 30 1.751 19.6627 8.824e-07
300 30 1.761 19.4879 8.762e-07
300 30 1.771 19.2718 8.806e-07
300 30 1.781 19.0209 8.789e-07
300 30 1.791 18.7961 8.753e-07
300 30 1.801 18.5631 8.868e-07
300 30 1.811 18.4459 8.78e-07
300 30 1.821 18.119 7.991e-07
300 30 1.831 17.972 7.96e-07
300 30 1.841 17.7682 8.836e-07
300 30 1.851 17.5334 8.766e-07
300 30 1.861 17.2716 8.704e-07
300 30 1.871 17.1763 8.714e-07
300 30 1.881 16.9376 8.735e-07
300 30 1.891 16.7144 8.613e-07
300 30 1.901 16.5077 8.563e-07
300 30 1.911 16.4231 8.599e-07
300 30 1.921 16.127 8.043e-07
300 30 1.931 15.9454 7.097e-07
300 30 1.941 15.7624 8.624e-07
300 30 1.951 15.5858 8.528e-07
300 30 1.961 15.416 8.474e-07
300 30 1.971 15.2215 8.438e-07
300 30 1.981 15.0345 8.293e-07
300 30 1.991 14.773 8.378e-07
300 40 0.001 10732.9 1.66641e-05
300 40 0.011 10234.8 1.59474e-05
300 40 0.021 9696 1.51875e-05
300 40 0.031 9135.86 1.43919e-05
300 40 0.041 8560.57 1.35455e-05
300 40 0.051 8010.85 1.27704e-05
300 40 0.061 7531.59 1.21208e-05
300 40 0.071 7044.66 1.14911e-05
300 40 0.081 6508.75 1.06842e-05
300 40 0.091 6046.97 1.0013e-05
300 40 0.101 5551.01 9.2928e-06
300 40 0.111 5178.61 8.7401e-06
300 40 0.121 4810.23 8.2024e-06
300 40 0.131 4445.19 7.6683e-06
300 40 0.141 4066 7.1037e-06
300 40 0.151 3760.37 6.6683e-06
300 40 0.161 3487.65 6.2585e-06
300 40 0.171 3204.04 5.8208e-06
300 40 0.181 2925.86 5.4121e-06
300 40 0.191 2680.09 5.0504e-06
300 40 0.201 2474.74 4.7303e-06
300 40 0.211 2261.02 4.4234e-06
300 40 0.221 2061.54 4.112e-06
300 40 0.231 1882.04 3.8487e-06
300 40 0.241 1720.48 3.6004e-06
300 40 0.251 1589.92 3.3968e-06
300 40 0.261 1440.91 3.162e-06
300 40 0.271 1326.67 2.9936e-06
300 40 0.281 1220.45 2.8266e-06
300 40 0.291 1113.71 2.4149e-06
300 40 0.301 1021.46 2.1153e-06
300 40 0.311 901.015 1.6985e-06
300 40 0.321 869.344 2.2473e-06
300 40 0.331 770.234 2.0991e-06
300 40 0.341 723.449 2.0231e-06
300 40 0.351 664.949 1.9328e-06
300 40 0.361 597.454 1.8304e-06
300 40 0.371 552.209 1.7529e-06
300 40 0.381 528.614 1.7111e-06
300 40 0.391 467.231 1.6209e-06
300 40 0.401 433.617 1.5785e-06
300 40 0.411 404.134 1.5319e-06
300 40 0.421 372.128 1.4835e-06
300 40 0.431 342.68 1.4404e-06
300 40 0.441 323.896 1.4106e-06
300 40 0.451 298.725 1.3644e-06
300 40 0.461 287.747 1.3531e-06
300 40 0.471 259.564 1.3e-06
300 40 0.481 240.458 1.0586e-06
300 40 0.491 233.41 9.233e-07
300 40 0.501 221.628 1.1333e-06
300 40 0.511 206.579 1.2492e-06
300 40 0.521 196.662 1.2228e-06
300 40 0.531 185.361 1.2003e-06
300 40 0.541 173.129 1.1701e-06
300 40 0.551 168.439 1.1479e-06
300 40 0.561 157.699 1.1209e-06
300 40 0.571 152.033 1.1173e-06
300 40 0.581 147.235 1.1072e-06
300 40 0.591 138.373 1.1058e-06
300 40 0.601 134.526 1.1519e-06
300 40 0.611 128.536 1.1067e-06
300 40 0.621 124.048 1.0647e-06
300 40 0.631 121.707 1.0655e-06
300 40 0.641 116.265 1.0715e-06
300 40 0.651 112.86 1.0786e-06
300 40 0.661 109.892 1.0493e-06
300 40 0.671 107.105 1.0425e-06
300 40 0.681 104.211 1.0391e-06
300 40 0.691 101.463 1.0338e-06
300 40 0.701 98.3646 1.035e-06
300 40 0.711 96.5271 1.0233e-06
300 40 0.721 93.7637 1.0156e-06
300 40 0.731 91.5426 1.0201e-06
300 40 0.741 89.0956 1.0138e-06
300 40 0.751 86.7785 1.0122e-06
300 40 0.761 84.8224 1.0122e-06
300 40 0.771 83.2179 1.0043e-06
300 40 0.781 81.511 1.0052e-06
300 40 0.791 79.6702 1.0001e-06
300 40 0.801 78.0126 1.0007e-06
300 40 0.811 75.915 9.927e-07
300 40 0.821 75.2634 9.927e-07
300 40 0.831 73.8009 9.853e-07
300 40 0.841 72.2289 9.864e-07
300 40 0.851 70.9223 9.777e-07
300 40 0.861 69.9445 9.836e-07
300 40 0.871 67.959 9.816e-07
300 40 0.881 66.7584 8.714e-07
300 40 0.891 65.6168 9.952e-07
300 40 0.901 64.15 9.948e-07
300 40 0.911 63.1926 9.936e-07
300 40 0.921 62.3822 9.91e-07
300 40 0.931 61.1197 9.838e-07
300 40 0.941 60.1436 9.858e-07
300 40 0.951 59.1136 9.998e-07
300 40 0.961 57.9329 9.704e-07
300 40 0.971 56.5615 9.596e-07
300 40 0.981 56.1173 9.074e-07
300 40 0.991 54.7566 8.617e-07
300 40 1.001 53.9073 9.6e-07
300 40 1.011 53.0286 9.468e-07
300 40 1.021 52.2174 9.671e-07
300 40 1.031 51.2404 9.689e-07
300 40 1.041 50.2972 9.66e-07
300 40 1.051 49.6237 8.153e-07
300 40 1.061 48.8821 7.618e-07
300 40 1.071 48.3041 8.741e-07
300 40 1.081 47.4707 9.707e-07
300 40 1.091 46.9724 9.57e-07
300 40 1.101 46.3082 7.463e-07
300 40 1.111 45.208 8.763e-07
300 40 1.121 44.8466 1.0526e-06
300 40 1.131 44.084 1.044e-06
300 40 1.141 43.5738 1.0409e-06
300 40 1.151 42.6726 1.0333e-06
300 40 1.161 42.4527 1.0376e-06
300 40 1.171 41.7827 1.0448e-06
300 40 1.181 41.1821 1.039e-06
300 40 1.191 40.8539 1.0403e-06
300 40 1.201 40.1065 1.0432e-06
300 40 1.211 39.4334 1.0414e-06
300 40 1.221 39.0486 1.038e-06
300 40 1.231 38.4377 1.037e-06
300 40 1.241 37.8733 1.0394e-06
300 40 1.251 37.3708 1.0399e-06
300 40 1.261 36.8459 1.0369e-06
300 40 1.271 36.429 1.0391e-06
300 40 1.281 35.9799 1.0371e-06
300 40 1.291 35.2992 1.0329e-06
300 40 1.301 34.8029 1.0314e-06
300 40 1.311 34.1033 1.0303e-06
300 40 1.321 33.8053 1.0301e-06
300 40 1.331 33.3826 1.0311e-06
300 40 1.341 32.9277 1.0311e-06
300 40 1.351 32.3348 1.0302e-06
300 40 1.361 31.9408 1.0271e-06
300 40 1.371 31.5717 1.0289e-06
300 40 1.381 31.1347 1.0283e-06
300 40 1.391 30.7755 1.0228e-06
300 40 1.401 30.0861 1.0264e-06
300 40 1.411 29.8503 1.0093e-06
300 40 1.421 29.3247 1.0196e-06
300 40 1.431 28.8691 1.0202e-06
300 40 1.441 28.5665 1.0195e-06
300 40 1.451 28.2182 1.0216e-06
300 40 1.461 27.9762 1.0154e-06
300 40 1.471 27.4211 1.0163e-06
300 40 1.481 27.0481 1.017e-06
300 40 1.491 26.8506 1.0142e-06
300 40 1.501 26.3574 1.0027e-06
300 40 1.511 25.9457 1.0051e-06
300 40 1.521 25.6602 1.0104e-06
300 40 1.531 25.3063 1.0131e-06
300 40 1.541 24.9987 1.0108e-06
300 40 1.551 24.6618 1.0098e-06
300 40 1.561 24.3412 1.0091e-06
300 40 1.571 24.1873 1.0085e-06
300 40 1.581 23.6778 1.0037e-06
300 40 1.591 23.4074 9.959e-07
300 40 1.601 23.2128 9.964e-07
300 40 1.611 23.0123 1.0001e-06
300 40 1.621 22.6901 9.966e-07
300 40 1.631 22.4808 9.982e-07
300 40 1.641 22.2611 9.962e-07
300 40 1.651 21.9708 9.926e-07
300 40 1.661 21.77 9.938e-07
300 40 1.671 21.6128 9.876e-07
300 40 1.681 21.3651 9.842e-07
300 40 1.691 21.0695 9.818e-07
300 40 1.701 20.8622 9.833e-07
300 40 1.711 20.5934 9.888e-07
300 40 1.721 20.4011 9.881e-07
300 40 1.731 20.0761 9.83e-07
300 40 1.741 19.9137 9.794e-07
300 40 1.751 19.6851 9.687e-07
300 40 1.761 19.4951 9.81e-07
300 40 1.771 19.2927 8.07e-07
300 40 1.781 19.0982 7.041e-07
300 40 1.791 18.8204 7.091e-07
300 40 1.801 18.6325 8.597e-07
300 40 1.811 18.3618 8.903e-07
300 40 1.821 18.1858 9.022e-07
300 40 1.831 18.0266 8.945e-07
300 40 1.841 17.7927 8.961e-07
300 40 1.851 17.5385 8.871e-07
300 40 1.861 17.4197 7.055e-07
300 40 1.871 17.1773 8.082e-07
300 40 1.881 16.9705 7.812e-07
300 40 1.891 16.7483 7.188e-07
300 40 1.901 16.5265 8.285e-07
300 40 1.911 16.3711 7.993e-07
300 40 1.921 16.1222 6.855e-07
300 40 1.931 16.0025 6.968e-07
300 40 1.941 15.7585 7.938e-07
300 40 1.951 15.5822 6.908e-07
300 40 1.961 15.4205 6.876e-07
300 40 1.971 15.2004 6.913e-07
300 40 1.981 15.0084 7.376e-07
300 40 1.991 14.7674 8.264e-07
400 10 0.001 3904.63 8.0773e-06
400 10 0.011 3849.76 7.8902e-06
400 10 0.021 3794.35 7.7878e-06
400 10 0.031 3735.17 5.99e-06
400 10 0.041 3654.56 4.196e-06
400 10 0.051 3579.4 4.1174e-06
400 10 0.061 3521.82 4.1049e-06
400 10 0.071 3447.24 4.0373e-06
400 10 0.081 3362.28 3.9612e-06
400 10 0.091 3302.89 4.6323e-06
400 10 0.101 3224.94 5.7529e-06
400 10 0.111 3157.44 3.7627e-06
400 10 0.121 3070.39 3.665e-06
400 10 0.131 3005.21 3.6356e-06
400 10 0.141 2931.09 3.5613e-06
400 10 0.151 2857.43 3.5063e-06
400 10 0.161 2811.06 3.493e-06
400 10 0.171 2712.75 3.3905e-06
400 10 0.181 2665.73 3.3663e-06
400 10 0.191 2578.96 3.2859e-06
400 10 0.201 2516.98 3.2342e-06
400 10 0.211 2467.79 4.9231e-06
400 10 0.221 2381.41 5.4149e-06
400 10 0.231 2330.09 5.3042e-06
400 10 0.241 2262.53 5.197e-06
400 10 0.251 2200 5.0896e-06
400 10 0.261 2139.93 4.9868e-06
400 10 0.271 2068.38 4.8744e-06
400 10 0.281 2022.72 4.7983e-06
400 10 0.291 1963.02 4.6981e-06
400 10 0.301 1907.25 4.5891e-06
400 10 0.311 1850.71 4.5011e-06
400 10 0.321 1793.79 4.4041e-06
400 10 0.331 1735.13 4.3087e-06
400 10 0.341 1706.78 4.267e-06
400 10 0.351 1636.5 4.1521e-06
400 10 0.361 1569.04 4.0499e-06
400 10 0.371 1538.68 3.9943e-06
400 10 0.381 1492.9 3.9174e-06
400 10 0.391 1452.87 3.8536e-06
400 10 0.401 1392.48 3.7647e-06
400 10 0.411 1354.41 3.6947e-06
400 10 0.421 1319.47 3.5248e-06
400 10 0.431 1267.59 2.2321e-06
400 10 0.441 1240.2 2.2234e-06
400 10 0.451 1191.43 2.1324e-06
400 10 0.461 1159.4 2.1218e-06
400 10 0.471 1114.74 2.0891e-06
400 10 0.481 1093.45 3.1707e-06
400 10 0.491 1057.19 3.1794e-06
400 10 0.501 1011.42 2.8996e-06
400 10 0.511 984.111 2.9731e-06
400 10 0.521 955.36 2.9768e-06
400 10 0.531 912.275 2.9343e-06
400 10 0.541 876.315 2.9344e-06
400 10 0.551 862.529 2.9079e-06
400 10 0.561 829.231 2.8507e-06
400 10 0.571 797.357 2.7892e-06
400 10 0.581 777.186 2.7616e-06
400 10 0.591 750.749 2.7177e-06
400 10 0.601 722.109 2.678e-06
400 10 0.611 700.056 2.6358e-06
400 10 0.621 672.602 2.5785e-06
400 10 0.631 649.7 2.5485e-06
400 10 0.641 628.25 2.4911e-06
400 10 0.651 610.871 2.4701e-06
400 10 0.661 593.694 2.4344e-06
400 10 0.671 566.751 2.4048e-06
400 10 0.681 550.048 2.3764e-06
400 10 0.691 535.617 2.3443e-06
400 10 0.701 512.751 1.6476e-06
400 10 0.711 496.621 2.0918e-06
400 10 0.721 485.577 2.2551e-06
400 10 0.731 465.288 2.2212e-06
400 10 0.741 451.146 2.2008e-06
400 10 0.751 434.926 2.1704e-06
400 10 0.761 422.22 2.1468e-06
400 10 0.771 407.33 1.6252e-06
400 10 0.781 397.869 2.1201e-06
400 10 0.791 379.535 2.0927e-06
400 10 0.801 371.967 2.0798e-06
400 10 0.811 355.582 2.0446e-06
400 10 0.821 346.704 2.0305e-06
400 10 0.831 335.5 2.0208e-06
400 10 0.841 327.683 2.0067e-06
400 10 0.851 315.205 1.9686e-06
400 10 0.861 306.126 1.9428e-06
400 10 0.871 293.203 1.9289e-06
400 10 0.881 284.155 1.9055e-06
400 10 0.891 278.139 1.6419e-06
400 10 0.901 270.109 1.744e-06
400 10 0.911 263.571 1.8453e-06
400 10 0.921 254.43 1.4664e-06
400 10 0.931 246.004 1.8137e-06
400 10 0.941 239.596 1.8018e-06
400 10 0.951 233.911 1.7874e-06
400 10 0.961 228.46 1.5534e-06
400 10 0.971 220.278 1.379e-06
400 10 0.981 212.599 1.3671e-06
400 10 0.991 207.641 1.3567e-06
400 10 1.001 201.811 1.4983e-06
400 10 1.011 195.7 1.7192e-06
400 10 1.021 190.621 1.7151e-06
400 10 1.031 184.837 1.6971e-06
400 10 1.041 180.574 1.6942e-06
400 10 1.051 176.184 1.3901e-06
400 10 1.061 170.18 1.3103e-06
400 10 1.071 167.311 1.3015e-06
400 10 1.081 164.369 1.2902e-06
400 10 1.091 159.781 1.2806e-06
400 10 1.101 155.361 1.5092e-06
400 10 1.111 152.269 1.5906e-06
400 10 1.121 151.019 1.6247e-06
400 10 1.131 145.779 1.2697e-06
400 10 1.141 143.539 1.2541e-06
400 10 1.151 141.213 1.2757e-06
400 10 1.161 138.036 1.2961e-06
400 10 1.171 135.637 1.5611e-06
400 10 1.181 133.159 1.5632e-06
400 10 1.191 130.786 1.5506e-06
400 10 1.201 126.715 1.5318e-06
400 10 1.211 124.982 1.5331e-06
400 10 1.221 123.482 1.5271e-06
400 10 1.231 121.54 1.234e-06
400 10 1.241 117.81 1.3562e-06
400 10 1.251 116.946 1.5051e-06
400 10 1.261 114.091 1.4893e-06
400 10 1.271 113.292 1.4784e-06
400 10 1.281 110.332 1.4909e-06
400 10 1.291 109.068 1.4595e-06
400 10 1.301 106.905 1.4708e-06
400 10 1.311 105.019 1.4689e-06
400 10 1.321 103.53 1.456e-06
400 10 1.331 101.945 1.4542e-06
400 10 1.341 99.6163 1.4411e-06
400 10 1.351 97.7629 1.4326e-06
400 10 1.361 96.3541 1.4356e-06
400 10 1.371 95.1199 1.4388e-06
400 10 1.381 93.1478 1.4268e-06
400 10 1.391 91.5685 1.4099e-06
400 10 1.401 90.6495 1.432e-06
400 10 1.411 88.5486 1.2732e-06
400 10 1.421 87.4842 1.2159e-06
400 10 1.431 85.7638 1.4092e-06
400 10 1.441 84.4248 1.4038e-06
400 10 1.451 83.1713 1.4028e-06
400 10 1.461 81.9432 1.4061e-06
400 10 1.471 80.3387 1.4038e-06
400 10 1.481 78.8941 1.3877e-06
400 10 1.491 77.7905 1.3896e-06
400 10 1.501 76.2822 1.3799e-06
400 10 1.511 75.1083 1.3659e-06
400 10 1.521 73.8244 1.3588e-06
400 10 1.531 72.5872 1.3701e-06
400 10 1.541 71.6028 1.3611e-06
400 10 1.551 70.4106 1.3524e-06
400 10 1.561 69.3442 1.3605e-06
400 10 1.571 68.1037 1.3466e-06
400 10 1.581 67.0303 1.3284e-06
400 10 1.591 65.837 1.3252e-06
400 10 1.601 65.192 1.3202e-06
400 10 1.611 64.4165 1.3227e-06
400 10 1.621 63.3807 1.31e-06
400 10 1.631 62.5205 1.2994e-06
400 10 1.641 61.9695 1.3206e-06
400 10 1.651 61.0265 1.308e-06
400 10 1.661 60.3886 1.3072e-06
400 10 1.671 59.5782 1.2947e-06
400 10 1.681 58.7078 1.2943e-06
400 10 1.691 57.893 1.2672e-06
400 10 1.701 57.0348 1.1323e-06
400 10 1.711 56.1704 1.0709e-06
400 10 1.721 55.1562 1.2679e-06
400 10 1.731 54.7262 1.2755e-06
400 10 1.741 54.0415 1.2658e-06
400 10 1.751 53.0137 1.1145e-06
400 10 1.761 52.251 1.3395e-06
400 10 1.771 51.358 1.3303e-06
400 10 1.781 50.7705 1.3353e-06
400 10 1.791 50.279 1.335e-06
400 10 1.801 49.1323 1.3312e-06
400 10 1.811 48.2993 1.3186e-06
400 10 1.821 47.6364 1.3131e-06
400 10 1.831 46.9531 1.3234e-06
400 10 1.841 46.1833 1.242e-06
400 10 1.851 45.4875 1.0795e-06
400 10 1.861 44.7299 1.3005e-06
400 10 1.871 44.1214 1.3102e-06
400 10 1.881 43.2313 1.2941e-06
400 10 1.891 42.8051 1.2512e-06
400 10 1.901 41.7432 1.191e-06
400 10 1.911 41.0319 1.1055e-06
400 10 1.921 40.5064 9.52e-07
400 10 1.931 39.86 9.951e-07
400 10 1.941 39.059 1.1795e-06
400 10 1.951 38.3512 1.1899e-06
400 10 1.961 37.8224 1.1777e-06
400 10 1.971 36.9146 1.1693e-06
400 10 1.981 36.317 1.1612e-06
400 10 1.991 35.9372 1.1504e-06
400 20 0.001 7598.69 1.45628e-05
400 20 0.011 7395.86 1.42028e-05
400 20 0.021 7149.96 1.37886e-05
400 20 0.031 6915.05 1.33742e-05
400 20 0.041 6640.18 1.28849e-05
400 20 0.051 6350.26 1.22976e-05
400 20 0.061 6091.41 8.1187e-06
400 20 0.071 5831.37 1.1119e-05
400 20 0.081 5609.35 1.07361e-05
400 20 0.091 5370.57 1.03487e-05
400 20 0.101 5154.49 9.9755e-06
400 20 0.111 4885.5 9.5168e-06
400 20 0.121 4671.27 9.1483e-06
400 20 0.131 4416.98 8.7051e-06
400 20 0.141 4179.12 8.3101e-06
400 20 0.151 3993.36 8.2191e-06
400 20 0.161 3820.54 7.9003e-06
400 20 0.171 3583.88 7.4782e-06
400 20 0.181 3383.8 7.141e-06
400 20 0.191 3251.41 6.8951e-06
400 20 0.201 3089.43 6.6086e-06
400 20 0.211 2895.63 6.2902e-06
400 20 0.221 2764.2 6.0185e-06
400 20 0.231 2600.14 3.2082e-06
400 20 0.241 2454.64 3.1392e-06
400 20 0.251 2303.98 4.663e-06
400 20 0.261 2193.25 4.4572e-06
400 20 0.271 2085.86 2.7915e-06
400 20 0.281 1987.91 2.7689e-06
400 20 0.291 1853.93 4.4052e-06
400 20 0.301 1725.77 4.1871e-06
400 20 0.311 1670.83 4.0851e-06
400 20 0.321 1541.35 3.8567e-06
400 20 0.331 1447.12 3.6908e-06
400 20 0.341 1378.07 3.5696e-06
400 20 0.351 1282.25 3.3909e-06
400 20 0.361 1238.58 2.594e-06
400 20 0.371 1166.5 1.9494e-06
400 20 0.381 1099.24 1.8924e-06
400 20 0.391 1033.26 1.8373e-06
400 20 0.401 964.563 1.7754e-06
400 20 0.411 903.875 1.7153e-06
400 20 0.421 851.146 1.8622e-06
400 20 0.431 812.879 2.0605e-06
400 20 0.441 748.14 1.5775e-06
400 20 0.451 729.141 1.5567e-06
400 20 0.461 681.25 1.8421e-06
400 20 0.471 641.102 2.2364e-06
400 20 0.481 615.65 2.1741e-06
400 20 0.491 576.056 2.1053e-06
400 20 0.501 543.048 2.043e-06
400 20 0.511 523.617 2.007e-06
400 20 0.521 502.696 1.979e-06
400 20 0.531 465.934 1.913e-06
400 20 0.541 429.648 1.8532e-06
400 20 0.551 414.973 1.8398e-06
400 20 0.561 407.024 1.8122e-06
400 20 0.571 378.684 1.7517e-06
400 20 0.581 357.194 1.7074e-06
400 20 0.591 347.721 1.682e-06
400 20 0.601 326.351 1.6507e-06
400 20 0.611 314.168 1.6394e-06
400 20 0.621 300.403 1.6244e-06
400 20 0.631 284.594 1.5845e-06
400 20 0.641 276.708 1.5677e-06
400 20 0.651 266.512 1.5369e-06
400 20 0.661 251.632 1.5134e-06
400 20 0.671 235.708 1.4811e-06
400 20 0.681 231.375 1.4655e-06
400 20 0.691 227.421 1.3566e-06
400 20 0.701 217.851 1.0842e-06
400 20 0.711 209.036 1.0886e-06
400 20 0.721 199.762 1.2601e-06
400 20 0.731 194.314 1.4097e-06
400 20 0.741 189.66 1.405e-06
400 20 0.751 183.757 1.3769e-06
400 20 0.761 176.883 1.3836e-06
400 20 0.771 172.149 1.3465e-06
400 20 0.781 167.51 1.0384e-06
400 20 0.791 164.999 1.3386e-06
400 20 0.801 159.319 1.3328e-06
400 20 0.811 155.547 1.3454e-06
400 20 0.821 150.23 1.3288e-06
400 20 0.831 146.051 1.3216e-06
400 20 0.841 142.497 1.3077e-06
400 20 0.851 139.211 1.3097e-06
400 20 0.861 135.55 1.2996e-06
400 20 0.871 133.123 1.2876e-06
400 20 0.881 130.779 1.2787e-06
400 20 0.891 127.854 1.2887e-06
400 20 0.901 124.001 1.2762e-06
400 20 0.911 122.447 1.2775e-06
400 20 0.921 119.054 1.2661e-06
400 20 0.931 116.352 1.2509e-06
400 20 0.941 114.021 1.2612e-06
400 20 0.951 112.407 1.2484e-06
400 20 0.961 109.706 1.2498e-06
400 20 0.971 107.561 1.2441e-06
400 20 0.981 104.943 1.2226e-06
400 20 0.991 103.233 1.2367e-06
400 20 1.001 101.283 1.2312e-06
400 20 1.011 99.3003 1.2305e-06
400 20 1.021 97.2866 1.2197e-06
400 20 1.031 95.7542 1.2227e-06
400 20 1.041 94.124 1.2009e-06
400 20 1.051 92.2571 1.2002e-06
400 20 1.061 90.9064 1.1987e-06
400 20 1.071 89.3117 1.1969e-06
400 20 1.081 87.8567 1.1975e-06
400 20 1.091 86.3499 1.1878e-06
400 20 1.101 85.253 1.1963e-06
400 20 1.111 83.5774 1.1987e-06
400 20 1.121 82.4809 1.2006e-06
400 20 1.131 81.213 1.1865e-06
400 20 1.141 80.1619 1.1896e-06
400 20 1.151 78.8066 1.1878e-06
400 20 1.161 77.8237 1.1854e-06
400 20 1.171 76.4116 1.1762e-06
400 20 1.181 75.2481 1.173e-06
400 20 1.191 74.2634 1.1746e-06
400 20 1.201 73.3171 1.1738e-06
400 20 1.211 72.2038 1.1563e-06
400 20 1.221 71.2849 1.1613e-06
400 20 1.231 70.3026 1.1623e-06
400 20 1.241 69.12 1.1629e-06
400 20 1.251 68.1961 1.1584e-06
400 20 1.261 67.0003 1.1521e-06
400 20 1.271 66.103 1.1552e-06
400 20 1.281 65.055 1.149e-06
400 20 1.291 64.0187 1.091e-06
400 20 1.301 63.2344 1.1488e-06
400 20 1.311 62.8353 9.567e-07
400 20 1.321 61.6624 9.741e-07
400 20 1.331 60.591 9.147e-07
400 20 1.341 60.019 9.416e-07
400 20 1.351 59.0067 1.1007e-06
400 20 1.361 58.2782 1.098e-06
400 20 1.371 57.4421 1.0918e-06
400 20 1.381 56.6526 1.0922e-06
400 20 1.391 55.9686 1.1031e-06
400 20 1.401 54.7859 1.1001e-06
400 20 1.411 54.2682 9.793e-07
400 20 1.421 53.4305 9.939e-07
400 20 1.431 52.6372 8.748e-07
400 20 1.441 52.2145 8.668e-07
400 20 1.451 51.1976 8.644e-07
400 20 1.461 50.7335 8.639e-07
400 20 1.471 49.9461 8.675e-07
400 20 1.481 49.2258 1.0827e-06
400 20 1.491 48.5271 1.0829e-06
400 20 1.501 48.0027 1.0846e-06
400 20 1.511 47.1386 1.0785e-06
400 20 1.521 46.5314 1.0763e-06
400 20 1.531 46.0157 1.0685e-06
400 20 1.541 45.3769 1.0685e-06
400 20 1.551 44.6025 1.0679e-06
400 20 1.561 44.2007 1.0596e-06
400 20 1.571 43.3539 1.0112e-06
400 20 1.581 42.9249 8.421e-07
400 20 1.591 42.2802 9.494e-07
400 20 1.601 41.8889 1.054e-06
400 20 1.611 41.3425 1.056e-06
400 20 1.621 40.8799 1.0588e-06
400 20 1.631 40.3287 1.0519e-06
400 20 1.641 39.8966 1.0415e-06
400 20 1.651 39.3655 1.0358e-06
400 20 1.661 39.0074 1.0539e-06
400 20 1.671 38.5248 1.0251e-06
400 20 1.681 38.0993 9.043e-07
400 20 1.691 37.4278 8.444e-07
400 20 1.701 37.0715 8.486e-07
400 20 1.711 36.6431 1.0238e-06
400 20 1.721 36.156 1.0279e-06
400 20 1.731 35.7493 1.0285e-06
400 20 1.741 35.1701 1.025e-06
400 20 1.751 34.8038 1.0245e-06
400 20 1.761 34.2023 1.0236e-06
400 20 1.771 33.9553 1.0139e-06
400 20 1.781 33.5023 1.0108e-06
400 20 1.791 33.1233 1.0731e-06
400 20 1.801 32.6135 1.1061e-06
400 20 1.811 32.2046 1.1044e-06
400 20 1.821 31.8234 1.1012e-06
400 20 1.831 31.4707 1.0991e-06
400 20 1.841 30.9515 1.09e-06
400 20 1.851 30.5435 1.0848e-06
400 20 1.861 30.1224 9.895e-07
400 20 1.871 29.8373 7.907e-07
400 20 1.881 29.3161 7.765e-07
400 20 1.891 28.8915 7.781e-07
400 20 1.901 28.5366 7.884e-07
400 20 1.911 28.1583 8.724e-07
400 20 1.921 27.725 9.851e-07
400 20 1.931 27.3066 9.788e-07
400 20 1.941 26.9954 9.76e-07
400 20 1.951 26.6048 9.694e-07
400 20 1.961 26.3416 9.646e-07
400 20 1.971 25.9355 9.65e-07
400 20 1.981 25.5258 9.54e-07
400 20 1.991 25.1338 9.434e-07
400 30 0.001 11097.3 1.98878e-05
400 30 0.011 10602.7 1.90507e-05
400 30 0.021 10105.2 1.81995e-05
400 30 0.031 9520.08 1.72492e-05
400 30 0.041 8972.9 1.61671e-05
400 30 0.051 8470.07 1.53023e-05
400 30 0.061 7895.22 1.4344e-05
400 30 0.071 7458.35 1.36089e-05
400 30 0.081 6931.62 1.27272e-05
400 30 0.091 6438.1 1.19037e-05
400 30 0.101 5992.43 1.11606e-05
400 30 0.111 5618.04 1.05246e-05
400 30 0.121 5178.75 9.787e-06
400 30 0.131 4815.33 9.183e-06
400 30 0.141 4478.78 8.6095e-06
400 30 0.151 4111.25 7.9852e-06
400 30 0.161 3843.05 7.5341e-06
400 30 0.171 3565.14 7.076e-06
400 30 0.181 3236.49 6.5134e-06
400 30 0.191 3057.58 6.2156e-06
400 30 0.201 2756.58 5.7085e-06
400 30 0.211 2528.05 5.3175e-06
400 30 0.221 2364.87 4.8188e-06
400 30 0.231 2139.98 4.6778e-06
400 30 0.241 1990.85 4.4257e-06
400 30 0.251 1846 4.1725e-06
400 30 0.261 1710.77 3.9359e-06
400 30 0.271 1557.68 3.6764e-06
400 30 0.281 1421.18 3.4348e-06
400 30 0.291 1331.07 3.2925e-06
400 30 0.301 1223.66 3.1053e-06
400 30 0.311 1131.89 2.9477e-06
400 30 0.321 1038.1 2.783e-06
400 30 0.331 944.903 2.6253e-06
400 30 0.341 864.699 2.4788e-06
400 30 0.351 821.081 2.3994e-06
400 30 0.361 739.044 2.2646e-06
400 30 0.371 686.952 2.1701e-06
400 30 0.381 634.441 2.0689e-06
400 30 0.391 598.078 2.0078e-06
400 30 0.401 552.029 1.9336e-06
400 30 0.411 515.214 1.8674e-06
400 30 0.421 470.253 1.7818e-06
400 30 0.431 429.99 1.7199e-06
400 30 0.441 410.224 1.6849e-06
400 30 0.451 383.475 1.6441e-06
400 30 0.461 354.829 1.5883e-06
400 30 0.471 341.048 1.5603e-06
400 30 0.481 321.755 1.5278e-06
400 30 0.491 296.79 1.4803e-06
400 30 0.501 287.21 1.4694e-06
400 30 0.511 270.478 1.2112e-06
400 30 0.521 256.388 1.2503e-06
400 30 0.531 244.761 1.3899e-06
400 30 0.541 228.625 1.3488e-06
400 30 0.551 220.236 1.3374e-06
400 30 0.561 210.847 1.3244e-06
400 30 0.571 204.434 1.3101e-06
400 30 0.581 192.501 1.281e-06
400 30 0.591 185.038 1.2679e-06
400 30 0.601 178.027 1.2581e-06
400 30 0.611 171.142 1.2473e-06
400 30 0.621 167.028 1.2359e-06
400 30 0.631 160.828 1.2306e-06
400 30 0.641 154.958 1.207e-06
400 30 0.651 150.479 1.2037e-06
400 30 0.661 147.568 1.1983e-06
400 30 0.671 143.76 1.1939e-06
400 30 0.681 138.905 1.183e-06
400 30 0.691 135.206 1.173e-06
400 30 0.701 131.45 1.1599e-06
400 30 0.711 127.818 1.1529e-06
400 30 0.721 125.314 1.1544e-06
400 30 0.731 122.002 1.1413e-06
400 30 0.741 118.959 1.144e-06
400 30 0.751 116.488 1.1418e-06
400 30 0.761 114.746 1.1337e-06
400 30 0.771 111.997 1.1231e-06
400 30 0.781 109.578 1.1285e-06
400 30 0.791 107.043 1.1207e-06
400 30 0.801 105.444 1.12e-06
400 30 0.811 103.069 1.1109e-06
400 30 0.821 100.801 1.1028e-06
400 30 0.831 98.2479 1.1055e-06
400 30 0.841 96.8223 1.0923e-06
400 30 0.851 94.7844 1.1031e-06
400 30 0.861 93.2394 1.0934e-06
400 30 0.871 91.153 1.0945e-06
400 30 0.881 90.2255 1.092e-06
400 30 0.891 87.5951 1.0871e-06
400 30 0.901 86.6535 1.0447e-06
400 30 0.911 85.3759 1.0435e-06
400 30 0.921 83.5581 9.103e-07
400 30 0.931 82.0091 1.1256e-06
400 30 0.941 80.672 9.292e-07
400 30 0.951 79.5297 8.249e-07
400 30 0.961 77.9005 8.264e-07
400 30 0.971 76.3689 9.012e-07
400 30 0.981 74.9981 8.921e-07
400 30 0.991 73.8692 8.175e-07
400 30 1.001 72.7746 8.156e-07
400 30 1.011 71.3472 8.183e-07
400 30 1.021 70.0422 9.871e-07
400 30 1.031 68.9096 1.0603e-06
400 30 1.041 67.9139 1.0609e-06
400 30 1.051 66.8281 1.0645e-06
400 30 1.061 65.5569 1.0642e-06
400 30 1.071 64.7826 1.064e-06
400 30 1.081 63.8714 1.0538e-06
400 30 1.091 62.6135 1.057e-06
400 30 1.101 61.9296 1.0466e-06
400 30 1.111 60.8413 1.0487e-06
400 30 1.121 59.9568 1.0479e-06
400 30 1.131 59.2848 1.0463e-06
400 30 1.141 58.3719 1.0456e-06
400 30 1.151 57.6113 1.0428e-06
400 30 1.161 56.8287 1.0409e-06
400 30 1.171 55.8388 1.0415e-06
400 30 1.181 54.8649 1.0417e-06
400 30 1.191 54.2816 1.0376e-06
400 30 1.201 53.5289 1.0373e-06
400 30 1.211 52.6882 1.0196e-06
400 30 1.221 51.9806 1.0325e-06
400 30 1.231 51.3739 1.0319e-06
400 30 1.241 50.7454 1.0339e-06
400 30 1.251 49.8544 8.482e-07
400 30 1.261 49.2009 1.0301e-06
400 30 1.271 48.6267 1.0239e-06
400 30 1.281 47.7335 1.0218e-06
400 30 1.291 47.4068 1.0153e-06
400 30 1.301 46.555 1.0038e-06
400 30 1.311 46.0303 9.999e-07
400 30 1.321 45.4048 9.978e-07
400 30 1.331 44.7569 1.0078e-06
400 30 1.341 44.3053 1.0085e-06
400 30 1.351 43.7197 8.253e-07
400 30 1.361 43.0284 7.792e-07
400 30 1.371 42.626 7.831e-07
400 30 1.381 42.0436 8.01e-07
400 30 1.391 41.3907 7.808e-07
400 30 1.401 40.7514 7.796e-07
400 30 1.411 40.4626 7.828e-07
400 30 1.421 39.8406 7.826e-07
400 30 1.431 39.346 8.986e-07
400 30 1.441 38.806 9.811e-07
400 30 1.451 38.4363 9.848e-07
400 30 1.461 37.9301 9.824e-07
400 30 1.471 37.5102 9.818e-07
400 30 1.481 36.9621 9.767e-07
400 30 1.491 36.5353 9.849e-07
400 30 1.501 35.9725 9.738e-07
400 30 1.511 35.6964 9.762e-07
400 30 1.521 35.3848 9.686e-07
400 30 1.531 34.8299 9.726e-07
400 30 1.541 34.2749 8.222e-07
400 30 1.551 33.8698 8.408e-07
400 30 1.561 33.5414 7.652e-07
400 30 1.571 33.1269 8.516e-07
400 30 1.581 32.7547 9.682e-07
400 30 1.591 32.2328 9.691e-07
400 30 1.601 31.9585 9.638e-07
400 30 1.611 31.6418 9.635e-07
400 30 1.621 31.4365 9.629e-07
400 30 1.631 31.1305 9.607e-07
400 30 1.641 30.5708 9.628e-07
400 30 1.651 30.2789 9.576e-07
400 30 1.661 30.0072 9.583e-07
400 30 1.671 29.6149 9.581e-07
400 30 1.681 29.3179 9.547e-07
400 30 1.691 28.8303 9.498e-07
400 30 1.701 28.6557 9.479e-07
400 30 1.711 28.3782 9.55e-07
400 30 1.721 28.0636 9.5e-07
400 30 1.731 27.57 9.461e-07
400 30 1.741 27.3374 9.502e-07
400 30 1.751 26.9902 9.494e-07
400 30 1.761 26.5927 9.411e-07
400 30 1.771 26.2669 9.504e-07
400 30 1.781 26.0515 9.383e-07
400 30 1.791 25.6221 9.394e-07
400 30 1.801 25.2763 9.377e-07
400 30 1.811 25.1314 9.338e-07
400 30 1.821 24.6183 9.328e-07
400 30 1.831 24.282 9.317e-07
400 30 1.841 23.9115 9.324e-07
400 30 1.851 23.5828 9.268e-07
400 30 1.861 23.4377 9.299e-07
400 30 1.871 23.102 9.258e-07
400 30 1.881 22.7794 9.234e-07
400 30 1.891 22.4015 8.899e-07
400 30 1.901 22.1558 7.138e-07
400 30 1.911 21.8248 7.154e-07
400 30 1.921 21.5292 7.074e-07
400 30 1.931 21.2521 7.355e-07
400 30 1.941 20.9199 9.15e-07
400 30 1.951 20.6674 9.142e-07
400 30 1.961 20.4884 9.144e-07
400 30 1.971 20.1254 9.063e-07
400 30 1.981 19.8418 9.084e-07
400 30 1.991 19.6284 9.121e-07
400 40 0.001 14726.5 2.29412e-05
400 40 0.011 14067.7 2.20038e-05
400 40 0.021 13309.7 2.09413e-05
400 40 0.031 12460.9 1.97042e-05
400 40 0.041 11772.9 1.87712e-05
400 40 0.051 10963.4 1.7548e-05
400 40 0.061 10359.8 1.66674e-05
400 40 0.071 9524.32 1.5434e-05
400 40 0.081 8965.97 1.45699e-05
400 40 0.091 8297.39 1.35595e-05
400 40 0.101 7713.86 1.26842e-05
400 40 0.111 7168.93 1.18419e-05
400 40 0.121 6503.48 1.08453e-05
400 40 0.131 6103.8 1.02682e-05
400 40 0.141 5604.26 9.5252e-06
400 40 0.151 5192.35 6.1414e-06
400 40 0.161 4703.81 6.3225e-06
400 40 0.171 4345.12 7.6289e-06
400 40 0.181 4024.31 7.1407e-06
400 40 0.191 3630.18 6.5323e-06
400 40 0.201 3361.79 6.1332e-06
400 40 0.211 3140.24 5.8064e-06
400 40 0.221 2860.9 4.8942e-06
400 40 0.231 2578.5 3.0313e-06
400 40 0.241 2374.52 4.6325e-06
400 40 0.251 2168.87 4.3178e-06
400 40 0.261 2027.94 4.1124e-06
400 40 0.271 1802.99 3.7628e-06
400 40 0.281 1681.81 3.5858e-06
400 40 0.291 1528.15 3.3472e-06
400 40 0.301 1391.72 3.1207e-06
400 40 0.311 1276.58 2.9054e-06
400 40 0.321 1140.25 2.7051e-06
400 40 0.331 1069.66 2.5963e-06
400 40 0.341 976.819 2.4544e-06
400 40 0.351 880.714 2.3237e-06
400 40 0.361 811.743 2.2206e-06
400 40 0.371 757.391 2.1369e-06
400 40 0.381 675.242 2.0079e-06
400 40 0.391 644.738 1.9521e-06
400 40 0.401 588.041 1.8788e-06
400 40 0.411 538.644 1.7851e-06
400 40 0.421 503.996 1.7357e-06
400 40 0.431 458.329 1.6614e-06
400 40 0.441 428.413 1.6132e-06
400 40 0.451 405.495 1.5746e-06
400 40 0.461 381.715 1.545e-06
400 40 0.471 355.356 1.4974e-06
400 40 0.481 337.427 1.4773e-06
400 40 0.491 311.394 1.4338e-06
400 40 0.501 292.48 1.3974e-06
400 40 0.511 281.383 1.3933e-06
400 40 0.521 258.343 1.3584e-06
400 40 0.531 247.085 1.3353e-06
400 40 0.541 236.261 1.3147e-06
400 40 0.551 221.425 1.2916e-06
400 40 0.561 216.662 1.2864e-06
400 40 0.571 204.694 1.2494e-06
400 40 0.581 196.173 1.2478e-06
400 40 0.591 188.501 1.2337e-06
400 40 0.601 179.807 1.2307e-06
400 40 0.611 177.126 1.2169e-06
400 40 0.621 167.272 1.2011e-06
400 40 0.631 164.341 1.198e-06
400 40 0.641 158.136 1.1741e-06
400 40 0.651 151.906 1.1743e-06
400 40 0.661 147.835 1.1586e-06
400 40 0.671 143.782 1.1608e-06
400 40 0.681 138.821 1.1508e-06
400 40 0.691 135.504 1.1305e-06
400 40 0.701 131.323 1.1276e-06
400 40 0.711 127.576 1.1269e-06
400 40 0.721 125.987 1.1262e-06
400 40 0.731 122.399 1.1239e-06
400 40 0.741 119.473 1.1198e-06
400 40 0.751 117.244 1.1155e-06
400 40 0.761 114.622 1.1053e-06
400 40 0.771 111.87 1.0954e-06
400 40 0.781 109.815 1.0882e-06
400 40 0.791 107.179 1.0986e-06
400 40 0.801 104.747 1.0878e-06
400 40 0.811 102.881 1.0876e-06
400 40 0.821 100.683 1.088e-06
400 40 0.831 99.2477 1.0828e-06
400 40 0.841 96.7787 1.0777e-06
400 40 0.851 95.2029 1.0732e-06
400 40 0.861 93.4088 1.076e-06
400 40 0.871 91.478 9.074e-07
400 40 0.881 90.4185 8.336e-07
400 40 0.891 88.1088 1.0757e-06
400 40 0.901 86.8512 1.0832e-06
400 40 0.911 85.0686 1.0773e-06
400 40 0.921 83.4617 1.0749e-06
400 40 0.931 82.2622 1.0162e-06
400 40 0.941 80.6963 8.206e-07
400 40 0.951 79.4121 8.229e-07
400 40 0.961 78.0621 8.266e-07
400 40 0.971 76.6196 8.488e-07
400 40 0.981 75.2445 8.63e-07
400 40 0.991 74.1315 8.171e-07
400 40 1.001 72.8352 8.205e-07
400 40 1.011 71.5841 8.186e-07
400 40 1.021 70.1426 1.014e-06
400 40 1.031 69.0441 1.0467e-06
400 40 1.041 67.9424 1.0416e-06
400 40 1.051 66.6739 1.0378e-06
400 40 1.061 65.7859 8.768e-07
400 40 1.071 64.6294 8.635e-07
400 40 1.081 63.6726 8.275e-07
400 40 1.091 62.8534 9.433e-07
400 40 1.101 62.0502 1.0472e-06
400 40 1.111 60.8554 1.0538e-06
400 40 1.121 60.0523 1.0461e-06
400 40 1.131 59.0172 1.0477e-06
400 40 1.141 58.5591 1.0441e-06
400 40 1.151 57.6415 1.0471e-06
400 40 1.161 56.5802 8.786e-07
400 40 1.171 55.9294 1.0112e-06
400 40 1.181 55.2643 1.0109e-06
400 40 1.191 54.3654 1.0053e-06
400 40 1.201 53.7292 1.0093e-06
400 40 1.211 52.7611 1.0068e-06
400 40 1.221 52.0094 1.0064e-06
400 40 1.231 51.3968 1.0077e-06
400 40 1.241 50.6335 1.0004e-06
400 40 1.251 49.8506 1.0051e-06
400 40 1.261 49.3019 1.0045e-06
400 40 1.271 48.6935 1.0047e-06
400 40 1.281 47.7501 8.606e-07
400 40 1.291 47.2342 9.413e-07
400 40 1.301 46.6003 9.948e-07
400 40 1.311 46.1113 9.983e-07
400 40 1.321 45.4403 9.964e-07
400 40 1.331 44.8079 8.504e-07
400 40 1.341 44.1899 7.995e-07
400 40 1.351 43.6192 7.966e-07
400 40 1.361 42.9388 8.201e-07
400 40 1.371 42.5708 8.341e-07
400 40 1.381 41.9688 8.137e-07
400 40 1.391 41.49 9.216e-07
400 40 1.401 41.0039 1.0939e-06
400 40 1.411 40.4808 1.0778e-06
400 40 1.421 39.892 8.963e-07
400 40 1.431 39.349 9.201e-07
400 40 1.441 39.0057 9.213e-07
400 40 1.451 38.5347 9.652e-07
400 40 1.461 37.8983 9.71e-07
400 40 1.471 37.54 9.649e-07
400 40 1.481 37.0479 9.724e-07
400 40 1.491 36.5101 9.745e-07
400 40 1.501 36.0565 9.653e-07
400 40 1.511 35.5433 9.674e-07
400 40 1.521 35.2498 9.707e-07
400 40 1.531 34.7897 9.699e-07
400 40 1.541 34.5119 9.591e-07
400 40 1.551 33.9312 9.492e-07
400 40 1.561 33.4711 9.503e-07
400 40 1.571 33.0894 9.477e-07
400 40 1.581 32.6433 9.464e-07
400 40 1.591 32.3401 9.573e-07
400 40 1.601 31.9358 9.538e-07
400 40 1.611 31.7222 9.545e-07
400 40 1.621 31.3672 9.545e-07
400 40 1.631 31.0686 9.511e-07
400 40 1.641 30.6982 9.413e-07
400 40 1.651 30.313 9.431e-07
400 40 1.661 30.1356 9.395e-07
400 40 1.671 29.6784 9.418e-07
400 40 1.681 29.3243 9.392e-07
400 40 1.691 28.85 9.377e-07
400 40 1.701 28.6534 9.423e-07
400 40 1.711 28.1788 9.327e-07
400 40 1.721 27.9716 9.258e-07
400 40 1.731 27.5716 9.338e-07
400 40 1.741 27.2531 9.279e-07
400 40 1.751 27.0031 9.267e-07
400 40 1.761 26.5471 9.263e-07
400 40 1.771 26.314 9.246e-07
400 40 1.781 25.954 9.222e-07
400 40 1.791 25.6679 8.394e-07
400 40 1.801 25.2787 7.371e-07
400 40 1.811 24.9883 7.227e-07
400 40 1.821 24.623 7.335e-07
400 40 1.831 24.3083 7.268e-07
400 40 1.841 24.0093 7.32e-07
400 40 1.851 23.6598 7.158e-07
400 40 1.861 23.4194 7.082e-07
400 40 1.871 23.0696 7.225e-07
400 40 1.881 22.8135 7.111e-07
400 40 1.891 22.4386 7.092e-07
400 40 1.901 22.0953 7.08e-07
400 40 1.911 21.8126 7.096e-07
400 40 1.921 21.6081 7.033e-07
400 40 1.931 21.1756 7.064e-07
400 40 1.941 21.0416 7.052e-07
400 40 1.951 20.6793 6.996e-07
400 40 1.961 20.3349 6.898e-07
400 40 1.971 20.1066 6.903e-07
400 40 1.981 19.8363 6.854e-07
400 40 1.991 19.4974 6.94e-07
