200 10 0.001 1998.38 1.9846e-05
200 10 0.011 1982.65 1.58091e-05
200 10 0.021 1968.94 1.16802e-05
200 10 0.031 1950.81 1.14704e-05
200 10 0.041 1924.78 1.14684e-05
200 10 0.051 1906.76 1.1436e-05
200 10 0.061 1896.33 1.13707e-05
200 10 0.071 1872.31 1.15585e-05
200 10 0.081 1850.06 1.9407e-05
200 10 0.091 1819.21 1.93032e-05
200 10 0.101 1790.45 1.92392e-05
200 10 0.111 1798.01 1.91406e-05
200 10 0.121 1782.25 1.9215e-05
200 10 0.131 1758.22 1.90813e-05
200 10 0.141 1725.76 1.9059e-05
200 10 0.151 1711.18 1.90178e-05
200 10 0.161 1675.83 1.89012e-05
200 10 0.171 1636.21 1.87553e-05
200 10 0.181 1619.24 1.87643e-05
200 10 0.191 1590.53 1.86165e-05
200 10 0.201 1558.9 1.85364e-05
200 10 0.211 1625.15 1.86496e-05
200 10 0.221 1604.49 1.51491e-05
200 10 0.231 1570.96 1.09018e-05
200 10 0.241 1548.66 1.0925e-05
200 10 0.251 1527.19 1.12088e-05
200 10 0.261 1499.91 1.84149e-05
200 10 0.271 1478.47 1.8295e-05
200 10 0.281 1449.15 1.82144e-05
200 10 0.291 1416.16 1.81315e-05
200 10 0.301 1398.85 1.80068e-05
200 10 0.311 1366.47 1.79465e-05
200 10 0.321 1335.61 1.78454e-05
200 10 0.331 1306.83 1.68158e-05
200 10 0.341 1278.02 1.04473e-05
200 10 0.351 1253.14 1.67276e-05
200 10 0.361 1230.8 1.71777e-05
200 10 0.371 1205.39 1.71404e-05
200 10 0.381 1331.08 1.73782e-05
200 10 0.391 1321.08 1.73948e-05
200 10 0.401 1289.8 1.7275e-05
200 10 0.411 1274.77 1.72591e-05
200 10 0.421 1250.82 1.71846e-05
200 10 0.431 1227.39 1.71231e-05
200 10 0.441 1211.95 1.58437e-05
200 10 0.451 1187.24 1.27737e-05
200 10 0.461 1159.01 1.48018e-05
200 10 0.471 1142.45 1.1019e-05
200 10 0.481 1119.08 1.68041e-05
200 10 0.491 1095.28 1.66307e-05
200 10 0.501 1081.1 1.66415e-05
200 10 0.511 1054.91 1.24317e-05
200 10 0.521 1033.31 1.00136e-05
200 10 0.531 1009.24 1.23702e-05
200 10 0.541 995.928 1.43107e-05
200 10 0.551 974.47 9.8949e-06
200 10 0.561 941.643 9.8315e-06
200 10 0.571 929.043 9.7983e-06
200 10 0.581 892.379 9.6631e-06
200 10 0.591 887.093 9.6876e-06
200 10 0.601 873.519 9.6487e-06
200 10 0.611 847.227 1.03893e-05
200 10 0.621 823.267 1.60009e-05
200 10 0.631 798.334 1.57903e-05
200 10 0.641 786.671 1.58389e-05
200 10 0.651 764.223 1.57578e-05
200 10 0.661 755.961 1.56474e-05
200 10 0.671 731.649 1.54089e-05
200 10 0.681 703.396 1.52538e-05
200 10 0.691 898.205 1.63496e-05
200 10 0.701 886.304 1.62862e-05
200 10 0.711 888.092 1.6315e-05
200 10 0.721 867.506 1.62407e-05
200 10 0.731 855.624 1.62838e-05
200 10 0.741 832.674 1.63272e-05
200 10 0.751 813.861 1.62023e-05
200 10 0.761 806.329 1.61161e-05
200 10 0.771 787.257 1.61291e-05
200 10 0.781 779.034 1.60906e-05
200 10 0.791 764.376 1.59431e-05
200 10 0.801 748.596 1.59354e-05
200 10 0.811 736.206 1.59128e-05
200 10 0.821 710.291 1.57319e-05
200 10 0.831 702.071 1.56543e-05
200 10 0.841 686.829 1.55601e-05
200 10 0.851 684.985 1.56102e-05
200 10 0.861 671.949 1.55408e-05
200 10 0.871 646.097 1.21329e-05
200 10 0.881 634.345 1.29072e-05
200 10 0.891 620.061 1.17901e-05
200 10 0.901 605.241 8.9488e-06
200 10 0.911 579.795 8.9542e-06
200 10 0.921 576.348 9.1428e-06
200 10 0.931 560.328 1.47307e-05
200 10 0.941 552.556 1.46159e-05
200 10 0.951 534.023 1.41763e-05
200 10 0.961 528.797 1.44951e-05
200 10 0.971 511.018 1.16578e-05
200 10 0.981 503.895 8.7562e-06
200 10 0.991 477.633 8.6455e-06
200 10 1.001 476.915 1.21593e-05
200 10 1.011 464.852 1.41449e-05
200 10 1.021 448.526 1.40022e-05
200 10 1.031 435.708 1.3869e-05
200 10 1.041 436.083 1.39751e-05
200 10 1.051 418.411 1.03525e-05
200 10 1.061 407.892 8.4206e-06
200 10 1.071 391.477 1.17027e-05
200 10 1.081 391.135 1.36569e-05
200 10 1.091 370.082 1.34465e-05
200 10 1.101 361.498 1.33488e-05
200 10 1.111 357.983 1.33341e-05
200 10 1.121 346.016 1.33121e-05
200 10 1.131 339.068 1.31414e-05
200 10 1.141 333.663 1.30492e-05
200 10 1.151 316.944 1.26737e-05
200 10 1.161 310.571 1.27357e-05
200 10 1.171 302.631 1.27166e-05
200 10 1.181 291.781 1.26415e-05
200 10 1.191 282.056 1.24583e-05
200 10 1.201 280.463 1.25456e-05
200 10 1.211 272.29 1.24663e-05
200 10 1.221 261.689 1.23776e-05
200 10 1.231 250.499 1.21658e-05
200 10 1.241 246.369 1.21259e-05
200 10 1.251 425.286 1.34991e-05
200 10 1.261 424.626 1.35232e-05
200 10 1.271 410.015 1.34492e-05
200 10 1.281 411.415 1.3451e-05
200 10 1.291 403.792 1.34721e-05
200 10 1.301 396.563 1.3354e-05
200 10 1.311 387.297 1.32755e-05
200 10 1.321 383.129 1.33109e-05
200 10 1.331 372.502 1.30784e-05
200 10 1.341 366.955 8.21e-06
200 10 1.351 359.561 8.1437e-06
200 10 1.361 361.752 8.2288e-06
200 10 1.371 349.417 8.1987e-06
200 10 1.381 336.671 8.1397e-06
200 10 1.391 334.321 8.1551e-06
200 10 1.401 327.72 8.1218e-06
200 10 1.411 319.32 8.2142e-06
200 10 1.421 310.926 1.27437e-05
200 10 1.431 310.146 1.27158e-05
200 10 1.441 295.331 1.24957e-05
200 10 1.451 294.268 1.26031e-05
200 10 1.461 293.964 1.00792e-05
200 10 1.471 284.034 7.919e-06
200 10 1.481 273.466 7.7238e-06
200 10 1.491 270.269 1.05604e-05
200 10 1.501 264.18 1.24588e-05
200 10 1.511 253.993 1.24463e-05
200 10 1.521 253.574 1.254e-05
200 10 1.531 240.504 1.22236e-05
200 10 1.541 237.469 1.22223e-05
200 10 1.551 231.657 1.21524e-05
200 10 1.561 225.329 1.20759e-05
200 10 1.571 226.353 1.21382e-05
200 10 1.581 219.081 1.19502e-05
200 10 1.591 210.664 1.17381e-05
200 10 1.601 204.748 1.15751e-05
200 10 1.611 201.944 1.16843e-05
200 10 1.621 197.09 1.16006e-05
200 10 1.631 190.432 1.15288e-05
200 10 1.641 185.387 1.14301e-05
200 10 1.651 179.41 1.14213e-05
200 10 1.661 178.192 1.12686e-05
200 10 1.671 172.687 1.12652e-05
200 10 1.681 167.235 1.10582e-05
200 10 1.691 160.986 1.10426e-05
200 10 1.701 159.623 1.11092e-05
200 10 1.711 153.069 1.09767e-05
200 10 1.721 149.95 1.09193e-05
200 10 1.731 146.976 1.10179e-05
200 10 1.741 140.368 1.07641e-05
200 10 1.751 138.359 1.06359e-05
200 10 1.761 132.322 1.06011e-05
200 10 1.771 133.322 1.06292e-05
200 10 1.781 125.179 1.04535e-05
200 10 1.791 123.311 1.02129e-05
200 10 1.801 122.612 6.6289e-06
200 10 1.811 117.285 6.5464e-06
200 10 1.821 116.467 7.0062e-06
200 10 1.831 111.588 1.01972e-05
200 10 1.841 108.141 1.00166e-05
200 10 1.851 105.866 9.9561e-06
200 10 1.861 100.253 9.8359e-06
200 10 1.871 100.255 1.02752e-05
200 10 1.881 97.2263 1.02723e-05
200 10 1.891 93.6555 1.00537e-05
200 10 1.901 91.0058 1.01246e-05
200 10 1.911 89.101 1.01459e-05
200 10 1.921 86.7403 9.9888e-06
200 10 1.931 82.5648 9.8707e-06
200 10 1.941 82.3614 9.904e-06
200 10 1.951 80.3459 9.8451e-06
200 10 1.961 77.1036 9.6881e-06
200 10 1.971 74.2229 9.5455e-06
200 10 1.981 72.9786 9.4487e-06
200 10 1.991 71.3092 9.4608e-06
200 10 2.001 68.8526 9.3875e-06
200 10 2.011 65.7385 9.231e-06
200 10 2.021 64.8291 9.1816e-06
200 10 2.031 62.5649 9.2288e-06
200 10 2.041 61.591 9.1277e-06
200 10 2.051 57.4723 8.8157e-06
200 10 2.061 56.2314 8.832e-06
200 10 2.071 55.0281 8.7701e-06
200 10 2.081 53.4638 8.7058e-06
200 10 2.091 51.9073 8.6655e-06
200 10 2.101 50.4938 8.5617e-06
200 10 2.111 48.7161 8.5164e-06
200 10 2.121 46.8413 8.3522e-06
200 10 2.131 97.6326 1.03185e-05
200 10 2.141 97.3457 1.0192e-05
200 10 2.151 94.2656 1.02772e-05
200 10 2.161 90.5653 1.00192e-05
200 10 2.171 87.7132 1.00282e-05
200 10 2.181 86.8394 1.00151e-05
200 10 2.191 85.3797 1.0028e-05
200 10 2.201 82.6604 9.8781e-06
200 10 2.211 80.632 9.8545e-06
200 10 2.221 78.1119 9.7028e-06
200 10 2.231 110.052 1.0476e-05
200 10 2.241 106.702 1.03727e-05
200 10 2.251 106.366 1.0435e-05
200 10 2.261 103.216 1.03136e-05
200 10 2.271 102.854 1.028e-05
200 10 2.281 100.639 1.02087e-05
200 10 2.291 99.8589 1.02081e-05
200 10 2.301 97.7702 1.00939e-05
200 10 2.311 96.8953 1.01849e-05
200 10 2.321 95.8056 1.00347e-05
200 10 2.331 91.8227 9.9418e-06
200 10 2.341 93.145 1.00483e-05
200 10 2.351 90.0498 1.00056e-05
200 10 2.361 89.4258 9.9262e-06
200 10 2.371 87.8905 9.9107e-06
200 10 2.381 84.8437 9.754e-06
200 10 2.391 81.1373 9.7985e-06
200 10 2.401 83.9138 9.8513e-06
200 10 2.411 81.5972 9.8502e-06
200 10 2.421 78.1382 9.6905e-06
200 10 2.431 76.2847 9.5761e-06
200 10 2.441 74.5477 9.623e-06
200 10 2.451 77.3244 9.763e-06
200 10 2.461 72.3987 9.4688e-06
200 10 2.471 70.2679 9.4501e-06
200 10 2.481 69.5477 9.4039e-06
200 10 2.491 65.9097 9.2505e-06
200 10 2.501 67.3856 9.4659e-06
200 10 2.511 66.3613 9.2836e-06
200 10 2.521 65.1101 9.2177e-06
200 10 2.531 61.0949 9.1035e-06
200 10 2.541 61.3867 9.1308e-06
200 10 2.551 58.7621 9.0291e-06
200 10 2.561 58.221 7.3059e-06
200 10 2.571 55.6647 5.3662e-06
200 10 2.581 54.4416 6.8557e-06
200 10 2.591 53.5379 8.4206e-06
200 10 2.601 51.507 8.355e-06
200 10 2.611 51.9074 8.2612e-06
200 10 2.621 49.4596 8.3796e-06
200 10 2.631 50.0073 8.2707e-06
200 10 2.641 47.9196 8.1989e-06
200 10 2.651 46.6306 8.17e-06
200 10 2.661 45.7657 8.0603e-06
200 10 2.671 43.6345 7.9132e-06
200 10 2.681 42.8855 7.9066e-06
200 10 2.691 42.5644 7.9237e-06
200 10 2.701 40.6594 7.8348e-06
200 10 2.711 40.9391 7.8181e-06
200 10 2.721 39.2201 7.6637e-06
200 10 2.731 37.9933 7.5042e-06
200 10 2.741 37.2656 7.5051e-06
200 10 2.751 36.615 7.5224e-06
200 10 2.761 35.3484 7.3741e-06
200 10 2.771 34.0426 7.3786e-06
200 10 2.781 33.583 7.3231e-06
200 10 2.791 31.8737 7.192e-06
200 10 2.801 31.8391 7.2015e-06
200 10 2.811 31.3277 7.0627e-06
200 10 2.821 30.4189 7.0204e-06
200 10 2.831 29.2687 6.9799e-06
200 10 2.841 28.6645 6.9422e-06
200 10 2.851 27.9811 6.8002e-06
200 10 2.861 27.8046 6.8631e-06
200 10 2.871 27.2761 6.8151e-06
200 10 2.881 26.3811 6.7289e-06
200 10 2.891 26.213 6.7072e-06
200 10 2.901 24.8483 6.6438e-06
200 10 2.911 23.7762 6.45e-06
200 10 2.921 23.4569 6.3727e-06
200 10 2.931 23.4046 6.3141e-06
200 10 2.941 22.0901 4.1024e-06
200 10 2.951 21.8531 6.1604e-06
200 10 2.961 21.183 6.1688e-06
200 10 2.971 20.7685 6.0415e-06
200 10 2.981 20.2211 5.9505e-06
200 10 2.991 33.2599 7.2664e-06
200 10 3.001 32.7879 5.7658e-06
200 10 3.011 31.5826 4.4978e-06
200 10 3.021 32.0772 4.5408e-06
200 10 3.031 30.7233 5.0209e-06
200 10 3.041 30.81 7.0689e-06
200 10 3.051 29.0743 6.2454e-06
200 10 3.061 28.1248 4.3206e-06
200 10 3.071 28.0102 4.2627e-06
200 10 3.081 27.6741 4.3633e-06
200 10 3.091 34.0355 6.1851e-06
200 10 3.101 33.3052 7.0509e-06
200 10 3.111 33.159 7.0693e-06
200 10 3.121 32.4795 6.9502e-06
200 10 3.131 32.3489 6.993e-06
200 10 3.141 32.041 7.057e-06
200 10 3.151 31.8265 6.9847e-06
200 10 3.161 30.9658 6.926e-06
200 10 3.171 30.8911 6.9177e-06
200 10 3.181 30.7472 6.8907e-06
200 10 3.191 29.4223 6.7762e-06
200 10 3.201 29.5263 6.796e-06
200 10 3.211 29.1326 6.7812e-06
200 10 3.221 27.5899 6.6326e-06
200 10 3.231 28.1732 6.7209e-06
200 10 3.241 28.2343 6.723e-06
200 10 3.251 27.3143 6.709e-06
200 10 3.261 27.3509 6.6864e-06
200 10 3.271 26.5767 6.5107e-06
200 10 3.281 25.244 6.4489e-06
200 10 3.291 25.6874 6.4763e-06
200 10 3.301 25.159 6.4309e-06
200 10 3.311 24.6416 6.3448e-06
200 10 3.321 24.1789 6.3052e-06
200 10 3.331 23.4723 6.2479e-06
200 10 3.341 23.6614 5.7236e-06
200 10 3.351 22.828 4.0299e-06
200 10 3.361 22.0391 5.1811e-06
200 10 3.371 21.9177 4.1221e-06
200 10 3.381 21.7843 3.9814e-06
200 10 3.391 20.9069 3.8509e-06
200 10 3.401 21.3933 3.9817e-06
200 10 3.411 20.8285 3.8533e-06
200 10 3.421 20.2997 5.9339e-06
200 10 3.431 19.4267 5.8509e-06
200 10 3.441 19.6412 5.9294e-06
200 10 3.451 19.0359 5.8487e-06
200 10 3.461 18.5564 5.7231e-06
200 10 3.471 18.2414 5.7103e-06
200 10 3.481 17.824 5.5861e-06
200 10 3.491 17.5253 5.4742e-06
200 10 3.501 17.7225 5.4935e-06
200 10 3.511 16.9052 5.3495e-06
200 10 3.521 16.6427 4.3268e-06
200 10 3.531 16.6174 3.4819e-06
200 10 3.541 15.8843 3.3305e-06
200 10 3.551 15.9078 3.3247e-06
200 10 3.561 15.6699 3.3852e-06
200 10 3.571 15.3813 3.2889e-06
200 10 3.581 15.0805 3.3008e-06
200 10 3.591 14.8587 3.2974e-06
200 10 3.601 14.8982 3.3342e-06
200 10 3.611 14.3127 3.2374e-06
200 10 3.621 14.1005 4.3484e-06
200 10 3.631 13.9829 4.7823e-06
200 10 3.641 13.6945 4.6833e-06
200 10 3.651 13.4324 4.5582e-06
200 10 3.661 13.1464 3.1103e-06
200 10 3.671 12.9534 3.0292e-06
200 10 3.681 12.8049 3.022e-06
200 10 3.691 12.6056 3.7553e-06
200 10 3.701 12.5952 4.4759e-06
200 10 3.711 12.1714 4.2884e-06
200 10 3.721 12.099 4.2953e-06
200 10 3.731 15.7847 5.071e-06
200 10 3.741 15.7082 5.0658e-06
200 10 3.751 15.6558 5.0898e-06
200 10 3.761 15.0738 5.0209e-06
200 10 3.771 15.1458 5.027e-06
200 10 3.781 14.7884 5.0481e-06
200 10 3.791 14.9416 5.1083e-06
200 10 3.801 14.6292 4.9037e-06
200 10 3.811 14.1354 4.7955e-06
200 10 3.821 14.0615 4.8459e-06
200 10 3.831 14.0462 3.8743e-06
200 10 3.841 13.7375 3.1112e-06
200 10 3.851 13.5406 3.0602e-06
200 10 3.861 14.7923 3.4138e-06
200 10 3.871 15.0879 4.9689e-06
200 10 3.881 14.5591 4.903e-06
200 10 3.891 14.6432 4.9516e-06
200 10 3.901 14.6032 4.9336e-06
200 10 3.911 14.3349 4.0477e-06
200 10 3.921 14.2853 3.1468e-06
200 10 3.931 13.9792 4.5435e-06
200 10 3.941 14.0846 4.7045e-06
200 10 3.951 13.791 4.7314e-06
200 10 3.961 13.5783 4.6102e-06
200 10 3.971 13.6123 4.6345e-06
200 10 3.981 13.6592 4.44e-06
200 10 3.991 13.484 3.2267e-06
200 10 4.001 13.2704 4.424e-06
200 10 4.011 13.2187 4.4842e-06
200 10 4.021 12.9871 4.412e-06
200 10 4.031 13.1689 4.4614e-06
200 10 4.041 13.0855 4.449e-06
200 10 4.051 12.9819 4.3182e-06
200 10 4.061 12.5324 4.144e-06
200 10 4.071 12.5302 4.202e-06
200 10 4.081 12.3171 4.231e-06
200 10 4.091 12.1642 4.1307e-06
200 10 4.101 12.3991 4.2056e-06
200 10 4.111 11.9515 3.9501e-06
200 10 4.121 11.8871 3.9203e-06
200 10 4.131 11.9732 3.1167e-06
200 10 4.141 11.7851 4.0012e-06
200 10 4.151 11.7391 3.9278e-06
200 10 4.161 11.5605 3.8767e-06
200 10 4.171 11.5721 3.8365e-06
200 10 4.181 11.3556 3.8117e-06
200 10 4.191 11.3163 3.8271e-06
200 10 4.201 11.1998 3.8149e-06
200 10 4.211 11.0497 3.7287e-06
200 10 4.221 10.7931 3.6164e-06
200 10 4.231 10.8767 3.6243e-06
200 10 4.241 10.8396 3.5572e-06
200 10 4.251 10.7021 3.5327e-06
200 10 4.261 10.5719 3.3895e-06
200 10 4.271 10.4623 3.3754e-06
200 10 4.281 10.3671 2.7538e-06
200 10 4.291 10.3602 2.3682e-06
200 10 4.301 10.3749 3.3244e-06
200 10 4.311 10.2295 3.3773e-06
200 10 4.321 10.2196 3.3298e-06
200 10 4.331 10.1245 3.2685e-06
200 10 4.341 9.9967 3.2521e-06
200 10 4.351 9.883 3.1136e-06
200 10 4.361 9.9652 3.1159e-06
200 10 4.371 9.8845 3.1026e-06
200 10 4.381 10.9162 3.7325e-06
200 10 4.391 10.7605 3.7482e-06
200 10 4.401 10.7943 3.6497e-06
200 10 4.411 10.6755 3.5448e-06
200 10 4.421 10.5771 3.621e-06
200 10 4.431 10.5445 3.4525e-06
200 10 4.441 10.5554 3.4964e-06
200 10 4.451 10.4657 3.3915e-06
200 10 4.461 10.3591 3.3893e-06
200 10 4.471 10.3347 3.4635e-06
200 10 4.481 10.3151 3.3332e-06
200 10 4.491 10.2371 3.2863e-06
200 10 4.501 10.2336 3.3137e-06
200 10 4.511 10.2202 2.3877e-06
200 10 4.521 10.1789 2.8467e-06
200 10 4.531 10.0682 2.8521e-06
200 10 4.541 10.2973 2.9295e-06
200 10 4.551 10.2367 3.0994e-06
200 10 4.561 10.3175 3.086e-06
200 10 4.571 10.2124 2.9982e-06
200 10 4.581 10.2316 3.0357e-06
200 10 4.591 10.0884 2.9182e-06
200 10 4.601 10.1265 3.0191e-06
200 10 4.611 10.2106 3.028e-06
200 10 4.621 10.0169 2.7794e-06
200 10 4.631 10.0937 2.5564e-06
200 10 4.641 10.0944 2.0308e-06
200 10 4.651 10.193 1.9939e-06
200 10 4.661 10.1246 2.7059e-06
200 10 4.671 10.0541 2.7376e-06
200 10 4.681 10.0585 1.9365e-06
200 10 4.691 10.0369 1.9716e-06
200 10 4.701 10.0093 1.985e-06
200 10 4.711 9.8772 1.9643e-06
200 10 4.721 9.8046 1.8631e-06
200 10 4.731 9.9205 1.9022e-06
200 10 4.741 9.8381 1.9183e-06
200 10 4.751 9.8042 2.5222e-06
200 10 4.761 9.8313 2.5766e-06
200 10 4.771 9.8174 2.5923e-06
200 10 4.781 9.7866 2.5514e-06
200 10 4.791 9.8308 2.4822e-06
200 10 4.801 9.722 2.4188e-06
200 10 4.811 9.7618 2.3662e-06
200 10 4.821 9.7092 2.4137e-06
200 10 4.831 9.7221 2.3223e-06
200 10 4.841 9.6656 2.3258e-06
200 10 4.851 9.6532 2.2443e-06
200 10 4.861 9.6973 2.2646e-06
200 10 4.871 9.6714 2.2371e-06
200 10 4.881 9.6178 2.0905e-06
200 10 4.891 9.6423 2.0767e-06
200 10 4.901 9.5306 1.6533e-06
200 10 4.911 9.599 1.9161e-06
200 10 4.921 9.5944 1.9294e-06
200 10 4.931 9.6334 1.4328e-06
200 10 4.941 9.7 1.6427e-06
200 10 4.951 9.6668 1.5766e-06
200 10 4.961 9.6744 1.5702e-06
200 10 4.971 9.7442 1.594e-06
200 10 4.981 9.7151 1.5633e-06
200 10 4.991 9.6634 1.5563e-06
200 10 5.001 9.6597 1.9374e-06
200 10 5.011 9.5946 2.0559e-06
200 10 5.021 9.6883 2.0892e-06
200 10 5.031 9.6791 2.0251e-06
200 10 5.041 9.6292 2.0142e-06
200 10 5.051 9.6172 1.9274e-06
200 10 5.061 9.634 1.9239e-06
200 10 5.071 9.6596 1.8984e-06
200 10 5.081 9.6658 1.8893e-06
200 10 5.091 9.6264 1.8452e-06
200 10 5.101 9.6034 1.7538e-06
200 10 5.111 9.615 1.7453e-06
200 10 5.121 9.6649 1.5904e-06
200 10 5.131 9.6511 1.244e-06
200 10 5.141 9.6099 1.3373e-06
200 10 5.151 9.6532 1.3457e-06
200 10 5.161 9.6518 1.3421e-06
200 10 5.171 9.628 1.8014e-06
200 10 5.181 9.6451 1.7319e-06
200 10 5.191 9.619 1.6777e-06
200 10 5.201 9.6196 1.3365e-06
200 10 5.211 9.651 1.3229e-06
200 10 5.221 9.6371 1.2646e-06
200 10 5.231 9.6828 1.5536e-06
200 10 5.241 9.6291 1.2736e-06
200 10 5.251 9.654 1.2168e-06
200 10 5.261 9.6507 1.1994e-06
200 10 5.271 9.6829 1.5816e-06
200 10 5.281 9.68 1.6049e-06
200 10 5.291 9.666 1.5389e-06
200 10 5.301 9.7334 1.5876e-06
200 10 5.311 9.6971 1.5351e-06
200 10 5.321 9.7234 1.5456e-06
200 10 5.331 9.6975 1.5305e-06
200 10 5.341 9.7149 1.466e-06
200 10 5.351 9.7174 1.4706e-06
200 10 5.361 9.7159 1.4287e-06
200 10 5.371 9.7744 1.4976e-06
200 10 5.381 9.723 1.255e-06
200 10 5.391 9.7183 1.4736e-06
200 10 5.401 9.7413 1.4496e-06
200 10 5.411 9.694 1.3151e-06
200 10 5.421 9.7371 1.1197e-06
200 10 5.431 9.7431 1.0896e-06
200 10 5.441 9.7475 1.0897e-06
200 10 5.451 9.7634 1.1119e-06
200 10 5.461 9.7346 1.2867e-06
200 10 5.471 9.7222 1.3698e-06
200 10 5.481 9.7798 1.3772e-06
200 10 5.491 9.7445 1.2893e-06
200 10 5.501 9.727 1.0921e-06
200 10 5.511 9.7484 1.0828e-06
200 10 5.521 9.7523 1.1171e-06
200 10 5.531 9.7746 1.1185e-06
200 10 5.541 9.7601 1.0742e-06
200 10 5.551 9.7544 1.0798e-06
200 10 5.561 9.765 1.0718e-06
200 10 5.571 9.7688 1.0587e-06
200 10 5.581 9.7673 1.124e-06
200 10 5.591 9.7762 1.0608e-06
200 10 5.601 9.7577 1.0565e-06
200 10 5.611 9.7757 1.0605e-06
200 10 5.621 9.7845 1.0563e-06
200 10 5.631 9.7633 1.1823e-06
200 10 5.641 9.7899 1.3285e-06
200 10 5.651 9.7946 1.3304e-06
200 10 5.661 9.8 1.3399e-06
200 10 5.671 9.8048 1.2771e-06
200 10 5.681 9.8029 1.3051e-06
200 10 5.691 9.7977 1.3026e-06
200 10 5.701 9.8066 1.3503e-06
200 10 5.711 9.7917 1.1562e-06
200 10 5.721 9.7815 1.1904e-06
200 10 5.731 9.7834 1.3253e-06
200 10 5.741 9.7994 1.2863e-06
200 10 5.751 9.8214 1.2856e-06
200 10 5.761 9.7765 1.2832e-06
200 10 5.771 9.8407 1.3004e-06
200 10 5.781 9.8034 1.2693e-06
200 10 5.791 9.8394 1.2604e-06
200 10 5.801 9.8082 1.2834e-06
200 10 5.811 9.8223 1.3095e-06
200 10 5.821 9.8167 1.2291e-06
200 10 5.831 9.838 1.237e-06
200 10 5.841 9.8344 1.2833e-06
200 10 5.851 9.8115 1.2412e-06
200 10 5.861 9.8317 1.2299e-06
200 10 5.871 9.8345 1.2297e-06
200 10 5.881 9.8438 1.2389e-06
200 10 5.891 9.8436 1.2199e-06
200 10 5.901 9.8238 1.2283e-06
200 10 5.911 9.8382 1.2149e-06
200 10 5.921 9.8579 1.2262e-06
200 10 5.931 9.8483 1.2188e-06
200 10 5.941 9.8321 1.1674e-06
200 10 5.951 9.8448 1.1775e-06
200 20 0.001 3995 2.32047e-05
200 20 0.011 3945.69 2.31296e-05
200 20 0.021 3875.06 2.29699e-05
200 20 0.031 3830.73 2.28794e-05
200 20 0.041 3746.76 2.27297e-05
200 20 0.051 3675.06 2.26194e-05
200 20 0.061 3652.46 2.2556e-05
200 20 0.071 3562.66 2.2416e-05
200 20 0.081 3490.59 2.22764e-05
200 20 0.091 3407.86 2.21444e-05
200 20 0.101 3305.47 2.19198e-05
200 20 0.111 3352.05 2.19379e-05
200 20 0.121 3297.46 2.18859e-05
200 20 0.131 3197.75 2.17036e-05
200 20 0.141 3123.77 2.14726e-05
200 20 0.151 3042.36 1.58172e-05
200 20 0.161 2948.07 1.25424e-05
200 20 0.171 2871.35 1.23932e-05
200 20 0.181 2782.6 1.87489e-05
200 20 0.191 2696.54 2.07422e-05
200 20 0.201 2598.91 2.06206e-05
200 20 0.211 2790.89 1.4028e-05
200 20 0.221 2717.24 1.22499e-05
200 20 0.231 2658.56 1.22543e-05
200 20 0.241 2609.2 1.22291e-05
200 20 0.251 2527.22 1.93895e-05
200 20 0.261 2476.61 2.06241e-05
200 20 0.271 2400.83 2.03983e-05
200 20 0.281 2315.63 2.01877e-05
200 20 0.291 2237.42 2.0022e-05
200 20 0.301 2189.98 1.96157e-05
200 20 0.311 2108.89 1.94287e-05
200 20 0.321 2036.89 1.88839e-05
200 20 0.331 1962.74 1.13672e-05
200 20 0.341 1907.23 1.13167e-05
200 20 0.351 1862.21 1.12573e-05
200 20 0.361 1793.86 1.11687e-05
200 20 0.371 1714.76 1.69325e-05
200 20 0.381 2028.47 1.95086e-05
200 20 0.391 1983.23 1.94223e-05
200 20 0.401 1926.16 1.94133e-05
200 20 0.411 1912.38 1.9339e-05
200 20 0.421 1845.07 1.91267e-05
200 20 0.431 1784.68 1.8908e-05
200 20 0.441 1730.96 1.87415e-05
200 20 0.451 1707.16 1.8519e-05
200 20 0.461 1625.2 1.8302e-05
200 20 0.471 1608.6 1.82727e-05
200 20 0.481 1553.45 1.81189e-05
200 20 0.491 1506.83 1.80127e-05
200 20 0.501 1474.46 1.79654e-05
200 20 0.511 1421.04 1.80928e-05
200 20 0.521 1387.82 1.7971e-05
200 20 0.531 1324.49 1.7716e-05
200 20 0.541 1286.53 1.76262e-05
200 20 0.551 1256.43 1.75866e-05
200 20 0.561 1202.35 1.73277e-05
200 20 0.571 1175.55 1.73579e-05
200 20 0.581 1136.23 1.71853e-05
200 20 0.591 1085.79 1.70237e-05
200 20 0.601 1060.89 1.69783e-05
200 20 0.611 1030.45 1.6873e-05
200 20 0.621 996.057 1.67436e-05
200 20 0.631 963.343 1.65781e-05
200 20 0.641 922.263 1.64925e-05
200 20 0.651 897.891 1.63353e-05
200 20 0.661 868.939 1.63671e-05
200 20 0.671 840.372 1.62306e-05
200 20 0.681 805.679 1.60811e-05
200 20 0.691 1136.43 1.7141e-05
200 20 0.701 1108.4 1.64827e-05
200 20 0.711 1075 1.00484e-05
200 20 0.721 1064.95 1.00715e-05
200 20 0.731 1028.25 1.39387e-05
200 20 0.741 1035.32 1.69914e-05
200 20 0.751 990.56 1.665e-05
200 20 0.761 969.109 1.66561e-05
200 20 0.771 949.064 1.65436e-05
200 20 0.781 915.101 1.64728e-05
200 20 0.791 886.566 1.45389e-05
200 20 0.801 865.864 9.7501e-06
200 20 0.811 844.226 1.30419e-05
200 20 0.821 816.011 1.5883e-05
200 20 0.831 799.176 1.57198e-05
200 20 0.841 768.523 1.56679e-05
200 20 0.851 761.49 1.56756e-05
200 20 0.861 735.062 9.477e-06
200 20 0.871 710.89 9.4072e-06
200 20 0.881 684.773 9.4229e-06
200 20 0.891 674.021 9.3609e-06
200 20 0.901 645.241 1.01565e-05
200 20 0.911 620.98 1.50877e-05
200 20 0.921 613.85 1.51341e-05
200 20 0.931 593.145 1.49224e-05
200 20 0.941 582.437 1.49978e-05
200 20 0.951 561.463 1.38532e-05
200 20 0.961 543.909 1.0627e-05
200 20 0.971 520.062 1.48291e-05
200 20 0.981 513.4 1.48749e-05
200 20 0.991 501.088 1.48921e-05
200 20 1.001 480.184 1.46509e-05
200 20 1.011 465.558 1.46075e-05
200 20 1.021 455.44 1.45207e-05
200 20 1.031 437.933 1.44707e-05
200 20 1.041 425.683 1.44204e-05
200 20 1.051 407.938 1.42989e-05
200 20 1.061 398.779 1.43215e-05
200 20 1.071 385.775 1.41347e-05
200 20 1.081 370.572 1.40055e-05
200 20 1.091 367.123 1.39468e-05
200 20 1.101 353.797 1.38997e-05
200 20 1.111 342.255 1.38084e-05
200 20 1.121 330.871 1.37331e-05
200 20 1.131 317.364 1.32935e-05
200 20 1.141 307.669 1.33203e-05
200 20 1.151 299.903 1.32416e-05
200 20 1.161 287.666 1.29963e-05
200 20 1.171 281.778 1.30379e-05
200 20 1.181 273.018 1.29764e-05
200 20 1.191 260.798 1.28935e-05
200 20 1.201 259.13 1.29523e-05
200 20 1.211 251.007 1.01109e-05
200 20 1.221 244.852 8.0893e-06
200 20 1.231 229.958 7.8334e-06
200 20 1.241 221.115 7.7812e-06
200 20 1.251 427.581 8.6579e-06
200 20 1.261 421.899 8.6822e-06
200 20 1.271 413.931 8.698e-06
200 20 1.281 405.564 8.6448e-06
200 20 1.291 399.267 8.5398e-06
200 20 1.301 384.692 8.6018e-06
200 20 1.311 382.047 8.8149e-06
200 20 1.321 373.389 8.4605e-06
200 20 1.331 366.957 8.417e-06
200 20 1.341 360.238 1.19026e-05
200 20 1.351 350.763 1.3493e-05
200 20 1.361 342.039 1.34808e-05
200 20 1.371 335.267 1.32687e-05
200 20 1.381 325.228 1.32746e-05
200 20 1.391 312.849 1.31729e-05
200 20 1.401 307.442 1.32249e-05
200 20 1.411 300.528 1.28717e-05
200 20 1.421 296.397 8.1664e-06
200 20 1.431 289.158 7.9987e-06
200 20 1.441 281.586 8.0238e-06
200 20 1.451 271.331 1.07167e-05
200 20 1.461 265.912 8.6759e-06
200 20 1.471 261.473 1.27621e-05
200 20 1.481 253.164 1.26648e-05
200 20 1.491 243.714 1.23611e-05
200 20 1.501 241.095 1.00145e-05
200 20 1.511 232.954 1.27243e-05
200 20 1.521 228.964 1.27302e-05
200 20 1.531 221.143 1.24943e-05
200 20 1.541 219.867 1.25224e-05
200 20 1.551 211.632 1.16889e-05
200 20 1.561 203.057 7.5626e-06
200 20 1.571 203.71 9.0549e-06
200 20 1.581 194.421 1.19804e-05
200 20 1.591 186.529 1.17869e-05
200 20 1.601 186.09 1.20183e-05
200 20 1.611 184.165 1.20375e-05
200 20 1.621 173.854 1.17791e-05
200 20 1.631 167.235 1.16338e-05
200 20 1.641 165.695 1.15983e-05
200 20 1.651 162.516 9.464e-06
200 20 1.661 158.552 7.2038e-06
200 20 1.671 154.014 9.9839e-06
200 20 1.681 150.324 1.15641e-05
200 20 1.691 145.518 1.15999e-05
200 20 1.701 141.656 1.14449e