200 10 0.001 1998.25 86531.4 29.3686
200 10 0.011 1975.59 86206 27.1466
200 10 0.021 1948.29 85776.9 27.4226
200 10 0.031 1916.88 85290.7 28.0911
200 10 0.041 1885.06 84854.7 28.6582
200 10 0.051 1857.62 84508.8 28.5315
200 10 0.061 1823.61 84017.4 28.4303
200 10 0.071 1785.65 83328 26.997
200 10 0.081 1757.53 83051 26.482
200 10 0.091 1711.86 82174.9 27.0085
200 10 0.101 1679.34 81785.1 30.1102
200 10 0.111 1639.64 81230.1 30.1059
200 10 0.121 1617.16 80836.5 29.2138
200 10 0.131 1580.61 80299.3 29.7438
200 10 0.141 1549.8 79777.6 30.6142
200 10 0.151 1505.82 78983 30.1578
200 10 0.161 1466.19 78378 32.0008
200 10 0.171 1437.61 77875.8 32.2177
200 10 0.181 1409.98 77666.5 31.9549
200 10 0.191 1365.44 76693.8 34.7978
200 10 0.201 1332.41 76114.9 36.3147
200 10 0.211 1301.14 75504 34.4032
200 10 0.221 1255.7 74523.6 36.6637
200 10 0.231 1232.87 74200 36.8094
200 10 0.241 1189.02 73648.2 37.9202
200 10 0.251 1163.97 72737.6 38.8524
200 10 0.261 1128.42 72521.2 40.1659
200 10 0.271 1109.66 71871.9 41.3972
200 10 0.281 1067.4 71110 42.9712
200 10 0.291 1052.37 71444.8 43.9386
200 10 0.301 1001.89 69876.8 47.3782
200 10 0.311 985.065 69944.8 49.1434
200 10 0.321 958.16 69379.2 47.7711
200 10 0.331 914.508 68164.3 49.2162
200 10 0.341 910.685 68348.8 50.0035
200 10 0.351 867.514 67259.7 54.1783
200 10 0.361 842.602 66708.3 53.1498
200 10 0.371 816.473 66306 56.72
200 10 0.381 789.442 65562.7 56.0527
200 10 0.391 766.121 65046.7 57.4735
200 10 0.401 745.732 64797.8 58.9275
200 10 0.411 721.228 63817.8 60.2527
200 10 0.421 703.052 63507.6 63.7816
200 10 0.431 679.082 63031.2 65.6601
200 10 0.441 663.196 62727.5 66.6373
200 10 0.451 635.329 62014.3 68.9109
200 10 0.461 612.659 61247.1 66.7285
200 10 0.471 595.029 61218.3 70.95
200 10 0.481 575.251 60569.5 69.9349
200 10 0.491 547.083 59751.1 73.8506
200 10 0.501 536.391 59413.3 75.0926
200 10 0.511 520.17 58800 76.4336
200 10 0.521 490.396 57371.6 77.5088
200 10 0.531 479.957 57766.8 79.3756
200 10 0.541 467.937 56986.2 80.137
200 10 0.551 449.838 56628.2 79.0803
200 10 0.561 438.455 56705.9 82.7513
200 10 0.571 418.438 55716.3 84.5903
200 10 0.581 403.189 55223.5 82.7626
200 10 0.591 386.805 54516.8 84.3356
200 10 0.601 373.944 54157.6 87.438
200 10 0.611 362.993 53622.5 88.4017
200 10 0.621 346.317 53497.9 90.4192
200 10 0.631 334.011 52710.1 88.9881
200 10 0.641 322.181 52228.1 90.28
200 10 0.651 309.161 51218.5 90.8587
200 10 0.661 302.575 51310.4 91.5151
200 10 0.671 290.256 51043.9 93.0024
200 10 0.681 274.106 49840.1 95.0553
200 10 0.691 267.652 50112.9 96.2716
200 10 0.701 254.66 48889.7 95.2321
200 10 0.711 249.66 48746.4 96.0335
200 10 0.721 242.945 49026.2 97.5356
200 10 0.731 227.983 47679.9 97.4798
200 10 0.741 221.746 47496.7 99.5571
200 10 0.751 211.237 46740.8 98.2326
200 10 0.761 203.785 46370.1 99.8739
200 10 0.771 195.775 45396.4 99.796
200 10 0.781 184.797 44911.6 100.566
200 10 0.791 182.382 45173.6 101.824
200 10 0.801 175.035 44141.7 100.643
200 10 0.811 168.429 43734 101.209
200 10 0.821 159.34 42409.6 101.049
200 10 0.831 154.536 42704.7 102.089
200 10 0.841 148.012 41819.7 101.897
200 10 0.851 142.725 41790.5 102.21
200 10 0.861 138.531 41599.8 102.091
200 10 0.871 132.837 40350.8 101.906
200 10 0.881 126.028 40295.3 101.743
200 10 0.891 120.321 40076.2 101.469
200 10 0.901 116.507 39143.8 100.954
200 10 0.911 111.029 38543.6 100.127
200 10 0.921 106.819 37880.4 99.8578
200 10 0.931 102.641 37704 99.4236
200 10 0.941 99.8128 37763.6 98.9072
200 10 0.951 94.6654 36849.2 97.7648
200 10 0.961 91.3561 36703.2 96.5659
200 10 0.971 87.8084 35799.2 95.6264
200 10 0.981 83.8389 35193.9 94.2816
200 10 0.991 80.8254 35318.3 93.4486
200 20 0.001 3994.6 106949 17.1838
200 20 0.011 3912.87 106088 17.7517
200 20 0.021 3825.34 105076 18.9083
200 20 0.031 3717.62 104004 19.9027
200 20 0.041 3608.97 102874 21.3551
200 20 0.051 3495.33 101550 22.3809
200 20 0.061 3396.73 100406 23.7325
200 20 0.071 3284.22 99149.8 25.2565
200 20 0.081 3184.56 98003.8 26.8587
200 20 0.091 3068.44 96776.1 28.3161
200 20 0.101 2983.05 95938.4 30.0547
200 20 0.111 2876.15 94526.9 32.0579
200 20 0.121 2768.3 93438.6 33.0608
200 20 0.131 2667.92 91921.2 34.5011
200 20 0.141 2571.77 91249.1 35.5596
200 20 0.151 2475.58 90017.3 37.5746
200 20 0.161 2402.85 89201.8 39.1696
200 20 0.171 2301.14 87828.4 40.8009
200 20 0.181 2214.34 86890.6 41.9658
200 20 0.191 2113.88 85748 45.1112
200 20 0.201 2023.08 84306.7 46.9472
200 20 0.211 1940.91 83515.1 46.7461
200 20 0.221 1869.7 82553.8 48.1602
200 20 0.231 1784.85 81527.8 49.9996
200 20 0.241 1711.54 80333.5 51.2239
200 20 0.251 1655.32 79899.8 52.7372
200 20 0.261 1581.85 78664.9 53.9223
200 20 0.271 1526.66 78250.3 54.9797
200 20 0.281 1463.21 77206.6 56.6529
200 20 0.291 1385.15 75994.1 58.082
200 20 0.301 1335.58 75313 60.9899
200 20 0.311 1267.22 74108.4 61.9874
200 20 0.321 1231 73842.7 61.7142
200 20 0.331 1185.01 72878.3 62.625
200 20 0.341 1125.06 72146.1 63.9075
200 20 0.351 1063.67 71028 66.7238
200 20 0.361 1025.99 70762.8 66.5485
200 20 0.371 975.533 69836.2 68.8922
200 20 0.381 929.602 68473.1 67.7861
200 20 0.391 895.443 68312.3 69.1836
200 20 0.401 849.19 66994 70.116
200 20 0.411 812.955 66618.5 71.0216
200 20 0.421 787.032 66469.1 73.2479
200 20 0.431 754.346 65840.5 74.2121
200 20 0.441 716.701 65057.5 74.7946
200 20 0.451 688.698 64545.6 75.8361
200 20 0.461 661.255 63777.8 75.2709
200 20 0.471 624.812 62560.5 76.9886
200 20 0.481 597.88 62981.2 76.8179
200 20 0.491 577.961 61887.2 78.5478
200 20 0.501 553.098 61711.7 79.0656
200 20 0.511 532.949 61447.6 80.4258
200 20 0.521 504.407 60085.2 81.0831
200 20 0.531 475.986 59363.4 81.5947
200 20 0.541 464.854 59255.1 82.1877
200 20 0.551 450.122 59001.7 81.7981
200 20 0.561 424.353 57949.9 83.2343
200 20 0.571 411.726 57746.1 83.8337
200 20 0.581 385.457 56554.8 82.8704
200 20 0.591 374.469 56465.7 83.2989
200 20 0.601 356.269 55916.9 84.5579
200 20 0.611 340.106 55270.6 85.1339
200 20 0.621 325.165 54588.9 85.4884
200 20 0.631 311.175 54266.8 85.2248
200 20 0.641 299.344 53306.7 85.7274
200 20 0.651 290.802 53532.1 86.5506
200 20 0.661 276.624 52492 86.6208
200 20 0.671 265.22 51954.3 87.0993
200 20 0.681 256.189 52270.2 87.9856
200 20 0.691 241.131 51218.2 88.8522
200 20 0.701 231.16 50218.3 88.7854
200 20 0.711 224.872 50356.9 89.3038
200 20 0.721 212.248 49608.3 89.6146
200 20 0.731 201.029 48382.7 89.7127
200 20 0.741 195.715 48756.8 90.7637
200 20 0.751 186.758 48099.1 90.6894
200 20 0.761 178.592 47646.5 91.2011
200 20 0.771 169.182 46774.7 90.8176
200 20 0.781 160.948 45736.1 90.6583
200 20 0.791 157.234 46306 90.8611
200 20 0.801 149.455 45141.4 90.6243
200 20 0.811 145.56 45428.4 90.9156
200 20 0.821 139.258 44703.1 90.5817
200 20 0.831 132.09 44373.6 91.175
200 20 0.841 127.503 43336.5 90.8944
200 20 0.851 121.038 42780.6 90.782
200 20 0.861 116.172 42186.4 90.4661
200 20 0.871 111.18 42627.4 90.6973
200 20 0.881 106.66 41746.5 90.353
200 20 0.891 102.664 41476.1 90.5578
200 20 0.901 98.1797 40972.5 89.9951
200 20 0.911 92.7885 39509.4 89.4865
200 20 0.921 90.3565 39436 89.6488
200 20 0.931 85.7159 38900.9 88.9153
200 20 0.941 82.1109 38451.4 87.9939
200 20 0.951 78.4912 38591.2 87.5089
200 20 0.961 74.7801 37579.3 86.6669
200 20 0.971 72.2049 36983.1 86.0909
200 20 0.981 69.1261 36942.7 85.4252
200 20 0.991 65.8358 36015.8 84.218
200 30 0.001 5387.09 121785 14.7466
200 30 0.011 5235.41 120281 16.7351
200 30 0.021 5032.56 118300 23.983
200 30 0.031 4841.76 116349 21.8621
200 30 0.041 4656.58 114400 24.2915
200 30 0.051 4449.12 112393 33.1431
200 30 0.061 4296.89 110842 29.6229
200 30 0.071 4076.89 108534 30.8015
200 30 0.081 3888.44 106491 33.6449
200 30 0.091 3731.3 105040 36.1087
200 30 0.101 3560.05 103224 38.852
200 30 0.111 3366.28 101169 41.4291
200 30 0.121 3223.51 99539.3 41.8686
200 30 0.131 3096.87 98511.7 43.2699
200 30 0.141 2900.41 96137.3 45.4155
200 30 0.151 2784.34 95000.1 47.7134
200 30 0.161 2638.74 93345.9 48.5435
200 30 0.171 2499.82 91491.6 50.0649
200 30 0.181 2382.76 90563.9 51.7695
200 30 0.191 2266.66 89082 54.7391
200 30 0.201 2155.5 88031.2 57.4813
200 30 0.211 2028.18 86475.3 55.8006
200 30 0.221 1946.15 85502.7 56.4174
200 30 0.231 1828.34 83847.5 57.0955
200 30 0.241 1755.89 83097.3 58.5671
200 30 0.251 1670.07 82480.3 59.0196
200 30 0.261 1573.04 80598.6 59.8155
200 30 0.271 1516.28 80114.8 61.1903
200 30 0.281 1434.87 78823.2 61.6909
200 30 0.291 1353.01 77859.6 62.0957
200 30 0.301 1290.19 76698.9 64.4777
200 30 0.311 1221.6 75809.4 66.5068
200 30 0.321 1186.37 75447.7 64.2419
200 30 0.331 1129.56 74925.8 65.0324
200 30 0.341 1056.24 73525.7 65.2007
200 30 0.351 1007.35 72616.9 67.2648
200 30 0.361 958.848 71772.7 66.3584
200 30 0.371 930.021 71520.8 68.5473
200 30 0.381 878.914 70627.7 67.1582
200 30 0.391 839.341 70147.7 67.7424
200 30 0.401 794.569 69031.5 68.1425
200 30 0.411 758.814 68148 68.6742
200 30 0.421 734.391 67987.7 70.0448
200 30 0.431 706.443 67472 72.0371
200 30 0.441 671.402 66712.6 72.1635
200 30 0.451 637.92 66405.3 72.8819
200 30 0.461 602.222 65008.2 70.7114
200 30 0.471 583.099 64491.1 73.0871
200 30 0.481 555.077 64183.6 72.0498
200 30 0.491 532.903 63573.1 74.4424
200 30 0.501 505.883 63147.2 75.462
200 30 0.511 488.442 62378.3 75.2678
200 30 0.521 465.844 61589.6 75.8289
200 30 0.531 442.577 61499.7 76.2209
200 30 0.541 423.75 60501.4 76.4398
200 30 0.551 408.937 60462 76.0449
200 30 0.561 387.398 59486.1 77.6447
200 30 0.571 375.606 59207.7 78.2207
200 30 0.581 364.715 59021.7 77.3749
200 30 0.591 344.624 57924.9 77.8312
200 30 0.601 327.881 57482.2 79.3662
200 30 0.611 314.108 56510 80.2093
200 30 0.621 303.946 56434.9 81.328
200 30 0.631 288.221 55731.4 79.8714
200 30 0.641 276.817 55167.7 80.5512
200 30 0.651 265.489 55020.1 81.2071
200 30 0.661 252.013 53647.4 81.3228
200 30 0.671 244.918 53785.6 82.2722
200 30 0.681 235.709 53562.1 83.6605
200 30 0.691 225.189 52885.3 83.7962
200 30 0.701 216.177 52303.6 83.1392
200 30 0.711 207.458 51756.7 83.3374
200 30 0.721 199.233 51695.2 84.0639
200 30 0.731 187.715 50669.5 84.3817
200 30 0.741 180.926 50160.9 85.8176
200 30 0.751 171.098 49442.7 84.8761
200 30 0.761 167.43 49684.2 86.3092
200 30 0.771 157.582 48100.5 85.5148
200 30 0.781 153.231 48174.1 86.9029
200 30 0.791 148.039 47846.5 87.0254
200 30 0.801 139.03 47256.7 86.4718
200 30 0.811 133.981 46472.8 86.6838
200 30 0.821 130.298 46620.8 86.8992
200 30 0.831 121.889 45142.4 87.1169
200 30 0.841 117.335 44899.8 86.9806
200 30 0.851 113.462 44515.4 87.3887
200 30 0.861 108.224 43833.7 86.9404
200 30 0.871 103.069 43469.9 87.112
200 30 0.881 99.3343 42972.5 87.0921
200 30 0.891 95.3062 42436.9 87.2353
200 30 0.901 90.1853 42148.2 86.8921
200 30 0.911 87.3714 41136.4 86.619
200 30 0.921 82.1721 40775.5 86.254
200 30 0.931 78.8049 41237.4 85.9426
200 30 0.941 75.25 39787.9 85.4611
200 30 0.951 72.0173 39396.8 84.9954
200 30 0.961 69.2996 39060.6 84.6014
200 30 0.971 66.2747 38947.3 83.7415
200 30 0.981 63.163 37672.8 83.1897
200 30 0.991 60.3661 37584.1 82.2159
200 40 0.001 7976.26 147968 209.852
200 40 0.011 7700.03 145351 182.654
200 40 0.021 7353.68 142001 197.414
200 40 0.031 7001.61 138677 188.334
200 40 0.041 6655.25 135267 178.39
200 40 0.051 6335.23 132102 170.653
200 40 0.061 5970.46 128661 160.522
200 40 0.071 5664.5 125771 153.243
200 40 0.081 5355.74 122532 144.814
200 40 0.091 5020.29 119258 136.333
200 40 0.101 4740.36 116633 131.452
200 40 0.111 4458.68 113674 119.01
200 40 0.121 4229.55 111360 108.255
200 40 0.131 3969.82 108700 104.681
200 40 0.141 3765.35 106787 101.123
200 40 0.151 3529.57 104376 96.8456
200 40 0.161 3303.09 101884 93.5211
200 40 0.171 3131 100170 90.6006
200 40 0.181 2933.84 98133.1 86.8425
200 40 0.191 2794.69 96636.5 86.838
200 40 0.201 2562.66 93772.1 83.0332
200 40 0.211 2425.69 92133.2 79.2362
200 40 0.221 2299.08 90947.6 77.8012
200 40 0.231 2204.12 90161.3 76.8057
200 40 0.241 2075.37 88567.5 75.4735
200 40 0.251 1941.09 87020.1 73.6655
200 40 0.261 1826.14 85459.4 72.7426
200 40 0.271 1754.56 84925.7 72.8231
200 40 0.281 1634.77 83037.7 71.123
200 40 0.291 1552.32 82294.9 70.7289
200 40 0.301 1478.8 81529.6 72.4491
200 40 0.311 1384.87 80125 71.0549
200 40 0.321 1321.58 79480.4 69.5614
200 40 0.331 1239.39 77912.1 69.6607
200 40 0.341 1184.64 77349.5 69.2529
200 40 0.351 1111.17 76310.9 70.3941
200 40 0.361 1060.13 75636.4 69.0808
200 40 0.371 1012.77 74486.1 70.5022
200 40 0.381 967.612 74391.9 69.4217
200 40 0.391 908.036 72926.2 69.5434
200 40 0.401 862.191 71775.7 69.7906
200 40 0.411 822.939 71474.7 69.7116
200 40 0.421 773.098 70331.4 71.6561
200 40 0.431 738.446 70117.3 71.6981
200 40 0.441 698.724 68822.5 72.6397
200 40 0.451 670.407 68373.6 72.4792
200 40 0.461 640.785 67488.2 71.1087
200 40 0.471 616.628 67145.2 73.7411
200 40 0.481 590.431 66916.3 72.5663
200 40 0.491 556.13 65738.6 74.11
200 40 0.501 531.211 65192.9 74.7596
200 40 0.511 509.79 64941.7 75.3081
200 40 0.521 480.082 63936.4 75.9743
200 40 0.531 453.505 63217.1 76.0351
200 40 0.541 440.321 62737.7 76.5161
200 40 0.551 419.767 62552.4 75.5433
200 40 0.561 400.334 61569.8 77.1511
200 40 0.571 380.785 60970.5 77.7108
200 40 0.581 366.92 60815.6 77.404
200 40 0.591 352.469 60308.6 77.4558
200 40 0.601 333.723 59866.4 79.2475
200 40 0.611 316.928 58801 79.3038
200 40 0.621 301.969 58229.7 80.0097
200 40 0.631 287.264 57805.2 79.103
200 40 0.641 277.214 57357 79.6827
200 40 0.651 261.554 56456 79.8673
200 40 0.661 253.853 56315.7 80.4928
200 40 0.671 242.148 55695.9 81.0008
200 40 0.681 230.93 54881.8 82.2492
200 40 0.691 219.159 54031.8 82.5234
200 40 0.701 212.423 54322.4 81.8129
200 40 0.711 200.474 53796.7 82.2148
200 40 0.721 192.356 52741.1 82.3302
200 40 0.731 183.898 52830 82.8306
200 40 0.741 173.891 51704.8 83.9269
200 40 0.751 167.753 51622.1 83.5319
200 40 0.761 159.873 50562.4 84.5083
200 40 0.771 152.279 50268.1 84.1226
200 40 0.781 147.312 50006.4 84.7224
200 40 0.791 139.014 49210.6 84.9424
200 40 0.801 132.075 48595.3 84.0996
200 40 0.811 127.281 48534.9 84.4621
200 40 0.821 119.993 47804.7 84.3656
200 40 0.831 115.563 47339.7 85.4599
200 40 0.841 109.645 46440.5 84.7177
200 40 0.851 104.833 46097.6 84.769
200 40 0.861 101.302 45913.5 85.3149
200 40 0.871 95.2752 45051.1 84.1553
200 40 0.881 92.5156 44719.3 84.3447
200 40 0.891 86.3832 43326.9 83.7997
200 40 0.901 82.5344 43733.1 83.8371
200 40 0.911 77.8403 42878.4 83.1991
200 40 0.921 74.7004 42417.7 82.4556
200 40 0.931 70.929 41395.4 82.7732
200 40 0.941 68.0421 41245.7 82.4495
200 40 0.951 64.4373 41174.6 81.8401
200 40 0.961 61.7376 40068.7 81.0078
200 40 0.971 59.1069 39757.7 80.4487
200 40 0.981 55.7737 39091.4 79.6607
200 40 0.991 52.9866 39046.1 78.6905
200 50 0.001 9971.78 168502 212.945
200 50 0.011 9510.13 164159 203.051
200 50 0.021 9009.05 159424 195.055
200 50 0.031 8506.76 154664 186.305
200 50 0.041 7977.75 149608 176.772
200 50 0.051 7569.06 145810 167.947
200 50 0.061 6987.14 140258 149.933
200 50 0.071 6593.46 136485 143.478
200 50 0.081 6226.5 132970 137.701
200 50 0.091 5780.65 128748 130.657
200 50 0.101 5378.86 124756 125.624
200 50 0.111 5037.03 121402 119.243
200 50 0.121 4702.21 118147 111.923
200 50 0.131 4384.06 114899 106.074
200 50 0.141 4126.23 112353 102.007
200 50 0.151 3790.53 109145 96.9868
200 50 0.161 3548.71 106476 93.4023
200 50 0.171 3363.89 104681 90.9004
200 50 0.181 3128.72 102137 87.3474
200 50 0.191 2920.27 99949.4 86.587
200 50 0.201 2706.27 97965.3 84.1954
200 50 0.211 2550.21 95615.1 82.3374
200 50 0.221 2417.41 94509.5 81.1367
200 50 0.231 2212.51 92121.1 78.1057
200 50 0.241 2102.12 91092.7 76.8008
200 50 0.251 2010.8 89987.3 76.3424
200 50 0.261 1873.58 88375.7 74.3895
200 50 0.271 1789 87653 74.0886
200 50 0.281 1662.76 85758.3 72.3203
200 50 0.291 1576.05 85077.6 71.8993
200 50 0.301 1481.38 83614.6 74.7735
200 50 0.311 1398.63 82313.7 72.8972
200 50 0.321 1300.09 80784.6 70.3028
200 50 0.331 1255.8 80603.2 70.3569
200 50 0.341 1182.76 79209.3 70.6253
200 50 0.351 1116.26 78251.2 71.8532
200 50 0.361 1045.23 77227.8 69.854
200 50 0.371 1021.76 77408.8 71.8321
200 50 0.381 958.437 75878.2 70.2319
200 50 0.391 902.533 75084.6 70.4055
200 50 0.401 855.107 74221.4 70.4044
200 50 0.411 815.157 73058.9 70.8873
200 50 0.421 768.672 72240.6 72.1458
200 50 0.431 739.518 71846.1 71.8059
200 50 0.441 705.567 71537.9 72.2397
200 50 0.451 671.761 70751 72.6891
200 50 0.461 634.036 69703.7 72.2143
200 50 0.471 612.032 69672.4 73.3822
200 50 0.48