200 10 0.001 1998.62 86534.9 31.4265
200 10 0.011 1982.55 86293.8 30.1749
200 10 0.021 1966.34 86025.8 30.5057
200 10 0.031 1951.85 85896.1 30.5396
200 10 0.041 1926.65 85443.8 31.1179
200 10 0.051 1901.93 85136 31.7329
200 10 0.061 1894.15 84899.3 31.435
200 10 0.071 1864.52 84506.9 32.0743
200 10 0.081 1849.29 84277.9 32.7296
200 10 0.091 1820.15 83861.2 33.76
200 10 0.101 1795.12 83434 34.4971
200 10 0.111 1799.29 83499 33.4077
200 10 0.121 1782.01 83324.8 34.6972
200 10 0.131 1766.02 83047.2 35.1843
200 10 0.141 1727.76 82434.8 35.5005
200 10 0.151 1701.45 81970.6 35.5914
200 10 0.161 1674.48 81571.6 35.9986
200 10 0.171 1643.54 80991.5 36.6521
200 10 0.181 1617.54 80695.5 37.4631
200 10 0.191 1585.48 80070.9 38.0788
200 10 0.201 1563.29 79976.7 38.8132
200 10 0.211 1627.31 80969.7 37.1729
200 10 0.221 1600.55 80390.1 37.635
200 10 0.231 1579.98 80250.1 38.1651
200 10 0.241 1556.59 79864.8 38.7736
200 10 0.251 1522.15 79145.3 39.2613
200 10 0.261 1501.22 78981.2 39.8356
200 10 0.271 1477.51 78575.8 40.7095
200 10 0.281 1436.66 77797.1 41.0154
200 10 0.291 1424.57 77736.2 41.1919
200 10 0.301 1399.22 77440.9 42.042
200 10 0.311 1381.28 77005.1 42.8086
200 10 0.321 1337.07 76299.7 44.1695
200 10 0.331 1314.11 75924.8 44.7476
200 10 0.341 1282.51 75220.7 45.6743
200 10 0.351 1261.68 74716.3 46.1209
200 10 0.361 1222.55 74128.8 46.9214
200 10 0.371 1204.13 73833.5 47.2136
200 10 0.381 1320.12 75679.6 41.7138
200 10 0.391 1325.32 76074 43.8463
200 10 0.401 1287.71 75470 44.4557
200 10 0.411 1275.83 75026.1 44.8178
200 10 0.421 1255.88 74697.9 45.4224
200 10 0.431 1232.07 74349.2 46.0065
200 10 0.441 1219.98 74094.2 47.1276
200 10 0.451 1184.07 73434.7 47.3856
200 10 0.461 1167.98 73087.1 48.132
200 10 0.471 1142.89 72625.1 48.2034
200 10 0.481 1132.15 72592.9 49.2776
200 10 0.491 1104.87 72259.3 50.1804
200 10 0.501 1068.1 71165.5 50.1014
200 10 0.511 1044.44 70863.1 49.9178
200 10 0.521 1044.19 70658.3 50.8731
200 10 0.531 1015.95 70363.9 51.5937
200 10 0.541 989.783 70218.5 52.4921
200 10 0.551 965.92 69394.4 53.1479
200 10 0.561 943.12 68726.2 53.5951
200 10 0.571 924.836 68572 54.6018
200 10 0.581 909.309 68301.5 55.3029
200 10 0.591 885.002 67637.3 55.8929
200 10 0.601 875.637 67853.7 56.505
200 10 0.611 835.853 66645.7 57.4956
200 10 0.621 824.786 66291.9 57.9547
200 10 0.631 806.484 65830.2 58.5113
200 10 0.641 779.157 65426.9 59.3592
200 10 0.651 761.415 65032.6 58.3913
200 10 0.661 742.185 64246.9 58.8691
200 10 0.671 725.433 64018.7 59.5992
200 10 0.681 706.24 63557.5 60.1056
200 10 0.691 898.592 67949.9 50.3953
200 10 0.701 894.587 67869.5 49.9571
200 10 0.711 880.047 67402.7 51.1526
200 10 0.721 871.623 67695.9 52.4714
200 10 0.731 849.439 67092.7 53.4779
200 10 0.741 842.15 66602.3 53.0035
200 10 0.751 824.618 66480 53.846
200 10 0.761 797.525 65725.3 53.7321
200 10 0.771 782.295 65107.7 53.9921
200 10 0.781 782.497 65573.3 54.3434
200 10 0.791 762.416 64458.5 53.3413
200 10 0.801 758.986 65212.3 54.2657
200 10 0.811 732.878 64091.9 54.3519
200 10 0.821 717.323 64172.1 54.9921
200 10 0.831 704.71 63758.1 55.4989
200 10 0.841 692.189 63264.1 55.8301
200 10 0.851 667.533 62493.6 56.0448
200 10 0.861 666.997 62611.3 57.0291
200 10 0.871 644.65 62380.7 58.225
200 10 0.881 630.049 61695.4 57.9052
200 10 0.891 620.074 61653.1 58.9562
200 10 0.901 605.266 61120.7 59.6
200 10 0.911 587.597 60585.3 60.0252
200 10 0.921 579.486 60581.2 61.0068
200 10 0.931 560.37 59758.4 61.8087
200 10 0.941 549.246 59440.2 62.1571
200 10 0.951 540.16 59334.1 62.6402
200 10 0.961 528.882 58913.8 62.8472
200 10 0.971 507.325 58565.1 63.2447
200 10 0.981 494.038 58166 63.1945
200 10 0.991 491.74 58243.5 64.07
200 10 1.001 477.938 57861.3 64.3986
200 10 1.011 462.178 56943 64.4741
200 10 1.021 445.742 56455.7 64.9958
200 10 1.031 438.002 55823.4 65.157
200 10 1.041 431.278 56317.9 66.5811
200 10 1.051 412.794 55219.8 65.519
200 10 1.061 407.73 55280.6 66.4162
200 10 1.071 395.233 54945 67.256
200 10 1.081 388.232 54491.8 67.3678
200 10 1.091 375.497 54163.6 68.0232
200 10 1.101 366.774 53641.9 67.7214
200 10 1.111 353.217 53416.4 69.0667
200 10 1.121 347.265 53104.4 68.4531
200 10 1.131 333.518 52284.5 68.6183
200 10 1.141 323.95 52272.3 68.9678
200 10 1.151 319.049 52298.6 70.1063
200 10 1.161 309.593 51251.6 70.2171
200 10 1.171 301.498 51553.3 70.285
200 10 1.181 290.969 50966.4 70.5345
200 10 1.191 281.453 50287.8 71.7667
200 10 1.201 278.351 49882.8 72.0203
200 10 1.211 269.136 49587.4 72.309
200 10 1.221 263.889 49861.1 72.8782
200 10 1.231 251.98 48968.3 72.4744
200 10 1.241 244.578 48713.9 72.7362
200 10 1.251 426.987 55705.4 61.2784
200 10 1.261 419.201 55698.7 61.3862
200 10 1.271 411.129 55358.8 61.2885
200 10 1.281 410.954 55327.2 61.4091
200 10 1.291 400.848 55274.2 61.7556
200 10 1.301 393.313 54496.6 61.6789
200 10 1.311 387.098 54279.5 61.9849
200 10 1.321 388.987 54908.4 62.918
200 10 1.331 372.095 53853.4 62.1174
200 10 1.341 367.382 53526.4 62.1592
200 10 1.351 366.619 54306.5 62.8004
200 10 1.361 349.575 53065.7 62.0036
200 10 1.371 348.508 53805.1 63.0566
200 10 1.381 341.043 53047.8 62.7955
200 10 1.391 335.796 52755.2 62.5739
200 10 1.401 327.385 52263.7 62.1138
200 10 1.411 320.185 52196.7 62.5176
200 10 1.421 316.368 51791.4 61.3069
200 10 1.431 308.881 51943.6 61.4723
200 10 1.441 302.366 51283.6 61.5965
200 10 1.451 292.994 51164.9 61.3686
200 10 1.461 287.274 50755.3 61.6939
200 10 1.471 277.922 49643.7 61.053
200 10 1.481 274.123 50576.9 62.0695
200 10 1.491 270.643 50394.1 62.2877
200 10 1.501 261.801 49721 61.8768
200 10 1.511 258.348 49251 62.057
200 10 1.521 247.974 48982.3 61.743
200 10 1.531 243.609 48146.7 61.812
200 10 1.541 240.212 48399 61.9725
200 10 1.551 232.986 48336 62.5249
200 10 1.561 227.347 47461.9 61.6756
200 10 1.571 221.408 47729.5 61.6715
200 10 1.581 217.768 47158.2 61.6813
200 10 1.591 213.624 47495.8 62.0123
200 10 1.601 207.231 46928.4 62.5203
200 10 1.611 201.283 46121 62.6687
200 10 1.621 191.447 45596.9 62.392
200 10 1.631 191.189 45752.4 63.2103
200 10 1.641 185.919 45655.6 63.306
200 10 1.651 179.445 44955.8 62.7638
200 10 1.661 175.883 44598.5 62.5161
200 10 1.671 170.857 44508.2 62.277
200 10 1.681 163.624 43467.4 61.7524
200 10 1.691 164.681 44132.8 62.6482
200 10 1.701 159.899 43437.7 62.3087
200 10 1.711 153.803 43182.7 62.3542
200 10 1.721 146.967 42600.2 62.0332
200 10 1.731 145.642 42446 62.3803
200 10 1.741 141.741 42177.3 61.9837
200 10 1.751 136.683 41837.6 62.2338
200 10 1.761 134.841 41669.8 61.9749
200 10 1.771 130.636 41357.3 62.5177
200 10 1.781 127.066 40913.7 61.9021
200 10 1.791 125.42 40660.6 61.929
200 10 1.801 125.178 41283.4 63.057
200 10 1.811 120.27 40307.4 62.5867
200 10 1.821 113.379 39512.3 60.7674
200 10 1.831 111.416 39419 61.6589
200 10 1.841 106.187 38366.7 61.0312
200 10 1.851 106.449 38867.9 62.0961
200 10 1.861 102.556 38645.8 62.2511
200 10 1.871 99.9952 38721.8 62.2525
200 10 1.881 97.4775 38099.5 61.9929
200 10 1.891 94.3812 37630.1 61.5152
200 10 1.901 91.5223 37181.8 61.5834
200 10 1.911 89.0194 36583.9 61.2662
200 10 1.921 86.1334 36815.3 61.6259
200 10 1.931 83.8665 36182.3 61.0063
200 10 1.941 81.0749 36217.4 60.3817
200 10 1.951 77.5811 35125.7 59.3361
200 10 1.961 75.4611 34849.7 59.3978
200 10 1.971 73.0689 34748.8 59.4526
200 10 1.981 71.5574 34381.8 58.9174
200 10 1.991 69.948 34641 59.5501
200 10 2.001 67.8956 33937.6 59.0707
200 10 2.011 66.6149 33787.7 58.9176
200 10 2.021 63.6403 33394.7 58.5979
200 10 2.031 62.6558 33277.8 59.0971
200 10 2.041 59.9634 32892.5 58.6953
200 10 2.051 58.8996 32757.7 58.1133
200 10 2.061 58.1848 32511.1 58.179
200 10 2.071 55.359 31879 58.1736
200 10 2.081 53.8892 31344.8 57.8219
200 10 2.091 52.0963 31236.9 57.1913
200 10 2.101 50.2448 30605.4 57.3723
200 10 2.111 48.8962 30703.6 57.1261
200 10 2.121 47.0357 29954.1 57.0508
200 10 2.131 98.508 38216.6 53.4234
200 10 2.141 97.0501 38459.6 53.477
200 10 2.151 91.7819 37415.9 52.9021
200 10 2.161 91.4327 37554.2 52.8025
200 10 2.171 89.6684 37214.5 52.7231
200 10 2.181 85.4996 36884.3 51.8286
200 10 2.191 83.9733 36528 51.7155
200 10 2.201 80.94 36177.7 51.4214
200 10 2.211 81.7317 35886.9 51.3655
200 10 2.221 76.6325 35553.9 50.6888
200 10 2.231 109.322 39685.1 52.4454
200 10 2.241 107.243 39261.7 52.1553
200 10 2.251 105.442 39173.4 51.6762
200 10 2.261 103.974 39320.5 51.7257
200 10 2.271 102.82 38537.5 51.0924
200 10 2.281 102.598 38744.9 51.2934
200 10 2.291 99.6051 37895.4 50.4721
200 10 2.301 96.3498 37753.1 50.2221
200 10 2.311 95.312 37681.9 50.035
200 10 2.321 95.9622 37928.3 50.2709
200 10 2.331 92.25 37411.6 49.687
200 10 2.341 91.2356 37322.4 50.3102
200 10 2.351 89.3227 37221.9 50.2543
200 10 2.361 89.229 37040.4 49.4734
200 10 2.371 84.5506 36423.5 48.5829
200 10 2.381 86.1035 36989.4 49.4698
200 10 2.391 82.7515 36031.6 48.2129
200 10 2.401 80.9992 36292.8 48.2329
200 10 2.411 81.7163 36827.9 48.846
200 10 2.421 78.5765 36204.9 48.1644
200 10 2.431 76.3049 35556.4 47.1697
200 10 2.441 75.8762 35280.4 47.392
200 10 2.451 73.2086 35278.8 47.0672
200 10 2.461 70.6382 34818.8 46.4515
200 10 2.471 70.39 34620.8 46.7728
200 10 2.481 70.3991 35109 46.9703
200 10 2.491 68.6906 34496.3 46.6656
200 10 2.501 65.7266 34032.8 46.254
200 10 2.511 64.3729 33494.3 46.0373
200 10 2.521 63.7009 33959.6 46.0203
200 10 2.531 61.7573 33491.5 44.5839
200 10 2.541 60.1618 32522.1 44.3748
200 10 2.551 59.3968 32906.5 44.9248
200 10 2.561 58.3069 32409.7 44.9416
200 10 2.571 55.9979 32316.3 44.2109
200 10 2.581 56.2329 32486.7 44.3255
200 10 2.591 53.9625 31863.8 43.6876
200 10 2.601 52.4538 31413.1 43.7017
200 10 2.611 52.0334 32170.6 43.3594
200 10 2.621 49.9897 31112.9 42.5321
200 10 2.631 49.2103 30995.5 42.3058
200 10 2.641 46.9705 30557.9 42.079
200 10 2.651 46.5637 30645.9 42.7607
200 10 2.661 43.8695 29628.6 41.5625
200 10 2.671 43.7109 29794.1 41.4572
200 10 2.681 43.3378 30060.2 42.0858
200 10 2.691 42.3558 29382.7 41.1708
200 10 2.701 41.3748 29090.9 41.2385
200 10 2.711 41.492 29648.2 41.156
200 10 2.721 38.205 28280.5 39.8161
200 10 2.731 38.9116 28746.3 40.4317
200 10 2.741 36.6403 27309.3 39.144
200 10 2.751 36.5193 28010.2 39.4915
200 10 2.761 35.5918 28134.9 40.0375
200 10 2.771 34.3072 27090.6 39.1255
200 10 2.781 33.9026 27007.2 39.1722
200 10 2.791 32.5689 26681.8 38.3393
200 10 2.801 31.9831 27005.1 38.7219
200 10 2.811 31.0125 26144.5 38.1812
200 10 2.821 30.3076 25747.9 38.1725
200 10 2.831 30.5245 26391.1 38.6399
200 10 2.841 28.3409 25170.8 37.4184
200 10 2.851 28.2135 24965 37.46
200 10 2.861 26.8387 24203.2 36.7359
200 10 2.871 26.842 24725.4 36.6607
200 10 2.881 26.396 24147.1 36.8703
200 10 2.891 25.8674 24522.2 36.7736
200 10 2.901 25.2343 24027.4 36.7381
200 10 2.911 24.5505 23407.4 35.8777
200 10 2.921 23.7705 23608 36.1332
200 10 2.931 22.8354 22835.7 35.5146
200 10 2.941 22.0394 22291.6 35.2541
200 10 2.951 21.5765 21932.5 34.739
200 10 2.961 21.5161 22355.5 34.9578
200 10 2.971 20.5753 21931.7 34.2256
200 10 2.981 20.637 21815.5 34.514
200 10 2.991 33.7141 27334 36.1852
200 10 3.001 31.7187 26221.2 35.0236
200 10 3.011 32.6565 27072.4 36.0319
200 10 3.021 31.3184 26294.7 35.2892
200 10 3.031 30.6961 25983.1 34.3466
200 10 3.041 30.146 25860.9 34.3883
200 10 3.051 29.1721 25311.6 33.306
200 10 3.061 28.4802 25594 33.6316
200 10 3.071 28.3584 25338.5 33.3452
200 10 3.081 27.4544 24710 32.9445
200 10 3.091 33.2375 26858.3 34.7032
200 10 3.101 34.7013 27885.8 35.7591
200 10 3.111 33.4762 26693.1 34.6711
200 10 3.121 32.3796 26269.8 34.1152
200 10 3.131 33.0699 26771.7 34.5718
200 10 3.141 31.5499 26377.7 34.1611
200 10 3.151 31.4586 26562.3 34.0006
200 10 3.161 31.4093 26322.2 33.7357
200 10 3.171 30.8785 25830.9 33.8383
200 10 3.181 30.2626 25789.5 33.4374
200 10 3.191 30.5063 26101.2 34.1299
200 10 3.201 29.4149 25407.4 33.2561
200 10 3.211 28.9562 25500.4 32.9076
200 10 3.221 28.7663 25382 32.6041
200 10 3.231 28.2963 25332.9 32.5049
200 10 3.241 27.5305 24836.9 32.0195
200 10 3.251 27.1107 24797.6 32.4497
200 10 3.261 26.5469 24596.1 32.0278
200 10 3.271 26.2769 24061.3 31.756
200 10 3.281 25.9508 24032.6 31.718
200 10 3.291 25.376 23868.3 31.512
200 10 3.301 25.5807 24233 31.6231
200 10 3.311 24.5961 23782.6 31.0114
200 10 3.321 24.4596 23690.2 30.7789
200 10 3.331 23.1383 22497.8 29.5139
200 10 3.341 22.7276 22603.2 29.2225
200 10 3.351 22.878 22688.2 29.3319
200 10 3.361 22.4284 22722.4 29.117
200 10 3.371 22.2872 22689.8 29.3122
200 10 3.381 21.9802 22633.1 29.0545
200 10 3.391 21.2815 21585.6 28.1024
200 10 3.401 20.5966 21305.4 27.7104
200 10 3.411 20.1692 21555.6 27.558
200 10 3.421 20.2271 21793.5 27.7377
200 10 3.431 19.7989 21164.9 27.1574
200 10 3.441 19.6928 21084.9 26.8204
200 10 3.451 19.3089 21275.1 27.1922
200 10 3.461 18.8298 20696.6 26.3781
200 10 3.471 18.4274 20064.1 25.9528
200 10 3.481 17.9616 19994 25.7343
200 10 3.491 17.3162 19581.7 25.0019
200 10 3.501 17.1795 19707 25.5518
200 10 3.511 16.9623 19449.3 25.0662
200 10 3.521 17.0355 19561.3 25.0579
200 10 3.531 16.5217 19049.4 24.9036
200 10 3.541 15.9163 18229.8 23.9225
200 10 3.551 15.8333 18637.2 24.3588
200 10 3.561 15.4596 18402.1 23.9623
200 10 3.571 15.3083 18175.6 23.6346
200 10 3.581 14.8854 17648 23.2864
200 10 3.591 14.7772 17659.4 23.1537
200 10 3.601 14.7849 17759.5 22.9632
200 10 3.611 14.5629 17275 22.7856
200 10 3.621 14.175 16839.7 22.3935
200 10 3.631 14.1093 17061.5 22.7888
200 10 3.641 13.6904 16399.7 21.9625
200 10 3.651 13.5249 16626.3 22.0974
200 10 3.661 13.3129 16121.5 22.4439
200 10 3.671 12.9698 15567.7 22.0378
200 10 3.681 12.7737 15425.8 21.1557
200 10 3.691 12.5143 15110.8 21.6072
200 10 3.701 12.5016 15340 21.6024
200 10 3.711 12.4576 15260.1 21.4209
200 10 3.721 12.0898 14882.7 20.9719
200 10 3.731 15.9544 18623.1 23.9891
200 10 3.741 15.5748 18316 23.5343
200 10 3.751 15.523 18146.1 23.4413
200 10 3.761 15.0383 17388.7 22.916
200 10 3.771 15.1901 18052.9 23.3735
200 10 3.781 14.5861 16985 22.228
200 10 3.791 14.3343 17218.6 21.91
200 10 3.801 14.6725 17472.5 21.9879
200 10 3.811 14.4142 17138 21.5571
200 10 3.821 13.6965 16213.5 20.8371
200 10 3.831 13.986 16585.8 20.8977
200 10 3.841 13.5165 16178.3 20.534
200 10 3.851 13.2281 15867.8 20.0591
200 10 3.861 14.9545 17496.8 21.9763
200 10 3.871 14.7261 17299.3 21.5102
200 10 3.881 14.6818 17362.4 21.7217
200 10 3.891 14.667 17585.8 21.5673
200 10 3.901 14.3383 17046 21.1893
200 10 3.911 14.0923 16676 20.9591
200 10 3.921 14.2124 16803.7 20.8243
200 10 3.931 14.1211 16848 20.9469
200 10 3.941 13.9786 16355 20.7051
200 10 3.951 13.8711 16387.3 20.4405
200 10 3.961 13.6222 16250.4 20.3794
200 10 3.971 13.6076 15823.7 20.0889
200 10 3.981 13.5725 16221.6 20.3272
200 10 3.991 13.4852 15942.8 20.2659
200 10 4.001 13.2666 15718 19.5026
200 10 4.011 13.1186 15924.1 19.3908
200 10 4.021 13.0043 15083.4 19.2123
200 10 4.031 12.8182 15049.6 19.4839
200 10 4.041 12.7305 14746.3 19.1016
200 10 4.051 12.8006 15252.1 19.3047
200 10 4.061 12.6206 14702.3 18.7673
200 10 4.071 12.4726 14841.3 19.179
200 10 4.081 12.1828 14223.8 18.2728
200 10 4.091 12.2736 14383.8 18.303
200 10 4.101 12.1196 14465.4 17.8436
200 10 4.111 12.0892 14008.6 17.289
200 10 4.121 11.9484 13934.9 16.9222
200 10 4.131 11.7206 13371.8 16.7523
200 10 4.141 11.7959 13378.6 16.7615
200 10 4.151 11.5712 13246.9 16.6304
200 10 4.161 11.3501 12620.9 16.0809
200 10 4.171 11.3841 12952.8 16.3777
200 10 4.181 11.4047 13120.1 16.4618
200 10 4.191 11.2039 12269.7 15.9217
200 10 4.201 11.1216 12374.8 15.773
200 10 4.211 10.9088 11877.9 15.6994
200 10 4.221 10.8885 11758.1 15.669
200 10 4.231 10.9112 11941.5 15.2976
200 10 4.241 10.8137 11833.2 14.5724
200 10 4.251 10.6216 11103.7 14.0037
200 10 4.261 10.7643 11531 14.2041
200 10 4.271 10.4861 10982.9 13.7438
200 10 4.281 10.4415 10566.7 13.3422
200 10 4.291 10.4664 10849 13.5438
200 10 4.301 10.1704 10077.6 12.9349
200 10 4.311 10.2352 10270.8 12.8831
200 10 4.321 10.1848 9930.89 12.4307
200 10 4.331 10.1289 9674.29 12.3396
200 10 4.341 9.9585 9463.1 12.2169
200 10 4.351 9.8692 9337.98 11.9484
200 10 4.361 9.8989 9102.77 11.8848
200 10 4.371 9.907 9145.92 11.6332
200 10 4.381 10.7439 11345.5 14.0833
200 10 4.391 10.7355 11406 14.0776
200 10 4.401 10.7274 11560 14.3687
200 10 4.411 10.575 11001.7 14.182
200 10 4.421 10.5315 10918 13.9514
200 10 4.431 10.4262 10586.3 13.8191
200 10 4.441 10.5023 10704.9 13.5566
200 10 4.451 10.53 10663 13.7219
200 10 4.461 10.3916 10434.4 13.0933
200 10 4.471 10.3365 10172.8 12.6731
200 10 4.481 10.3756 10515.6 12.8897
200 10 4.491 10.3259 10057.4 12.7284
200 10 4.501 10.2592 9835.16 12.8269
200 10 4.511 10.1436 9613.67 12.4492
200 10 4.521 10.1212 9399.39 12.3039
200 10 4.531 10.1174 9525.35 11.5415
200 10 4.541 10.3769 10052.8 11.8279
200 10 4.551 10.3746 10069.1 11.7902
200 10 4.561 10.2372 9664.94 11.5838
200 10 4.571 10.3175 9844.36 11.5335
200 10 4.581 10.2132 9649.04 11.3389
200 10 4.591 10.1846 9830.39 11.4446
200 10 4.601 10.2801 9768.46 11.3039
200 10 4.611 10.1469 9292.17 10.9017
200 10 4.621 10.1652 9534.67 11.0364
200 10 4.631 10.1713 9269.39 11.0431
200 10 4.641 10.0677 9200.29 10.6598
200 10 4.651 10.0491 9025.24 10.4276
200 10 4.661 10.0563 8584.46 10.2554
200 10 4.671 9.9766 8660.77 10.0818
200 10 4.681 10.0542 8852.85 10.2024
200 10 4.691 10.0125 8519.61 10.039
200 10 4.701 10.0009 8464.01 9.8445
200 10 4.711 9.9036 8561.91 9.9075
200 10 4.721 9.9551 8473.04 9.8472
200 10 4.731 9.8705 8417.35 9.5591
200 10 4.741 9.9495 8295.8 9.4172
200 10 4.751 9.8679 8002.24 9.1652
200 10 4.761 9.7917 7461.62 8.9514
200 10 4.771 9.7998 7286.54 8.7445
200 10 4.781 9.8332 7147.19 8.5104
200 10 4.791 9.7414 7031.94 8.2759
200 10 4.801 9.6908 6952.48 8.3856
200 10 4.811 9.7578 7094.44 8.6569
200 10 4.821 9.7487 6848.1 8.344
200 10 4.831 9.697 6703.47 8.2936
200 10 4.841 9.6618 6609.2 8.0811
200 10 4.851 9.6964 6728.8 7.9448
200 10 4.861 9.6511 6176.16 7.7449
200 10 4.871 9.615 5900.02 7.5026
200 10 4.881 9.6604 5927.61 7.3056
200 10 4.891 9.5796 5360.97 6.9453
200 10 4.901 9.659 5420.22 6.6611
200 10 4.911 9.6178 5439.51 6.7105
200 10 4.921 9.5974 4964.12 6.3826
200 10 4.931 9.5884 4796.49 6.2036
200 10 4.941 9.7745 7084.11 8.0651
200 10 4.951 9.7455 6536.35 7.793
200 10 4.961 9.6174 6033.95 7.7115
200 10 4.971 9.7224 6200.15 8.0199
200 10 4.981 9.6287 5762.81 7.9448
200 10 4.991 9.6584 5905.49 7.8521
200 10 5.001 9.6693 5962.7 7.9959
200 10 5.011 9.615 5830.75 7.8964
200 10 5.021 9.6357 5648.9 7.4728
200 10 5.031 9.6636 5608.11 6.858
200 10 5.041 9.6932 5758.99 6.7774
200 10 5.051 9.6389 5264.71 6.6693
200 10 5.061 9.6001 4946.95 6.3643
200 10 5.071 9.6214 5192.05 6.2373
200 10 5.081 9.5939 4781.56 6.0864
200 10 5.091 9.6209 4811.88 6.0463
200 10 5.101 9.6151 4613.65 5.7813
200 10 5.111 9.6265 4217.25 5.5639
200 10 5.121 9.6066 4343.76 5.4525
200 10 5.131 9.6162 4058.34 5.2802
200 10 5.141 9.6601 4878.07 5.9897
200 10 5.151 9.6444 4833.6 5.8309
200 10 5.161 9.6379 4474.77 5.6913
200 10 5.171 9.6523 4429.11 5.7166
200 10 5.181 9.6651 4469.84 5.6011
200 10 5.191 9.6426 4490.31 5.4727
200 10 5.201 9.6137 4328.52 5.4177
200 10 5.211 9.6348 4450.71 5.389
200 10 5.221 9.6232 4005.07 5.4302
200 10 5.231 9.6757 4215.15 5.198
200 10 5.241 9.6427 3986.43 5.0348
200 10 5.251 9.6836 4066.85 4.9956
200 10 5.261 9.5993 4014.36 4.9597
200 10 5.271 9.6857 3948.78 4.8565
200 10 5.281 9.6725 3580.48 4.7459
200 10 5.291 9.7015 3639.54 4.6157
200 10 5.301 9.6553 3507.57 4.5933
200 10 5.311 9.7276 3607.93 5.2833
200 10 5.321 9.6721 3396.06 4.4508
200 10 5.331 9.6399 3464.33 4.3276
200 10 5.341 9.7019 3281.54 4.2919
200 10 5.351 9.6651 3301.57 4.218
200 10 5.361 9.6909 3034.43 4.1844
200 10 5.371 9.7236 3268.53 4.1631
200 10 5.381 9.7442 3154.19 4.0588
200 10 5.391 9.7303 3004.18 4.2875
200 10 5.401 9.7479 2902.59 4.6407
200 10 5.411 9.7201 3276.75 4.6551
200 10 5.421 9.7203 3016.67 4.4941
200 10 5.431 9.7305 3121.77 4.1159
200 10 5.441 9.7497 3078.55 3.9101
200 10 5.451 9.7283 2957.82 3.8491
200 10 5.461 9.7276 2842.9 3.797
200 10 5.471 9.7538 3153.49 3.8062
200 10 5.481 9.746 2975.33 3.811
200 10 5.491 9.7562 3114.01 3.7318
200 10 5.501 9.7594 2823.9 3.6753
200 10 5.511 9.7804 2894.1 3.6652
200 10 5.521 9.7547 2857.84 3.6635
200 10 5.531 9.7788 2907.31 3.6326
200 10 5.541 9.7793 2752.5 3.6563
200 10 5.551 9.764 2869.21 3.9956
200 10 5.561 9.7993 2692.94 4.2314
200 10 5.571 9.7863 2582.12 4.3246
200 10 5.581 9.7729 2760.86 4.3775
200 10 5.591 9.7791 2753.87 4.1446
200 10 5.601 9.7886 2846 4.3377
200 10 5.611 9.7857 2736.54 4.1861
200 10 5.621 9.8065 2715.13 4.1626
200 10 5.631 9.781 2576.45 3.9753
200 10 5.641 9.7842 2602.12 3.4751
200 10 5.651 9.763 2590.52 3.4728
200 10 5.661 9.8083 2581.32 3.3958
200 10 5.671 9.7713 2618.49 3.4106
200 10 5.681 9.7964 2499.5 3.3624
200 10 5.691 9.7974 2461.55 3.3313
200 10 5.701 9.7735 2433.63 3.3943
200 10 5.711 9.7663 2512.42 3.3287
200 10 5.721 9.8155 2621.88 3.3554
200 10 5.731 9.787 2475.63 3.3533
200 10 5.741 9.8143 2385.01 3.2815
200 10 5.751 9.8034 2416.41 3.2756
200 10 5.761 9.7989 2615.54 3.2932
200 10 5.771 9.8041 2458.94 3.2356
200 10 5.781 9.801 2280.54 3.2269
200 10 5.791 9.811 2576.17 3.2283
200 10 5.801 9.8204 2498.92 3.2227
200 10 5.811 9.8357 2346.21 3.2119
200 10 5.821 9.8307 2395.25 3.1827
200 10 5.831 9.811 2449.82 3.1619
200 10 5.841 9.7997 2393.45 3.1236
200 10 5.851 9.8281 2459.88 3.1089
200 10 5.861 9.8361 2411.34 3.0913
200 10 5.871 9.8444 2187.37 3.0344
200 10 5.881 9.8583 2329.63 3.0666
200 10 5.891 9.8656 2335.04 3.0332
200 10 5.901 9.8333 2321.91 3.0767
200 10 5.911 9.8547 2184.56 3.0335
200 10 5.921 9.8332 2195.98 3.037
200 10 5.931 9.859 2390.48 3.0297
200 10 5.941 9.8619 2282.97 2.9827
200 10 5.951 9.8661 2288.93 2.9267
200 20 0.001 3996.82 106982 26.4651
200 20 0.011 3942.11 106394 30.0321
200 20 0.021 3880.02 105703 30.8104
200 20 0.031 3833.21 105270 27.356
200 20 0.041 3756.15 104351 35.4518
200 20 0.051 3648.66 103191 35.4429
200 20 0.061 3651.16 103204 31.6236
200 20 0.071 3583.46 102534 39.7025
200 20 0.081 3485.51 101594 40.5632
200 20 0.091 3412.59 100733 38.6471
200 20 0.101 3295.77 99362.1 40.1445
200 20 0.111 3361.31 100067 32.526
200 20 0.121 3277.14 99155.6 41.9167
200 20 0.131 3202.83 98384 46.3845
200 20 0.141 3108.41 97316.8 49.7944
200 20 0.151 3040.99 96413.8 45.8098
200 20 0.161 2957.65 95641.5 48.7071
200 20 0.171 2871.37 94629.6 48.2244
200 20 0.181 2793.45 93665.1 49.7452
200 20 0.191 2696.86 92594.5 50.9687
200 20 0.201 2616.22 91564.2 52.2991
200 20 0.211 2804.97 93969.9 46.1904
200 20 0.221 2717.4 92607.3 50.1887
200 20 0.231 2658.64 92036.5 52.3562
200 20 0.241 2587.2 91176.4 52.925
200 20 0.251 2529.48 90669.9 54.255
200 20 0.261 2469.56 89953.1 54.6983
200 20 0.271 2392.65 88970.8 54.5305
200 20 0.281 2333.25 88256.1 55.4257
200 20 0.291 2243.29 87178.2 56.2054
200 20 0.301 2160.68 86101 56.5972
200 20 0.311 2109.25 85609.7 57.5045
200 20 0.321 2045.94 84632.9 58.4991
200 20 0.331 1978.8 83976.4 59.3504
200 20 0.341 1909.25 83092.9 59.7153
200 20 0.351 1876.9 82781.9 60.6998
200 20 0.361 1788.78 81481.7 61.6284
200 20 0.371 1731.97 80804.1 62.1076
200 20 0.381 2019.7 84445.7 51.0398
200 20 0.391 1978.4 84003 55.2816
200 20 0.401 1950.18 83809.1 57.5322
200 20 0.411 1873.3 82393.9 58.36
200 20 0.421 1844.76 82232.2 59.3747
200 20 0.431 1792.69 81406.8 59.5851
200 20 0.441 1749.19 80711.3 60.1351
200 20 0.451 1698.1 80073.2 60.4451
200 20 0.461 1656.37 79657.9 61.8631
200 20 0.471 1621.35 79271.9 62.1108
200 20 0.481 1545.88 78255.9 59.6013
200 20 0.491 1502.93 77715.3 59.7936
200 20 0.501 1468.68 77349 60.8926
200 20 0.511 1418.35 76408.2 61.1522
200 20 0.521 1371.53 75711.2 61.8589
200 20 0.531 1314.95 74958.6 59.5195
200 20 0.541 1281.48 74457.2 59.7011
200 20 0.551 1254.75 74390.1 60.4873
200 20 0.561 1207.29 73186.4 60.8152
200 20 0.571 1178.52 73044.3 61.2136
200 20 0.581 1132.42 72076 61.9594
200 20 0.591 1091.3 71746.4 67.3006
200 20 0.601 1041.94 70596.6 66.9869
200 20 0.611 1026.15 70698.6 68.0408
200 20 0.621 972.518 69424.4 67.5889
200 20 0.631 956.999 69223.3 68.1974
200 20 0.641 913.332 68729.5 68.109
200 20 0.651 903.851 68364.4 65.3311
200 20 0.661 864.819 67479.4 67.467
200 20 0.671 837.027 67710.9 65.7563
200 20 0.681 812.602 66807.3 66.0517
200 20 0.691 1131.63 72311.4 56.019
200 20 0.701 1099.49 71511.9 55.187
200 20 0.711 1080.9 71322.9 56.7658
200 20 0.721 1052.85 71122.2 57.3249
200 20 0.731 1049.31 71014.9 58.5837
200 20 0.741 1018.34 70265.3 59.1385
200 20 0.751 982.222 69798.6 59.8923
200 20 0.761 964.435 69353.3 59.9619
200 20 0.771 935.409 69133 60.312
200 20 0.781 920.324 68905.3 60.9317
200 20 0.791 895.802 68349.3 61.8276
200 20 0.801 864.193 67555 62.1406
200 20 0.811 840.166 67160 62.142
200 20 0.821 818.626 66962.8 62.2084
200 20 0.831 809.82 66851.4 63.009
200 20 0.841 767.189 65881.5 63.6841
200 20 0.851 761.903 65742.1 64.7593
200 20 0.861 738.007 65128.3 64.6813
200 20 0.871 708.064 64456.1 64.6507
200 20 0.881 682.32 64137.5 64.6623
200 20 0.891 680.352 64486.2 65.6523
200 20 0.901 661.893 63911.6 65.8872
200 20 0.911 632.869 63157.4 65.6966
200 20 0.921 605.611 62336.5 64.9262
200 20 0.931 593.545 62514.8 65.7648
200 20 0.941 579.438 62048.8 65.8929
200 20 0.951 557.161 61241.3 65.6893
200 20 0.961 538.496 60504.3 65.3998
200 20 0.971 536.696 61065.9 66.1697
200 20 0.981 505.268 59923.8 65.4716
200 20 0.991 501.487 59831.1 66.0184
200 20 1.001 485.678 59559.2 66.0193
200 20 1.011 467.064 58930.3 66.353
200 20 1.021 451.728 58732.5 66.355
200 20 1.031 441.077 58833.2 67.1187
200 20 1.041 425.839 58160.3 65.5377
200 20 1.051 410.192 57396.8 64.6708
200 20 1.061 399.219 57358.1 65.4255
200 20 1.071 391.041 56579.8 65.8282
200 20 1.081 371.414 55944.7 66.0934
200 20 1.091 359.775 56053.8 66.5547
200 20 1.101 355.691 56154.7 66.1873
200 20 1.111 344.315 55444.6 66.3693
200 20 1.121 332.734 54638.7 66.518
200 20 1.131 321.215 54421.2 66.3712
200 20 1.141 309.74 53970.9 66.6194
200 20 1.151 293.743 53279.9 66.5815
200 20 1.161 292.362 53580.7 67.1625
200 20 1.171 282.434 52958 66.8566
200 20 1.181 279.012 52884 67.43
200 20 1.191 263.639 51933.2 67.0107
200 20 1.201 259.516 51937.6 67.2871
200 20 1.211 246.055 51202.9 67.0019
200 20 1.221 239.113 50852.2 66.7217
200 20 1.231 231.914 50208.2 66.776
200 20 1.241 225.084 50218.2 66.8374
200 20 1.251 429.989 58041.1 60.3817
200 20 1.261 418.486 57436.7 59.9117
200 20 1.271 410.399 57385.6 59.7906
200 20 1.281 403.73 57113.2 59.5653
200 20 1.291 392.379 56615.7 59.4453
200 20 1.301 389.856 56454.7 59.2066
200 20 1.311 377.237 56394.9 59.2324
200 20 1.321 373.441 56016.7 59.2675
200 20 1.331 365.499 56092.7 59.2872
200 20 1.341 354.888 55327.4 59.1523
200 20 1.351 351.901 55737.3 59.4887
200 20 1.361 344.237 55430.3 59.8087
200 20 1.371 334.164 55214.4 59.2334
200 20 1.381 328.444 55011.8 59.2202
200 20 1.391 320.964 54752.7 59.4069
200 20 1.401 313.171 54244 58.7645
200 20 1.411 301.013 53493.9 57.9621
200 20 1.421 294.091 53251.9 58.4641
200 20 1.431 289.207 52939.4 58.2334
200 20 1.441 281.212 52711 58.7083
200 20 1.451 270.712 52224.3 58.2189
200 20 1.461 265.969 51727.4 58.0797
200 20 1.471 262.719 52029.8 58.4941
200 20 1.481 254.879 51781 58.2813
200 20 1.491 246.416 51212.5 57.4576
200 20 1.501 240.354 51389.4 57.6613
200 20 1.511 235.757 50567.9 57.5004
200 20 1.521 229.316 50442.9 57.5307
200 20 1.531 219.517 49884 57.0776
200 20 1.541 217.772 50117.4 58.055
200 20 1.551 213.422 49900 57.955
200 20 1.561 210.723 49570.1 57.9716
200 20 1.571 202.311 49160 57.5402
200 20 1.581 194.057 48252.2 56.7709
200 20 1.591 189.98 47990.7 56.8026
200 20 1.601 181.853 47522.9 56.3584
200 20 1.611 178.697 47559 56.2519
200 20 1.621 174.306 47253.5 56.0716
200 20 1.631 167.801 46790.1 56.1168
200 20 1.641 164.539 46635.3 56.1341
200 20 1.651 161.527 46547.5 56.0991
200 20 1.661 154.903 46056 56.1333
200 20 1.671 152.164 45936.2 56.3403
200 20 1.681 149.946 46044.7 56.0882
200 20 1.691 146.572 45487.3 56.1801
200 20 1.701 140.552 44978.1 55.8311
200 20 1.711 138.501 44602.3 55.844
200 20 1.721 134.091 44433.4 56.334
200 20 1.731 129.884 44033.5 55.9416
200 20 1.741 124.939 43431.3 55.8834
200 20 1.751 121.626 43425.5 54.7172
200 20 1.761 117.429 43446.9 54.8444
200 20 1.771 111.461 41897 53.7588
200 20 1.781 109.439 42058.9 53.7899
200 20 1.791 109.389 42224.9 54.4387
200 20 1.801 105.304 41725.8 54.3022
200 20 1.811 101.754 41137.9 54.9682
200 20 1.821 98.2213 40503.5 55.032
200 20 1.831 95.2447 40980.9 55.4042
200 20 1.841 95.5978 41011.4 55.3176
200 20 1.851 90.9845 40193.1 54.957
200 20 1.861 87.9919 39386.7 54.4889
200 20 1.871 85.7006 39269.8 53.8417
200 20 1.881 84.0178 39172.2 53.6139
200 20 1.891 81.3491 38715.6 53.7574
200 20 1.901 78.9577 38607.9 53.4409
200 20 1.911 77.063 38737.2 53.4574
200 20 1.921 75.5145 38218.2 53.6466
200 20 1.931 73.204 37196.9 53.3354
200 20 1.941 71.1187 3766