200 10 0.001 1998.46 0.000014
200 10 0.011 1974.05 0.000013
200 10 0.021 1947.97 0.000020
200 10 0.031 1917 0.000014
200 10 0.041 1886.84 0.000013
200 10 0.051 1857.58 0.000020
200 10 0.061 1817.65 0.000013
200 10 0.071 1786.74 0.000013
200 10 0.081 1748.51 0.000013
200 10 0.091 1721.3 0.000013
200 10 0.101 1681.06 0.000021
200 10 0.111 1654.02 0.000020
200 10 0.121 1608.55 0.000013
200 10 0.131 1579.57 0.000013
200 10 0.141 1533.99 0.000013
200 10 0.151 1507.48 0.000013
200 10 0.161 1470.43 0.000013
200 10 0.171 1431.61 0.000013
200 10 0.181 1402.09 0.000013
200 10 0.191 1359.52 0.000020
200 10 0.201 1331.6 0.000020
200 10 0.211 1299.41 0.000013
200 10 0.221 1265.29 0.000013
200 10 0.231 1238.14 0.000013
200 10 0.241 1194.56 0.000012
200 10 0.251 1160.11 0.000012
200 10 0.261 1131.7 0.000012
200 10 0.271 1103.37 0.000012
200 10 0.281 1071.86 0.000012
200 10 0.291 1037.46 0.000012
200 10 0.301 1018.49 0.000019
200 10 0.311 978.852 0.000019
200 10 0.321 958.6 0.000012
200 10 0.331 921.982 0.000012
200 10 0.341 908.754 0.000012
200 10 0.351 870.042 0.000019
200 10 0.361 849.797 0.000012
200 10 0.371 824.569 0.000019
200 10 0.381 803.123 0.000012
200 10 0.391 765.126 0.000012
200 10 0.401 750.782 0.000012
200 10 0.411 730.745 0.000012
200 10 0.421 696.796 0.000019
200 10 0.431 677.596 0.000019
200 10 0.441 654.016 0.000019
200 10 0.451 631.026 0.000019
200 10 0.461 608.27 0.000012
200 10 0.471 595.16 0.000019
200 10 0.481 568.52 0.000012
200 10 0.491 546.144 0.000019
200 10 0.501 535.352 0.000019
200 10 0.511 513.144 0.000019
200 10 0.521 502.05 0.000019
200 10 0.531 481.886 0.000019
200 10 0.541 464.854 0.000019
200 10 0.551 452.203 0.000012
200 10 0.561 437.329 0.000018
200 10 0.571 414.227 0.000018
200 10 0.581 400.524 0.000011
200 10 0.591 387.847 0.000011
200 10 0.601 373.188 0.000018
200 10 0.611 362.206 0.000018
200 10 0.621 346.905 0.000018
200 10 0.631 333.036 0.000011
200 10 0.641 321.862 0.000011
200 10 0.651 311.665 0.000011
200 10 0.661 297.894 0.000011
200 10 0.671 287.372 0.000011
200 10 0.681 277.502 0.000018
200 10 0.691 270.552 0.000018
200 10 0.701 254.814 0.000011
200 10 0.711 249.342 0.000011
200 10 0.721 239.869 0.000011
200 10 0.731 230.165 0.000011
200 10 0.741 222.245 0.000018
200 10 0.751 212.299 0.000011
200 10 0.761 205.857 0.000018
200 10 0.771 197.744 0.000011
200 10 0.781 187.442 0.000018
200 10 0.791 181.797 0.000018
200 10 0.801 174.859 0.000011
200 10 0.811 165.278 0.000011
200 10 0.821 161.26 0.000011
200 10 0.831 154.75 0.000018
200 10 0.841 147.869 0.000018
200 10 0.851 142.885 0.000018
200 10 0.861 137.127 0.000018
200 10 0.871 130.743 0.000018
200 10 0.881 126.219 0.000018
200 10 0.891 121.377 0.000018
200 10 0.901 116.373 0.000017
200 10 0.911 112.682 0.000017
200 10 0.921 106.626 0.000010
200 10 0.931 103.313 0.000017
200 10 0.941 98.9918 0.000017
200 10 0.951 94.7978 0.000017
200 10 0.961 91.3975 0.000017
200 10 0.971 87.5164 0.000017
200 10 0.981 84.2282 0.000017
200 10 0.991 80.2814 0.000017
200 20 0.001 3992.83 0.000015
200 20 0.011 3915.35 0.000015
200 20 0.021 3813.66 0.000022
200 20 0.031 3723.54 0.000015
200 20 0.041 3611.48 0.000015
200 20 0.051 3493.3 0.000022
200 20 0.061 3396.29 0.000015
200 20 0.071 3285.65 0.000015
200 20 0.081 3189.11 0.000014
200 20 0.091 3074.41 0.000014
200 20 0.101 2953.87 0.000021
200 20 0.111 2858.32 0.000021
200 20 0.121 2766.63 0.000014
200 20 0.131 2655.61 0.000014
200 20 0.141 2575.41 0.000014
200 20 0.151 2463.2 0.000014
200 20 0.161 2373.07 0.000014
200 20 0.171 2288.29 0.000014
200 20 0.181 2201.49 0.000014
200 20 0.191 2098.82 0.000021
200 20 0.201 2032.6 0.000021
200 20 0.211 1946.71 0.000014
200 20 0.221 1849.45 0.000013
200 20 0.231 1792.04 0.000013
200 20 0.241 1716.82 0.000013
200 20 0.251 1641.82 0.000013
200 20 0.261 1572 0.000013
200 20 0.271 1501.59 0.000013
200 20 0.281 1455.59 0.000013
200 20 0.291 1403.45 0.000013
200 20 0.301 1330.4 0.000020
200 20 0.311 1269.05 0.000020
200 20 0.321 1219.65 0.000013
200 20 0.331 1176.29 0.000013
200 20 0.341 1107.32 0.000013
200 20 0.351 1065.74 0.000020
200 20 0.361 1026.23 0.000013
200 20 0.371 986.063 0.000020
200 20 0.381 937.76 0.000013
200 20 0.391 898.08 0.000013
200 20 0.401 851.517 0.000012
200 20 0.411 812.756 0.000012
200 20 0.421 795.805 0.000019
200 20 0.431 748.19 0.000019
200 20 0.441 714.107 0.000019
200 20 0.451 694.553 0.000019
200 20 0.461 654.786 0.000012
200 20 0.471 629.019 0.000019
200 20 0.481 604.735 0.000012
200 20 0.491 570.697 0.000019
200 20 0.501 548.64 0.000019
200 20 0.511 535.959 0.000019
200 20 0.521 509.048 0.000019
200 20 0.531 477.558 0.000019
200 20 0.541 468.755 0.000019
200 20 0.551 442.927 0.000012
200 20 0.561 426.352 0.000019
200 20 0.571 402.919 0.000019
200 20 0.581 390.999 0.000012
200 20 0.591 373.498 0.000012
200 20 0.601 352.308 0.000019
200 20 0.611 342.712 0.000019
200 20 0.621 324.266 0.000018
200 20 0.631 310.075 0.000012
200 20 0.641 304.142 0.000012
200 20 0.651 286.888 0.000011
200 20 0.661 277.392 0.000011
200 20 0.671 260.121 0.000011
200 20 0.681 250.384 0.000018
200 20 0.691 239.137 0.000019
200 20 0.701 230.242 0.000011
200 20 0.711 224.046 0.000011
200 20 0.721 210.274 0.000011
200 20 0.731 203.129 0.000011
200 20 0.741 192.958 0.000018
200 20 0.751 187.49 0.000011
200 20 0.761 175.322 0.000018
200 20 0.771 170.287 0.000011
200 20 0.781 163.374 0.000018
200 20 0.791 156.486 0.000018
200 20 0.801 152.575 0.000011
200 20 0.811 143.344 0.000011
200 20 0.821 137.287 0.000011
200 20 0.831 132.069 0.000018
200 20 0.841 127.826 0.000018
200 20 0.851 121.157 0.000018
200 20 0.861 114.73 0.000018
200 20 0.871 110.402 0.000018
200 20 0.881 107.081 0.000018
200 20 0.891 101.449 0.000018
200 20 0.901 97.2175 0.000018
200 20 0.911 93.4306 0.000018
200 20 0.921 89.2657 0.000011
200 20 0.931 86.0098 0.000018
200 20 0.941 82.5063 0.000018
200 20 0.951 77.9863 0.000017
200 20 0.961 75.2731 0.000017
200 20 0.971 71.6546 0.000017
200 20 0.981 68.8246 0.000018
200 20 0.991 65.7683 0.000018
200 30 0.001 5387.63 0.000017
200 30 0.011 5235.66 0.000016
200 30 0.021 5043.45 0.000023
200 30 0.031 4846.2 0.000016
200 30 0.041 4673.7 0.000016
200 30 0.051 4462.04 0.000023
200 30 0.061 4274.93 0.000016
200 30 0.071 4080.25 0.000016
200 30 0.081 3898.4 0.000015
200 30 0.091 3731.4 0.000015
200 30 0.101 3556.39 0.000022
200 30 0.111 3395.31 0.000022
200 30 0.121 3216.74 0.000015
200 30 0.131 3070.08 0.000015
200 30 0.141 2931.66 0.000015
200 30 0.151 2765.01 0.000015
200 30 0.161 2638.99 0.000015
200 30 0.171 2497.36 0.000015
200 30 0.181 2376.74 0.000014
200 30 0.191 2268.44 0.000021
200 30 0.201 2155.58 0.000021
200 30 0.211 2044.33 0.000014
200 30 0.221 1950.49 0.000015
200 30 0.231 1835.38 0.000014
200 30 0.241 1740.23 0.000014
200 30 0.251 1671.63 0.000014
200 30 0.261 1577.31 0.000014
200 30 0.271 1504.41 0.000014
200 30 0.281 1428.47 0.000014
200 30 0.291 1367.18 0.000014
200 30 0.301 1301.8 0.000021
200 30 0.311 1230.98 0.000020
200 30 0.321 1172.02 0.000013
200 30 0.331 1109.38 0.000013
200 30 0.341 1063.3 0.000013
200 30 0.351 1018.37 0.000020
200 30 0.361 971.94 0.000013
200 30 0.371 915.943 0.000020
200 30 0.381 874.149 0.000013
200 30 0.391 829.318 0.000013
200 30 0.401 803.96 0.000013
200 30 0.411 758.252 0.000013
200 30 0.421 730.62 0.000020
200 30 0.431 686.951 0.000020
200 30 0.441 664.953 0.000020
200 30 0.451 638.601 0.000020
200 30 0.461 613.598 0.000013
200 30 0.471 581.265 0.000020
200 30 0.481 552.394 0.000012
200 30 0.491 530.095 0.000019
200 30 0.501 507.028 0.000019
200 30 0.511 486.989 0.000019
200 30 0.521 466.432 0.000020
200 30 0.531 446.652 0.000019
200 30 0.541 429.69 0.000019
200 30 0.551 402.492 0.000012
200 30 0.561 389.111 0.000019
200 30 0.571 374.723 0.000019
200 30 0.581 358.248 0.000012
200 30 0.591 347.605 0.000012
200 30 0.601 329.869 0.000019
200 30 0.611 315.383 0.000019
200 30 0.621 303.679 0.000019
200 30 0.631 289.276 0.000012
200 30 0.641 280.508 0.000012
200 30 0.651 264.496 0.000012
200 30 0.661 253.453 0.000012
200 30 0.671 243.754 0.000012
200 30 0.681 234.805 0.000019
200 30 0.691 225.629 0.000019
200 30 0.701 211.246 0.000012
200 30 0.711 205.572 0.000012
200 30 0.721 196.805 0.000011
200 30 0.731 187.487 0.000011
200 30 0.741 180.308 0.000018
200 30 0.751 174.744 0.000011
200 30 0.761 165.647 0.000018
200 30 0.771 160.083 0.000011
200 30 0.781 152.948 0.000018
200 30 0.791 146.396 0.000018
200 30 0.801 141.708 0.000011
200 30 0.811 134.664 0.000011
200 30 0.821 128.96 0.000011
200 30 0.831 123.869 0.000018
200 30 0.841 116.742 0.000018
200 30 0.851 112.41 0.000018
200 30 0.861 108.342 0.000018
200 30 0.871 102.742 0.000018
200 30 0.881 97.8463 0.000018
200 30 0.891 94.9652 0.000018
200 30 0.901 91.0532 0.000018
200 30 0.911 86.9057 0.000018
200 30 0.921 82.806 0.000011
200 30 0.931 79.3629 0.000018
200 30 0.941 76.013 0.000018
200 30 0.951 72.6378 0.000018
200 30 0.961 68.8865 0.000018
200 30 0.971 65.8914 0.000018
200 30 0.981 63.0035 0.000018
200 30 0.991 60.2599 0.000018
200 40 0.001 7976.94 0.000020
200 40 0.011 7671.69 0.000019
200 40 0.021 7365.79 0.000026
200 40 0.031 7026.5 0.000019
200 40 0.041 6654.56 0.000019
200 40 0.051 6285.44 0.000025
200 40 0.061 5974.16 0.000018
200 40 0.071 5637.83 0.000018
200 40 0.081 5378.96 0.000018
200 40 0.091 5020.19 0.000017
200 40 0.101 4738.55 0.000024
200 40 0.111 4449.18 0.000024
200 40 0.121 4231.89 0.000017
200 40 0.131 3994.4 0.000016
200 40 0.141 3741.81 0.000016
200 40 0.151 3531.95 0.000016
200 40 0.161 3310.81 0.000016
200 40 0.171 3121.19 0.000016
200 40 0.181 2903.21 0.000015
200 40 0.191 2778.94 0.000022
200 40 0.201 2607.14 0.000022
200 40 0.211 2467.13 0.000015
200 40 0.221 2316.71 0.000015
200 40 0.231 2193.92 0.000015
200 40 0.241 2066.09 0.000015
200 40 0.251 1960.8 0.000015
200 40 0.261 1831.97 0.000014
200 40 0.271 1741.11 0.000014
200 40 0.281 1616.89 0.000014
200 40 0.291 1541.44 0.000014
200 40 0.301 1469.37 0.000021
200 40 0.311 1388.82 0.000021
200 40 0.321 1303.54 0.000014
200 40 0.331 1253.77 0.000014
200 40 0.341 1188.63 0.000014
200 40 0.351 1109.71 0.000021
200 40 0.361 1077.48 0.000014
200 40 0.371 1007.2 0.000021
200 40 0.381 948.34 0.000013
200 40 0.391 906.305 0.000013
200 40 0.401 860.085 0.000013
200 40 0.411 822.42 0.000013
200 40 0.421 778.586 0.000021
200 40 0.431 746.503 0.000020
200 40 0.441 716.411 0.000020
200 40 0.451 673.79 0.000020
200 40 0.461 634.196 0.000013
200 40 0.471 614.128 0.000020
200 40 0.481 577.369 0.000013
200 40 0.491 562.968 0.000020
200 40 0.501 533.458 0.000020
200 40 0.511 501.53 0.000020
200 40 0.521 483.751 0.000020
200 40 0.531 459.947 0.000020
200 40 0.541 438.377 0.000020
200 40 0.551 415.207 0.000013
200 40 0.561 396.932 0.000019
200 40 0.571 379.361 0.000019
200 40 0.581 365.13 0.000012
200 40 0.591 345.488 0.000012
200 40 0.601 330.523 0.000019
200 40 0.611 318.092 0.000019
200 40 0.621 302.809 0.000019
200 40 0.631 289.323 0.000012
200 40 0.641 279.632 0.000012
200 40 0.651 262.858 0.000012
200 40 0.661 254.084 0.000012
200 40 0.671 244.405 0.000012
200 40 0.681 229.715 0.000019
200 40 0.691 218.039 0.000019
200 40 0.701 210.891 0.000012
200 40 0.711 199.239 0.000012
200 40 0.721 191.227 0.000012
200 40 0.731 184.572 0.000012
200 40 0.741 174.984 0.000019
200 40 0.751 166.026 0.000012
200 40 0.761 158.763 0.000019
200 40 0.771 150.144 0.000012
200 40 0.781 146.783 0.000019
200 40 0.791 138.036 0.000019
200 40 0.801 132.151 0.000012
200 40 0.811 126.613 0.000012
200 40 0.821 120.94 0.000012
200 40 0.831 114.553 0.000018
200 40 0.841 110.064 0.000018
200 40 0.851 104.387 0.000018
200 40 0.861 99.6329 0.000018
200 40 0.871 95.3377 0.000019
200 40 0.881 90.4456 0.000018
200 40 0.891 85.7234 0.000018
200 40 0.901 82.9612 0.000018
200 40 0.911 79.2815 0.000018
200 40 0.921 74.671 0.000011
200 40 0.931 70.9974 0.000018
200 40 0.941 68.5379 0.000019
200 40 0.951 64.3285 0.000018
200 40 0.961 61.2758 0.000018
200 40 0.971 58.3201 0.000018
200 40 0.981 55.4753 0.000018
200 40 0.991 52.8418 0.000019
200 50 0.001 9968.79 0.000022
200 50 0.011 9525.27 0.000021
200 50 0.021 9034.25 0.000028
200 50 0.031 8506.18 0.000021
200 50 0.041 8033.21 0.000021
200 50 0.051 7480.49 0.000027
200 50 0.061 6998.15 0.000019
200 50 0.071 6566.55 0.000019
200 50 0.081 6179.48 0.000019
200 50 0.091 5763.76 0.000018
200 50 0.101 5394.07 0.000025
200 50 0.1