200 10 0.001 1998.66 1.72447e-05
200 10 0.011 1976.79 1.14624e-05
200 10 0.021 1954.37 1.14563e-05
200 10 0.031 1928.39 1.13149e-05
200 10 0.041 1900.62 1.79817e-05
200 10 0.051 1867.75 1.92791e-05
200 10 0.061 1848.04 1.92224e-05
200 10 0.071 1810.29 1.9083e-05
200 10 0.081 1784.12 1.90459e-05
200 10 0.091 1751.67 1.89324e-05
200 10 0.101 1725.16 1.88322e-05
200 10 0.111 1686.32 1.87006e-05
200 10 0.121 1656.57 1.85848e-05
200 10 0.131 1632.83 1.85307e-05
200 10 0.141 1598.43 1.84516e-05
200 10 0.151 1575.72 1.84183e-05
200 10 0.161 1540.18 1.82884e-05
200 10 0.171 1514.95 1.82815e-05
200 10 0.181 1477.38 1.81572e-05
200 10 0.191 1451.4 1.80687e-05
200 10 0.201 1423.61 1.80182e-05
200 10 0.211 1394.22 1.79028e-05
200 10 0.221 1363.55 1.0922e-05
200 10 0.231 1328.4 1.04283e-05
200 10 0.241 1300.39 1.57324e-05
200 10 0.251 1282.39 1.54738e-05
200 10 0.261 1249.81 1.1559e-05
200 10 0.271 1217.41 1.02161e-05
200 10 0.281 1193.63 1.01924e-05
200 10 0.291 1170.64 1.01771e-05
200 10 0.301 1141.21 1.00946e-05
200 10 0.311 1115.61 1.51628e-05
200 10 0.321 1094.13 1.35143e-05
200 10 0.331 1072.73 9.9949e-06
200 10 0.341 1035.37 9.8982e-06
200 10 0.351 1013.31 1.25099e-05
200 10 0.361 988.114 1.08487e-05
200 10 0.371 978.283 9.7821e-06
200 10 0.381 948.226 1.10494e-05
200 10 0.391 928.925 1.47426e-05
200 10 0.401 899.595 9.6582e-06
200 10 0.411 877.834 1.11493e-05
200 10 0.421 862.036 1.60287e-05
200 10 0.431 831.066 1.59323e-05
200 10 0.441 836.571 1.60972e-05
200 10 0.451 795.22 1.5888e-05
200 10 0.461 765.156 1.56265e-05
200 10 0.471 760.804 1.572e-05
200 10 0.481 729.124 1.55653e-05
200 10 0.491 711.917 1.54875e-05
200 10 0.501 708.855 1.55941e-05
200 10 0.511 683.517 1.54143e-05
200 10 0.521 659.809 1.51707e-05
200 10 0.531 647.576 1.51581e-05
200 10 0.541 629.401 1.50909e-05
200 10 0.551 610.12 1.50018e-05
200 10 0.561 594.496 1.49444e-05
200 10 0.571 576.704 1.48505e-05
200 10 0.581 563.783 1.47839e-05
200 10 0.591 546.535 1.47008e-05
200 10 0.601 533.975 1.46234e-05
200 10 0.611 519.326 1.45232e-05
200 10 0.621 506.963 1.4415e-05
200 10 0.631 491.459 1.43413e-05
200 10 0.641 474.067 1.43196e-05
200 10 0.651 459.006 1.41642e-05
200 10 0.661 451.261 1.40483e-05
200 10 0.671 442.655 1.41888e-05
200 10 0.681 430.314 1.39054e-05
200 10 0.691 412.318 1.38393e-05
200 10 0.701 402.514 1.3783e-05
200 10 0.711 387.819 1.36108e-05
200 10 0.721 375.548 1.35262e-05
200 10 0.731 367.12 1.35519e-05
200 10 0.741 352.695 1.33862e-05
200 10 0.751 347.177 1.33615e-05
200 10 0.761 335.11 1.32811e-05
200 10 0.771 328.019 1.31331e-05
200 10 0.781 315.236 1.31219e-05
200 10 0.791 305.159 1.30988e-05
200 10 0.801 292.653 1.29286e-05
200 10 0.811 285.926 1.2851e-05
200 10 0.821 284.172 1.29083e-05
200 10 0.831 270.856 1.26476e-05
200 10 0.841 262.33 1.26498e-05
200 10 0.851 249.915 1.24519e-05
200 10 0.861 247.106 1.25403e-05
200 10 0.871 239.597 1.23822e-05
200 10 0.881 229.046 1.21248e-05
200 10 0.891 221.447 1.22762e-05
200 10 0.901 220.012 1.2185e-05
200 10 0.911 211.117 1.20042e-05
200 10 0.921 206.533 1.19806e-05
200 10 0.931 199.169 9.3656e-06
200 10 0.941 191.926 1.11262e-05
200 10 0.951 182.497 1.13357e-05
200 10 0.961 180.682 1.14219e-05
200 10 0.971 169.515 1.15293e-05
200 10 0.981 167.818 1.09401e-05
200 10 0.991 162.439 7.1025e-06
200 10 1.001 155.771 7.0628e-06
200 10 1.011 145.884 7.6366e-06
200 10 1.021 143.528 1.07806e-05
200 10 1.031 138.539 1.07558e-05
200 10 1.041 133.421 1.05535e-05
200 10 1.051 129.319 1.04429e-05
200 10 1.061 124.313 1.04426e-05
200 10 1.071 123.685 1.0391e-05
200 10 1.081 115.667 1.03003e-05
200 10 1.091 115.197 1.02424e-05
200 10 1.101 112.453 1.02456e-05
200 10 1.111 108.186 1.01246e-05
200 10 1.121 107.015 1.01116e-05
200 10 1.131 102.568 9.9258e-06
200 10 1.141 99.7543 9.9624e-06
200 10 1.151 95.4338 9.8608e-06
200 10 1.161 94.5503 8.9829e-06
200 10 1.171 90.6581 9.4142e-06
200 10 1.181 89.6298 9.7924e-06
200 10 1.191 86.1861 9.6965e-06
200 10 1.201 84.5505 9.7231e-06
200 10 1.211 80.6202 9.5385e-06
200 10 1.221 78.5956 9.515e-06
200 10 1.231 77.8625 9.395e-06
200 10 1.241 75.116 9.3529e-06
200 10 1.251 73.6562 9.3016e-06
200 10 1.261 70.9489 8.6213e-06
200 10 1.271 69.8525 6.6743e-06
200 10 1.281 67.463 6.894e-06
200 10 1.291 67.2891 8.9461e-06
200 10 1.301 63.7866 8.7729e-06
200 10 1.311 63.2794 8.8181e-06
200 10 1.321 61.8497 8.8075e-06
200 10 1.331 60.4821 8.6775e-06
200 10 1.341 58.2282 8.6437e-06
200 10 1.351 55.4146 8.477e-06
200 10 1.361 55.2033 8.5408e-06
200 10 1.371 53.2092 8.4028e-06
200 10 1.381 52.962 8.3822e-06
200 10 1.391 50.5711 8.3912e-06
200 10 1.401 50.2735 8.3031e-06
200 10 1.411 47.9619 8.0337e-06
200 10 1.421 47.4968 8.2082e-06
200 10 1.431 46.0858 8.041e-06
200 10 1.441 44.6019 8.0207e-06
200 10 1.451 43.4669 7.9192e-06
200 10 1.461 42.162 7.7727e-06
200 10 1.471 41.749 8.0095e-06
200 10 1.481 40.257 7.1499e-06
200 10 1.491 38.8807 7.6885e-06
200 10 1.501 38.1849 8.0156e-06
200 10 1.511 37.3239 8.0595e-06
200 10 1.521 36.2745 7.8432e-06
200 10 1.531 35.5246 7.7635e-06
200 10 1.541 34.1872 7.8256e-06
200 10 1.551 33.4235 7.5001e-06
200 10 1.561 32.3003 7.0994e-06
200 10 1.571 31.4539 5.5467e-06
200 10 1.581 30.8005 7.0948e-06
200 10 1.591 30.3845 7.0333e-06
200 10 1.601 30.1988 7.109e-06
200 10 1.611 29.0506 6.824e-06
200 10 1.621 28.527 6.7615e-06
200 10 1.631 28.2761 6.8911e-06
200 10 1.641 27.6647 6.8928e-06
200 10 1.651 26.781 6.7871e-06
200 10 1.661 26.6793 6.8469e-06
200 10 1.671 25.6551 5.8304e-06
200 10 1.681 25.4656 4.4888e-06
200 10 1.691 25.0648 5.7429e-06
200 10 1.701 24.2116 5.1165e-06
200 10 1.711 23.8552 4.9701e-06
200 10 1.721 23.3578 6.482e-06
200 10 1.731 23.1986 6.6336e-06
200 10 1.741 22.3526 6.4671e-06
200 10 1.751 21.5822 5.6181e-06
200 10 1.761 21.6648 4.1354e-06
200 10 1.771 20.7498 4.0141e-06
200 10 1.781 20.6108 4.06e-06
200 10 1.791 20.1393 4.0125e-06
200 10 1.801 19.7059 4.0225e-06
200 10 1.811 19.3939 5.0634e-06
200 10 1.821 19.1199 3.9467e-06
200 10 1.831 18.7196 3.8241e-06
200 10 1.841 18.265 5.0158e-06
200 10 1.851 17.6101 5.8481e-06
200 10 1.861 17.399 5.8645e-06
200 10 1.871 16.9931 5.7163e-06
200 10 1.881 16.7633 5.7821e-06
200 10 1.891 16.3148 5.6732e-06
200 10 1.901 16.0163 5.6165e-06
200 10 1.911 15.6383 5.521e-06
200 10 1.921 15.1293 4.9025e-06
200 10 1.931 15.05 5.4542e-06
200 10 1.941 14.5981 4.7302e-06
200 10 1.951 14.2236 3.4049e-06
200 10 1.961 13.9108 3.5166e-06
200 10 1.971 13.5754 5.1794e-06
200 10 1.981 13.442 4.5117e-06
200 10 1.991 13.2254 5.1036e-06
200 20 0.001 3995.6 2.33777e-05
200 20 0.011 3920.77 2.32672e-05
200 20 0.021 3840.04 2.31283e-05
200 20 0.031 3758.25 2.29556e-05
200 20 0.041 3660.78 2.27661e-05
200 20 0.051 3551.24 2.25281e-05
200 20 0.061 3477.1 2.24259e-05
200 20 0.071 3379.86 2.00471e-05
200 20 0.081 3292.92 1.48351e-05
200 20 0.091 3193.1 2.19001e-05
200 20 0.101 3105.98 2.17397e-05
200 20 0.111 3002.88 2.15271e-05
200 20 0.121 2911.26 1.8833e-05
200 20 0.131 2825.27 1.50647e-05
200 20 0.141 2729.35 1.58516e-05
200 20 0.151 2632.16 1.21036e-05
200 20 0.161 2557.86 1.60475e-05
200 20 0.171 2513.76 2.01711e-05
200 20 0.181 2415.08 1.74845e-05
200 20 0.191 2344.92 1.18029e-05
200 20 0.201 2246.1 1.17214e-05
200 20 0.211 2211.6 1.16324e-05
200 20 0.221 2114.18 1.37503e-05
200 20 0.231 2035.12 1.3591e-05
200 20 0.241 1980.67 1.4078e-05
200 20 0.251 1931.6 1.93081e-05
200 20 0.261 1822.36 1.71345e-05
200 20 0.271 1779.53 1.69421e-05
200 20 0.281 1709.43 1.1076e-05
200 20 0.291 1666.45 1.50985e-05
200 20 0.301 1595.02 1.63533e-05
200 20 0.311 1560.51 1.53023e-05
200 20 0.321 1493.35 1.08232e-05
200 20 0.331 1446.2 1.15929e-05
200 20 0.341 1403.78 1.10796e-05
200 20 0.351 1348.5 1.50787e-05
200 20 0.361 1305.27 1.70897e-05
200 20 0.371 1252.96 1.0423e-05
200 20 0.381 1206.64 1.02924e-05
200 20 0.391 1167.35 1.5152e-05
200 20 0.401 1130.79 1.72412e-05
200 20 0.411 1089.11 1.71389e-05
200 20 0.421 1056.66 1.70956e-05
200 20 0.431 1021.02 1.69702e-05
200 20 0.441 975.785 1.67452e-05
200 20 0.451 948.834 1.67088e-05
200 20 0.461 917.76 1.62456e-05
200 20 0.471 885.959 1.61629e-05
200 20 0.481 833.671 1.59927e-05
200 20 0.491 817.917 1.59006e-05
200 20 0.501 798.965 1.11427e-05
200 20 0.511 755.46 1.56773e-05
200 20 0.521 729.116 1.56274e-05
200 20 0.531 712.351 1.55172e-05
200 20 0.541 689.282 1.37656e-05
200 20 0.551 654.194 1.51844e-05
200 20 0.561 631.613 1.50609e-05
200 20 0.571 610.163 1.4927e-05
200 20 0.581 583.527 1.48476e-05
200 20 0.591 567.369 1.47849e-05
200 20 0.601 555.594 1.47883e-05
200 20 0.611 538.137 1.11988e-05
200 20 0.621 517.956 9.0907e-06
200 20 0.631 500.837 9.3705e-06
200 20 0.641 480.698 1.45757e-05
200 20 0.651 460.574 1.46341e-05
200 20 0.661 452.288 1.45888e-05
200 20 0.671 434.408 1.43922e-05
200 20 0.681 419.048 1.4413e-05
200 20 0.691 400.346 1.41838e-05
200 20 0.701 388.851 1.40859e-05
200 20 0.711 376.441 1.40816e-05
200 20 0.721 370.583 1.40497e-05
200 20 0.731 351.603 1.38746e-05
200 20 0.741 338.725 1.37504e-05
200 20 0.751 326.844 1.33307e-05
200 20 0.761 312.47 1.32148e-05
200 20 0.771 306.341 1.055e-05
200 20 0.781 293.294 8.196e-06
200 20 0.791 278.735 8.1928e-06
200 20 0.801 271.534 8.1092e-06
200 20 0.811 265.691 8.1834e-06
200 20 0.821 258.212 1.02686e-05
200 20 0.831 246.416 1.28264e-05
200 20 0.841 241.234 1.27226e-05
200 20 0.851 228.167 1.24239e-05
200 20 0.861 221.603 1.24792e-05
200 20 0.871 216.04 1.25488e-05
200 20 0.881 209.261 1.23556e-05
200 20 0.891 198.554 1.21768e-05
200 20 0.901 194.533 1.21278e-05
200 20 0.911 186.012 1.20396e-05
200 20 0.921 178.809 1.20086e-05
200 20 0.931 170.326 1.18241e-05
200 20 0.941 169.381 1.18715e-05
200 20 0.951 164.812 1.18177e-05
200 20 0.961 153.875 1.15988e-05
200 20 0.971 153.949 1.16712e-05
200 20 0.981 145.661 1.14303e-05
200 20 0.991 141.712 8.2307e-06
200 20 1.001 134.422 1.1238e-05
200 20 1.011 130.598 1.17614e-05
200 20 1.021 123.373 7.3586e-06
200 20 1.031 121.93 9.8967e-06
200 20 1.041 115.063 1.10612e-05
200 20 1.051 113.442 1.09858e-05
200 20 1.061 108.775 1.09562e-05
200 20 1.071 104.46 1.0876e-05
200 20 1.081 102.47 1.08185e-05
200 20 1.091 97.5017 1.05127e-05
200 20 1.101 95.5087 8.6215e-06
200 20 1.111 91.5581 6.5309e-06
200 20 1.121 91.0133 8.9166e-06
200 20 1.131 86.17 1.00214e-05
200 20 1.141 85.517 1.02169e-05
200 20 1.151 82.3271 9.9793e-06
200 20 1.161 79.2349 1.0063e-05
200 20 1.171 77.6543 1.00906e-05
200 20 1.181 76.1722 1.00441e-05
200 20 1.191 73.7755 1.00192e-05
200 20 1.201 72.4988 9.9469e-06
200 20 1.211 69.0329 9.6677e-06
200 20 1.221 69.2671 9.8313e-06
200 20 1.231 66.5467 9.7887e-06
200 20 1.241 64.0136 9.6308e-06
200 20 1.251 63.343 9.5707e-06
200 20 1.261 60.8721 9.6023e-06
200 20 1.271 60.1729 9.5967e-06
200 20 1.281 58.9142 9.4481e-06
200 20 1.291 56.2044 9.3751e-06
200 20 1.301 54.5494 9.1897e-06
200 20 1.311 53.0064 9.0971e-06
200 20 1.321 52.4748 9.2723e-06
200 20 1.331 50.5447 9.2787e-06
200 20 1.341 48.3591 8.9878e-06
200 20 1.351 48.9517 9.1771e-06
200 20 1.361 46.7991 9.0731e-06
200 20 1.371 45.5659 8.899e-06
200 20 1.381 44.0164 8.0404e-06
200 20 1.391 43.8166 8.5684e-06
200 20 1.401 42.4968 8.4376e-06
200 20 1.411 41.9274 5.5212e-06
200 20 1.421 40.6307 7.6548e-06
200 20 1.431 39.235 8.3577e-06
200 20 1.441 38.5965 8.3081e-06
200 20 1.451 38.1974 8.3642e-06
200 20 1.461 36.9356 8.1432e-06
200 20 1.471 35.861 8.1632e-06
200 20 1.481 34.9202 7.9652e-06
200 20 1.491 34.2033 6.8977e-06
200 20 1.501 33.0686 7.7305e-06
200 20 1.511 32.6452 6.6441e-06
200 20 1.521 31.3523 7.7357e-06
200 20 1.531 30.9758 7.7782e-06
200 20 1.541 29.6062 7.6933e-06
200 20 1.551 29.0362 7.6331e-06
200 20 1.561 28.2693 7.5348e-06
200 20 1.571 28.2186 5.5048e-06
200 20 1.581 26.8504 4.7205e-06
200 20 1.591 26.0223 6.6677e-06
200 20 1.601 25.8926 7.4025e-06
200 20 1.611 25.4525 7.4345e-06
200 20 1.621 25.5152 5.1623e-06
200 20 1.631 24.9773 4.5176e-06
200 20 1.641 24.4264 5.3724e-06
200 20 1.651 24.0232 6.8635e-06
200 20 1.661 23.5589 6.8314e-06
200 20 1.671 23.2255 6.7909e-06
200 20 1.681 22.6214 6.6274e-06
200 20 1.691 22.1747 6.4706e-06
200 20 1.701 22.1943 6.572e-06
200 20 1.711 21.6692 6.5241e-06
200 20 1.721 21.215 4.2071e-06
200 20 1.731 21.0002 4.6844e-06
200 20 1.741 20.6002 5.7198e-06
200 20 1.751 20.4187 4.3099e-06
200 20 1.761 20.123 6.3065e-06
200 20 1.771 19.7609 4.6788e-06
200 20 1.781 19.4709 6.3151e-06
200 20 1.791 18.8451 6.1611e-06
200 20 1.801 18.773 6.0878e-06
200 20 1.811 18.2959 6.1319e-06
200 20 1.821 18.0697 6.063e-06
200 20 1.831 17.5873 6.0691e-06
200 20 1.841 17.392 5.9858e-06
200 20 1.851 17.3063 5.9389e-06
200 20 1.861 16.9539 5.8314e-06
200 20 1.871 16.4438 5.7968e-06
200 20 1.881 16.4997 5.8028e-06
200 20 1.891 16.0753 5.736e-06
200 20 1.901 15.7241 5.5426e-06
200 20 1.911 15.6406 4.4785e-06
200 20 1.921 15.2789 5.1173e-06
200 20 1.931 15.1485 5.4169e-06
200 20 1.941 14.8649 5.5418e-06
200 20 1.951 14.5761 5.3941e-06
200 20 1.961 14.3491 5.3081e-06
200 20 1.971 13.9994 5.1524e-06
200 20 1.981 13.8653 5.1185e-06
200 20 1.991 13.5313 4.9546e-06
200 30 0.001 5391.12 2.5742e-05
200 30 0.011 5248.89 2.55367e-05
200 30 0.021 5094.56 2.5284e-05
200 30 0.031 4924.57 2.50074e-05
200 30 0.041 4719.99 2.46512e-05
200 30 0.051 4584.63 2.44611e-05
200 30 0.061 4390.06 2.40933e-05
200 30 0.071 4239.43 2.38407e-05
200 30 0.081 4053.95 2.34767e-05
200 30 0.091 3927.21 2.32991e-05
200 30 0.101 3750.68 2.29687e-05
200 30 0.111 3631.7 2.28128e-05
200 30 0.121 3472.92 2.25052e-05
200 30 0.131 3310.74 2.21967e-05
200 30 0.141 3179.3 2.20098e-05
200 30 0.151 3047.88 2.17618e-05
200 30 0.161 2917.69 2.15014e-05
200 30 0.171 2821.75 2.1349e-05
200 30 0.181 2692.92 2.11229e-05
200 30 0.191 2598.25 2.09536e-05
200 30 0.201 2445.06 2.05503e-05
200 30 0.211 2344.56 2.03169e-05
200 30 0.221 2238.05 2.00914e-05
200 30 0.231 2154.78 1.99093e-05
200 30 0.241 2079.84 1.88167e-05
200 30 0.251 1994.49 1.37422e-05
200 30 0.261 1894.12 1.94722e-05
200 30 0.271 1809.78 1.92354e-05
200 30 0.281 1761.11 1.91305e-05
200 30 0.291 1675.33 1.88496e-05
200 30 0.301 1605.44 1.8657e-05
200 30 0.311 1558.87 1.8589e-05
200 30 0.321 1478.73 1.83831e-05
200 30 0.331 1422.69 1.8193e-05
200 30 0.341 1367.42 1.81301e-05
200 30 0.351 1300.74 1.78663e-05
200 30 0.361 1253.56 1.78508e-05
200 30 0.371 1209.3 1.76807e-05
200 30 0.381 1145.63 1.74891e-05
200 30 0.391 1114.93 1.74486e-05
200 30 0.401 1058.18 1.72013e-05
200 30 0.411 1011.1 1.70715e-05
200 30 0.421 992.22 1.71174e-05
200 30 0.431 944.964 1.69582e-05
200 30 0.441 912.248 1.6738e-05
200 30 0.451 888.927 1.6752e-05
200 30 0.461 829.404 1.64998e-05
200 30 0.471 811.431 1.46192e-05
200 30 0.481 783.391 9.9418e-06
200 30 0.491 748.032 9.864e-06
200 30 0.501 725.044 1.32938e-05
200 30 0.511 700.669 1.45766e-05
200 30 0.521 670.739 1.6262e-05
200 30 0.531 642.104 1.61597e-05
200 30 0.541 621.784 1.60581e-05
200 30 0.551 613.067 1.6072e-05
200 30 0.561 583.951 1.58573e-05
200 30 0.571 559.19 1.57851e-05
200 30 0.581 536.207 1.5633e-05
200 30 0.591 516.498 1.56361e-05
200 30 0.601 494.674 1.53198e-05
200 30 0.611 482.649 1.54077e-05
200 30 0.621 467.6 1.52497e-05
200 30 0.631 452.126 1.52885e-05
200 30 0.641 436.985 1.51966e-05
200 30 0.651 418.048 1.51313e-05
200 30 0.661 413.04 1.49759e-05
200 30 0.671 390.425 1.48476e-05
200 30 0.681 379.228 1.47553e-05
200 30 0.691 370.637 1.47823e-05
200 30 0.701 353.698 1.45714e-05
200 30 0.711 340.123 1.44808e-05
200 30 0.721 334.146 1.45791e-05
200 30 0.731 320.133 1.42284e-05
200 30 0.741 306.378 1.41471e-05
200 30 0.751 292.076 1.39255e-05
200 30 0.761 289.486 1.40628e-05
200 30 0.771 278.504 1.39334e-05
200 30 0.781 266.813 1.3903e-05
200 30 0.791 258.013 1.36894e-05
200 30 0.801 250.307 1.35748e-05
200 30 0.811 241.518 1.35408e-05
200 30 0.821 240.07 1.36263e-05
200 30 0.831 225.858 1.33745e-05
200 30 0.841 219.529 1.33138e-05
200 30 0.851 213.905 1.33015e-05
200 30 0.861 203.769 1.30887e-05
200 30 0.871 195.967 1.29424e-05
200 30 0.881 192.716 1.30467e-05
200 30 0.891 186.876 1.29171e-05
200 30 0.901 178.146 1.26907e-05
200 30 0.911 172.404 1.2559e-05
200 30 0.921 166.22 1.24854e-05
200 30 0.931 162.643 1.09516e-05
200 30 0.941 155.844 7.6268e-06
200 30 0.951 152.474 1.08351e-05
200 30 0.961 144.33 1.20005e-05
200 30 0.971 138.121 1.17931e-05
200 30 0.981 136.496 1.19253e-05
200 30 0.991 128.895 1.16417e-05
200 30 1.001 126.355 1.16569e-05
200 30 1.011 119.133 8.2072e-06
200 30 1.021 114.394 1.15318e-05
200 30 1.031 112.218 1.16478e-05
200 30 1.041 106.69 1.14219e-05
200 30 1.051 105.217 1.12557e-05
200 30 1.061 100.281 1.12966e-05
200 30 1.071 97.6281 1.11562e-05
200 30 1.081 94.2085 1.11064e-05
200 30 1.091 91.749 1.11074e-05
200 30 1.101 89.881 1.08467e-05
200 30 1.111 86.7623 8.0083e-06
200 30 1.121 83.6235 1.07724e-05
200 30 1.131 81.3775 1.08001e-05
200 30 1.141 78.7102 1.06377e-05
200 30 1.151 77.5423 1.05591e-05
200 30 1.161 75.3299 1.05466e-05
200 30 1.171 72.1416 9.1428e-06
200 30 1.181 71.9398 6.5885e-06
200 30 1.191 68.9137 6.5237e-06
200 30 1.201 66.9944 6.3759e-06
200 30 1.211 64.9628 7.0886e-06
200 30 1.221 64.4828 9.1781e-06
200 30 1.231 61.9101 6.3099e-06
200 30 1.241 60.5326 6.319e-06
200 30 1.251 59.5319 8.215e-06
200 30 1.261 57.4719 7.4283e-06
200 30 1.271 55.9353 9.3783e-06
200 30 1.281 55.101 9.5058e-06
200 30 1.291 53.6535 9.6022e-06
200 30 1.301 51.4249 7.4053e-06
200 30 1.311 50.8892 7.7521e-06
200 30 1.321 49.291 8.8989e-06
200 30 1.331 47.4922 9.2226e-06
200 30 1.341 47.1449 9.1275e-06
200 30 1.351 45.7261 8.9114e-06
200 30 1.361 44.665 8.9609e-06
200 30 1.371 43.6703 8.88e-06
200 30 1.381 41.964 8.7213e-06
200 30 1.391 41.4286 8.7957e-06
200 30 1.401 40.6344 8.6633e-06
200 30 1.411 40.0162 8.6703e-06
200 30 1.421 38.9493 8.454e-06
200 30 1.431 37.9342 8.5095e-06
200 30 1.441 37.5315 8.6167e-06
200 30 1.451 35.8321 8.4281e-06
200 30 1.461 34.5901 8.1921e-06
200 30 1.471 34.2437 8.3383e-06
200 30 1.481 33.1048 8.2213e-06
200 30 1.491 32.8145 8.0316e-06
200 30 1.501 31.5592 8.0025e-06
200 30 1.511 31.0003 7.8977e-06
200 30 1.521 30.4376 7.9321e-06
200 30 1.531 29.4565 7.9615e-06
200 30 1.541 29.0169 7.7161e-06
200 30 1.551 28.0435 7.687e-06
200 30 1.561 27.5359 7.6618e-06
200 30 1.571 27.1559 7.7442e-06
200 30 1.581 26.1782 7.5348e-06
200 30 1.591 25.9758 7.5785e-06
200 30 1.601 25.3093 7.5328e-06
200 30 1.611 25.1248 7.4534e-06
200 30 1.621 24.5552 7.3597e-06
200 30 1.631 24.4673 7.3694e-06
200 30 1.641 23.84 5.0229e-06
200 30 1.651 23.6547 5.5799e-06
200 30 1.661 23.4212 6.489e-06
200 30 1.671 22.8821 7.034e-06
200 30 1.681 22.3576 6.853e-06
200 30 1.691 22.4556 6.9431e-06
200 30 1.701 22.0507 6.8159e-06
200 30 1.711 21.6806 6.7971e-06
200 30 1.721 21.1591 6.6456e-06
200 30 1.731 21.103 6.7836e-06
200 30 1.741 20.5573 6.5952e-06
200 30 1.751 20.2427 6.6176e-06
200 30 1.761 19.8376 6.487e-06
200 30 1.771 19.519 6.4945e-06
200 30 1.781 19.4342 6.5338e-06
200 30 1.791 18.7211 6.2108e-06
200 30 1.801 18.5075 6.2442e-06
200 30 1.811 18.7086 6.1465e-06
200 30 1.821 18.4537 6.242e-06
200 30 1.831 17.7689 6.1333e-06
200 30 1.841 17.7835 6.1553e-06
200 30 1.851 17.4057 6.1344e-06
200 30 1.861 16.9691 6.0597e-06
200 30 1.871 16.8011 5.9259e-06
200 30 1.881 16.6441 5.8743e-06
200 30 1.891 16.375 5.8915e-06
200 30 1.901 16.1979 5.7973e-06
200 30 1.911 15.8638 5.6921e-06
200 30 1.921 15.4766 5.5915e-06
200 30 1.931 15.2673 5.5603e-06
200 30 1.941 15.195 5.539e-06
200 30 1.951 14.9992 5.3948e-06
200 30 1.961 14.7478 5.2867e-06
200 30 1.971 14.8015 5.3856e-06
200 30 1.981 14.5106 5.265e-06
200 30 1.991 13.9584 5.2484e-06
200 40 0.001 7976.95 3.16988e-05
200 40 0.011 7704.33 3.12521e-05
200 40 0.021 7413.69 3.07282e-05
200 40 0.031 7089.24 3.0164e-05
200 40 0.041 6817.08 2.96921e-05
200 40 0.051 6486.99 2.90731e-05
200 40 0.061 6211.72 2.8581e-05
200 40 0.071 5897.27 2.49598e-05
200 40 0.081 5656.63 2.79014e-05
200 40 0.091 5339.01 2.73057e-05
200 40 0.101 5109.66 2.69092e-05
200 40 0.111 4819.78 2.63392e-05
200 40 0.121 4622.12 2.59357e-05
200 40 0.131 4385.59 2.54358e-05
200 40 0.141 4172.41 2.50356e-05
200 40 0.151 3949.24 2.45797e-05
200 40 0.161 3773.36 2.41325e-05
200 40 0.171 3588.96 2.39044e-05
200 40 0.181 3419.98 2.34847e-05
200 40 0.191 3225.01 2.31311e-05
200 40 0.201 3107.07 2.29404e-05
200 40 0.211 2949.24 2.26169e-05
200 40 0.221 2778.59 2.22777e-05
200 40 0.231 2654.59 2.19323e-05
200 40 0.241 2523.41 2.16685e-05
200 40 0.251 2418.49 2.15107e-05
200 40 0.261 2257.82 2.1099e-05
200 40 0.271 2183.32 2.09009e-05
200 40 0.281 2068.53 2.07713e-05
200 40 0.291 1988.21 2.04855e-05
200 40 0.301 1879.51 2.02249e-05
200 40 0.311 1786.56 1.9969e-05
200 40 0.321 1735.33 1.991e-05
200 40 0.3