200 10 0.001 1908.29 4.1021e-06
200 10 0.011 1878.08 4.0548e-06
200 10 0.021 1847.09 4.0224e-06
200 10 0.031 1812.09 3.9703e-06
200 10 0.041 1776.8 3.9197e-06
200 10 0.051 1737.02 3.8559e-06
200 10 0.061 1705.95 3.8657e-06
200 10 0.071 1659.48 2.4321e-06
200 10 0.081 1621.73 2.4745e-06
200 10 0.091 1583.01 2.2076e-06
200 10 0.101 1550.96 2.775e-06
200 10 0.111 1498.77 3.2299e-06
200 10 0.121 1461.63 2.1001e-06
200 10 0.131 1429.83 2.0912e-06
200 10 0.141 1389.21 2.0534e-06
200 10 0.151 1359.2 2.0232e-06
200 10 0.161 1321.07 2.0219e-06
200 10 0.171 1285.7 2.7053e-06
200 10 0.181 1237.54 3.156e-06
200 10 0.191 1206.88 3.0959e-06
200 10 0.201 1172.67 3.0579e-06
200 10 0.211 1137.65 3.0026e-06
200 10 0.221 1102.82 2.9559e-06
200 10 0.231 1063.33 2.9074e-06
200 10 0.241 1030.98 2.8617e-06
200 10 0.251 1008.05 2.816e-06
200 10 0.261 971.22 2.7754e-06
200 10 0.271 931.13 2.7111e-06
200 10 0.281 901.297 2.6842e-06
200 10 0.291 877.754 2.6435e-06
200 10 0.301 852.328 2.5828e-06
200 10 0.311 814.04 2.5199e-06
200 10 0.321 792.518 2.4959e-06
200 10 0.331 770.738 2.5016e-06
200 10 0.341 730.224 2.4358e-06
200 10 0.351 706.473 2.4073e-06
200 10 0.361 685.115 2.3751e-06
200 10 0.371 669.31 1.556e-06
200 10 0.381 636.299 2.3157e-06
200 10 0.391 614.404 2.2032e-06
200 10 0.401 585.891 1.5945e-06
200 10 0.411 564.431 2.2026e-06
200 10 0.421 544.505 2.2018e-06
200 10 0.431 518.173 2.1833e-06
200 10 0.441 515.945 2.1118e-06
200 10 0.451 479.325 2.0244e-06
200 10 0.461 453.307 2.0361e-06
200 10 0.471 449.186 2.043e-06
200 10 0.481 425.17 2.0173e-06
200 10 0.491 403.081 2.0004e-06
200 10 0.501 398.16 1.933e-06
200 10 0.511 379.699 1.9182e-06
200 10 0.521 357.623 1.8664e-06
200 10 0.531 343.956 1.8507e-06
200 10 0.541 331.004 1.6612e-06
200 10 0.551 315.249 1.8097e-06
200 10 0.561 302.596 1.7776e-06
200 10 0.571 287.819 1.728e-06
200 10 0.581 277.614 1.7483e-06
200 10 0.591 264.258 1.694e-06
200 10 0.601 255.808 1.6894e-06
200 10 0.611 239.496 1.6741e-06
200 10 0.621 231.609 1.645e-06
200 10 0.631 219.341 1.5969e-06
200 10 0.641 207.086 1.6032e-06
200 10 0.651 197.624 1.4677e-06
200 10 0.661 189.688 1.4173e-06
200 10 0.671 178.364 1.543e-06
200 10 0.681 172.809 1.4808e-06
200 10 0.691 162.031 1.3066e-06
200 10 0.701 155.419 1.4883e-06
200 10 0.711 146.677 1.4676e-06
200 10 0.721 137.887 1.3207e-06
200 10 0.731 130.822 1.131e-06
200 10 0.741 122.703 1.3613e-06
200 10 0.751 119.46 1.4201e-06
200 10 0.761 112.964 1.3766e-06
200 10 0.771 107.692 1.2248e-06
200 10 0.781 99.3624 1.3563e-06
200 10 0.791 94.2445 1.3336e-06
200 10 0.801 85.9695 1.321e-06
200 10 0.811 83.4586 1.1981e-06
200 10 0.821 83.7745 1.2448e-06
200 10 0.831 77.1036 1.2916e-06
200 10 0.841 71.5948 1.2876e-06
200 10 0.851 65.0668 1.2622e-06
200 10 0.861 61.8828 1.2443e-06
200 10 0.871 59.0721 1.2455e-06
200 10 0.881 55.5401 1.2256e-06
200 10 0.891 50.6859 1.198e-06
200 10 0.901 51.0721 1.2098e-06
200 10 0.911 46.9996 1.1679e-06
200 10 0.921 45.251 1.1542e-06
200 10 0.931 41.3729 1.1467e-06
200 10 0.941 39.0168 1.1354e-06
200 10 0.951 35.7102 1.1484e-06
200 10 0.961 33.8246 1.1429e-06
200 10 0.971 30.0611 1.1229e-06
200 10 0.981 28.7421 9.818e-07
200 10 0.991 27.0841 9.204e-07
200 10 1.001 25.0209 1.0318e-06
200 10 1.011 21.9112 1.1269e-06
200 10 1.021 21.1645 1.0803e-06
200 10 1.031 19.837 1.0133e-06
200 10 1.041 18.5848 9.159e-07
200 10 1.051 16.8908 9.348e-07
200 10 1.061 15.6462 1.0535e-06
200 10 1.071 15.9136 9.947e-07
200 10 1.081 13.9203 8.722e-07
200 10 1.091 12.9168 8.903e-07
200 10 1.101 12.2606 8.809e-07
200 10 1.111 11.2638 8.798e-07
200 10 1.121 11.0439 8.936e-07
200 10 1.131 10.3856 8.331e-07
200 10 1.141 9.6701 8.343e-07
200 10 1.151 8.9525 8.354e-07
200 10 1.161 8.3565 8.321e-07
200 10 1.171 7.8831 9.379e-07
200 10 1.181 7.6206 9.947e-07
200 10 1.191 7.0527 9.346e-07
200 10 1.201 6.715 9.365e-07
200 10 1.211 6.0473 9.683e-07
200 10 1.221 5.6912 9.685e-07
200 10 1.231 5.4803 9.391e-07
200 10 1.241 5.0861 9.461e-07
200 10 1.251 4.7643 9.556e-07
200 10 1.261 4.606 8.823e-07
200 10 1.271 4.2554 9.495e-07
200 10 1.281 3.9883 9.191e-07
200 10 1.291 3.9724 8.954e-07
200 10 1.301 3.5053 8.819e-07
200 10 1.311 3.5617 9.319e-07
200 10 1.321 3.298 8.641e-07
200 10 1.331 3.1298 9.233e-07
200 10 1.341 2.8825 8.81e-07
200 10 1.351 2.6644 9.162e-07
200 10 1.361 2.4823 8.419e-07
200 10 1.371 2.3789 8.008e-07
200 10 1.381 2.2688 7.768e-07
200 10 1.391 2.1647 7.819e-07
200 10 1.401 2.0413 7.798e-07
200 10 1.411 1.8922 8.473e-07
200 10 1.421 1.8425 9.133e-07
200 10 1.431 1.6684 9.099e-07
200 10 1.441 1.6055 8.886e-07
200 10 1.451 1.5117 9.065e-07
200 10 1.461 1.4488 9.213e-07
200 10 1.471 1.3404 9.261e-07
200 10 1.481 1.2887 9.137e-07
200 10 1.491 1.2585 9.055e-07
200 10 1.501 1.1369 8.81e-07
200 10 1.511 1.1417 8.775e-07
200 10 1.521 1.0263 9.125e-07
200 10 1.531 1.0089 9.078e-07
200 10 1.541 0.9412 9.107e-07
200 10 1.551 0.8924 9.012e-07
200 10 1.561 0.8249 8.704e-07
200 10 1.571 0.8154 8.735e-07
200 10 1.581 0.7516 8.822e-07
200 10 1.591 0.7405 8.95e-07
200 10 1.601 0.7493 8.957e-07
200 10 1.611 0.6713 8.866e-07
200 10 1.621 0.6732 8.863e-07
200 10 1.631 0.6421 8.881e-07
200 10 1.641 0.5883 8.861e-07
200 10 1.651 0.5952 8.845e-07
200 10 1.661 0.5728 8.84e-07
200 10 1.671 0.5269 8.824e-07
200 10 1.681 0.547 8.892e-07
200 10 1.691 0.5145 8.873e-07
200 10 1.701 0.4773 8.408e-07
200 10 1.711 0.4672 8.124e-07
200 10 1.721 0.4482 7.552e-07
200 10 1.731 0.4489 8.574e-07
200 10 1.741 0.4365 8.711e-07
200 10 1.751 0.4252 8.699e-07
200 10 1.761 0.3937 9.077e-07
200 10 1.771 0.3845 9.029e-07
200 10 1.781 0.369 9.017e-07
200 10 1.791 0.3766 9.009e-07
200 10 1.801 0.3389 9.03e-07
200 10 1.811 0.3465 9.107e-07
200 10 1.821 0.3155 9.136e-07
200 10 1.831 0.3298 9.068e-07
200 10 1.841 0.3134 9.13e-07
200 10 1.851 0.2948 8.924e-07
200 10 1.861 0.2802 8.984e-07
200 10 1.871 0.2819 9.045e-07
200 10 1.881 0.2587 8.99e-07
200 10 1.891 0.2621 9.052e-07
200 10 1.901 0.243 9.044e-07
200 10 1.911 0.2354 9.042e-07
200 10 1.921 0.2263 9.016e-07
200 10 1.931 0.2284 9.101e-07
200 10 1.941 0.2229 8.97e-07
200 10 1.951 0.2 8.997e-07
200 10 1.961 0.1913 8.954e-07
200 10 1.971 0.2037 8.9e-07
200 10 1.981 0.1875 9.01e-07
200 10 1.991 0.1818 8.782e-07
200 20 0.001 3612.99 6.4694e-06
200 20 0.011 3513.02 6.3394e-06
200 20 0.021 3406.26 6.1904e-06
200 20 0.031 3289.79 6.0336e-06
200 20 0.041 3161.93 5.8504e-06
200 20 0.051 3029.97 5.6718e-06
200 20 0.061 2928.7 5.5383e-06
200 20 0.071 2807.67 5.3604e-06
200 20 0.081 2694.11 5.1956e-06
200 20 0.091 2566.4 5.0122e-06
200 20 0.101 2453.27 4.853e-06
200 20 0.111 2338.59 4.7063e-06
200 20 0.121 2221.97 4.5533e-06
200 20 0.131 2139.27 4.4721e-06
200 20 0.141 2018.3 4.2995e-06
200 20 0.151 1914.77 4.1536e-06
200 20 0.161 1833.52 4.0367e-06
200 20 0.171 1756.35 3.8951e-06
200 20 0.181 1661.25 3.7663e-06
200 20 0.191 1588.86 3.6259e-06
200 20 0.201 1484.47 3.448e-06
200 20 0.211 1434.57 3.3653e-06
200 20 0.221 1340.51 3.2475e-06
200 20 0.231 1278.22 3.1604e-06
200 20 0.241 1209.49 3.0541e-06
200 20 0.251 1164.87 2.9944e-06
200 20 0.261 1065.34 2.8556e-06
200 20 0.271 1019.67 2.7806e-06
200 20 0.281 956.361 2.7031e-06
200 20 0.291 909.412 2.637e-06
200 20 0.301 853.856 2.5622e-06
200 20 0.311 819.373 2.5638e-06
200 20 0.321 768.291 2.4699e-06
200 20 0.331 726.045 2.4402e-06
200 20 0.341 687.425 2.3902e-06
200 20 0.351 638.397 2.3097e-06
200 20 0.361 608.273 2.2112e-06
200 20 0.371 560.29 1.9326e-06
200 20 0.381 537.279 1.5538e-06
200 20 0.391 498.096 2.022e-06
200 20 0.401 470.217 1.9863e-06
200 20 0.411 446.91 1.9345e-06
200 20 0.421 426.195 1.9129e-06
200 20 0.431 396.028 1.8592e-06
200 20 0.441 369.388 1.8092e-06
200 20 0.451 348.885 1.7823e-06
200 20 0.461 331.684 1.7512e-06
200 20 0.471 311.578 1.7204e-06
200 20 0.481 284.224 1.6695e-06
200 20 0.491 270.449 1.6425e-06
200 20 0.501 257.178 1.6082e-06
200 20 0.511 237.446 1.5804e-06
200 20 0.521 219.71 1.5575e-06
200 20 0.531 207.65 1.5349e-06
200 20 0.541 197.114 1.5178e-06
200 20 0.551 183.036 1.1296e-06
200 20 0.561 170.485 1.086e-06
200 20 0.571 155.959 1.0745e-06
200 20 0.581 149.071 1.2206e-06
200 20 0.591 139.362 1.1311e-06
200 20 0.601 135.238 1.0596e-06
200 20 0.611 126.917 1.3435e-06
200 20 0.621 118.786 1.3276e-06
200 20 0.631 111.581 1.2921e-06
200 20 0.641 104.074 1.2758e-06
200 20 0.651 94.3486 1.2429e-06
200 20 0.661 89.4208 1.2452e-06
200 20 0.671 84.4235 1.2099e-06
200 20 0.681 78.3549 1.2076e-06
200 20 0.691 73.2312 1.196e-06
200 20 0.701 68.9605 1.1929e-06
200 20 0.711 62.9897 1.154e-06
200 20 0.721 60.1262 1.1469e-06
200 20 0.731 56.6074 1.1356e-06
200 20 0.741 52.7067 1.1173e-06
200 20 0.751 49.1829 1.0278e-06
200 20 0.761 45.5096 9.004e-07
200 20 0.771 43.108 1.0666e-06
200 20 0.781 40.3075 1.0725e-06
200 20 0.791 36.3012 1.0606e-06
200 20 0.801 34.1475 1.0404e-06
200 20 0.811 32.2776 1.0269e-06
200 20 0.821 30.2055 1.0222e-06
200 20 0.831 27.9851 1.0166e-06
200 20 0.841 26.5006 1.0086e-06
200 20 0.851 24.9322 9.983e-07
200 20 0.861 22.6163 9.925e-07
200 20 0.871 21.7797 9.916e-07
200 20 0.881 19.8527 9.731e-07
200 20 0.891 17.995 8.775e-07
200 20 0.901 17.6618 9.444e-07
200 20 0.911 15.7219 9.941e-07
200 20 0.921 14.4215 9.575e-07
200 20 0.931 13.3959 9.429e-07
200 20 0.941 12.9091 9.676e-07
200 20 0.951 12.0905 9.642e-07
200 20 0.961 11.2418 9.463e-07
200 20 0.971 10.6915 9.481e-07
200 20 0.981 9.4572 9.22e-07
200 20 0.991 8.8706 9.014e-07
200 20 1.001 8.1586 9.022e-07
200 20 1.011 7.5916 8.918e-07
200 20 1.021 6.7901 8.918e-07
200 20 1.031 6.4844 9.082e-07
200 20 1.041 6.0724 9.011e-07
200 20 1.051 5.5793 8.975e-07
200 20 1.061 5.1072 8.882e-07
200 20 1.071 4.7711 8.883e-07
200 20 1.081 4.4329 8.803e-07
200 20 1.091 4.077 8.754e-07
200 20 1.101 3.8046 8.568e-07
200 20 1.111 3.5604 8.574e-07
200 20 1.121 3.4269 8.644e-07
200 20 1.131 3.1456 8.698e-07
200 20 1.141 2.9294 8.582e-07
200 20 1.151 2.625 8.21e-07
200 20 1.161 2.5944 7.985e-07
200 20 1.171 2.3772 8.318e-07
200 20 1.181 2.2307 8.45e-07
200 20 1.191 2.1673 7.531e-07
200 20 1.201 1.9837 8.285e-07
200 20 1.211 1.8457 8.216e-07
200 20 1.221 1.8615 8.299e-07
200 20 1.231 1.7402 8.236e-07
200 20 1.241 1.6345 8.195e-07
200 20 1.251 1.5902 8.153e-07
200 20 1.261 1.3253 8.164e-07
200 20 1.271 1.3735 8.135e-07
200 20 1.281 1.2785 8.133e-07
200 20 1.291 1.1547 8.149e-07
200 20 1.301 1.1175 7.488e-07
200 20 1.311 1.0495 6.754e-07
200 20 1.321 1.0184 8.045e-07
200 20 1.331 0.9369 8.087e-07
200 20 1.341 0.9081 8.156e-07
200 20 1.351 0.8323 8.118e-07
200 20 1.361 0.8308 8.133e-07
200 20 1.371 0.7897 7.888e-07
200 20 1.381 0.7083 8.039e-07
200 20 1.391 0.679 7.022e-07
200 20 1.401 0.6365 8.437e-07
200 20 1.411 0.6105 7.695e-07
200 20 1.421 0.5855 7.682e-07
200 20 1.431 0.5461 7.86e-07
200 20 1.441 0.5312 7.718e-07
200 20 1.451 0.4832 7.342e-07
200 20 1.461 0.4871 7.803e-07
200 20 1.471 0.4308 6.487e-07
200 20 1.481 0.4443 6.832e-07
200 20 1.491 0.4005 6.594e-07
200 20 1.501 0.3897 7.399e-07
200 20 1.511 0.3696 7.182e-07
200 20 1.521 0.3585 8.044e-07
200 20 1.531 0.3326 7.951e-07
200 20 1.541 0.3213 7.996e-07
200 20 1.551 0.2976 7.167e-07
200 20 1.561 0.2906 6.467e-07
200 20 1.571 0.2733 7.337e-07
200 20 1.581 0.2647 7.825e-07
200 20 1.591 0.2724 7.716e-07
200 20 1.601 0.2647 6.984e-07
200 20 1.611 0.2539 7.634e-07
200 20 1.621 0.243 7.838e-07
200 20 1.631 0.2478 7.823e-07
200 20 1.641 0.2195 7.834e-07
200 20 1.651 0.2105 7.762e-07
200 20 1.661 0.2014 7.862e-07
200 20 1.671 0.1952 7.834e-07
200 20 1.681 0.2004 7.772e-07
200 20 1.691 0.1769 7.876e-07
200 20 1.701 0.1622 7.787e-07
200 20 1.711 0.1829 7.866e-07
200 20 1.721 0.1729 7.778e-07
200 20 1.731 0.159 7.772e-07
200 20 1.741 0.1483 7.325e-07
200 20 1.751 0.1482 7.346e-07
200 20 1.761 0.1542 7.875e-07
200 20 1.771 0.146 7.864e-07
200 20 1.781 0.1404 7.851e-07
200 20 1.791 0.1272 7.757e-07
200 20 1.801 0.1222 6.477e-07
200 20 1.811 0.1172 6.877e-07
200 20 1.821 0.1257 7.486e-07
200 20 1.831 0.1099 7.62e-07
200 20 1.841 0.1137 7.521e-07
200 20 1.851 0.1156 7.944e-07
200 20 1.861 0.1064 7.931e-07
200 20 1.871 0.109 7.928e-07
200 20 1.881 0.0992 7.889e-07
200 20 1.891 0.0934 7.604e-07
200 20 1.901 0.0934 6.576e-07
200 20 1.911 0.0925 7.385e-07
200 20 1.921 0.087 7.652e-07
200 20 1.931 0.0949 7.556e-07
200 20 1.941 0.0785 7.587e-07
200 20 1.951 0.0775 7.733e-07
200 20 1.961 0.074 7.71e-07
200 20 1.971 0.0738 7.675e-07
200 20 1.981 0.0712 6.937e-07
200 20 1.991 0.0733 6.003e-07
200 30 0.001 5117.21 8.5122e-06
200 30 0.011 4917.4 8.2788e-06
200 30 0.021 4693.27 6.3362e-06
200 30 0.031 4460.94 4.1766e-06
200 30 0.041 4196.57 3.9731e-06
200 30 0.051 4006.26 5.8837e-06
200 30 0.061 3764.82 6.6755e-06
200 30 0.071 3573.97 6.4213e-06
200 30 0.081 3343.66 5.2524e-06
200 30 0.091 3163.05 3.8115e-06
200 30 0.101 2957.25 3.1447e-06
200 30 0.111 2808.68 3.0415e-06
200 30 0.121 2614.65 2.8914e-06
200 30 0.131 2444.68 2.7705e-06
200 30 0.141 2293.23 2.6756e-06
200 30 0.151 2145.16 2.5744e-06
200 30 0.161 1992.92 2.4799e-06
200 30 0.171 1874.95 3.2161e-06
200 30 0.181 1752.51 3.8476e-06
200 30 0.191 1651.9 3.7143e-06
200 30 0.201 1497.89 3.4786e-06
200 30 0.211 1417.29 2.9983e-06
200 30 0.221 1303.62 2.278e-06
200 30 0.231 1223.98 2.1789e-06
200 30 0.241 1155.39 1.8867e-06
200 30 0.251 1077.68 1.8404e-06
200 30 0.261 980.802 1.9738e-06
200 30 0.271 923.289 2.6932e-06
200 30 0.281 877.049 2.6133e-06
200 30 0.291 810.626 2.5161e-06
200 30 0.301 751.424 2.4345e-06
200 30 0.311 707.092 2.3679e-06
200 30 0.321 650.349 2.2825e-06
200 30 0.331 601.998 2.2026e-06
200 30 0.341 570.042 2.1563e-06
200 30 0.351 527.764 2.0858e-06
200 30 0.361 478.738 2.0113e-06
200 30 0.371 458.205 1.9774e-06
200 30 0.381 424.595 1.9261e-06
200 30 0.391 403.861 1.8886e-06
200 30 0.401 367.886 1.8066e-06
200 30 0.411 344.249 1.7602e-06
200 30 0.421 321.151 1.7164e-06
200 30 0.431 297.653 1.6987e-06
200 30 0.441 282.611 1.6744e-06
200 30 0.451 268.529 1.6387e-06
200 30 0.461 239.492 1.6237e-06
200 30 0.471 230.903 1.6038e-06
200 30 0.481 215.488 1.5421e-06
200 30 0.491 197.519 1.5155e-06
200 30 0.501 186.835 1.489e-06
200 30 0.511 173.135 1.4608e-06
200 30 0.521 163.617 1.4363e-06
200 30 0.531 152.256 1.4204e-06
200 30 0.541 142.042 1.413e-06
200 30 0.551 138.005 1.344e-06
200 30 0.561 127.429 1.3271e-06
200 30 0.571 116.905 1.3176e-06
200 30 0.581 111.166 1.3204e-06
200 30 0.591 102.33 1.2954e-06
200 30 0.601 93.7729 1.257e-06
200 30 0.611 88.9384 1.2584e-06
200 30 0.621 83.4499 1.2285e-06
200 30 0.631 77.8121 1.2266e-06
200 30 0.641 73.4542 1.209e-06
200 30 0.651 67.64 1.2107e-06
200 30 0.661 64.1928 1.1724e-06
200 30 0.671 58.4909 1.1536e-06
200 30 0.681 55.6066 1.1578e-06
200 30 0.691 53.9336 1.1406e-06
200 30 0.701 49.1423 1.1144e-06
200 30 0.711 45.5619 1.1139e-06
200 30 0.721 44.525 1.1102e-06
200 30 0.731 39.9099 1.0895e-06
200 30 0.741 37.2828 1.0803e-06
200 30 0.751 33.2381 1.0486e-06
200 30 0.761 33.0084 1.0568e-06
200 30 0.771 30.3674 1.0467e-06
200 30 0.781 28.7929 1.036e-06
200 30 0.791 26.2429 1.0299e-06
200 30 0.801 24.1784 1.0102e-06
200 30 0.811 22.4844 1.0093e-06
200 30 0.821 22.1179 1.0049e-06
200 30 0.831 20.0716 9.905e-07
200 30 0.841 18.7509 9.129e-07
200 30 0.851 17.9598 9.03e-07
200 30 0.861 16.3175 9.645e-07
200 30 0.871 14.8673 9.521e-07
200 30 0.881 13.5722 9.445e-07
200 30 0.891 13.3145 9.407e-07
200 30 0.901 11.8391 9.291e-07
200 30 0.911 11.2487 9.277e-07
200 30 0.921 10.3126 9.19e-07
200 30 0.931 9.5743 9.226e-07
200 30 0.941 9.1961 8.69e-07
200 30 0.951 8.8451 9.365e-07
200 30 0.961 7.8974 9.001e-07
200 30 0.971 7.1684 9.122e-07
200 30 0.981 6.8206 8.935e-07
200 30 0.991 6.1458 8.228e-07
200 30 1.001 5.832 7.113e-07
200 30 1.011 5.1091 7.211e-07
200 30 1.021 4.5511 6.928e-07
200 30 1.031 4.2632 7.469e-07
200 30 1.041 4.1668 8.595e-07
200 30 1.051 3.8127 8.557e-07
200 30 1.061 3.312 8.442e-07
200 30 1.071 3.3875 8.466e-07
200 30 1.081 2.9635 8.415e-07
200 30 1.091 2.8051 8.442e-07
200 30 1.101 2.6018 8.305e-07
200 30 1.111 2.4105 7.884e-07
200 30 1.121 2.2515 8.208e-07
200 30 1.131 2.0793 8.094e-07
200 30 1.141 2.0286 7.157e-07
200 30 1.151 1.9356 6.732e-07
200 30 1.161 1.7281 6.491e-07
200 30 1.171 1.6163 8.033e-07
200 30 1.181 1.6215 8.234e-07
200 30 1.191 1.4831 8.174e-07
200 30 1.201 1.3256 8.094e-07
200 30 1.211 1.3328 8.172e-07
200 30 1.221 1.237 8.075e-07
200 30 1.231 1.0881 8.053e-07
200 30 1.241 1.0622 8.162e-07
200 30 1.251 0.9908 8.136e-07
200 30 1.261 0.9232 8.05e-07
200 30 1.271 0.8412 8.375e-07
200 30 1.281 0.8241 7.972e-07
200 30 1.291 0.843 7.987e-07
200 30 1.301 0.748 7.943e-07
200 30 1.311 0.6991 8.003e-07
200 30 1.321 0.6624 7.947e-07
200 30 1.331 0.6185 7.964e-07
200 30 1.341 0.5999 7.9e-07
200 30 1.351 0.5615 7.921e-07
200 30 1.361 0.5517 7.866e-07
200 30 1.371 0.521 7.837e-07
200 30 1.381 0.4876 7.98e-07
200 30 1.391 0.4586 7.966e-07
200 30 1.401 0.4475 7.963e-07
200 30 1.411 0.4035 7.976e-07
200 30 1.421 0.3831 7.928e-07
200 30 1.431 0.3572 7.902e-07
200 30 1.441 0.3478 7.835e-07
200 30 1.451 0.3278 7.84e-07
200 30 1.461 0.3171 7.797e-07
200 30 1.471 0.3026 7.833e-07
200 30 1.481 0.2741 7.906e-07
200 30 1.491 0.258 7.842e-07
200 30 1.501 0.2488 7.809e-07
200 30 1.511 0.2622 7.917e-07
200 30 1.521 0.2319 7.904e-07
200 30 1.531 0.2083 6.775e-07
200 30 1.541 0.213 7.921e-07
200 30 1.551 0.1905 7.858e-07
200 30 1.561 0.1971 7.904e-07
200 30 1.571 0.1906 6.945e-07
200 30 1.581 0.171 7.322e-07
200 30 1.591 0.1711 7.5e-07
200 30 1.601 0.1546 7.688e-07
200 30 1.611 0.1511 7.64e-07
200 30 1.621 0.1436 7.903e-07
200 30 1.631 0.1497 7.953e-07
200 30 1.641 0.1359 7.75e-07
200 30 1.651 0.1452 7.825e-07
200 30 1.661 0.1313 7.827e-07
200 30 1.671 0.1307 7.877e-07
200 30 1.681 0.1254 7.788e-07
200 30 1.691 0.1169 7.88e-07
200 30 1.701 0.1075 7.811e-07
200 30 1.711 0.1132 7.806e-07
200 30 1.721 0.1077 7.786e-07
200 30 1.731 0.1065 7.782e-07
200 30 1.741 0.0986 7.539e-07
200 30 1.751 0.097 7.682e-07
200 30 1.761 0.0925 7.86e-07
200 30 1.771 0.0896 7.864e-07
200 30 1.781 0.083 7.595e-07
200 30 1.791 0.0858 7.555e-07
200 30 1.801 0.0851 7.491e-07
200 30 1.811 0.0844 7.498e-07
200 30 1.821 0.0886 7.509e-07
200 30 1.831 0.0837 7.493e-07
200 30 1.841 0.0688 7.794e-07
200 30 1.851 0.0702 7.778e-07
200 30 1.861 0.0683 7.644e-07
200 30 1.871 0.0637 7.744e-07
200 30 1.881 0.0678 7.638e-07
200 30 1.891 0.0589 6.276e-07
200 30 1.901 0.06 7.462e-07
200 30 1.911 0.0537 7.711e-07
200 30 1.921 0.0482 7.649e-07
200 30 1.931 0.0552 7.615e-07
200 30 1.941 0.0534 6.288e-07
200 30 1.951 0.0434 6.146e-07
200 30 1.961 0.0491 6.147e-07
200 30 1.971 0.0467 7.035e-07
200 30 1.981 0.0427 6.437e-07
200 30 1.991 0.0504 6.129e-07
200 40 0.001 6413.84 6.4228e-06
200 40 0.011 6083.25 6.1563e-06
200 40 0.021 5743.64 7.2788e-06
200 40 0.031 5354.17 9.5894e-06
200 40 0.041 5051.11 9.115e-06
200 40 0.051 4662.03 8.513e-06
200 40 0.061 4364.86 8.0659e-06
200 40 0.071 4040.97 7.5544e-06
200 40 0.081 3778.89 7.1404e-06
200 40 0.091 3467.13 6.6587e-06
200 40 0.101 3218.18 6.2968e-06
200 40 0.111 2941.24 5.8788e-06
200 40 0.121 2748.9 5.5774e-06
200 40 0.131 2546.22 5.2709e-06
200 40 0.141 2343.21 4.9427e-06
200 40 0.151 2139.99 4.622e-06
200 40 0.161 1978.46 4.4031e-06
200 40 0.171 1833.08 4.1688e-06
200 40 0.181 1692.09 3.9584e-06
200 40 0.191 1547.66 3.7365e-06
200 40 0.201 1446.87 3.5797e-06
200 40 0.211 1338.01 3.4055e-06
200 40 0.221 1209.08 3.2077e-06
200 40 0.231 1129.1 3.0697e-06
200 40 0.241 1017.53 2.886e-06
200 40 0.251 975.372 2.8272e-06
200 40 0.261 871.201 2.6557e-06
200 40 0.271 816.768 2.5452e-06
200 40 0.281 754.722 2.4532e-06
200 40 0.291 705.145 2.368e-06
200 40 0.301 637.71 2.2711e-06
200 40 0.311 593.654 2.2133e-06
200 40 0.321 553.955 2.1345e-06
200 40 0.331 519.745 2.0761e-06
200 40 0.341 469.47 1.9825e-06
200 40 0.351 443.874 1.9588e-06
200 40 0.361 410.295 1.9067e-06
200 40 0.371 378.068 1.8454e-06
200 40 0.381 358.49 1.814e-06
200 40 0.391 333.553 1.7705e-06
200 40 0.401 309.137 1.7223e-06
200 40 0.411 288.879 1.6887e-06
200 40 0.421 269.361 1.6138e-06
200 40 0.431 250.195 1.5851e-06
200 40 0.441 237.504 1.575e-06
200 40 0.451 215.579 1.2682e-06
200 40 0.461 202.408 1.4113e-06
200 40 0.471 190.575 1.4721e-06
200 40 0.481 179.125 1.4421e-06
200 40 0.491 161.809 1.1356e-06
200 40 0.501 156.755 1.0371e-06
200 40 0.511 146.778 1.3092e-06
200 40 0.521 134.78 1.3682e-06
200 40 0.531 127.16 1.3493e-06
200 40 0.541 120.59 1.3096e-06
200 40 0.551 110.927 1.2987e-06
200 40 0.561 101.365 1.2916e-06
200 40 0.571 97.5885 1.2858e-06
200 40 0.581 90.5618 1.267e-06
200 40 0.591 84.6984 1.2463e-06
200 40 0.601 78.9973 1.2348e-06
200 40 0.611 73.5842 1.2338e-06
200 40 0.621 68.7742 1.7518e-06
200 40 0.631 64.5139 5.9773e-06
200 40 0.641 61.9301 4.817e-06
200 40 0.651 56.5288 1.1599e-06
200 40 0.661 53.9679 1.1482e-06
200 40 0.671 49.5506 1.1342e-06
200 40 0.681 46.2708 1.3178e-06
200 40 0.691 43.8036 1.2321e-06
200 40 0.701 40.8381 1.0966e-06
200 40 0.711 38.639 1.0921e-06
200 40 0.721 35.5334 1.1033e-06
200 40 0.731 34.2983 9.984e-07
200 40 0.741 31.049 9.327e-07
200 40 0.751 28.8214 1.0672e-06
200 40 0.761 27.1714 1.0342e-06
200 40 0.771 24.7896 1.0144e-06
200 40 0.781 23.098 1.0133e-06
200 40 0.791 22.0917 9.973e-07
200 40 0.801 20.9549 9.988e-07
200 40 0.811 19.4248 9.777e-07
200 40 0.821 18.1645 9.699e-07
200 40 0.831 16.6092 9.604e-07
200 40 0.841 15.6383 9.691e-07
200 40 0.851 14.1158 9.586e-07
200 40 0.861 13.3496 9.49e-07
200 40 0.871 12.5973 9.404e-07
200 40 0.881 11.8183 9.39e-07
200 40 0.891 10.7824 9.659e-07
200 40 0.901 9.8876 9.374e-07
200 40 0.911 9.4016 9.449e-07
200 40 0.921 8.6779 9.22e-07
200 40 0.931 7.9293 8.988e-07
200 40 0.941 7.504 7.577e-07
200 40 0.951 6.669 7.164e-07
200 40 0.961 6.3216 9.103e-07
200 40 0.971 5.9645 9.152e-07
200 40 0.981 5.4303 9.054e-07
200 40 0.991 5.1798 8.829e-07
200 40 1.001 4.6392 9.072e-07
200 40 1.011 4.238 8.982e-07
200 40 1.021 4.0278 9.007e-07
200 40 1.031 3.5834 8.64e-07
200 40 1.041 3.2733 8.553e-07
200 40 1.051 3.1362 8.771e-07
200 40 1.061 2.6933 8.7e-07
200 40 1.071 2.6688 8.637e-07
200 40 1.081 2.5092 8.596e-07
200 40 1.091 2.3291 8.666e-07
200 40 1.101 2.0725 8.652e-07
200 40 1.111 1.9554 8.614e-07
200 40 1.121 1.7784 8.476e-07
200 40 1.131 1.6723 8.443e-07
200 40 1.141 1.588 8.625e-07
200 40 1.151 1.4516 8.5e-07
200 40 1.161 1.374 8.407e-07
200 40 1.171 1.3512 8.525e-07
200 40 1.181 1.1481 7.363e-07
200 40 1.191 1.1424 6.52e-07
200 40 1.201 1.026 8.173e-07
200 40 1.211 1.0065 8.2e-07
200 40 1.221 0.9454 8.192e-07
200 40 1.231 0.8313 8.014e-07
200 40 1.241 0.8304 8.244e-07
200 40 1.251 0.7843 8.209e-07
200 40 1.261 0.7661 8.134e-07
200 40 1.271 0.6086 8.208e-07
200 40 1.281 0.6863 8.16e-07
200 40 1.291 0.6112 8.082e-07
200 40 1.301 0.5686 8.06e-07
200 40 1.311 0.5288 8.089e-07
200 40 1.321 0.5105 8.127e-07
200 40 1.331 0.471 8.111e-07
200 40 1.341 0.4732 7.149e-07
200 40 1.351 0.4141 6.833e-07
200 40 1.361 0.4041 8.07e-07
200 40 1.371 0.3742 7.987e-07
200 40 1.381 0.3564 8.05e-07
200 40 1.391 0.3423 7.956e-07
200 40 1.401 0.3129 8.029e-07
200 40 1.411 0.2924 7.88e-07
200 40 1.421 0.2919 8.038e-07
200 40 1.431 0.2872 7.994e-07
200 40 1.441 0.2606 8.003e-07
200 40 1.451 0.2536 6.838e-07
200 40 1.461 0.2509 6.964e-07
200 40 1.471 0.224 7.961e-07
200 40 1.481 0.2093 7.809e-07
200 40 1.491 0.2023 7.792e-07
200 40 1.501 0.203 7.84e-07
200 40 1.511 0.1859 7.88e-07
200 40 1.521 0.1712 7.875e-07
200 40 1.531 0.1645 7.805e-07
200 40 1.541 0.1597 7.883e-07
200 40 1.551 0.1589 7.717e-07
200 40 1.561 0.1488 7.771e-07
200 40 1.571 0.1364 7.699e-07
200 40 1.581 0.1289 7.897e-07
200 40 1.591 0.1316 7.762e-07
200 40 1.601 0.1135 7.981e-07
200 40 1.611 0.1151 7.908e-07
200 40 1.621 0.1158 7.712e-07
200 40 1.631 0.0998 7.876e-07
200 40 1.641 0.1022 7.93e-07
200 40 1.651 0.1117 7.82e-07
200 40 1.661 0.096 7.92e-07
200 40 1.671 0.108 6.774e-07
200 40 1.681 0.0926 7.531e-07
200 40 1.691 0.0893 7.703e-07
200 40 1.701 0.0813 7.734e-07
200 40 1.711 0.0809 7.72e-07
200 40 1.721 0.081 7.713e-07
200 40 1.731 0.0846 7.753e-07
200 40 1.741 0.0736 7.665e-07
200 40 1.751 0.0688 7.286e-07
200 40 1.761 0.0696 7.724e-07
200 40 1.771 0.0739 7.75e-07
200 40 1.781 0.0685 7.693e-07
200 40 1.791 0.0691 7.633e-07
200 40 1.801 0.0599 7.731e-07
200 40 1.811 0.0551 7.667e-07
200 40 1.821 0.056 7.606e-07
200 40 1.831 0.0548 7.63e-07
200 40 1.841 0.0567 7.497e-07
200 40 1.851 0.0567 7.624e-07
200 40 1.861 0.05 7.681e-07
200 40 1.871 0.0494 7.648e-07
200 40 1.881 0.0505 7.592e-07
200 40 1.891 0.0455 7.624e-07
200 40 1.901 0.045 7.669e-07
200 40 1.911 0.0405 7.635e-07
200 40 1.921 0.0391 7.598e-07
200 40 1.931 0.0395 7.603e-07
200 40 1.941 0.0369 7.605e-07
200 40 1.951 0.0374 7.636e-07
200 40 1.961 0.0321 7.624e-07
200 40 1.971 0.0323 7.572e-07
200 40 1.981 0.0337 7.576e-07
200 40 1.991 0.0271 7.574e-07
300 10 0.001 2906.82 5.6232e-06
300 10 0.011 2863.21 3.409e-06
300 10 0.021 2815.57 3.3619e-06
300 10 0.031 2754.15 3.3127e-06
300 10 0.041 2708.08 3.2464e-06
300 10 0.051 2643.89 3.219e-06
300 10 0.061 2597.11 3.1702e-06
300 10 0.071 2541 3.1356e-06
300 10 0.081 2473.66 3.0807e-06
300 10 0.091 2413.28 3.0444e-06
300 10 0.101 2374 3.004e-06
300 10 0.111 2307.11 4.9312e-06
300 10 0.121 2229.38 4.8645e-06
300 10 0.131 2187.9 4.8269e-06
300 10 0.141 2128.41 4.7418e-06
300 10 0.151 2042.63 4.6279e-06
300 10 0.161 1989.85 4.5731e-06
300 10 0.171 1946.73 4.5083e-06
300 10 0.181 1907.26 4.4465e-06
300 10 0.191 1828.45 4.3319e-06
300 10 0.201 1790.67 4.2713e-06
300 10 0.211 1738.7 4.1962e-06
300 10 0.221 1686.39 4.1176e-06
300 10 0.231 1624.76 4.0253e-06
300 10 0.241 1583.14 3.9864e-06
300 10 0.251 1529.45 3.8973e-06
300 10 0.261 1488.76 3.8458e-06
300 10 0.271 1428.3 3.4501e-06
300 10 0.281 1406.03 2.3275e-06
300 10 0.291 1356.34 2.2955e-06
300 10 0.301 1281.81 3.5803e-06
300 10 0.311 1246.11 3.5034e-06
300 10 0.321 1194.3 3.4232e-06
300 10 0.331 1173.85 3.4239e-06
300 10 0.341 1128.4 3.3656e-06
300 10 0.351 1071.52 3.2834e-06
300 10 0.361 1055.2 3.2594e-06
300 10 0.371 1013.36 3.1782e-06
300 10 0.381 979.189 3.1529e-06
300 10 0.391 953.677 3.0987e-06
300 10 0.401 886.402 2.9981e-06
300 10 0.411 872.098 2.9862e-06
300 10 0.421 817.685 2.904e-06
300 10 0.431 814.912 2.9097e-06
300 10 0.441 770.389 2.8328e-06
300 10 0.451 742.182 2.7845e-06
300 10 0.461 715.527 2.731e-06
300 10 0.471 684.125 2.6955e-06
300 10 0.481 652.918 2.648e-06
300 10 0.491 630.67 2.5999e-06
300 10 0.501 599.728 2.57e-06
300 10 0.511 569.501 2.5236e-06
300 10 0.521 543.154 2.4388e-06
300 10 0.531 533.567 1.7298e-06
300 10 0.541 513.869 1.7865e-06
300 10 0.551 485.421 2.0901e-06
300 10 0.561 467.356 1.9497e-06
300 10 0.571 445.817 2.2831e-06
300 10 0.581 426.863 1.9942e-06
300 10 0.591 405.995 1.6066e-06
300 10 0.601 379.022 1.6009e-06
300 10 0.611 361.73 1.5822e-06
300 10 0.621 348.833 1.5612e-06
300 10 0.631 334.379 1.5506e-06
300 10 0.641 306.735 1.5201e-06
300 10 0.651 304.039 1.781e-06
300 10 0.661 291.119 2.0176e-06
300 10 0.671 268.046 1.9537e-06
300 10 0.681 261.013 1.9387e-06
300 10 0.691 243.873 1.9255e-06
300 10 0.701 226.338 1.8858e-06
300 10 0.711 220.337 1.868e-06
300 10 0.721 213.883 1.7011e-06
300 10 0.731 201.713 1.409e-06
300 10 0.741 193.229 1.3932e-06
300 10 0.751 179.15 1.7174e-06
300 10 0.761 172.412 1.7597e-06
300 10 0.771 158.262 1.7373e-06
300 10 0.781 151.295 1.7201e-06
300 10 0.791 141.438 1.6945e-06
300 10 0.801 134.354 1.5852e-06
300 10 0.811 132.925 1.3032e-06
300 10 0.821 117.799 1.2809e-06
300 10 0.831 115.055 1.2747e-06
300 10 0.841 107.942 1.5582e-06
300 10 0.851 101.334 1.6558e-06
300 10 0.861 97.6639 1.637e-06
300 10 0.871 91.8755 1.6315e-06
300 10 0.881 86.2713 1.6071e-06
300 10 0.891 82.135 1.6e-06
300 10 0.901 76.1852 1.5762e-06
300 10 0.911 70.8569 1.5486e-06
300 10 0.921 66.9991 1.5303e-06
300 10 0.931 61.6685 1.5087e-06
300 10 0.941 57.5642 1.4936e-06
300 10 0.951 53.542 1.1756e-06
300 10 0.961 50.8966 1.1364e-06
300 10 0.971 46.174 1.182e-06
300 10 0.981 45.5659 1.2807e-06
300 10 0.991 41.67 1.1257e-06
300 10 1.001 37.5469 1.1844e-06
300 10 1.011 36.3317 1.3125e-06
300 10 1.021 33.0233 1.304e-06
300 10 1.031 29.6037 1.2724e-06
300 10 1.041 28.4818 1.2541e-06
300 10 1.051 27.1 1.1292e-06
300 10 1.061 25.4464 1.1804e-06
300 10 1.071 23.3518 1.2151e-06
300 10 1.081 20.0514 1.1209e-06
300 10 1.091 19.9377 1.122e-06
300 10 1.101 18.7187 1.204e-06
300 10 1.111 16.9488 1.2171e-06
300 10 1.121 16.4778 1.0422e-06
300 10 1.131 15.3243 1.1589e-06
300 10 1.141 14.3593 1.1959e-06
300 10 1.151 13.7356 1.1942e-06
300 10 1.161 12.7919 1.1813e-06
300 10 1.171 11.3981 1.1746e-06
300 10 1.181 11.1551 1.1392e-06
300 10 1.191 10.8301 1.134e-06
300 10 1.201 9.8986 1.1255e-06
300 10 1.211 9.5925 1.1207e-06
300 10 1.221 8.5949 1.1341e-06
300 10 1.231 8.2515 1.139e-06
300 10 1.241 7.7872 1.1363e-06
300 10 1.251 8.2342 1.1419e-06
300 10 1.261 7.3136 1.1379e-06
300 10 1.271 6.3856 1.124e-06
300 10 1.281 6.3315 1.1227e-06
300 10 1.291 6.1925 1.1173e-06
300 10 1.301 5.5423 1.1104e-06
300 10 1.311 5.1394 1.0772e-06
300 10 1.321 4.8024 1.0728e-06
300 10 1.331 4.7595 1.0716e-06
300 10 1.341 4.3634 1.0964e-06
300 10 1.351 4.0203 1.0932e-06
300 10 1.361 3.8589 1.0878e-06
300 10 1.371 3.5051 9.865e-07
300 10 1.381 3.3797 8.992e-07
300 10 1.391 3.1393 8.987e-07
300 10 1.401 3.0173 1.0562e-06
300 10 1.411 2.9687 1.0624e-06
300 10 1.421 2.8185 1.061e-06
300 10 1.431 2.5334 9.692e-07
300 10 1.441 2.3034 1.0483e-06
300 10 1.451 2.3256 9.461e-07
300 10 1.461 2.1998 8.989e-07
300 10 1.471 2.0581 9.353e-07
300 10 1.481 1.9751 9.221e-07
300 10 1.491 1.8634 9.188e-07
300 10 1.501 1.7789 1.0723e-06
300 10 1.511 1.6435 1.0619e-06
300 10 1.521 1.591 1.061e-06
300 10 1.531 1.5425 1.0627e-06
300 10 1.541 1.4568 1.0605e-06
300 10 1.551 1.4005 1.055e-06
300 10 1.561 1.2739 1.0494e-06
300 10 1.571 1.2598 1.0458e-06
300 10 1.581 1.1428 1.0411e-06
300 10 1.591 1.1055 1.0361e-06
300 10 1.601 1.0501 1.0419e-06
300 10 1.611 1.003 1.0552e-06
300 10 1.621 0.997 1.0721e-06
300 10 1.631 0.991 9.986e-07
300 10 1.641 0.9463 8.767e-07
300 10 1.651 0.911 1.0055e-06
300 10 1.661 0.8885 1.034e-06
300 10 1.671 0.8654 1.0396e-06
300 10 1.681 0.8083 1.0347e-06
300 10 1.691 0.7941 1.0361e-06
300 10 1.701 0.7408 1.0358e-06
300 10 1.711 0.7213 1.0355e-06
300 10 1.721 0.6901 1.0322e-06
300 10 1.731 0.6684 1.0323e-06
300 10 1.741 0.668 1.0354e-06
300 10 1.751 0.6468 1.0312e-06
300 10 1.761 0.6278 1.0315e-06
300 10 1.771 0.5871 1.0276e-06
300 10 1.781 0.5782 1.0275e-06
300 10 1.791 0.5335 1.025e-06
300 10 1.801 0.5045 1.0224e-06
300 10 1.811 0.511 1.0208e-06
300 10 1.821 0.5117 1.0149e-06
300 10 1.831 0.4745 1.0187e-06
300 10 1.841 0.4716 1.0186e-06
300 10 1.851 0.4353 1.0173e-06
300 10 1.861 0.4308 1.0172e-06
300 10 1.871 0.4199 1.0106e-06
300 10 1.881 0.4077 1.0123e-06
300 10 1.891 0.3803 1.0141e-06
300 10 1.901 0.3687 1.014e-06
300 10 1.911 0.3694 1.012e-06
300 10 1.921 0.3445 1.009e-06
300 10 1.931 0.3355 1.0093e-06
300 10 1.941 0.3276 1.0124e-06
300 10 1.951 0.3176 1.0159e-06
300 10 1.961 0.291 1.0024e-06
300 10 1.971 0.2954 1.0021e-06
300 10 1.981 0.2797 1.001e-06
300 10 1.991 0.2653 9.96e-07
300 20 0.001 5608.6 9.6722e-06
300 20 0.011 5450.81 9.4342e-06
300 20 0.021 5280.45 9.184e-06
300 20 0.031 5100.51 8.9252e-06
300 20 0.041 4905.47 8.6477e-06
300 20 0.051 4714.49 8.3787e-06
300 20 0.061 4543.33 8.1404e-06
300 20 0.071 4334.14 7.3945e-06
300 20 0.081 4187.05 5.5475e-06
300 20 0.091 3977.4 6.7303e-06
300 20 0.101 3789.86 3.8889e-06
300 20 0.111 3656.56 3.8145e-06
300 20 0.121 3473.36 3.7426e-06
300 20 0.131 3280.33 5.0434e-06
300 20 0.141 3145.01 6.1435e-06
300 20 0.151 3010.75 5.9556e-06
300 20 0.161 2859.3 5.4901e-06
300 20 0.171 2732.96 4.6895e-06
300 20 0.181 2564.5 3.0648e-06
300 20 0.191 2451.68 2.993e-06
300 20 0.201 2328.62 2.8926e-06
300 20 0.211 2208.77 2.8079e-06
300 20 0.221 2083.37 4.3843e-06
300 20 0.231 1977.08 3.9234e-06
300 20 0.241 1853.66 2.585e-06
300 20 0.251 1785.44 2.5244e-06
300 20 0.261 1677.27 2.4392e-06
300 20 0.271 1592 3.8318e-06
300 20 0.281 1500.11 3.8587e-06
300 20 0.291 1411.95 3.7181e-06
300 20 0.301 1335.99 3.589e-06
300 20 0.311 1247.66 3.4701e-06
300 20 0.321 1185.53 3.4002e-06
300 20 0.331 1126.44 3.3144e-06
300 20 0.341 1072.87 2.7617e-06
300 20 0.351 999.657 2.2959e-06
300 20 0.361 928.465 2.9846e-06
300 20 0.371 888.981 2.9207e-06
300 20 0.381 830.18 2.8378e-06
300 20 0.391 778.413 2.7564e-06
300 20 0.401 732.924 2.6913e-06
300 20 0.411 697.475 2.6342e-06
300 20 0.421 641.079 2.5508e-06
300 20 0.431 605.439 2.4991e-06
300 20 0.441 569.212 2.4325e-06
300 20 0.451 531.349 2.3855e-06
300 20 0.461 510.407 2.3348e-06
300 20 0.471 483.592 2.2961e-06
300 20 0.481 442.7 2.2233e-06
300 20 0.491 416.918 2.1761e-06
300 20 0.501 391.258 2.1338e-06
300 20 0.511 374.03 2.0965e-06
300 20 0.521 350.379 2.0529e-06
300 20 0.531 325.588 2.0122e-06
300 20 0.541 303.046 1.9588e-06
300 20 0.551 276.968 1.9195e-06
300 20 0.561 263.835 1.8857e-06
300 20 0.571 250.217 1.4735e-06
300 20 0.581 232.716 1.4618e-06
300 20 0.591 218.816 1.7045e-06
300 20 0.601 203.954 1.6844e-06
300 20 0.611 190.961 1.6612e-06
300 20 0.621 179.812 1.6323e-06
300 20 0.631 169.352 1.6123e-06
300 20 0.641 154.519 1.6053e-06
300 20 0.651 148.058 1.6093e-06
300 20 0.661 135.434 1.5717e-06
300 20 0.671 126.962 1.3683e-06
300 20 0.681 118.057 1.3796e-06
300 20 0.691 113.673 1.5612e-06
300 20 0.701 105.821 1.5337e-06
300 20 0.711 100.159 1.5062e-06
300 20 0.721 93.6612 1.2068e-06
300 20 0.731 85.0484 1.0973e-06
300 20 0.741 80.5294 1.1033e-06
300 20 0.751 77.5781 1.3687e-06
300 20 0.761 71.7402 1.3498e-06
300 20 0.771 64.1808 1.1843e-06
300 20 0.781 60.872 1.0633e-06
300 20 0.791 58.3799 1.048e-06
300 20 0.801 53.891 1.2924e-06
300 20 0.811 49.7387 1.3048e-06
300 20 0.821 45.6094 1.2868e-06
300 20 0.831 43.0748 1.2776e-06
300 20 0.841 40.6844 1.2583e-06
300 20 0.851 38.9662 1.2466e-06
300 20 0.861 35.7253 1.2304e-06
300 20 0.871 33.4546 1.2256e-06
300 20 0.881 29.099 1.202e-06
300 20 0.891 29.7865 1.1964e-06
300 20 0.901 26.7508 1.1835e-06
300 20 0.911 24.6969 1.1716e-06
300 20 0.921 22.7029 1.1629e-06
300 20 0.931 21.1777 1.1198e-06
300 20 0.941 19.7102 1.1355e-06
300 20 0.951 18.6736 1.1288e-06
300 20 0.961 16.9733 1.1141e-06
300 20 0.971 15.7987 1.0992e-06
300 20 0.981 14.6946 1.091e-06
300 20 0.991 13.6627 1.0815e-06
300 20 1.001 12.5791 1.0598e-06
300 20 1.011 11.9946 8.705e-07
300 20 1.021 10.6474 8.718e-07
300 20 1.031 9.685 9.794e-07
300 20 1.041 9.2389 1.0058e-06
300 20 1.051 8.6765 1.0323e-06
300 20 1.061 7.8809 1.0234e-06
300 20 1.071 7.3657 1.0089e-06
300 20 1.081 6.6324 9.753e-07
300 20 1.091 6.3368 9.643e-07
300 20 1.101 5.8544 9.638e-07
300 20 1.111 5.5511 9.544e-07
300 20 1.121 4.9109 9.521e-07
300 20 1.131 4.7258 9.426e-07
300 20 1.141 4.5858 9.415e-07
300 20 1.151 4.1668 9.291e-07
300 20 1.161 4.0614 9.351e-07
300 20 1.171 3.8068 9.261e-07
300 20 1.181 3.5207 9.21e-07
300 20 1.191 3.2945 9.195e-07
300 20 1.201 3.1124 9.196e-07
300 20 1.211 2.8946 9.113e-07
300 20 1.221 2.8156 9.05e-07
300 20 1.231 2.6696 9.123e-07
300 20 1.241 2.4571 9.081e-07
300 20 1.251 2.2789 9.014e-07
300 20 1.261 2.2275 9.002e-07
300 20 1.271 2.0753 8.917e-07
300 20 1.281 1.8926 9.074e-07
300 20 1.291 1.7689 8.95e-07
300 20 1.301 1.6909 8.268e-07
300 20 1.311 1.6489 7.45e-07
300 20 1.321 1.5281 7.722e-07
300 20 1.331 1.4828 8.729e-07
300 20 1.341 1.3334 8.943e-07
300 20 1.351 1.3175 8.884e-07
300 20 1.361 1.2178 8.692e-07
300 20 1.371 1.1956 8.795e-07
300 20 1.381 1.1257 8.924e-07
300 20 1.391 1.0631 8.711e-07
300 20 1.401 0.9449 8.948e-07
300 20 1.411 0.9399 8.845e-07
300 20 1.421 0.9099 8.842e-07
300 20 1.431 0.874 8.836e-07
300 20 1.441 0.8229 8.785e-07
300 20 1.451 0.7793 8.69e-07
300 20 1.461 0.71 8.68e-07
300 20 1.471 0.7113 8.834e-07
300 20 1.481 0.6526 8.839e-07
300 20 1.491 0.6428 8.784e-07
300 20 1.501 0.6426 8.804e-07
300 20 1.511 0.5838 7.037e-07
300 20 1.521 0.5267 7.79e-07
300 20 1.531 0.557 6.988e-07
300 20 1.541 0.483 7.975e-07
300 20 1.551 0.4759 8.911e-07
300 20 1.561 0.4582 8.843e-07
300 20 1.571 0.4233 7.951e-07
300 20 1.581 0.4077 6.952e-07
300 20 1.591 0.397 7.053e-07
300 20 1.601 0.382 6.953e-07
300 20 1.611 0.3777 7.593e-07
300 20 1.621 0.3462 8.513e-07
300 20 1.631 0.3391 8.536e-07
300 20 1.641 0.3243 8.491e-07
300 20 1.651 0.3368 8.37e-07
300 20 1.661 0.3138 7.106e-07
300 20 1.671 0.3108 6.848e-07
300 20 1.681 0.289 6.942e-07
300 20 1.691 0.2914 8.048e-07
300 20 1.701 0.2754 8.44e-07
300 20 1.711 0.253 8.471e-07
300 20 1.721 0.2668 8.473e-07
300 20 1.731 0.2522 8.526e-07
300 20 1.741 0.2383 8.489e-07
300 20 1.751 0.2354 8.535e-07
300 20 1.761 0.2287 8.389e-07
300 20 1.771 0.2174 8.292e-07
300 20 1.781 0.2138 8.397e-07
300 20 1.791 0.2048 8.302e-07
300 20 1.801 0.1945 8.35e-07
300 20 1.811 0.2055 8.413e-07
300 20 1.821 0.1995 8.385e-07
300 20 1.831 0.1785 8.343e-07
300 20 1.841 0.1824 8.335e-07
300 20 1.851 0.1654 8.445e-07
300 20 1.861 0.1719 7.626e-07
300 20 1.871 0.1595 7.313e-07
300 20 1.881 0.1473 6.943e-07
300 20 1.891 0.1544 7.665e-07
300 20 1.901 0.1394 7.559e-07
300 20 1.911 0.1393 6.923e-07
300 20 1.921 0.1262 6.769e-07
300 20 1.931 0.1322 7.739e-07
300 20 1.941 0.1233 8.162e-07
300 20 1.951 0.1244 8.28e-07
300 20 1.961 0.121 8.304e-07
300 20 1.971 0.1149 8.146e-07
300 20 1.981 0.1099 8.14e-07
300 20 1.991 0.1033 7.881e-07
300 30 0.001 8104.71 6.9476e-06
300 30 0.011 7782.32 1.14323e-05
300 30 0.021 7434.39 1.22283e-05
300 30 0.031 7039.04 1.16662e-05
300 30 0.041 6700.38 1.12098e-05
300 30 0.051 6343.29 1.07136e-05
300 30 0.061 6002.09 1.02163e-05
300 30 0.071 5644.17 9.7444e-06
300 30 0.081 5301.79 9.267e-06
300 30 0.091 4999.33 8.8415e-06
300 30 0.101 4671.62 8.3909e-06
300 30 0.111 4394.63 7.978e-06
300 30 0.121 4136.92 7.6133e-06
300 30 0.131 3848.88 7.2382e-06
300 30 0.141 3607.46 6.8943e-06
300 30 0.151 3412.17 6.606e-06
300 30 0.161 3152.69 6.2496e-06
300 30 0.171 2977.56 6.0004e-06
300 30 0.181 2761.94 5.6744e-06
300 30 0.191 2596.62 5.4276e-06
300 30 0.201 2413.61 5.1841e-06
300 30 0.211 2233.56 4.9463e-06
300 30 0.221 2102.76 4.7514e-06
300 30 0.231 1917.11 4.4926e-06
300 30 0.241 1829.53 4.3438e-06
300 30 0.251 1675.16 4.1175e-06
300 30 0.261 1587.84 3.9811e-06
300 30 0.271 1464.48 3.7982e-06
300 30 0.281 1351.86 3.6518e-06
300 30 0.291 1269.63 3.534e-06
300 30 0.301 1194.61 3.4136e-06
300 30 0.311 1103.07 3.2314e-06
300 30 0.321 1004.18 3.0735e-06
300 30 0.331 952.357 3.0535e-06
300 30 0.341 896.31 2.9356e-06
300 30 0.351 822.991 2.8464e-06
300 30 0.361 776.976 2.7613e-06
300 30 0.371 717.551 2.6456e-06
300 30 0.381 666.086 2.1573e-06
300 30 0.391 629.778 2.0267e-06
300 30 0.401 576.501 2.416e-06
300 30 0.411 548.916 2.3874e-06
300 30 0.421 521.478 2.3279e-06
300 30 0.431 477.108 2.2777e-06
300 30 0.441 451.806 2.2257e-06
300 30 0.451 404.863 1.6809e-06
300 30 0.461 381.928 1.4649e-06
300 30 0.471 367.04 1.4421e-06
300 30 0.481 336.09 1.3997e-06
300 30 0.491 314.261 1.3795e-06
300 30 0.501 292.269 1.696e-06
300 30 0.511 272.16 1.8251e-06
300 30 0.521 261.136 1.7952e-06
300 30 0.531 240.846 1.7444e-06
300 30 0.541 220.424 1.4916e-06
300 30 0.551 212.154 1.2653e-06
300 30 0.561 194.569 1.2241e-06
300 30 0.571 181.715 1.4716e-06
300 30 0.581 171.801 1.2267e-06
300 30 0.591 158.022 1.1843e-06
300 30 0.601 147.774 1.1667e-06
300 30 0.611 141.911 1.1904e-06
300 30 0.621 130.699 1.5213e-06
300 30 0.631 120.117 1.487e-06
300 30 0.641 116.679 1.4794e-06
300 30 0.651 108.39 1.4539e-06
300 30 0.661 99.5009 1.4232e-06
300 30 0.671 93.0773 1.4087e-06
300 30 0.681 87.6104 1.3897e-06
300 30 0.691 81.8095 1.3744e-06
300 30 0.701 76.4803 1.3504e-06
300 30 0.711 72.2016 1.3392e-06
300 30 0.721 67.3297 1.3273e-06
300 30 0.731 61.6996 1.2942e-06
300 30 0.741 58.3645 1.2833e-06
300 30 0.751 56.184 1.2711e-06
300 30 0.761 49.9474 1.2525e-06
300 30 0.771 49.0532 1.2423e-06
300 30 0.781 46.7091 1.2241e-06
300 30 0.791 41.7978 1.2097e-06
300 30 0.801 38.9497 1.1893e-06
300 30 0.811 37.1687 1.1783e-06
300 30 0.821 33.7157 1.1696e-06
300 30 0.831 31.5531 1.1636e-06
300 30 0.841 29.0675 1.1446e-06
300 30 0.851 26.4799 1.1308e-06
300 30 0.861 25.1356 1.1235e-06
300 30 0.871 23.0689 1.1116e-06
300 30 0.881 22.724 1.1011e-06
300 30 0.891 20.4186 1.093e-06
300 30 0.901 19.1303 1.0756e-06
300 30 0.911 17.9982 1.0692e-06
300 30 0.921 16.048 1.0585e-06
300 30 0.931 15.088 1.0507e-06
300 30 0.941 14.3123 1.0551e-06
300 30 0.951 12.9259 1.0319e-06
300 30 0.961 11.8331 1.0226e-06
300 30 0.971 11.3335 1.0173e-06
300 30 0.981 10.6515 1.0077e-06
300 30 0.991 10.1126 1.0504e-06
300 30 1.001 8.7834 1.0598e-06
300 30 1.011 8.1235 1.0826e-06
300 30 1.021 7.4212 1.0468e-06
300 30 1.031 6.8691 9.913e-07
300 30 1.041 6.6379 7.671e-07
300 30 1.051 5.9543 7.827e-07
300 30 1.061 5.6934 7.55e-07
300 30 1.071 5.1354 9.273e-07
300 30 1.081 4.746 9.273e-07
300 30 1.091 4.5315 9.315e-07
300 30 1.101 4.078 9.199e-07
300 30 1.111 3.7574 9.108e-07
300 30 1.121 3.5206 9.214e-07
300 30 1.131 3.2628 8.97e-07
300 30 1.141 3.0234 8.923e-07
300 30 1.151 2.8905 8.895e-07
300 30 1.161 2.8331 8.87e-07
300 30 1.171 2.6865 8.837e-07
300 30 1.181 2.3917 8.815e-07
300 30 1.191 2.2982 8.814e-07
300 30 1.201 2.1084 8.79e-07
300 30 1.211 1.9626 8.744e-07
300 30 1.221 1.9632 8.774e-07
300 30 1.231 1.7496 8.671e-07
300 30 1.241 1.6637 8.623e-07
300 30 1.251 1.5967 8.628e-07
300 30 1.261 1.4991 7.561e-07
300 30 1.271 1.4213 8.668e-07
300 30 1.281 1.357 8.927e-07
300 30 1.291 1.1545 6.818e-07
300 30 1.301 1.1269 6.903e-07
300 30 1.311 1.1243 8.558e-07
300 30 1.321 1.0087 8.636e-07
300 30 1.331 1.0019 8.61e-07
300 30 1.341 0.8866 8.577e-07
300 30 1.351 0.8585 8.596e-07
300 30 1.361 0.7907 8.355e-07
300 30 1.371 0.7733 8.486e-07
300 30 1.381 0.7254 8.375e-07
300 30 1.391 0.7121 8.342e-07
300 30 1.401 0.6462 8.37e-07
300 30 1.411 0.645 8.424e-07
300 30 1.421 0.5878 8.426e-07
300 30 1.431 0.5671 8.417e-07
300 30 1.441 0.5362 8.343e-07
300 30 1.451 0.5022 8.436e-07
300 30 1.461 0.4928 8.521e-07
300 30 1.471 0.4557 8.456e-07
300 30 1.481 0.4408 8.453e-07
300 30 1.491 0.4089 8.505e-07
300 30 1.501 0.384 8.51e-07
300 30 1.511 0.3627 8.22e-07
300 30 1.521 0.3523 9.143e-07
300 30 1.531 0.3316 9.072e-07
300 30 1.541 0.3205 7.045e-07
300 30 1.551 0.3123 6.634e-07
300 30 1.561 0.2803 6.568e-07
300 30 1.571 0.2833 8.756e-07
300 30 1.581 0.2678 8.046e-07
300 30 1.591 0.2571 6.912e-07
300 30 1.601 0.2416 7.134e-07
300 30 1.611 0.2331 7.289e-07
300 30 1.621 0.2377 8.468e-07
300 30 1.631 0.2234 7.34e-07
300 30 1.641 0.225 6.746e-07
300 30 1.651 0.2181 6.745e-07
300 30 1.661 0.1972 7.984e-07
300 30 1.671 0.206 8.315e-07
300 30 1.681 0.1952 8.337e-07
300 30 1.691 0.1949 8.201e-07
300 30 1.701 0.182 8.279e-07
300 30 1.711 0.1809 8.435e-07
300 30 1.721 0.1747 8.323e-07
300 30 1.731 0.1622 8.291e-07
300 30 1.741 0.1623 8.335e-07
300 30 1.751 0.1521 7.223e-07
300 30 1.761 0.1497 6.543e-07
300 30 1.771 0.1428 7.888e-07
300 30 1.781 0.1303 7.967e-07
300 30 1.791 0.1343 7.97e-07
300 30 1.801 0.1308 8.831e-07
300 30 1.811 0.122 9.018e-07
300 30 1.821 0.1262 9.032e-07
300 30 1.831 0.1086 8.919e-07
300 30 1.841 0.1121 8.967e-07
300 30 1.851 0.113 7.745e-07
300 30 1.861 0.1002 7.591e-07
300 30 1.871 0.0972 8.254e-07
300 30 1.881 0.1003 8.253e-07
300 30 1.891 0.0983 8.236e-07
300 30 1.901 0.0969 8.123e-07
300 30 1.911 0.0908 8.192e-07
300 30 1.921 0.0905 8.204e-07
300 30 1.931 0.0809 8.101e-07
300 30 1.941 0.0873 6.732e-07
300 30 1.951 0.0797 8.245e-07
300 30 1.961 0.0762 7.987e-07
300 30 1.971 0.0686 8.371e-07
300 30 1.981 0.0621 8.51e-07
300 30 1.991 0.0667 8.648e-07
300 40 0.001 10397.6 1.74949e-05
300 40 0.011 9857.72 1.66544e-05
300 40 0.021 9280.59 1.57984e-05
300 40 0.031 8713.78 1.49464e-05
300 40 0.041 8149.73 1.40816e-05
300 40 0.051 7557.66 1.31793e-05
300 40 0.061 7053.52 8.4266e-06
300 40 0.071 6552.89 6.718e-06
300 40 0.081 6078.94 6.3235e-06
300 40 0.091 5619.52 5.9262e-06
300 40 0.101 5176.33 5.5342e-06
300 40 0.111 4828.33 8.286e-06
300 40 0.121 4437.4 8.5179e-06
300 40 0.131 4092.9 7.9822e-06
300 40 0.141 3754.38 7.4577e-06
300 40 0.151 3473.32 7.0331e-06
300 40 0.161 3206.7 6.3737e-06
300 40 0.171 2959.21 3.6921e-06
300 40 0.181 2722.44 3.4884e-06
300 40 0.191 2508.8 4.7935e-06
300 40 0.201 2329.18 5.1887e-06
300 40 0.211 2134.33 4.8844e-06
300 40 0.221 1961.4 4.6102e-06
300 40 0.231 1808.74 4.3759e-06
300 40 0.241 1663.28 2.8519e-06
300 40 0.251 1530.65 3.9251e-06
300 40 0.261 1394.67 3.7229e-06
300 40 0.271 1316.18 3.5682e-06
300 40 0.281 1201.73 3.3777e-06
300 40 0.291 1108.48 3.223e-06
300 40 0.301 1043.15 3.1202e-06
300 40 0.311 944.964 2.2197e-06
300 40 0.321 889.349 1.907e-06
300 40 0.331 812.451 1.8523e-06
300 40 0.341 759.545 1.8033e-06
300 40 0.351 706.776 2.2087e-06
300 40 0.361 655.375 2.5426e-06
300 40 0.371 601.065 2.4423e-06
300 40 0.381 577.378 2.4105e-06
300 40 0.391 525.941 2.3233e-06
300 40 0.401 498.796 2.261e-06
300 40 0.411 460.799 2.1911e-06
300 40 0.421 425.515 2.1293e-06
300 40 0.431 386.987 2.0606e-06
300 40 0.441 372.939 2.0304e-06
300 40 0.451 348.751 1.9899e-06
300 40 0.461 328.729 1.9447e-06
300 40 0.471 306.358 1.9067e-06
300 40 0.481 288.504 1.8565e-06
300 40 0.491 264.717 1.8155e-06
300 40 0.501 254.428 1.4578e-06
300 40 0.511 227.447 1.2565e-06
300 40 0.521 219.401 1.2383e-06
300 40 0.531 204.421 1.2133e-06
300 40 0.541 192.701 1.209e-06
300 40 0.551 180.598 1.4675e-06
300 40 0.561 162.822 1.5622e-06
300 40 0.571 157.144 1.5281e-06
300 40 0.581 147.072 1.4901e-06
300 40 0.591 135.009 1.4612e-06
300 40 0.601 128.21 1.4521e-06
300 40 0.611 118.345 1.4275e-06
300 40 0.621 110.142 1.4057e-06
300 40 0.631 102.911 1.3777e-06
300 40 0.641 99.3155 1.3745e-06
300 40 0.651 90.3002 1.3334e-06
300 40 0.661 82.5789 1.3105e-06
300 40 0.671 77.774 1.3029e-06
300 40 0.681 74.3857 1.2846e-06
300 40 0.691 70.6587 1.2742e-06
300 40 0.701 66.5073 1.2627e-06
300 40 0.711 61.4163 1.242e-06
300 40 0.721 57.0063 1.216e-06
300 40 0.731 52.255 1.19e-06
300 40 0.741 49.8378 1.1688e-06
300 40 0.751 45.2818 1.0186e-06
300 40 0.761 42.877 9.493e-07
300 40 0.771 41.0521 1.1371e-06
300 40 0.781 37.8811 1.1657e-06
300 40 0.791 35.986 1.1421e-06
300 40 0.801 32.3217 9.649e-07
300 40 0.811 31.17 8.954e-07
300 40 0.821 28.35 9.036e-07
300 40 0.831 26.4332 8.966e-07
300 40 0.841 24.6953 8.817e-07
300 40 0.851 23.5033 8.596e-07
300 40 0.861 21.6652 9.819e-07
300 40 0.871 20.7006 1.0965e-06
300 40 0.881 18.672 1.0875e-06
300 40 0.891 17.2264 1.0736e-06
300 40 0.901 15.5854 1.06e-06
300 40 0.911 14.5531 1.0385e-06
300 40 0.921 13.9725 1.0408e-06
300 40 0.931 12.9486 1.0507e-06
300 40 0.941 11.8482 1.0391e-06
300 40 0.951 10.9998 1.0308e-06
300 40 0.961 10.3314 1.0308e-06
300 40 0.971 9.1598 1.0142e-06
300 40 0.981 8.9997 1.0114e-06
300 40 0.991 8.0611 9.991e-07
300 40 1.001 7.1897 9.797e-07
300 40 1.011 6.6471 8.223e-07
300 40 1.021 5.9246 7.469e-07
300 40 1.031 5.5166 7.409e-07
300 40 1.041 5.3721 7.312e-07
300 40 1.051 4.8466 7.305e-07
300 40 1.061 4.3728 7.249e-07
300 40 1.071 4.1879 7.278e-07
300 40 1.081 3.9102 7.21e-07
300 40 1.091 3.6752 7.22e-07
300 40 1.101 3.266 7.272e-07
300 40 1.111 3.0837 8.555e-07
300 40 1.121 2.9796 9.155e-07
300 40 1.131 2.7765 9.147e-07
300 40 1.141 2.4448 9.066e-07
300 40 1.151 2.3265 8.982e-07
300 40 1.161 2.3536 8.992e-07
300 40 1.171 2.0852 9.018e-07
300 40 1.181 1.8825 8.95e-07
300 40 1.191 1.7939 8.961e-07
300 40 1.201 1.64 8.967e-07
300 40 1.211 1.57 8.977e-07
300 40 1.221 1.4937 8.978e-07
300 40 1.231 1.2967 8.884e-07
300 40 1.241 1.3116 8.845e-07
300 40 1.251 1.2407 8.724e-07
300 40 1.261 1.1565 8.822e-07
300 40 1.271 1.0462 8.779e-07
300 40 1.281 0.9588 8.737e-07
300 40 1.291 0.9437 8.758e-07
300 40 1.301 0.9133 8.703e-07
300 40 1.311 0.8757 8.777e-07
300 40 1.321 0.8115 8.474e-07
300 40 1.331 0.7765 8.416e-07
300 40 1.341 0.7337 8.575e-07
300 40 1.351 0.6557 8.656e-07
300 40 1.361 0.6371 8.638e-07
300 40 1.371 0.623 8.624e-07
300 40 1.381 0.581 8.626e-07
300 40 1.391 0.5206 7.14e-07
300 40 1.401 0.5328 7.104e-07
300 40 1.411 0.4624 6.885e-07
300 40 1.421 0.4687 6.551e-07
300 40 1.431 0.4134 6.646e-07
300 40 1.441 0.4193 6.553e-07
300 40 1.451 0.3946 6.696e-07
300 40 1.461 0.3602 6.747e-07
300 40 1.471 0.3424 8.264e-07
300 40 1.481 0.3548 8.425e-07
300 40 1.491 0.3318 8.414e-07
300 40 1.501 0.3209 8.382e-07
300 40 1.511 0.2807 8.426e-07
300 40 1.521 0.2708 7.438e-07
300 40 1.531 0.2609 7.495e-07
300 40 1.541 0.2709 7.634e-07
300 40 1.551 0.2128 8.317e-07
300 40 1.561 0.2214 8.389e-07
300 40 1.571 0.2082 8.313e-07
300 40 1.581 0.2 8.382e-07
300 40 1.591 0.2073 8.268e-07
300 40 1.601 0.1961 8.314e-07
300 40 1.611 0.1893 8.289e-07
300 40 1.621 0.1823 8.364e-07
300 40 1.631 0.1834 8.449e-07
300 40 1.641 0.1614 8.337e-07
300 40 1.651 0.1596 8.273e-07
300 40 1.661 0.1746 8.277e-07
300 40 1.671 0.1568 8.205e-07
300 40 1.681 0.1404 8.269e-07
300 40 1.691 0.148 8.243e-07
300 40 1.701 0.1399 8.306e-07
300 40 1.711 0.1313 8.346e-07
300 40 1.721 0.1301 8.253e-07
300 40 1.731 0.1249 8.168e-07
300 40 1.741 0.1179 8.487e-07
300 40 1.751 0.1113 8.239e-07
300 40 1.761 0.1077 8.203e-07
300 40 1.771 0.1029 8.237e-07
300 40 1.781 0.1024 8.177e-07
300 40 1.791 0.1002 8.242e-07
300 40 1.801 0.0948 8.193e-07
300 40 1.811 0.0905 8.175e-07
300 40 1.821 0.0907 7.444e-07
300 40 1.831 0.0805 8.103e-07
300 40 1.841 0.0761 8.097e-07
300 40 1.851 0.0764 8.071e-07
300 40 1.861 0.0799 8.058e-07
300 40 1.871 0.076 7.085e-07
300 40 1.881 0.0713 6.714e-07
300 40 1.891 0.0715 6.752e-07
300 40 1.901 0.0698 8.335e-07
300 40 1.911 0.071 8.136e-07
300 40 1.921 0.0665 7.694e-07
300 40 1.931 0.0665 6.529e-07
300 40 1.941 0.0653 6.752e-07
300 40 1.951 0.0607 7.659e-07
300 40 1.961 0.0566 6.241e-07
300 40 1.971 0.0529 6.25e-07
300 40 1.981 0.0543 6.236e-07
300 40 1.991 0.0491 6.055e-07
400 10 0.001 3904.36 4.2903e-06
400 10 0.011 3845 7.0849e-06
400 10 0.021 3784.31 7.6467e-06
400 10 0.031 3718.07 7.5425e-06
400 10 0.041 3628.5 7.4057e-06
400 10 0.051 3549.89 5.3852e-06
400 10 0.061 3485.4 4.0113e-06
400 10 0.071 3411.47 3.9434e-06
400 10 0.081 3316.41 3.8835e-06
400 10 0.091 3250.59 3.8449e-06
400 10 0.101 3161.97 3.7569e-06
400 10 0.111 3084.17 3.7107e-06
400 10 0.121 3000.34 3.6395e-06
400 10 0.131 2923.76 3.5945e-06
400 10 0.141 2848.83 3.5362e-06
400 10 0.151 2769.2 3.4854e-06
400 10 0.161 2718.57 3.4578e-06
400 10 0.171 2612.78 5.6876e-06
400 10 0.181 2567.53 5.8045e-06
400 10 0.191 2464.59 5.6608e-06
400 10 0.201 2405.53 5.5753e-06
400 10 0.211 2350.66 5.4891e-06
400 10 0.221 2253.74 4.433e-06
400 10 0.231 2199.96 3.8071e-06
400 10 0.241 2141.9 4.0662e-06
400 10 0.251 2060.68 3.019e-06
400 10 0.261 2001.75 3.561e-06
400 10 0.271 1919.89 4.8515e-06
400 10 0.281 1869.53 4.8208e-06
400 10 0.291 1806.15 4.7764e-06
400 10 0.301 1743.34 4.6902e-06
400 10 0.311 1680.05 4.5902e-06
400 10 0.321 1618.82 4.5048e-06
400 10 0.331 1560.66 4.4193e-06
400 10 0.341 1532.92 4.3711e-06
400 10 0.351 1453.89 4.2233e-06
400 10 0.361 1383.14 4.14e-06
400 10 0.371 1349.68 4.0986e-06
400 10 0.381 1304.5 4.0298e-06
400 10 0.391 1267.03 3.9735e-06
400 10 0.401 1194.2 3.8483e-06
400 10 0.411 1157.16 3.7964e-06
400 10 0.421 1128.42 3.7537e-06
400 10 0.431 1067.76 3.6606e-06
400 10 0.441 1044.74 3.6039e-06
400 10 0.451 984.547 3.5412e-06
400 10 0.461 951.489 3.4792e-06
400 10 0.471 909.658 3.4144e-06
400 10 0.481 882.06 3.3809e-06
400 10 0.491 849.318 3.3121e-06
400 10 0.501 803.01 3.2555e-06
400 10 0.511 779.324 3.1746e-06
400 10 0.521 750.963 3.1253e-06
400 10 0.531 701.633 3.0305e-06
400 10 0.541 663.747 2.9715e-06
400 10 0.551 649.817 2.9491e-06
400 10 0.561 617.355 2.9053e-06
400 10 0.571 591.183 2.84e-06
400 10 0.581 570.381 2.8157e-06
400 10 0.591 540.875 2.766e-06
400 10 0.601 512.081 2.7096e-06
400 10 0.611 488.79 2.6675e-06
400 10 0.621 465.381 2.6241e-06
400 10 0.631 446.207 2.5828e-06
400 10 0.641 419.444 2.524e-06
400 10 0.651 400.439 2.5032e-06
400 10 0.661 384.992 2.4684e-06
400 10 0.671 360.145 2.409e-06
400 10 0.681 349.177 2.3892e-06
400 10 0.691 338.211 2.0128e-06
400 10 0.701 308.686 2.3069e-06
400 10 0.711 297.409 2.2833e-06
400 10 0.721 289.771 2.2548e-06
400 10 0.731 266.701 2.2127e-06
400 10 0.741 255.221 2.1925e-06
400 10 0.751 240.476 1.9796e-06
400 10 0.761 229.383 2.1513e-06
400 10 0.771 216.619 2.1061e-06
400 10 0.781 209.298 1.9497e-06
400 10 0.791 189.877 1.6091e-06
400 10 0.801 182.808 1.6065e-06
400 10 0.811 168.952 1.6244e-06
400 10 0.821 165.457 1.5427e-06
400 10 0.831 153.153 1.8845e-06
400 10 0.841 146.155 1.922e-06
400 10 0.851 136.99 1.8884e-06
400 10 0.861 129.255 1.8638e-06
400 10 0.871 117.503 1.8254e-06
400 10 0.881 109.463 1.8189e-06
400 10 0.891 105.86 1.7844e-06
400 10 0.901 98.5988 1.7667e-06
400 10 0.911 96.5464 1.7567e-06
400 10 0.921 88.8504 1.7281e-06
400 10 0.931 82.2434 1.6973e-06
400 10 0.941 77.1712 1.6682e-06
400 10 0.951 73.4305 1.524e-06
400 10 0.961 71.0216 1.3478e-06
400 10 0.971 63.9966 1.3158e-06
400 10 0.981 58.1688 1.3101e-06
400 10 0.991 55.8135 1.2883e-06
400 10 1.001 51.8527 1.3825e-06
400 10 1.011 47.9539 1.52e-06
400 10 1.021 44.8762 1.4986e-06
400 10 1.031 41.1606 1.4763e-06
400 10 1.041 38.8291 1.464e-06
400 10 1.051 35.9186 1.4527e-06
400 10 1.061 32.3779 1.4298e-06
400 10 1.071 31.4189 1.4215e-06
400 10 1.081 29.1708 1.4097e-06
400 10 1.091 27.3058 1.4022e-06
400 10 1.101 25.709 1.3686e-06
400 10 1.111 22.5865 1.1611e-06
400 10 1.121 23.4022 1.2481e-06
400 10 1.131 19.7483 1.3591e-06
400 10 1.141 19.2758 1.3715e-06
400 10 1.151 18.6255 1.3615e-06
400 10 1.161 17.5979 1.3265e-06
400 10 1.171 16.28 1.3108e-06
400 10 1.181 15.3441 1.3315e-06
400 10 1.191 13.6813 1.3299e-06
400 10 1.201 12.9251 1.313e-06
400 10 1.211 12.4944 1.3066e-06
400 10 1.221 11.9047 1.3013e-06
400 10 1.231 11.5842 1.1663e-06
400 10 1.241 10.2813 1.2428e-06
400 10 1.251 9.9953 1.1764e-06
400 10 1.261 9.4048 1.1301e-06
400 10 1.271 8.9818 1.2212e-06
400 10 1.281 8.3651 1.2296e-06
400 10 1.291 8.099 1.2504e-06
400 10 1.301 7.4015 1.0869e-06
400 10 1.311 7.1352 1.1256e-06
400 10 1.321 6.5736 1.0573e-06
400 10 1.331 6.2351 1.0576e-06
400 10 1.341 5.6956 1.0496e-06
400 10 1.351 5.4167 1.0678e-06
400 10 1.361 5.0943 1.2327e-06
400 10 1.371 5.0236 1.2342e-06
400 10 1.381 4.5061 1.2244e-06
400 10 1.391 4.3007 1.2214e-06
400 10 1.401 4.2131 1.2231e-06
400 10 1.411 3.8732 1.2105e-06
400 10 1.421 3.7129 1.2074e-06
400 10 1.431 3.5165 1.2076e-06
400 10 1.441 3.2014 1.2071e-06
400 10 1.451 3.1467 1.2105e-06
400 10 1.461 3.0359 1.125e-06
400 10 1.471 2.8116 1.0155e-06
400 10 1.481 2.5633 1.0157e-06
400 10 1.491 2.6002 1.0169e-06
400 10 1.501 2.3375 1.0384e-06
400 10 1.511 2.2614 1.1813e-06
400 10 1.521 2.1622 1.1822e-06
400 10 1.531 2.0326 1.184e-06
400 10 1.541 1.9586 1.1801e-06
400 10 1.551 1.8447 1.1606e-06
400 10 1.561 1.743 1.1723e-06
400 10 1.571 1.6709 1.1888e-06
400 10 1.581 1.5898 1.1776e-06
400 10 1.591 1.5115 1.1638e-06
400 10 1.601 1.4384 1.1833e-06
400 10 1.611 1.4124 1.2024e-06
400 10 1.621 1.3796 1.1855e-06
400 10 1.631 1.2536 1.1854e-06
400 10 1.641 1.2396 1.208e-06
400 10 1.651 1.2113 1.2158e-06
400 10 1.661 1.2392 1.2116e-06
400 10 1.671 1.1247 1.1752e-06
400 10 1.681 1.1121 1.1819e-06
400 10 1.691 1.0629 1.1712e-06
400 10 1.701 0.9963 1.1747e-06
400 10 1.711 0.9631 1.1585e-06
400 10 1.721 0.8976 1.0361e-06
400 10 1.731 0.9209 1.0217e-06
400 10 1.741 0.8906 1.1427e-06
400 10 1.751 0.8851 1.1507e-06
400 10 1.761 0.7982 1.0055e-06
400 10 1.771 0.7859 1.085e-06
400 10 1.781 0.7739 9.863e-07
400 10 1.791 0.7343 9.954e-07
400 10 1.801 0.7203 1.1298e-06
400 10 1.811 0.6758 1.0218e-06
400 10 1.821 0.6633 1.0644e-06
400 10 1.831 0.6331 1.1052e-06
400 10 1.841 0.6192 9.783e-07
400 10 1.851 0.5974 1.0418e-06
400 10 1.861 0.5793 1.1487e-06
400 10 1.871 0.5611 1.1396e-06
400 10 1.881 0.5437 1.137e-06
400 10 1.891 0.5261 1.1242e-06
400 10 1.901 0.4971 1.1446e-06
400 10 1.911 0.473 1.1249e-06
400 10 1.921 0.4719 1.1152e-06
400 10 1.931 0.4545 1.133e-06
400 10 1.941 0.4413 1.112e-06
400 10 1.951 0.4232 1.1247e-06
400 10 1.961 0.4164 1.1031e-06
400 10 1.971 0.4019 1.1022e-06
400 10 1.981 0.3753 1.099e-06
400 10 1.991 0.3729 1.1049e-06
400 20 0.001 7600.52 1.28745e-05
400 20 0.011 7403.76 1.26034e-05
400 20 0.021 7162.85 1.2266e-05
400 20 0.031 6932.13 1.19431e-05
400 20 0.041 6651.86 1.15764e-05
400 20 0.051 6385.01 1.1188e-05
400 20 0.061 6139.63 1.08346e-05
400 20 0.071 5883.2 1.04626e-05
400 20 0.081 5663.11 1.01604e-05
400 20 0.091 5414.3 9.7889e-06
400 20 0.101 5201.97 9.5028e-06
400 20 0.111 4944.37 6.8878e-06
400 20 0.121 4732.73 4.782e-06
400 20 0.131 4472.91 4.5987e-06
400 20 0.141 4245.73 4.4461e-06
400 20 0.151 4047.34 4.3241e-06
400 20 0.161 3874.68 4.1999e-06
400 20 0.171 3671.21 4.0611e-06
400 20 0.181 3479.06 3.9369e-06
400 20 0.191 3317.86 4.5731e-06
400 20 0.201 3159.15 3.7524e-06
400 20 0.211 2986.8 3.5768e-06
400 20 0.221 2857.94 3.4917e-06
400 20 0.231 2676.86 3.3743e-06
400 20 0.241 2537.81 3.2723e-06
400 20 0.251 2375.82 3.164e-06
400 20 0.261 2262.62 3.0721e-06
400 20 0.271 2141.63 2.9862e-06
400 20 0.281 2059.55 2.9294e-06
400 20 0.291 1902.1 4.6791e-06
400 20 0.301 1792.79 4.5185e-06
400 20 0.311 1727.33 2.7757e-06
400 20 0.321 1611.89 2.6266e-06
400 20 0.331 1488.76 2.5349e-06
400 20 0.341 1429.58 3.3818e-06
400 20 0.351 1317.85 3.8241e-06
400 20 0.361 1279.88 3.7486e-06
400 20 0.371 1204.73 3.6414e-06
400 20 0.381 1121.48 3.2966e-06
400 20 0.391 1059.01 2.2997e-06
400 20 0.401 989.128 3.3631e-06
400 20 0.411 926.783 3.266e-06
400 20 0.421 872.977 3.1749e-06
400 20 0.431 827.208 3.0774e-06
400 20 0.441 757.942 2.9901e-06
400 20 0.451 733.666 2.9435e-06
400 20 0.461 683.019 2.8503e-06
400 20 0.471 638.742 2.7529e-06
400 20 0.481 612.935 2.7033e-06
400 20 0.491 569.08 2.6473e-06
400 20 0.501 519.61 2.5713e-06
400 20 0.511 506.459 2.5283e-06
400 20 0.521 479.723 2.4789e-06
400 20 0.531 436.278 2.4098e-06
400 20 0.541 400.491 2.3446e-06
400 20 0.551 380.089 2.2787e-06
400 20 0.561 367.902 2.2646e-06
400 20 0.571 334.111 2.2089e-06
400 20 0.581 310.444 1.8137e-06
400 20 0.591 299.919 1.5821e-06
400 20 0.601 276.754 1.5413e-06
400 20 0.611 259.393 1.908e-06
400 20 0.621 241.918 1.9934e-06
400 20 0.631 225.381 1.5778e-06
400 20 0.641 216.93 1.8638e-06
400 20 0.651 202.432 1.9112e-06
400 20 0.661 182.619 1.8764e-06
400 20 0.671 167.371 1.7829e-06
400 20 0.681 162.383 1.7567e-06
400 20 0.691 155.313 1.7462e-06
400 20 0.701 144.554 1.707e-06
400 20 0.711 132.382 1.6797e-06
400 20 0.721 122.564 1.6436e-06
400 20 0.731 112.745 1.6048e-06
400 20 0.741 108.025 1.6046e-06
400 20 0.751 102.358 1.5859e-06
400 20 0.761 94.0171 1.5745e-06
400 20 0.771 88.8419 1.5542e-06
400 20 0.781 84.411 1.5334e-06
400 20 0.791 80.6877 1.5161e-06
400 20 0.801 72.3308 1.4961e-06
400 20 0.811 69.284 1.4413e-06
400 20 0.821 64.5109 1.4207e-06
400 20 0.831 59.9159 1.4058e-06
400 20 0.841 55.3985 1.3857e-06
400 20 0.851 51.3336 1.3916e-06
400 20 0.861 46.8865 1.3732e-06
400 20 0.871 43.2913 1.3513e-06
400 20 0.881 43.1659 1.3508e-06
400 20 0.891 37.4283 1.3216e-06
400 20 0.901 35.7833 1.3105e-06
400 20 0.911 35.0534 1.299e-06
400 20 0.921 30.462 1.1963e-06
400 20 0.931 28.4193 1.089e-06
400 20 0.941 27.1459 1.0137e-06
400 20 0.951 25.7646 9.834e-07
400 20 0.961 23.8641 1.0059e-06
400 20 0.971 21.5759 1.0034e-06
400 20 0.981 20.3732 9.786e-07
400 20 0.991 18.3693 1.0065e-06
400 20 1.001 16.9596 9.418e-07
400 20 1.011 14.9562 9.334e-07
400 20 1.021 14.6224 9.305e-07
400 20 1.031 13.3844 9.306e-07
400 20 1.041 12.2829 9.348e-07
400 20 1.051 11.6756 1.0883e-06
400 20 1.061 10.6758 1.0136e-06
400 20 1.071 9.592 8.926e-07
400 20 1.081 8.8281 9.073e-07
400 20 1.091 8.6283 1.0502e-06
400 20 1.101 7.8974 1.07e-06
400 20 1.111 7.5134 1.0538e-06
400 20 1.121 6.9711 1.0617e-06
400 20 1.131 6.5441 1.0529e-06
400 20 1.141 6.2337 1.0441e-06
400 20 1.151 5.7599 1.0283e-06
400 20 1.161 5.3839 9.716e-07
400 20 1.171 5.1121 9.845e-07
400 20 1.181 4.9168 8.493e-07
400 20 1.191 4.4399 9.831e-07
400 20 1.201 4.6526 8.806e-07
400 20 1.211 3.9129 9.89e-07
400 20 1.221 3.7435 9.833e-07
400 20 1.231 3.5544 9.756e-07
400 20 1.241 3.3608 9.723e-07
400 20 1.251 3.139 9.788e-07
400 20 1.261 2.8443 9.708e-07
400 20 1.271 2.7167 9.7e-07
400 20 1.281 2.5527 9.785e-07
400 20 1.291 2.5728 9.811e-07
400 20 1.301 2.2595 9.659e-07
400 20 1.311 2.2777 9.444e-07
400 20 1.321 2.033 9.559e-07
400 20 1.331 1.9374 9.55e-07
400 20 1.341 1.7932 9.549e-07
400 20 1.351 1.848 9.646e-07
400 20 1.361 1.6902 9.618e-07
400 20 1.371 1.6574 9.639e-07
400 20 1.381 1.5039 9.617e-07
400 20 1.391 1.3968 9.512e-07
400 20 1.401 1.3399 8.632e-07
400 20 1.411 1.3597 8.034e-07
400 20 1.421 1.1549 8.143e-07
400 20 1.431 1.1193 8.058e-07
400 20 1.441 1.0517 8.031e-07
400 20 1.451 1.0363 8.059e-07
400 20 1.461 0.968 7.957e-07
400 20 1.471 0.9453 7.965e-07
400 20 1.481 0.8898 7.987e-07
400 20 1.491 0.8384 9.271e-07
400 20 1.501 0.8214 9.584e-07
400 20 1.511 0.7654 9.64e-07
400 20 1.521 0.7374 9.288e-07
400 20 1.531 0.6928 9.277e-07
400 20 1.541 0.6657 9.538e-07
400 20 1.551 0.6459 9.345e-07
400 20 1.561 0.6363 9.322e-07
400 20 1.571 0.5803 9.226e-07
400 20 1.581 0.5531 9.205e-07
400 20 1.591 0.5079 9.177e-07
400 20 1.601 0.5036 9.182e-07
400 20 1.611 0.4948 9.147e-07
400 20 1.621 0.4882 9.152e-07
400 20 1.631 0.4906 9.132e-07
400 20 1.641 0.4707 9.165e-07
400 20 1.651 0.45 9.091e-07
400 20 1.661 0.4048 9.148e-07
400 20 1.671 0.411 9.05e-07
400 20 1.681 0.3972 9.109e-07
400 20 1.691 0.373 9.127e-07
400 20 1.701 0.366 9.108e-07
400 20 1.711 0.368 9.078e-07
400 20 1.721 0.334 9.097e-07
400 20 1.731 0.3407 9.061e-07
400 20 1.741 0.3401 9.038e-07
400 20 1.751 0.3064 9.038e-07
400 20 1.761 0.2997 9.078e-07
400 20 1.771 0.2904 9.05e-07
400 20 1.781 0.2821 9.055e-07
400 20 1.791 0.2793 9.085e-07
400 20 1.801 0.2658 9.052e-07
400 20 1.811 0.2625 9.066e-07
400 20 1.821 0.2556 9.057e-07
400 20 1.831 0.2387 9.265e-07
400 20 1.841 0.2337 9.167e-07
400 20 1.851 0.2172 8.935e-07
400 20 1.861 0.2279 8.741e-07
400 20 1.871 0.2129 9.182e-07
400 20 1.881 0.2077 9.153e-07
400 20 1.891 0.1984 9.062e-07
400 20 1.901 0.1944 9.133e-07
400 20 1.911 0.1906 7.981e-07
400 20 1.921 0.1765 8.61e-07
400 20 1.931 0.1739 9.11e-07
400 20 1.941 0.1742 8.986e-07
400 20 1.951 0.164 8.914e-07
400 20 1.961 0.1537 9.009e-07
400 20 1.971 0.1486 8.996e-07
400 20 1.981 0.1466 8.945e-07
400 20 1.991 0.1478 9.127e-07
400 30 0.001 11101.2 1.7733e-05
400 30 0.011 10644.2 1.7108e-05
400 30 0.021 10176.8 1.6451e-05
400 30 0.031 9656.98 1.57382e-05
400 30 0.041 9168.19 1.50652e-05
400 30 0.051 8688.96 1.43854e-05
400 30 0.061 8144.3 1.36405e-05
400 30 0.071 7762.08 1.30958e-05
400 30 0.081 7258.21 1.24086e-05
400 30 0.091 6800.06 1.17786e-05
400 30 0.101 6411.98 1.12571e-05
400 30 0.111 6051.05 1.07385e-05
400 30 0.121 5598.47 1.00839e-05
400 30 0.131 5311.62 9.6725e-06
400 30 0.141 4935.33 9.1511e-06
400 30 0.151 4582.63 8.6594e-06
400 30 0.161 4332.74 8.2948e-06
400 30 0.171 4068.98 5.1058e-06
400 30 0.181 3764.74 6.3184e-06
400 30 0.191 3557.49 7.2018e-06
400 30 0.201 3248.6 6.7643e-06
400 30 0.211 3036.48 6.4633e-06
400 30 0.221 2869.16 6.2049e-06
400 30 0.231 2631.74 3.507e-06
400 30 0.241 2457.9 3.2594e-06
400 30 0.251 2311.52 3.1622e-06
400 30 0.261 2160.74 3.067e-06
400 30 0.271 2005.72 2.9716e-06
400 30 0.281 1845.85 2.8436e-06
400 30 0.291 1736.44 2.7486e-06
400 30 0.301 1606.51 2.637e-06
400 30 0.311 1533.17 2.6009e-06
400 30 0.321 1416.22 2.5163e-06
400 30 0.331 1298.07 3.6166e-06
400 30 0.341 1198.69 3.6152e-06
400 30 0.351 1147.24 3.5396e-06
400 30 0.361 1057.46 3.4036e-06
400 30 0.371 971.372 3.2709e-06
400 30 0.381 912.457 3.1936e-06
400 30 0.391 860.307 3.0925e-06
400 30 0.401 788.74 2.9833e-06
400 30 0.411 758.424 2.8159e-06
400 30 0.421 680.307 1.9565e-06
400 30 0.431 633.032 2.7548e-06
400 30 0.441 603.421 2.6808e-06
400 30 0.451 566.374 2.6376e-06
400 30 0.461 520.38 2.5748e-06
400 30 0.471 491.421 2.5183e-06
400 30 0.481 452.369 2.4287e-06
400 30 0.491 422.845 2.3317e-06
400 30 0.501 403.992 2.2805e-06
400 30 0.511 384.936 2.234e-06
400 30 0.521 345.285 2.1576e-06
400 30 0.531 326.252 2.1168e-06
400 30 0.541 306.56 2.0759e-06
400 30 0.551 285.181 2.0161e-06
400 30 0.561 266.614 1.9894e-06
400 30 0.571 251.406 1.9456e-06
400 30 0.581 233.594 1.9087e-06
400 30 0.591 218.003 1.8777e-06
400 30 0.601 206.529 1.8466e-06
400 30 0.611 189.955 1.8054e-06
400 30 0.621 175.178 1.7582e-06
400 30 0.631 161.598 1.723e-06
400 30 0.641 153.893 1.7033e-06
400 30 0.651 143.739 1.6744e-06
400 30 0.661 135.707 1.6518e-06
400 30 0.671 128.48 1.6218e-06
400 30 0.681 118.776 1.5937e-06
400 30 0.691 112.521 1.5709e-06
400 30 0.701 103.866 1.5385e-06
400 30 0.711 100.089 1.5242e-06
400 30 0.721 90.4913 1.5029e-06
400 30 0.731 85.517 1.4738e-06
400 30 0.741 76.0783 1.4337e-06
400 30 0.751 73.487 1.4275e-06
400 30 0.761 71.7182 1.4178e-06
400 30 0.771 65.8119 1.3955e-06
400 30 0.781 60.5756 1.2809e-06
400 30 0.791 56.8719 1.1737e-06
400 30 0.801 53.8595 1.2872e-06
400 30 0.811 51.9941 1.3353e-06
400 30 0.821 45.9322 1.3101e-06
400 30 0.831 42.4287 1.2483e-06
400 30 0.841 40.4027 1.0862e-06
400 30 0.851 36.7067 1.281e-06
400 30 0.861 35.0531 1.2609e-06
400 30 0.871 32.5062 1.2378e-06
400 30 0.881 30.5153 1.2289e-06
400 30 0.891 26.4556 1.1952e-06
400 30 0.901 26.5951 1.1908e-06
400 30 0.911 24.6867 1.1824e-06
400 30 0.921 22.2865 1.1704e-06
400 30 0.931 20.4707 1.1525e-06
400 30 0.941 20.1698 1.1404e-06
400 30 0.951 17.4933 1.1337e-06
400 30 0.961 16.0778 1.0983e-06
400 30 0.971 15.0342 1.0756e-06
400 30 0.981 14.3479 1.0874e-06
400 30 0.991 13.2131 1.0801e-06
400 30 1.001 12.2865 1.0713e-06
400 30 1.011 11.4313 1.0678e-06
400 30 1.021 10.2491 1.0482e-06
400 30 1.031 9.1962 1.0223e-06
400 30 1.041 8.6816 1.0116e-06
400 30 1.051 8.3998 9.995e-07
400 30 1.061 7.5718 9.939e-07
400 30 1.071 7.0499 9.904e-07
400 30 1.081 6.5223 9.83e-07
400 30 1.091 6.0755 9.707e-07
400 30 1.101 5.6328 9.636e-07
400 30 1.111 5.192 9.584e-07
400 30 1.121 4.8802 9.486e-07
400 30 1.131 4.5169 9.853e-07
400 30 1.141 4.2744 9.785e-07
400 30 1.151 4.0565 9.732e-07
400 30 1.161 3.665 9.714e-07
400 30 1.171 3.6562 9.673e-07
400 30 1.181 3.1017 9.641e-07
400 30 1.191 3.0601 9.496e-07
400 30 1.201 2.7084 9.46e-07
400 30 1.211 2.5821 9.201e-07
400 30 1.221 2.4546 9.391e-07
400 30 1.231 2.3454 9.262e-07
400 30 1.241 2.24 9.112e-07
400 30 1.251 2.114 9.384e-07
400 30 1.261 1.9475 9.413e-07
400 30 1.271 1.8592 9.356e-07
400 30 1.281 1.7749 9.329e-07
400 30 1.291 1.6785 9.053e-07
400 30 1.301 1.593 9.016e-07
400 30 1.311 1.4687 9.091e-07
400 30 1.321 1.3887 9.226e-07
400 30 1.331 1.3042 9.083e-07
400 30 1.341 1.2351 9.548e-07
400 30 1.351 1.1262 9.745e-07
400 30 1.361 1.116 9.779e-07
400 30 1.371 1.0796 8.572e-07
400 30 1.381 0.9198 7.407e-07
400 30 1.391 0.9032 7.586e-07
400 30 1.401 0.89 8.67e-07
400 30 1.411 0.8712 7.241e-07
400 30 1.421 0.791 7.297e-07
400 30 1.431 0.7658 7.358e-07
400 30 1.441 0.7387 7.122e-07
400 30 1.451 0.664 7.193e-07
400 30 1.461 0.65 8.575e-07
400 30 1.471 0.6082 8.893e-07
400 30 1.481 0.6082 8.973e-07
400 30 1.491 0.5699 8.709e-07
400 30 1.501 0.5453 8.771e-07
400 30 1.511 0.514 8.872e-07
400 30 1.521 0.4862 8.657e-07
400 30 1.531 0.4634 8.502e-07
400 30 1.541 0.4348 8.548e-07
400 30 1.551 0.4202 8.719e-07
400 30 1.561 0.4049 8.75e-07
400 30 1.571 0.3771 8.715e-07
400 30 1.581 0.3477 7.546e-07
400 30 1.591 0.3433 8.712e-07
400 30 1.601 0.359 8.693e-07
400 30 1.611 0.3178 8.733e-07
400 30 1.621 0.3159 8.765e-07
400 30 1.631 0.3075 8.123e-07
400 30 1.641 0.2938 7.988e-07
400 30 1.651 0.2749 8.133e-07
400 30 1.661 0.2686 8.065e-07
400 30 1.671 0.2526 8.54e-07
400 30 1.681 0.2479 8.5e-07
400 30 1.691 0.2505 8.438e-07
400 30 1.701 0.2297 8.453e-07
400 30 1.711 0.2335 8.139e-07
400 30 1.721 0.2367 6.968e-07
400 30 1.731 0.2213 7.237e-07
400 30 1.741 0.2128 7.156e-07
400 30 1.751 0.2124 7.213e-07
400 30 1.761 0.2052 6.909e-07
400 30 1.771 0.1838 7.232e-07
400 30 1.781 0.1899 7.171e-07
400 30 1.791 0.181 7.427e-07
400 30 1.801 0.1803 8.581e-07
400 30 1.811 0.1625 8.58e-07
400 30 1.821 0.1625 8.485e-07
400 30 1.831 0.1602 8.483e-07
400 30 1.841 0.1506 8.554e-07
400 30 1.851 0.1416 8.469e-07
400 30 1.861 0.1556 8.555e-07
400 30 1.871 0.1367 8.524e-07
400 30 1.881 0.1257 8.547e-07
400 30 1.891 0.1287 8.384e-07
400 30 1.901 0.1244 7.71e-07
400 30 1.911 0.1246 7.041e-07
400 30 1.921 0.1162 6.977e-07
400 30 1.931 0.1191 7.557e-07
400 30 1.941 0.1126 8.541e-07
400 30 1.951 0.1031 8.431e-07
400 30 1.961 0.1039 8.496e-07
400 30 1.971 0.0961 8.413e-07
400 30 1.981 0.0968 8.438e-07
400 30 1.991 0.0937 8.591e-07
400 40 0.001 14385.4 2.3898e-05
400 40 0.011 13676.6 2.28282e-05
400 40 0.021 12868.6 2.16064e-05
400 40 0.031 12016.1 2.03006e-05
400 40 0.041 11289 1.91796e-05
400 40 0.051 10440.8 1.79063e-05
400 40 0.061 9804.53 1.69464e-05
400 40 0.071 9033.39 1.57604e-05
400 40 0.081 8395.81 1.47749e-05
400 40 0.091 7763.21 1.34107e-05
400 40 0.101 7190.53 7.4494e-06
400 40 0.111 6647.13 6.9994e-06
400 40 0.121 6087.57 6.5375e-06
400 40 0.131 5654.79 6.1631e-06
400 40 0.141 5205.63 8.1788e-06
400 40 0.151 4806.96 9.4115e-06
400 40 0.161 4399.47 8.7866e-06
400 40 0.171 4046.1 8.2329e-06
400 40 0.181 3793.72 7.8509e-06
400 40 0.191 3435.38 7.2913e-06
400 40 0.201 3185.97 6.9103e-06
400 40 0.211 2935.38 6.5198e-06
400 40 0.221 2735.63 6.1971e-06
400 40 0.231 2489.34 5.8212e-06
400 40 0.241 2300.76 5.5278e-06
400 40 0.251 2148.38 5.2649e-06
400 40 0.261 1980.64 4.9643e-06
400 40 0.271 1808.34 4.7005e-06
400 40 0.281 1688.39 4.4845e-06
400 40 0.291 1551.96 4.3071e-06
400 40 0.301 1437.6 4.1062e-06
400 40 0.311 1307.65 3.8949e-06
400 40 0.321 1213.61 3.7575e-06
400 40 0.331 1127.8 3.5983e-06
400 40 0.341 1056.21 3.4781e-06
400 40 0.351 947.784 3.2863e-06
400 40 0.361 904.518 3.2116e-06
400 40 0.371 837.947 3.0954e-06
400 40 0.381 772.362 2.9969e-06
400 40 0.391 730.369 2.8817e-06
400 40 0.401 658.051 2.7653e-06
400 40 0.411 631.052 2.7152e-06
400 40 0.421 579.289 2.6256e-06
400 40 0.431 527.739 2.5382e-06
400 40 0.441 513.742 2.5033e-06
400 40 0.451 473.927 2.4385e-06
400 40 0.461 443.44 2.3705e-06
400 40 0.471 416.346 2.3252e-06
400 40 0.481 392.809 2.2637e-06
400 40 0.491 362.478 2.2067e-06
400 40 0.501 343.319 2.1406e-06
400 40 0.511 317.526 2.0845e-06
400 40 0.521 292.638 2.0533e-06
400 40 0.531 286.461 2.0348e-06
400 40 0.541 254.67 1.8466e-06
400 40 0.551 243.277 1.5095e-06
400 40 0.561 229.249 1.8953e-06
400 40 0.571 209.665 1.8472e-06
400 40 0.581 200.51 1.8166e-06
400 40 0.591 183.834 1.7757e-06
400 40 0.601 173.508 1.7488e-06
400 40 0.611 164.31 1.72e-06
400 40 0.621 151.221 1.6791e-06
400 40 0.631 145.044 1.6799e-06
400 40 0.641 133.233 1.6195e-06
400 40 0.651 121.556 1.5997e-06
400 40 0.661 116.097 1.5777e-06
400 40 0.671 109.888 1.5618e-06
400 40 0.681 101.477 1.531e-06
400 40 0.691 96.5296 1.5146e-06
400 40 0.701 88.0529 1.4885e-06
400 40 0.711 83.2334 1.4529e-06
400 40 0.721 76.2488 1.4336e-06
400 40 0.731 72.1563 1.4172e-06
400 40 0.741 66.5567 1.4046e-06
400 40 0.751 63.5224 1.3722e-06
400 40 0.761 59.3014 1.3706e-06
400 40 0.771 53.9101 1.3384e-06
400 40 0.781 53.9249 1.3309e-06
400 40 0.791 47.8699 1.3043e-06
400 40 0.801 46.3931 1.3026e-06
400 40 0.811 41.7887 1.2246e-06
400 40 0.821 39.0122 9.948e-07
400 40 0.831 36.8562 9.848e-07
400 40 0.841 33.1392 9.774e-07
400 40 0.851 31.2445 9.699e-07
400 40 0.861 28.9629 9.627e-07
400 40 0.871 27.1305 1.1804e-06
400 40 0.881 25.3832 1.1645e-06
400 40 0.891 23.4382 1.1594e-06
400 40 0.901 21.2936 1.143e-06
400 40 0.911 20.2423 1.1282e-06
400 40 0.921 19.3811 1.1217e-06
400 40 0.931 16.9104 1.1145e-06
400 40 0.941 16.9467 1.0961e-06
400 40 0.951 14.8639 1.0877e-06
400 40 0.961 14.2188 1.0663e-06
400 40 0.971 12.5691 1.0607e-06
400 40 0.981 11.6897 1.0519e-06
400 40 0.991 10.847 1.0432e-06
400 40 1.001 9.6021 1.0349e-06
400 40 1.011 9.1333 9.916e-07
400 40 1.021 8.3959 1.0148e-06
400 40 1.031 7.9847 1.0162e-06
400 40 1.041 7.2929 1.0036e-06
400 40 1.051 6.5927 9.98e-07
400 40 1.061 5.9392 9.884e-07
400 40 1.071 5.6969 9.73e-07
400 40 1.081 5.2198 9.519e-07
400 40 1.091 4.6902 9.444e-07
400 40 1.101 4.5573 9.443e-07
400 40 1.111 4.2639 8.501e-07
400 40 1.121 3.8363 7.693e-07
400 40 1.131 3.6726 7.587e-07
400 40 1.141 3.4535 7.502e-07
400 40 1.151 3.263 8.88e-07
400 40 1.161 2.9695 9.373e-07
400 40 1.171 2.8184 9.402e-07
400 40 1.181 2.6206 9.324e-07
400 40 1.191 2.4904 9.316e-07
400 40 1.201 2.2968 9.259e-07
400 40 1.211 2.0992 9.241e-07
400 40 1.221 2.0248 9.195e-07
400 40 1.231 1.7928 8.824e-07
400 40 1.241 1.7697 9.477e-07
400 40 1.251 1.6824 9.45e-07
400 40 1.261 1.5618 9.351e-07
400 40 1.271 1.5415 9.346e-07
400 40 1.281 1.3578 9.325e-07
400 40 1.291 1.2966 9.257e-07
400 40 1.301 1.266 9.293e-07
400 40 1.311 1.1992 9.284e-07
400 40 1.321 1.1261 9.251e-07
400 40 1.331 1.0215 9.253e-07
400 40 1.341 0.9872 9.205e-07
400 40 1.351 0.908 9.119e-07
400 40 1.361 0.8537 8.785e-07
400 40 1.371 0.836 8.297e-07
400 40 1.381 0.777 8.865e-07
400 40 1.391 0.7204 8.952e-07
400 40 1.401 0.7165 8.997e-07
400 40 1.411 0.6767 8.999e-07
400 40 1.421 0.6405 8.944e-07
400 40 1.431 0.604 8.92e-07
400 40 1.441 0.5466 8.972e-07
400 40 1.451 0.542 8.804e-07
400 40 1.461 0.5256 9.126e-07
400 40 1.471 0.4818 9.042e-07
400 40 1.481 0.4721 8.826e-07
400 40 1.491 0.4681 8.542e-07
400 40 1.501 0.4223 8.577e-07
400 40 1.511 0.3954 8.737e-07
400 40 1.521 0.3765 8.865e-07
400 40 1.531 0.347 8.732e-07
400 40 1.541 0.3422 8.802e-07
400 40 1.551 0.3051 8.875e-07
400 40 1.561 0.3101 8.804e-07
400 40 1.571 0.2843 8.686e-07
400 40 1.581 0.2668 8.791e-07
400 40 1.591 0.261 7.938e-07
400 40 1.601 0.2602 8.716e-07
400 40 1.611 0.2607 8.643e-07
400 40 1.621 0.2354 8.676e-07
400 40 1.631 0.2423 8.679e-07
400 40 1.641 0.2266 8.697e-07
400 40 1.651 0.1979 7.605e-07
400 40 1.661 0.2171 6.745e-07
400 40 1.671 0.2042 8.865e-07
400 40 1.681 0.1983 8.855e-07
400 40 1.691 0.1857 8.855e-07
400 40 1.701 0.181 8.781e-07
400 40 1.711 0.1844 8.845e-07
400 40 1.721 0.1774 7.583e-07
400 40 1.731 0.1558 6.762e-07
400 40 1.741 0.1622 6.712e-07
400 40 1.751 0.1487 6.756e-07
400 40 1.761 0.1558 6.686e-07
400 40 1.771 0.1481 6.693e-07
400 40 1.781 0.1353 6.646e-07
400 40 1.791 0.1379 6.7e-07
400 40 1.801 0.1331 6.601e-07
400 40 1.811 0.1337 6.63e-07
400 40 1.821 0.1262 6.625e-07
400 40 1.831 0.1236 6.588e-07
400 40 1.841 0.1139 6.557e-07
400 40 1.851 0.1055 6.656e-07
400 40 1.861 0.1022 6.46e-07
400 40 1.871 0.1018 6.484e-07
400 40 1.881 0.0974 6.554e-07
400 40 1.891 0.0949 6.622e-07
400 40 1.901 0.0933 6.557e-07
400 40 1.911 0.0963 6.553e-07
400 40 1.921 0.0868 6.597e-07
400 40 1.931 0.0797 6.569e-07
400 40 1.941 0.0809 6.455e-07
400 40 1.951 0.0842 6.434e-07
400 40 1.961 0.0779 6.442e-07
400 40 1.971 0.0674 6.485e-07
400 40 1.981 0.0693 6.309e-07
400 40 1.991 0.0666 6.362e-07
