200 10 0.001 1908.26 4.0079e-06
200 10 0.011 1879.22 4.0034e-06
200 10 0.021 1848.74 3.9603e-06
200 10 0.031 1814.74 3.9022e-06
200 10 0.041 1781.61 3.8574e-06
200 10 0.051 1741.78 3.7863e-06
200 10 0.061 1711.58 3.7437e-06
200 10 0.071 1666.19 3.6792e-06
200 10 0.081 1629.09 3.6203e-06
200 10 0.091 1591.01 3.5742e-06
200 10 0.101 1560.28 3.5285e-06
200 10 0.111 1509.5 3.458e-06
200 10 0.121 1473.61 3.421e-06
200 10 0.131 1442.52 3.3998e-06
200 10 0.141 1402.31 3.3531e-06
200 10 0.151 1374.57 3.3171e-06
200 10 0.161 1335.29 3.2794e-06
200 10 0.171 1303.26 3.2408e-06
200 10 0.181 1255.96 3.1761e-06
200 10 0.191 1225.27 3.1239e-06
200 10 0.201 1192.88 3.0712e-06
200 10 0.211 1157.56 3.0142e-06
200 10 0.221 1124.2 2.9732e-06
200 10 0.231 1085.35 2.9248e-06
200 10 0.241 1056.22 2.884e-06
200 10 0.251 1030.41 2.8451e-06
200 10 0.261 994.589 2.8028e-06
200 10 0.271 957.419 2.7341e-06
200 10 0.281 926.361 2.7089e-06
200 10 0.291 904.352 2.6832e-06
200 10 0.301 876.357 2.6212e-06
200 10 0.311 844.703 2.5752e-06
200 10 0.321 821.065 2.5452e-06
200 10 0.331 797.918 2.5157e-06
200 10 0.341 760.693 2.467e-06
200 10 0.351 738.779 2.4464e-06
200 10 0.361 715.361 1.9406e-06
200 10 0.371 700.617 2.1213e-06
200 10 0.381 669.623 1.5411e-06
200 10 0.391 645.985 1.6779e-06
200 10 0.401 619.201 2.214e-06
200 10 0.411 597.219 2.2157e-06
200 10 0.421 577.992 2.145e-06
200 10 0.431 552.204 2.1359e-06
200 10 0.441 548.873 1.9378e-06
200 10 0.451 513.764 1.4456e-06
200 10 0.461 487.48 1.5083e-06
200 10 0.471 481.698 1.6337e-06
200 10 0.481 460.412 1.4175e-06
200 10 0.491 436.803 1.3759e-06
200 10 0.501 432.503 1.3971e-06
200 10 0.511 412.44 1.3844e-06
200 10 0.521 392.626 1.398e-06
200 10 0.531 378.323 1.824e-06
200 10 0.541 363.565 1.5731e-06
200 10 0.551 351.497 1.5636e-06
200 10 0.561 335.308 1.894e-06
200 10 0.571 319.882 1.8863e-06
200 10 0.581 310.814 1.8715e-06
200 10 0.591 297.343 1.8401e-06
200 10 0.601 289.285 1.4577e-06
200 10 0.611 272.46 1.7669e-06
200 10 0.621 263.744 1.7452e-06
200 10 0.631 250.999 1.7464e-06
200 10 0.641 239.267 1.7277e-06
200 10 0.651 229.36 1.7172e-06
200 10 0.661 219.49 1.688e-06
200 10 0.671 209.207 1.6628e-06
200 10 0.681 203.332 1.6613e-06
200 10 0.691 191.158 1.6403e-06
200 10 0.701 184.589 1.5299e-06
200 10 0.711 175.162 1.2316e-06
200 10 0.721 167.76 1.2959e-06
200 10 0.731 159.585 1.6205e-06
200 10 0.741 150.681 1.4984e-06
200 10 0.751 146.536 1.4572e-06
200 10 0.761 138.933 1.5555e-06
200 10 0.771 133 1.5357e-06
200 10 0.781 125.065 1.5216e-06
200 10 0.791 119.209 1.5085e-06
200 10 0.801 111.538 1.4906e-06
200 10 0.811 107.847 1.4766e-06
200 10 0.821 108.164 1.4873e-06
200 10 0.831 100.252 1.4669e-06
200 10 0.841 92.9609 1.4143e-06
200 10 0.851 87.8387 1.4132e-06
200 10 0.861 83.6157 1.3484e-06
200 10 0.871 80.309 1.2542e-06
200 10 0.881 75.594 1.3971e-06
200 10 0.891 71.2358 1.3721e-06
200 10 0.901 70.7068 1.3703e-06
200 10 0.911 66.474 1.4362e-06
200 10 0.921 63.8192 1.2827e-06
200 10 0.931 59.9497 1.342e-06
200 10 0.941 56.2824 1.3235e-06
200 10 0.951 52.5274 1.3647e-06
200 10 0.961 50.7012 1.3357e-06
200 10 0.971 45.6469 1.3143e-06
200 10 0.981 44.4087 1.3106e-06
200 10 0.991 41.9974 1.2929e-06
200 10 1.001 40.1004 1.293e-06
200 10 1.011 35.6363 1.2803e-06
200 10 1.021 34.1693 1.2646e-06
200 10 1.031 32.7561 1.2332e-06
200 10 1.041 31.0693 1.2175e-06
200 10 1.051 28.88 1.0197e-06
200 10 1.061 27.6014 1.135e-06
200 10 1.071 26.9207 1.1779e-06
200 10 1.081 24.4723 1.1511e-06
200 10 1.091 23.2446 1.0675e-06
200 10 1.101 22.4393 1.1564e-06
200 10 1.111 20.9174 1.1375e-06
200 10 1.121 20.4144 1.1339e-06
200 10 1.131 19.508 1.1307e-06
200 10 1.141 18.4192 1.1177e-06
200 10 1.151 17.5165 1.118e-06
200 10 1.161 16.5915 1.1094e-06
200 10 1.171 15.7451 1.1006e-06
200 10 1.181 15.0617 1.001e-06
200 10 1.191 14.1841 9.609e-07
200 10 1.201 13.9044 1.1233e-06
200 10 1.211 12.9189 9.994e-07
200 10 1.221 12.3376 1.0865e-06
200 10 1.231 11.9749 1.0733e-06
200 10 1.241 11.1385 1.0591e-06
200 10 1.251 10.6467 1.0525e-06
200 10 1.261 10.3313 1.0003e-06
200 10 1.271 9.8179 1.0503e-06
200 10 1.281 9.2916 1.0518e-06
200 10 1.291 9.0359 1.0459e-06
200 10 1.301 8.5499 1.0351e-06
200 10 1.311 8.331 1.0279e-06
200 10 1.321 8.0295 1.0238e-06
200 10 1.331 7.7251 1.0216e-06
200 10 1.341 7.1383 1.0152e-06
200 10 1.351 6.7702 1.0051e-06
200 10 1.361 6.5369 1.0008e-06
200 10 1.371 6.2167 1.0006e-06
200 10 1.381 5.9927 9.922e-07
200 10 1.391 5.7968 9.933e-07
200 10 1.401 5.5497 9.834e-07
200 10 1.411 5.125 9.805e-07
200 10 1.421 5.1219 9.495e-07
200 10 1.431 4.7685 8.654e-07
200 10 1.441 4.5876 8.095e-07
200 10 1.451 4.3734 8.122e-07
200 10 1.461 4.1847 8.06e-07
200 10 1.471 4.1052 8.604e-07
200 10 1.481 3.879 9.314e-07
200 10 1.491 3.7095 9.371e-07
200 10 1.501 3.531 9.284e-07
200 10 1.511 3.4739 9.265e-07
200 10 1.521 3.2584 9.17e-07
200 10 1.531 3.1763 9.232e-07
200 10 1.541 2.9651 8.751e-07
200 10 1.551 2.8463 7.925e-07
200 10 1.561 2.6912 8.536e-07
200 10 1.571 2.6251 7.819e-07
200 10 1.581 2.5318 7.853e-07
200 10 1.591 2.4488 8.91e-07
200 10 1.601 2.4407 9.148e-07
200 10 1.611 2.2531 9.22e-07
200 10 1.621 2.2141 9.156e-07
200 10 1.631 2.1326 8.964e-07
200 10 1.641 2.0729 8.898e-07
200 10 1.651 2.0332 9.013e-07
200 10 1.661 1.909 8.768e-07
200 10 1.671 1.8845 8.815e-07
200 10 1.681 1.8078 8.063e-07
200 10 1.691 1.7957 8.992e-07
200 10 1.701 1.7285 9.009e-07
200 10 1.711 1.6253 9.01e-07
200 10 1.721 1.6241 9.04e-07
200 10 1.731 1.5784 9.084e-07
200 10 1.741 1.5397 9.034e-07
200 10 1.751 1.4391 8.901e-07
200 10 1.761 1.4109 9.166e-07
200 10 1.771 1.3415 8.908e-07
200 10 1.781 1.3164 8.895e-07
200 10 1.791 1.2764 9.208e-07
200 10 1.801 1.2174 9.405e-07
200 10 1.811 1.2059 8.119e-07
200 10 1.821 1.1487 7.566e-07
200 10 1.831 1.1238 7.315e-07
200 10 1.841 1.0987 7.396e-07
200 10 1.851 1.0408 7.309e-07
200 10 1.861 1.0028 7.218e-07
200 10 1.871 0.9346 7.188e-07
200 10 1.881 0.9387 7.31e-07
200 10 1.891 0.9094 7.298e-07
200 10 1.901 0.8647 7.672e-07
200 10 1.911 0.8304 8.582e-07
200 10 1.921 0.8144 8.645e-07
200 10 1.931 0.7988 7.169e-07
200 10 1.941 0.7734 7.575e-07
200 10 1.951 0.7519 8.518e-07
200 10 1.961 0.7291 8.44e-07
200 10 1.971 0.6755 8.523e-07
200 10 1.981 0.6589 8.451e-07
200 10 1.991 0.6475 8.4e-07
200 20 0.001 3613.04 6.3436e-06
200 20 0.011 3516.92 6.2008e-06
200 20 0.021 3413.69 6.065e-06
200 20 0.031 3304.34 4.1328e-06
200 20 0.041 3178.98 3.2387e-06
200 20 0.051 3053.24 3.1392e-06
200 20 0.061 2958.01 3.0963e-06
200 20 0.071 2839.06 3.0288e-06
200 20 0.081 2732.98 3.0553e-06
200 20 0.091 2608.11 4.926e-06
200 20 0.101 2504.41 4.1587e-06
200 20 0.111 2389.71 2.7212e-06
200 20 0.121 2277.83 2.6471e-06
200 20 0.131 2196.91 2.5763e-06
200 20 0.141 2076.37 2.4765e-06
200 20 0.151 1976.74 2.4084e-06
200 20 0.161 1906.14 2.3899e-06
200 20 0.171 1824.62 2.3419e-06
200 20 0.181 1729.93 2.2462e-06
200 20 0.191 1664.02 2.2247e-06
200 20 0.201 1567.72 2.4213e-06
200 20 0.211 1516.09 2.8911e-06
200 20 0.221 1421.67 2.8786e-06
200 20 0.231 1361.31 2.4588e-06
200 20 0.241 1293.2 3.1651e-06
200 20 0.251 1249.39 3.1225e-06
200 20 0.261 1149.07 2.9977e-06
200 20 0.271 1112.59 2.9441e-06
200 20 0.281 1047.33 2.8584e-06
200 20 0.291 1003.42 1.997e-06
200 20 0.301 941.163 1.7541e-06
200 20 0.311 907.623 1.728e-06
200 20 0.321 858.354 1.706e-06
200 20 0.331 812.032 2.2529e-06
200 20 0.341 773.029 2.434e-06
200 20 0.351 729.947 2.2201e-06
200 20 0.361 695.133 1.6309e-06
200 20 0.371 647.324 1.5983e-06
200 20 0.381 626.37 2.1631e-06
200 20 0.391 586.042 2.1994e-06
200 20 0.401 558.432 2.1647e-06
200 20 0.411 536.391 2.174e-06
200 20 0.421 507.372 2.1405e-06
200 20 0.431 479.42 2.056e-06
200 20 0.441 450.743 2.015e-06
200 20 0.451 431.057 1.9843e-06
200 20 0.461 409.909 1.9409e-06
200 20 0.471 386.288 1.9128e-06
200 20 0.481 363.428 1.8839e-06
200 20 0.491 344.918 1.8438e-06
200 20 0.501 330.296 1.8166e-06
200 20 0.511 309.265 1.7856e-06
200 20 0.521 292.825 1.7684e-06
200 20 0.531 278.362 1.7419e-06
200 20 0.541 263.392 1.7166e-06
200 20 0.551 250.708 1.6979e-06
200 20 0.561 236.099 1.6711e-06
200 20 0.571 222.338 1.64e-06
200 20 0.581 210.912 1.4321e-06
200 20 0.591 200.111 1.2109e-06
200 20 0.601 195.522 1.4958e-06
200 20 0.611 184.016 1.5913e-06
200 20 0.621 174.488 1.5625e-06
200 20 0.631 166.519 1.5222e-06
200 20 0.641 159.498 1.4819e-06
200 20 0.651 147.911 1.4573e-06
200 20 0.661 140.637 1.4618e-06
200 20 0.671 134.158 1.2707e-06
200 20 0.681 125.948 1.1383e-06
200 20 0.691 120.361 1.1772e-06
200 20 0.701 115.132 1.4502e-06
200 20 0.711 106.291 1.4237e-06
200 20 0.721 104.562 1.4305e-06
200 20 0.731 98.2371 1.4166e-06
200 20 0.741 94.1102 1.4534e-06
200 20 0.751 89.74 1.4473e-06
200 20 0.761 83.0548 1.4229e-06
200 20 0.771 80.8404 1.3898e-06
200 20 0.781 75.8175 1.3254e-06
200 20 0.791 69.6789 1.3163e-06
200 20 0.801 67.3828 1.299e-06
200 20 0.811 64.6895 1.2899e-06
200 20 0.821 60.9681 1.2789e-06
200 20 0.831 57.4825 1.1688e-06
200 20 0.841 55.5005 1.2613e-06
200 20 0.851 51.8905 1.2514e-06
200 20 0.861 48.801 1.2454e-06
200 20 0.871 47.1888 1.2441e-06
200 20 0.881 43.9635 1.2148e-06
200 20 0.891 41.8054 1.2176e-06
200 20 0.901 39.4191 1.176e-06
200 20 0.911 37.2708 1.1925e-06
200 20 0.921 35.2242 1.175e-06
200 20 0.931 32.4587 1.1545e-06
200 20 0.941 32.1243 1.0249e-06
200 20 0.951 30.9018 1.1532e-06
200 20 0.961 28.5186 1.1259e-06
200 20 0.971 27.7401 1.1238e-06
200 20 0.981 25.4447 1.1172e-06
200 20 0.991 24.9096 1.1151e-06
200 20 1.001 22.4198 1.0976e-06
200 20 1.011 21.0896 1.087e-06
200 20 1.021 19.3602 1.0686e-06
200 20 1.031 18.9108 1.0716e-06
200 20 1.041 18.0003 1.0669e-06
200 20 1.051 16.6393 1.0592e-06
200 20 1.061 15.8695 1.0519e-06
200 20 1.071 14.7929 1.0438e-06
200 20 1.081 14.2105 1.0393e-06
200 20 1.091 13.278 1.0278e-06
200 20 1.101 12.5958 1.0278e-06
200 20 1.111 11.9954 1.0135e-06
200 20 1.121 11.4596 1.0073e-06
200 20 1.131 11.0121 9.988e-07
200 20 1.141 10.4008 9.928e-07
200 20 1.151 9.6507 9.954e-07
200 20 1.161 9.2307 9.844e-07
200 20 1.171 8.7412 8.859e-07
200 20 1.181 8.2788 9.877e-07
200 20 1.191 7.8946 9.673e-07
200 20 1.201 7.5309 9.593e-07
200 20 1.211 7.0764 9.535e-07
200 20 1.221 6.9291 9.596e-07
200 20 1.231 6.7162 9.426e-07
200 20 1.241 6.2574 9.338e-07
200 20 1.251 6.1733 9.304e-07
200 20 1.261 5.6438 9.402e-07
200 20 1.271 5.3652 9.226e-07
200 20 1.281 5.4089 9.179e-07
200 20 1.291 4.8852 9.118e-07
200 20 1.301 4.7103 9.106e-07
200 20 1.311 4.3523 8.516e-07
200 20 1.321 4.424 9.002e-07
200 20 1.331 4.0149 8.887e-07
200 20 1.341 3.9171 8.927e-07
200 20 1.351 3.8424 9.119e-07
200 20 1.361 3.5267 8.54e-07
200 20 1.371 3.3875 8.798e-07
200 20 1.381 3.2449 8.98e-07
200 20 1.391 3.1042 8.959e-07
200 20 1.401 2.8919 8.934e-07
200 20 1.411 2.8615 7.847e-07
200 20 1.421 2.6607 7.804e-07
200 20 1.431 2.5913 9.066e-07
200 20 1.441 2.47 7.681e-07
200 20 1.451 2.4452 7.557e-07
200 20 1.461 2.3064 7.942e-07
200 20 1.471 2.0817 7.459e-07
200 20 1.481 2.1011 7.721e-07
200 20 1.491 1.9781 8.484e-07
200 20 1.501 1.911 7.531e-07
200 20 1.511 1.8806 7.869e-07
200 20 1.521 1.8038 8.729e-07
200 20 1.531 1.6543 8.666e-07
200 20 1.541 1.5492 8.786e-07
200 20 1.551 1.5201 7.371e-07
200 20 1.561 1.452 8.553e-07
200 20 1.571 1.4027 8.211e-07
200 20 1.581 1.3238 7.479e-07
200 20 1.591 1.2711 7.588e-07
200 20 1.601 1.2616 8.254e-07
200 20 1.611 1.1928 8.423e-07
200 20 1.621 1.2256 8.498e-07
200 20 1.631 1.1522 8.448e-07
200 20 1.641 1.0434 8.376e-07
200 20 1.651 1.0337 8.282e-07
200 20 1.661 1.0561 8.299e-07
200 20 1.671 0.985 7.177e-07
200 20 1.681 0.9688 6.846e-07
200 20 1.691 0.8985 6.76e-07
200 20 1.701 0.8979 7.058e-07
200 20 1.711 0.8383 8.191e-07
200 20 1.721 0.8596 8.159e-07
200 20 1.731 0.8201 8.248e-07
200 20 1.741 0.7938 8.153e-07
200 20 1.751 0.7581 8.119e-07
200 20 1.761 0.7402 7.681e-07
200 20 1.771 0.7303 6.804e-07
200 20 1.781 0.6849 7.43e-07
200 20 1.791 0.6742 8.459e-07
200 20 1.801 0.6356 8.437e-07
200 20 1.811 0.6322 8.23e-07
200 20 1.821 0.5961 7.569e-07
200 20 1.831 0.5846 7.265e-07
200 20 1.841 0.5588 8.293e-07
200 20 1.851 0.5527 8.224e-07
200 20 1.861 0.5153 8.159e-07
200 20 1.871 0.4933 8.182e-07
200 20 1.881 0.493 8.201e-07
200 20 1.891 0.4609 8.161e-07
200 20 1.901 0.4397 7.983e-07
200 20 1.911 0.4327 8.191e-07
200 20 1.921 0.4111 8.194e-07
200 20 1.931 0.4137 8.123e-07
200 20 1.941 0.3859 8.044e-07
200 20 1.951 0.3848 8.009e-07
200 20 1.961 0.371 8.041e-07
200 20 1.971 0.3519 7.963e-07
200 20 1.981 0.339 7.836e-07
200 20 1.991 0.3261 7.76e-07
200 30 0.001 5117.2 8.5059e-06
200 30 0.011 4922.45 8.2358e-06
200 30 0.021 4711.22 7.9317e-06
200 30 0.031 4485.02 7.6171e-06
200 30 0.041 4228.79 7.261e-06
200 30 0.051 4046.68 7.0127e-06
200 30 0.061 3809.76 6.6842e-06
200 30 0.071 3628.76 6.4305e-06
200 30 0.081 3408.11 6.115e-06
200 30 0.091 3230.98 5.8633e-06
200 30 0.101 3029.97 5.5643e-06
200 30 0.111 2883.95 5.359e-06
200 30 0.121 2700.04 5.0991e-06
200 30 0.131 2533.27 4.8799e-06
200 30 0.141 2383.55 4.6809e-06
200 30 0.151 2238.37 4.4939e-06
200 30 0.161 2093.51 4.2771e-06
200 30 0.171 1975.58 4.1234e-06
200 30 0.181 1856.79 3.9647e-06
200 30 0.191 1758.14 3.8334e-06
200 30 0.201 1604.92 3.6255e-06
200 30 0.211 1520.36 3.5009e-06
200 30 0.221 1415.18 3.359e-06
200 30 0.231 1339.55 3.2511e-06
200 30 0.241 1266.44 3.1631e-06
200 30 0.251 1186.06 3.0446e-06
200 30 0.261 1092.28 2.917e-06
200 30 0.271 1030.74 2.8314e-06
200 30 0.281 983.288 2.7628e-06
200 30 0.291 916.307 2.6682e-06
200 30 0.301 860.649 2.5897e-06
200 30 0.311 821.316 2.5233e-06
200 30 0.321 759.377 2.453e-06
200 30 0.331 709.212 2.3691e-06
200 30 0.341 672.341 2.3251e-06
200 30 0.351 632.509 2.2633e-06
200 30 0.361 582.416 2.1385e-06
200 30 0.371 556.724 1.8675e-06
200 30 0.381 520.006 1.9048e-06
200 30 0.391 502.83 2.0758e-06
200 30 0.401 464.284 2.0206e-06
200 30 0.411 440.207 1.9806e-06
200 30 0.421 415.772 1.9408e-06
200 30 0.431 391.659 1.9079e-06
200 30 0.441 368.84 1.8662e-06
200 30 0.451 356.585 1.8418e-06
200 30 0.461 324.827 1.544e-06
200 30 0.471 310.562 1.6965e-06
200 30 0.481 296.23 1.6868e-06
200 30 0.491 278.434 1.6559e-06
200 30 0.501 265.404 1.634e-06
200 30 0.511 246.674 1.5977e-06
200 30 0.521 236.235 1.5838e-06
200 30 0.531 220.843 1.5596e-06
200 30 0.541 213.656 1.5449e-06
200 30 0.551 205.072 1.5231e-06
200 30 0.561 191.294 1.4979e-06
200 30 0.571 181.43 1.4971e-06
200 30 0.581 171.538 1.4736e-06
200 30 0.591 160.989 1.4422e-06
200 30 0.601 151.903 1.4309e-06
200 30 0.611 145.784 1.4221e-06
200 30 0.621 138.834 1.3982e-06
200 30 0.631 133.291 1.4043e-06
200 30 0.641 125.296 1.3706e-06
200 30 0.651 118.036 1.3467e-06
200 30 0.661 114.214 1.3453e-06
200 30 0.671 105.075 1.3371e-06
200 30 0.681 102.792 1.145e-06
200 30 0.691 98.9133 1.3127e-06
200 30 0.701 93.0563 1.2314e-06
200 30 0.711 87.9611 1.03e-06
200 30 0.721 84.0743 1.0844e-06
200 30 0.731 79.6048 1.275e-06
200 30 0.741 76.2742 1.2813e-06
200 30 0.751 69.8076 1.2162e-06
200 30 0.761 67.7225 1.2779e-06
200 30 0.771 65.714 1.2583e-06
200 30 0.781 62.0491 1.2567e-06
200 30 0.791 57.6447 1.2446e-06
200 30 0.801 54.8573 1.0033e-06
200 30 0.811 51.1757 9.77e-07
200 30 0.821 51.4653 1.0604e-06
200 30 0.831 47.2963 1.1396e-06
200 30 0.841 44.7359 1.0422e-06
200 30 0.851 42.8043 1.1877e-06
200 30 0.861 40.6321 1.1918e-06
200 30 0.871 37.6725 1.1482e-06
200 30 0.881 35.7536 1.1272e-06
200 30 0.891 34.8463 1.1322e-06
200 30 0.901 32.0588 1.121e-06
200 30 0.911 31.0996 1.1144e-06
200 30 0.921 28.6146 9.954e-07
200 30 0.931 27.5875 1.0873e-06
200 30 0.941 26.115 1.1014e-06
200 30 0.951 25.5355 1.0925e-06
200 30 0.961 22.9564 1.0791e-06
200 30 0.971 22.0733 1.0776e-06
200 30 0.981 21.0576 1.0659e-06
200 30 0.991 19.5196 1.0585e-06
200 30 1.001 18.3489 1.0424e-06
200 30 1.011 16.7589 9.002e-07
200 30 1.021 15.6018 8.543e-07
200 30 1.031 14.9803 8.623e-07
200 30 1.041 14.0105 1.0162e-06
200 30 1.051 13.4955 1.0446e-06
200 30 1.061 12.5258 1.0345e-06
200 30 1.071 12.1359 1.0308e-06
200 30 1.081 11.1054 1.0215e-06
200 30 1.091 10.7378 1.0147e-06
200 30 1.101 10.1448 1.0096e-06
200 30 1.111 9.6078 1.0037e-06
200 30 1.121 9.0936 8.752e-07
200 30 1.131 8.8455 8.784e-07
200 30 1.141 8.1404 9.442e-07
200 30 1.151 8.2223 9.846e-07
200 30 1.161 7.4653 9.674e-07
200 30 1.171 6.8162 9.535e-07
200 30 1.181 7.0527 9.546e-07
200 30 1.191 6.3514 8.725e-07
200 30 1.201 6.1155 7.956e-07
200 30 1.211 5.873 7.837e-07
200 30 1.221 5.6223 7.884e-07
200 30 1.231 5.2995 7.829e-07
200 30 1.241 5.065 8.541e-07
200 30 1.251 4.7117 8.436e-07
200 30 1.261 4.4363 8.423e-07
200 30 1.271 4.2623 9.076e-07
200 30 1.281 4.1035 9.124e-07
200 30 1.291 3.9492 9.078e-07
200 30 1.301 3.7926 8.986e-07
200 30 1.311 3.5533 8.865e-07
200 30 1.321 3.4307 7.938e-07
200 30 1.331 3.2616 7.315e-07
200 30 1.341 3.1195 8.515e-07
200 30 1.351 2.9542 8.852e-07
200 30 1.361 2.7235 8.789e-07
200 30 1.371 2.7747 8.433e-07
200 30 1.381 2.6435 8.139e-07
200 30 1.391 2.465 8.526e-07
200 30 1.401 2.3743 8.73e-07
200 30 1.411 2.2277 8.745e-07
200 30 1.421 2.2108 8.669e-07
200 30 1.431 2.0153 8.645e-07
200 30 1.441 1.9729 8.703e-07
200 30 1.451 1.7703 8.531e-07
200 30 1.461 1.7748 8.584e-07
200 30 1.471 1.712 8.482e-07
200 30 1.481 1.6128 8.585e-07
200 30 1.491 1.5203 8.585e-07
200 30 1.501 1.4559 8.48e-07
200 30 1.511 1.4503 8.498e-07
200 30 1.521 1.3596 8.483e-07
200 30 1.531 1.2857 8.411e-07
200 30 1.541 1.2681 8.421e-07
200 30 1.551 1.1928 8.387e-07
200 30 1.561 1.1359 8.341e-07
200 30 1.571 1.0893 8.403e-07
200 30 1.581 0.9942 8.378e-07
200 30 1.591 1.0004 8.302e-07
200 30 1.601 0.9502 8.358e-07
200 30 1.611 0.9108 8.069e-07
200 30 1.621 0.8879 7.399e-07
200 30 1.631 0.877 7.595e-07
200 30 1.641 0.8304 8.258e-07
200 30 1.651 0.8427 8.304e-07
200 30 1.661 0.8151 8.25e-07
200 30 1.671 0.7567 8.314e-07
200 30 1.681 0.717 8.224e-07
200 30 1.691 0.708 8.19e-07
200 30 1.701 0.6767 8.22e-07
200 30 1.711 0.6432 7.019e-07
200 30 1.721 0.6386 6.549e-07
200 30 1.731 0.6145 7.358e-07
200 30 1.741 0.5878 7.598e-07
200 30 1.751 0.5674 8.193e-07
200 30 1.761 0.5613 8.081e-07
200 30 1.771 0.5315 8.132e-07
200 30 1.781 0.5142 8.097e-07
200 30 1.791 0.504 8.146e-07
200 30 1.801 0.4808 8.082e-07
200 30 1.811 0.4754 8.094e-07
200 30 1.821 0.4642 8.093e-07
200 30 1.831 0.4491 8.134e-07
200 30 1.841 0.4135 7.098e-07
200 30 1.851 0.4024 7.905e-07
200 30 1.861 0.3893 7.848e-07
200 30 1.871 0.3925 7.856e-07
200 30 1.881 0.3627 7.952e-07
200 30 1.891 0.3619 7.995e-07
200 30 1.901 0.3411 7.715e-07
200 30 1.911 0.3294 6.355e-07
200 30 1.921 0.3124 6.64e-07
200 30 1.931 0.3084 6.43e-07
200 30 1.941 0.302 6.394e-07
200 30 1.951 0.2827 7.337e-07
200 30 1.961 0.2777 7.945e-07
200 30 1.971 0.2655 7.802e-07
200 30 1.981 0.2502 7.723e-07
200 30 1.991 0.2452 7.659e-07
200 40 0.001 6414.49 1.10067e-05
200 40 0.011 6092.96 1.0495e-05
200 40 0.021 5761.04 9.9747e-06
200 40 0.031 5384.73 9.4047e-06
200 40 0.041 5082.79 8.9425e-06
200 40 0.051 4721.69 8.3941e-06
200 40 0.061 4423.53 7.9417e-06
200 40 0.071 4108.99 7.4617e-06
200 40 0.081 3857.08 6.8999e-06
200 40 0.091 3552.76 6.6169e-06
200 40 0.101 3318.82 6.2843e-06
200 40 0.111 3038.93 5.8661e-06
200 40 0.121 2847.39 5.5377e-06
200 40 0.131 2650.61 5.2419e-06
200 40 0.141 2446.62 4.9365e-06
200 40 0.151 2257.04 4.6391e-06
200 40 0.161 2100.36 4.4231e-06
200 40 0.171 1946.02 4.1819e-06
200 40 0.181 1814.58 4.0065e-06
200 40 0.191 1669.68 2.9343e-06
200 40 0.201 1563.76 2.3457e-06
200 40 0.211 1461.42 2.2331e-06
200 40 0.221 1326.47 2.1109e-06
200 40 0.231 1246.83 2.2134e-06
200 40 0.241 1141.71 2.5646e-06
200 40 0.251 1096.5 2.9803e-06
200 40 0.261 984.92 2.8138e-06
200 40 0.271 930.281 2.7211e-06
200 40 0.281 865.495 2.6261e-06
200 40 0.291 817.925 2.5578e-06
200 40 0.301 747.346 2.4295e-06
200 40 0.311 707.007 2.3568e-06
200 40 0.321 660.17 2.2857e-06
200 40 0.331 625.876 2.2341e-06
200 40 0.341 568.709 1.6068e-06
200 40 0.351 546.436 2.1423e-06
200 40 0.361 515.511 2.0717e-06
200 40 0.371 479.612 1.9992e-06
200 40 0.381 454.348 1.967e-06
200 40 0.391 428.539 1.9196e-06
200 40 0.401 399.932 1.8685e-06
200 40 0.411 376.225 1.8377e-06
200 40 0.421 358.722 1.8059e-06
200 40 0.431 336.57 1.7751e-06
200 40 0.441 320.928 1.7415e-06
200 40 0.451 296.873 1.4266e-06
200 40 0.461 284.313 1.4067e-06
200 40 0.471 267.91 1.3147e-06
200 40 0.481 255.987 1.4703e-06
200 40 0.491 235.988 1.1944e-06
200 40 0.501 229.002 1.1689e-06
200 40 0.511 217.738 1.1752e-06
200 40 0.521 201.782 1.1673e-06
200 40 0.531 196.538 1.152e-06
200 40 0.541 185.539 1.4644e-06
200 40 0.551 177.947 1.3141e-06
200 40 0.561 163.693 1.1706e-06
200 40 0.571 156.858 1.2108e-06
200 40 0.581 146.33 1.4851e-06
200 40 0.591 142.744 1.484e-06
200 40 0.601 133.728 1.4548e-06
200 40 0.611 128.916 1.4551e-06
200 40 0.621 118.723 1.4244e-06
200 40 0.631 113.705 1.3993e-06
200 40 0.641 110.113 1.3931e-06
200 40 0.651 103.181 1.3826e-06
200 40 0.661 100.678 1.3577e-06
200 40 0.671 95.0409 1.3491e-06
200 40 0.681 89.4648 1.3395e-06
200 40 0.691 86.2982 1.3284e-06
200 40 0.701 80.5351 1.3188e-06
200 40 0.711 76.1078 1.8434e-06
200 40 0.721 73.171 2.4451e-06
200 40 0.731 70.4472 7.7394e-06
200 40 0.741 66.9134 1.2423e-06
200 40 0.751 61.7169 1.2453e-06
200 40 0.761 59.659 1.3829e-06
200 40 0.771 55.3892 1.3742e-06
200 40 0.781 53.298 1.3337e-06
200 40 0.791 51.5639 1.4498e-06
200 40 0.801 48.5079 1.202e-06
200 40 0.811 46.9766 1.1698e-06
200 40 0.821 44.4492 1.1614e-06
200 40 0.831 41.3233 1.1598e-06
200 40 0.841 40.2869 1.1477e-06
200 40 0.851 36.7728 1.1294e-06
200 40 0.861 35.4646 1.1096e-06
200 40 0.871 33.4813 9.976e-07
200 40 0.881 32.0599 1.0579e-06
200 40 0.891 29.9867 1.126e-06
200 40 0.901 28.66 1.1608e-06
200 40 0.911 26.8129 1.1037e-06
200 40 0.921 25.7492 1.0969e-06
200 40 0.931 23.507 1.0881e-06
200 40 0.941 23.1735 1.0944e-06
200 40 0.951 20.8337 1.0723e-06
200 40 0.961 20.0466 1.0683e-06
200 40 0.971 18.8791 1.0529e-06
200 40 0.981 18.1067 1.0875e-06
200 40 0.991 17.1172 1.0533e-06
200 40 1.001 15.7905 1.0427e-06
200 40 1.011 15.3673 1.0523e-06
200 40 1.021 13.9321 1.0341e-06
200 40 1.031 13.3147 1.0315e-06
200 40 1.041 12.2115 1.0298e-06
200 40 1.051 12.0708 1.0183e-06
200 40 1.061 10.9996 1.0098e-06
200 40 1.071 10.3931 9.999e-07
200 40 1.081 10.0281 1.001e-06
200 40 1.091 9.57 9.918e-07
200 40 1.101 8.9109 9.844e-07
200 40 1.111 8.2868 9.766e-07
200 40 1.121 7.8885 9.703e-07
200 40 1.131 7.5423 9.597e-07
200 40 1.141 7.155 9.624e-07
200 40 1.151 6.8499 9.543e-07
200 40 1.161 6.3916 9.541e-07
200 40 1.171 6.018 9.468e-07
200 40 1.181 5.5684 9.415e-07
200 40 1.191 5.6679 9.469e-07
200 40 1.201 5.2096 9.374e-07
200 40 1.211 5.015 9.374e-07
200 40 1.221 4.9074 9.311e-07
200 40 1.231 4.373 8.597e-07
200 40 1.241 4.379 8.377e-07
200 40 1.251 4.1388 7.213e-07
200 40 1.261 3.9047 7.267e-07
200 40 1.271 3.615 8.011e-07
200 40 1.281 3.6762 8.014e-07
200 40 1.291 3.4742 9.271e-07
200 40 1.301 3.2515 9.08e-07
200 40 1.311 2.9901 8.95e-07
200 40 1.321 2.9877 9.052e-07
200 40 1.331 2.8044 9.14e-07
200 40 1.341 2.7843 9.112e-07
200 40 1.351 2.575 9.053e-07
200 40 1.361 2.4017 9.074e-07
200 40 1.371 2.3135 8.983e-07
200 40 1.381 2.2446 8.984e-07
200 40 1.391 2.1427 8.852e-07
200 40 1.401 2.0169 8.819e-07
200 40 1.411 1.8955 8.83e-07
200 40 1.421 1.8558 8.106e-07
200 40 1.431 1.7704 6.967e-07
200 40 1.441 1.6719 6.942e-07
200 40 1.451 1.5909 7.148e-07
200 40 1.461 1.5293 8.684e-07
200 40 1.471 1.4285 9.422e-07
200 40 1.481 1.3816 9.382e-07
200 40 1.491 1.3029 9.381e-07
200 40 1.501 1.2874 9.303e-07
200 40 1.511 1.182 9.524e-07
200 40 1.521 1.1516 9.354e-07
200 40 1.531 1.0893 7.68e-07
200 40 1.541 1.046 6.715e-07
200 40 1.551 1.0148 6.714e-07
200 40 1.561 0.9476 6.655e-07
200 40 1.571 0.9125 7.17e-07
200 40 1.581 0.8867 8.664e-07
200 40 1.591 0.853 8.69e-07
200 40 1.601 0.8056 8.617e-07
200 40 1.611 0.7952 8.611e-07
200 40 1.621 0.7707 8.628e-07
200 40 1.631 0.7266 8.582e-07
200 40 1.641 0.7205 8.602e-07
200 40 1.651 0.6919 8.603e-07
200 40 1.661 0.6843 8.702e-07
200 40 1.671 0.6508 8.088e-07
200 40 1.681 0.6254 6.55e-07
200 40 1.691 0.5981 6.47e-07
200 40 1.701 0.5974 6.685e-07
200 40 1.711 0.5452 8.283e-07
200 40 1.721 0.5229 6.367e-07
200 40 1.731 0.5167 6.463e-07
200 40 1.741 0.4879 6.336e-07
200 40 1.751 0.4871 6.467e-07
200 40 1.761 0.4713 6.805e-07
200 40 1.771 0.47 6.745e-07
200 40 1.781 0.4404 6.441e-07
200 40 1.791 0.4158 6.452e-07
200 40 1.801 0.4186 6.375e-07
200 40 1.811 0.415 6.465e-07
200 40 1.821 0.3765 7.28e-07
200 40 1.831 0.3635 7.725e-07
200 40 1.841 0.365 6.642e-07
200 40 1.851 0.3363 6.659e-07
200 40 1.861 0.345 6.588e-07
200 40 1.871 0.34 7.469e-07
200 40 1.881 0.3146 8.063e-07
200 40 1.891 0.3043 8.043e-07
200 40 1.901 0.2816 7.996e-07
200 40 1.911 0.2722 7.197e-07
200 40 1.921 0.2583 6.852e-07
200 40 1.931 0.2571 6.605e-07
200 40 1.941 0.2444 6.428e-07
200 40 1.951 0.2441 6.475e-07
200 40 1.961 0.2253 6.428e-07
200 40 1.971 0.226 6.381e-07
200 40 1.981 0.2123 6.355e-07
200 40 1.991 0.197 6.302e-07
300 10 0.001 2907.02 5.305e-06
300 10 0.011 2865.02 5.8422e-06
300 10 0.021 2817.34 5.7689e-06
300 10 0.031 2759.56 5.7041e-06
300 10 0.041 2714.4 5.6202e-06
300 10 0.051 2651.33 5.5386e-06
300 10 0.061 2603.17 5.4573e-06
300 10 0.071 2549.34 5.3764e-06
300 10 0.081 2487.04 5.3001e-06
300 10 0.091 2427.74 5.2279e-06
300 10 0.101 2387.67 5.1393e-06
300 10 0.111 2320.3 5.0388e-06
300 10 0.121 2247.92 4.943e-06
300 10 0.131 2206.81 4.8887e-06
300 10 0.141 2150.23 4.8179e-06
300 10 0.151 2067.19 4.6879e-06
300 10 0.161 2017.06 4.609e-06
300 10 0.171 1973.75 4.5498e-06
300 10 0.181 1934.24 4.4777e-06
300 10 0.191 1856.48 4.3309e-06
300 10 0.201 1820.35 4.2814e-06
300 10 0.211 1769 4.2214e-06
300 10 0.221 1721.21 4.1488e-06
300 10 0.231 1660.33 4.0588e-06
300 10 0.241 1619.48 4.0079e-06
300 10 0.251 1567.59 2.4123e-06
300 10 0.261 1526.91 3.6312e-06
300 10 0.271 1467.21 3.7734e-06
300 10 0.281 1442.32 3.7463e-06
300 10 0.291 1395.63 3.6871e-06
300 10 0.301 1323.9 3.5846e-06
300 10 0.311 1285.96 3.5029e-06
300 10 0.321 1238.28 3.4374e-06
300 10 0.331 1218.99 3.4148e-06
300 10 0.341 1170.53 3.3315e-06
300 10 0.351 1119.04 3.2623e-06
300 10 0.361 1100.46 3.2278e-06
300 10 0.371 1058.21 3.1873e-06
300 10 0.381 1022.33 3.1623e-06
300 10 0.391 1001.04 3.1241e-06
300 10 0.401 937.348 3.0373e-06
300 10 0.411 919.065 3.0091e-06
300 10 0.421 868.771 2.9292e-06
300 10 0.431 863.132 2.8657e-06
300 10 0.441 818.294 1.9413e-06
300 10 0.451 792.451 2.9201e-06
300 10 0.461 769.945 2.8667e-06
300 10 0.471 736.275 2.7989e-06
300 10 0.481 702.925 2.7476e-06
300 10 0.491 679.462 2.7129e-06
300 10 0.501 650.702 2.6725e-06
300 10 0.511 618.957 2.6332e-06
300 10 0.521 595.957 2.5878e-06
300 10 0.531 582.864 2.5705e-06
300 10 0.541 561.985 2.5302e-06
300 10 0.551 537.719 2.0255e-06
300 10 0.561 517.468 1.7295e-06
300 10 0.571 494.315 1.716e-06
300 10 0.581 477.903 2.3875e-06
300 10 0.591 456.021 2.3569e-06
300 10 0.601 429.806 2.3275e-06
300 10 0.611 409.311 2.2588e-06
300 10 0.621 397.244 1.7501e-06
300 10 0.631 381.024 1.6419e-06
300 10 0.641 355.371 1.6207e-06
300 10 0.651 349.239 1.6109e-06
300 10 0.661 335.599 1.6092e-06
300 10 0.671 313.847 1.5799e-06
300 10 0.681 307.303 1.5816e-06
300 10 0.691 286.865 1.8469e-06
300 10 0.701 271.518 2.0735e-06
300 10 0.711 264.866 2.0621e-06
300 10 0.721 256.573 1.8172e-06
300 10 0.731 244.249 1.7978e-06
300 10 0.741 233.838 1.8903e-06
300 10 0.751 221.946 1.992e-06
300 10 0.761 212.848 1.9635e-06
300 10 0.771 198.608 1.9327e-06
300 10 0.781 190.019 1.9098e-06
300 10 0.791 180.133 1.898e-06
300 10 0.801 172.438 1.8499e-06
300 10 0.811 169.372 1.8331e-06
300 10 0.821 155.701 1.8187e-06
300 10 0.831 151.59 1.7868e-06
300 10 0.841 143.568 1.4835e-06
300 10 0.851 134.092 1.4207e-06
300 10 0.861 130.956 1.52e-06
300 10 0.871 122.794 1.8216e-06
300 10 0.881 117.246 1.8127e-06
300 10 0.891 113.524 1.7346e-06
300 10 0.901 104.594 1.7165e-06
300 10 0.911 100.505 1.693e-06
300 10 0.921 95.1657 1.6822e-06
300 10 0.931 89.2868 1.6594e-06
300 10 0.941 84.235 1.6462e-06
300 10 0.951 79.2386 1.633e-06
300 10 0.961 75.8879 1.3783e-06
300 10 0.971 69.3193 1.3031e-06
300 10 0.981 68.5437 1.3835e-06
300 10 0.991 64.2491 1.5678e-06
300 10 1.001 59.683 1.5414e-06
300 10 1.011 57.3508 1.5241e-06
300 10 1.021 52.9584 1.5062e-06
300 10 1.031 48.9966 1.49e-06
300 10 1.041 46.86 1.4747e-06
300 10 1.051 44.5002 1.4578e-06
300 10 1.061 42.9475 1.4514e-06
300 10 1.071 40.5237 1.4412e-06
300 10 1.081 35.8114 1.4161e-06
300 10 1.091 36.2901 1.4228e-06
300 10 1.101 34.054 1.3997e-06
300 10 1.111 31.7712 1.3911e-06
300 10 1.121 30.661 1.3786e-06
300 10 1.131 29.1751 1.2632e-06
300 10 1.141 27.447 1.3248e-06
300 10 1.151 26.6344 1.359e-06
300 10 1.161 25.3127 1.3504e-06
300 10 1.171 23.6078 1.3448e-06
300 10 1.181 22.8658 1.3291e-06
300 10 1.191 21.8263 1.3217e-06
300 10 1.201 20.4893 1.3051e-06
300 10 1.211 19.9939 1.3059e-06
300 10 1.221 18.8722 1.3009e-06
300 10 1.231 18.116 1.2862e-06
300 10 1.241 17.0065 1.2695e-06
300 10 1.251 17.6328 1.2621e-06
300 10 1.261 16.1988 1.2562e-06
300 10 1.271 14.6962 1.246e-06
300 10 1.281 14.6146 1.2372e-06
300 10 1.291 14.2056 1.2332e-06
300 10 1.301 13.1583 1.2216e-06
300 10 1.311 12.6186 1.2215e-06
300 10 1.321 11.765 1.2045e-06
300 10 1.331 11.389 1.1991e-06
300 10 1.341 11.0623 1.0565e-06
300 10 1.351 10.1108 9.961e-07
300 10 1.361 10.1422 1.0649e-06
300 10 1.371 9.5659 1.1695e-06
300 10 1.381 9.1786 1.158e-06
300 10 1.391 8.6656 1.1545e-06
300 10 1.401 8.2484 1.1536e-06
300 10 1.411 8.1385 1.1422e-06
300 10 1.421 7.8477 1.1381e-06
300 10 1.431 7.2691 1.1343e-06
300 10 1.441 6.7515 1.122e-06
300 10 1.451 6.7797 1.1212e-06
300 10 1.461 6.4046 1.1112e-06
300 10 1.471 6.0844 1.1118e-06
300 10 1.481 5.9237 1.1044e-06
300 10 1.491 5.6208 1.0989e-06
300 10 1.501 5.4585 1.0965e-06
300 10 1.511 5.1996 1.0894e-06
300 10 1.521 4.9829 1.0838e-06
300 10 1.531 4.7268 1.0831e-06
300 10 1.541 4.6206 1.0843e-06
300 10 1.551 4.3373 1.0736e-06
300 10 1.561 4.1854 1.0683e-06
300 10 1.571 3.9968 1.0621e-06
300 10 1.581 3.7734 1.0487e-06
300 10 1.591 3.7252 1.0302e-06
300 10 1.601 3.5898 1.0506e-06
300 10 1.611 3.4527 1.0406e-06
300 10 1.621 3.4219 1.0388e-06
300 10 1.631 3.311 1.0383e-06
300 10 1.641 3.1101 1.033e-06
300 10 1.651 3.0609 1.0334e-06
300 10 1.661 2.9665 1.0368e-06
300 10 1.671 2.8275 1.0356e-06
300 10 1.681 2.7424 1.026e-06
300 10 1.691 2.7017 1.0283e-06
300 10 1.701 2.5742 1.0252e-06
300 10 1.711 2.5359 1.0205e-06
300 10 1.721 2.4045 1.011e-06
300 10 1.731 2.3312 9.92e-07
300 10 1.741 2.3078 1.0098e-06
300 10 1.751 2.2625 1.011e-06
300 10 1.761 2.1654 1.01e-06
300 10 1.771 2.0816 1.0062e-06
300 10 1.781 1.9877 1.0005e-06
300 10 1.791 1.9631 1.0047e-06
300 10 1.801 1.8484 9.992e-07
300 10 1.811 1.8116 9.938e-07
300 10 1.821 1.7667 9.909e-07
300 10 1.831 1.681 9.866e-07
300 10 1.841 1.6608 9.876e-07
300 10 1.851 1.5767 9.871e-07
300 10 1.861 1.5176 8.324e-07
300 10 1.871 1.4529 8.212e-07
300 10 1.881 1.4393 8.327e-07
300 10 1.891 1.3956 8.244e-07
300 10 1.901 1.2859 8.142e-07
300 10 1.911 1.3341 9.439e-07
300 10 1.921 1.2181 9.662e-07
300 10 1.931 1.2153 8.301e-07
300 10 1.941 1.1776 9.258e-07
300 10 1.951 1.1098 9.43e-07
300 10 1.961 1.0704 9.394e-07
300 10 1.971 1.0494 9.376e-07
300 10 1.981 1.0021 9.371e-07
300 10 1.991 0.989 9.244e-07
300 20 0.001 5608.54 9.3924e-06
300 20 0.011 5457.78 9.1954e-06
300 20 0.021 5292.92 8.9733e-06
300 20 0.031 5122.78 8.7175e-06
300 20 0.041 4935.86 6.2414e-06
300 20 0.051 4752.53 4.5355e-06
300 20 0.061 4584.86 5.2416e-06
300 20 0.071 4387.8 7.7272e-06
300 20 0.081 4244.38 7.5217e-06
300 20 0.091 4041.66 7.214e-06
300 20 0.101 3857.56 6.9855e-06
300 20 0.111 3720.04 6.7916e-06
300 20 0.121 3554.25 6.5633e-06
300 20 0.131 3370.87 6.3115e-06
300 20 0.141 3239.55 6.1371e-06
300 20 0.151 3113.15 5.962e-06
300 20 0.161 2971.53 5.7703e-06
300 20 0.171 2828.49 5.5742e-06
300 20 0.181 2672.53 5.3622e-06
300 20 0.191 2568.61 5.2342e-06
300 20 0.201 2455.7 5.0789e-06
300 20 0.211 2324.28 4.8727e-06
300 20 0.221 2207.74 4.7496e-06
300 20 0.231 2098.94 4.6041e-06
300 20 0.241 1982.93 4.4463e-06
300 20 0.251 1911.43 4.3347e-06
300 20 0.261 1814.04 4.1958e-06
300 20 0.271 1727 4.0878e-06
300 20 0.281 1640.65 4.0025e-06
300 20 0.291 1547.82 3.8295e-06
300 20 0.301 1478.01 3.7652e-06
300 20 0.311 1387.1 3.6349e-06
300 20 0.321 1320.63 3.5493e-06
300 20 0.331 1260.37 3.4682e-06
300 20 0.341 1206.82 3.3879e-06
300 20 0.351 1138.42 3.306e-06
300 20 0.361 1061.87 3.1938e-06
300 20 0.371 1018.31 3.1363e-06
300 20 0.381 968.009 3.0696e-06
300 20 0.391 903.425 2.9654e-06
300 20 0.401 870.876 2.9244e-06
300 20 0.411 828.7 2.1818e-06
300 20 0.421 770.549 1.9032e-06
300 20 0.431 739.278 1.8936e-06
300 20 0.441 691.156 2.3857e-06
300 20 0.451 656.781 2.6433e-06
300 20 0.461 635.171 2.1835e-06
300 20 0.471 602.724 1.7771e-06
300 20 0.481 560.978 1.7394e-06
300 20 0.491 534.206 2.1261e-06
300 20 0.501 506.585 2.4253e-06
300 20 0.511 483.921 2.3715e-06
300 20 0.521 460.228 2.3267e-06
300 20 0.531 430.236 2.2908e-06
300 20 0.541 411.869 2.2601e-06
300 20 0.551 384.599 2.215e-06
300 20 0.561 365.378 2.1575e-06
300 20 0.571 345.22 2.1361e-06
300 20 0.581 333.203 2.1237e-06
300 20 0.591 313.806 2.0651e-06
300 20 0.601 298.549 2.0354e-06
300 20 0.611 280.724 2.0131e-06
300 20 0.621 266.081 1.9636e-06
300 20 0.631 255.958 1.9619e-06
300 20 0.641 236.541 1.9377e-06
300 20 0.651 226.402 1.9168e-06
300 20 0.661 214.226 1.8918e-06
300 20 0.671 202.163 1.8754e-06
300 20 0.681 192.939 1.82e-06
300 20 0.691 184.199 1.8112e-06
300 20 0.701 177.911 1.7867e-06
300 20 0.711 166.186 1.7678e-06
300 20 0.721 160.657 1.7592e-06
300 20 0.731 149.015 1.7202e-06
300 20 0.741 143.173 1.7096e-06
300 20 0.751 138.457 1.7156e-06
300 20 0.761 131.832 1.6822e-06
300 20 0.771 122.801 1.6606e-06
300 20 0.781 114.146 1.6639e-06
300 20 0.791 110.759 1.6477e-06
300 20 0.801 105.174 1.6292e-06
300 20 0.811 97.5464 1.6092e-06
300 20 0.821 92.701 1.5814e-06
300 20 0.831 88.5223 1.3737e-06
300 20 0.841 85.4338 1.2516e-06
300 20 0.851 82.1259 1.5112e-06
300 20 0.861 75.4743 1.5085e-06
300 20 0.871 71.3842 1.5002e-06
300 20 0.881 66.1955 1.4797e-06
300 20 0.891 65.9858 1.4802e-06
300 20 0.901 62.1441 1.4596e-06
300 20 0.911 57.3295 1.44e-06
300 20 0.921 54.3784 1.4284e-06
300 20 0.931 51.74 1.4138e-06
300 20 0.941 48.5926 1.3873e-06
300 20 0.951 46.9548 1.3969e-06
300 20 0.961 43.363 1.3621e-06
300 20 0.971 42.1574 1.3662e-06
300 20 0.981 39.5921 1.3526e-06
300 20 0.991 36.6962 1.3306e-06
300 20 1.001 34.3187 1.3087e-06
300 20 1.011 32.319 1.3025e-06
300 20 1.021 30.0031 1.2703e-06
300 20 1.031 28.173 1.2733e-06
300 20 1.041 27.139 1.272e-06
300 20 1.051 25.5703 1.2692e-06
300 20 1.061 23.56 1.2616e-06
300 20 1.071 22.9056 1.1203e-06
300 20 1.081 21.3044 1.2167e-06
300 20 1.091 20.0152 1.2458e-06
300 20 1.101 19.1233 1.2494e-06
300 20 1.111 18.2924 1.2298e-06
300 20 1.121 17.124 1.2196e-06
300 20 1.131 16.5368 1.1574e-06
300 20 1.141 15.6254 9.674e-07
300 20 1.151 15.0326 9.804e-07
300 20 1.161 14.1351 1.0724e-06
300 20 1.171 13.6453 1.0569e-06
300 20 1.181 13.2199 1.1336e-06
300 20 1.191 12.16 1.125e-06
300 20 1.201 11.6969 1.1183e-06
300 20 1.211 11.006 1.117e-06
300 20 1.221 10.8372 1.1132e-06
300 20 1.231 10.2073 1.1043e-06
300 20 1.241 9.4712 1.0906e-06
300 20 1.251 9.0082 1.0861e-06
300 20 1.261 8.8016 9.753e-07
300 20 1.271 8.431 1.0492e-06
300 20 1.281 7.8812 1.0635e-06
300 20 1.291 7.4293 1.0556e-06
300 20 1.301 7.2697 9.336e-07
300 20 1.311 6.8518 9.591e-07
300 20 1.321 6.5022 1.0444e-06
300 20 1.331 6.4698 1.0407e-06
300 20 1.341 6.0069 1.0428e-06
300 20 1.351 5.8663 1.0298e-06
300 20 1.361 5.5261 1.0177e-06
300 20 1.371 5.0864 1.0143e-06
300 20 1.381 5.0296 1.011e-06
300 20 1.391 4.8601 1.0059e-06
300 20 1.401 4.37 9.895e-07
300 20 1.411 4.2658 9.918e-07
300 20 1.421 4.0664 9.932e-07
300 20 1.431 4.0305 8.856e-07
300 20 1.441 3.8934 8.193e-07
300 20 1.451 3.6506 8.401e-07
300 20 1.461 3.3703 8.048e-07
300 20 1.471 3.321 8.033e-07
300 20 1.481 3.1723 8.582e-07
300 20 1.491 2.9719 9.176e-07
300 20 1.501 2.9917 9.005e-07
300 20 1.511 2.7856 9.677e-07
300 20 1.521 2.5972 9.685e-07
300 20 1.531 2.5063 9.616e-07
300 20 1.541 2.4697 9.615e-07
300 20 1.551 2.3263 9.596e-07
300 20 1.561 2.2309 9.51e-07
300 20 1.571 2.136 9.515e-07
300 20 1.581 2.008 9.579e-07
300 20 1.591 1.9902 9.418e-07
300 20 1.601 1.8979 9.292e-07
300 20 1.611 1.8971 9.293e-07
300 20 1.621 1.7345 9.108e-07
300 20 1.631 1.7876 9.419e-07
300 20 1.641 1.695 9.205e-07
300 20 1.651 1.6398 9.191e-07
300 20 1.661 1.609 9.157e-07
300 20 1.671 1.5129 9.252e-07
300 20 1.681 1.5093 8.985e-07
300 20 1.691 1.4278 8.988e-07
300 20 1.701 1.3917 8.881e-07
300 20 1.711 1.3515 9.044e-07
300 20 1.721 1.3016 9.104e-07
300 20 1.731 1.2504 8.443e-07
300 20 1.741 1.2425 7.674e-07
300 20 1.751 1.1604 7.776e-07
300 20 1.761 1.1511 8e-07
300 20 1.771 1.0849 8.858e-07
300 20 1.781 1.0677 8.692e-07
300 20 1.791 1.0296 8.938e-07
300 20 1.801 0.9915 8.863e-07
300 20 1.811 0.969 8.943e-07
300 20 1.821 0.9043 8.867e-07
300 20 1.831 0.8963 8.789e-07
300 20 1.841 0.8558 8.868e-07
300 20 1.851 0.8365 8.731e-07
300 20 1.861 0.8111 7.38e-07
300 20 1.871 0.7787 7.518e-07
300 20 1.881 0.7553 8.529e-07
300 20 1.891 0.7412 8.751e-07
300 20 1.901 0.707 8.823e-07
300 20 1.911 0.6969 8.833e-07
300 20 1.921 0.6493 8.77e-07
300 20 1.931 0.6305 8.743e-07
300 20 1.941 0.6332 8.656e-07
300 20 1.951 0.6052 8.58e-07
300 20 1.961 0.5716 8.719e-07
300 20 1.971 0.5557 8.623e-07
300 20 1.981 0.5331 8.553e-07
300 20 1.991 0.4942 8.463e-07
300 30 0.001 8107.18 1.27814e-05
300 30 0.011 7791.98 1.23463e-05
300 30 0.021 7457.28 1.1905e-05
300 30 0.031 7084.28 1.13908e-05
300 30 0.041 6743.74 1.09254e-05
300 30 0.051 6410.81 1.0476e-05
300 30 0.061 6067.91 1.00131e-05
300 30 0.071 5726.86 9.5438e-06
300 30 0.081 5386.36 9.0691e-06
300 30 0.091 5109.26 8.7021e-06
300 30 0.101 4782.42 8.2577e-06
300 30 0.111 4520.6 7.9066e-06
300 30 0.121 4269.09 7.5525e-06
300 30 0.131 3991.23 7.1731e-06
300 30 0.141 3767.24 6.8679e-06
300 30 0.151 3560.21 6.5833e-06
300 30 0.161 3309.29 6.2548e-06
300 30 0.171 3142.77 6.0317e-06
300 30 0.181 2923.6 5.7424e-06
300 30 0.191 2757.78 5.5005e-06
300 30 0.201 2584.45 5.271e-06
300 30 0.211 2410.95 5.039e-06
300 30 0.221 2265.61 4.8182e-06
300 30 0.231 2092.93 4.5874e-06
300 30 0.241 2000.45 4.4631e-06
300 30 0.251 1846.14 4.2676e-06
300 30 0.261 1762.21 4.1448e-06
300 30 0.271 1645.57 3.9887e-06
300 30 0.281 1527.44 3.8249e-06
300 30 0.291 1445.93 3.7152e-06
300 30 0.301 1361.89 3.5813e-06
300 30 0.311 1278.52 3.4794e-06
300 30 0.321 1180.28 3.3332e-06
300 30 0.331 1119.56 3.2409e-06
300 30 0.341 1065.49 3.1656e-06
300 30 0.351 984.646 3.0468e-06
300 30 0.361 928.558 2.9664e-06
300 30 0.371 868.925 2.8832e-06
300 30 0.381 820.432 2.8117e-06
300 30 0.391 785.177 2.7623e-06
300 30 0.401 726.675 2.6691e-06
300 30 0.411 698.202 2.6263e-06
300 30 0.421 661.545 2.5666e-06
300 30 0.431 615.312 2.4992e-06
300 30 0.441 587.798 2.451e-06
300 30 0.451 544.214 2.3863e-06
300 30 0.461 515.465 2.3416e-06
300 30 0.471 494.987 2.3045e-06
300 30 0.481 465.213 2.263e-06
300 30 0.491 441.448 2.2216e-06
300 30 0.501 410.77 2.1618e-06
300 30 0.511 392.366 2.1467e-06
300 30 0.521 378.563 2.1291e-06
300 30 0.531 354.053 2.0735e-06
300 30 0.541 331.895 2.041e-06
300 30 0.551 321.237 2.0098e-06
300 30 0.561 301.534 1.9875e-06
300 30 0.571 282.554 1.9553e-06
300 30 0.581 273.214 1.9262e-06
300 30 0.591 253.154 1.9003e-06
300 30 0.601 241.025 1.8711e-06
300 30 0.611 232.87 1.8571e-06
300 30 0.621 214.372 1.8188e-06
300 30 0.631 204.962 1.8076e-06
300 30 0.641 198.964 1.7982e-06
300 30 0.651 188.049 1.7558e-06
300 30 0.661 176.791 1.7398e-06
300 30 0.671 167.064 1.7232e-06
300 30 0.681 157.531 1.6999e-06
300 30 0.691 152.63 1.6972e-06
300 30 0.701 144.938 1.677e-06
300 30 0.711 138.122 1.6583e-06
300 30 0.721 132.208 1.6329e-06
300 30 0.731 122.987 1.6111e-06
300 30 0.741 118.557 1.4015e-06
300 30 0.751 113.797 1.5296e-06
300 30 0.761 105.899 1.6449e-06
300 30 0.771 103.362 1.3057e-06
300 30 0.781 99.6595 1.224e-06
300 30 0.791 90.4762 1.219e-06
300 30 0.801 85.7116 1.1886e-06
300 30 0.811 82.4988 1.2683e-06
300 30 0.821 77.6581 1.1753e-06
300 30 0.831 73.9826 1.1668e-06
300 30 0.841 69.9429 1.428e-06
300 30 0.851 66.1637 1.459e-06
300 30 0.861 61.6876 1.4205e-06
300 30 0.871 58.4356 1.4127e-06
300 30 0.881 57.2999 1.4166e-06
300 30 0.891 54.3221 1.4113e-06
300 30 0.901 51.5727 1.4004e-06
300 30 0.911 47.6278 1.3699e-06
300 30 0.921 45.3978 1.367e-06
300 30 0.931 43.1674 1.3542e-06
300 30 0.941 40.6185 1.3395e-06
300 30 0.951 38.0022 1.3174e-06
300 30 0.961 36.3569 1.3078e-06
300 30 0.971 34.599 1.2913e-06
300 30 0.981 32.7693 1.0745e-06
300 30 0.991 31.3475 1.1704e-06
300 30 1.001 28.134 1.1249e-06
300 30 1.011 26.6709 1.2038e-06
300 30 1.021 24.667 1.1981e-06
300 30 1.031 24.0277 1.1972e-06
300 30 1.041 22.7138 1.1725e-06
300 30 1.051 21.2752 1.1608e-06
300 30 1.061 20.1037 1.1564e-06
300 30 1.071 18.7761 1.1438e-06
300 30 1.081 17.5324 1.1461e-06
300 30 1.091 16.8251 1.1339e-06
300 30 1.101 15.7785 1.1168e-06
300 30 1.111 15.0104 1.102e-06
300 30 1.121 14.0474 1.0994e-06
300 30 1.131 13.4015 1.1077e-06
300 30 1.141 12.8934 1.0998e-06
300 30 1.151 12.3682 1.0818e-06
300 30 1.161 11.672 1.081e-06
300 30 1.171 11.2125 1.0763e-06
300 30 1.181 10.5431 1.061e-06
300 30 1.191 9.9674 1.075e-06
300 30 1.201 9.3474 9.578e-07
300 30 1.211 8.9169 1.0876e-06
300 30 1.221 8.8793 8.7e-07
300 30 1.231 8.1013 8.636e-07
300 30 1.241 7.98 8.629e-07
300 30 1.251 7.5352 9.089e-07
300 30 1.261 7.3315 1.1358e-06
300 30 1.271 7.0498 1.1266e-06
300 30 1.281 6.5021 1.1249e-06
300 30 1.291 6.0035 1.1183e-06
300 30 1.301 5.9271 1.1237e-06
300 30 1.311 5.6041 9.078e-07
300 30 1.321 5.2865 1.0936e-06
300 30 1.331 5.1848 1.091e-06
300 30 1.341 4.7301 1.087e-06
300 30 1.351 4.5945 1.0801e-06
300 30 1.361 4.3853 1.0717e-06
300 30 1.371 4.1469 1.0749e-06
300 30 1.381 4.0843 1.0743e-06
300 30 1.391 3.8533 9.991e-07
300 30 1.401 3.5889 7.98e-07
300 30 1.411 3.5722 8.037e-07
300 30 1.421 3.3355 8.487e-07
300 30 1.431 3.1723 9.123e-07
300 30 1.441 3.0613 7.806e-07
300 30 1.451 2.9166 8.859e-07
300 30 1.461 2.7534 7.853e-07
300 30 1.471 2.6217 7.781e-07
300 30 1.481 2.5339 7.678e-07
300 30 1.491 2.4475 7.728e-07
300 30 1.501 2.2728 7.926e-07
300 30 1.511 2.1982 9.21e-07
300 30 1.521 2.0667 7.575e-07
300 30 1.531 1.9584 7.713e-07
300 30 1.541 1.8737 7.777e-07
300 30 1.551 1.8226 7.525e-07
300 30 1.561 1.7114 8.687e-07
300 30 1.571 1.656 9.372e-07
300 30 1.581 1.5933 8.144e-07
300 30 1.591 1.5214 9.173e-07
300 30 1.601 1.5086 8.678e-07
300 30 1.611 1.3918 8.615e-07
300 30 1.621 1.3772 9.242e-07
300 30 1.631 1.3027 9.145e-07
300 30 1.641 1.2784 9.168e-07
300 30 1.651 1.2809 9.087e-07
300 30 1.661 1.2445 9.105e-07
300 30 1.671 1.1923 8.018e-07
300 30 1.681 1.1591 7.302e-07
300 30 1.691 1.1439 8.765e-07
300 30 1.701 1.0628 7.714e-07
300 30 1.711 1.0093 8.837e-07
300 30 1.721 0.9875 9.066e-07
300 30 1.731 0.9527 9.329e-07
300 30 1.741 0.9452 8.09e-07
300 30 1.751 0.8874 8.936e-07
300 30 1.761 0.8831 8.833e-07
300 30 1.771 0.8425 8.758e-07
300 30 1.781 0.8213 8.776e-07
300 30 1.791 0.786 8.995e-07
300 30 1.801 0.7686 8.451e-07
300 30 1.811 0.7349 7.146e-07
300 30 1.821 0.693 7.038e-07
300 30 1.831 0.6753 7.068e-07
300 30 1.841 0.6478 6.943e-07
300 30 1.851 0.6389 7.019e-07
300 30 1.861 0.6315 8.623e-07
300 30 1.871 0.6046 9.357e-07
300 30 1.881 0.5873 9.326e-07
300 30 1.891 0.5472 9.36e-07
300 30 1.901 0.5171 9.423e-07
300 30 1.911 0.4972 9.338e-07
300 30 1.921 0.4812 9.316e-07
300 30 1.931 0.4795 9.29e-07
300 30 1.941 0.4563 9.239e-07
300 30 1.951 0.4549 9.203e-07
300 30 1.961 0.45 9.16e-07
300 30 1.971 0.4233 9.025e-07
300 30 1.981 0.4042 9.066e-07
300 30 1.991 0.3839 8.816e-07
300 40 0.001 10398.7 1.75762e-05
300 40 0.011 9872.29 1.64355e-05
300 40 0.021 9305.68 1.55707e-05
300 40 0.031 8759.88 1.47383e-05
300 40 0.041 8224.17 1.39322e-05
300 40 0.051 7645.25 1.30636e-05
300 40 0.061 7156.98 1.23389e-05
300 40 0.071 6672.91 1.16166e-05
300 40 0.081 6198.64 1.09147e-05
300 40 0.091 5751.81 1.02188e-05
300 40 0.101 5314.6 9.5644e-06
300 40 0.111 4987.49 9.087e-06
300 40 0.121 4591.2 8.4958e-06
300 40 0.131 4263.69 8.0155e-06
300 40 0.141 3936.71 7.5307e-06
300 40 0.151 3648.77 7.1061e-06
300 40 0.161 3404.29 6.7442e-06
300 40 0.171 3150.36 6.3538e-06
300 40 0.181 2909.63 5.9892e-06
300 40 0.191 2697.92 5.6687e-06
300 40 0.201 2517.67 5.4097e-06
300 40 0.211 2323.03 5.1081e-06
300 40 0.221 2156.31 4.8555e-06
300 40 0.231 1988.05 4.5935e-06
300 40 0.241 1863.39 4.4205e-06
300 40 0.251 1719.14 4.1968e-06
300 40 0.261 1586.1 3.9972e-06
300 40 0.271 1506.25 3.8778e-06
300 40 0.281 1381.93 3.6754e-06
300 40 0.291 1286.34 3.535e-06
300 40 0.301 1219.11 3.4419e-06
300 40 0.311 1113.26 3.2775e-06
300 40 0.321 1065.09 3.1874e-06
300 40 0.331 982.476 3.0533e-06
300 40 0.341 933.737 2.9667e-06
300 40 0.351 860.646 2.8529e-06
300 40 0.361 814.12 2.7735e-06
300 40 0.371 759.553 2.6834e-06
300 40 0.381 730.477 2.6385e-06
300 40 0.391 669.742 2.5535e-06
300 40 0.401 649.083 2.5143e-06
300 40 0.411 607.152 2.4463e-06
300 40 0.421 573.96 2.4114e-06
300 40 0.431 525.732 2.3426e-06
300 40 0.441 509.903 2.3116e-06
300 40 0.451 476.734 2.2571e-06
300 40 0.461 460.381 2.2217e-06
300 40 0.471 434.63 2.1864e-06
300 40 0.481 414.497 2.1469e-06
300 40 0.491 386.129 2.0871e-06
300 40 0.501 369.129 2.0332e-06
300 40 0.511 341.412 2.0217e-06
300 40 0.521 334.081 2.0052e-06
300 40 0.531 310.164 1.9614e-06
300 40 0.541 295.09 1.9406e-06
300 40 0.551 281.943 1.9125e-06
300 40 0.561 263.315 1.884e-06
300 40 0.571 254.723 1.8636e-06
300 40 0.581 243.373 1.6588e-06
300 40 0.591 228.428 1.3865e-06
300 40 0.601 217.683 1.3731e-06
300 40 0.611 206.087 1.5862e-06
300 40 0.621 192.349 1.7501e-06
300 40 0.631 184.484 1.7381e-06
300 40 0.641 177.642 1.7195e-06
300 40 0.651 167.826 1.6945e-06
300 40 0.661 156.422 1.6662e-06
300 40 0.671 148.828 1.5621e-06
300 40 0.681 141.802 1.2653e-06
300 40 0.691 135.749 1.2414e-06
300 40 0.701 130.773 1.34e-06
300 40 0.711 124.966 1.5923e-06
300 40 0.721 116.3 1.5645e-06
300 40 0.731 110.244 1.2888e-06
300 40 0.741 105.798 1.1979e-06
300 40 0.751 98.1728 1.1883e-06
300 40 0.761 95.4137 1.2363e-06
300 40 0.771 91.927 1.1857e-06
300 40 0.781 86.8611 1.2798e-06
300 40 0.791 81.9758 1.526e-06
300 40 0.801 77.2502 1.5361e-06
300 40 0.811 74.5871 1.5198e-06
300 40 0.821 68.3252 1.493e-06
300 40 0.831 65.9318 1.288e-06
300 40 0.841 61.9698 1.0898e-06
300 40 0.851 59.7901 1.0898e-06
300 40 0.861 57.1956 1.345e-06
300 40 0.871 54.9318 1.4015e-06
300 40 0.881 51.1466 1.4359e-06
300 40 0.891 48.313 1.3302e-06
300 40 0.901 44.9601 1.056e-06
300 40 0.911 41.9985 1.0498e-06
300 40 0.921 40.5357 1.2246e-06
300 40 0.931 38.5505 1.3145e-06
300 40 0.941 36.1472 1.2976e-06
300 40 0.951 35.0106 1.2973e-06
300 40 0.961 32.9012 1.2801e-06
300 40 0.971 30.3429 1.2507e-06
300 40 0.981 29.5213 1.2547e-06
300 40 0.991 27.8295 1.2359e-06
300 40 1.001 25.4938 1.223e-06
300 40 1.011 23.5961 1.2041e-06
300 40 1.021 22.5145 1.1894e-06
300 40 1.031 20.6368 1.1778e-06
300 40 1.041 19.9056 1.03e-06
300 40 1.051 18.4267 1.1738e-06
300 40 1.061 17.8074 1.1693e-06
300 40 1.071 16.8606 1.0021e-06
300 40 1.081 15.7142 1.149e-06
300 40 1.091 15.2916 1.1533e-06
300 40 1.101 14.1138 1.1527e-06
300 40 1.111 13.6587 1.1352e-06
300 40 1.121 12.8158 1.129e-06
300 40 1.131 12.2867 1.1207e-06
300 40 1.141 11.4617 1.1154e-06
300 40 1.151 10.8076 1.1105e-06
300 40 1.161 10.5911 1.1028e-06
300 40 1.171 10.1129 1.1016e-06
300 40 1.181 9.1915 1.0891e-06
300 40 1.191 8.7942 1.0838e-06
300 40 1.201 8.1569 1.0737e-06
300 40 1.211 8.1497 1.0772e-06
300 40 1.221 7.6433 9.597e-07
300 40 1.231 7.0651 1.0328e-06
300 40 1.241 6.8758 9.64e-07
300 40 1.251 6.621 8.269e-07
300 40 1.261 6.2777 8.349e-07
300 40 1.271 6.0319 8.521e-07
300 40 1.281 5.4695 9.146e-07
300 40 1.291 5.3506 1.0146e-06
300 40 1.301 5.2978 1.0096e-06
300 40 1.311 5.0604 1.011e-06
300 40 1.321 4.6744 9.867e-07
300 40 1.331 4.5069 9.896e-07
300 40 1.341 4.2315 8.659e-07
300 40 1.351 4.0706 9.649e-07
300 40 1.361 3.847 9.724e-07
300 40 1.371 3.7362 8.175e-07
300 40 1.381 3.5465 9.401e-07
300 40 1.391 3.3051 9.554e-07
300 40 1.401 3.2282 9.689e-07
300 40 1.411 3.0323 9.84e-07
300 40 1.421 3.0117 9.779e-07
300 40 1.431 2.7029 9.726e-07
300 40 1.441 2.6203 9.712e-07
300 40 1.451 2.5071 9.514e-07
300 40 1.461 2.3935 9.571e-07
300 40 1.471 2.2654 9.53e-07
300 40 1.481 2.1885 9.224e-07
300 40 1.491 2.1261 9.208e-07
300 40 1.501 2.019 9.102e-07
300 40 1.511 1.9437 7.748e-07
300 40 1.521 1.8202 7.712e-07
300 40 1.531 1.7714 7.806e-07
300 40 1.541 1.6963 7.739e-07
300 40 1.551 1.5383 8.39e-07
300 40 1.561 1.4435 9.396e-07
300 40 1.571 1.459 9.412e-07
300 40 1.581 1.3588 9.931e-07
300 40 1.591 1.3301 9.857e-07
300 40 1.601 1.3114 9.811e-07
300 40 1.611 1.2342 7.901e-07
300 40 1.621 1.1782 7.508e-07
300 40 1.631 1.1474 7.373e-07
300 40 1.641 1.1303 8.763e-07
300 40 1.651 1.0616 9.087e-07
300 40 1.661 1.0536 8.914e-07
300 40 1.671 1.0505 8.67e-07
300 40 1.681 0.9644 7.088e-07
300 40 1.691 0.981 7.169e-07
300 40 1.701 0.9249 7.056e-07
300 40 1.711 0.8778 7.101e-07
300 40 1.721 0.8573 7.809e-07
300 40 1.731 0.8244 8.72e-07
300 40 1.741 0.7953 8.722e-07
300 40 1.751 0.7656 8.706e-07
300 40 1.761 0.7247 8.673e-07
300 40 1.771 0.7278 8.622e-07
300 40 1.781 0.691 8.525e-07
300 40 1.791 0.6793 8.547e-07
300 40 1.801 0.6333 8.522e-07
300 40 1.811 0.6347 8.596e-07
300 40 1.821 0.6172 8.538e-07
300 40 1.831 0.5833 8.561e-07
300 40 1.841 0.5517 8.54e-07
300 40 1.851 0.5452 8.568e-07
300 40 1.861 0.5149 8.582e-07
300 40 1.871 0.5103 8.447e-07
300 40 1.881 0.4887 8.416e-07
300 40 1.891 0.4537 8.44e-07
300 40 1.901 0.451 8.429e-07
300 40 1.911 0.4292 8.534e-07
300 40 1.921 0.4002 7.991e-07
300 40 1.931 0.4116 7.181e-07
300 40 1.941 0.3853 8.573e-07
300 40 1.951 0.3791 8.553e-07
300 40 1.961 0.365 8.657e-07
300 40 1.971 0.3601 8.627e-07
300 40 1.981 0.3391 6.748e-07
300 40 1.991 0.3312 6.874e-07
400 10 0.001 3904.81 7.5104e-06
400 10 0.011 3847.23 7.423e-06
400 10 0.021 3788.08 7.3515e-06
400 10 0.031 3721.5 7.2492e-06
400 10 0.041 3636.1 7.1223e-06
400 10 0.051 3560.54 7.0305e-06
400 10 0.061 3497.37 6.9386e-06
400 10 0.071 3425.89 6.8427e-06
400 10 0.081 3335.71 6.7206e-06
400 10 0.091 3267.51 6.6198e-06
400 10 0.101 3182.11 6.5053e-06
400 10 0.111 3103.43 6.3758e-06
400 10 0.121 3024.26 6.1973e-06
400 10 0.131 2949.15 5.778e-06
400 10 0.141 2878.75 6.0552e-06
400 10 0.151 2797.82 5.9429e-06
400 10 0.161 2748.12 5.8724e-06
400 10 0.171 2650.13 5.7316e-06
400 10 0.181 2602.73 5.6663e-06
400 10 0.191 2501.17 5.5209e-06
400 10 0.201 2444.37 5.4535e-06
400 10 0.211 2389.66 5.3766e-06
400 10 0.221 2298.02 5.2424e-06
400 10 0.231 2244.25 5.1681e-06
400 10 0.241 2187.79 5.0763e-06
400 10 0.251 2108.26 4.9703e-06
400 10 0.261 2049.25 4.8985e-06
400 10 0.271 1970.62 4.7953e-06
400 10 0.281 1921.59 4.7179e-06
400 10 0.291 1857.83 4.6328e-06
400 10 0.301 1793.02 4.545e-06
400 10 0.311 1738.04 4.4848e-06
400 10 0.321 1675.77 4.398e-06
400 10 0.331 1614.42 3.2315e-06
400 10 0.341 1587.11 3.6535e-06
400 10 0.351 1516.69 4.2386e-06
400 10 0.361 1448.35 4.1459e-06
400 10 0.371 1409.68 3.0705e-06
400 10 0.381 1368.44 3.4506e-06
400 10 0.391 1328.52 3.9703e-06
400 10 0.401 1263.07 3.895e-06
400 10 0.411 1223.3 3.8299e-06
400 10 0.421 1197.41 3.7877e-06
400 10 0.431 1130.14 3.6981e-06
400 10 0.441 1108.45 3.6654e-06
400 10 0.451 1051.85 3.5959e-06
400 10 0.461 1016.73 3.5339e-06
400 10 0.471 976.561 3.4741e-06
400 10 0.481 947.4 3.4333e-06
400 10 0.491 914.137 3.3687e-06
400 10 0.501 868.473 3.2961e-06
400 10 0.511 848.358 2.2163e-06
400 10 0.521 819.112 2.1969e-06
400 10 0.531 766.682 2.1788e-06
400 10 0.541 732.951 2.1558e-06
400 10 0.551 720.791 2.1927e-06
400 10 0.561 684.354 3.0524e-06
400 10 0.571 661.923 2.9693e-06
400 10 0.581 634.881 2.9213e-06
400 10 0.591 607.957 2.8985e-06
400 10 0.601 582.011 2.7065e-06
400 10 0.611 556.155 2.0284e-06
400 10 0.621 529.464 2.0102e-06
400 10 0.631 508.498 2.656e-06
400 10 0.641 484.663 2.7852e-06
400 10 0.651 464.843 2.75e-06
400 10 0.661 447.963 2.7327e-06
400 10 0.671 422.942 2.6802e-06
400 10 0.681 411.357 2.6646e-06
400 10 0.691 399.568 2.4166e-06
400 10 0.701 367.37 1.897e-06
400 10 0.711 357.855 1.892e-06
400 10 0.721 347.15 1.9003e-06
400 10 0.731 325.339 1.8814e-06
400 10 0.741 311.539 1.8719e-06
400 10 0.751 295.968 1.8301e-06
400 10 0.761 284.921 2.1606e-06
400 10 0.771 271.889 2.0556e-06
400 10 0.781 263.105 2.3448e-06
400 10 0.791 240.062 2.2995e-06
400 10 0.801 234.197 2.2886e-06
400 10 0.811 217.165 2.2455e-06
400 10 0.821 213.852 2.234e-06
400 10 0.831 198.952 2.2117e-06
400 10 0.841 191.311 2.1951e-06
400 10 0.851 182.345 2.1549e-06
400 10 0.861 174.345 2.1422e-06
400 10 0.871 161.674 2.1124e-06
400 10 0.881 151.291 2.0811e-06
400 10 0.891 147.356 2.0693e-06
400 10 0.901 138.008 2.0503e-06
400 10 0.911 136.383 2.0399e-06
400 10 0.921 126.647 2.0132e-06
400 10 0.931 120.321 1.9856e-06
400 10 0.941 111.612 1.9607e-06
400 10 0.951 109.282 1.9626e-06
400 10 0.961 105.971 1.9343e-06
400 10 0.971 97.3707 1.9223e-06
400 10 0.981 89.2507 1.8866e-06
400 10 0.991 86.3537 1.8567e-06
400 10 1.001 80.8889 1.8497e-06
400 10 1.011 75.8331 1.816e-06
400 10 1.021 72.4649 1.8065e-06
400 10 1.031 67.6688 1.7807e-06
400 10 1.041 64.6569 1.7538e-06
400 10 1.051 59.6883 1.733e-06
400 10 1.061 56.1564 1.7184e-06
400 10 1.071 54.2874 1.7021e-06
400 10 1.081 51.4834 1.6937e-06
400 10 1.091 48.6061 1.6687e-06
400 10 1.101 46.1256 1.6517e-06
400 10 1.111 42.5271 1.6394e-06
400 10 1.121 42.3342 1.6288e-06
400 10 1.131 37.8874 1.5994e-06
400 10 1.141 36.903 1.5911e-06
400 10 1.151 35.4297 1.5799e-06
400 10 1.161 34.3738 1.5624e-06
400 10 1.171 32.3939 1.5459e-06
400 10 1.181 30.7614 1.5315e-06
400 10 1.191 28.7275 1.5211e-06
400 10 1.201 27.358 1.5073e-06
400 10 1.211 26.324 1.5062e-06
400 10 1.221 25.4669 1.4892e-06
400 10 1.231 24.5788 1.4771e-06
400 10 1.241 22.8289 1.4704e-06
400 10 1.251 22.3284 1.4551e-06
400 10 1.261 21.1692 1.446e-06
400 10 1.271 20.0882 1.438e-06
400 10 1.281 19.3789 1.4209e-06
400 10 1.291 18.5445 1.4132e-06
400 10 1.301 17.7449 1.4065e-06
400 10 1.311 17.2606 1.366e-06
400 10 1.321 15.9992 1.1679e-06
400 10 1.331 15.5912 1.3692e-06
400 10 1.341 14.4226 1.369e-06
400 10 1.351 13.9098 1.35e-06
400 10 1.361 13.2652 1.3513e-06
400 10 1.371 13.0589 1.3536e-06
400 10 1.381 12.2522 1.3376e-06
400 10 1.391 11.638 1.33e-06
400 10 1.401 11.4493 1.3341e-06
400 10 1.411 10.7654 1.3101e-06
400 10 1.421 10.4455 1.3091e-06
400 10 1.431 9.8562 1.2938e-06
400 10 1.441 9.2151 1.2823e-06
400 10 1.451 9.1688 1.2812e-06
400 10 1.461 8.7424 1.2765e-06
400 10 1.471 8.2838 1.263e-06
400 10 1.481 7.8325 1.2501e-06
400 10 1.491 7.5722 1.2444e-06
400 10 1.501 7.0573 1.2403e-06
400 10 1.511 6.9257 1.2352e-06
400 10 1.521 6.7435 1.2275e-06
400 10 1.531 6.2761 1.1789e-06
400 10 1.541 6.1999 1.2237e-06
400 10 1.551 5.8866 1.0991e-06
400 10 1.561 5.687 1.2065e-06
400 10 1.571 5.3194 1.1769e-06
400 10 1.581 5.2347 1.1797e-06
400 10 1.591 4.9326 1.0069e-06
400 10 1.601 4.7755 1.1356e-06
400 10 1.611 4.6544 1.1359e-06
400 10 1.621 4.4797 1.0009e-06
400 10 1.631 4.288 1.1116e-06
400 10 1.641 4.2963 1.0245e-06
400 10 1.651 4.035 1.1636e-06
400 10 1.661 3.9847 1.1656e-06
400 10 1.671 3.7748 1.1577e-06
400 10 1.681 3.7806 1.1564e-06
400 10 1.691 3.6037 1.1508e-06
400 10 1.701 3.5026 1.1462e-06
400 10 1.711 3.3392 1.1417e-06
400 10 1.721 3.241 1.1376e-06
400 10 1.731 3.2024 1.1455e-06
400 10 1.741 3.0915 1.1398e-06
400 10 1.751 2.964 1.0849e-06
400 10 1.761 2.8167 1.0339e-06
400 10 1.771 2.8007 1.1241e-06
400 10 1.781 2.6984 1.1175e-06
400 10 1.791 2.5926 1.1082e-06
400 10 1.801 2.516 1.1186e-06
400 10 1.811 2.4094 1.1123e-06
400 10 1.821 2.3461 1.1075e-06
400 10 1.831 2.2809 1.1044e-06
400 10 1.841 2.219 1.0999e-06
400 10 1.851 2.1779 1.102e-06
400 10 1.861 2.0665 1.097e-06
400 10 1.871 1.9993 1.0909e-06
400 10 1.881 1.917 1.0906e-06
400 10 1.891 1.8811 1.0865e-06
400 10 1.901 1.798 1.0766e-06
400 10 1.911 1.7148 1.0792e-06
400 10 1.921 1.6638 1.0772e-06
400 10 1.931 1.6087 1.0791e-06
400 10 1.941 1.5454 1.0757e-06
400 10 1.951 1.4955 1.0691e-06
400 10 1.961 1.4807 1.0683e-06
400 10 1.971 1.3862 1.0612e-06
400 10 1.981 1.3726 1.0583e-06
400 10 1.991 1.3012 1.0579e-06
400 20 0.001 7601.74 1.27577e-05
400 20 0.011 7411.38 1.24977e-05
400 20 0.021 7179.68 1.21799e-05
400 20 0.031 6955.9 1.18663e-05
400 20 0.041 6683.48 1.14615e-05
400 20 0.051 6435.4 1.11182e-05
400 20 0.061 6202.92 1.07946e-05
400 20 0.071 5954.9 1.04452e-05
400 20 0.081 5740.16 1.01375e-05
400 20 0.091 5498.21 9.7958e-06
400 20 0.101 5289.82 9.4917e-06
400 20 0.111 5029.2 9.1364e-06
400 20 0.121 4843.36 8.8823e-06
400 20 0.131 4590.88 8.5283e-06
400 20 0.141 4377.87 8.2153e-06
400 20 0.151 4168.66 7.9185e-06
400 20 0.161 4015.67 7.707e-06
400 20 0.171 3818.88 7.437e-06
400 20 0.181 3629.99 7.1813e-06
400 20 0.191 3485.15 6.9658e-06
400 20 0.201 3331.13 6.7105e-06
400 20 0.211 3155.34 6.4494e-06
400 20 0.221 3021.83 6.2611e-06
400 20 0.231 2850.91 6.025e-06
400 20 0.241 2706.42 5.8237e-06
400 20 0.251 2561.33 5.6066e-06
400 20 0.261 2446.94 5.4518e-06
400 20 0.271 2323.44 5.2662e-06
400 20 0.281 2244.61 5.1688e-06
400 20 0.291 2089.21 4.531e-06
400 20 0.301 1974.25 2.967e-06
400 20 0.311 1913.44 4.5461e-06
400 20 0.321 1794.62 4.556e-06
400 20 0.331 1674.3 4.3755e-06
400 20 0.341 1631.5 4.3217e-06
400 20 0.351 1500.23 4.1352e-06
400 20 0.361 1469.2 4.1038e-06
400 20 0.371 1382.85 3.9573e-06
400 20 0.381 1306.76 3.8605e-06
400 20 0.391 1237.89 3.7524e-06
400 20 0.401 1171.71 3.6812e-06
400 20 0.411 1104.44 3.571e-06
400 20 0.421 1048.46 3.4776e-06
400 20 0.431 1003.95 3.3708e-06
400 20 0.441 939.409 3.2953e-06
400 20 0.451 900.766 3.2155e-06
400 20 0.461 840.39 3.1319e-06
400 20 0.471 805.143 3.0832e-06
400 20 0.481 774.26 3.0341e-06
400 20 0.491 729.091 2.9679e-06
400 20 0.501 672.369 2.8949e-06
400 20 0.511 655.273 2.8557e-06
400 20 0.521 634.186 2.8199e-06
400 20 0.531 585.99 2.7585e-06
400 20 0.541 539.921 2.695e-06
400 20 0.551 514.205 2.6442e-06
400 20 0.561 501.669 2.614e-06
400 20 0.571 468.295 2.5565e-06
400 20 0.581 445.092 2.5092e-06
400 20 0.591 433.058 2.5013e-06
400 20 0.601 399.819 2.5048e-06
400 20 0.611 383.903 2.4828e-06
400 20 0.621 361.504 2.425e-06
400 20 0.631 343.517 2.4061e-06
400 20 0.641 328.621 2.3671e-06
400 20 0.651 311.021 1.7978e-06
400 20 0.661 288.635 1.7425e-06
400 20 0.671 270.741 1.7099e-06
400 20 0.681 266.102 1.7076e-06
400 20 0.691 253.145 1.6991e-06
400 20 0.701 243.934 1.676e-06
400 20 0.711 227.123 1.8861e-06
400 20 0.721 212.199 2.173e-06
400 20 0.731 199.905 2.0792e-06
400 20 0.741 190.489 2.0538e-06
400 20 0.751 185.962 1.739e-06
400 20 0.761 173.944 1.5831e-06
400 20 0.771 166.601 1.5787e-06
400 20 0.781 160.095 1.5564e-06
400 20 0.791 153.127 1.5534e-06
400 20 0.801 141.46 1.535e-06
400 20 0.811 135.911 1.5178e-06
400 20 0.821 129.381 1.5221e-06
400 20 0.831 121.076 1.7642e-06
400 20 0.841 114.135 1.8423e-06
400 20 0.851 109.296 1.8175e-06
400 20 0.861 101.459 1.8005e-06
400 20 0.871 96.6608 1.7679e-06
400 20 0.881 95.4957 1.7805e-06
400 20 0.891 86.4553 1.7473e-06
400 20 0.901 83.9637 1.7368e-06
400 20 0.911 79.4856 1.7158e-06
400 20 0.921 73.882 1.6955e-06
400 20 0.931 69.9069 1.675e-06
400 20 0.941 67.1107 1.6567e-06
400 20 0.951 63.857 1.6454e-06
400 20 0.961 60.3592 1.6202e-06
400 20 0.971 55.6388 1.3646e-06
400 20 0.981 53.1683 1.3341e-06
400 20 0.991 48.8547 1.3132e-06
400 20 1.001 45.9725 1.4259e-06
400 20 1.011 42.3567 1.3167e-06
400 20 1.021 41.7861 1.3896e-06
400 20 1.031 38.6707 1.2767e-06
400 20 1.041 36.5677 1.2188e-06
400 20 1.051 35.002 1.2014e-06
400 20 1.061 32.9193 1.1897e-06
400 20 1.071 30.5516 1.1778e-06
400 20 1.081 28.9579 1.2104e-06
400 20 1.091 27.0515 1.395e-06
400 20 1.101 25.6331 1.3782e-06
400 20 1.111 25.0061 1.1596e-06
400 20 1.121 23.635 1.1396e-06
400 20 1.131 22.6232 1.123e-06
400 20 1.141 20.8907 1.1156e-06
400 20 1.151 19.9955 1.1029e-06
400 20 1.161 19.32 1.1776e-06
400 20 1.171 18.2866 1.3184e-06
400 20 1.181 17.5436 1.2851e-06
400 20 1.191 16.5751 1.2904e-06
400 20 1.201 16.3645 1.2828e-06
400 20 1.211 14.9363 1.0767e-06
400 20 1.221 14.1035 1.0448e-06
400 20 1.231 13.7517 1.1937e-06
400 20 1.241 13.2629 1.1014e-06
400 20 1.251 12.6007 1.1359e-06
400 20 1.261 11.8691 1.1182e-06
400 20 1.271 11.0839 1.1487e-06
400 20 1.281 10.7245 1.0033e-06
400 20 1.291 10.2405 1.119e-06
400 20 1.301 9.795 1.0621e-06
400 20 1.311 9.7221 1.0302e-06
400 20 1.321 8.7915 1.1659e-06
400 20 1.331 8.5579 1.1632e-06
400 20 1.341 8.101 1.0756e-06
400 20 1.351 7.9462 9.513e-07
400 20 1.361 7.5256 1.1509e-06
400 20 1.371 7.1415 1.0607e-06
400 20 1.381 6.8964 1.0217e-06
400 20 1.391 6.5046 9.378e-07
400 20 1.401 5.9781 1.0449e-06
400 20 1.411 6.1198 1.0426e-06
400 20 1.421 5.4446 1.085e-06
400 20 1.431 5.3023 1.1142e-06
400 20 1.441 5.1653 1.1096e-06
400 20 1.451 4.8142 1.0914e-06
400 20 1.461 4.6991 1.0889e-06
400 20 1.471 4.4614 1.0768e-06
400 20 1.481 4.2525 1.0724e-06
400 20 1.491 4.0442 1.0681e-06
400 20 1.501 3.8499 1.0677e-06
400 20 1.511 3.7099 1.0539e-06
400 20 1.521 3.6803 8.677e-07
400 20 1.531 3.3529 9.451e-07
400 20 1.541 3.216 1.0516e-06
400 20 1.551 3.1353 8.784e-07
400 20 1.561 3.0361 9.399e-07
400 20 1.571 2.8826 8.724e-07
400 20 1.581 2.7478 8.493e-07
400 20 1.591 2.6734 8.492e-07
400 20 1.601 2.5999 8.494e-07
400 20 1.611 2.4679 8.473e-07
400 20 1.621 2.3804 8.408e-07
400 20 1.631 2.4199 8.578e-07
400 20 1.641 2.2471 9.109e-07
400 20 1.651 2.2337 8.605e-07
400 20 1.661 2.0977 8.361e-07
400 20 1.671 2.0769 9.069e-07
400 20 1.681 2.0608 1.008e-06
400 20 1.691 1.9506 9.997e-07
400 20 1.701 1.8518 9.997e-07
400 20 1.711 1.7828 9.938e-07
400 20 1.721 1.7337 9.939e-07
400 20 1.731 1.6914 9.81e-07
400 20 1.741 1.6719 9.846e-07
400 20 1.751 1.5811 9.831e-07
400 20 1.761 1.5398 9.626e-07
400 20 1.771 1.4688 9.642e-07
400 20 1.781 1.4328 9.556e-07
400 20 1.791 1.3605 9.109e-07
400 20 1.801 1.3376 7.952e-07
400 20 1.811 1.3075 7.859e-07
400 20 1.821 1.2461 7.927e-07
400 20 1.831 1.2006 7.914e-07
400 20 1.841 1.1523 7.893e-07
400 20 1.851 1.1371 7.823e-07
400 20 1.861 1.1073 7.912e-07
400 20 1.871 1.0739 7.785e-07
400 20 1.881 1.015 8.534e-07
400 20 1.891 0.9612 9.572e-07
400 20 1.901 0.9491 9.518e-07
400 20 1.911 0.8936 9.504e-07
400 20 1.921 0.8964 9.445e-07
400 20 1.931 0.8343 9.494e-07
400 20 1.941 0.8171 9.525e-07
400 20 1.951 0.7959 9.458e-07
400 20 1.961 0.7534 9.374e-07
400 20 1.971 0.736 9.293e-07
400 20 1.981 0.7228 9.294e-07
400 20 1.991 0.6799 9.135e-07
400 30 0.001 11101.9 1.73637e-05
400 30 0.011 10657.8 1.67532e-05
400 30 0.021 10207.7 1.61285e-05
400 30 0.031 9705.92 1.54388e-05
400 30 0.041 9238.51 1.47982e-05
400 30 0.051 8769.17 1.41423e-05
400 30 0.061 8249.91 1.34493e-05
400 30 0.071 7871.04 1.29094e-05
400 30 0.081 7379.02 1.22452e-05
400 30 0.091 6934.92 1.16505e-05
400 30 0.101 6567.56 1.11614e-05
400 30 0.111 6221.5 1.0688e-05
400 30 0.121 5776.57 1.0096e-05
400 30 0.131 5504.96 9.7273e-06
400 30 0.141 5120.81 9.1891e-06
400 30 0.151 4782.41 8.72e-06
400 30 0.161 4552.31 8.4098e-06
400 30 0.171 4278.98 8.0514e-06
400 30 0.181 4004.76 7.6796e-06
400 30 0.191 3787.64 5.0966e-06
400 30 0.201 3517.77 5.6602e-06
400 30 0.211 3276.04 6.525e-06
400 30 0.221 3092.88 6.2598e-06
400 30 0.231 2866.98 5.9494e-06
400 30 0.241 2697.72 5.7296e-06
400 30 0.251 2547.38 5.2364e-06
400 30 0.261 2408.39 3.3836e-06
400 30 0.271 2253.32 5.1524e-06
400 30 0.281 2092.95 4.9266e-06
400 30 0.291 1977.25 4.7719e-06
400 30 0.301 1849.31 4.26e-06
400 30 0.311 1763.08 3.0505e-06
400 30 0.321 1643.11 4.3178e-06
400 30 0.331 1532.63 4.1585e-06
400 30 0.341 1422.82 4.0059e-06
400 30 0.351 1366.2 3.9166e-06
400 30 0.361 1275.99 3.788e-06
400 30 0.371 1190.13 3.6568e-06
400 30 0.381 1120.37 3.5582e-06
400 30 0.391 1071.15 3.4967e-06
400 30 0.401 984.473 2.2812e-06
400 30 0.411 956.412 3.2786e-06
400 30 0.421 878.847 3.194e-06
400 30 0.431 826.05 3.1234e-06
400 30 0.441 787.939 3.0587e-06
400 30 0.451 746.794 2.9989e-06
400 30 0.461 703.881 2.7609e-06
400 30 0.471 668.981 2.3937e-06
400 30 0.481 633.87 2.4484e-06
400 30 0.491 590.715 2.7691e-06
400 30 0.501 568.01 2.728e-06
400 30 0.511 545.98 2.6878e-06
400 30 0.521 500.493 2.6185e-06
400 30 0.531 477.674 2.5643e-06
400 30 0.541 453.886 2.532e-06
400 30 0.551 429.137 2.3841e-06
400 30 0.561 412.189 1.7911e-06
400 30 0.571 388.46 1.7624e-06
400 30 0.581 363.414 1.8492e-06
400 30 0.591 347.868 1.719e-06
400 30 0.601 332.934 1.7125e-06
400 30 0.611 315.389 1.6889e-06
400 30 0.621 290.723 1.6584e-06
400 30 0.631 276.57 1.7997e-06
400 30 0.641 268.556 1.8146e-06
400 30 0.651 253.799 1.6222e-06
400 30 0.661 241.55 2.0082e-06
400 30 0.671 229.799 2.1004e-06
400 30 0.681 217.683 2.0646e-06
400 30 0.691 211.165 2.0446e-06
400 30 0.701 194.351 2.0042e-06
400 30 0.711 188.651 1.9875e-06
400 30 0.721 177.619 1.9442e-06
400 30 0.731 170.087 1.9234e-06
400 30 0.741 160.153 1.899e-06
400 30 0.751 151.776 1.8712e-06
400 30 0.761 146.564 1.8553e-06
400 30 0.771 138.306 1.8338e-06
400 30 0.781 130.005 1.7948e-06
400 30 0.791 122.993 1.7964e-06
400 30 0.801 119.489 1.7792e-06
400 30 0.811 115.835 1.7716e-06
400 30 0.821 107.025 1.7341e-06
400 30 0.831 99.5471 1.7167e-06
400 30 0.841 97.2085 1.7119e-06
400 30 0.851 89.6524 1.6797e-06
400 30 0.861 87.2963 1.5543e-06
400 30 0.871 82.3939 1.5714e-06
400 30 0.881 78.4521 1.6363e-06
400 30 0.891 71.1968 1.6104e-06
400 30 0.901 69.5905 1.596e-06
400 30 0.911 66.8358 1.5899e-06
400 30 0.921 62.4585 1.5667e-06
400 30 0.931 57.046 1.55e-06
400 30 0.941 55.7153 1.529e-06
400 30 0.951 51.6084 1.5108e-06
400 30 0.961 48.6975 1.5068e-06
400 30 0.971 47.166 1.49e-06
400 30 0.981 43.7946 1.4756e-06
400 30 0.991 41.813 1.4584e-06
400 30 1.001 39.8157 1.4411e-06
400 30 1.011 37.7637 1.43e-06
400 30 1.021 34.1537 1.4066e-06
400 30 1.031 31.5736 1.4104e-06
400 30 1.041 30.7404 1.3922e-06
400 30 1.051 29.2617 1.37e-06
400 30 1.061 26.9925 1.3586e-06
400 30 1.071 25.5131 1.3397e-06
400 30 1.081 23.8646 1.3241e-06
400 30 1.091 22.966 1.3182e-06
400 30 1.101 22.2099 1.3023e-06
400 30 1.111 20.5848 1.2909e-06
400 30 1.121 19.6488 1.2862e-06
400 30 1.131 18.3402 1.2757e-06
400 30 1.141 17.2596 1.2606e-06
400 30 1.151 17.0558 1.092e-06
400 30 1.161 15.7815 1.0292e-06
400 30 1.171 15.5118 1.0228e-06
400 30 1.181 13.7848 1.2127e-06
400 30 1.191 13.6634 1.2382e-06
400 30 1.201 12.5829 1.2223e-06
400 30 1.211 12.2212 1.2162e-06
400 30 1.221 11.4279 1.1898e-06
400 30 1.231 11.221 1.1978e-06
400 30 1.241 10.5903 1.1835e-06
400 30 1.251 10.0208 1.1712e-06
400 30 1.261 9.5075 1.1697e-06
400 30 1.271 9.1491 1.1553e-06
400 30 1.281 8.7665 1.1519e-06
400 30 1.291 8.5158 1.1511e-06
400 30 1.301 8.0063 1.1433e-06
400 30 1.311 7.6964 1.1209e-06
400 30 1.321 7.3895 1.1306e-06
400 30 1.331 6.8082 1.1154e-06
400 30 1.341 6.6704 1.1124e-06
400 30 1.351 6.1411 9.747e-07
400 30 1.361 6.0012 8.996e-07
400 30 1.371 5.6702 8.923e-07
400 30 1.381 5.3178 8.888e-07
400 30 1.391 5.0467 8.961e-07
400 30 1.401 4.933 1.0622e-06
400 30 1.411 4.7243 1.0605e-06
400 30 1.421 4.4478 1.0628e-06
400 30 1.431 4.3215 1.0573e-06
400 30 1.441 4.1056 1.05e-06
400 30 1.451 3.9672 1.0496e-06
400 30 1.461 3.722 1.0423e-06
400 30 1.471 3.5234 9.875e-07
400 30 1.481 3.4642 8.428e-07
400 30 1.491 3.2242 9.956e-07
400 30 1.501 3.0405 1.0083e-06
400 30 1.511 2.9765 9.909e-07
400 30 1.521 2.8346 1.0041e-06
400 30 1.531 2.7154 8.803e-07
400 30 1.541 2.6106 1.0063e-06
400 30 1.551 2.5342 8.722e-07
400 30 1.561 2.3573 8.368e-07
400 30 1.571 2.2436 8.528e-07
400 30 1.581 2.1774 8.532e-07
400 30 1.591 2.112 9.15e-07
400 30 1.601 2.0628 9.234e-07
400 30 1.611 1.9254 8.454e-07
400 30 1.621 1.8733 8.497e-07
400 30 1.631 1.8244 9.73e-07
400 30 1.641 1.7591 9.606e-07
400 30 1.651 1.6984 9.65e-07
400 30 1.661 1.6313 9.404e-07
400 30 1.671 1.5744 8.545e-07
400 30 1.681 1.6009 9.666e-07
400 30 1.691 1.4958 9.667e-07
400 30 1.701 1.4502 9.573e-07
400 30 1.711 1.4067 9.571e-07
400 30 1.721 1.3317 8.739e-07
400 30 1.731 1.3013 9.131e-07
400 30 1.741 1.2353 9.458e-07
400 30 1.751 1.2277 9.434e-07
400 30 1.761 1.1469 9.363e-07
400 30 1.771 1.1496 9.338e-07
400 30 1.781 1.1139 9.364e-07
400 30 1.791 1.0707 7.954e-07
400 30 1.801 0.9946 7.969e-07
400 30 1.811 0.9885 8.524e-07
400 30 1.821 0.9613 9.311e-07
400 30 1.831 0.9066 9.346e-07
400 30 1.841 0.8902 9.325e-07
400 30 1.851 0.8855 9.29e-07
400 30 1.861 0.8607 9.355e-07
400 30 1.871 0.7854 7.809e-07
400 30 1.881 0.7466 8.149e-07
400 30 1.891 0.7469 9.11e-07
400 30 1.901 0.7247 9.153e-07
400 30 1.911 0.6895 9.143e-07
400 30 1.921 0.6581 9.045e-07
400 30 1.931 0.6524 9.094e-07
400 30 1.941 0.6364 9.092e-07
400 30 1.951 0.5943 8.996e-07
400 30 1.961 0.5797 9.04e-07
400 30 1.971 0.5637 8.929e-07
400 30 1.981 0.5415 8.931e-07
400 30 1.991 0.5145 8.931e-07
400 40 0.001 14387 2.40072e-05
400 40 0.011 13698.6 2.2918e-05
400 40 0.021 12917.4 2.1711e-05
400 40 0.031 12083.6 1.14357e-05
400 40 0.041 11373.6 1.08248e-05
400 40 0.051 10552 1.01631e-05
400 40 0.061 9935.33 9.6231e-06
400 40 0.071 9177.77 9.1524e-06
400 40 0.081 8555.79 1.49589e-05
400 40 0.091 7942.42 1.40203e-05
400 40 0.101 7408 1.32085e-05
400 40 0.111 6877.8 1.24064e-05
400 40 0.121 6323.71 1.15707e-05
400 40 0.131 5879.14 1.09042e-05
400 40 0.141 5455.49 1.02573e-05
400 40 0.151 5072.71 9.6774e-06
400 40 0.161 4645.97 6.3113e-06
400 40 0.171 4305.95 5.0079e-06
400 40 0.181 4042.48 6.2822e-06
400 40 0.191 3697.83 5.5662e-06
400 40 0.201 3450.62 4.3392e-06
400 40 0.211 3209.1 4.1261e-06
400 40 0.221 3001.79 3.9722e-06
400 40 0.231 2756.68 4.0301e-06
400 40 0.241 2568.02 5.8954e-06
400 40 0.251 2413.96 5.6366e-06
400 40 0.261 2235.82 5.3613e-06
400 40 0.271 2066.58 5.0973e-06
400 40 0.281 1957.08 4.9315e-06
400 40 0.291 1817.79 4.7182e-06
400 40 0.301 1680.04 4.4998e-06
400 40 0.311 1548.91 4.2952e-06
400 40 0.321 1447.42 4.1428e-06
400 40 0.331 1367.45 3.9922e-06
400 40 0.341 1285.77 3.8865e-06
400 40 0.351 1174.44 3.7114e-06
400 40 0.361 1125.31 3.6227e-06
400 40 0.371 1056.69 3.5212e-06
400 40 0.381 982.1 3.384e-06
400 40 0.391 937.394 3.3058e-06
400 40 0.401 856.349 3.1784e-06
400 40 0.411 829.255 3.1297e-06
400 40 0.421 771.705 3.04e-06
400 40 0.431 718.256 2.9543e-06
400 40 0.441 702.99 2.9241e-06
400 40 0.451 657.145 2.8376e-06
400 40 0.461 625.973 2.7886e-06
400 40 0.471 588.021 2.7294e-06
400 40 0.481 559.749 2.6699e-06
400 40 0.491 526.459 2.6253e-06
400 40 0.501 506.034 2.5842e-06
400 40 0.511 476.306 2.5241e-06
400 40 0.521 441.855 2.4715e-06
400 40 0.531 433.489 2.4569e-06
400 40 0.541 401.469 2.3921e-06
400 40 0.551 379.063 2.3454e-06
400 40 0.561 363.108 2.3273e-06
400 40 0.571 340.747 2.2844e-06
400 40 0.581 327.049 2.2457e-06
400 40 0.591 312.304 2.2177e-06
400 40 0.601 293.782 2.175e-06
400 40 0.611 287.062 2.1743e-06
400 40 0.621 262.506 2.124e-06
400 40 0.631 256.085 2.1129e-06
400 40 0.641 242.197 2.0828e-06
400 40 0.651 225.123 2.0366e-06
400 40 0.661 217.283 2.0226e-06
400 40 0.671 212.476 2.001e-06
400 40 0.681 199.467 1.9631e-06
400 40 0.691 191.213 1.5126e-06
400 40 0.701 177.589 1.9004e-06
400 40 0.711 168.926 1.8929e-06
400 40 0.721 157.557 1.8779e-06
400 40 0.731 150.813 1.8584e-06
400 40 0.741 142.141 1.8385e-06
400 40 0.751 136.226 1.8169e-06
400 40 0.761 129.462 1.7959e-06
400 40 0.771 123.343 1.7739e-06
400 40 0.781 120.54 1.7738e-06
400 40 0.791 113.43 1.6961e-06
400 40 0.801 107.633 1.3358e-06
400 40 0.811 101.208 1.3445e-06
400 40 0.821 94.9921 1.3378e-06
400 40 0.831 92.5994 1.3293e-06
400 40 0.841 85.6899 1.3087e-06
400 40 0.851 80.6159 1.5567e-06
400 40 0.861 78.2641 1.6215e-06
400 40 0.871 73.5102 1.5714e-06
400 40 0.881 68.9517 1.5743e-06
400 40 0.891 66.2705 1.5687e-06
400 40 0.901 61.8086 1.5392e-06
400 40 0.911 59.5542 1.5357e-06
400 40 0.921 56.7254 1.5383e-06
400 40 0.931 52.3515 1.5053e-06
400 40 0.941 51.317 1.4964e-06
400 40 0.951 46.9643 1.4825e-06
400 40 0.961 44.6056 1.4659e-06
400 40 0.971 40.6809 1.4242e-06
400 40 0.981 38.8969 1.4046e-06
400 40 0.991 37.6283 1.3974e-06
400 40 1.001 34.7137 1.3904e-06
400 40 1.011 33.0958 1.3816e-06
400 40 1.021 30.3662 1.2168e-06
400 40 1.031 29.4383 1.0909e-06
400 40 1.041 26.8386 1.0773e-06
400 40 1.051 25.6599 1.0701e-06
400 40 1.061 24.0565 1.0691e-06
400 40 1.071 22.9611 1.0554e-06
400 40 1.081 22.1288 1.0494e-06
400 40 1.091 20.1631 1.2484e-06
400 40 1.101 19.4082 1.3618e-06
400 40 1.111 18.4138 1.359e-06
400 40 1.121 17.3234 1.3329e-06
400 40 1.131 16.591 1.3243e-06
400 40 1.141 15.9541 1.3092e-06
400 40 1.151 14.7402 1.3092e-06
400 40 1.161 14.1033 1.2998e-06
400 40 1.171 13.404 1.2868e-06
400 40 1.181 12.7646 1.2742e-06
400 40 1.191 11.8617 1.2113e-06
400 40 1.201 11.5728 1.1821e-06
400 40 1.211 11.0804 1.1725e-06
400 40 1.221 10.5807 1.1654e-06
400 40 1.231 9.8922 1.1559e-06
400 40 1.241 9.5169 1.1419e-06
400 40 1.251 8.907 1.0415e-06
400 40 1.261 8.5937 9.183e-07
400 40 1.271 8.2397 8.984e-07
400 40 1.281 7.6959 1.1834e-06
400 40 1.291 7.4752 1.0503e-06
400 40 1.301 7.2195 1.0925e-06
400 40 1.311 6.5191 1.0816e-06
400 40 1.321 6.2804 1.0719e-06
400 40 1.331 6.0456 1.0695e-06
400 40 1.341 5.9683 1.0783e-06
400 40 1.351 5.6297 1.0663e-06
400 40 1.361 5.294 1.0597e-06
400 40 1.371 5.039 1.0473e-06
400 40 1.381 4.7889 1.0383e-06
400 40 1.391 4.594 1.0393e-06
400 40 1.401 4.3265 1.0358e-06
400 40 1.411 4.1982 1.0335e-06
400 40 1.421 4.1291 1.0313e-06
400 40 1.431 3.7579 1.0265e-06
400 40 1.441 3.6206 1.0183e-06
400 40 1.451 3.4408 1.0161e-06
400 40 1.461 3.3117 1.0058e-06
400 40 1.471 3.1398 1.0049e-06
400 40 1.481 3.076 1.0005e-06
400 40 1.491 2.8886 9.827e-07
400 40 1.501 2.7564 9.837e-07
400 40 1.511 2.5285 9.779e-07
400 40 1.521 2.5165 9.775e-07
400 40 1.531 2.3275 9.784e-07
400 40 1.541 2.2918 9.648e-07
400 40 1.551 2.1813 9.265e-07
400 40 1.561 2.0907 9.078e-07
400 40 1.571 2.0104 1.033e-06
400 40 1.581 1.888 1.0355e-06
400 40 1.591 1.7988 1.0387e-06
400 40 1.601 1.7349 1.0245e-06
400 40 1.611 1.6878 9.661e-07
400 40 1.621 1.6365 8.473e-07
400 40 1.631 1.5653 9.793e-07
400 40 1.641 1.5153 9.704e-07
400 40 1.651 1.4981 9.706e-07
400 40 1.661 1.455 9.615e-07
400 40 1.671 1.3616 7.827e-07
400 40 1.681 1.3333 8.944e-07
400 40 1.691 1.2757 9.364e-07
400 40 1.701 1.2345 8.95e-07
400 40 1.711 1.2131 9.258e-07
400 40 1.721 1.1755 9.455e-07
400 40 1.731 1.1276 9.423e-07
400 40 1.741 1.0715 7.779e-07
400 40 1.751 1.0434 7.599e-07
400 40 1.761 0.9723 7.714e-07
400 40 1.771 0.9603 7.685e-07
400 40 1.781 0.9537 7.544e-07
400 40 1.791 0.9159 7.567e-07
400 40 1.801 0.8618 7.585e-07
400 40 1.811 0.8606 7.54e-07
400 40 1.821 0.8229 7.601e-07
400 40 1.831 0.7816 7.507e-07
400 40 1.841 0.7735 7.589e-07
400 40 1.851 0.7242 7.448e-07
400 40 1.861 0.7012 7.324e-07
400 40 1.871 0.6896 7.494e-07
400 40 1.881 0.6717 7.4e-07
400 40 1.891 0.6461 7.394e-07
400 40 1.901 0.6175 7.358e-07
400 40 1.911 0.5918 7.341e-07
400 40 1.921 0.5583 7.358e-07
400 40 1.931 0.5474 7.309e-07
400 40 1.941 0.5217 7.297e-07
400 40 1.951 0.5172 7.253e-07
400 40 1.961 0.4958 7.181e-07
400 40 1.971 0.4787 7.152e-07
400 40 1.981 0.4582 6.965e-07
400 40 1.991 0.446 6.769e-07
