200 10 0.001 1907.86 24063.1 2.3159
200 10 0.011 1874.4 23696.1 2.3416
200 10 0.021 1841.4 23330.4 3.1953
200 10 0.031 1804.35 22918.5 3.9303
200 10 0.041 1765.55 22486.9 4.0396
200 10 0.051 1721.05 21993.8 4.2797
200 10 0.061 1688.48 21639.1 4.9995
200 10 0.071 1654.23 21245.6 4.5004
200 10 0.081 1606.01 20715.2 4.5367
200 10 0.091 1566.18 20274.5 4.9876
200 10 0.101 1530.06 19866.6 5.4463
200 10 0.111 1492.01 19431.9 5.7344
200 10 0.121 1455.77 19036.6 6.3085
200 10 0.131 1409.75 18531.2 6.7514
200 10 0.141 1363.07 18002 7.1997
200 10 0.151 1324.42 17576.3 8.2462
200 10 0.161 1288.8 17160.7 10.2891
200 10 0.171 1258.27 16822.1 10.6692
200 10 0.181 1222.05 16416.2 11.2716
200 10 0.191 1172.87 15877 11.1821
200 10 0.201 1136.84 15468.6 10.8202
200 10 0.211 1103.38 15081.5 11.6853
200 10 0.221 1072.29 14727.9 12.5111
200 10 0.231 1036.93 14345.2 12.8679
200 10 0.241 987.307 13778.9 13.3647
200 10 0.251 966.263 13549.2 13.8284
200 10 0.261 938.097 13227.2 14.2824
200 10 0.271 896.787 12753.4 14.8456
200 10 0.281 866.935 12415 15.1296
200 10 0.291 842.424 12128 15.719
200 10 0.301 810.306 11759.3 16.3512
200 10 0.311 772.303 11324.8 16.8306
200 10 0.321 748.451 11065.9 17.1793
200 10 0.331 720.895 10731.5 17.4714
200 10 0.341 697.003 10464.5 16.8897
200 10 0.351 675.603 10215.1 18.0177
200 10 0.361 631.168 9712.95 18.5339
200 10 0.371 619.498 9575.87 18.9238
200 10 0.381 587.361 9208.81 18.9727
200 10 0.391 556.73 8850.86 17.8968
200 10 0.401 547.989 8749.2 18.1131
200 10 0.411 535.029 8587.07 18.2187
200 10 0.421 502.147 8214.65 18.5683
200 10 0.431 483.66 7999.53 18.8552
200 10 0.441 464.993 7785.01 19.9536
200 10 0.451 443.007 7530.61 20.4185
200 10 0.461 429.374 7375.54 20.481
200 10 0.471 412.138 7171.36 20.6727
200 10 0.481 388.717 6911.67 20.6164
200 10 0.491 373.866 6720.52 20.6396
200 10 0.501 358.455 6529.58 20.1938
200 10 0.511 341.924 6352.16 20.1721
200 10 0.521 324.078 6145.95 20.2214
200 10 0.531 311.189 5976.48 19.7476
200 10 0.541 297.881 5829.6 19.7851
200 10 0.551 281.502 5629.99 19.6956
200 10 0.561 266.64 5456.93 19.5556
200 10 0.571 253.642 5299.73 19.3743
200 10 0.581 249.968 5258.57 19.6114
200 10 0.591 232.41 5037.85 19.1563
200 10 0.601 219.638 4879.19 19.0144
200 10 0.611 208.146 4748.61 19.009
200 10 0.621 197.617 4615.47 18.8015
200 10 0.631 189.992 4527.18 18.8064
200 10 0.641 175.379 4351.79 18.2454
200 10 0.651 172.124 4314.97 18.504
200 10 0.661 160.063 4162.53 17.9326
200 10 0.671 150.281 4037.84 17.7273
200 10 0.681 144.96 3976.46 17.8023
200 10 0.691 142.217 3937.06 17.6649
200 10 0.701 132.664 3820.85 17.4366
200 10 0.711 121.819 3686.01 16.9548
200 10 0.721 114.15 3591.53 16.7661
200 10 0.731 106.564 3501.83 16.7571
200 10 0.741 102.533 3452.28 16.7501
200 10 0.751 98.2802 3388.03 16.3394
200 10 0.761 91.9751 3314.72 15.9604
200 10 0.771 87.5316 3256.67 16.0493
200 10 0.781 83.9443 3207.61 15.8075
200 10 0.791 76.4218 3110.5 15.1913
200 10 0.801 73.4965 3077.78 14.727
200 10 0.811 70.0049 3034.54 14.673
200 10 0.821 65.8005 2978.54 14.1212
200 10 0.831 61.3826 2925.28 14.1464
200 10 0.841 56.5034 2862.21 13.6832
200 10 0.851 52.8204 2813.97 13.2377
200 10 0.861 49.4559 2769.99 12.9563
200 10 0.871 46.8822 2738.33 12.8444
200 10 0.881 43.991 2694.17 12.8158
200 10 0.891 41.5655 2663.45 11.9703
200 10 0.901 36.7211 2603.13 11.5292
200 10 0.911 36.1023 2594.2 11.3283
200 10 0.921 34.5615 2569.62 11.1371
200 10 0.931 31.4813 2530.02 10.7258
200 10 0.941 27.6878 2486.31 10.4719
200 10 0.951 27.7459 2480.61 10.2612
200 10 0.961 24.2739 2431.92 9.8835
200 10 0.971 23.3636 2421.71 9.8491
200 10 0.981 22.1992 2400.9 9.6675
200 10 0.991 21.1049 2390.74 9.403
200 10 1.001 19.0957 2362.7 9.0528
200 10 1.011 16.9521 2330.37 8.5786
200 10 1.021 16.0215 2320.6 8.4366
200 10 1.031 15.2421 2306.65 8.2235
200 10 1.041 13.7943 2285.19 7.8729
200 10 1.051 12.8218 2273.1 7.763
200 10 1.061 12.1219 2262 7.6236
200 10 1.071 11.4811 2252.93 7.492
200 10 1.081 10.1405 2234.37 7.1288
200 10 1.091 9.2784 2223.8 6.984
200 10 1.101 8.8191 2214.94 6.8035
200 10 1.111 8.0099 2203.98 6.7149
200 10 1.121 7.8027 2201.89 6.6882
200 10 1.131 7.2565 2194.05 6.5669
200 10 1.141 6.7713 2187.13 6.5475
200 10 1.151 6.156 2176.51 6.443
200 10 1.161 5.9908 2174.98 6.4343
200 10 1.171 5.4703 2166.09 6.1651
200 10 1.181 5.0431 2160.07 6.0981
200 10 1.191 4.9509 2159.11 6.0714
200 10 1.201 4.5392 2153.28 5.9231
200 10 1.211 4.1809 2147.99 5.7865
200 10 1.221 3.9424 2144.52 5.9537
200 10 1.231 3.9553 2144.49 5.8908
200 10 1.241 3.4268 2136.52 5.4045
200 10 1.251 3.3581 2134.64 5.2933
200 10 1.261 3.0558 2130.21 5.1663
200 10 1.271 2.9675 2128.58 5.1044
200 10 1.281 2.73 2125.06 5.0761
200 10 1.291 2.6308 2123.74 5.1878
200 10 1.301 2.4315 2120.3 5.2092
200 10 1.311 2.2364 2117.47 5.0927
200 10 1.321 2.0236 2114.7 5.0199
200 10 1.331 1.9952 2113.25 4.8803
200 10 1.341 1.8899 2111.57 4.9084
200 10 1.351 1.7159 2108.77 4.7207
200 10 1.361 1.6653 2108.24 4.7489
200 10 1.371 1.6025 2106.93 4.6871
200 10 1.381 1.4622 2104.82 4.6363
200 10 1.391 1.4294 2104.32 4.6349
200 10 1.401 1.2818 2101.6 4.5074
200 10 1.411 1.1698 2100.46 4.5051
200 10 1.421 1.1417 2099.38 4.471
200 10 1.431 1.0969 2098.66 4.3861
200 10 1.441 0.9971 2096.91 4.2961
200 10 1.451 0.9869 2096.47 4.0867
200 10 1.461 0.9017 2095.39 3.9345
200 10 1.471 0.8628 2094.47 3.8562
200 10 1.481 0.8356 2093.9 3.8432
200 10 1.491 0.7651 2092.81 3.7789
200 10 1.501 0.7199 2091.83 3.7313
200 10 1.511 0.6782 2091.32 3.6613
200 10 1.521 0.6305 2090.63 3.8684
200 10 1.531 0.6405 2090.52 3.934
200 10 1.541 0.5647 2089.25 3.8981
200 10 1.551 0.5388 2088.95 3.8917
200 10 1.561 0.5248 2088.73 3.5168
200 10 1.571 0.4859 2088 3.4525
200 10 1.581 0.5262 2088.44 3.4816
200 10 1.591 0.4587 2087.25 3.4304
200 10 1.601 0.4488 2086.88 3.368
200 10 1.611 0.4413 2086.86 3.4996
200 10 1.621 0.3951 2086.09 3.6804
200 10 1.631 0.3994 2085.82 3.6716
200 10 1.641 0.3795 2085.56 3.5474
200 10 1.651 0.3388 2084.79 3.3997
200 10 1.661 0.3624 2085.48 3.2657
200 10 1.671 0.3394 2084.64 3.2031
200 10 1.681 0.3375 2084.75 3.2088
200 10 1.691 0.2883 2083.8 3.1258
200 10 1.701 0.2903 2084.26 3.1743
200 10 1.711 0.2927 2083.94 3.164
200 10 1.721 0.3014 2083.79 3.1686
200 10 1.731 0.2723 2083.35 3.122
200 10 1.741 0.2723 2083.36 3.1925
200 10 1.751 0.2667 2083.21 3.2964
200 10 1.761 0.2491 2082.44 3.0911
200 10 1.771 0.2705 2083 3.3737
200 10 1.781 0.2174 2082.38 3.1759
200 10 1.791 0.2564 2082.57 3.2036
200 10 1.801 0.2083 2082.01 3.1167
200 10 1.811 0.2243 2082.03 3.1276
200 10 1.821 0.2216 2081.83 3.1165
200 10 1.831 0.1992 2081.68 3.1227
200 10 1.841 0.1927 2081.4 3.0851
200 10 1.851 0.1855 2081.19 3.0615
200 10 1.861 0.195 2081.15 2.9742
200 10 1.871 0.1753 2080.87 2.9067
200 10 1.881 0.1709 2080.94 2.8837
200 10 1.891 0.1699 2080.85 2.8988
200 10 1.901 0.1665 2081 2.9346
200 10 1.911 0.1561 2080.6 2.9118
200 10 1.921 0.1533 2080.69 2.8643
200 10 1.931 0.143 2080.28 2.8609
200 10 1.941 0.1446 2080.12 2.8313
200 10 1.951 0.1508 2080.48 2.8548
200 10 1.961 0.1413 2079.9 2.8162
200 10 1.971 0.1354 2080.01 2.8634
200 10 1.981 0.1271 2079.63 2.7835
200 10 1.991 0.1183 2079.72 2.7846
200 20 0.001 3612.96 39226.8 4.5867
200 20 0.011 3503.68 38157.9 5.5605
200 20 0.021 3390.09 37052.4 5.5208
200 20 0.031 3263.49 35803.9 7.0234
200 20 0.041 3139.52 34598.7 6.6546
200 20 0.051 3023.8 33452.9 7.712
200 20 0.061 2903.47 32265.3 8.5833
200 20 0.071 2775.85 31009.8 8.992
200 20 0.081 2638.17 29657 10.2681
200 20 0.091 2545.84 28756.8 11.2435
200 20 0.101 2419.71 27492.9 12.3928
200 20 0.111 2303.59 26336.3 12.6642
200 20 0.121 2196.95 25268.3 12.1154
200 20 0.131 2102.76 24305.7 12.14
200 20 0.141 1992.39 23231.4 12.6082
200 20 0.151 1886.07 22141.2 13.0633
200 20 0.161 1798.35 21252.9 14.049
200 20 0.171 1709.52 20353.8 15.0729
200 20 0.181 1603.36 19268.5 15.9641
200 20 0.191 1532.45 18545.8 16.2676
200 20 0.201 1427.08 17482.9 18.2471
200 20 0.211 1362.4 16799.5 17.7239
200 20 0.221 1291.22 16056.9 18.0181
200 20 0.231 1207.62 15212.6 18.8524
200 20 0.241 1136.99 14448.4 19.4385
200 20 0.251 1063.54 13689.1 19.8888
200 20 0.261 1020.95 13208.4 20.3361
200 20 0.271 947.977 12459.6 21.3079
200 20 0.281 904.959 12008.1 21.746
200 20 0.291 848.433 11411.8 22.3319
200 20 0.301 792.567 10803.9 22.764
200 20 0.311 738.412 10214.5 23.2765
200 20 0.321 697.689 9780.47 23.6437
200 20 0.331 663.292 9396.88 23.6175
200 20 0.341 620.164 8954.86 23.8337
200 20 0.351 572.435 8405.44 23.5107
200 20 0.361 537.492 8032.95 23.8272
200 20 0.371 499.526 7585.53 23.6566
200 20 0.381 468.708 7248.29 24.1881
200 20 0.391 445.439 6983.81 25.1924
200 20 0.401 407.406 6569.44 24.7414
200 20 0.411 383.71 6276.96 24.4283
200 20 0.421 365.834 6052.88 24.0951
200 20 0.431 330.608 5660.38 23.8896
200 20 0.441 315.116 5465.05 24.1371
200 20 0.451 292.619 5208.7 24.1463
200 20 0.461 271.458 4961.97 24.1991
200 20 0.471 256.254 4781.61 24.2207
200 20 0.481 234.96 4523.3 23.9652
200 20 0.491 217.601 4308.98 23.4862
200 20 0.501 203.912 4143.55 23.738
200 20 0.511 190.926 3970.14 23.3457
200 20 0.521 172.914 3757.92 22.837
200 20 0.531 162.318 3619.72 23.0245
200 20 0.541 151.774 3476.63 22.5349
200 20 0.551 138.67 3317.69 22.0987
200 20 0.561 133.214 3242.18 21.7264
200 20 0.571 121.526 3091.65 20.7213
200 20 0.581 110.218 2937.01 20.2708
200 20 0.591 98.9759 2781.15 19.5412
200 20 0.601 95.0238 2719.73 19.0954
200 20 0.611 89.1972 2652.19 19.2504
200 20 0.621 82.3581 2552.82 18.6761
200 20 0.631 75.0185 2441.92 18.1742
200 20 0.641 68.412 2352.03 17.5907
200 20 0.651 64.6251 2303.37 17.5043
200 20 0.661 61.9138 2247.99 17.0544
200 20 0.671 56.5847 2168.88 16.8492
200 20 0.681 50.0481 2087.64 16.8454
200 20 0.691 46.496 2019.18 16.5859
200 20 0.701 42.4037 1954.78 15.6691
200 20 0.711 40.2993 1930.16 15.6373
200 20 0.721 36.6712 1865.21 14.8535
200 20 0.731 33.8467 1821.77 14.3088
200 20 0.741 31.4115 1777.5 13.9286
200 20 0.751 28.2739 1723.31 13.5496
200 20 0.761 25.0391 1667.78 13.0262
200 20 0.771 23.3713 1634.81 12.4209
200 20 0.781 22.3849 1622.78 12.3843
200 20 0.791 20.947 1589.7 12.241
200 20 0.801 18.7311 1549.45 11.4325
200 20 0.811 18.0283 1538.71 11.2565
200 20 0.821 16.8728 1511.08 10.8609
200 20 0.831 14.9474 1482.54 10.4851
200 20 0.841 14.4526 1470.05 10.3248
200 20 0.851 12.2397 1423.16 10.0486
200 20 0.861 10.8447 1395.87 9.3888
200 20 0.871 10.481 1389.84 9.4868
200 20 0.881 9.557 1369.08 9.3533
200 20 0.891 8.6839 1350.53 8.8182
200 20 0.901 7.782 1328.62 8.2035
200 20 0.911 7.1435 1315.79 7.7981
200 20 0.921 6.8468 1310.1 7.767
200 20 0.931 6.5677 1298.33 7.4506
200 20 0.941 5.7636 1282.61 7.0729
200 20 0.951 4.9072 1261.49 6.6934
200 20 0.961 4.5264 1254.28 6.4987
200 20 0.971 4.1344 1244.03 6.3161
200 20 0.981 3.6248 1231.36 5.9661
200 20 0.991 3.486 1225.64 5.8819
200 20 1.001 3.1782 1213.85 5.5427
200 20 1.011 2.8551 1205.62 5.3554
200 20 1.021 2.6276 1198.64 5.1349
200 20 1.031 2.3926 1193.77 5.0472
200 20 1.041 2.0938 1184.45 4.7899
200 20 1.051 1.9888 1180.79 4.7191
200 20 1.061 1.8319 1173.87 4.5395
200 20 1.071 1.5922 1166.86 4.5983
200 20 1.081 1.5529 1164.77 4.3951
200 20 1.091 1.3091 1157.05 4.2189
200 20 1.101 1.3547 1158.94 4.2808
200 20 1.111 1.2649 1153.9 4.1397
200 20 1.121 1.0442 1147.87 3.9579
200 20 1.131 1.0887 1148.51 3.9772
200 20 1.141 0.9753 1144.92 3.7762
200 20 1.151 0.883 1141.71 3.7797
200 20 1.161 0.9171 1140.97 3.8046
200 20 1.171 0.7441 1137.69 3.7294
200 20 1.181 0.6949 1135.66 3.627
200 20 1.191 0.5898 1131.63 3.1868
200 20 1.201 0.618 1131.92 3.1454
200 20 1.211 0.568 1129.91 3.344
200 20 1.221 0.5638 1129.3 3.3531
200 20 1.231 0.5294 1127.42 3.214
200 20 1.241 0.4671 1125.49 3.1054
200 20 1.251 0.4296 1123.58 3.0446
200 20 1.261 0.4059 1122.85 3.0046
200 20 1.271 0.3788 1121.34 3.0266
200 20 1.281 0.3813 1121.11 2.9817
200 20 1.291 0.3407 1119.63 2.9037
200 20 1.301 0.3247 1118.06 2.8381
200 20 1.311 0.2972 1117.42 2.727
200 20 1.321 0.2622 1115.88 2.7082
200 20 1.331 0.2684 1115.97 2.7031
200 20 1.341 0.2411 1114.74 2.6611
200 20 1.351 0.2595 1115.02 2.6449
200 20 1.361 0.2345 1113.8 2.6058
200 20 1.371 0.2037 1113.53 2.5734
200 20 1.381 0.1993 1112.59 2.6088
200 20 1.391 0.2003 1112.31 2.2797
200 20 1.401 0.2059 1111.94 2.2858
200 20 1.411 0.1685 1110.63 2.2128
200 20 1.421 0.1663 1110.53 2.1957
200 20 1.431 0.1433 1109.74 2.1375
200 20 1.441 0.1544 1109.78 2.1503
200 20 1.451 0.1422 1109.35 2.1147
200 20 1.461 0.1443 1109.25 2.1022
200 20 1.471 0.1335 1108.93 2.0736
200 20 1.481 0.1293 1108.06 2.0246
200 20 1.491 0.1188 1107.64 2.0225
200 20 1.501 0.1196 1107.4 2.0066
200 20 1.511 0.1129 1107.23 2.0057
200 20 1.521 0.111 1106.78 1.9787
200 20 1.531 0.0982 1106.43 1.9537
200 20 1.541 0.0931 1106.52 1.9712
200 20 1.551 0.1021 1106.1 1.9328
200 20 1.561 0.0866 1105.91 1.91
200 20 1.571 0.0813 1105.41 1.8827
200 20 1.581 0.0761 1105.27 2.007
200 20 1.591 0.0833 1105.42 2.1723
200 20 1.601 0.0816 1104.99 2.2539
200 20 1.611 0.0717 1104.55 2.1649
200 20 1.621 0.0671 1104.52 2.1257
200 20 1.631 0.0725 1104.54 2.1752
200 20 1.641 0.072 1104.23 2.129
200 20 1.651 0.0681 1104.27 2.1136
200 20 1.661 0.0648 1104.17 2.0946
200 20 1.671 0.0671 1104.08 2.1391
200 20 1.681 0.0663 1103.98 1.9797
200 20 1.691 0.0553 1103.71 1.8747
200 20 1.701 0.0575 1103.67 1.8775
200 20 1.711 0.0595 1103.75 1.8892
200 20 1.721 0.0514 1103.64 2.1002
200 20 1.731 0.0589 1103.64 2.0647
200 20 1.741 0.0543 1103.35 1.7885
200 20 1.751 0.0508 1103.1 1.7362
200 20 1.761 0.0502 1103.08 1.8737
200 20 1.771 0.0463 1103 1.9272
200 20 1.781 0.0468 1103.1 1.8167
200 20 1.791 0.0488 1103.23 1.8126
200 20 1.801 0.0467 1102.64 1.9456
200 20 1.811 0.0431 1102.71 2.3158
200 20 1.821 0.0427 1102.6 1.9493
200 20 1.831 0.0395 1102.35 1.8119
200 20 1.841 0.0372 1102.52 1.8728
200 20 1.851 0.0401 1102.52 1.9637
200 20 1.861 0.0415 1102.56 1.9296
200 20 1.871 0.0353 1102.34 1.9528
200 20 1.881 0.0323 1102.13 1.8816
200 20 1.891 0.0368 1102.16 1.7502
200 20 1.901 0.0357 1102.16 1.6517
200 20 1.911 0.0349 1101.98 1.6834
200 20 1.921 0.0359 1102.28 1.6898
200 20 1.931 0.0313 1102.03 1.6532
200 20 1.941 0.0302 1102.06 1.6442
200 20 1.951 0.0297 1101.72 1.6371
200 20 1.961 0.0286 1101.92 1.6461
200 20 1.971 0.0319 1101.73 1.5987
200 20 1.981 0.029 1101.97 1.6246
200 20 1.991 0.027 1101.66 1.5743
200 30 0.001 5115.83 52569.4 12.5384
200 30 0.011 4908.17 50598.4 12.8863
200 30 0.021 4667.83 48304.4 13.0532
200 30 0.031 4448.26 46210 13.8089
200 30 0.041 4225.78 44085.5 13.8552
200 30 0.051 3970.47 41637.4 14.6798
200 30 0.061 3747.17 39486.4 14.719
200 30 0.071 3505.59 37206 15.6157
200 30 0.081 3301.33 35242.6 16.5105
200 30 0.091 3068.99 32966.9 17.3859
200 30 0.101 2879.79 31176.1 17.8364
200 30 0.111 2705.92 29473.9 17.6952
200 30 0.121 2517.1 27667.7 17.9625
200 30 0.131 2370.61 26232.8 18.6969
200 30 0.141 2205.41 24625.8 19.6484
200 30 0.151 2055.65 23185.1 20.2746
200 30 0.161 1886.57 21513.3 20.8352
200 30 0.171 1738.58 20051.9 21.2288
200 30 0.181 1632.43 19011.9 21.9837
200 30 0.191 1519.41 17880.9 22.1799
200 30 0.201 1433.21 17021.1 22.84
200 30 0.211 1335.81 16057.4 23.2034
200 30 0.221 1208.83 14785.8 23.5942
200 30 0.231 1129.98 13976.8 23.8396
200 30 0.241 1027.83 12956.9 24.0443
200 30 0.251 969.355 12348.2 24.4779
200 30 0.261 894.383 11570.6 24.7781
200 30 0.271 817.297 10782.6 24.8367
200 30 0.281 736.777 9980.95 25.0378
200 30 0.291 708.129 9653.15 25.134
200 30 0.301 650.294 9071.55 25.3633
200 30 0.311 603.995 8589.7 25.4643
200 30 0.321 566.552 8171.62 25.2886
200 30 0.331 506.84 7528.92 25.5333
200 30 0.341 475.537 7200.19 25.3001
200 30 0.351 434.584 6760.81 25.3426
200 30 0.361 397.46 6355.23 25.2721
200 30 0.371 363.512 5961.49 24.9653
200 30 0.381 335.792 5666.17 24.6775
200 30 0.391 316.177 5428.51 24.0359
200 30 0.401 288.03 5106.21 24.0517
200 30 0.411 267.693 4895.59 23.9984
200 30 0.421 244.864 4601.92 23.1963
200 30 0.431 228.968 4427.14 23.2425
200 30 0.441 206.362 4164.14 22.8221
200 30 0.451 193.804 4018.3 22.7363
200 30 0.461 180.453 3849.99 22.3978
200 30 0.471 162.897 3627.07 21.8941
200 30 0.481 144.787 3406.13 21.0985
200 30 0.491 133.526 3252.11 20.7687
200 30 0.501 131.224 3219.07 20.6848
200 30 0.511 116.559 3043.43 20.3014
200 30 0.521 110.373 2949.99 19.6775
200 30 0.531 99.8804 2820.78 19.3032
200 30 0.541 93.0734 2725.36 18.8997
200 30 0.551 84.141 2608.71 18.3378
200 30 0.561 79.3062 2525.75 17.8114
200 30 0.571 71.4745 2423.42 17.5306
200 30 0.581 66.5467 2348.02 17.0588
200 30 0.591 60.9844 2265.07 16.5377
200 30 0.601 56.3879 2212.52 16.3948
200 30 0.611 52.084 2136.62 15.9098
200 30 0.621 47.7219 2075.41 15.4048
200 30 0.631 45.4329 2024.04 14.999
200 30 0.641 40.5079 1952.49 14.4497
200 30 0.651 35.961 1887.45 13.9382
200 30 0.661 34.2662 1850.82 13.6483
200 30 0.671 30.4847 1803.77 13.6862
200 30 0.681 29.5312 1775.3 13.4409
200 30 0.691 26.0182 1722.39 13.0851
200 30 0.701 25.4409 1702.18 12.5425
200 30 0.711 22.2657 1647 11.9889
200 30 0.721 20.8485 1624.23 11.5615
200 30 0.731 19.0882 1586.44 10.6352
200 30 0.741 18.0359 1568.37 10.6591
200 30 0.751 15.7458 1527.5 10.0881
200 30 0.761 15.291 1513.89 9.8194
200 30 0.771 13.5819 1483.7 9.545
200 30 0.781 11.9935 1451.39 9.0659
200 30 0.791 11.7402 1440.33 8.8806
200 30 0.801 10.4974 1414.48 8.5051
200 30 0.811 9.8825 1401.27 8.1971
200 30 0.821 9.4806 1388.8 7.9748
200 30 0.831 8.0947 1363.36 7.7078
200 30 0.841 7.4708 1346.11 7.4097
200 30 0.851 6.792 1333.23 7.097
200 30 0.861 6.0215 1311.66 6.7385
200 30 0.871 5.5261 1301.24 6.4924
200 30 0.881 5.2376 1289.39 6.8434
200 30 0.891 4.7161 1279.25 6.8022
200 30 0.901 4.4907 1269.64 6.19
200 30 0.911 4.1915 1261.16 6.0174
200 30 0.921 3.5924 1246.3 5.7311
200 30 0.931 3.5852 1241.72 5.606
200 30 0.941 3.1732 1232.43 5.396
200 30 0.951 2.8016 1221.23 5.3324
200 30 0.961 2.5369 1212.59 4.7177
200 30 0.971 2.6301 1211.95 4.7516
200 30 0.981 2.1999 1200.8 4.4935
200 30 0.991 2.0281 1195.11 4.3868
200 30 1.001 1.857 1187.77 4.2174
200 30 1.011 1.6497 1182.44 4.103
200 30 1.021 1.5375 1175.76 4.2757
200 30 1.031 1.2939 1168.95 4.3404
200 30 1.041 1.3715 1168.77 4.2862
200 30 1.051 1.1388 1161.82 4.1261
200 30 1.061 1.0101 1156.67 3.6212
200 30 1.071 0.9322 1155.61 3.5423
200 30 1.081 0.8993 1150.39 3.4047
200 30 1.091 0.8064 1147.54 3.3058
200 30 1.101 0.7075 1144.94 3.2554
200 30 1.111 0.6682 1143.42 3.1858
200 30 1.121 0.6532 1142.09 3.1458
200 30 1.131 0.6004 1139.49 3.2636
200 30 1.141 0.5179 1136.56 3.1222
200 30 1.151 0.5307 1134.77 3.0791
200 30 1.161 0.4667 1132.26 2.928
200 30 1.171 0.4755 1131.67 2.8966
200 30 1.181 0.3829 1127.7 2.8245
200 30 1.191 0.3599 1127.55 2.7696
200 30 1.201 0.3218 1125.7 2.6559
200 30 1.211 0.3084 1125.07 2.684
200 30 1.221 0.3344 1124.28 2.6753
200 30 1.231 0.2695 1122.14 2.6436
200 30 1.241 0.2865 1121.64 2.6231
200 30 1.251 0.2403 1120.81 2.5959
200 30 1.261 0.2274 1119.32 2.5594
200 30 1.271 0.224 1119.02 2.4887
200 30 1.281 0.2026 1117.48 2.4991
200 30 1.291 0.2007 1117.16 2.5406
200 30 1.301 0.1765 1115.89 2.6115
200 30 1.311 0.1614 1114.86 2.522
200 30 1.321 0.1558 1114.51 2.559
200 30 1.331 0.1465 1113.87 2.1782
200 30 1.341 0.1419 1112.99 2.1515
200 30 1.351 0.1328 1113.03 2.1399
200 30 1.361 0.1254 1112.12 2.1146
200 30 1.371 0.135 1112.16 2.1265
200 30 1.381 0.1123 1110.68 2.0589
200 30 1.391 0.1099 1110.75 2.0603
200 30 1.401 0.1064 1110.18 2.0551
200 30 1.411 0.0964 1109.35 2.0151
200 30 1.421 0.096 1109.03 2.0061
200 30 1.431 0.0959 1109.09 2.0128
200 30 1.441 0.0811 1108.28 1.9834
200 30 1.451 0.0763 1107.97 1.9699
200 30 1.461 0.0709 1107.45 2.2578
200 30 1.471 0.0788 1107.44 2.3922
200 30 1.481 0.0755 1106.62 2.3758
200 30 1.491 0.0709 1106.81 2.3292
200 30 1.501 0.0542 1106.39 1.8992
200 30 1.511 0.061 1106.06 1.9023
200 30 1.521 0.0616 1105.75 1.9006
200 30 1.531 0.0565 1105.55 1.8637
200 30 1.541 0.0544 1105.36 1.8686
200 30 1.551 0.0547 1105.44 1.8608
200 30 1.561 0.0466 1104.64 1.9645
200 30 1.571 0.0524 1104.88 2.2048
200 30 1.581 0.0441 1104.33 2.1913
200 30 1.591 0.0447 1104.15 1.8905
200 30 1.601 0.0436 1104.14 1.8287
200 30 1.611 0.0383 1103.94 1.8011
200 30 1.621 0.0441 1103.95 1.8031
200 30 1.631 0.0421 1103.87 1.8238
200 30 1.641 0.0416 1103.67 1.7874
200 30 1.651 0.0403 1103.52 1.7899
200 30 1.661 0.0375 1103.34 1.775
200 30 1.671 0.0383 1103.37 1.7771
200 30 1.681 0.0366 1103.06 1.7937
200 30 1.691 0.0337 1102.99 1.7746
200 30 1.701 0.0372 1102.92 1.7789
200 30 1.711 0.0324 1102.64 1.7588
200 30 1.721 0.0291 1102.84 1.7548
200 30 1.731 0.0282 1102.38 1.746
200 30 1.741 0.0304 1102.46 1.7496
200 30 1.751 0.0268 1102.45 1.7512
200 30 1.761 0.0318 1102.47 1.7486
200 30 1.771 0.0246 1102.23 1.8015
200 30 1.781 0.0268 1102.07 1.9481
200 30 1.791 0.0263 1101.93 1.6929
200 30 1.801 0.0295 1102.06 1.7046
200 30 1.811 0.0282 1101.85 1.6924
200 30 1.821 0.0237 1102.01 1.6957
200 30 1.831 0.0258 1101.57 1.6673
200 30 1.841 0.0202 1101.16 1.6539
200 30 1.851 0.0215 1101.48 1.8181
200 30 1.861 0.0231 1101.41 1.8729
200 30 1.871 0.026 1101.31 1.9839
200 30 1.881 0.0261 1101.36 1.8337
200 30 1.891 0.0232 1101.2 1.8394
200 30 1.901 0.0232 1101.03 1.8212
200 30 1.911 0.0165 1101.1 1.8104
200 30 1.921 0.0178 1100.76 1.7875
200 30 1.931 0.0212 1100.76 1.7668
200 30 1.941 0.0182 1100.97 1.7813
200 30 1.951 0.019 1100.65 1.9132
200 30 1.961 0.0185 1100.68 1.9892
200 30 1.971 0.0172 1100.83 1.9055
200 30 1.981 0.0148 1100.81 1.8002
200 30 1.991 0.0148 1100.25 1.6561
200 40 0.001 6414.82 64051.2 166.863
200 40 0.011 6073.89 60850.9 157.51
200 40 0.021 5701.67 57366.4 146.768
200 40 0.031 5343.1 53979.9 136.323
200 40 0.041 4971.09 50481.6 125.814
200 40 0.051 4617.34 47169.4 116.814
200 40 0.061 4260.01 43793.3 107.498
200 40 0.071 3992.63 41239.1 100.928
200 40 0.081 3683.83 38355.1 93.228
200 40 0.091 3405.9 35716.8 86.5308
200 40 0.101 3120.34 33021.9 79.4455
200 40 0.111 2874.42 30659.5 74.3817
200 40 0.121 2615.56 28179 68.5397
200 40 0.131 2463.41 26722.9 65.1973
200 40 0.141 2229.44 24508.3 60.0964
200 40 0.151 2050.72 22771.5 56.525
200 40 0.161 1886.3 21173.1 52.8534
200 40 0.171 1724.98 19632.5 49.6725
200 40 0.181 1549.78 17943.3 45.845
200 40 0.191 1428.86 16755.8 43.6324
200 40 0.201 1286.12 15351.9 41.0885
200 40 0.211 1171.52 14238.9 39.0437
200 40 0.221 1085.96 13363.7 37.7983
200 40 0.231 1018.83 12703.8 36.3162
200 40 0.241 923.274 11756 35.1118
200 40 0.251 838.597 10910.2 33.2685
200 40 0.261 773.491 10230.6 32.3841
200 40 0.271 706.513 9566.11 31.3765
200 40 0.281 651.939 8983.9 30.5238
200 40 0.291 587.305 8321.72 29.1564
200 40 0.301 522.917 7664.13 28.6881
200 40 0.311 489.143 7302.7 28
200 40 0.321 460.697 7020.52 28.3383
200 40 0.331 415.415 6524.85 27.2703
200 40 0.341 378.943 6120.78 26.3911
200 40 0.351 346.104 5769.72 25.8505
200 40 0.361 319.302 5454.32 25.1325
200 40 0.371 286.928 5118.94 24.4966
200 40 0.381 260.822 4823.88 23.5718
200 40 0.391 249.429 4692.41 23.5699
200 40 0.401 224.183 4386.05 22.7403
200 40 0.411 207.607 4200.77 22.3937
200 40 0.421 185.123 3941.92 21.688
200 40 0.431 175.331 3818.85 21.3514
200 40 0.441 160.316 3639.18 20.6475
200 40 0.451 149.208 3497.63 20.4014
200 40 0.461 133.459 3302.86 19.6933
200 40 0.471 126.015 3207.67 19.6225
200 40 0.481 112.208 3045.3 19.1804
200 40 0.491 105.973 2953.09 18.824
200 40 0.501 97.0096 2838.3 18.4024
200 40 0.511 91.4118 2753.52 18.0223
200 40 0.521 85.3887 2671.53 17.4272
200 40 0.531 76.5308 2546.61 16.9953
200 40 0.541 68.4143 2440.21 16.4582
200 40 0.551 65.4125 2393.37 16.2531
200 40 0.561 61.8175 2340.41 15.9322
200 40 0.571 54.4872 2236.74 20.5041
200 40 0.581 51.937 2191.46 19.1083
200 40 0.591 47.5362 2126.88 18.5375
200 40 0.601 42.1106 2039.29 13.4958
200 40 0.611 40.6344 2009.64 13.37
200 40 0.621 35.5672 1935.45 12.8728
200 40 0.631 33.3633 1908.62 12.7557
200 40 0.641 31.5568 1870.93 17.1887
200 40 0.651 27.5532 1804.81 16.1905
200 40 0.661 24.9901 1768.18 11.5775
200 40 0.671 24.7654 1749.06 11.1783
200 40 0.681 21.9707 1705.19 10.6991
200 40 0.691 20.6076 1675.03 10.4797
200 40 0.701 18.2716 1637.95 10.1189
200 40 0.711 16.8091 1607.07 9.7492
200 40 0.721 16.3546 1602.32 9.9402
200 40 0.731 14.0932 1559.3 9.2994
200 40 0.741 12.8478 1533.32 8.8441
200 40 0.751 11.3553 1505.89 8.5712
200 40 0.761 11.2212 1499.18 8.4256
200 40 0.771 10.0976 1476.99 8.1413
200 40 0.781 9.553 1458.63 7.7995
200 40 0.791 8.2164 1433.65 7.4828
200 40 0.801 8.6465 1435.75 7.4547
200 40 0.811 7.2998 1410.14 6.9807
200 40 0.821 6.7852 1400.43 7.0537
200 40 0.831 5.7884 1376.61 6.7949
200 40 0.841 5.4727 1364.28 6.5969
200 40 0.851 5.109 1358.1 6.6426
200 40 0.861 4.7425 1345.31 6.2103
200 40 0.871 4.3662 1336.42 5.9963
200 40 0.881 3.891 1324.54 5.3378
200 40 0.891 3.6275 1315.88 5.1562
200 40 0.901 3.2976 1307.42 4.9361
200 40 0.911 3.1578 1301.68 4.9417
200 40 0.921 2.6752 1289.16 4.6598
200 40 0.931 2.5466 1283.9 4.5043
200 40 0.941 2.468 1278.57 4.4084
200 40 0.951 1.9287 1265.46 4.1548
200 40 0.961 1.7659 1258.55 4.0594
200 40 0.971 1.9366 1261.95 4.4815
200 40 0.981 1.6236 1251.75 3.9544
200 40 0.991 1.4953 1246.29 3.9842
200 40 1.001 1.1783 1237.62 3.8288
200 40 1.011 1.2192 1236.83 3.9287
200 40 1.021 1.0716 1230.99 3.8663
200 40 1.031 0.9697 1226.19 3.6835
200 40 1.041 0.8943 1223.81 3.6818
200 40 1.051 0.8091 1220.86 3.5236
200 40 1.061 0.7756 1218.76 3.1327
200 40 1.071 0.6824 1213.89 3.0068
200 40 1.081 0.619 1211.8 2.974
200 40 1.091 0.6406 1211.54 2.9491
200 40 1.101 0.499 1205.65 2.7587
200 40 1.111 0.4488 1203.95 2.7209
200 40 1.121 0.4339 1202.02 2.6499
200 40 1.131 0.4374 1202.08 2.6524
200 40 1.141 0.366 1198.89 2.9086
200 40 1.151 0.3664 1198.02 2.8794
200 40 1.161 0.3383 1196.79 2.7676
200 40 1.171 0.313 1194.97 2.772
200 40 1.181 0.2754 1193.73 2.6574
200 40 1.191 0.2971 1193.49 2.6379
200 40 1.201 0.2251 1190.65 2.5485
200 40 1.211 0.2323 1190.6 2.5443
200 40 1.221 0.253 1189.68 2.4643
200 40 1.231 0.1935 1188.47 2.3921
200 40 1.241 0.1893 1187.95 2.3531
200 40 1.251 0.1712 1186.27 2.3914
200 40 1.261 0.1371 1185.31 2.2676
200 40 1.271 0.1525 1185.1 2.2841
200 40 1.281 0.145 1184.45 2.2738
200 40 1.291 0.1483 1184.41 2.2825
200 40 1.301 0.1286 1183.57 2.2436
200 40 1.311 0.1128 1182.3 2.1567
200 40 1.321 0.1153 1182.09 2.1738
200 40 1.331 0.0991 1181.34 2.0785
200 40 1.341 0.0904 1180.47 2.0759
200 40 1.351 0.0919 1180.4 1.8175
200 40 1.361 0.0797 1179.59 1.7055
200 40 1.371 0.0839 1179.47 1.7089
200 40 1.381 0.0817 1179.23 1.6946
200 40 1.391 0.0738 1178.9 1.8845
200 40 1.401 0.0798 1178.89 1.9955
200 40 1.411 0.0585 1178 1.7485
200 40 1.421 0.0626 1177.63 1.8344
200 40 1.431 0.058 1177.17 1.5728
200 40 1.441 0.0524 1176.87 1.5398
200 40 1.451 0.0577 1176.83 1.7401
200 40 1.461 0.0501 1176.19 1.7817
200 40 1.471 0.0452 1176.22 1.6264
200 40 1.481 0.0499 1176.14 1.846
200 40 1.491 0.0542 1176 1.8186
200 40 1.501 0.0463 1175.68 1.7997
200 40 1.511 0.0387 1175.1 1.8985
200 40 1.521 0.0391 1175.33 1.8883
200 40 1.531 0.0403 1175.08 1.878
200 40 1.541 0.0399 1174.92 1.8585
200 40 1.551 0.0376 1174.75 1.8747
200 40 1.561 0.0325 1174.58 1.8889
200 40 1.571 0.0388 1174.5 1.8413
200 40 1.581 0.0311 1174.19 1.758
200 40 1.591 0.0298 1173.85 1.5659
200 40 1.601 0.0252 1173.99 1.3839
200 40 1.611 0.0267 1173.79 1.3651
200 40 1.621 0.0292 1173.87 1.3792
200 40 1.631 0.0228 1173.56 1.3437
200 40 1.641 0.0287 1173.6 1.3655
200 40 1.651 0.024 1173.61 1.3452
200 40 1.661 0.0234 1173.45 1.3547
200 40 1.671 0.0262 1173.43 1.3484
200 40 1.681 0.0255 1173.29 1.35
200 40 1.691 0.0252 1173.22 1.3339
200 40 1.701 0.0264 1173.25 1.3394
200 40 1.711 0.0234 1173.3 1.6178
200 40 1.721 0.0224 1173.1 1.6297
200 40 1.731 0.0194 1172.8 1.6023
200 40 1.741 0.0236 1173.01 1.5611
200 40 1.751 0.0223 1172.83 1.6018
200 40 1.761 0.0172 1172.66 1.5475
200 40 1.771 0.0191 1172.81 1.4194
200 40 1.781 0.0189 1172.51 1.3162
200 40 1.791 0.0201 1172.66 1.3255
200 40 1.801 0.0174 1172.52 1.5999
200 40 1.811 0.0206 1172.57 1.5214
200 40 1.821 0.0156 1172.47 1.5699
200 40 1.831 0.0157 1172.37 1.5319
200 40 1.841 0.014 1172.37 1.5436
200 40 1.851 0.0175 1172.24 1.5243
200 40 1.861 0.0149 1172.1 1.5187
200 40 1.871 0.0134 1172.12 1.5105
200 40 1.881 0.0133 1172.04 1.4757
200 40 1.891 0.0147 1172.2 1.5324
200 40 1.901 0.0107 1171.97 1.4599
200 40 1.911 0.0126 1171.87 1.4579
200 40 1.921 0.0112 1171.81 1.4809
200 40 1.931 0.0164 1172.02 1.4851
200 40 1.941 0.01 1171.71 1.3807
200 40 1.951 0.013 1171.77 1.4461
200 40 1.961 0.0128 1171.89 1.4589
200 40 1.971 0.0111 1171.89 1.4284
200 40 1.981 0.0091 1171.8 1.3634
200 40 1.991 0.0098 1171.65 1.3359
300 10 0.001 2906.29 36345.3 3.3889
300 10 0.011 2863.26 35870.4 3.246
300 10 0.021 2810.53 35281.4 3.6265
300 10 0.031 2750.62 34621.2 3.7727
300 10 0.041 2696.75 34020.3 3.9711
300 10 0.051 2629.31 33276.6 4.4008
300 10 0.061 2583.15 32753.7 4.8335
300 10 0.071 2519.16 32053.3 5.3485
300 10 0.081 2457.62 31349 5.7845
300 10 0.091 2393.55 30649.4 6.303
300 10 0.101 2327.99 29910.6 6.8512
300 10 0.111 2265.7 29209.5 7.4668
300 10 0.121 2200.51 28498.1 8.1868
300 10 0.131 2146.73 27896.7 8.7775
300 10 0.141 2093.34 27295.6 9.4743
300 10 0.151 2018.32 26447.3 10.1854
300 10 0.161 1965.57 25870.2 10.8695
300 10 0.171 1903 25165.5 11.6041
300 10 0.181 1831.55 24362.7 12.374
300 10 0.191 1780.42 23793.7 13.5569
300 10 0.201 1738.45 23317.1 14.2817
300 10 0.211 1689.78 22742.7 15.0018
300 10 0.221 1628.35 22053.9 15.7424
300 10 0.231 1581.06 21526.1 16.1036
300 10 0.241 1527.73 20921.8 16.6735
300 10 0.251 1434.96 19888.2 17.5459
300 10 0.261 1417.14 19683.4 18.1006
300 10 0.271 1374.21 19183.7 18.9497
300 10 0.281 1314.89 18492.6 19.826
300 10 0.291 1277.42 18092.4 20.4956
300 10 0.301 1212.28 17328.4 21.6088
300 10 0.311 1178.44 16956.4 22.4139
300 10 0.321 1144.19 16562.9 22.7992
300 10 0.331 1095.25 16008.8 23.5403
300 10 0.341 1051.13 15489.2 23.7809
300 10 0.351 1032.55 15262.7 24.2677
300 10 0.361 996.69 14852.1 24.7579
300 10 0.371 937.66 14175.1 24.8023
300 10 0.381 900.293 13758 24.5325
300 10 0.391 870.799 13413.4 25.2219
300 10 0.401 836.572 13023.2 25.4595
300 10 0.411 800.352 12586.5 25.8331
300 10 0.421 764.264 12178.7 26.1664
300 10 0.431 746.421 11968.5 26.5141
300 10 0.441 708.857 11541.6 26.9369
300 10 0.451 677.968 11170.8 27.8461
300 10 0.461 638.054 10698.3 27.8916
300 10 0.471 618.226 10495.5 28.4764
300 10 0.481 587.925 10116.8 28.3156
300 10 0.491 581.506 10036.9 28.5304
300 10 0.501 536.504 9497.44 28.3957
300 10 0.511 515.818 9265.43 28.7011
300 10 0.521 492.418 8991.64 28.2341
300 10 0.531 466.404 8719.03 28.5606
300 10 0.541 447.665 8451.57 28.0904
300 10 0.551 430.246 8260.04 28.3857
300 10 0.561 410.203 7998.85 27.8957
300 10 0.571 391.131 7780.28 27.8423
300 10 0.581 364.914 7469.91 27.5519
300 10 0.591 354.795 7338.3 27.5744
300 10 0.601 333.317 7091.64 27.5697
300 10 0.611 319.801 6926.09 27.3685
300 10 0.621 294.534 6640.87 26.7908
300 10 0.631 282.423 6459.28 26.3287
300 10 0.641 277.001 6403.77 26.6288
300 10 0.651 256.477 6152.05 26.112
300 10 0.661 246.665 6031.86 25.8463
300 10 0.671 233.723 5886.24 25.9985
300 10 0.681 221.993 5723.23 25.3014
300 10 0.691 210.571 5589.86 25.4292
300 10 0.701 201.523 5480.1 25.2858
300 10 0.711 182.661 5236.53 24.1545
300 10 0.721 180.751 5221.36 24.6041
300 10 0.731 169.224 5079.01 23.9973
300 10 0.741 158.598 4931.12 23.6235
300 10 0.751 152.681 4862.92 22.7853
300 10 0.761 138.601 4704.47 21.7747
300 10 0.771 135.847 4640.78 21.3152
300 10 0.781 127.789 4544.01 21.3112
300 10 0.791 118.251 4424.9 20.5828
300 10 0.801 110.091 4331.58 20.6846
300 10 0.811 105.132 4254.52 19.7766
300 10 0.821 97.7732 4171.99 19.9283
300 10 0.831 91.7598 4095.11 19.443
300 10 0.841 88.4942 4035.82 19.439
300 10 0.851 80.3346 3937.82 18.8455
300 10 0.861 77.2875 3900.33 18.9066
300 10 0.871 71.7951 3823.72 18.1163
300 10 0.881 68.844 3785.81 17.4991
300 10 0.891 62.7373 3703.84 16.637
300 10 0.901 58.4139 3653.06 16.1988
300 10 0.911 56.1411 3618.35 15.8988
300 10 0.921 51.1953 3551.08 15.3444
300 10 0.931 48.2594 3511.79 14.9373
300 10 0.941 45.7226 3478.89 14.6365
300 10 0.951 43.0361 3441.45 14.3168
300 10 0.961 38.9073 3384.23 13.5849
300 10 0.971 35.6881 3339.69 13.2583
300 10 0.981 32.7797 3302.75 12.9189
300 10 0.991 31.2023 3281.92 12.5618
300 10 1.001 27.8408 3238.22 12.0582
300 10 1.011 26.6489 3211.57 11.5571
300 10 1.021 23.9831 3176.74 11.1556
300 10 1.031 22.0667 3151.8 10.9043
300 10 1.041 21.7693 3142.73 10.5823
300 10 1.051 19.8543 3116.55 10.2302
300 10 1.061 17.9073 3089.17 10.034
300 10 1.071 16.5768 3075.63 9.8924
300 10 1.081 16.1145 3064.27 9.549
300 10 1.091 14.9043 3048.31 9.6541
300 10 1.101 13.287 3021.52 8.9129
300 10 1.111 13.0481 3020.34 9.2325
300 10 1.121 11.4982 2997.75 8.8017
300 10 1.131 10.2714 2982.16 8.5792
300 10 1.141 9.7682 2974.54 8.3418
300 10 1.151 10.0244 2976.36 8.2967
300 10 1.161 9.2177 2963.8 8.1189
300 10 1.171 8.1878 2948.86 7.7702
300 10 1.181 7.8896 2943.96 7.6254
300 10 1.191 7.3817 2936.01 7.5546
300 10 1.201 6.8369 2929.08 7.5164
300 10 1.211 6.5778 2925.34 7.5461
300 10 1.221 5.8654 2914.09 7.3233
300 10 1.231 5.7069 2910.63 7.1846
300 10 1.241 5.1581 2903.26 6.9406
300 10 1.251 4.9996 2900.29 6.7287
300 10 1.261 5.0109 2899.94 6.7904
300 10 1.271 4.3718 2890.67 6.5636
300 10 1.281 4.0247 2884.86 6.423
300 10 1.291 3.8696 2884.36 6.4651
300 10 1.301 3.6242 2878.62 6.4054
300 10 1.311 3.2874 2874.57 6.322
300 10 1.321 3.2319 2872.54 6.104
300 10 1.331 3.2316 2872.17 5.9916
300 10 1.341 2.6572 2864.02 5.7445
300 10 1.351 2.6301 2863.45 5.8146
300 10 1.361 2.4574 2860.39 5.726
300 10 1.371 2.4083 2859.13 5.6015
300 10 1.381 2.1542 2855.36 5.535
300 10 1.391 2.1492 2855.23 5.4995
300 10 1.401 1.8545 2850.61 5.3442
300 10 1.411 1.8827 2849.9 5.3075
300 10 1.421 1.8139 2848.8 5.2366
300 10 1.431 1.6032 2845.75 5.197
300 10 1.441 1.563 2845.24 5.1639
300 10 1.451 1.4224 2843.52 4.9777
300 10 1.461 1.3712 2841.44 4.8913
300 10 1.471 1.2819 2840.56 4.9024
300 10 1.481 1.2866 2840.5 4.8719
300 10 1.491 1.1336 2837.43 4.8365
300 10 1.501 1.1596 2837.48 4.9084
300 10 1.511 1.0761 2835.97 4.8543
300 10 1.521 1.0002 2834.54 4.8353
300 10 1.531 0.9636 2833.64 4.7951
300 10 1.541 0.8444 2832.12 4.6765
300 10 1.551 0.8787 2832.44 4.734
300 10 1.561 0.7748 2830.63 4.6252
300 10 1.571 0.7662 2830.38 4.5944
300 10 1.581 0.7226 2829.58 4.5839
300 10 1.591 0.7043 2828.78 4.4551
300 10 1.601 0.6728 2828.44 4.3521
300 10 1.611 0.659 2827.93 4.307
300 10 1.621 0.5999 2827.17 4.3164
300 10 1.631 0.6437 2827.32 4.4062
300 10 1.641 0.5707 2826.44 4.094
300 10 1.651 0.5506 2825.61 4.0333
300 10 1.661 0.5364 2825.68 4.0366
300 10 1.671 0.505 2824.85 3.9908
300 10 1.681 0.5101 2825.03 3.9899
300 10 1.691 0.4754 2824.43 3.942
300 10 1.701 0.4915 2824.9 3.9661
300 10 1.711 0.4481 2823.95 3.8669
300 10 1.721 0.4379 2823.22 3.8306
300 10 1.731 0.4427 2823.59 3.8616
300 10 1.741 0.4124 2822.74 3.7743
300 10 1.751 0.3971 2822.46 3.7839
300 10 1.761 0.3918 2822.63 3.7759
300 10 1.771 0.3666 2821.81 3.704
300 10 1.781 0.3739 2821.98 3.7188
300 10 1.791 0.3442 2821.11 3.6524
300 10 1.801 0.3273 2821.1 3.6738
300 10 1.811 0.3434 2821.07 3.6198
300 10 1.821 0.3171 2820.63 3.6003
300 10 1.831 0.3005 2820.06 3.5561
300 10 1.841 0.2954 2819.84 3.5638
300 10 1.851 0.2882 2819.74 3.5353
300 10 1.861 0.2897 2819.34 3.4935
300 10 1.871 0.2809 2819.63 3.5126
300 10 1.881 0.2575 2819.08 3.4542
300 10 1.891 0.2577 2818.9 3.4434
300 10 1.901 0.2368 2818.46 3.3738
300 10 1.911 0.2422 2818.52 3.3836
300 10 1.921 0.2258 2818.17 3.3632
300 10 1.931 0.2269 2817.95 3.3296
300 10 1.941 0.2175 2818.06 3.3426
300 10 1.951 0.2239 2818.13 3.3372
300 10 1.961 0.2011 2817.2 3.277
300 10 1.971 0.2071 2817.53 3.3025
300 10 1.981 0.1971 2817.33 3.2483
300 10 1.991 0.1947 2817.4 3.2483
300 20 0.001 5606.48 60464.8 11.1795
300 20 0.011 5453.22 58969.6 11.7947
300 20 0.021 5278.23 57263.7 11.7127
300 20 0.031 5068.75 55214.2 12.9931
300 20 0.041 4896.83 53523.1 12.9404
300 20 0.051 4681.68 51408.7 14.0841
300 20 0.061 4464.67 49266.7 14.4395
300 20 0.071 4297.72 47617.2 15.3041
300 20 0.081 4124.17 45897.7 14.3072
300 20 0.091 3939.05 44062.9 11.2945
300 20 0.101 3775.78 42416 12.5994
300 20 0.111 3560.1 40290.6 13.5457
300 20 0.121 3428.73 38946.4 14.7266
300 20 0.131 3236.81 37043.3 15.6214
300 20 0.141 3079.8 35511.9 16.402
300 20 0.151 2952.64 34180.8 17.6324
300 20 0.161 2786.06 32491.7 18.978
300 20 0.171 2624.89 30839 20.4886
300 20 0.181 2469.03 29269.4 21.6327
300 20 0.191 2353.28 28091.3 22.9725
300 20 0.201 2221.54 26762.4 23.6706
300 20 0.211 2089.54 25385.2 22.8752
300 20 0.221 2004.79 24498.5 23.6521
300 20 0.231 1886.23 23299.9 24.5219
300 20 0.241 1762.44 21975.2 25.5953
300 20 0.251 1650.12 20841.4 26.4549
300 20 0.261 1556.9 19796.6 26.684
300 20 0.271 1477.95 18986.6 28.1602
300 20 0.281 1374.15 17923.6 29.0589
300 20 0.291 1282.55 16939 29.6173
300 20 0.301 1231.41 16359.6 30.8642
300 20 0.311 1152.05 15509 31.5894
300 20 0.321 1076.04 14664.9 31.7447
300 20 0.331 1018.43 14033.7 32.3838
300 20 0.341 958.657 13386.7 32.0739
300 20 0.351 888.798 12621.7 32.0463
300 20 0.361 857.039 12251.2 33.1016
300 20 0.371 780.396 11404.4 32.5134
300 20 0.381 734.747 10887.4 32.3154
300 20 0.391 687.502 10360 32.5258
300 20 0.401 630.521 9724.78 32.66
300 20 0.411 596.689 9328.65 32.8382
300 20 0.421 550.212 8788.03 32.6744
300 20 0.431 517.737 8400.3 32.7348
300 20 0.441 482.057 7952.76 32.1996
300 20 0.451 460.824 7725.34 32.9832
300 20 0.461 418.571 7239.79 32.5159
300 20 0.471 393.114 6923.11 32.5935
300 20 0.481 364.36 6558.34 32.167
300 20 0.491 334.4 6192.79 32.0289
300 20 0.501 305.68 5855.35 32.0871
300 20 0.511 290.271 5670.62 32.3348
300 20 0.521 268.26 5400.01 32.2142
300 20 0.531 258.193 5264.59 32.1532
300 20 0.541 229.258 4910.33 31.3583
300 20 0.551 215.891 4724.46 30.5999
300 20 0.561 194.953 4447.47 29.9028
300 20 0.571 186.386 4328.18 29.6013
300 20 0.581 172.036 4133.2 29.1404
300 20 0.591 158.619 3946.99 28.2857
300 20 0.601 147.587 3778.4 27.654
300 20 0.611 135.656 3636.34 27.6116
300 20 0.621 123.66 3472.55 26.5161
300 20 0.631 118.368 3384.95 26.0159
300 20 0.641 110.573 3261.16 25.3055
300 20 0.651 99.2034 3111.44 24.6257
300 20 0.661 92.317 3000.84 24.0623
300 20 0.671 85.4322 2916.45 23.8203
300 20 0.681 81.4245 2843.74 23.4462
300 20 0.691 71.0949 2692.78 22.0507
300 20 0.701 66.7686 2617.76 21.482
300 20 0.711 61.4915 2540.55 21.1471
300 20 0.721 56.8832 2451.19 20.3296
300 20 0.731 52.1208 2369.77 19.4619
300 20 0.741 46.3875 2289.94 18.943
300 20 0.751 45.1229 2260.22 18.8083
300 20 0.761 40.7442 2186.97 17.916
300 20 0.771 38.4636 2137.46 17.3731
300 20 0.781 34.2857 2077.07 16.8489
300 20 0.791 30.5352 2003.68 16.1275
300 20 0.801 29.0461 1968.92 15.692
300 20 0.811 26.496 1929.23 15.0915
300 20 0.821 24.204 1882.65 14.6291
300 20 0.831 22.3681 1849.18 14.2023
300 20 0.841 20.2042 1805.41 13.6273
300 20 0.851 19.024 1778.08 13.5051
300 20 0.861 16.6501 1742.48 12.6934
300 20 0.871 15.9264 1705.33 12.3368
300 20 0.881 14.6288 1689.49 12.5473
300 20 0.891 14.2107 1674.33 12.1376
300 20 0.901 12.2848 1638.83 11.4942
300 20 0.911 11.1923 1605.64 10.9521
300 20 0.921 10.9428 1599.87 10.879
300 20 0.931 9.2647 1568.69 10.2494
300 20 0.941 8.7258 1551.71 9.9628
300 20 0.951 7.9556 1527.87 9.2491
300 20 0.961 7.308 1511.19 9.0204
300 20 0.971 6.6492 1497.37 8.6105
300 20 0.981 5.7059 1475.71 7.9548
300 20 0.991 5.6046 1468.6 7.71
300 20 1.001 5.0415 1454.6 7.3356
300 20 1.011 4.3611 1438.4 6.9284
300 20 1.021 3.975 1423.33 6.875
300 20 1.031 3.5554 1414.24 6.7594
300 20 1.041 3.3595 1403.67 6.5078
300 20 1.051 3.2395 1399.45 6.2204
300 20 1.061 2.6936 1386.14 5.9342
300 20 1.071 2.4899 1380.08 5.8972
300 20 1.081 2.4571 1374.94 5.7241
300 20 1.091 2.172 1364.75 5.4447
300 20 1.101 1.9661 1361.33 5.3253
300 20 1.111 1.8772 1354.57 5.1848
300 20 1.121 1.8111 1353.15 5.0872
300 20 1.131 1.643 1348.9 4.9832
300 20 1.141 1.4666 1342.29 4.7444
300 20 1.151 1.3702 1338.53 4.698
300 20 1.161 1.2167 1335.82 4.5113
300 20 1.171 1.2067 1330.85 4.1071
300 20 1.181 1.0752 1327.36 4.0332
300 20 1.191 0.9922 1325.2 3.8889
300 20 1.201 0.9844 1324.16 3.8097
300 20 1.211 0.8917 1319.49 4.0062
300 20 1.221 0.8181 1317.62 3.92
300 20 1.231 0.7624 1315.75 3.8726
300 20 1.241 0.6624 1312.39 3.7638
300 20 1.251 0.674 1310.97 3.7486
300 20 1.261 0.6485 1309.27 3.6355
300 20 1.271 0.5395 1305.65 3.4711
300 20 1.281 0.5645 1306.65 3.2736
300 20 1.291 0.5341 1304.34 3.1842
300 20 1.301 0.4706 1302.24 3.0737
300 20 1.311 0.4556 1301.25 3.0493
300 20 1.321 0.4372 1299.9 2.9796
300 20 1.331 0.4455 1299.9 3.0302
300 20 1.341 0.3786 1297.43 2.896
300 20 1.351 0.3616 1295.73 2.8337
300 20 1.361 0.3754 1295.95 2.8218
300 20 1.371 0.3155 1294.12 2.7271
300 20 1.381 0.3293 1293.86 2.7297
300 20 1.391 0.3049 1293.32 2.6677
300 20 1.401 0.3085 1292.14 2.6553
300 20 1.411 0.2509 1290.84 2.5478
300 20 1.421 0.2549 1290.52 2.5525
300 20 1.431 0.2419 1289.47 2.5115
300 20 1.441 0.2429 1288.86 2.4928
300 20 1.451 0.2107 1288.1 2.4145
300 20 1.461 0.2071 1287.8 2.4019
300 20 1.471 0.1972 1287.37 2.3863
300 20 1.481 0.1954 1287.04 2.4789
300 20 1.491 0.1791 1286.34 2.4082
300 20 1.501 0.1754 1285.61 2.4037
300 20 1.511 0.1619 1284.87 2.3632
300 20 1.521 0.1679 1284.94 2.3793
300 20 1.531 0.1535 1284.31 2.145
300 20 1.541 0.1326 1283.99 2.2234
300 20 1.551 0.1477 1283.81 2.668
300 20 1.561 0.1448 1283.46 2.9473
300 20 1.571 0.1339 1282.87 2.9836
300 20 1.581 0.1266 1282.77 2.8311
300 20 1.591 0.1126 1282.13 2.2818
300 20 1.601 0.1274 1282.42 2.3293
300 20 1.611 0.127 1282.55 2.0431
300 20 1.621 0.1155 1281.85 2.208
300 20 1.631 0.1065 1281.54 2.2718
300 20 1.641 0.1057 1281.35 2.0895
300 20 1.651 0.1098 1281.61 2.1256
300 20 1.661 0.1012 1280.96 2.0527
300 20 1.671 0.0991 1280.87 2.068
300 20 1.681 0.1 1280.86 2.0778
300 20 1.691 0.0898 1280.41 2.0284
300 20 1.701 0.0912 1280.37 2.0237
300 20 1.711 0.0865 1280.23 2.0026
300 20 1.721 0.0772 1279.72 1.9673
300 20 1.731 0.0866 1279.9 1.9995
300 20 1.741 0.087 1279.5 1.9648
300 20 1.751 0.0787 1279.36 1.9527
300 20 1.761 0.0832 1279.67 1.9742
300 20 1.771 0.0742 1279.48 2.047
300 20 1.781 0.0728 1279.25 2.0605
300 20 1.791 0.0673 1279.15 2.0782
300 20 1.801 0.0691 1279.13 1.9097
300 20 1.811 0.0715 1278.73 1.8622
300 20 1.821 0.0641 1278.74 1.8509
300 20 1.831 0.0702 1278.58 1.8799
300 20 1.841 0.0673 1278.71 2.7614
300 20 1.851 0.0644 1278.47 2.407
300 20 1.861 0.0633 1278.6 2.0029
300 20 1.871 0.0552 1278.29 1.9503
300 20 1.881 0.0609 1278 1.9742
300 20 1.891 0.0559 1278.29 2.0032
300 20 1.901 0.0576 1277.86 1.9122
300 20 1.911 0.0571 1277.81 1.9321
300 20 1.921 0.0521 1277.68 1.9274
300 20 1.931 0.0468 1277.92 1.6841
300 20 1.941 0.0503 1277.74 1.6823
300 20 1.951 0.0439 1277.46 1.6422
300 20 1.961 0.0499 1277.63 1.6564
300 20 1.971 0.0452 1277.39 1.6706
300 20 1.981 0.0451 1277.47 1.6447
300 20 1.991 0.0415 1277.33 1.6193
300 30 0.001 8107.73 82789.3 12.9682
300 30 0.011 7755.83 79443.4 13.6649
300 30 0.021 7422.31 76261.2 14.4057
300 30 0.031 7033.79 72559.3 15.4036
300 30 0.041 6672.05 69108 16.0279
300 30 0.051 6310.09 65653 17.283
300 30 0.061 5910.88 61819.7 18.0049
300 30 0.071 5583.79 58678.4 18.899
300 30 0.081 5211.25 55100.1 20.1007
300 30 0.091 4879.48 51896.3 21.1778
300 30 0.101 4619.24 49385.7 22.1685
300 30 0.111 4300.3 46282.2 22.4597
300 30 0.121 4072.39 44088.1 23.5786
300 30 0.131 3721.5 40669.9 24.5056
300 30 0.141 3472.38 38213.1 25.2676
300 30 0.151 3237.35 35951 25.9613
300 30 0.161 3049.38 34113.2 26.8164
300 30 0.171 2790.78 31554.1 27.3968
300 30 0.181 2590.92 29595.1 28.28
300 30 0.191 2411.94 27815.5 28.8762
300 30 0.201 2214.98 25866.9 29.3682
300 30 0.211 2091.24 24617.2 29.9201
300 30 0.221 1901.42 22736.1 30.425
300 30 0.231 1794.05 21674.1 31.6453
300 30 0.241 1645.97 20115 31.8601
300 30 0.251 1503.67 18674.6 31.761
300 30 0.261 1433.23 17958.8 32.857
300 30 0.271 1309.01 16672.3 32.8393
300 30 0.281 1207 15646.3 33.1992
300 30 0.291 1110.02 14647.9 33.735
300 30 0.301 1031.52 13787.3 33.527
300 30 0.311 948.476 12937.2 34.0859
300 30 0.321 878.087 12170.5 33.9811
300 30 0.331 810.015 11456.2 34.0246
300 30 0.341 740.473 10719.7 34.0133
300 30 0.351 686.611 10132.1 34.0983
300 30 0.361 643.543 9628.36 33.9687
300 30 0.371 560.798 8745.42 33.3163
300 30 0.381 528.387 8372.27 33.3636
300 30 0.391 498.222 8044.38 33.3697
300 30 0.401 458.81 7583.17 32.824
300 30 0.411 417.262 7109.04 32.5582
300 30 0.421 387.564 6764.51 32.4154
300 30 0.431 362.656 6471.49 31.9916
300 30 0.441 334.415 6114.01 31.087
300 30 0.451 304.197 5753.19 30.7521
300 30 0.461 279.892 5479.54 30.5879
300 30 0.471 259.926 5211.8 30.0389
300 30 0.481 237.492 4932.39 29.2411
300 30 0.491 218.024 4693.11 29.094
300 30 0.501 206.752 4531.27 28.5574
300 30 0.511 186.767 4279.33 27.4788
300 30 0.521 167.978 4049.96 26.8998
300 30 0.531 155.987 3889.14 26.4173
300 30 0.541 143.22 3728.33 26.1704
300 30 0.551 129.534 3545.8 25.5309
300 30 0.561 118.331 3384.73 24.6241
300 30 0.571 116.33 3320.52 24.334
300 30 0.581 106.546 3193.62 23.696
300 30 0.591 97.4879 3063.14 23.2789
300 30 0.601 85.0385 2882.38 22.2671
300 30 0.611 82.8836 2848.35 22.0195
300 30 0.621 75.6706 2719.45 20.8834
300 30 0.631 70.6107 2642.06 20.5481
300 30 0.641 63.4504 2549.42 19.8924
300 30 0.651 57.1494 2444.53 19.1218
300 30 0.661 54.3064 2388.53 18.6421
300 30 0.671 49.4799 2321.85 18.3993
300 30 0.681 45.4448 2225.61 17.3039
300 30 0.691 42.5936 2195.69 17.1622
300 30 0.701 38.3937 2118.9 16.5072
300 30 0.711 35.634 2057.17 15.7622
300 30 0.721 31.3545 1998.06 15.2939
300 30 0.731 29.6366 1957.58 15.3176
300 30 0.741 27.4773 1907.01 15.0441
300 30 0.751 24.6503 1862.3 13.8096
300 30 0.761 23.0459 1831.22 13.5984
300 30 0.771 21.7883 1801.89 13.1128
300 30 0.781 20.0428 1760.76 12.4627
300 30 0.791 17.55 1713.87 11.8352
300 30 0.801 16.5909 1694.79 11.6169
300 30 0.811 15.2793 1661.31 11.0001
300 30 0.821 13.8797 1632.05 10.6458
300 30 0.831 12.5121 1605.45 10.2908
300 30 0.841 11.0883 1572.3 9.8113
300 30 0.851 10.2545 1548.94 9.4067
300 30 0.861 9.5348 1533.21 9.1844
300 30 0.871 8.8822 1515.55 8.8278
300 30 0.881 8.1512 1493.65 8.5402
300 30 0.891 8.2673 1490.24 8.407
300 30 0.901 6.906 1462 7.9797
300 30 0.911 6.4761 1446.14 7.6032
300 30 0.921 5.4826 1425.66 7.2825
300 30 0.931 5.5081 1423.09 7.191
300 30 0.941 4.7307 1401.89 6.8199
300 30 0.951 4.4884 1389.7 6.5098
300 30 0.961 4.0454 1377.19 6.3053
300 30 0.971 3.7051 1364.47 6.4284
300 30 0.981 3.3754 1353.87 5.8652
300 30 0.991 2.7683 1338.63 5.5043
300 30 1.001 2.824 1335.47 5.4085
300 30 1.011 2.532 1325.95 5.2263
300 30 1.021 2.1901 1315.9 5.005
300 30 1.031 2.022 1307.31 4.8293
300 30 1.041 1.9029 1299.68 4.6563
300 30 1.051 1.714 1292.86 4.4634
300 30 1.061 1.5812 1287.58 4.5127
300 30 1.071 1.4704 1283.15 4.5715
300 30 1.081 1.3295 1277.09 4.4022
300 30 1.091 1.2074 1272.25 4.3974
300 30 1.101 1.1143 1269.98 4.1765
300 30 1.111 1.0318 1266.13 4.2049
300 30 1.121 0.978 1262.12 4.0758
300 30 1.131 0.8948 1260.06 3.9414
300 30 1.141 0.8588 1256.43 3.9164
300 30 1.151 0.8155 1254.34 3.8522
300 30 1.161 0.7288 1250.58 3.6749
300 30 1.171 0.6386 1246.84 3.5844
300 30 1.181 0.617 1245.63 3.5701
300 30 1.191 0.6089 1245.06 3.3664
300 30 1.201 0.5066 1240.77 3.2514
300 30 1.211 0.495 1239.07 3.1562
300 30 1.221 0.4763 1237.94 3.173
300 30 1.231 0.4227 1235.05 3.2244
300 30 1.241 0.3962 1234.04 3.1903
300 30 1.251 0.3913 1233.23 3.1248
300 30 1.261 0.3615 1230.92 2.9722
300 30 1.271 0.3337 1229.79 2.8928
300 30 1.281 0.3349 1229.44 2.8909
300 30 1.291 0.2968 1227.87 2.8204
300 30 1.301 0.285 1226.38 2.838
300 30 1.311 0.2555 1225.08 2.8422
300 30 1.321 0.2349 1223.83 2.7761
300 30 1.331 0.207 1222.56 2.7389
300 30 1.341 0.2324 1222.58 2.7366
300 30 1.351 0.2141 1221.89 2.6167
300 30 1.361 0.2051 1221.29 2.6315
300 30 1.371 0.1809 1219.67 2.5169
300 30 1.381 0.1678 1219.03 2.4645
300 30 1.391 0.1733 1218.39 2.4209
300 30 1.401 0.1675 1218.24 2.3688
300 30 1.411 0.1522 1217.17 2.289
300 30 1.421 0.1632 1217 2.3095
300 30 1.431 0.159 1216.03 2.2321
300 30 1.441 0.1187 1215.41 2.1471
300 30 1.451 0.1301 1214.68 2.2409
300 30 1.461 0.1167 1214.47 2.3217
300 30 1.471 0.1157 1213.9 2.3031
300 30 1.481 0.109 1213.65 2.276
300 30 1.491 0.0954 1212.91 2.2488
300 30 1.501 0.1005 1212.55 2.2565
300 30 1.511 0.1 1212.27 2.2546
300 30 1.521 0.0851 1212.03 2.2329
300 30 1.531 0.0883 1211.72 2.243
300 30 1.541 0.0806 1211.3 2.2049
300 30 1.551 0.0819 1211.06 2.2121
300 30 1.561 0.0854 1211.11 2.2113
300 30 1.571 0.0763 1210.59 2.1992
300 30 1.581 0.075 1210.44 2.1977
300 30 1.591 0.078 1210.37 2.202
300 30 1.601 0.0711 1209.88 2.1899
300 30 1.611 0.0679 1209.56 2.1853
300 30 1.621 0.0591 1209.25 2.1645
300 30 1.631 0.0666 1209.38 2.1602
300 30 1.641 0.0636 1209.13 2.1659
300 30 1.651 0.0573 1208.86 2.1622
300 30 1.661 0.0625 1208.74 2.1668
300 30 1.671 0.0584 1208.65 2.1461
300 30 1.681 0.0509 1208.38 2.1336
300 30 1.691 0.0533 1208.4 2.1372
300 30 1.701 0.0466 1208.18 2.126
300 30 1.711 0.0522 1208.36 2.0688
300 30 1.721 0.0502 1208.16 2.0252
300 30 1.731 0.0493 1207.98 1.9317
300 30 1.741 0.0486 1207.91 2.022
300 30 1.751 0.0438 1207.65 1.9544
300 30 1.761 0.0423 1207.26 1.9049
300 30 1.771 0.0396 1207.29 1.9832
300 30 1.781 0.0435 1207.11 1.8353
300 30 1.791 0.04 1207.28 1.8491
300 30 1.801 0.0415 1207.26 1.896
300 30 1.811 0.0387 1207.14 1.7749
300 30 1.821 0.0344 1206.7 1.694
300 30 1.831 0.0383 1206.85 1.7845
300 30 1.841 0.0356 1206.58 1.8711
300 30 1.851 0.0294 1206.43 1.7425
300 30 1.861 0.0337 1206.47 1.6902
300 30 1.871 0.0296 1206.26 1.7415
300 30 1.881 0.033 1206.44 1.7476
300 30 1.891 0.0297 1205.98 1.6984
300 30 1.901 0.0265 1206.02 1.7924
300 30 1.911 0.0278 1205.97 1.844
300 30 1.921 0.0269 1205.8 1.6871
300 30 1.931 0.0278 1205.83 1.7751
300 30 1.941 0.0298 1206 1.6482
300 30 1.951 0.0291 1205.79 1.7047
300 30 1.961 0.0248 1205.81 1.6681
300 30 1.971 0.0238 1205.79 1.6378
300 30 1.981 0.0223 1205.72 1.6234
300 30 1.991 0.0243 1205.46 1.6116
300 40 0.001 10404.8 103254 268.219
300 40 0.011 9857.21 98115.7 252.506
300 40 0.021 9267.5 92560 236.11
300 40 0.031 8700.77 87229.6 220.697
300 40 0.041 8065.96 81258.8 204.281
300 40 0.051 7537.18 76291.1 190.127
300 40 0.061 6914.99 70421.2 173.418
300 40 0.071 6413.33 65672.3 160.789
300 40 0.081 5897.03 60785.6 148.338
300 40 0.091 5476.96 56797 137.702
300 40 0.101 5040.05 52655.2 127.802
300 40 0.111 4620.3 48642.7 116.757
300 40 0.121 4247.02 45103.3 108.786
300 40 0.131 3882.74 41638.2 100.063
300 40 0.141 3575.4 38640.3 94.0741
300 40 0.151 3326.11 36256.3 88.1545
300 40 0.161 3034.36 33441.8 82.7869
300 40 0.171 2753.8 30749.8 76.3352
300 40 0.181 2500.62 28255.2 70.9159
300 40 0.191 2310 26410.4 65.4963
300 40 0.201 2121.4 24562 62.098
300 40 0.211 1933.6 22748.9 59.0946
300 40 0.221 1737.27 20779.8 55.7273
300 40 0.231 1619.33 19617.6 54.916
300 40 0.241 1458.85 17986.4 52.8794
300 40 0.251 1350.08 16907.3 50.8261
300 40 0.261 1216.84 15587.2 47.9995
300 40 0.271 1118.28 14561.6 46.4256
300 40 0.281 1025.41 13576.4 45.1313
300 40 0.291 937.081 12717.6 43.6786
300 40 0.301 850.161 11782.1 41.9795
300 40 0.311 792.597 11156.5 41.1117
300 40 0.321 715.713 10366.4 39.5415
300 40 0.331 671.101 9873.11 38.8482
300 40 0.341 594.798 9046.33 37.2728
300 40 0.351 554.965 8612.56 36.7192
300 40 0.361 502.937 8054.81 35.9479
300 40 0.371 467.706 7642.13 35.1177
300 40 0.381 429.589 7217.72 34.063
300 40 0.391 387.355 6754.67 33.1926
300 40 0.401 358.855 6412.3 31.9753
300 40 0.411 323.561 5995.14 31.4195
300 40 0.421 303.585 5767.26 30.9373
300 40 0.431 280.865 5476.27 30.044
300 40 0.441 263.466 5260.77 29.5805
300 40 0.451 232.48 4887.42 28.6317
300 40 0.461 220.92 4750.37 28.6791
300 40 0.471 200.497 4498.09 28.1784
300 40 0.481 186.572 4300.01 27.0337
300 40 0.491 167.997 4042.5 25.9354
300 40 0.501 157.507 3928.51 25.9047
300 40 0.511 144.916 3754.34 24.9276
300 40 0.521 131.26 3578.81 24.4831
300 40 0.531 124.66 3474.82 23.6275
300 40 0.541 112.801 3298.45 22.8492
300 40 0.551 101.552 3149.43 22.424
300 40 0.561 90.609 3001.53 21.4925
300 40 0.571 86.7627 2918.69 21.1116
300 40 0.581 80.5594 2840.57 20.9003
300 40 0.591 74.4447 2746.48 20.2212
300 40 0.601 67.3564 2626.95 18.8917
300 40 0.611 62.6313 2554 18.5034
300 40 0.621 60.9582 2520.14 18.2682
300 40 0.631 52.6739 2393.78 17.8174
300 40 0.641 49.3117 2338.79 17.702
300 40 0.651 43.2289 2242.9 16.6159
300 40 0.661 42.6574 2220.37 16.3849
300 40 0.671 38.3264 2145.43 15.7816
300 40 0.681 35.2248 2092.84 15.2868
300 40 0.691 31.9519 2029.45 14.7552
300 40 0.701 27.747 1967.83 14.1139
300 40 0.711 27.1808 1949.95 13.7429
300 40 0.721 24.8768 1903.59 13.4307
300 40 0.731 22.7925 1866.12 12.8697
300 40 0.741 20.7994 1821.84 12.4728
300 40 0.751 20.3792 1805.58 12.1758
300 40 0.761 16.8576 1742.2 11.4265
300 40 0.771 16.0519 1720.96 11.0589
300 40 0.781 15.0496 1694.24 10.7524
300 40 0.791 13.5021 1661.87 10.2245
300 40 0.801 12.3202 1637.97 9.8812
300 40 0.811 11.319 1615.16 9.5536
300 40 0.821 10.4344 1592.19 9.1758
300 40 0.831 9.6174 1573.55 8.9299
300 40 0.841 8.8425 1551.66 8.5429
300 40 0.851 8.2565 1535.36 8.1945
300 40 0.861 7.3999 1518.14 7.9556
300 40 0.871 6.665 1496.46 7.5534
300 40 0.881 6.4213 1489.73 7.5581
300 40 0.891 5.7341 1471.28 7.4271
300 40 0.901 4.9047 1448.96 7.0101
300 40 0.911 4.6752 1439.72 6.8917
300 40 0.921 4.6084 1439.12 6.8373
300 40 0.931 3.8803 1414.66 6.3583
300 40 0.941 3.6018 1407.96 6.1726
300 40 0.951 3.2387 1397 5.9896
300 40 0.961 3.1096 1388.87 5.3484
300 40 0.971 2.8049 1378.38 5.2306
300 40 0.981 2.322 1364.01 5.4589
300 40 0.991 2.3194 1361.74 5.3616
300 40 1.001 1.945 1349.51 5.0263
300 40 1.011 1.8839 1343.97 5.0046
300 40 1.021 1.7036 1336.52 4.7921
300 40 1.031 1.5581 1330.44 4.7145
300 40 1.041 1.376 1323.4 4.5759
300 40 1.051 1.195 1316.47 4.1841
300 40 1.061 1.1451 1313.44 3.8448
300 40 1.071 1.0909 1310.23 3.7567
300 40 1.081 1.0043 1305.65 3.6786
300 40 1.091 0.9402 1302.41 3.6003
300 40 1.101 0.8218 1297.34 3.4611
300 40 1.111 0.7567 1294.06 3.3979
300 40 1.121 0.6841 1291.46 3.3517
300 40 1.131 0.6573 1289.47 3.2714
300 40 1.141 0.6192 1286.94 3.258
300 40 1.151 0.5779 1285 3.1949
300 40 1.161 0.5313 1281.99 3.1138
300 40 1.171 0.4483 1277.64 3.0332
300 40 1.181 0.4431 1277.39 3.0252
300 40 1.191 0.399 1274.42 2.9015
300 40 1.201 0.4085 1273.37 2.8781
300 40 1.211 0.3742 1272.65 2.8467
300 40 1.221 0.3328 1270.44 2.7871
300 40 1.231 0.311 1268.62 2.7121
300 40 1.241 0.2654 1266.63 2.8477
300 40 1.251 0.2792 1266.67 2.9441
300 40 1.261 0.2498 1264.69 2.8219
300 40 1.271 0.2387 1263.46 2.6333
300 40 1.281 0.2237 1262.44 2.469
300 40 1.291 0.2003 1261.42 2.4401
300 40 1.301 0.1891 1260.48 2.391
300 40 1.311 0.1838 1259.53 2.3594
300 40 1.321 0.1833 1259.24 2.3663
300 40 1.331 0.1705 1257.71 2.2807
300 40 1.341 0.1621 1257.39 2.2982
300 40 1.351 0.155 1256.05 2.2415
300 40 1.361 0.1264 1254.87 2.1817
300 40 1.371 0.1402 1255.06 2.1893
300 40 1.381 0.1121 1253.68 2.1672
300 40 1.391 0.1191 1253.5 2.2943
300 40 1.401 0.1145 1253.13 2.0692
300 40 1.411 0.1137 1252.87 2.0615
300 40 1.421 0.0995 1251.65 2.1579
300 40 1.431 0.0943 1251.39 2.1019
300 40 1.441 0.0991 1251.43 1.9781
300 40 1.451 0.0879 1250.21 2.1472
300 40 1.461 0.0931 1250.02 2.257
300 40 1.471 0.073 1248.91 2.2309
300 40 1.481 0.0748 1248.77 2.0502
300 40 1.491 0.0791 1248.57 2.0873
300 40 1.501 0.0725 1248.52 1.8534
300 40 1.511 0.0684 1247.93 1.8301
300 40 1.521 0.0623 1247.41 1.8057
300 40 1.531 0.0675 1247.82 1.8421
300 40 1.541 0.0552 1246.9 1.7744
300 40 1.551 0.0522 1246.32 1.7466
300 40 1.561 0.0516 1246.38 1.7619
300 40 1.571 0.0511 1245.86 1.7251
300 40 1.581 0.0522 1245.94 1.7293
300 40 1.591 0.0529 1245.58 1.7156
300 40 1.601 0.0491 1245.47 1.6933
300 40 1.611 0.0519 1245.59 1.8313
300 40 1.621 0.0466 1245.2 1.6902
300 40 1.631 0.0421 1244.87 1.6778
300 40 1.641 0.0443 1244.64 1.6498
300 40 1.651 0.0401 1244.65 1.6558
300 40 1.661 0.0442 1244.85 1.6655
300 40 1.671 0.0386 1244.08 1.6181
300 40 1.681 0.0397 1244.34 1.636
300 40 1.691 0.0421 1244.32 1.6304
300 40 1.701 0.0362 1244.14 1.6103
300 40 1.711 0.0347 1243.77 1.6644
300 40 1.721 0.0345 1243.78 1.8834
300 40 1.731 0.0372 1243.58 1.7588
300 40 1.741 0.0297 1243.55 1.8493
300 40 1.751 0.0311 1243.18 1.7434
300 40 1.761 0.0288 1243.24 1.6183
300 40 1.771 0.0286 1243.03 1.5763
300 40 1.781 0.0287 1242.78 1.5635
300 40 1.791 0.0273 1243.18 1.586
300 40 1.801 0.0264 1242.87 1.5493
300 40 1.811 0.0277 1242.73 1.5325
300 40 1.821 0.0282 1242.65 1.5565
300 40 1.831 0.0246 1242.52 1.5363
300 40 1.841 0.0264 1242.48 1.5475
300 40 1.851 0.0224 1242.12 1.5383
300 40 1.861 0.0263 1242.43 1.4967
300 40 1.871 0.0218 1242.18 1.5746
300 40 1.881 0.0254 1242.46 1.7712
300 40 1.891 0.0217 1242.07 1.7199
300 40 1.901 0.023 1241.99 1.7082
300 40 1.911 0.0231 1241.9 1.7346
300 40 1.921 0.0215 1241.76 1.6681
300 40 1.931 0.0196 1241.84 1.6719
300 40 1.941 0.0213 1241.6 1.5814
300 40 1.951 0.0217 1241.63 1.5006
300 40 1.961 0.0202 1241.64 1.4852
300 40 1.971 0.0157 1241.22 1.4387
300 40 1.981 0.019 1241.64 1.4606
300 40 1.991 0.0154 1241.26 1.5133
400 10 0.001 3904.43 48626.3 3.8418
400 10 0.011 3834.17 47848.2 4.017
400 10 0.021 3779.25 47234.2 4.511
400 10 0.031 3698.89 46343.1 5.8141
400 10 0.041 3615.13 45414.8 5.4733
400 10 0.051 3543.2 44604.4 6.2433
400 10 0.061 3462.2 43710.3 7.7624
400 10 0.071 3360.45 42571.1 9.2579
400 10 0.081 3288.63 41781.5 10.7707
400 10 0.091 3215.9 40952.8 10.9127
400 10 0.101 3113.86 39857.1 11.2219
400 10 0.111 3052.57 39140.1 11.1864
400 10 0.121 2958.78 38093.5 11.9896
400 10 0.131 2885.46 37293.5 11.8936
400 10 0.141 2789.61 36213.8 12.4033
400 10 0.151 2700.29 35201.7 13.1201
400 10 0.161 2660.02 34735.1 13.9588
400 10 0.171 2569.28 33721.5 15.0003
400 10 0.181 2485.95 32806.2 16.0793
400 10 0.191 2378.2 31587.6 16.8068
400 10 0.201 2336.91 31104.8 17.4484
400 10 0.211 2245.88 30118.4 18.5728
400 10 0.221 2189.69 29431.9 19.2677
400 10 0.231 2105.86 28522.4 20.1544
400 10 0.241 2067.01 28073.1 20.8942
400 10 0.251 1963.94 26925.8 21.8918
400 10 0.261 1910.57 26296.1 22.5916
400 10 0.271 1834.97 25412.6 23.3099
400 10 0.281 1780.05 24791.7 24.3772
400 10 0.291 1703.49 23942.5 24.8721
400 10 0.301 1656.42 23408.6 25.9225
400 10 0.311 1591.55 22656.5 26.5724
400 10 0.321 1532.38 21964.4 27.2238
400 10 0.331 1471.66 21278.4 27.8878
400 10 0.341 1427.41 20782.5 28.6842
400 10 0.351 1373.11 20177.1 29.3719
400 10 0.361 1322.43 19577.1 29.8736
400 10 0.371 1273.17 18998.5 30.294
400 10 0.381 1201.93 18191.6 30.8719
400 10 0.391 1183.55 17963.1 31.3863
400 10 0.401 1133.02 17352.7 31.7233
400 10 0.411 1073.61 16670.4 32.2152
400 10 0.421 1037.38 16265.3 32.5625
400 10 0.431 974.113 15560.2 34.323
400 10 0.441 952.684 15284.5 35.0483
400 10 0.451 908.16 14753 35.2021
400 10 0.461 869.697 14290 35.6131
400 10 0.471 846.648 14023 35.8899
400 10 0.481 792.554 13404.9 36.0389
400 10 0.491 754.615 12964.2 36.0108
400 10 0.501 741.522 12809.1 36.1764
400 10 0.511 703.258 12336 36.2354
400 10 0.521 663.271 11853.8 35.9111
400 10 0.531 634.786 11546.2 36.046
400 10 0.541 618.461 11325 36.3864
400 10 0.551 583.401 10920.9 36.4048
400 10 0.561 549.995 10515.8 35.9772
400 10 0.571 528.251 10249.5 35.2091
400 10 0.581 501.872 9940.5 35.2739
400 10 0.591 473.189 9606.29 34.8924
400 10 0.601 453.003 9371.78 35.0918
400 10 0.611 424.475 9006.07 34.1731
400 10 0.621 416.943 8922.58 34.6883
400 10 0.631 383.886 8530.68 34.7951
400 10 0.641 371.029 8348.73 34.2549
400 10 0.651 359.741 8210.8 34.0383
400 10 0.661 330.114 7867.88 33.8409
400 10 0.671 307.326 7586.63 33.1028
400 10 0.681 300.298 7500.79 33.0487
400 10 0.691 290.687 7370.12 32.7474
400 10 0.701 259.063 6994.46 31.11
400 10 0.711 250.538 6885.16 30.8035
400 10 0.721 232.711 6668.82 29.9962
400 10 0.731 230.197 6619.74 29.6385
400 10 0.741 215.061 6440.11 29.6495
400 10 0.751 201.119 6255 28.7165
400 10 0.761 196.858 6204.17 28.8355
400 10 0.771 180.387 5997.13 28.2299
400 10 0.781 164.813 5803.27 27.6831
400 10 0.791 154.088 5669.01 26.8144
400 10 0.801 150.48 5608.4 26.2182
400 10 0.811 141.853 5504.69 25.7711
400 10 0.821 133.811 5405.63 25.0203
400 10 0.831 126.399 5299.07 24.2433
400 10 0.841 116.089 5176.71 23.7735
400 10 0.851 108.696 5068.08 23.2627
400 10 0.861 101.375 4985.77 23.3474
400 10 0.871 99.3566 4956.52 22.8611
400 10 0.881 93.463 4872.36 22.3094
400 10 0.891 87.1814 4791.12 21.2539
400 10 0.901 80.1091 4697.61 20.504
400 10 0.911 74.0697 4614.26 19.9166
400 10 0.921 68.6655 4547.26 19.3293
400 10 0.931 67.6776 4526.96 18.919
400 10 0.941 61.922 4453.54 18.5843
400 10 0.951 56.3567 4383.54 17.9254
400 10 0.961 51.4452 4308.81 17.0035
400 10 0.971 46.8274 4249.39 16.515
400 10 0.981 44.6968 4215.75 16.2044
400 10 0.991 41.5449 4176.61 15.4483
400 10 1.001 40.0762 4149.35 15.4182
400 10 1.011 34.503 4078.21 14.4703
400 10 1.021 32.1121 4039.84 13.4027
400 10 1.031 30.2441 4017.83 13.1961
400 10 1.041 27.9942 3982.44 12.7401
400 10 1.051 26.8076 3962.91 12.4791
400 10 1.061 23.5936 3919.46 12.0142
400 10 1.071 22.7598 3909.38 12.0961
400 10 1.081 20.9559 3882.63 11.5122
400 10 1.091 19.496 3861.49 11.2614
400 10 1.101 18.8802 3848.78 11.0046
400 10 1.111 16.2996 3814.69 10.5177
400 10 1.121 16.3531 3816.93 10.5703
400 10 1.131 15.2078 3797.85 10.2116
400 10 1.141 13.3892 3772.88 9.78
400 10 1.151 13.2386 3770.91 9.7537
400 10 1.161 12.217 3752.36 9.4333
400 10 1.171 11.5047 3744.22 9.2582
400 10 1.181 10.9611 3736.02 9.0603
400 10 1.191 10.1057 3722.27 8.8949
400 10 1.201 9.2454 3711.17 8.7131
400 10 1.211 9.0741 3707.65 8.5531
400 10 1.221 8.0255 3690.78 8.2007
400 10 1.231 7.2984 3683.15 8.1097
400 10 1.241 7.1212 3676.84 7.9109
400 10 1.251 6.5621 3669.47 7.6915
400 10 1.261 6.3285 3663.27 7.5425
400 10 1.271 5.6471 3655.12 7.4266
400 10 1.281 5.4532 3652.5 7.3863
400 10 1.291 5.2497 3649.63 7.3627
400 10 1.301 5.1817 3646.45 7.2156
400 10 1.311 4.464 3635.9 6.9975
400 10 1.321 4.1779 3630.38 6.8605
400 10 1.331 4.1678 3631.52 6.857
400 10 1.341 3.7147 3625.04 6.7087
400 10 1.351 3.7127 3623.23 6.6022
400 10 1.361 3.4121 3617.43 6.4751
400 10 1.371 3.3157 3616.93 6.4101
400 10 1.381 2.987 3611.9 6.2769
400 10 1.391 2.7388 3607.89 6.1584
400 10 1.401 2.6135 3606.07 6.1361
400 10 1.411 2.5576 3604.12 6.1099
400 10 1.421 2.2688 3600.16 5.9516
400 10 1.431 2.275 3600.1 5.8992
400 10 1.441 2.0943 3596.77 5.8384
400 10 1.451 1.9404 3594.54 5.742
400 10 1.461 1.8905 3592.55 5.6497
400 10 1.471 1.7681 3591.28 5.5809
400 10 1.481 1.7871 3590.93 5.5516
400 10 1.491 1.571 3587.69 5.5266
400 10 1.501 1.4735 3585.97 5.4011
400 10 1.511 1.4125 3584.49 5.3289
400 10 1.521 1.332 3583.07 5.2491
400 10 1.531 1.3036 3583.24 5.2552
400 10 1.541 1.2275 3581.43 5.2052
400 10 1.551 1.1172 3579.06 5.1903
400 10 1.561 1.1017 3578.92 5.3369
400 10 1.571 0.9744 3576.41 5.1935
400 10 1.581 0.9507 3575.87 5.1484
400 10 1.591 0.9129 3575.31 5.1668
400 10 1.601 0.9525 3576.1 4.9993
400 10 1.611 0.8879 3574.81 4.9392
400 10 1.621 0.8237 3573.93 4.9255
400 10 1.631 0.8125 3573.3 4.8564
400 10 1.641 0.8165 3573.04 4.8458
400 10 1.651 0.7752 3572.08 4.7842
400 10 1.661 0.7511 3571.81 4.8008
400 10 1.671 0.7309 3571.44 4.8809
400 10 1.681 0.6858 3570.03 4.6883
400 10 1.691 0.6821 3570.18 4.7188
400 10 1.701 0.6272 3569.4 5.0983
400 10 1.711 0.6376 3569.28 5.193
400 10 1.721 0.5969 3568.7 5.186
400 10 1.731 0.5537 3568.19 5.1197
400 10 1.741 0.5604 3567.79 5.1307
400 10 1.751 0.5602 3567.5 5.2507
400 10 1.761 0.5154 3566.89 5.1535
400 10 1.771 0.5105 3566.55 5.2277
400 10 1.781 0.5092 3566.27 5.2158
400 10 1.791 0.4606 3565.64 4.9745
400 10 1.801 0.4628 3565.72 5.0079
400 10 1.811 0.4497 3565.06 4.9683
400 10 1.821 0.4303 3564.62 4.2798
400 10 1.831 0.399 3564.56 4.1335
400 10 1.841 0.4037 3564.12 4.1183
400 10 1.851 0.4141 3564.43 4.1761
400 10 1.861 0.3743 3563.72 4.1128
400 10 1.871 0.3751 3563.6 4.1197
400 10 1.881 0.354 3563.08 4.1273
400 10 1.891 0.3417 3562.9 4.3218
400 10 1.901 0.3474 3562.88 4.0559
400 10 1.911 0.3386 3562.75 4.0491
400 10 1.921 0.3151 3562.21 3.9871
400 10 1.931 0.3101 3561.58 3.9245
400 10 1.941 0.2798 3561.18 3.9052
400 10 1.951 0.281 3561.82 3.9583
400 10 1.961 0.2715 3561.09 3.8492
400 10 1.971 0.2566 3560.26 3.8203
400 10 1.981 0.2581 3560.39 3.7223
400 10 1.991 0.2524 3560.29 3.722
400 20 0.001 7604.55 81744.8 8.3934
400 20 0.011 7368.81 79458.4 10.8045
400 20 0.021 7129.5 77092.8 10.3005
400 20 0.031 6890.04 74756.1 13.1937
400 20 0.041 6633.83 72248.4 12.8776
400 20 0.051 6351.76 69495.7 14.387
400 20 0.061 6077.47 66789.1 16.8162
400 20 0.071 5843.83 64460.6 15.8005
400 20 0.081 5555.58 61613.6 16.6512
400 20 0.091 5361.2 59676.3 16.3982
400 20 0.101 5058.93 56683.5 21.271
400 20 0.111 4833.38 54470.8 22.5745
400 20 0.121 4624.56 52377.1 22.0918
400 20 0.131 4388.74 50004.2 23.5218
400 20 0.141 4147.91 47605 24.0501
400 20 0.151 3972.24 45777.2 25.1037
400 20 0.161 3753.49 43566.2 27.5541
400 20 0.171 3566.19 41683.9 29.0022
400 20 0.181 3390.44 39865.1 30.7548
400 20 0.191 3197.9 37945.5 31.9734
400 20 0.201 3050.63 36374.6 32.7439
400 20 0.211 2881.74 34650.8 31.8033
400 20 0.221 2720.63 32937.8 32.6924
400 20 0.231 2555.22 31253.7 33.5734
400 20 0.241 2441.94 30046 34.2856
400 20 0.251 2292.71 28499.3 35.0325
400 20 0.261 2136.47 26908.7 35.7999
400 20 0.271 2039.98 25856 37.2437
400 20 0.281 1870.61 24067.5 38.4325
400 20 0.291 1759.18 22885.4 40.85
400 20 0.301 1644.38 21653.2 42.2691
400 20 0.311 1601.83 21159.2 42.2754
400 20 0.321 1473.67 19797 42.8922
400 20 0.331 1349.23 18449 43.5629
400 20 0.341 1273.42 17635.8 43.4865
400 20 0.351 1210.62 16879.6 43.9588
400 20 0.361 1142.9 16120.2 43.7051
400 20 0.371 1073.24 15366.1 43.8871
400 20 0.381 983.169 14341.3 42.6457
400 20 0.391 924.706 13660.8 41.3501
400 20 0.401 857.179 12927.9 41.9882
400 20 0.411 798.894 12242.2 41.831
400 20 0.421 749.359 11662 41.5323
400 20 0.431 697.781 11069.8 41.8724
400 20 0.441 663.509 10673.1 42.1879
400 20 0.451 612.717 10054.8 41.8446
400 20 0.461 561.048 9432.34 41.7687
400 20 0.471 524.639 9021.29 41.5583
400 20 0.481 478.983 8460.54 41.1529
400 20 0.491 456.224 8196.01 40.7371
400 20 0.501 426.31 7821.6 40.5069
400 20 0.511 401.058 7484.9 40.4408
400 20 0.521 365.453 7015.23 39.2382
400 20 0.531 345.859 6790.08 39.6661
400 20 0.541 315.13 6390.54 38.9356
400 20 0.551 299.677 6191.34 38.3446
400 20 0.561 277.482 5928.43 37.8999
400 20 0.571 250.424 5574.88 37.3022
400 20 0.581 224.843 5216.87 35.883
400 20 0.591 219.305 5126.07 35.4817
400 20 0.601 201.042 4867.86 34.7211
400 20 0.611 188.557 4700.17 34.4698
400 20 0.621 171.247 4470.31 33.8262
400 20 0.631 161.49 4339.97 33.7783
400 20 0.641 151.394 4164.73 32.3219
400 20 0.651 131.445 3897.66 31.0565
400 20 0.661 121.192 3740.9 30.4317
400 20 0.671 111.249 3573.01 29.2572
400 20 0.681 104.799 3501.75 29.2402
400 20 0.691 100.128 3405.65 28.4337
400 20 0.701 93.3423 3295.47 27.9646
400 20 0.711 83.3814 3153.33 27.2133
400 20 0.721 77.2523 3040.24 25.9955
400 20 0.731 71.0007 2944.81 25.3215
400 20 0.741 65.8098 2847.04 24.242
400 20 0.751 59.132 2737.11 22.9666
400 20 0.761 57.4067 2707.78 23.317
400 20 0.771 50.3494 2595.73 22.2986
400 20 0.781 46.6841 2519.2 21.4092
400 20 0.791 43.8637 2469.04 21.3326
400 20 0.801 39.1339 2395.72 19.9952
400 20 0.811 37.7113 2363.85 19.6599
400 20 0.821 34.5206 2303.74 19.096
400 20 0.831 29.3676 2206.66 17.9944
400 20 0.841 27.338 2170.73 17.3343
400 20 0.851 25.656 2130.69 16.5716
400 20 0.861 23.4884 2086.2 16.3878
400 20 0.871 22.4925 2052.8 15.8529
400 20 0.881 18.9053 1990.64 15.0348
400 20 0.891 17.7426 1963.62 14.6747
400 20 0.901 16.6642 1937.49 14.2299
400 20 0.911 15.7358 1908.26 13.4831
400 20 0.921 13.4139 1866.15 12.9481
400 20 0.931 12.8085 1855.49 12.4864
400 20 0.941 11.51 1817.39 11.6963
400 20 0.951 11.0048 1800.62 11.1796
400 20 0.961 9.343 1761.31 10.5495
400 20 0.971 9.0995 1747.07 10.0621
400 20 0.981 8.3082 1732.37 9.9172
400 20 0.991 7.8626 1716.66 9.5645
400 20 1.001 6.1842 1679.44 8.9088
400 20 1.011 6.3318 1677.57 8.7358
400 20 1.021 5.5511 1651.89 8.2955
400 20 1.031 5.0032 1638.18 7.8565
400 20 1.041 4.6256 1625.15 7.5794
400 20 1.051 4.2677 1615.24 7.2889
400 20 1.061 3.9837 1604.95 7.1224
400 20 1.071 3.4516 1589.76 6.6629
400 20 1.081 3.1536 1579.77 6.4806
400 20 1.091 3.1779 1576.68 6.3583
400 20 1.101 2.6877 1565.49 6.1055
400 20 1.111 2.5486 1556.78 5.9612
400 20 1.121 2.2557 1550.97 5.9236
400 20 1.131 2.0698 1543.08 5.8165
400 20 1.141 2.1569 1542.58 5.7603
400 20 1.151 1.7132 1530.4 5.5078
400 20 1.161 1.843 1531.7 5.5664
400 20 1.171 1.6006 1523.88 5.2842
400 20 1.181 1.5254 1520.69 5.2176
400 20 1.191 1.3425 1515.07 5.0645
400 20 1.201 1.2589 1510.97 4.8635
400 20 1.211 1.2135 1508.62 4.6767
400 20 1.221 1.1461 1503.96 4.5844
400 20 1.231 1.0777 1502.7 4.5258
400 20 1.241 0.9536 1498.42 4.4722
400 20 1.251 0.9521 1497.04 4.4618
400 20 1.261 0.9309 1494.16 4.373
400 20 1.271 0.8355 1491.79 4.2591
400 20 1.281 0.7383 1486.67 3.8908
400 20 1.291 0.7264 1487.03 3.8823
400 20 1.301 0.6426 1483.07 3.7033
400 20 1.311 0.6455 1482.43 3.864
400 20 1.321 0.6109 1480.38 3.9145
400 20 1.331 0.5485 1478.52 3.8987
400 20 1.341 0.5077 1476.92 3.8195
400 20 1.351 0.4725 1475.05 3.7477
400 20 1.361 0.4403 1473.54 3.7168
400 20 1.371 0.4359 1472.81 3.6138
400 20 1.381 0.4069 1471.05 3.6113
400 20 1.391 0.3894 1470.33 3.4921
400 20 1.401 0.3589 1467.99 3.2972
400 20 1.411 0.3922 1468.65 3.6347
400 20 1.421 0.3584 1467.02 3.42
400 20 1.431 0.3344 1466.69 3.1354
400 20 1.441 0.2922 1464.29 3.0369
400 20 1.451 0.3012 1464.26 3.1199
400 20 1.461 0.2902 1463.61 3.2377
400 20 1.471 0.3036 1463.35 3.3049
400 20 1.481 0.2667 1461.98 3.2855
400 20 1.491 0.2638 1460.71 3.2614
400 20 1.501 0.2357 1459.77 2.9436
400 20 1.511 0.2203 1459.81 2.9103
400 20 1.521 0.2231 1458.91 2.9158
400 20 1.531 0.2245 1458.67 3.0951
400 20 1.541 0.207 1458.09 2.9927
400 20 1.551 0.2056 1457.81 2.751
400 20 1.561 0.1934 1457.56 2.7432
400 20 1.571 0.1728 1456.28 2.7044
400 20 1.581 0.174 1455.66 2.6846
400 20 1.591 0.1664 1455.57 2.6617
400 20 1.601 0.1684 1455.63 2.6894
400 20 1.611 0.1606 1455.27 2.6667
400 20 1.621 0.1546 1454.5 2.6385
400 20 1.631 0.1463 1453.96 2.6005
400 20 1.641 0.1425 1453.88 2.5975
400 20 1.651 0.1339 1453.64 2.609
400 20 1.661 0.1273 1453.39 2.5709
400 20 1.671 0.1266 1452.91 2.5631
400 20 1.681 0.1274 1452.82 2.5715
400 20 1.691 0.128 1452.78 2.5619
400 20 1.701 0.1233 1452.03 2.5495
400 20 1.711 0.1336 1452.5 2.5658
400 20 1.721 0.1175 1451.85 2.5228
400 20 1.731 0.1151 1452.04 2.5223
400 20 1.741 0.1084 1452.05 2.5255
400 20 1.751 0.1091 1451 2.5026
400 20 1.761 0.1062 1451.05 2.4993
400 20 1.771 0.1064 1451.03 2.5121
400 20 1.781 0.1095 1451.16 2.6159
400 20 1.791 0.1002 1450.48 2.7645
400 20 1.801 0.0967 1450.52 2.7912
400 20 1.811 0.0976 1450.32 2.7399
400 20 1.821 0.0945 1450.07 2.7616
400 20 1.831 0.0855 1449.49 2.7534
400 20 1.841 0.0864 1449.5 2.7003
400 20 1.851 0.0874 1449.27 2.4676
400 20 1.861 0.0792 1449.12 2.4409
400 20 1.871 0.079 1448.81 2.4407
400 20 1.881 0.0794 1449.1 2.4433
400 20 1.891 0.0753 1448.51 2.4438
400 20 1.901 0.0744 1448.33 2.4273
400 20 1.911 0.0772 1448.91 2.4345
400 20 1.921 0.075 1448.19 2.4308
400 20 1.931 0.071 1447.97 2.4212
400 20 1.941 0.0709 1447.92 2.4104
400 20 1.951 0.0605 1447.85 2.3952
400 20 1.961 0.0635 1447.47 2.3882
400 20 1.971 0.0606 1447.42 2.3847
400 20 1.981 0.0673 1447.92 2.3935
400 20 1.991 0.0556 1447.26 2.3641
400 30 0.001 11095.4 112977 13.0055
400 30 0.011 10655.2 108787 14.6377
400 30 0.021 10128 103751 16.0083
400 30 0.031 9611.09 98842.6 17.9509
400 30 0.041 9159.76 94484 18.6681
400 30 0.051 8588.06 89028.3 20.4157
400 30 0.061 8079.5 84189.8 21.4429
400 30 0.071 7596.42 79562 22.8245
400 30 0.081 7122.12 74974.6 24.663
400 30 0.091 6697.93 70838 25.9058
400 30 0.101 6260.05 66662.6 27.0792
400 30 0.111 5862.49 62779.8 27.801
400 30 0.121 5530.84 59565.8 28.938
400 30 0.131 5115.77 55578.9 30.6519
400 30 0.141 4795.46 52436.1 31.4067
400 30 0.151 4464.93 49150.3 32.425
400 30 0.161 4120.35 45794.9 33.4224
400 30 0.171 3869.19 43280.4 34.3696
400 30 0.181 3545.91 40198.7 35.5831
400 30 0.191 3270.26 37392.6 34.0786
400 30 0.201 3097.46 35699.1 35.7443
400 30 0.211 2842.27 33141.1 36.3225
400 30 0.221 2618.73 30927.9 37.4536
400 30 0.231 2455.06 29241.7 37.876
400 30 0.241 2254.1 27245.1 38.7583
400 30 0.251 2105.96 25732.5 39.6825
400 30 0.261 1944.15 24035.4 39.8062
400 30 0.271 1811.72 22705.1 40.6645
400 30 0.281 1645.57 20986.5 40.9909
400 30 0.291 1494.74 19423.1 41.3494
400 30 0.301 1400.49 18428.1 42.6674
400 30 0.311 1293.51 17270 43.3471
400 30 0.321 1196.54 16272.1 42.4715
400 30 0.331 1140.14 15641.6 42.2655
400 30 0.341 1004.78 14171.1 41.9311
400 30 0.351 923.864 13310.7 42.233
400 30 0.361 867.525 12679.8 42.0558
400 30 0.371 780.182 11797.6 41.8256
400 30 0.381 723.938 11117.3 41.0744
400 30 0.391 662.263 10420.1 40.9531
400 30 0.401 622.446 9975.5 40.7175
400 30 0.411 580.672 9471.84 40.8166
400 30 0.421 529.885 8885.61 40.6531
400 30 0.431 469.973 8196.67 39.4299
400 30 0.441 446.268 7899.64 39.2984
400 30 0.451 416.477 7520.09 38.9544
400 30 0.461 383.352 7118.6 38.0842
400 30 0.471 347.532 6704.86 37.6469
400 30 0.481 324.692 6400.51 37.3058
400 30 0.491 296.304 6053.87 36.5696
400 30 0.501 272.226 5740.76 35.4641
400 30 0.511 251.694 5480.62 35.0769
400 30 0.521 225.928 5144.85 34.2494
400 30 0.531 210.614 4931.58 33.6167
400 30 0.541 196.741 4725.5 32.7619
400 30 0.551 178.911 4494.87 32.4882
400 30 0.561 166.017 4322.27 31.5667
400 30 0.571 150.993 4105.28 30.5457
400 30 0.581 142.13 3993.35 30.4088
400 30 0.591 128.726 3772.21 28.9513
400 30 0.601 120.775 3645.67 28.4484
400 30 0.611 109.186 3481.16 27.4948
400 30 0.621 102.595 3367.63 26.7294
400 30 0.631 93.7334 3247.6 26.1663
400 30 0.641 87.2606 3121.47 25.4474
400 30 0.651 78.4679 2996.58 24.4075
400 30 0.661 73.3226 2908.99 23.9855
400 30 0.671 66.5969 2789.77 22.6905
400 30 0.681 62.1607 2716.67 22.1999
400 30 0.691 55.5014 2610.58 21.3931
400 30 0.701 50.8896 2523.61 20.7292
400 30 0.711 49.2614 2497.32 20.3679
400 30 0.721 43.6035 2394.23 19.4377
400 30 0.731 39.7261 2321.24 18.7681
400 30 0.741 37.8786 2278.55 18.2735
400 30 0.751 33.1852 2187.97 17.2713
400 30 0.761 31.7524 2155.29 16.9055
400 30 0.771 28.9706 2101.74 16.1981
400 30 0.781 27.3702 2061.85 15.6084
400 30 0.791 23.4245 1997.79 15.097
400 30 0.801 22.2937 1966.79 14.513
400 30 0.811 20.0621 1915.9 13.8135
400 30 0.821 18.5262 1882.69 13.3176
400 30 0.831 17.6743 1850.9 12.9103
400 30 0.841 16.2621 1827.91 13.1839
400 30 0.851 14.6246 1786.86 12.3748
400 30 0.861 13.6554 1760.68 11.9903
400 30 0.871 11.8758 1720.17 11.3794
400 30 0.881 11.3416 1703.18 10.9535
400 30 0.891 10.213 1672.97 10.4474
400 30 0.901 9.6865 1653.67 10.0596
400 30 0.911 9.0382 1637.71 9.7794
400 30 0.921 8.1454 1612.04 9.4175
400 30 0.931 7.2511 1592.49 9.1806
400 30 0.941 6.7252 1574.54 8.7161
400 30 0.951 6.0588 1555.88 8.3413
400 30 0.961 5.4873 1540.83 7.8479
400 30 0.971 5.2704 1530.43 7.666
400 30 0.981 4.6848 1510.31 7.5795
400 30 0.991 4.2609 1494.3 6.7809
400 30 1.001 3.7222 1476.2 6.3765
400 30 1.011 3.6991 1475.27 6.4221
400 30 1.021 3.2048 1457.8 6.0546
400 30 1.031 2.8534 1445.93 5.7319
400 30 1.041 2.7084 1437.77 5.568
400 30 1.051 2.4504 1429.38 5.3502
400 30 1.061 2.2233 1419.04 5.1101
400 30 1.071 2.0032 1413.21 5.0438
400 30 1.081 1.8069 1404.74 4.8182
400 30 1.091 1.7639 1400.46 4.722
400 30 1.101 1.5615 1394.37 4.5915
400 30 1.111 1.5355 1390.34 4.5283
400 30 1.121 1.293 1383.78 4.2832
400 30 1.131 1.2794 1379.62 4.1643
400 30 1.141 1.1442 1375.13 4.0078
400 30 1.151 1.1022 1370.98 3.9854
400 30 1.161 1.0729 1370.22 3.9559
400 30 1.171 0.9321 1363.39 3.8145
400 30 1.181 0.8698 1360.96 3.7328
400 30 1.191 0.7607 1354.64 3.5561
400 30 1.201 0.7297 1353.31 3.5512
400 30 1.211 0.6681 1350.61 3.4944
400 30 1.221 0.684 1350.48 3.4401
400 30 1.231 0.5722 1345.47 3.3165
400 30 1.241 0.5327 1342.86 3.2451
400 30 1.251 0.532 1342.07 3.243
400 30 1.261 0.4779 1339.32 3.1524
400 30 1.271 0.4525 1338.26 3.1448
400 30 1.281 0.431 1335.4 3.3186
400 30 1.291 0.4415 1336.6 3.1905
400 30 1.301 0.3993 1333.99 3.0371
400 30 1.311 0.3892 1332.31 3.0244
400 30 1.321 0.3407 1330.09 3.0112
400 30 1.331 0.341 1329.26 2.9762
400 30 1.341 0.29 1328.15 2.8884
400 30 1.351 0.3018 1326.95 2.8997
400 30 1.361 0.2639 1325.49 2.8445
400 30 1.371 0.2655 1324.52 2.8675
400 30 1.381 0.239 1323.28 2.8319
400 30 1.391 0.231 1322.49 2.8022
400 30 1.401 0.2131 1321.84 2.7465
400 30 1.411 0.1842 1319.57 2.6938
400 30 1.421 0.2125 1320.21 2.7694
400 30 1.431 0.1842 1318.89 2.7027
400 30 1.441 0.1796 1318.19 2.6783
400 30 1.451 0.1691 1317.41 2.6583
400 30 1.461 0.1607 1316.54 2.6624
400 30 1.471 0.1555 1316.27 2.6389
400 30 1.481 0.1512 1315.88 2.5777
400 30 1.491 0.1428 1315.42 2.4672
400 30 1.501 0.1366 1314.78 2.4588
400 30 1.511 0.1325 1313.68 2.4388
400 30 1.521 0.1205 1312.99 2.4137
400 30 1.531 0.1191 1312.97 2.4194
400 30 1.541 0.1103 1312.13 2.408
400 30 1.551 0.1111 1311.6 2.4134
400 30 1.561 0.1028 1311.47 2.3855
400 30 1.571 0.1203 1311.21 2.4235
400 30 1.581 0.0942 1310.43 2.3821
400 30 1.591 0.0875 1310.13 2.3831
400 30 1.601 0.0959 1310.51 2.3759
400 30 1.611 0.095 1310.47 2.3887
400 30 1.621 0.0928 1309.42 2.5661
400 30 1.631 0.0843 1309.57 2.3576
400 30 1.641 0.0866 1308.98 2.352
400 30 1.651 0.079 1308.85 2.3285
400 30 1.661 0.0815 1308.78 2.332
400 30 1.671 0.0767 1307.97 2.3271
400 30 1.681 0.0772 1308.41 2.3269
400 30 1.691 0.074 1307.99 2.3432
400 30 1.701 0.0735 1307.61 2.6093
400 30 1.711 0.0716 1307.49 2.6297
400 30 1.721 0.0714 1307.29 2.5512
400 30 1.731 0.0637 1307.4 2.3856
400 30 1.741 0.0622 1307.19 2.3744
400 30 1.751 0.0641 1306.84 2.3864
400 30 1.761 0.0625 1306.52 2.3292
400 30 1.771 0.0681 1306.73 2.3055
400 30 1.781 0.0626 1306.45 2.299
400 30 1.791 0.0551 1305.68 2.2545
400 30 1.801 0.06 1305.94 2.2814
400 30 1.811 0.0541 1305.59 2.2575
400 30 1.821 0.048 1305.38 2.258
400 30 1.831 0.0528 1305.4 2.262
400 30 1.841 0.0521 1305.32 2.2627
400 30 1.851 0.0508 1305.1 2.2545
400 30 1.861 0.0485 1304.76 2.2549
400 30 1.871 0.0531 1304.85 2.2659
400 30 1.881 0.0423 1304.91 2.2384
400 30 1.891 0.0471 1304.77 2.2441
400 30 1.901 0.046 1304.46 2.2471
400 30 1.911 0.0367 1304.36 2.2215
400 30 1.921 0.04 1304.06 2.2187
400 30 1.931 0.0419 1304.3 2.2327
400 30 1.941 0.0392 1304.05 2.2204
400 30 1.951 0.0363 1303.86 2.2339
400 30 1.961 0.036 1303.78 2.2069
400 30 1.971 0.0381 1303.93 2.2292
400 30 1.981 0.0331 1303.83 2.2145
400 30 1.991 0.0325 1303.76 2.1926
400 40 0.001 14379.8 142324 366.774
400 40 0.011 13621.1 135188 346.117
400 40 0.021 12833.1 127758 324.433
400 40 0.031 11994.1 119918 301.407
400 40 0.041 11130.2 111781 278.352
400 40 0.051 10327.1 104191 256.198
400 40 0.061 9645.78 97754.8 239.619
400 40 0.071 8892.49 90611.9 218.076
400 40 0.081 8176.56 83858.2 199.355
400 40 0.091 7552.62 77914.7 183.74
400 40 0.101 6922.11 71916.1 168.309
400 40 0.111 6372.99 66711.4 157.569
400 40 0.121 5917.08 62333.5 144.946
400 40 0.131 5433.92 57723.4 133.343
400 40 0.141 4975.02 53321 123.173
400 40 0.151 4555.33 49309.7 116.193
400 40 0.161 4150.17 45392.7 108.569
400 40 0.171 3776.35 41778 101.523
400 40 0.181 3477 38870 95.6296
400 40 0.191 3182.87 35959 89.5545
400 40 0.201 2876.89 33009.7 83.4455
400 40 0.211 2650.93 30732.6 79.2806
400 40 0.221 2404.08 28306.3 74.8178
400 40 0.231 2199.66 26233.1 71.169
400 40 0.241 2026.13 24554.8 68.2434
400 40 0.251 1812.75 22430.2 64.4919
400 40 0.261 1713.02 21378.2 63.2479
400 40 0.271 1494.24 19187.6 58.7235
400 40 0.281 1414.5 18330.8 58.5502
400 40 0.291 1271.91 16902.5 55.6557
400 40 0.301 1196.61 16105 54.6478
400 40 0.311 1076.02 14804.1 52.9421
400 40 0.321 994.392 13926.2 51.4164
400 40 0.331 911.454 13056.5 49.6454
400 40 0.341 837.805 12294.9 48.5997
400 40 0.351 762.724 11417.8 47.121
400 40 0.361 699.556 10740.6 45.9463
400 40 0.371 632.035 10013.7 44.6379
400 40 0.381 584.63 9433.94 43.9789
400 40 0.391 532.832 8846.37 42.276
400 40 0.401 504.25 8520.38 42.1315
400 40 0.411 452.44 7910.73 40.9796
400 40 0.421 417.606 7511.22 40.4852
400 40 0.431 375.809 7001.62 38.9042
400 40 0.441 346.888 6649.46 37.7576
400 40 0.451 326.95 6396.01 36.778
400 40 0.461 294.224 6016.18 36.2874
400 40 0.471 271.04 5719.14 35.4252
400 40 0.481 252.736 5487.66 34.9724
400 40 0.491 225.863 5134.98 33.3907
400 40 0.501 215.386 4975.13 33.2203
400 40 0.511 193.453 4705.35 31.9515
400 40 0.521 185.971 4558.22 30.9828
400 40 0.531 164.032 4256.89 29.7153
400 40 0.541 151.141 4102.33 29.448
400 40 0.551 143.157 3983.14 29.2121
400 40 0.561 130.702 3804.85 28.0656
400 40 0.571 118.408 3623.36 27.325
400 40 0.581 113.783 3527.78 26.7149
400 40 0.591 102.703 3366.44 25.8598
400 40 0.601 90.7475 3202.36 25.148
400 40 0.611 88.0198 3133.76 24.3603
400 40 0.621 78.2638 3008.46 23.7268
400 40 0.631 73.943 2924.66 23.0905
400 40 0.641 66.8773 2806.72 22.1929
400 40 0.651 59.9669 2691.39 21.1461
400 40 0.661 57.1274 2629.58 20.6355
400 40 0.671 52.52 2563.25 20.0616
400 40 0.681 46.7943 2461.17 19.428
400 40 0.691 42.7817 2385.48 18.7431
400 40 0.701 40.982 2344.5 18.1674
400 40 0.711 36.3832 2266.01 17.4698
400 40 0.721 33.9082 2214.35 16.7781
400 40 0.731 32.0074 2168.21 16.2955
400 40 0.741 29.9044 2119.25 15.6144
400 40 0.751 25.8248 2049.38 14.9083
400 40 0.761 24.216 2008.71 14.4015
400 40 0.771 23.1561 1986.9 14.0628
400 40 0.781 21.1858 1938.36 13.4238
400 40 0.791 18.8035 1894.66 12.9187
400 40 0.801 18.0926 1874.11 12.8402
400 40 0.811 15.4347 1820.74 12.1362
400 40 0.821 14.3958 1793.72 11.7026
400 40 0.831 12.8949 1757.25 11.1518
400 40 0.841 12.2092 1744.14 10.9829
400 40 0.851 11.2107 1714.36 10.5279
400 40 0.861 10.7134 1699.68 10.3908
400 40 0.871 8.9999 1659.43 9.7504
400 40 0.881 8.4205 1641.84 9.4271
400 40 0.891 7.8828 1623.7 9.2224
400 40 0.901 6.9428 1603.01 8.7951
400 40 0.911 6.4117 1586.76 8.2978
400 40 0.921 5.7144 1566.65 7.5343
400 40 0.931 5.3237 1549.18 7.2237
400 40 0.941 4.9297 1536.25 6.9494
400 40 0.951 4.3531 1521.26 6.6634
400 40 0.961 3.952 1504.4 6.3993
400 40 0.971 3.6479 1495.72 6.1929
400 40 0.981 3.3205 1482.62 6.0237
400 40 0.991 3.1666 1473.35 5.7203
400 40 1.001 2.8474 1461.62 5.4542
400 40 1.011 2.4181 1451.77 5.2949
400 40 1.021 2.22 1442.14 5.03
400 40 1.031 2.255 1437.41 4.9469
400 40 1.041 1.9358 1426.3 4.7433
400 40 1.051 1.6523 1414.81 4.8528
400 40 1.061 1.6109 1410.35 4.6276
400 40 1.071 1.3897 1401.54 4.2174
400 40 1.081 1.2863 1397.2 4.1061
400 40 1.091 1.1661 1393.55 4.0476
400 40 1.101 1.1275 1390.26 3.918
400 40 1.111 0.9991 1382.79 3.8317
400 40 1.121 0.997 1383.04 4.1625
400 40 1.131 0.8273 1376.09 3.9763
400 40 1.141 0.8176 1373.18 3.9373
400 40 1.151 0.777 1371.32 3.7845
400 40 1.161 0.6929 1366.16 3.7509
400 40 1.171 0.5737 1361.35 3.4322
400 40 1.181 0.6719 1364 3.5442
400 40 1.191 0.5639 1357.97 3.4362
400 40 1.201 0.5322 1357.43 3.3734
400 40 1.211 0.5226 1353.56 3.2538
400 40 1.221 0.4357 1351.86 3.2221
400 40 1.231 0.4413 1350.14 3.1688
400 40 1.241 0.4067 1347.83 3.0974
400 40 1.251 0.3448 1344.99 3.0166
400 40 1.261 0.3379 1343.37 2.981
400 40 1.271 0.3343 1342.89 2.9603
400 40 1.281 0.3003 1340.64 2.8651
400 40 1.291 0.2796 1340.1 2.8111
400 40 1.301 0.2788 1338.37 2.7876
400 40 1.311 0.2488 1336.89 2.7341
400 40 1.321 0.2531 1335.72 2.7713
400 40 1.331 0.2236 1334.35 2.7049
400 40 1.341 0.2085 1333.46 2.6606
400 40 1.351 0.2242 1333.06 2.6769
400 40 1.361 0.1812 1331.05 2.6099
400 40 1.371 0.1756 1330.31 2.7038
400 40 1.381 0.1831 1330.37 2.5399
400 40 1.391 0.1566 1328.1 2.4489
400 40 1.401 0.1467 1327.42 2.4678
400 40 1.411 0.13 1326.58 2.5966
400 40 1.421 0.1332 1326.3 2.6602
400 40 1.431 0.1323 1326.01 2.6241
400 40 1.441 0.1317 1325.12 2.5968
400 40 1.451 0.1208 1324.18 2.3409
400 40 1.461 0.1221 1323.88 2.3335
400 40 1.471 0.1 1322.54 2.2958
400 40 1.481 0.1038 1322.42 2.2986
400 40 1.491 0.1052 1321.92 2.3977
400 40 1.501 0.0967 1321.29 2.39
400 40 1.511 0.0854 1320.7 2.4132
400 40 1.521 0.0783 1320.29 2.3993
400 40 1.531 0.0854 1320.29 2.3964
400 40 1.541 0.0817 1319.67 2.42
400 40 1.551 0.0749 1318.83 2.3778
400 40 1.561 0.0683 1318.57 2.368
400 40 1.571 0.0696 1318.51 2.3691
400 40 1.581 0.0572 1317.88 2.3501
400 40 1.591 0.0641 1317.61 2.2939
400 40 1.601 0.059 1317.5 2.1827
400 40 1.611 0.0612 1317.27 2.2552
400 40 1.621 0.0581 1317.04 2.2091
400 40 1.631 0.0557 1316.5 2.2143
400 40 1.641 0.0601 1316.71 2.1886
400 40 1.651 0.0596 1316.46 2.1566
400 40 1.661 0.0511 1316.34 2.1262
400 40 1.671 0.0588 1316.26 2.0643
400 40 1.681 0.0525 1316.11 2.0492
400 40 1.691 0.0562 1315.83 2.1151
400 40 1.701 0.0535 1315.59 2.1114
400 40 1.711 0.0465 1315.27 2.0934
400 40 1.721 0.046 1315.23 2.1004
400 40 1.731 0.0444 1314.88 2.1074
400 40 1.741 0.0424 1314.55 2.0707
400 40 1.751 0.0441 1314.52 2.0664
400 40 1.761 0.0383 1314.37 2.0299
400 40 1.771 0.0399 1314.49 2.0362
400 40 1.781 0.0404 1314.27 2.021
400 40 1.791 0.0434 1314.23 2.0003
400 40 1.801 0.0356 1313.82 1.9796
400 40 1.811 0.0397 1313.59 1.8868
400 40 1.821 0.0357 1313.52 1.9511
400 40 1.831 0.0364 1313.2 1.8695
400 40 1.841 0.0319 1313.28 1.9642
400 40 1.851 0.0341 1313.09 1.9342
400 40 1.861 0.032 1313.11 1.8781
400 40 1.871 0.0327 1313 1.8816
400 40 1.881 0.033 1312.93 1.9209
400 40 1.891 0.0285 1312.57 1.9736
400 40 1.901 0.0261 1312.54 1.9064
400 40 1.911 0.0287 1312.6 1.8963
400 40 1.921 0.0279 1312.34 1.792
400 40 1.931 0.0288 1312.03 1.8348
400 40 1.941 0.0265 1312.21 1.8688
400 40 1.951 0.0257 1311.76 1.8148
400 40 1.961 0.0219 1312.01 1.7925
400 40 1.971 0.0242 1311.46 1.854
400 40 1.981 0.024 1311.79 1.8447
400 40 1.991 0.0221 1311.68 1.7749
