200 10 0.001 190.895 4063.02 2.1321
200 10 0.011 189.625 4064.27 2.9803
200 10 0.021 188.118 4064.33 2.9856
200 10 0.031 186.489 4063.93 3.4184
200 10 0.041 184.757 4064.1 3.7388
200 10 0.051 182.965 4064.98 4.4183
200 10 0.061 181.174 4061.19 6.3999
200 10 0.071 179.474 4061.91 6.2033
200 10 0.081 177.854 4065.61 6.4484
200 10 0.091 175.882 4062.63 6.9519
200 10 0.101 174.052 4061.22 7.7289
200 10 0.111 172.408 4063.19 8.1679
200 10 0.121 170.462 4058.8 8.3703
200 10 0.131 168.707 4060.08 8.843
200 10 0.141 166.901 4061.99 9.412
200 10 0.151 165.464 4065.49 9.9277
200 10 0.161 163.337 4061.65 10.7317
200 10 0.171 161.732 4059.63 11.2397
200 10 0.181 159.945 4054.03 12.8846
200 10 0.191 158.176 4056.63 14.0329
200 10 0.201 156.788 4060.19 13.6401
200 10 0.211 155.002 4055.01 14.4206
200 10 0.221 153.604 4058.47 14.9341
200 10 0.231 152.009 4056.01 15.4892
200 10 0.241 150.47 4060.12 16.4229
200 10 0.251 148.881 4053.31 17.0985
200 10 0.261 146.689 4047.04 17.799
200 10 0.271 146.063 4055.49 18.5358
200 10 0.281 144.741 4053 19.643
200 10 0.291 142.792 4047.34 20.1719
200 10 0.301 141.808 4051.63 22.0673
200 10 0.311 140.277 4050.9 23.5277
200 10 0.321 139.294 4050.09 23.5835
200 10 0.331 137.79 4046.98 23.4623
200 10 0.341 137.083 4049.68 24.026
200 10 0.351 135.545 4042.87 24.8837
200 10 0.361 134.527 4046.81 25.9373
200 10 0.371 132.989 4038.59 26.4641
200 10 0.381 132.34 4045.98 27.4799
200 10 0.391 131.065 4048.27 28.2847
200 10 0.401 129.808 4038.96 29.2771
200 10 0.411 128.67 4032.39 31.8272
200 10 0.421 128.547 4042.05 32.6569
200 10 0.431 126.796 4031.12 33.4789
200 10 0.441 126.231 4033.16 34.3021
200 10 0.451 125.166 4031.71 34.3405
200 10 0.461 125.004 4030.98 33.7329
200 10 0.471 123.496 4022.11 34.5835
200 10 0.481 122.816 4026.55 37.11
200 10 0.491 122.471 4029.41 36.7406
200 10 0.501 121.828 4027.4 36.6333
200 10 0.511 121.16 4020.95 37.5779
200 10 0.521 120.189 4019.72 38.6524
200 10 0.531 119.213 4018.21 39.4575
200 10 0.541 118.577 4016.54 40.041
200 10 0.551 118.729 4017.8 41.5615
200 10 0.561 118.445 4018.42 41.8868
200 10 0.571 117.285 4013.31 42.5682
200 10 0.581 116.614 4008.92 43.5783
200 10 0.591 116.855 4014.26 44.6844
200 10 0.601 117.227 4018.94 45.6193
200 10 0.611 116.112 4014.2 46.4699
200 10 0.621 115.757 4015.05 48.8522
200 10 0.631 115.248 4009.57 51.7212
200 10 0.641 115.464 4016.5 53.0278
200 10 0.651 114.764 4010.08 52.3677
200 10 0.661 114.827 4009.31 53.982
200 10 0.671 114.518 4009.66 55.2525
200 10 0.681 114.358 4005.78 53.0516
200 10 0.691 113.114 3998.89 53.9277
200 10 0.701 113.589 4002.37 54.9261
200 10 0.711 113.262 4005.73 55.5845
200 10 0.721 114.001 4011.59 56.5525
200 10 0.731 113.345 3998.32 57.4031
200 10 0.741 113.6 4001.67 58.2812
200 10 0.751 113.481 3999.05 59.2905
200 10 0.761 113.016 3995.53 63.6979
200 10 0.771 113.755 3999.9 64.945
200 10 0.781 112.308 3993.25 65.9869
200 10 0.791 113.247 3999.81 67.1468
200 10 0.801 113.295 3992.96 67.8897
200 10 0.811 112.695 3987.58 69.0686
200 10 0.821 113.28 3991.56 67.4535
200 10 0.831 112.698 3988.02 67.4339
200 10 0.841 113.541 3991.64 68.3006
200 10 0.851 113.515 3992.6 69.4674
200 10 0.861 113.629 3989.86 70.5764
200 10 0.871 114.385 3988.85 71.4524
200 10 0.881 114.142 3995.28 72.6377
200 10 0.891 114.117 3987.01 73.3619
200 10 0.901 115.205 3994.43 74.7561
200 10 0.911 113.981 3984.97 75.5806
200 10 0.921 114.565 3987.91 76.7263
200 10 0.931 115.079 3987.05 77.813
200 10 0.941 115.247 3990.11 79.354
200 10 0.951 114.87 3982.22 80.1197
200 10 0.961 115.816 3988 84.6227
200 10 0.971 115.65 3981.08 85.5669
200 10 0.981 115.806 3977.98 86.4512
200 10 0.991 116.182 3979.29 87.8237
200 10 1.001 115.926 3976.02 89.3771
200 10 1.011 116.325 3975.91 90.3376
200 10 1.021 115.979 3973.88 89.9412
200 10 1.031 116.011 3967.51 92.3107
200 10 1.041 116.202 3970.16 94.6372
200 10 1.051 117.225 3973.96 95.6265
200 10 1.061 117.311 3969.89 96.3368
200 10 1.071 117.371 3967.62 97.6223
200 10 1.081 119.104 3975.03 97.8652
200 10 1.091 118.671 3970.82 97.8284
200 10 1.101 118.966 3969.29 97.6855
200 10 1.111 119.382 3974.72 98.452
200 10 1.121 119.979 3973.01 99.4294
200 10 1.131 120.83 3974.94 99.4086
200 10 1.141 121.563 3977.18 100.039
200 10 1.151 121.233 3974.99 101.176
200 10 1.161 122.502 3979.06 101.43
200 10 1.171 122.079 3974.89 102.516
200 10 1.181 123.378 3980.81 102.86
200 10 1.191 124.699 3982.88 102.241
200 10 1.201 124.601 3979.25 103.002
200 10 1.211 125.067 3981.04 104.192
200 10 1.221 126.177 3989.04 104.591
200 10 1.231 125.966 3978.21 104.961
200 10 1.241 127.186 3987.33 106.89
200 10 1.251 127.093 3985.62 106.701
200 10 1.261 128.079 3987.64 105.169
200 10 1.271 129.058 3994.39 106.297
200 10 1.281 129.954 3994.21 106.115
200 10 1.291 130.267 3994.41 107.275
200 10 1.301 131.344 3995.31 106.667
200 10 1.311 131.575 3996.89 107.478
200 10 1.321 132.092 3997.34 107.865
200 10 1.331 132.987 4000.52 108.394
200 10 1.341 133.548 4000.57 108.579
200 10 1.351 134.742 4005.15 108.275
200 10 1.361 135.207 4004.48 108.495
200 10 1.371 135.792 4005.86 110.743
200 10 1.381 136.382 4006.66 109.766
200 10 1.391 137.228 4008.43 109.649
200 10 1.401 137.877 4008.96 110.159
200 10 1.411 138.86 4013.63 109.832
200 10 1.421 139.195 4012.19 109.761
200 10 1.431 139.927 4015.41 110.133
200 10 1.441 140.47 4012.27 110.145
200 10 1.451 141.011 4016.35 110.416
200 10 1.461 142.616 4024.95 111.132
200 10 1.471 142.818 4020.06 112.476
200 10 1.481 143.489 4022.55 111.317
200 10 1.491 143.823 4021.22 112.563
200 10 1.501 145.341 4027.92 112.265
200 10 1.511 145.428 4027 112.784
200 10 1.521 146.087 4027.2 113.091
200 10 1.531 146.567 4027.12 112.118
200 10 1.541 148.034 4033.45 109.581
200 10 1.551 148.019 4030.58 109.915
200 10 1.561 149.47 4037.94 109.376
200 10 1.571 149.984 4031.67 108.567
200 10 1.581 150.025 4032.11 109.136
200 10 1.591 151.363 4038.23 110.52
200 10 1.601 151.625 4038.06 111.533
200 10 1.611 152.37 4038.18 110.875
200 10 1.621 152.761 4041.88 111.061
200 10 1.631 153.405 4040.82 109.186
200 10 1.641 153.911 4042.48 106.792
200 10 1.651 154.623 4047.43 107.57
200 10 1.661 155.314 4044.56 105.792
200 10 1.671 155.121 4041.29 105.602
200 10 1.681 155.739 4044.06 105.26
200 10 1.691 156.396 4042.97 104.364
200 10 1.701 157.366 4048.62 104.067
200 10 1.711 157.819 4048.79 103.571
200 10 1.721 158.071 4046.15 102.976
200 10 1.731 159.048 4049.4 101.763
200 10 1.741 159.428 4052.48 101.841
200 10 1.751 160.319 4053.09 100.97
200 10 1.761 160.666 4054.37 102.973
200 10 1.771 160.76 4053.99 104.377
200 10 1.781 162.467 4059.94 100.098
200 10 1.791 162.555 4055.88 97.5731
200 10 1.801 162.952 4058.61 99.8865
200 10 1.811 163.61 4057.27 97.7649
200 10 1.821 164.124 4060.85 96.3887
200 10 1.831 164.64 4059.08 95.4094
200 10 1.841 165.154 4059.27 97.6179
200 10 1.851 165.807 4060.79 97.5646
200 10 1.861 166.475 4065.07 97.4537
200 10 1.871 167.476 4064.36 95.0404
200 10 1.881 167.489 4063.71 95.1537
200 10 1.891 168.488 4065.74 93.7486
200 10 1.901 168.628 4063.69 92.0522
200 10 1.911 169.592 4065.31 89.075
200 10 1.921 170.107 4068.72 91.1426
200 10 1.931 170.724 4068.69 89.9789
200 10 1.941 171.355 4071.48 87.9057
200 10 1.951 172.052 4071.85 83.4715
200 10 1.961 172.63 4073.52 82.3724
200 10 1.971 173.044 4071.01 84.4235
200 10 1.981 173.612 4072.77 84.5776
200 10 1.991 174.351 4072.4 82.6076
200 20 0.001 180.79 4132.77 3.5512
200 20 0.011 178.128 4135.03 4.1978
200 20 0.021 175.368 4136.9 4.5514
200 20 0.031 172.425 4140.21 5.0973
200 20 0.041 169.131 4139.53 5.542
200 20 0.051 166.161 4140.89 6.0313
200 20 0.061 162.983 4140.92 6.59
200 20 0.071 159.952 4142.31 7.1442
200 20 0.081 157.163 4151.63 7.5967
200 20 0.091 154.81 4148.31 8.1045
200 20 0.101 151.265 4146.87 9.0927
200 20 0.111 148.306 4147.22 9.5835
200 20 0.121 145.668 4146.62 10.2299
200 20 0.131 142.832 4142.43 10.7449
200 20 0.141 140.867 4151.65 10.6801
200 20 0.151 137.915 4149.4 11.2811
200 20 0.161 135.557 4145.74 11.9837
200 20 0.171 133.063 4143.41 13.1604
200 20 0.181 131.336 4148.57 13.6745
200 20 0.191 128.676 4140.77 13.9506
200 20 0.201 127.131 4150.6 14.7677
200 20 0.211 125.511 4149.74 15.3016
200 20 0.221 122.547 4138.08 16.4995
200 20 0.231 121.111 4142.92 17.2726
200 20 0.241 119.92 4145.17 17.9118
200 20 0.251 118.658 4145.98 19.1681
200 20 0.261 116.463 4135.71 19.8967
200 20 0.271 115.967 4142.73 20.5995
200 20 0.281 114.311 4140.89 20.8135
200 20 0.291 113.116 4138.99 21.5295
200 20 0.301 111.285 4134.01 22.1938
200 20 0.311 110.127 4131.52 22.7536
200 20 0.321 110.027 4138.43 23.307
200 20 0.331 108.333 4132.48 24.0183
200 20 0.341 108.129 4135.1 24.8876
200 20 0.351 107.014 4134.08 25.5822
200 20 0.361 106.496 4136.8 26.4372
200 20 0.371 105.175 4128.4 27.3665
200 20 0.381 105.108 4132.26 28.4389
200 20 0.391 104.608 4131.21 29.0658
200 20 0.401 104.29 4133.34 29.8611
200 20 0.411 103.901 4135.71 30.6877
200 20 0.421 102.95 4124.62 31.3667
200 20 0.431 103.446 4136.11 32.3714
200 20 0.441 102.02 4121.24 33.113
200 20 0.451 102.517 4126.05 33.9057
200 20 0.461 102.287 4128.84 34.9742
200 20 0.471 102.263 4129.93 35.6993
200 20 0.481 102.6 4136.3 36.766
200 20 0.491 102.055 4129.1 37.5925
200 20 0.501 102.151 4131.45 38.4854
200 20 0.511 101.11 4121.5 39.0648
200 20 0.521 101.987 4124.31 40.1226
200 20 0.531 101.483 4124.42 41.0302
200 20 0.541 101.381 4125.9 41.9659
200 20 0.551 101.224 4125.27 43.1945
200 20 0.561 101.287 4124.93 43.586
200 20 0.571 103.172 4132.64 44.758
200 20 0.581 102.42 4129.45 45.4996
200 20 0.591 102.862 4131.84 46.8409
200 20 0.601 102.089 4123.9 47.2604
200 20 0.611 103.252 4128.63 48.5872
200 20 0.621 102.627 4124.48 49.5349
200 20 0.631 103.162 4129.83 50.4603
200 20 0.641 102.632 4119.64 51.354
200 20 0.651 102.997 4123.67 52.3378
200 20 0.661 103.53 4121.71 53.0072
200 20 0.671 104.156 4127.77 54.3281
200 20 0.681 104.652 4131.15 55.3246
200 20 0.691 104.806 4129.49 56.4068
200 20 0.701 105.095 4129.76 57.3875
200 20 0.711 106.015 4131 57.9902
200 20 0.721 105.221 4125.87 58.5681
200 20 0.731 106.105 4128.67 60.2049
200 20 0.741 105.772 4122.53 64.6503
200 20 0.751 106.426 4126.99 65.5329
200 20 0.761 106.868 4128.1 64.7405
200 20 0.771 107.143 4129.51 63.6783
200 20 0.781 107.418 4128.61 64.5764
200 20 0.791 107.263 4125.43 65.7664
200 20 0.801 108.252 4129.35 66.6974
200 20 0.811 107.785 4126.17 67.7847
200 20 0.821 108.136 4125.33 68.7797
200 20 0.831 110.021 4131.17 70.1505
200 20 0.841 109.601 4128.29 71.1844
200 20 0.851 110.416 4130.77 72.4378
200 20 0.861 110.168 4125.6 73.4693
200 20 0.871 110.689 4128.38 74.2641
200 20 0.881 111.084 4131.55 75.6137
200 20 0.891 110.818 4124.81 77.0583
200 20 0.901 111.434 4129.07 78.3252
200 20 0.911 112.206 4127.59 79.3647
200 20 0.921 112.644 4129.52 79.8219
200 20 0.931 112.396 4126.41 81.3328
200 20 0.941 112.661 4119.88 82.3824
200 20 0.951 112.972 4125.31 83.8911
200 20 0.961 113.583 4123.33 84.9688
200 20 0.971 113.618 4121.42 86.2661
200 20 0.981 114.627 4123.42 87.6813
200 20 0.991 113.305 4115.97 89.4919
200 20 1.001 114.399 4120.19 90.6304
200 20 1.011 115.166 4122.09 92.2439
200 20 1.021 115.55 4124 93.4894
200 20 1.031 115.461 4118.05 94.9837
200 20 1.041 115.631 4116.91 96.4408
200 20 1.051 116.211 4117.68 97.5611
200 20 1.061 116.136 4110.55 98.8121
200 20 1.071 117.005 4115.68 99.5576
200 20 1.081 117.23 4116.18 100.546
200 20 1.091 117.709 4116.13 101.709
200 20 1.101 118.742 4116.8 102.012
200 20 1.111 118.908 4114.99 103.164
200 20 1.121 118.937 4118.84 104.296
200 20 1.131 120.378 4123.96 104.174
200 20 1.141 120.831 4121.17 104.99
200 20 1.151 121.416 4120.79 105.688
200 20 1.161 121.284 4121.33 106.833
200 20 1.171 122.285 4126.74 107.382
200 20 1.181 123.05 4128.81 107.778
200 20 1.191 123.6 4127.14 108.424
200 20 1.201 125.166 4132.88 108.399
200 20 1.211 124.351 4127.02 109.235
200 20 1.221 125.406 4131.25 110.103
200 20 1.231 126.345 4132.2 109.895
200 20 1.241 127.026 4136.56 110.368
200 20 1.251 127.592 4137.36 111.165
200 20 1.261 128.077 4141.69 111.478
200 20 1.271 128.515 4136.88 113.753
200 20 1.281 129.84 4142.63 111.956
200 20 1.291 130.079 4141.47 112.638
200 20 1.301 130.416 4141.16 112.882
200 20 1.311 131.981 4149.17 113.183
200 20 1.321 132.616 4153.42 113.481
200 20 1.331 132.998 4149.95 114.063
200 20 1.341 133.783 4151.11 114.096
200 20 1.351 134.226 4153.7 114.901
200 20 1.361 134.705 4153.6 114.821
200 20 1.371 135.796 4154.36 114.504
200 20 1.381 136.415 4154.34 114.762
200 20 1.391 137.631 4163.2 114.854
200 20 1.401 137.476 4158.01 115.249
200 20 1.411 138.614 4163.45 115.581
200 20 1.421 138.924 4162.92 117.584
200 20 1.431 140.09 4167.79 118.085
200 20 1.441 140.568 4165.69 116.68
200 20 1.451 141.596 4166.4 116.743
200 20 1.461 142.241 4169.86 115.974
200 20 1.471 142.092 4169.72 117.146
200 20 1.481 144.198 4177.27 115.791
200 20 1.491 143.874 4173.53 116.726
200 20 1.501 144.178 4172.2 116.57
200 20 1.511 145.517 4178.94 116.338
200 20 1.521 145.625 4175.11 116.111
200 20 1.531 146.852 4180.68 115.778
200 20 1.541 147.626 4182.76 115.705
200 20 1.551 148.174 4184.21 115.97
200 20 1.561 149.036 4185.96 115.641
200 20 1.571 149.805 4188.02 115.138
200 20 1.581 150.278 4189.36 114.973
200 20 1.591 151.1 4191.85 114.705
200 20 1.601 151.367 4188.45 114.217
200 20 1.611 152.189 4194.5 113.907
200 20 1.621 152.544 4190.8 113.434
200 20 1.631 153.117 4194.47 113.053
200 20 1.641 153.739 4195.58 112.277
200 20 1.651 154.309 4194.34 113.783
200 20 1.661 155.16 4198.15 115.164
200 20 1.671 155.366 4197.37 114.936
200 20 1.681 155.919 4200.56 112.223
200 20 1.691 156.907 4203.31 111.21
200 20 1.701 157.519 4203.16 109.466
200 20 1.711 157.712 4200.54 108.851
200 20 1.721 158.337 4203.71 108.639
200 20 1.731 159.169 4208.52 108.089
200 20 1.741 159.471 4202.91 106.957
200 20 1.751 159.554 4203.15 107.117
200 20 1.761 160.75 4210.24 106.335
200 20 1.771 161.085 4210.24 105.839
200 20 1.781 161.836 4213.35 105.173
200 20 1.791 162.328 4208.62 103.538
200 20 1.801 163.05 4212.03 102.918
200 20 1.811 163.376 4213.38 102.902
200 20 1.821 163.947 4211.41 101.564
200 20 1.831 164.54 4216.16 101.308
200 20 1.841 165.402 4218.44 100.117
200 20 1.851 166.142 4220.49 98.9319
200 20 1.861 166.411 4218 98.0398
200 20 1.871 167.319 4220.39 96.8925
200 20 1.881 167.862 4221.75 96.0018
200 20 1.891 168.289 4222.52 95.3088
200 20 1.901 168.855 4223.42 94.129
200 20 1.911 169.487 4222.97 92.8726
200 20 1.921 170.081 4222.57 91.5617
200 20 1.931 170.587 4222.34 90.4483
200 20 1.941 171.17 4223.27 89.2592
200 20 1.951 171.747 4226.02 92.218
200 20 1.961 172.301 4226.25 88.5753
200 20 1.971 173.204 4228.13 85.2095
200 20 1.981 173.391 4226.64 84.2864
200 20 1.991 174.109 4227.75 85.6258
200 30 0.001 170.733 4203.04 3.6269
200 30 0.011 167.283 4208.06 4.3451
200 30 0.021 163.233 4211.65 4.3769
200 30 0.031 159.524 4215.79 4.6261
200 30 0.041 155.143 4214.4 5.3906
200 30 0.051 151.416 4223.62 6.1992
200 30 0.061 147.13 4220.26 6.6602
200 30 0.071 144.035 4232.23 7.2348
200 30 0.081 140.337 4235.03 7.7628
200 30 0.091 136.5 4237.08 8.3304
200 30 0.101 132.883 4235.46 9.0053
200 30 0.111 129.713 4233.89 9.552
200 30 0.121 127.01 4241.01 10.3121
200 30 0.131 124.071 4237.17 10.82
200 30 0.141 121.594 4239.61 11.526
200 30 0.151 120.106 4250.22 12.3575
200 30 0.161 116.705 4246.12 13.1844
200 30 0.171 115.097 4251.59 13.8561
200 30 0.181 113.136 4252.7 14.7295
200 30 0.191 111.403 4251.93 15.3061
200 30 0.201 109.305 4243.91 16.2788
200 30 0.211 107.396 4241.03 16.7039
200 30 0.221 105.651 4243.05 17.0711
200 30 0.231 104.474 4241.19 17.6382
200 30 0.241 104.371 4255.71 18.4145
200 30 0.251 102.637 4248.11 19.0468
200 30 0.261 101.136 4241.53 19.7042
200 30 0.271 100.674 4246.8 21.418
200 30 0.281 101.096 4259.61 22.8386
200 30 0.291 99.0259 4245.31 23.2868
200 30 0.301 99.3132 4253.97 23.5364
200 30 0.311 99.3681 4259.38 23.4337
200 30 0.321 98.1202 4251 24.1189
200 30 0.331 96.7009 4245.15 25.0843
200 30 0.341 97.1173 4249.85 25.9198
200 30 0.351 97.6388 4257.29 26.7461
200 30 0.361 97.2012 4252.64 27.4781
200 30 0.371 96.5523 4250.76 28.3622
200 30 0.381 96.3817 4252 29.2117
200 30 0.391 96.8523 4256.56 29.9918
200 30 0.401 96.9426 4257.99 30.741
200 30 0.411 97.1692 4263.98 33.011
200 30 0.421 96.1454 4256.13 33.7923
200 30 0.431 97.0231 4258.7 35.8036
200 30 0.441 96.7538 4255.47 35.4547
200 30 0.451 96.0571 4252.21 35.2729
200 30 0.461 97.1563 4262.79 36.3275
200 30 0.471 97.0008 4256.6 37.2275
200 30 0.481 97.1842 4255.3 38.1686
200 30 0.491 97.3488 4258.74 39.209
200 30 0.501 98.2229 4260.13 41.1414
200 30 0.511 98.4221 4266.86 43.4663
200 30 0.521 98.0131 4256.67 44.4758
200 30 0.531 97.9782 4256.16 44.0536
200 30 0.541 99.5295 4267.11 43.3211
200 30 0.551 99.194 4265.97 44.3242
200 30 0.561 99.1331 4257.91 47.5982
200 30 0.571 100.347 4268.42 46.6199
200 30 0.581 99.5457 4263.31 47.1722
200 30 0.591 100.115 4265.93 48.1809
200 30 0.601 101.562 4276.05 49.4721
200 30 0.611 101.229 4265.75 50.1024
200 30 0.621 101.954 4271.22 50.8845
200 30 0.631 101.778 4267.61 51.8114
200 30 0.641 102.068 4271.89 53.1301
200 30 0.651 102.526 4267.21 54.2343
200 30 0.661 102.534 4268.39 55.0807
200 30 0.671 103.478 4274.38 56.0607
200 30 0.681 104.277 4277.73 57.2087
200 30 0.691 103.949 4272.14 58.104
200 30 0.701 103.989 4269.38 59.2967
200 30 0.711 104.46 4271.15 61.1018
200 30 0.721 104.689 4269.09 64.0455
200 30 0.731 105.133 4268 64.4783
200 30 0.741 104.864 4268.88 64.7158
200 30 0.751 106.119 4271.61 67.0745
200 30 0.761 105.976 4269.93 69.1869
200 30 0.771 107.054 4277.42 70.7188
200 30 0.781 107.027 4273.01 71.7299
200 30 0.791 106.899 4269.71 71.8235
200 30 0.801 107.851 4277.48 70.5586
200 30 0.811 108.438 4272.4 71.4386
200 30 0.821 107.653 4264.24 72.1991
200 30 0.831 108.935 4271.37 73.451
200 30 0.841 108.949 4272.05 76.1634
200 30 0.851 110.852 4276.34 77.8682
200 30 0.861 110.555 4277.43 77.2759
200 30 0.871 111.257 4278.84 78.3675
200 30 0.881 110.707 4269.08 79.15
200 30 0.891 111.433 4274.45 80.553
200 30 0.901 110.891 4269.38 81.8964
200 30 0.911 111.902 4271.56 82.6793
200 30 0.921 112.411 4272.55 83.9386
200 30 0.931 111.897 4269.55 85.0495
200 30 0.941 112.664 4276.39 86.5978
200 30 0.951 112.903 4270.78 87.6893
200 30 0.961 113.146 4264.84 88.9608
200 30 0.971 113.77 4266.48 90.0115
200 30 0.981 114.558 4270.38 91.8366
200 30 0.991 113.763 4266.35 93.1375
200 30 1.001 114.348 4261.16 94.5874
200 30 1.011 114.936 4264.57 96.3792
200 30 1.021 114.766 4264.54 98.1239
200 30 1.031 115.041 4260.44 100.051
200 30 1.041 115.512 4261.28 102.14
200 30 1.051 115.901 4264.63 105.411
200 30 1.061 116.822 4266.64 106.481
200 30 1.071 116.802 4265.75 107.044
200 30 1.081 117.572 4264.46 105.565
200 30 1.091 117.236 4259.03 107.136
200 30 1.101 118.88 4270.76 108.312
200 30 1.111 118.845 4267.68 110.679
200 30 1.121 119.852 4272.52 111.859
200 30 1.131 120.459 4270.36 111.867
200 30 1.141 120.868 4271.58 110.183
200 30 1.151 120.742 4266.58 113.567
200 30 1.161 121.51 4271.87 114.497
200 30 1.171 122.501 4273.66 114.862
200 30 1.181 123.055 4273.51 115.097
200 30 1.191 123.735 4278.18 114.81
200 30 1.201 124.133 4275.23 116.134
200 30 1.211 125.4 4282.64 116.005
200 30 1.221 125.393 4280.37 117.416
200 30 1.231 126.704 4284.05 117.495
200 30 1.241 126.118 4279.78 116.386
200 30 1.251 127.571 4284.09 116.041
200 30 1.261 127.919 4288.71 117.399
200 30 1.271 128.625 4287.8 116.838
200 30 1.281 129.627 4291.89 117.51
200 30 1.291 130.357 4290.67 117.561
200 30 1.301 130.321 4290.17 118.551
200 30 1.311 131.237 4292.23 118.647
200 30 1.321 132.703 4299.95 118.603
200 30 1.331 132.983 4302.63 119.629
200 30 1.341 133.743 4300.42 119.697
200 30 1.351 134.221 4303.37 119.906
200 30 1.361 135.63 4306.53 119.186
200 30 1.371 135.766 4306.6 120.084
200 30 1.381 136.607 4307.24 120.447
200 30 1.391 137.58 4310.79 120.36
200 30 1.401 137.979 4308.91 120.461
200 30 1.411 138.141 4308.6 121.159
200 30 1.421 139.172 4314.21 121.16
200 30 1.431 140.315 4313.9 120.143
200 30 1.441 140.856 4317.97 121.29
200 30 1.451 141.682 4322.54 121.371
200 30 1.461 142.646 4326.48 123.183
200 30 1.471 142.706 4321.83 121.945
200 30 1.481 143.474 4326.82 121.771
200 30 1.491 144.27 4327.24 121.481
200 30 1.501 145.202 4328.04 121.089
200 30 1.511 145.467 4329.63 121.62
200 30 1.521 146.179 4333.67 121.779
200 30 1.531 147.045 4334.91 121.45
200 30 1.541 147.723 4337.09 121.606
200 30 1.551 148.333 4336.14 121.162
200 30 1.561 149.146 4339.37 120.752
200 30 1.571 149.871 4337.62 120.206
200 30 1.581 150.468 4340.14 120.279
200 30 1.591 150.922 4341.99 119.965
200 30 1.601 151.559 4343.51 119.457
200 30 1.611 152.199 4344.54 118.975
200 30 1.621 152.541 4344.14 118.645
200 30 1.631 153.119 4347.45 118.439
200 30 1.641 154.007 4347.42 116.951
200 30 1.651 154.469 4352.75 117.544
200 30 1.661 155.406 4353.54 116.386
200 30 1.671 155.219 4351.13 116.477
200 30 1.681 156.055 4354.07 115.703
200 30 1.691 156.797 4357.47 115.078
200 30 1.701 157.14 4358.19 114.847
200 30 1.711 157.621 4354.49 113.712
200 30 1.721 158.106 4356.86 113.352
200 30 1.731 158.847 4357.72 112.636
200 30 1.741 159.314 4357.53 111.504
200 30 1.751 159.948 4361.74 111.297
200 30 1.761 160.484 4359.41 110.011
200 30 1.771 161.11 4363.71 109.559
200 30 1.781 161.647 4362.68 108.73
200 30 1.791 161.999 4366.55 108.899
200 30 1.801 163.16 4369.72 107.357
200 30 1.811 163.722 4371.58 106.566
200 30 1.821 164.044 4369.48 107.952
200 30 1.831 164.79 4370.58 104.365
200 30 1.841 165.43 4371.52 102.568
200 30 1.851 165.859 4372.82 101.867
200 30 1.861 166.359 4373.44 101.053
200 30 1.871 167.278 4375.82 99.6306
200 30 1.881 167.754 4376.55 98.7514
200 30 1.891 168.106 4377.51 98.1625
200 30 1.901 169.145 4379.08 96.0397
200 30 1.911 169.516 4378.99 94.9451
200 30 1.921 170.071 4379.47 94.0732
200 30 1.931 170.348 4379.79 93.3403
200 30 1.941 170.811 4379.65 91.9987
200 30 1.951 172.036 4385.44 90.3398
200 30 1.961 172.671 4386.1 89.0137
200 30 1.971 173.065 4384.9 87.7263
200 30 1.981 173.571 4385.47 86.5453
200 30 1.991 174.227 4386.05 85.1877
200 40 0.001 160.68 4273.24 3.2037
200 40 0.011 156.145 4278.88 4.2174
200 40 0.021 151.746 4289.19 4.5682
200 40 0.031 146.846 4293.09 4.985
200 40 0.041 142.257 4300.62 5.3543
200 40 0.051 138.403 4311.9 6.1133
200 40 0.061 133.664 4317.45 6.9697
200 40 0.071 129.893 4317.23 7.0472
200 40 0.081 126.102 4322.38 7.3587
200 40 0.091 122.249 4324.35 7.628
200 40 0.101 120.014 4341.66 8.3575
200 40 0.111 116.566 4339.09 9.0395
200 40 0.121 112.957 4337.18 9.706
200 40 0.131 110.637 4336.74 10.282
200 40 0.141 108.969 4348.89 11.0601
200 40 0.151 105.314 4338.88 11.7874
200 40 0.161 104.596 4350.44 12.5321
200 40 0.171 102.184 4344.81 13.1744
200 40 0.181 101.246 4354.31 14.4182
200 40 0.191 99.3191 4355.97 15.2565
200 40 0.201 99.3144 4364.54 15.9966
200 40 0.211 97.5436 4361.62 16.539
200 40 0.221 97.1268 4364.51 17.2898
200 40 0.231 95.3091 4357.94 17.9797
200 40 0.241 94.9491 4363.59 18.8598
200 40 0.251 94.439 4365.26 19.6457
200 40 0.261 93.7754 4364.21 20.3784
200 40 0.271 94.7193 4376.23 20.9187
200 40 0.281 92.8653 4362.5 21.8807
200 40 0.291 93.7654 4378.4 22.4882
200 40 0.301 93.4809 4380.18 23.4686
200 40 0.311 93.0374 4375.83 24.0986
200 40 0.321 93.5588 4387.12 25.0611
200 40 0.331 93.1845 4381.79 25.81
200 40 0.341 93.1497 4382.11 26.6272
200 40 0.351 92.5093 4376.58 27.3858
200 40 0.361 92.9935 4381.16 28.3575
200 40 0.371 93.3638 4382.5 29.1703
200 40 0.381 94.2433 4393.38 31.1085
200 40 0.391 94.333 4391.38 32.6601
200 40 0.401 93.5569 4380.66 34.0315
200 40 0.411 94.9833 4391.18 34.8067
200 40 0.421 95.5379 4400.59 33.9644
200 40 0.431 94.2936 4390.74 34.8267
200 40 0.441 95.5055 4396 35.7104
200 40 0.451 94.7089 4387.6 36.5921
200 40 0.461 95.5234 4397.63 37.6734
200 40 0.471 95.2486 4394.78 38.4774
200 40 0.481 97.1721 4405.73 41.411
200 40 0.491 97.0675 4404.8 42.8808
200 40 0.501 97.5026 4402.96 41.4352
200 40 0.511 97.5214 4406.55 42.1956
200 40 0.521 98.1921 4407.97 43.2046
200 40 0.531 98.7413 4415.53 44.3733
200 40 0.541 98.9117 4409.6 45.8155
200 40 0.551 99.3773 4414.43 55.5164
200 40 0.561 99.3863 4407.38 53.9548
200 40 0.571 99.7646 4415.08 55.6027
200 40 0.581 99.4736 4409.88 52.637
200 40 0.591 99.8675 4410.07 50.7013
200 40 0.601 101.113 4414.2 52.0914
200 40 0.611 100.669 4410.81 53.1629
200 40 0.621 101.956 4421.18 58.5893
200 40 0.631 102.064 4414.72 65.3317
200 40 0.641 101.601 4408.21 55.4927
200 40 0.651 101.999 4406.61 63.578
200 40 0.661 102.639 4413.33 71.2796
200 40 0.671 102.627 4411.48 58.9788
200 40 0.681 103.862 4415.9 60.8466
200 40 0.691 103.755 4414.59 60.9128
200 40 0.701 104.456 4419.44 61.7985
200 40 0.711 104.954 4421.99 63.0452
200 40 0.721 104.722 4410.86 63.7791
200 40 0.731 105.566 4419.51 65.4966
200 40 0.741 106.094 4425.03 69.3743
200 40 0.751 106.996 4425.67 71.2844
200 40 0.761 105.993 4419.6 72.7751
200 40 0.771 105.652 4412.25 73.6812
200 40 0.781 106.835 4416.8 75.4396
200 40 0.791 107.794 4419.37 75.9947
200 40 0.801 107.636 4415.94 75.2984
200 40 0.811 107.879 4417.02 74.4475
200 40 0.821 108.299 4421.66 76.1613
200 40 0.831 109.075 4420.93 76.782
200 40 0.841 109.019 4413.12 77.6988
200 40 0.851 109.187 4417.81 79.2374
200 40 0.861 110.008 4421.97 80.5117
200 40 0.871 110.331 4420.13 81.832
200 40 0.881 110.425 4415.43 82.5457
200 40 0.891 110.485 4412.5 84.1276
200 40 0.901 111.869 4421.98 86.4545
200 40 0.911 111.897 4420.64 90.4572
200 40 0.921 112.286 4421.96 91.8529
200 40 0.931 111.589 4410.16 93.2098
200 40 0.941 113.09 4422.09 93.8809
200 40 0.951 113.044 4415.48 92.2334
200 40 0.961 113.634 4419.69 97.3216
200 40 0.971 114.091 4415.81 98.1956
200 40 0.981 114.46 4419.05 99.7747
200 40 0.991 113.866 4411.47 101.124
200 40 1.001 114.974 4416.72 102.999
200 40 1.011 114.939 4411 104.463
200 40 1.021 114.72 4409.28 105.894
200 40 1.031 114.852 4408.29 107.704
200 40 1.041 115.773 4408.62 108.794
200 40 1.051 116.324 4407.84 110.036
200 40 1.061 116.805 4410.92 110.158
200 40 1.071 116.978 4411.56 109.076
200 40 1.081 118.139 4414.51 110.063
200 40 1.091 117.782 4409.32 110.725
200 40 1.101 118.318 4409.37 112.418
200 40 1.111 119.205 4415.41 112.966
200 40 1.121 119.245 4414.18 113.89
200 40 1.131 120.34 4415.82 114.29
200 40 1.141 120.831 4418.66 116.906
200 40 1.151 121.331 4417.29 118.282
200 40 1.161 121.559 4417.19 117.23
200 40 1.171 122.125 4414.92 117.87
200 40 1.181 123.34 4421.94 118.666
200 40 1.191 123.626 4425.9 119.028
200 40 1.201 124.409 4426.89 119.993
200 40 1.211 124.734 4424.33 120.062
200 40 1.221 125.174 4421.52 120.57
200 40 1.231 125.725 4423.71 121.531
200 40 1.241 126.543 4429.3 121.82
200 40 1.251 127.214 4431.63 122.317
200 40 1.261 128.15 4436.77 122.621
200 40 1.271 129.043 4440 122.651
200 40 1.281 129.935 4441.32 123.296
200 40 1.291 130.15 4440.1 123.942
200 40 1.301 131.065 4448.78 124.777
200 40 1.311 131.693 4449.33 126.685
200 40 1.321 132.055 4445.76 127.113
200 40 1.331 132.676 4444.28 127.364
200 40 1.341 133.711 4449.67 125.847
200 40 1.351 134.78 4455.31 125.423
200 40 1.361 135.349 4454.17 126.134
200 40 1.371 135.528 4455 126.743
200 40 1.381 136.649 4457.98 126.33
200 40 1.391 137.071 4457.58 126.842
200 40 1.401 137.658 4463.46 127.447
200 40 1.411 138.137 4461.68 127.757
200 40 1.421 138.962 4463.86 129.046
200 40 1.431 139.835 4470.55 127.862
200 40 1.441 140.694 4468.22 127.18
200 40 1.451 141.148 4469.92 127.36
200 40 1.461 141.982 4473.01 127.232
200 40 1.471 142.778 4476.75 129.305
200 40 1.481 143.245 4475.76 130.817
200 40 1.491 144.229 4480.16 130.694
200 40 1.501 145.047 4481.06 129.01
200 40 1.511 145.278 4480.62 127.87
200 40 1.521 146.033 4481.69 130.582
200 40 1.531 146.867 4481.3 130.248
200 40 1.541 148.202 4492.27 130.237
200 40 1.551 148.53 4489.73 130.256
200 40 1.561 148.916 4486.18 130.283
200 40 1.571 149.97 4493.08 129.633
200 40 1.581 150.842 4496.71 129.706
200 40 1.591 150.819 4492.28 129.888
200 40 1.601 152.021 4498.32 129.129
200 40 1.611 152.063 4497.86 129.234
200 40 1.621 152.671 4500.61 128.794
200 40 1.631 153.353 4503 128.219
200 40 1.641 153.945 4503.64 127.679
200 40 1.651 154.137 4500.99 127.458
200 40 1.661 154.807 4503.59 126.728
200 40 1.671 155.56 4510.7 126.445
200 40 1.681 155.678 4503.57 121.569
200 40 1.691 156.73 4510.31 123.253
200 40 1.701 157.506 4512.51 121.849
200 40 1.711 157.514 4508.59 119.748
200 40 1.721 158.238 4510.92 118.695
200 40 1.731 159.214 4513.39 117.535
200 40 1.741 159.481 4513.12 118.408
200 40 1.751 160.254 4518.26 121.49
200 40 1.761 160.396 4515.65 118.152
200 40 1.771 161.761 4522.59 114.37
200 40 1.781 161.802 4522.26 115.433
200 40 1.791 162.259 4520.84 118.546
200 40 1.801 162.804 4521.44 117.665
200 40 1.811 163.353 4522.77 114.363
200 40 1.821 164.395 4527.01 111.586
200 40 1.831 164.905 4526.34 110.422
200 40 1.841 165.686 4529.32 109.458
200 40 1.851 165.908 4529.59 109.065
200 40 1.861 167.1 4532.17 106.629
200 40 1.871 167.256 4530.78 104.825
200 40 1.881 167.688 4529.37 103.583
200 40 1.891 168.414 4532.05 102.307
200 40 1.901 168.998 4533.34 101.296
200 40 1.911 169.596 4534.38 99.9195
200 40 1.921 170.103 4534.94 99.0109
200 40 1.931 170.768 4536.27 100.01
200 40 1.941 171.465 4541.13 102.908
200 40 1.951 171.86 4538.75 101.335
200 40 1.961 172.293 4539.71 100.36
200 40 1.971 173.056 4540.22 93.9969
200 40 1.981 173.577 4542.36 92.1557
200 40 1.991 174.196 4542.83 90.5151
300 10 0.001 290.851 5963.23 2.5645
300 10 0.011 288.828 5961.89 3.5688
300 10 0.021 286.558 5962.76 4.0104
300 10 0.031 283.955 5962.85 4.6578
300 10 0.041 281.547 5961.58 5.1726
300 10 0.051 278.625 5963.05 6.2231
300 10 0.061 276.073 5959.13 7.5193
300 10 0.071 273.273 5957.27 7.8471
300 10 0.081 270.315 5956.68 8.4377
300 10 0.091 267.708 5959.1 8.5593
300 10 0.101 265.276 5961.1 9.77
300 10 0.111 262.204 5961.94 10.394
300 10 0.121 259.638 5961.57 11.114
300 10 0.131 256.548 5954.42 12.4564
300 10 0.141 253.823 5950.75 14.1252
300 10 0.151 251.373 5959.48 14.3272
300 10 0.161 248.323 5952.27 14.9686
300 10 0.171 245.799 5949.69 15.9554
300 10 0.181 243.105 5955.71 17.31
300 10 0.191 240.426 5949.07 18.1473
300 10 0.201 238.403 5947.43 18.7107
300 10 0.211 235.686 5947.82 19.5794
300 10 0.221 233.043 5945.93 20.802
300 10 0.231 230.352 5937.32 21.6491
300 10 0.241 227.846 5938.49 22.7435
300 10 0.251 226.006 5952.35 23.8153
300 10 0.261 223.311 5936.42 24.6849
300 10 0.271 221.204 5931.09 25.7275
300 10 0.281 219.029 5937.96 27.039
300 10 0.291 216.915 5932.68 27.8296
300 10 0.301 214.874 5942.53 28.8587
300 10 0.311 213.165 5934.84 29.8779
300 10 0.321 210.724 5925.71 30.9645
300 10 0.331 208.751 5924.41 32.3509
300 10 0.341 206.998 5927.81 34.7296
300 10 0.351 204.778 5917.5 37.7162
300 10 0.361 203.137 5913.5 38.6656
300 10 0.371 201.83 5922.67 40.0721
300 10 0.381 200.024 5915.41 41.0026
300 10 0.391 198.321 5916.19 39.3822
300 10 0.401 196.639 5909.87 40.5256
300 10 0.411 194.947 5912.49 44.2533
300 10 0.421 193.424 5906.81 45.8665
300 10 0.431 192.572 5902.47 46.8007
300 10 0.441 190.613 5899.72 48.1271
300 10 0.451 190.224 5905.15 49.2297
300 10 0.461 188.455 5904.06 50.5597
300 10 0.471 186.374 5891.55 51.9063
300 10 0.481 185.987 5896.05 53.3116
300 10 0.491 184.783 5886.43 53.9585
300 10 0.501 183.846 5891.11 55.2564
300 10 0.511 183.046 5889.92 56.7385
300 10 0.521 181.775 5885.65 58.0331
300 10 0.531 181.016 5883.11 59.174
300 10 0.541 180.168 5883.66 60.6204
300 10 0.551 178.78 5871.85 62.0336
300 10 0.561 178.174 5875.15 63.3636
300 10 0.571 177.007 5870.09 64.478
300 10 0.581 177.397 5879.09 66.0034
300 10 0.591 175.497 5863.99 67.3133
300 10 0.601 175.287 5868.09 67.5629
300 10 0.611 175.134 5868.32 66.3409
300 10 0.621 174.76 5869.08 70.4362
300 10 0.631 174.106 5873.85 70.5007
300 10 0.641 173.604 5858 72.8762
300 10 0.651 172.872 5859.12 74.646
300 10 0.661 173.768 5869.58 76.2381
300 10 0.671 172.051 5855.12 77.1881
300 10 0.681 172.058 5858.09 78.4926
300 10 0.691 171.182 5846.17 79.8067
300 10 0.701 170.871 5845.89 80.7871
300 10 0.711 172.088 5860.22 82.5866
300 10 0.721 170.346 5838.43 81.5949
300 10 0.731 169.44 5834.32 80.3364
300 10 0.741 170.869 5845.64 81.8324
300 10 0.751 169.868 5836.76 82.9444
300 10 0.761 170.989 5847.56 85.2585
300 10 0.771 169.706 5834.86 86.7591
300 10 0.781 170.137 5836.68 87.3503
300 10 0.791 170.131 5835.37 88.5446
300 10 0.801 170.889 5838.99 89.6722
300 10 0.811 171.33 5832.78 90.2663
300 10 0.821 170.323 5838.68 92.3013
300 10 0.831 170.465 5830.02 93.3907
300 10 0.841 170.151 5828.22 97.0626
300 10 0.851 171.151 5828.41 100.467
300 10 0.861 172.006 5834.9 103.099
300 10 0.871 171.298 5827.42 105.383
300 10 0.881 171.183 5822.26 106.463
300 10 0.891 172.672 5828.59 107.713
300 10 0.901 172.081 5827.27 107.824
300 10 0.911 170.985 5810.37 106.907
300 10 0.921 172.076 5823.63 108.96
300 10 0.931 172.733 5823.52 114.357
300 10 0.941 172.619 5819.6 116.102
300 10 0.951 171.841 5808.84 117.256
300 10 0.961 173.254 5812.05 119.178
300 10 0.971 173.575 5814.42 120.928
300 10 0.981 173.662 5810.64 118.057
300 10 0.991 173.617 5806.41 119.404
300 10 1.001 175.67 5813.72 120.679
300 10 1.011 175.66 5807.85 122.946
300 10 1.021 174.467 5799.66 125.371
300 10 1.031 175.693 5808.78 127.502
300 10 1.041 174.876 5797.39 129.474
300 10 1.051 174.813 5789.41 131.352
300 10 1.061 175.791 5789.62 132.555
300 10 1.071 177.204 5800.57 133.833
300 10 1.081 176.883 5788.21 135.455
300 10 1.091 178.343 5795.68 138.912
300 10 1.101 178.7 5799.29 141.821
300 10 1.111 179.013 5795.75 141.028
300 10 1.121 179.695 5795.96 140.598
300 10 1.131 181.271 5803.58 141.166
300 10 1.141 182.377 5804.03 142.403
300 10 1.151 182.422 5800.31 143.008
300 10 1.161 183.286 5804.71 143.557
300 10 1.171 184.265 5803.37 144.87
300 10 1.181 185.151 5808.03 145.255
300 10 1.191 185.58 5803.51 145.921
300 10 1.201 186.453 5805.2 146.353
300 10 1.211 188.648 5816.12 146.528
300 10 1.221 189.942 5822.35 148.509
300 10 1.231 189.849 5819.27 148.792
300 10 1.241 191.011 5816.68 148.681
300 10 1.251 191.131 5818.69 150.161
300 10 1.261 192.078 5820.08 153.212
300 10 1.271 193.481 5826.05 154.391
300 10 1.281 194.586 5829.11 154.821
300 10 1.291 195.992 5828.75 154.608
300 10 1.301 195.871 5821.69 155.592
300 10 1.311 197.58 5834.05 155.633
300 10 1.321 198.583 5827.96 156.199
300 10 1.331 199.664 5842.59 157.637
300 10 1.341 200.503 5832.61 156.368
300 10 1.351 202.022 5843.75 155.204
300 10 1.361 203.387 5848.08 155.006
300 10 1.371 204.028 5846 156.579
300 10 1.381 205.32 5851.63 156.961
300 10 1.391 205.404 5854.28 157.272
300 10 1.401 207.615 5852.5 156.775
300 10 1.411 207.666 5851.13 159.591
300 10 1.421 209.469 5860.1 160.105
300 10 1.431 210.579 5860.05 159.991
300 10 1.441 211.689 5862.42 159.942
300 10 1.451 211.746 5858.22 160.657
300 10 1.461 212.905 5860.41 158.45
300 10 1.471 214.424 5866.67 160.583
300 10 1.481 215.577 5869.4 159.36
300 10 1.491 217.05 5876.37 157.874
300 10 1.501 217.987 5878.34 157.835
300 10 1.511 218.994 5871.76 156.768
300 10 1.521 219.033 5873.16 158.27
300 10 1.531 220.737 5878.54 157.57
300 10 1.541 221.223 5877.71 157.591
300 10 1.551 222.363 5883.72 157.903
300 10 1.561 223.034 5884.31 157.609
300 10 1.571 224.618 5884.49 156.914
300 10 1.581 226.596 5891.81 156.289
300 10 1.591 226.946 5892.81 156.415
300 10 1.601 227.96 5895.26 155.914
300 10 1.611 227.993 5896.21 156.249
300 10 1.621 229.881 5896.1 154.019
300 10 1.631 229.925 5898.25 154.312
300 10 1.641 230.63 5896.41 153.856
300 10 1.651 232.145 5897.79 151.926
300 10 1.661 232.491 5903.37 152.592
300 10 1.671 233.768 5905.7 151.207
300 10 1.681 234.349 5903.62 150.944
300 10 1.691 235.396 5908.35 150.379
300 10 1.701 235.947 5907.56 149.572
300 10 1.711 237.005 5907.53 149.186
300 10 1.721 237.467 5904.18 148.213
300 10 1.731 238.189 5909.11 148.442
300 10 1.741 239.338 5908.91 147.024
300 10 1.751 240.886 5915.73 145.906
300 10 1.761 241.334 5919.39 148.932
300 10 1.771 241.84 5916.54 149.843
300 10 1.781 242.933 5920.03 149.146
300 10 1.791 243.666 5914.11 147.26
300 10 1.801 245.076 5919.94 145.949
300 10 1.811 245.942 5925.8 145.635
300 10 1.821 246.567 5923.64 144.696
300 10 1.831 247.148 5920.91 143.05
300 10 1.841 248.362 5928.35 136.311
300 10 1.851 249.422 5928.6 134.9
300 10 1.861 250.238 5929.54 133.893
300 10 1.871 251.009 5929.84 132.127
300 10 1.881 251.847 5930.71 131.225
300 10 1.891 253.074 5933.95 129.799
300 10 1.901 253.312 5928.49 128.036
300 10 1.911 253.775 5930.08 126.976
300 10 1.921 255.056 5933.86 125.244
300 10 1.931 255.969 5935.49 123.796
300 10 1.941 256.969 5934.01 121.698
300 10 1.951 257.431 5933.33 120.624
300 10 1.961 258.775 5940.6 119.225
300 10 1.971 259.761 5941.23 117.212
300 10 1.981 261.064 5942.26 115.047
300 10 1.991 261.171 5937.22 114.003
300 20 0.001 280.701 6033.68 4.0365
300 20 0.011 276.621 6033.72 4.597
300 20 0.021 272.059 6033.71 5.15
300 20 0.031 267.337 6039.27 5.315
300 20 0.041 262.347 6035.04 5.8729
300 20 0.051 257.684 6043.47 6.937
300 20 0.061 252.733 6048.27 7.7545
300 20 0.071 247.584 6041.97 8.4662
300 20 0.081 242.862 6040.13 9.2959
300 20 0.091 237.54 6034.88 10.2764
300 20 0.101 233.574 6036.74 11.2136
300 20 0.111 229.032 6041.8 12.0226
300 20 0.121 224.071 6031.29 12.9588
300 20 0.131 220.959 6042.14 13.7417
300 20 0.141 216.347 6033.44 14.7274
300 20 0.151 212.452 6031.82 15.622
300 20 0.161 208.506 6032.27 16.5169
300 20 0.171 204.633 6031.58 17.5469
300 20 0.181 202.01 6036.65 18.44
300 20 0.191 198.308 6029.79 19.4735
300 20 0.201 193.969 6022.71 20.5025
300 20 0.211 192.483 6033.81 21.2716
300 20 0.221 189.109 6022.66 22.3421
300 20 0.231 186.813 6019.83 23.3063
300 20 0.241 183.483 6023.86 24.7343
300 20 0.251 181.193 6020.27 25.8307
300 20 0.261 178.89 6016.75 26.9471
300 20 0.271 175.554 6010.19 27.4891
300 20 0.281 175.256 6023.14 28.5378
300 20 0.291 173.496 6021.95 29.1353
300 20 0.301 170.633 6007.75 30.3203
300 20 0.311 168.887 6006.17 31.1936
300 20 0.321 166.942 5999.83 32.5213
300 20 0.331 165.609 6000.23 33.6359
300 20 0.341 163.847 5998.01 34.6979
300 20 0.351 164.037 6010.2 36.2917
300 20 0.361 161.375 5986.56 36.8015
300 20 0.371 161.181 5997.83 38.2475
300 20 0.381 159.295 5985.45 39.5011
300 20 0.391 157.392 5973.22 40.4981
300 20 0.401 158.66 5990.88 42.3586
300 20 0.411 157.52 5988.25 44.2267
300 20 0.421 156.925 5987.22 45.9115
300 20 0.431 155.362 5981.44 46.799
300 20 0.441 156.303 5985.66 45.7307
300 20 0.451 154.397 5974.69 46.7821
300 20 0.461 156.454 5990.41 48.1884
300 20 0.471 153.172 5967.46 51.7647
300 20 0.481 153.714 5974.88 53.0892
300 20 0.491 153.869 5969.56 54.6642
300 20 0.501 154.353 5979.81 54.2662
300 20 0.511 153.399 5971.66 53.9126
300 20 0.521 154.565 5981.59 55.0795
300 20 0.531 154.274 5976.91 56.1397
300 20 0.541 153.833 5973.11 57.4178
300 20 0.551 154.645 5975.88 58.466
300 20 0.561 154.431 5978.02 60.1036
300 20 0.571 154.308 5973.95 60.9279
300 20 0.581 154.117 5964.1 62.4676
300 20 0.591 154.437 5965.27 63.1829
300 20 0.601 154.051 5973.17 64.7774
300 20 0.611 154.813 5973.57 65.8943
300 20 0.621 155.7 5976.87 67.2937
300 20 0.631 155.434 5966.12 68.4103
300 20 0.641 155.463 5975.64 69.9488
300 20 0.651 155.59 5962.7 70.9216
300 20 0.661 156.92 5964.94 72.2548
300 20 0.671 157.963 5975.09 73.5101
300 20 0.681 157.087 5963.59 74.8937
300 20 0.691 157.593 5963.94 76.4692
300 20 0.701 157.879 5961.89 77.4153
300 20 0.711 158.114 5966.25 79.2117
300 20 0.721 158.523 5964.77 80.5612
300 20 0.731 158.647 5962.27 81.8445
300 20 0.741 159.397 5964.94 83.547
300 20 0.751 159.828 5962.99 84.8587
300 20 0.761 160.556 5964.9 86.0561
300 20 0.771 160.396 5959.41 87.5661
300 20 0.781 161.769 5960.27 89.0139
300 20 0.791 160.869 5958.73 90.583
300 20 0.801 162.627 5963.8 91.8659
300 20 0.811 163.406 5963.05 93.3889
300 20 0.821 164.47 5969.35 94.7279
300 20 0.831 164.155 5961.24 96.0076
300 20 0.841 165.726 5967.37 97.931
300 20 0.851 165.413 5966.6 99.7075
300 20 0.861 166.662 5963.82 100.922
300 20 0.871 165.401 5955.87 103.24
300 20 0.881 165.668 5954.6 104.473
300 20 0.891 167.458 5962.57 106.009
300 20 0.901 166.745 5952.65 107.076
300 20 0.911 168.423 5958.25 108.661
300 20 0.921 167.86 5955.09 110.502
300 20 0.931 169.92 5964.69 112.093
300 20 0.941 170.47 5956.78 113.401
300 20 0.951 169.345 5948.99 115.32
300 20 0.961 169.457 5950.05 117.206
300 20 0.971 171.603 5959.49 118.956
300 20 0.981 171.177 5951.83 120.155
300 20 0.991 171.682 5947.45 122.451
300 20 1.001 172.335 5944.22 125.314
300 20 1.011 173.094 5951.34 127.685
300 20 1.021 172.751 5944.17 129.738
300 20 1.031 174.035 5949.95 131.303
300 20 1.041 173.425 5942.23 133.304
300 20 1.051 174.305 5944.6 134.803
300 20 1.061 175.53 5945.22 136.554
300 20 1.071 175.839 5942.78 137.892
300 20 1.081 176.029 5944.54 139.255
300 20 1.091 176.401 5932.44 140.305
300 20 1.101 177.601 5942.38 141.679
300 20 1.111 178.031 5942.3 143.807
300 20 1.121 179.421 5943.11 143.571
300 20 1.131 180.035 5943.51 145.04
300 20 1.141 180.667 5944.91 146.633
300 20 1.151 181.769 5943.95 147.306
300 20 1.161 183.737 5951.95 147.981
300 20 1.171 184.192 5952.59 149.043
300 20 1.181 183.799 5952.29 150.191
300 20 1.191 185.53 5956.28 150.492
300 20 1.201 186.857 5961.05 150.786
300 20 1.211 187.379 5954.71 152.442
300 20 1.221 188.879 5964.68 153.116
300 20 1.231 189.126 5964.78 153.905
300 20 1.241 190.566 5966.24 154.892
300 20 1.251 190.961 5969.16 155.951
300 20 1.261 191.755 5963.29 155.969
300 20 1.271 193.771 5976.37 155.978
300 20 1.281 194.272 5974.05 156.679
300 20 1.291 194.859 5974.71 157.738
300 20 1.301 196.245 5973.38 158.048
300 20 1.311 196.935 5973.38 158.416
300 20 1.321 198.133 5984.93 159.577
300 20 1.331 199.179 5989.15 159.807
300 20 1.341 200.35 5984.09 160.006
300 20 1.351 201.549 5992.11 160.581
300 20 1.361 202.296 5994.47 160.98
300 20 1.371 204.39 5998.1 160.437
300 20 1.381 204.088 5992.28 161.927
300 20 1.391 206.04 5998.03 161.223
300 20 1.401 207.499 6005.13 161.582
300 20 1.411 208.812 6011.97 161.789
300 20 1.421 208.693 6004.12 162.493
300 20 1.431 209.55 6005.05 163.275
300 20 1.441 211.1 6012.3 162.607
300 20 1.451 212.066 6012.29 162.696
300 20 1.461 212.918 6016.58 163.063
300 20 1.471 213.922 6016.91 163.715
300 20 1.481 214.93 6016.76 163.405
300 20 1.491 215.674 6014.9 163.54
300 20 1.501 218.462 6030.48 162.808
300 20 1.511 218.746 6028.15 163.276
300 20 1.521 219.845 6030.73 163.081
300 20 1.531 220.694 6031.35 163.123
300 20 1.541 221.338 6028.89 162.638
300 20 1.551 222.585 6037.41 163.386
300 20 1.561 223.561 6036.54 163.032
300 20 1.571 224.176 6040.04 163.424
300 20 1.581 225.722 6040.58 161.243
300 20 1.591 226.467 6041.35 161.926
300 20 1.601 227.717 6047.51 161.196
300 20 1.611 228.148 6049.34 160.754
300 20 1.621 229.07 6045.89 159.711
300 20 1.631 229.63 6044.83 159.41
300 20 1.641 231.316 6055.19 158.416
300 20 1.651 232.35 6055.36 157.691
300 20 1.661 232.099 6053.76 158.01
300 20 1.671 233.053 6056.12 157.416
300 20 1.681 234.197 6057.03 156.219
300 20 1.691 235.457 6063.57 155.569
300 20 1.701 236.012 6059.99 154.545
300 20 1.711 236.411 6059.87 154.305
300 20 1.721 236.924 6060.71 154.093
300 20 1.731 238.636 6064.61 152.136
300 20 1.741 239.443 6065.15 151.502
300 20 1.751 240.503 6069.02 150.505
300 20 1.761 240.446 6063.52 149.988
300 20 1.771 242.461 6075.19 148.656
300 20 1.781 242.523 6070.07 148.095
300 20 1.791 244.028 6076.94 146.505
300 20 1.801 244.075 6071.31 145.948
300 20 1.811 245.548 6076.62 144.23
300 20 1.821 246.429 6080.83 143.768
300 20 1.831 246.987 6077.08 142.369
300 20 1.841 248.414 6079.65 142.277
300 20 1.851 249.343 6086.21 145.882
300 20 1.861 249.63 6080.93 140.681
300 20 1.871 250.457 6079.06 138.418
300 20 1.881 251.574 6085.77 137.972
300 20 1.891 252.932 6089.6 135.805
300 20 1.901 253.382 6086.25 134.212
300 20 1.911 254.546 6090.25 132.715
300 20 1.921 255.337 6088.87 130.979
300 20 1.931 256.312 6089.86 128.916
300 20 1.941 257.36 6096.24 133.275
300 20 1.951 257.604 6091.38 132.292
300 20 1.961 258.594 6092.86 126.029
300 20 1.971 259.692 6096.65 122.574
300 20 1.981 260.792 6099.4 120.845
300 20 1.991 261.428 6097.22 117.192
300 30 0.001 270.589 6102.89 3.297
300 30 0.011 264.711 6109.2 4.5212
300 30 0.021 258.601 6110.61 4.6253
300 30 0.031 251.962 6116.8 5.6211
300 30 0.041 245.412 6116.07 5.8659
300 30 0.051 238.749 6118.09 6.3833
300 30 0.061 231.913 6122.09 7.2383
300 30 0.071 225.83 6120.39 8.4165
300 30 0.081 219.975 6126.88 9.5345
300 30 0.091 213.962 6126.1 10.4788
300 30 0.101 208.526 6118.51 11.3757
300 30 0.111 203.463 6122.57 11.8119
300 30 0.121 198.487 6117.82 12.5847
300 30 0.131 194.467 6129.31 13.245
300 30 0.141 188.541 6113.75 14.3119
300 30 0.151 185.664 6125.61 15.2287
300 30 0.161 181.472 6117.95 16.1063
300 30 0.171 178.104 6124.41 17.9646
300 30 0.181 175.395 6123.43 19.1865
300 30 0.191 171.108 6116.45 19.4822
300 30 0.201 167.711 6116.41 20.5914
300 30 0.211 165.998 6114.49 21.5102
300 30 0.221 164.434 6126.18 22.6791
300 30 0.231 160.855 6108.1 23.5956
300 30 0.241 158.922 6113.11 24.5139
300 30 0.251 157.219 6106.75 25.562
300 30 0.261 154.896 6096.49 26.629
300 30 0.271 153.581 6103.12 27.6515
300 30 0.281 153.168 6108.2 28.6616
300 30 0.291 152.416 6113.01 29.8807
300 30 0.301 150.393 6104.61 30.7954
300 30 0.311 150.532 6109.88 31.982
300 30 0.321 148.747 6104.37 33.1098
300 30 0.331 148.905 6108.8 34.1662
300 30 0.341 148.665 6110.08 35.2186
300 30 0.351 147.88 6104.73 36.4706
300 30 0.361 147.005 6108.09 37.4952
300 30 0.371 146.948 6103.56 38.498
300 30 0.381 147.066 6111.17 40.984
300 30 0.391 146.816 6100.85 42.7764
300 30 0.401 145.855 6096.75 44.3046
300 30 0.411 146.765 6106.49 45.1665
300 30 0.421 146.5 6104.44 45.0214
300 30 0.431 145.673 6096.73 46.1542
300 30 0.441 146.179 6097.87 49.5377
300 30 0.451 146.71 6104.47 50.6219
300 30 0.461 146.866 6097.46 49.4322
300 30 0.471 146.334 6093.11 50.8426
300 30 0.481 147.99 6106.32 52.0294
300 30 0.491 147.924 6105.38 53.4989
300 30 0.501 148.443 6111.21 54.7407
300 30 0.511 148.354 6104.1 55.8072
300 30 0.521 148.664 6104.88 56.8509
300 30 0.531 150.298 6115.01 58.3815
300 30 0.541 150.3 6113.78 60.0238
300 30 0.551 150.777 6113.12 64.4102
300 30 0.561 150.925 6110.49 65.6615
300 30 0.571 148.376 6090.47 66.8636
300 30 0.581 151.215 6111.93 68.6142
300 30 0.591 151.314 6100.79 68.6869
300 30 0.601 152.433 6112.28 71.3528
300 30 0.611 152.508 6110.05 70.5551
300 30 0.621 151.989 6099.53 69.9628
300 30 0.631 152.159 6092.15 71.1289
300 30 0.641 153.245 6098.66 72.746
300 30 0.651 155.329 6112.95 74.1735
300 30 0.661 155.194 6113.76 75.8189
300 30 0.671 155.79 6111.6 76.9298
300 30 0.681 154.969 6105.22 78.4726
300 30 0.691 157.183 6117.66 79.9224
300 30 0.701 158.015 6119.56 81.3592
300 30 0.711 157.579 6116.6 82.8914
300 30 0.721 157.316 6107.93 84.0142
300 30 0.731 157.867 6103.7 85.5076
300 30 0.741 159.348 6113.84 87.0268
300 30 0.751 160.407 6110.3 88.4949
300 30 0.761 160.604 6106.57 89.958
300 30 0.771 160.879 6114.45 91.5664
300 30 0.781 160.655 6106.97 93.1189
300 30 0.791 160.779 6105.32 94.7415
300 30 0.801 161.978 6103.36 95.7329
300 30 0.811 162.385 6103.99 97.4326
300 30 0.821 162.574 6109.68 99.4519
300 30 0.831 163.927 6101.83 100.419
300 30 0.841 165.604 6117.75 105.965
300 30 0.851 165.034 6108.9 104.128
300 30 0.861 165.768 6107.08 105.204
300 30 0.871 166.252 6105.45 106.659
300 30 0.881 166.129 6101.9 108.855
300 30 0.891 166.278 6094.92 109.573
300 30 0.901 167.978 6110.75 113.554
300 30 0.911 166.3 6095.2 116.748
300 30 0.921 168.418 6102.03 115.097
300 30 0.931 169.662 6106.86 117.452
300 30 0.941 170.228 6106.6 118.992
300 30 0.951 169.072 6101.56 120.205
300 30 0.961 171.154 6104.89 122.076
300 30 0.971 171.822 6106.68 123.891
300 30 0.981 171.271 6094.42 126.22
300 30 0.991 172.476 6098.91 128.239
300 30 1.001 173.147 6104.26 130.12
300 30 1.011 173.538 6101.33 132.52
300 30 1.021 172.517 6083.98 135.079
300 30 1.031 174.018 6088.12 136.946
300 30 1.041 173.675 6087.66 139.038
300 30 1.051 174.277 6087.63 140.92
300 30 1.061 175.065 6087.21 142.857
300 30 1.071 175.765 6083.98 143.87
300 30 1.081 176.903 6092.9 145.106
300 30 1.091 176.634 6086.37 147.026
300 30 1.101 177.84 6089.56 147.821
300 30 1.111 178.726 6091.59 149.188
300 30 1.121 179.391 6092.54 150.913
300 30 1.131 180.352 6093.43 152.866
300 30 1.141 182.466 6097.78 153.611
300 30 1.151 182.901 6097.52 153.986
300 30 1.161 184.306 6100.92 155.013
300 30 1.171 184.209 6099.58 156.021
300 30 1.181 185.028 6106.23 157.633
300 30 1.191 185.312 6104.63 158.161
300 30 1.201 187.236 6107.54 158.703
300 30 1.211 187.025 6105.35 159.868
300 30 1.221 188.837 6116.13 160.372
300 30 1.231 188.969 6111.5 161.09
300 30 1.241 190.007 6113.46 161.995
300 30 1.251 191.142 6115.31 162.618
300 30 1.261 192.733 6127.16 165.271
300 30 1.271 193.012 6119.66 163.679
300 30 1.281 195.328 6130.62 163.562
300 30 1.291 196.401 6132.22 163.581
300 30 1.301 196.686 6124.58 165.197
300 30 1.311 196.593 6122.89 168.311
300 30 1.321 199.073 6134.49 166.917
300 30 1.331 199.677 6132.27 166.378
300 30 1.341 200.989 6139.75 166.732
300 30 1.351 201.865 6142.13 167.769
300 30 1.361 203.135 6143.11 167.611
300 30 1.371 203.401 6144.82 168.263
300 30 1.381 204.747 6142.87 168.139
300 30 1.391 205.844 6149.21 167.637
300 30 1.401 206.682 6151.32 171.373
300 30 1.411 207.432 6156.69 172.495
300 30 1.421 208.909 6155.93 172.244
300 30 1.431 209.794 6156.24 171.322
300 30 1.441 211.354 6163.16 170.033
300 30 1.451 212.907 6167.66 168.634
300 30 1.461 213.037 6166.64 169.717
300 30 1.471 213.822 6167.39 169.934
300 30 1.481 215.318 6173.02 172.369
300 30 1.491 216.49 6177.08 173.378
300 30 1.501 216.995 6172.95 172.305
300 30 1.511 218.688 6182.26 173.873
300 30 1.521 220.246 6183.72 173.557
300 30 1.531 220.86 6182.83 173.811
300 30 1.541 221.125 6179.06 174.295
300 30 1.551 222.492 6189.31 174.29
300 30 1.561 223.453 6187.01 173.911
300 30 1.571 225.056 6191.3 173.223
300 30 1.581 226.25 6193.88 173.298
300 30 1.591 226.663 6195.82 173.596
300 30 1.601 228.083 6204.71 172.609
300 30 1.611 227.469 6191.07 169.165
300 30 1.621 229.254 6201.97 166.192
300 30 1.631 229.554 6201.65 166.288
300 30 1.641 230.241 6198.69 165.271
300 30 1.651 230.976 6200.33 164.841
300 30 1.661 233.108 6211.21 162.879
300 30 1.671 233.345 6208.21 163.038
300 30 1.681 233.889 6206.38 162.182
300 30 1.691 233.909 6207.48 162.594
300 30 1.701 236.106 6213.69 160.437
300 30 1.711 236.305 6208.15 159.782
300 30 1.721 237.743 6218.08 159.236
300 30 1.731 238.218 6216.35 159.163
300 30 1.741 239.342 6221.85 157.979
300 30 1.751 241.085 6227.81 156.042
300 30 1.761 240.418 6220.57 159.478
300 30 1.771 242.037 6228.52 161.425
300 30 1.781 242.785 6226.83 153.845
300 30 1.791 243.785 6227.09 156.986
300 30 1.801 244.814 6229.81 157.347
300 30 1.811 245.828 6231.03 154.44
300 30 1.821 246.771 6234.79 148.603
300 30 1.831 247.662 6236.45 147.364
300 30 1.841 247.948 6230.19 145.843
300 30 1.851 249.195 6238.78 145.127
300 30 1.861 250.01 6240.67 143.804
300 30 1.871 251.136 6242.15 142.088
300 30 1.881 251.707 6239.99 140.386
300 30 1.891 252.741 6244.17 140.627
300 30 1.901 253.55 6245.01 143.234
300 30 1.911 254.4 6246.15 136.039
300 30 1.921 255.184 6245.43 134.304
300 30 1.931 255.818 6244.09 132.362
300 30 1.941 257.062 6248.97 130.893
300 30 1.951 258.441 6253.61 128.66
300 30 1.961 258.271 6245.25 127.298
300 30 1.971 259.63 6251.7 125.459
300 30 1.981 260.521 6255.22 124.235
300 30 1.991 261.364 6253.39 121.727
300 40 0.001 260.43 6172.41 3.0871
300 40 0.011 253.211 6181.01 3.6551
300 40 0.021 244.936 6184.03 4.2683
300 40 0.031 237.268 6188.04 4.9175
300 40 0.041 229.309 6200.54 5.7025
300 40 0.051 221.762 6200.83 6.4303
300 40 0.061 214.12 6214.83 7.2923
300 40 0.071 207.38 6215.7 8.1703
300 40 0.081 201.059 6221.19 9.1672
300 40 0.091 194.36 6212.79 10.335
300 40 0.101 188.866 6215.17 11.471
300 40 0.111 183.428 6218.64 12.6542
300 40 0.121 179.226 6227.97 13.4233
300 40 0.131 175.27 6232.71 14.4702
300 40 0.141 169.661 6217.45 15.4275
300 40 0.151 166.471 6217.98 16.4196
300 40 0.161 162.153 6212 17.4423
300 40 0.171 160.05 6223.12 18.4811
300 40 0.181 157.039 6223.18 19.683
300 40 0.191 155.078 6223.32 20.396
300 40 0.201 153.037 6221.78 21.2952
300 40 0.211 151.422 6223.02 22.6658
300 40 0.221 149.168 6225.6 23.9978
300 40 0.231 148.564 6229.49 24.7848
300 40 0.241 146.445 6227.96 26.0636
300 40 0.251 145.641 6226.06 27.2845
300 40 0.261 145.927 6239.52 28.5952
300 40 0.271 144.469 6230.39 29.7368
300 40 0.281 143.142 6223.02 31.0362
300 40 0.291 142.548 6223.72 32.1397
300 40 0.301 143.048 6234.11 33.5092
300 40 0.311 141.533 6221.77 34.4196
300 40 0.321 142.565 6227.17 35.432
300 40 0.331 142.419 6229.29 36.929
300 40 0.341 140.515 6218.79 38.1914
300 40 0.351 142.577 6230.36 39.2857
300 40 0.361 142.284 6234.48 40.9003
300 40 0.371 141.718 6228.27 41.7518
300 40 0.381 142.386 6230.82 43.335
300 40 0.391 143.446 6242.62 44.5018
300 40 0.401 143.199 6237.37 45.7075
300 40 0.411 142.157 6233.64 47.2896
300 40 0.421 143.99 6240.25 48.2273
300 40 0.431 142.2 6223.17 48.1912
300 40 0.441 144.585 6241.8 48.8536
300 40 0.451 144.728 6244.86 50.2658
300 40 0.461 145.69 6245.66 51.4313
300 40 0.471 145.924 6247.57 52.4818
300 40 0.481 145.583 6237.13 53.9308
300 40 0.491 146.134 6243.14 55.0765
300 40 0.501 146.718 6248.08 56.8207
300 40 0.511 146.418 6243.64 57.8358
300 40 0.521 146.676 6229.32 58.959
300 40 0.531 148.515 6250.65 60.5834
300 40 0.541 147.98 6240.08 61.8104
300 40 0.551 148.804 6245.74 63.2229
300 40 0.561 149.671 6254.62 64.7457
300 40 0.571 150.367 6246.63 65.9533
300 40 0.581 150.375 6246.2 67.6272
300 40 0.591 150.846 6251.42 71.6571
300 40 0.601 150.439 6235.51 69.3366
300 40 0.611 150.931 6241.1 70.7471
300 40 0.621 151.689 6241.29 71.9621
300 40 0.631 153.913 6255.96 73.3847
300 40 0.641 153.533 6250.87 75.2377
300 40 0.651 154.126 6254.71 76.3758
300 40 0.661 154.448 6254.04 77.8504
300 40 0.671 155.189 6249.5 79.0361
300 40 0.681 156.449 6259.94 80.4233
300 40 0.691 155.397 6246.54 82.3876
300 40 0.701 157.627 6254.78 83.9305
300 40 0.711 157.408 6255.89 85.8303
300 40 0.721 157.701 6260.22 87.6178
300 40 0.731 159.286 6255.85 92.2146
300 40 0.741 160.172 6257.88 94.981
300 40 0.751 159.094 6249.49 96.014
300 40 0.761 160.228 6261.21 97.8956
300 40 0.771 160.534 6257.17 99.3469
300 40 0.781 160.619 6248.02 100.794
300 40 0.791 160.434 6246.32 102.525
300 40 0.801 161.357 6253.67 104.519
300 40 0.811 162.734 6249.78 105.188
300 40 0.821 162.995 6245.76 106.538
300 40 0.831 163.122 6250.59 103.832
300 40 0.841 164.442 6261.56 105.505
300 40 0.851 164.605 6254.06 106.883
300 40 0.861 164.739 6247.83 108.58
300 40 0.871 165.177 6252.64 110.198
300 40 0.881 166.665 6249.78 111.395
300 40 0.891 167.296 6259.71 113.754
300 40 0.901 167.237 6252.28 115.942
300 40 0.911 167.2 6250.16 117.375
300 40 0.921 168.795 6249.44 118.377
300 40 0.931 168.538 6243.51 120.605
300 40 0.941 169.285 6246 122.185
300 40 0.951 169.799 6248.1 124.106
300 40 0.961 170.323 6247.34 126.65
300 40 0.971 170.913 6250.68 128.7
300 40 0.981 170.979 6241.53 130.831
300 40 0.991 170.919 6240.58 132.522
300 40 1.001 172.439 6246.24 134.171
300 40 1.011 172.015 6246.74 137.785
300 40 1.021 173.179 6234.85 139.27
300 40 1.031 172.853 6231.6 141.205
300 40 1.041 173.824 6236.5 143.957
300 40 1.051 174.621 6233.94 149.212
300 40 1.061 175.108 6238.2 151.134
300 40 1.071 175.495 6232.19 150.195
300 40 1.081 176.879 6239.68 149.33
300 40 1.091 177.138 6238.77 150.154
300 40 1.101 177.08 6231.21 153.064
300 40 1.111 178.36 6236.6 158.021
300 40 1.121 180.45 6243.06 158.679
300 40 1.131 180.221 6234.39 159.578
300 40 1.141 180.797 6240.97 160.669
300 40 1.151 182.163 6240.49 158.364
300 40 1.161 182.586 6242.4 159.762
300 40 1.171 182.908 6241.47 161.003
300 40 1.181 185.293 6255.02 161.623
300 40 1.191 185.664 6254 162.426
300 40 1.201 186.453 6256.57 163.258
300 40 1.211 187.27 6257.83 163.826
300 40 1.221 188.659 6262.38 165.151
300 40 1.231 190.168 6262.85 165.186
300 40 1.241 190.442 6261.63 166.401
300 40 1.251 191.198 6265.46 167.098
300 40 1.261 192.696 6260.86 166.741
300 40 1.271 193.026 6269.42 168.04
300 40 1.281 194.439 6270.01 168.479
300 40 1.291 196.127 6280.93 169.137
300 40 1.301 196.121 6272.46 170.497
300 40 1.311 197.624 6276.56 170.352
300 40 1.321 198.473 6283.22 171.619
300 40 1.331 198.834 6280.57 172.376
300 40 1.341 200.638 6288.85 172.176
300 40 1.351 201.126 6289.91 172.436
300 40 1.361 203.955 6292.97 171.295
300 40 1.371 203.761 6298.13 173.092
300 40 1.381 205.538 6301.72 173.03
300 40 1.391 205.21 6297.83 173.671
300 40 1.401 207.129 6304.41 174.335
300 40 1.411 207.986 6302.4 174.293
300 40 1.421 208.578 6299.97 174.074
300 40 1.431 209.364 6306.87 175.572
300 40 1.441 210.839 6313.61 175.759
300 40 1.451 211.281 6313.38 179.175
300 40 1.461 213.337 6315.84 178.551
300 40 1.471 213.802 6319.62 176.186
300 40 1.481 215.311 6316.49 174.166
300 40 1.491 216.932 6331.71 174.943
300 40 1.501 217.41 6323.03 174.07
300 40 1.511 218.309 6325.25 175.324
300 40 1.521 218.887 6329.29 175.703
300 40 1.531 220.289 6337.88 175.697
300 40 1.541 221.399 6332 174.102
300 40 1.551 222.855 6343.36 175.032
300 40 1.561 223.936 6344.17 174.513
300 40 1.571 225.147 6345.15 174.115
300 40 1.581 225.288 6343.77 179.991
300 40 1.591 226.901 6352.55 176.332
300 40 1.601 227.763 6348.04 172.349
300 40 1.611 228.799 6355.95 172.088
300 40 1.621 228.979 6355.56 172.045
300 40 1.631 229.907 6353.96 171.292
300 40 1.641 230.92 6359.11 175.807
300 40 1.651 231.494 6354.03 175.899
300 40 1.661 232.543 6362.13 175.369
300 40 1.671 233.411 6364.05 174.648
300 40 1.681 234.601 6367.05 173.352
300 40 1.691 235.197 6368.46 173.252
300 40 1.701 235.801 6369.39 173.296
300 40 1.711 236.596 6370.18 171.443
300 40 1.721 237.034 6369.1 171.408
300 40 1.731 238.351 6373.31 167.121
300 40 1.741 239.123 6371.82 163.107
300 40 1.751 239.449 6371.75 167.374
300 40 1.761 241.058 6374.92 166.634
300 40 1.771 242.191 6381.15 166.077
300 40 1.781 243.01 6381.31 164.872
300 40 1.791 244.144 6384.89 163.752
300 40 1.801 244.813 6383.58 162.327
300 40 1.811 245.623 6384.88 161.568
300 40 1.821 246.118 6384.42 160.597
300 40 1.831 247.032 6388.46 159.749
300 40 1.841 247.988 6390.39 158.718
300 40 1.851 249.25 6395.63 156.891
300 40 1.861 249.776 6392.9 155.581
300 40 1.871 250.725 6395.56 154.388
300 40 1.881 251.553 6399.12 147.324
300 40 1.891 253.082 6398.72 143.212
300 40 1.901 253.347 6396.44 141.83
300 40 1.911 254.038 6399.7 142.798
300 40 1.921 255.634 6404.95 138.913
300 40 1.931 256.224 6403.25 137.312
300 40 1.941 256.995 6407.33 135.932
300 40 1.951 257.619 6403.17 133.095
300 40 1.961 259.007 6407.83 130.784
300 40 1.971 259.564 6407.03 129.284
300 40 1.981 260.861 6412.42 127.538
300 40 1.991 261.478 6412.01 125.835
400 10 0.001 390.785 7863 2.3796
400 10 0.011 388.021 7865.57 3.5548
400 10 0.021 384.911 7860.51 3.8387
400 10 0.031 381.419 7860.2 4.7272
400 10 0.041 378.054 7863.49 5.401
400 10 0.051 374.398 7860.88 6.4274
400 10 0.061 370.745 7858.95 7.6862
400 10 0.071 367.199 7868.8 8.5235
400 10 0.081 363.373 7860.98 9.3086
400 10 0.091 359.414 7856.85 10.3272
400 10 0.101 355.81 7858.08 11.889
400 10 0.111 351.893 7851.9 12.7273
400 10 0.121 348.372 7858.05 13.7579
400 10 0.131 344.585 7849.55 14.9805
400 10 0.141 340.876 7854.63 16.2026
400 10 0.151 337.485 7855.76 17.1653
400 10 0.161 333.73 7841.92 18.2898
400 10 0.171 330.067 7845.49 19.551
400 10 0.181 325.948 7840.42 21.0076
400 10 0.191 323.399 7857.11 22.1542
400 10 0.201 319.712 7842.73 23.6338
400 10 0.211 316.164 7840.43 26.9132
400 10 0.221 312.762 7839.03 28.2809
400 10 0.231 309.557 7837.68 29.6521
400 10 0.241 306.019 7821.91 30.8161
400 10 0.251 303.365 7835.23 32.3155
400 10 0.261 300.215 7825.19 32.5036
400 10 0.271 297.007 7830.81 32.3117
400 10 0.281 293.963 7817.95 33.9515
400 10 0.291 291.538 7821.27 34.9828
400 10 0.301 288.505 7818.41 36.3526
400 10 0.311 284.828 7812.22 38.888
400 10 0.321 282.688 7810.68 42.1772
400 10 0.331 280.177 7811.23 40.4753
400 10 0.341 277.677 7804.26 41.754
400 10 0.351 274.282 7789.14 43.1501
400 10 0.361 272.234 7791.32 44.4788
400 10 0.371 269.974 7792.13 45.8751
400 10 0.381 268.352 7803.86 47.4645
400 10 0.391 265.429 7777.74 48.6089
400 10 0.401 263.545 7788.15 50.1736
400 10 0.411 261.652 7791.98 51.7545
400 10 0.421 259.169 7781.52 52.8206
400 10 0.431 258.903 7800.17 54.6861
400 10 0.441 255.302 7770.29 55.9203
400 10 0.451 254.324 7770.97 57.2764
400 10 0.461 252.018 7771.31 58.9025
400 10 0.471 249.904 7756.2 60.2856
400 10 0.481 248.602 7759.25 61.8316
400 10 0.491 247.649 7759.49 63.3313
400 10 0.501 244.935 7735.01 64.6458
400 10 0.511 244.071 7743.5 65.9972
400 10 0.521 243.408 7750.32 67.9366
400 10 0.531 242.068 7749.32 69.2588
400 10 0.541 240.887 7737.36 70.6935
400 10 0.551 238.556 7733.05 72.1988
400 10 0.561 238.989 7737.16 73.7646
400 10 0.571 236.975 7727.03 75.2766
400 10 0.581 237.298 7735.16 76.6214
400 10 0.591 235.923 7735.1 78.503
400 10 0.601 234.472 7719.57 82.498
400 10 0.611 234.251 7731.79 88.4073
400 10 0.621 233.272 7713.18 89.7971
400 10 0.631 232.957 7724.91 91.7858
400 10 0.641 231.526 7712.36 92.998
400 10 0.651 230.398 7701.7 94.6985
400 10 0.661 230.383 7705.23 90.3402
400 10 0.671 230.404 7713.32 91.2988
400 10 0.681 230.085 7706.46 92.6253
400 10 0.691 227.934 7690.88 94.6235
400 10 0.701 229.764 7710.8 96.0662
400 10 0.711 228.738 7698.21 99.7221
400 10 0.721 228.657 7694.36 106.84
400 10 0.731 227.415 7679.93 108.7
400 10 0.741 227.227 7680.46 110.38
400 10 0.751 227.927 7687.79 111.823
400 10 0.761 226.726 7673.69 113.761
400 10 0.771 227.705 7681.28 115.735
400 10 0.781 228.896 7689.61 117.589
400 10 0.791 227.524 7679.16 118.32
400 10 0.801 226.784 7674.02 114.323
400 10 0.811 226.897 7664.76 115.452
400 10 0.821 226.703 7663.69 118.073
400 10 0.831 228.039 7679.21 119.183
400 10 0.841 228.65 7677.12 121.118
400 10 0.851 227.987 7668.95 123.135
400 10 0.861 227.828 7664.8 125.599
400 10 0.871 226.38 7649.4 127.088
400 10 0.881 228.411 7656.07 129.055
400 10 0.891 228.426 7652.66 131.156
400 10 0.901 229.373 7658.9 132.51
400 10 0.911 230.254 7662.36 134.67
400 10 0.921 229.808 7658.9 137.171
400 10 0.931 229.079 7644.14 138.906
400 10 0.941 231.022 7645.12 140.851
400 10 0.951 231.626 7652.08 142.912
400 10 0.961 231.268 7645.17 145.901
400 10 0.971 230.874 7632.47 148.966
400 10 0.981 230.132 7638.18 151.668
400 10 0.991 231.981 7634.31 153.107
400 10 1.001 231.764 7636.1 156.205
400 10 1.011 233.445 7642.38 159.332
400 10 1.021 233.65 7628.66 162.031
400 10 1.031 233.046 7622.69 164.773
400 10 1.041 234.358 7624.77 166.066
400 10 1.051 233.3 7622 169.311
400 10 1.061 235.153 7622.41 170.616
400 10 1.071 236.416 7625.03 171.633
400 10 1.081 236.292 7620.75 174.67
400 10 1.091 237.345 7614.68 176.289
400 10 1.101 238.409 7625.04 179.081
400 10 1.111 239.354 7628.17 180.427
400 10 1.121 239.574 7617.3 185.482
400 10 1.131 240.761 7618.27 186.65
400 10 1.141 242.407 7626.93 187.699
400 10 1.151 243.603 7626.83 188.506
400 10 1.161 243.788 7621.31 187.092
400 10 1.171 245.338 7638.02 190.404
400 10 1.181 247.105 7635.5 191.739
400 10 1.191 247.938 7635.39 192.741
400 10 1.201 249.909 7640.02 193.859
400 10 1.211 249.838 7634.43 194.685
400 10 1.221 252.019 7649.15 196.013
400 10 1.231 254.046 7652.45 196.368
400 10 1.241 254.592 7646.49 197.112
400 10 1.251 254.948 7649.71 198.898
400 10 1.261 255.97 7648.72 199.146
400 10 1.271 258.977 7661.91 199.166
400 10 1.281 259.422 7659.02 198.884
400 10 1.291 261.091 7662.69 195.571
400 10 1.301 261.908 7664.19 196.178
400 10 1.311 262.962 7669.42 198.06
400 10 1.321 264.873 7669.97 197.871
400 10 1.331 266.138 7668.36 198.549
400 10 1.341 268.402 7665.78 197.872
400 10 1.351 268.944 7676.08 199.28
400 10 1.361 270.284 7678.16 200.174
400 10 1.371 270.939 7681.79 201.334
400 10 1.381 273.751 7689.52 200.615
400 10 1.391 275.219 7693.84 201.828
400 10 1.401 276.938 7696.17 201.8
400 10 1.411 276.842 7690.95 203.022
400 10 1.421 279.079 7700.15 202.843
400 10 1.431 279.841 7703.3 203.945
400 10 1.441 281.931 7705.82 203.336
400 10 1.451 282.617 7699.05 203.651
400 10 1.461 285.245 7710.19 203.274
400 10 1.471 285.969 7714.39 204.262
400 10 1.481 287.115 7715.43 204.936
400 10 1.491 288.938 7717.42 206.676
400 10 1.501 289.06 7716.65 208.143
400 10 1.511 291.071 7722.53 206.531
400 10 1.521 292.669 7725.03 206.041
400 10 1.531 294.568 7732.98 205.519
400 10 1.541 295.211 7728.32 206.393
400 10 1.551 297.16 7732.01 207.906
400 10 1.561 297.7 7733.04 204.983
400 10 1.571 300.022 7744.74 204.671
400 10 1.581 301.799 7748.71 204.385
400 10 1.591 303.419 7743.09 206.898
400 10 1.601 303.787 7747.15 203.541
400 10 1.611 304.584 7742.02 202.279
400 10 1.621 305.389 7743.04 201.773
400 10 1.631 306.003 7749.18 202.51
400 10 1.641 307.928 7750.61 200.363
400 10 1.651 308.801 7758.37 201.04
400 10 1.661 309.308 7750.67 199.891
400 10 1.671 310.417 7755.77 199.501
400 10 1.681 311.966 7757.26 198.111
400 10 1.691 313.864 7760.78 197.185
400 10 1.701 315.277 7764.6 198.807
400 10 1.711 315.173 7762.69 202.455
400 10 1.721 316.724 7766.55 199.008
400 10 1.731 317.994 7767.73 191.242
400 10 1.741 319.25 7773.82 190.668
400 10 1.751 320.747 7776.51 189.246
400 10 1.761 321.904 7773.61 187.345
400 10 1.771 322.931 7778.73 186.543
400 10 1.781 323.654 7778.52 185.906
400 10 1.791 324.339 7777.61 185.104
400 10 1.801 326.288 7782.96 183.038
400 10 1.811 326.599 7777.3 182.058
400 10 1.821 328.893 7783.8 179.23
400 10 1.831 330.36 7792.08 178.691
400 10 1.841 330.403 7787.1 177.896
400 10 1.851 332.787 7796.53 175.278
400 10 1.861 333.129 7787.47 173.58
400 10 1.871 334.197 7786.38 171.319
400 10 1.881 335.935 7796.79 170.216
400 10 1.891 336.85 7791.8 167.69
400 10 1.901 338.157 7794.41 165.611
400 10 1.911 338.815 7797.56 172.213
400 10 1.921 340.035 7798.22 167.441
400 10 1.931 341.281 7798.87 162.67
400 10 1.941 343.158 7805.48 160.457
400 10 1.951 344.013 7804.26 158.224
400 10 1.961 345.283 7808.74 156.209
400 10 1.971 346.302 7802.04 152.928
400 10 1.981 347.262 7805.62 151.866
400 10 1.991 348.49 7805.94 149.311
400 20 0.001 380.539 7932.54 3.7688
400 20 0.011 374.948 7938.57 4.4931
400 20 0.021 368.516 7936.24 5.2433
400 20 0.031 362.269 7935.27 6.0691
400 20 0.041 355.367 7932.93 6.9643
400 20 0.051 348.571 7938.21 7.8641
400 20 0.061 341.915 7942.3 8.8807
400 20 0.071 334.987 7934.57 9.8991
400 20 0.081 328.925 7945.85 11.0398
400 20 0.091 322.167 7931.06 11.9899
400 20 0.101 315.923 7941.12 13.3497
400 20 0.111 310.307 7939.58 14.5561
400 20 0.121 304 7925.53 15.7436
400 20 0.131 298.087 7931.94 16.769
400 20 0.141 293.127 7938.98 17.9953
400 20 0.151 287.55 7931.32 19.1146
400 20 0.161 281.737 7921.78 20.3659
400 20 0.171 277.216 7917.98 21.6196
400 20 0.181 271.914 7911.25 22.9901
400 20 0.191 267.538 7918.12 24.5196
400 20 0.201 263.139 7904.61 25.4707
400 20 0.211 259.276 7904.24 26.6488
400 20 0.221 253.937 7888.47 27.4657
400 20 0.231 250.784 7894.56 28.8916
400 20 0.241 246.317 7875.6 29.7755
400 20 0.251 243.25 7884.74 30.9134
400 20 0.261 240.558 7883.43 32.1788
400 20 0.271 236.547 7870.22 33.5152
400 20 0.281 235.014 7891.35 35.222
400 20 0.291 232.46 7887.01 36.3868
400 20 0.301 229.937 7883.06 37.6863
400 20 0.311 226.256 7857.87 38.7632
400 20 0.321 225.017 7868.51 40.2941
400 20 0.331 222.945 7877.4 41.956
400 20 0.341 221.135 7868.39 43.5197
400 20 0.351 218.47 7854.12 44.5903
400 20 0.361 216.841 7845.46 45.7302
400 20 0.371 215.449 7852.13 47.1841
400 20 0.381 212.968 7842.87 51.0255
400 20 0.391 212.621 7836.22 52.7469
400 20 0.401 212.403 7849.24 54.2641
400 20 0.411 211.539 7844.26 56.3592
400 20 0.421 210.029 7841.21 57.7254
400 20 0.431 209.468 7834.07 57.5897
400 20 0.441 207.816 7829.35 58.0793
400 20 0.451 207.642 7828.29 59.5695
400 20 0.461 206.889 7830.7 61.4603
400 20 0.471 208.072 7837.88 63.0691
400 20 0.481 206.238 7829.3 64.3595
400 20 0.491 206.641 7829.35 65.677
400 20 0.501 206.457 7826.16 67.1017
400 20 0.511 204.667 7818.79 71.9941
400 20 0.521 204.075 7806.14 73.5407
400 20 0.531 206.305 7820.23 74.9665
400 20 0.541 204.941 7808.2 76.6118
400 20 0.551 204.355 7812.38 74.6594
400 20 0.561 206.758 7819.71 75.7838
400 20 0.571 207.188 7826.25 77.6138
400 20 0.581 207.296 7813.11 79.5337
400 20 0.591 206.349 7809.41 81.1307
400 20 0.601 205.867 7804.44 82.6535
400 20 0.611 207.161 7816.53 84.418
400 20 0.621 206.568 7808.33 86.3757
400 20 0.631 205.893 7793.82 87.4556
400 20 0.641 206.866 7799.9 88.6789
400 20 0.651 208.779 7809.81 91.2226
400 20 0.661 208.978 7814.33 93.3442
400 20 0.671 208.426 7799.34 94.5719
400 20 0.681 209.351 7802.24 96.0523
400 20 0.691 210.813 7811.16 97.8752
400 20 0.701 210.201 7797.18 99.0842
400 20 0.711 210.751 7800.2 100.949
400 20 0.721 212.465 7802.56 102.897
400 20 0.731 212.785 7802.58 104.817
400 20 0.741 212.043 7787.18 105.978
400 20 0.751 213.678 7800.47 107.93
400 20 0.761 211.951 7780.25 109.973
400 20 0.771 214.487 7793.59 111.708
400 20 0.781 215.511 7790.91 113.17
400 20 0.791 215.75 7798.14 115.371
400 20 0.801 216.784 7802.79 117.398
400 20 0.811 218.422 7804.93 118.909
400 20 0.821 218.127 7797.24 121.53
400 20 0.831 217.919 7794.18 124.265
400 20 0.841 220.7 7803.81 129.056
400 20 0.851 220.191 7786.85 132.789
400 20 0.861 219.695 7784.63 135.463
400 20 0.871 221.417 7792.24 136.988
400 20 0.881 223.108 7799.88 137.954
400 20 0.891 223.059 7789.46 134.442
400 20 0.901 225.081 7797.83 137.919
400 20 0.911 223.091 7777.59 137.675
400 20 0.921 224.015 7785.52 140.804
400 20 0.931 225.265 7780.82 142.598
400 20 0.941 225.053 7778.84 145.205
400 20 0.951 227.223 7789.98 147.984
400 20 0.961 227.735 7777.21 150.206
400 20 0.971 226.921 7775.75 152.673
400 20 0.981 228.448 7778.68 154.376
400 20 0.991 230.525 7785.35 161.529
400 20 1.001 230.089 7775.32 165.751
400 20 1.011 229.691 7768.02 165.282
400 20 1.021 230.243 7757.87 165.521
400 20 1.031 230.04 7754.37 168.293
400 20 1.041 230.936 7750.71 170.846
400 20 1.051 232.389 7757.41 172.724
400 20 1.061 232.928 7761.98 174.994
400 20 1.071 235.125 7772.73 176.736
400 20 1.081 235.61 7771.2 178.43
400 20 1.091 235.666 7754.66 180.299
400 20 1.101 237.759 7767.19 181.852
400 20 1.111 236.232 7755.11 184.03
400 20 1.121 239.858 7759 184.172
400 20 1.131 240.51 7769.63 186.002
400 20 1.141 240.442 7769.35 188.291
400 20 1.151 244.275 7786.66 188.682
400 20 1.161 242.151 7765.3 190.373
400 20 1.171 245.476 7784.42 191.475
400 20 1.181 246.536 7777.95 193.406
400 20 1.191 247.813 7786.1 198.307
400 20 1.201 248.86 7784.29 199.524
400 20 1.211 250.775 7796.5 199.247
400 20 1.221 250.749 7790.82 201.486
400 20 1.231 253.046 7793.19 201.373
400 20 1.241 253.609 7793.76 202.955
400 20 1.251 256.235 7806.18 203.594
400 20 1.261 256.36 7799.54 204.525
400 20 1.271 257.188 7798.75 205.854
400 20 1.281 257.974 7799.32 206.434
400 20 1.291 260.959 7813.09 206.123
400 20 1.301 261.371 7806.04 207.566
400 20 1.311 262.707 7813.51 208.139
400 20 1.321 265.538 7824.46 204.944
400 20 1.331 266.846 7822.22 204.179
400 20 1.341 267.971 7832.77 207.464
400 20 1.351 268.498 7826.48 210.359
400 20 1.361 271.359 7840.61 209.927
400 20 1.371 271.661 7826.14 207.098
400 20 1.381 272.77 7834.46 208.601
400 20 1.391 275.36 7841.84 207.338
400 20 1.401 275.618 7834.94 208.346
400 20 1.411 277 7847.96 209.324
400 20 1.421 278.639 7845.05 209.4
400 20 1.431 281.243 7862.47 208.959
400 20 1.441 282.992 7858.3 208.485
400 20 1.451 283.272 7862.64 210.305
400 20 1.461 284.601 7868.01 210.903
400 20 1.471 285.374 7864.74 211.01
400 20 1.481 287.129 7863.47 211.091
400 20 1.491 287.548 7866.13 212.274
400 20 1.501 290.77 7876.95 210.573
400 20 1.511 291.439 7871.47 211.085
400 20 1.521 294.259 7889.53 210.837
400 20 1.531 294.916 7886.69 210.863
400 20 1.541 294.992 7879.2 211.988
400 20 1.551 296.337 7890.89 212.685
400 20 1.561 298.501 7884.91 209.869
400 20 1.571 298.82 7884.95 210.919
400 20 1.581 300.643 7890.46 210.375
400 20 1.591 302.669 7895.17 209.507
400 20 1.601 303.588 7899.01 209.098
400 20 1.611 304.17 7901.92 209.3
400 20 1.621 305.8 7906.82 208.062
400 20 1.631 306.885 7903.78 207.083
400 20 1.641 309.17 7915.95 205.32
400 20 1.651 309.458 7908.39 204.677
400 20 1.661 310.22 7908.92 204.006
400 20 1.671 311.167 7913.95 204.049
400 20 1.681 312.508 7912.45 203.953
400 20 1.691 313.734 7912.43 208.676
400 20 1.701 315.291 7920.54 207.42
400 20 1.711 315.794 7920.04 207.57
400 20 1.721 316.425 7915.68 204.506
400 20 1.731 318.429 7925.76 199.627
400 20 1.741 319.329 7926.77 204.684
400 20 1.751 320.253 7925.84 203.257
400 20 1.761 320.93 7925.39 202.821
400 20 1.771 322.801 7933.74 201.375
400 20 1.781 323.711 7937.11 201.031
400 20 1.791 324.506 7929.7 198.89
400 20 1.801 326.383 7935.56 196.855
400 20 1.811 327.082 7932.4 195.264
400 20 1.821 329.188 7946.85 194.227
400 20 1.831 329.72 7941.74 185.75
400 20 1.841 330.434 7938.25 184.127
400 20 1.851 331.983 7943.49 182.171
400 20 1.861 333.258 7947.63 180.716
400 20 1.871 334.111 7946.14 179.11
400 20 1.881 336.122 7952.19 176.644
400 20 1.891 337.028 7947.73 173.807
400 20 1.901 338.774 7956.1 172.213
400 20 1.911 338.471 7949.85 171.625
400 20 1.921 340.803 7958.9 176.75
400 20 1.931 341.57 7955.85 175.431
400 20 1.941 343.641 7966.56 173.073
400 20 1.951 343.956 7962.53 171.884
400 20 1.961 344.779 7959.8 169.618
400 20 1.971 345.931 7961.51 167.467
400 20 1.981 347.381 7961.47 164.558
400 20 1.991 348.034 7958.41 162.296
400 30 0.001 370.449 8004.25 3.6339
400 30 0.011 362.293 8004.12 4.6093
400 30 0.021 353.412 8010.94 5.371
400 30 0.031 344.1 8014.36 6.1873
400 30 0.041 334.82 8006.77 7.0082
400 30 0.051 325.264 8011.54 8.017
400 30 0.061 316.511 8013.96 8.9889
400 30 0.071 308.026 8021.1 10.0099
400 30 0.081 299.728 8024.19 11.0289
400 30 0.091 291.432 8013.12 12.0769
400 30 0.101 283.584 8017.23 13.456
400 30 0.111 276.884 8012.36 14.5809
400 30 0.121 269.501 8002.91 15.5188
400 30 0.131 263.871 8014.23 16.8367
400 30 0.141 257.379 8005.74 18.037
400 30 0.151 250.94 7989.05 19.5031
400 30 0.161 246.133 8007.59 20.876
400 30 0.171 240.791 7984.9 22.2362
400 30 0.181 236.52 8001.22 23.3758
400 30 0.191 231.422 7988.78 24.4779
400 30 0.201 226.342 7972.58 25.1754
400 30 0.211 223.901 7982.19 27.0472
400 30 0.221 220.363 7986.52 28.4229
400 30 0.231 217.257 7971.24 29.5027
400 30 0.241 215.247 7976.94 30.7534
400 30 0.251 212.36 7973.77 32.1297
400 30 0.261 208.741 7960.98 33.9759
400 30 0.271 207.82 7962.98 35.9227
400 30 0.281 206.257 7971.49 36.8685
400 30 0.291 205.466 7975.52 37.1544
400 30 0.301 203.469 7965.3 38.4622
400 30 0.311 201.07 7951.72 39.7084
400 30 0.321 200.666 7955.64 41.1871
400 30 0.331 198.092 7942.57 42.2369
400 30 0.341 197.188 7942.86 44.2075
400 30 0.351 197.376 7949.05 45.4727
400 30 0.361 196.474 7939.92 46.6954
400 30 0.371 198.216 7963.24 48.5148
400 30 0.381 196.708 7954.71 49.8467
400 30 0.391 195.753 7946.47 51.4761
400 30 0.401 195.468 7947.77 54.465
400 30 0.411 196.008 7949.96 57.5457
400 30 0.421 196.144 7955.57 58.0977
400 30 0.431 195.318 7941.93 58.2452
400 30 0.441 196.657 7950.2 59.5531
400 30 0.451 196.023 7947.84 61.0333
400 30 0.461 196.029 7941.41 62.7142
400 30 0.471 197.788 7951.85 64.312
400 30 0.481 196.501 7945.68 65.9189
400 30 0.491 197.728 7950.57 67.0713
400 30 0.501 197.261 7942.54 68.1575
400 30 0.511 199.238 7955.17 69.7875
400 30 0.521 198.202 7940.9 71.3281
400 30 0.531 198.43 7939.43 72.9513
400 30 0.541 200.352 7947.84 74.4414
400 30 0.551 198.996 7938.69 76.179
400 30 0.561 202.064 7961.76 78.1134
400 30 0.571 201.763 7955.22 79.4593
400 30 0.581 201.846 7947.94 81.1222
400 30 0.591 203.748 7957.92 83.2062
400 30 0.601 203.156 7952.22 84.2883
400 30 0.611 204.415 7955.31 86.4641
400 30 0.621 203.505 7938.7 87.721
400 30 0.631 205.29 7947.45 89.4116
400 30 0.641 206.468 7961.54 91.6977
400 30 0.651 207.758 7958.09 92.9834
400 30 0.661 205.893 7942.63 94.5239
400 30 0.671 207.555 7943.42 96.3931
400 30 0.681 208.514 7949.44 103.367
400 30 0.691 210.711 7958.02 104.868
400 30 0.701 210.98 7962.93 102.63
400 30 0.711 211.943 7961.76 104.394
400 30 0.721 211.89 7955.56 106.47
400 30 0.731 212.13 7948.03 107.684
400 30 0.741 212.041 7943.72 109.422
400 30 0.751 213.485 7947.02 111.829
400 30 0.761 213.699 7948.2 114.112
400 30 0.771 215.926 7947.46 115.678
400 30 0.781 214.206 7927.91 116.803
400 30 0.791 216.577 7950.33 119.723
400 30 0.801 215.841 7936.48 124.128
400 30 0.811 217.615 7942.12 128.248
400 30 0.821 217.204 7944.95 125.827
400 30 0.831 219.13 7941.85 126.823
400 30 0.841 220.428 7950.47 128.114
400 30 0.851 220.865 7942.35 130.213
400 30 0.861 220.494 7938.94 132.43
400 30 0.871 221.644 7941.23 134.958
400 30 0.881 221.141 7930.92 136.372
400 30 0.891 221.785 7932.41 138.826
400 30 0.901 224.388 7940.61 139.934
400 30 0.911 225.755 7939.05 142.417
400 30 0.921 223.574 7935.74 145.453
400 30 0.931 225.595 7931.76 147.386
400 30 0.941 225.728 7929.39 149.453
400 30 0.951 225.465 7916.61 151.891
400 30 0.961 227.755 7924.35 153.324
400 30 0.971 226.249 7923.56 156.327
400 30 0.981 228.911 7922.81 157.965
400 30 0.991 229.238 7918.59 161.911
400 30 1.001 227.617 7903.37 164.657
400 30 1.011 229.307 7914.64 167.005
400 30 1.021 230.423 7916.03 170.569
400 30 1.031 230.21 7903.94 173.364
400 30 1.041 231.796 7923.75 175.783
400 30 1.051 231.436 7899.81 177.513
400 30 1.061 234.162 7919.52 180.032
400 30 1.071 234.697 7910.22 180.789
400 30 1.081 236.027 7909.47 184.127
400 30 1.091 237.289 7922.29 185.946
400 30 1.101 235.852 7903.84 187.223
400 30 1.111 237.656 7913.78 189.444
400 30 1.121 238.449 7906.31 190.76
400 30 1.131 239.639 7922.35 192.291
400 30 1.141 241.203 7920.56 193.474
400 30 1.151 242.72 7916.88 194.627
400 30 1.161 244.429 7928.11 195.155
400 30 1.171 245.452 7927.32 200.836
400 30 1.181 247.327 7934.04 201.67
400 30 1.191 247.437 7925.98 201.009
400 30 1.201 248.865 7933.46 200.282
400 30 1.211 250.471 7941.15 200.906
400 30 1.221 251.815 7952.55 202.337
400 30 1.231 252.899 7945.94 206.824
400 30 1.241 253.287 7941.41 208.601
400 30 1.251 255.497 7951.77 209.148
400 30 1.261 255.374 7941.89 210.063
400 30 1.271 257.51 7947.83 207.416
400 30 1.281 259.481 7961.89 207.965
400 30 1.291 259.714 7959.33 208.026
400 30 1.301 262.822 7965.83 211.864
400 30 1.311 264.131 7973.3 211.901
400 30 1.321 265.191 7971.96 209.652
400 30 1.331 265.333 7968.59 211.227
400 30 1.341 267.017 7976.66 212.042
400 30 1.351 269.758 7990.37 211.946
400 30 1.361 270.645 7983.47 212.334
400 30 1.371 271.725 7978.51 212.493
400 30 1.381 272.984 7986.77 213.362
400 30 1.391 274.55 7994.21 213.572
400 30 1.401 276.245 7998.38 215.385
400 30 1.411 277.435 8002.1 217.778
400 30 1.421 277.334 7994.59 216.267
400 30 1.431 280.744 8005.01 214.989
400 30 1.441 282.349 8010.16 215.196
400 30 1.451 283.133 8008 215.496
400 30 1.461 284.059 8008.64 216.319
400 30 1.471 285.872 8013.76 216.083
400 30 1.481 287.897 8021.99 216.056
400 30 1.491 287.279 8016.5 217.462
400 30 1.501 290.159 8026.83 216.912
400 30 1.511 291.205 8030.1 217.37
400 30 1.521 292.09 8025.08 216.954
400 30 1.531 295.164 8040.63 216.038
400 30 1.541 295.884 8029.99 221.219
400 30 1.551 296.099 8031.87 222.643
400 30 1.561 298.736 8041.43 221.709
400 30 1.571 298.967 8035.25 216.58
400 30 1.581 299.619 8037.47 217.5
400 30 1.591 303.152 8051.18 221.305
400 30 1.601 303.1 8051.07 220.213
400 30 1.611 304.345 8053.68 214.401
400 30 1.621 305.671 8057.37 219.539
400 30 1.631 306.968 8057.87 218.811
400 30 1.641 308.202 8068.62 215.425
400 30 1.651 308.497 8057.71 210.998
400 30 1.661 309.541 8067.3 211.425
400 30 1.671 311.228 8070.93 210.13
400 30 1.681 312.788 8066.47 209.56
400 30 1.691 314.092 8078.28 215.387
400 30 1.701 315.446 8077.9 213.338
400 30 1.711 315.032 8073.71 206.645
400 30 1.721 316.379 8077.04 205.327
400 30 1.731 318.419 8081.78 203.432
400 30 1.741 318.132 8072.58 202.756
400 30 1.751 320.375 8082.72 201.067
400 30 1.761 321.178 8086.12 201.08
400 30 1.771 322.621 8087.66 198.671
400 30 1.781 324.085 8088.97 196.964
400 30 1.791 324.923 8082.79 195.352
400 30 1.801 326.137 8093.76 195.474
400 30 1.811 327.717 8095.09 192.998
400 30 1.821 328.823 8094.84 191.418
400 30 1.831 329.648 8097.75 190.289
400 30 1.841 330.789 8100.51 189.033
400 30 1.851 331.738 8096.18 186.469
400 30 1.861 334.31 8106.54 183.538
400 30 1.871 334.15 8100.73 182.961
400 30 1.881 335.609 8102.79 180.764
400 30 1.891 337.069 8106.93 178.64
400 30 1.901 338.237 8110.64 177.163
400 30 1.911 339.703 8114.52 174.994
400 30 1.921 340.692 8113.92 172.805
400 30 1.931 342.052 8118.57 170.996
400 30 1.941 342.784 8110.96 167.663
400 30 1.951 343.764 8114.29 166.261
400 30 1.961 344.847 8116.32 164.392
400 30 1.971 346.247 8117.11 161.215
400 30 1.981 347.743 8123.92 159.387
400 30 1.991 348.944 8124.31 156.894
400 40 0.001 360.215 8074.21 3.139
400 40 0.011 350.119 8082.3 3.8559
400 40 0.021 337.846 8073.12 4.699
400 40 0.031 327.976 8095.86 5.5511
400 40 0.041 316.369 8101.36 6.5548
400 40 0.051 305.662 8111.64 7.5973
400 40 0.061 294.367 8097.23 8.6734
400 40 0.071 284.651 8103.32 9.7114
400 40 0.081 275.687 8108.99 10.8533
400 40 0.091 266.148 8099.41 12.1054
400 40 0.101 257.132 8095.79 13.3395
400 40 0.111 251.335 8111.36 14.5269
400 40 0.121 243.494 8091.42 15.5834
400 40 0.131 237.86 8100.9 16.8197
400 40 0.141 230.388 8082.13 18.159
400 40 0.151 226.599 8101.9 19.4361
400 40 0.161 221.763 8100.56 20.7326
400 40 0.171 218.449 8103.28 21.9866
400 40 0.181 213.779 8091.25 23.2074
400 40 0.191 210.139 8090.61 24.578
400 40 0.201 206.993 8097.77 26.1305
400 40 0.211 204.055 8082.41 27.1929
400 40 0.221 201.108 8082.68 28.6038
400 40 0.231 198.219 8072.78 29.8776
400 40 0.241 198.212 8084 31.4027
400 40 0.251 196.657 8092.22 32.8715
400 40 0.261 195.397 8077.1 33.8004
400 40 0.271 194.91 8094.69 35.6653
400 40 0.281 193.363 8080.34 36.5884
400 40 0.291 192.152 8078.87 37.8083
400 40 0.301 191.988 8084.01 40.3269
400 40 0.311 191.393 8081.54 42.8534
400 40 0.321 189.126 8063.17 43.5196
400 40 0.331 191.068 8086.86 43.6224
400 40 0.341 191.184 8080.4 45.3426
400 40 0.351 189.622 8073.7 46.7015
400 40 0.361 191.082 8080.35 48.1004
400 40 0.371 192.747 8093.06 49.6501
400 40 0.381 190.704 8071.37 50.9984
400 40 0.391 190.282 8072.31 52.7155
400 40 0.401 188.861 8063.56 53.7372
400 40 0.411 191.566 8076.17 55.4947
400 40 0.421 191.761 8077.18 57.1796
400 40 0.431 192.891 8078.8 58.6131
400 40 0.441 193.088 8077.51 59.7935
400 40 0.451 194.614 8093.56 61.8439
400 40 0.461 194.297 8081.33 63.1941
400 40 0.471 194.219 8088.42 65.0635
400 40 0.481 196.296 8098.69 66.7752
400 40 0.491 196.159 8091.76 68.204
400 40 0.501 196.657 8085.57 69.8752
400 40 0.511 196.555 8079.17 71.5015
400 40 0.521 196.173 8072.58 72.639
400 40 0.531 197.755 8080.29 74.6453
400 40 0.541 199.594 8089.97 76.6688
400 40 0.551 199.132 8084.24 77.8043
400 40 0.561 199.715 8090.65 79.2905
400 40 0.571 200.724 8086.7 81.057
400 40 0.581 200.947 8080.93 82.821
400 40 0.591 202.515 8102.21 84.6249
400 40 0.601 203.248 8089.2 86.6778
400 40 0.611 201.747 8077.18 88.2325
400 40 0.621 204.267 8098.53 90.205
400 40 0.631 205.381 8095.78 91.6592
400 40 0.641 206.111 8097.75 93.7076
400 40 0.651 207.476 8105.74 95.3674
400 40 0.661 206.57 8084.72 97.3019
400 40 0.671 207.007 8093.32 99.0645
400 40 0.681 207.578 8082.05 100.722
400 40 0.691 208.256 8090.56 102.317
400 40 0.701 208.355 8081.16 103.89
400 40 0.711 210.979 8092.26 106.627
400 40 0.721 210.598 8090.17 108.316
400 40 0.731 212.768 8099.49 110.084
400 40 0.741 209.235 8063.87 111.524
400 40 0.751 214.409 8101.84 114.105
400 40 0.761 212.315 8074.88 115.05
400 40 0.771 212.423 8076.9 117.168
400 40 0.781 211.888 8061.93 119.052
400 40 0.791 216.523 8093.37 121.345
400 40 0.801 216.482 8094.29 123.454
400 40 0.811 218.31 8104.72 125.254
400 40 0.821 217.339 8090.42 127.552
400 40 0.831 219.422 8096.61 129.694
400 40 0.841 220.212 8095.88 131.49
400 40 0.851 220.101 8097.44 133.447
400 40 0.861 218.657 8079.12 134.947
400 40 0.871 221.052 8079.13 137.525
400 40 0.881 222.934 8092.48 139.702
400 40 0.891 222.54 8078.54 141.434
400 40 0.901 224.557 8093.07 143.865
400 40 0.911 224.54 8091.37 145.886
400 40 0.921 224.423 8076.39 148.065
400 40 0.931 224.966 8064.37 150.119
400 40 0.941 225.294 8073.77 152.994
400 40 0.951 225.171 8069.81 155.117
400 40 0.961 227.164 8074.52 157.421
400 40 0.971 228.312 8070.24 159.364
400 40 0.981 228.92 8077.77 163.403
400 40 0.991 228.809 8064.86 165.619
400 40 1.001 229.362 8069.62 171.462
400 40 1.011 230.199 8064.5 178.278
400 40 1.021 231.946 8071.11 180.952
400 40 1.031 231.131 8059.26 182.56
400 40 1.041 231.533 8058.09 182.678
400 40 1.051 232.749 8059.1 188.151
400 40 1.061 232.025 8052.77 190.889
400 40 1.071 234.549 8061.77 189.817
400 40 1.081 234.693 8055.29 188.817
400 40 1.091 236.627 8068.76 189.68
400 40 1.101 237.09 8059.76 191.565
400 40 1.111 238.558 8063.03 193.899
400 40 1.121 240.56 8070.07 194.758
400 40 1.131 240.58 8061.02 196.045
400 40 1.141 242.682 8071.08 197.225
400 40 1.151 241.862 8066.36 200.01
400 40 1.161 243.616 8068.02 200.492
400 40 1.171 246.131 8079 201.068
400 40 1.181 246.503 8082.92 202.949
400 40 1.191 248.899 8080.61 203.366
400 40 1.201 248.923 8083.28 205.188
400 40 1.211 250.825 8091.8 206.542
400 40 1.221 250.121 8079.95 207.038
400 40 1.231 253.292 8092.88 208.117
400 40 1.241 253.559 8094.1 210.138
400 40 1.251 254.915 8093.1 209.824
400 40 1.261 256.65 8099.69 211.381
400 40 1.271 257.576 8102.35 212.223
400 40 1.281 259.825 8115.61 213.126
400 40 1.291 261.209 8109.47 213.06
400 40 1.301 261.474 8110.71 214.747
400 40 1.311 262.237 8104.69 215.737
400 40 1.321 264.643 8110.66 215.425
400 40 1.331 267.436 8122.98 215.46
400 40 1.341 270.092 8144.5 215.711
400 40 1.351 268.463 8127.88 217.652
400 40 1.361 269.982 8127.01 218.085
400 40 1.371 271.438 8132.31 219.309
400 40 1.381 272.421 8137.58 221.131
400 40 1.391 274.714 8136.55 223.264
400 40 1.401 276.104 8149.14 224.7
400 40 1.411 277.964 8150.12 223.737
400 40 1.421 279.275 8151.11 221.378
400 40 1.431 279.909 8155.66 220.401
400 40 1.441 282.301 8168.8 221.23
400 40 1.451 283.475 8167.26 221.913
400 40 1.461 284.09 8163.79 222.657
400 40 1.471 285.266 8159 224.498
400 40 1.481 286.863 8170.52 227.985
400 40 1.491 287.988 8171.07 227.571
400 40 1.501 289.737 8175.3 228.516
400 40 1.511 291.515 8178.53 228.345
400 40 1.521 292.404 8174.82 227.547
400 40 1.531 293.996 8185.22 229.098
400 40 1.541 294.642 8183.38 228.721
400 40 1.551 297.083 8189.16 227.328
400 40 1.561 297.404 8180.02 227.634
400 40 1.571 299.368 8194.23 228.349
400 40 1.581 301.426 8201.02 228.529
400 40 1.591 302.463 8196.07 226.827
400 40 1.601 303.352 8204.62 225.715
400 40 1.611 303.855 8198.63 226.535
400 40 1.621 305.663 8206.32 225.543
400 40 1.631 306.358 8213.05 226.552
400 40 1.641 308.738 8218.59 224
400 40 1.651 309.3 8218.37 223.711
400 40 1.661 310.104 8216.4 222.649
400 40 1.671 310.297 8211.55 222.335
400 40 1.681 312.85 8218.66 219.984
400 40 1.691 313.146 8224.17 220.771
400 40 1.701 314.493 8223.65 219.409
400 40 1.711 316.343 8229.4 217.458
400 40 1.721 317.276 8230.13 216.924
400 40 1.731 317.393 8230.2 217.086
400 40 1.741 319.462 8239.73 215.663
400 40 1.751 320.158 8233.03 213.926
400 40 1.761 321.402 8234.38 212.33
400 40 1.771 323.144 8246.15 211.587
400 40 1.781 324.515 8246.06 209.734
400 40 1.791 325.622 8249.08 208.808
400 40 1.801 326.688 8253.19 208.243
400 40 1.811 327.583 8247.61 205.419
400 40 1.821 328.175 8250.43 205.723
400 40 1.831 328.869 8247.17 204.308
400 40 1.841 330.606 8245.95 200.759
400 40 1.851 332.782 8258.1 198.913
400 40 1.861 332.724 8253.75 198.418
400 40 1.871 335.21 8269.07 196.523
400 40 1.881 336.09 8261.98 193.582
400 40 1.891 336.817 8261.06 192.149
400 40 1.901 338.554 8266.35 190.046
400 40 1.911 339.003 8263.99 188.417
400 40 1.921 339.96 8263.04 186.516
400 40 1.931 341.655 8273.73 185.025
400 40 1.941 342.009 8265.24 182.9
400 40 1.951 343.698 8271.59 180.215
400 40 1.961 344.824 8271.32 177.862
400 40 1.971 346.265 8276.33 175.297
400 40 1.981 347.668 8281.15 173.505
400 40 1.991 349.047 8284.37 171.072
