200 10 0.001 200.102 6953.21 2.0626
200 10 0.011 201.782 6924.12 2.4291
200 10 0.021 203.348 6892.89 2.8548
200 10 0.031 205.039 6856.9 3.2774
200 10 0.041 206.9 6820.4 3.7805
200 10 0.051 209.011 6779.69 4.3002
200 10 0.061 210.042 6737.49 4.762
200 10 0.071 211.925 6708.59 5.1749
200 10 0.081 214.537 6672.02 5.5491
200 10 0.091 215.963 6625.02 5.8684
200 10 0.101 217.499 6586.36 6.2163
200 10 0.111 219.792 6560.04 6.5814
200 10 0.121 220.812 6510.77 7.144
200 10 0.131 223.029 6470.09 7.6537
200 10 0.141 225.368 6430.42 8.1109
200 10 0.151 227.636 6402.96 8.9801
200 10 0.161 228.939 6359.65 9.2677
200 10 0.171 230.167 6325.17 9.7076
200 10 0.181 230.919 6273.15 10.2578
200 10 0.191 233.449 6233.15 10.8056
200 10 0.201 235.606 6209.3 11.3678
200 10 0.211 236.318 6159.97 12.0157
200 10 0.221 238.47 6143.08 12.3504
200 10 0.231 239.689 6101.86 13.0646
200 10 0.241 242.299 6065.19 13.8988
200 10 0.251 242.48 6025.6 14.3623
200 10 0.261 243.206 5983.39 15.0299
200 10 0.271 245.931 5966.64 15.6448
200 10 0.281 246.952 5931.52 16.3318
200 10 0.291 247.478 5892.6 17.0942
200 10 0.301 249.485 5874.72 17.861
200 10 0.311 251.032 5835.64 18.991
200 10 0.321 251.947 5809.84 19.5358
200 10 0.331 252.853 5776.81 20.3621
200 10 0.341 254.279 5761.7 21.0575
200 10 0.351 254.318 5721.64 22.1577
200 10 0.361 256.335 5684.89 24.1837
200 10 0.371 256.131 5654.66 24.2024
200 10 0.381 258.406 5643.76 25.3669
200 10 0.391 260.495 5628.35 25.2006
200 10 0.401 259.624 5592.13 25.9188
200 10 0.411 259.295 5561.08 26.4894
200 10 0.421 261.721 5554.15 27.5486
200 10 0.431 261.187 5506.66 28.4274
200 10 0.441 262.362 5497.54 29.1071
200 10 0.451 262.906 5468.38 30.2145
200 10 0.461 263.138 5450.93 30.6511
200 10 0.471 262.88 5413.44 31.6053
200 10 0.481 264.483 5402.22 32.8022
200 10 0.491 265.751 5402.45 33.7168
200 10 0.501 266.001 5380.73 34.4321
200 10 0.511 265.33 5340.72 35.4482
200 10 0.521 266.205 5324.77 36.6123
200 10 0.531 266.876 5311.82 37.4857
200 10 0.541 267.322 5297.43 38.3103
200 10 0.551 267.478 5276.97 39.384
200 10 0.561 268.043 5264.97 40.4157
200 10 0.571 268.23 5243.09 41.2996
200 10 0.581 267.86 5227.12 42.2265
200 10 0.591 268.957 5223.51 43.3096
200 10 0.601 269.833 5223.59 43.9499
200 10 0.611 270.1 5205.87 44.8147
200 10 0.621 270.726 5200.14 45.969
200 10 0.631 269.953 5172.22 46.7508
200 10 0.641 271.433 5179.61 49.7348
200 10 0.651 270.749 5159.28 51.1005
200 10 0.661 270.975 5148.27 51.7405
200 10 0.671 271.521 5143.37 53.9301
200 10 0.681 270.889 5123.79 54.4308
200 10 0.691 270.63 5109.05 53.3577
200 10 0.701 271.017 5105.27 53.4966
200 10 0.711 272.226 5110.83 54.8734
200 10 0.721 272.904 5117.41 56.0429
200 10 0.731 270.959 5068.47 57.0785
200 10 0.741 271.38 5071.63 57.8941
200 10 0.751 271.361 5067.99 58.9477
200 10 0.761 271.231 5054.43 59.7699
200 10 0.771 271.601 5060.35 60.6079
200 10 0.781 271.64 5048.81 61.6025
200 10 0.791 272.33 5056.92 62.8577
200 10 0.801 271.044 5031.33 63.6458
200 10 0.811 270.494 5013.83 64.633
200 10 0.821 270.993 5021.87 65.6982
200 10 0.831 270.815 5010.44 66.8826
200 10 0.841 271.067 5013.78 67.9079
200 10 0.851 271.428 5017.06 68.9194
200 10 0.861 270.873 5003.5 69.9889
200 10 0.871 270.315 4996.01 70.9102
200 10 0.881 271.689 5015.36 72.2739
200 10 0.891 270.638 4996.09 72.8894
200 10 0.901 271.214 5006.92 74.1865
200 10 0.911 270.585 4989.59 75.2912
200 10 0.921 270.831 4996.72 76.3511
200 10 0.931 270.35 4987.83 77.4781
200 10 0.941 270.897 4994.06 78.829
200 10 0.951 269.91 4976.66 79.5696
200 10 0.961 270.433 4988.83 81.0278
200 10 0.971 269.35 4968.45 81.9009
200 10 0.981 268.821 4960.3 82.727
200 10 0.991 268.821 4962.09 84.2017
200 10 1.001 268.629 4957.14 85.8513
200 10 1.011 268.414 4954.94 87.314
200 10 1.021 268.414 4952.72 88.8435
200 10 1.031 267.383 4935.19 89.7352
200 10 1.041 268.05 4948.63 90.9924
200 10 1.051 267.789 4948.68 92.1311
200 10 1.061 267.283 4941.36 92.6851
200 10 1.071 266.968 4937.66 93.9627
200 10 1.081 266.833 4943 94.1551
200 10 1.091 266.699 4939.17 95.6991
200 10 1.101 266.18 4931.64 96.4828
200 10 1.111 266.821 4944.24 97.0942
200 10 1.121 266.355 4941.5 98.1295
200 10 1.131 266.13 4942.26 98.0626
200 10 1.141 265.96 4942.87 98.7069
200 10 1.151 265.984 4942.03 100.746
200 10 1.161 265.597 4941.34 100.837
200 10 1.171 265.552 4940.64 102.346
200 10 1.181 265.645 4949.69 101.28
200 10 1.191 264.819 4941.05 101.892
200 10 1.201 264.421 4934.7 102.743
200 10 1.211 264.389 4936.63 103.906
200 10 1.221 264.931 4952.51 104.546
200 10 1.231 263.368 4924.83 104.177
200 10 1.241 263.86 4939.35 104.895
200 10 1.251 264.076 4945.35 105.498
200 10 1.261 263.526 4940.75 105.367
200 10 1.271 263.851 4950.7 105.363
200 10 1.281 263.5 4951.85 105.51
200 10 1.291 263.119 4945.48 106.85
200 10 1.301 262.386 4938.13 105.877
200 10 1.311 262.758 4947.88 106.855
200 10 1.321 262.367 4943.88 107.002
200 10 1.331 262.282 4947.29 106.132
200 10 1.341 261.761 4941.09 105.283
200 10 1.351 261.538 4943.2 107.379
200 10 1.361 261.213 4940.72 107.282
200 10 1.371 260.973 4940.1 107.057
200 10 1.381 260.516 4934.79 106.415
200 10 1.391 260.312 4936.91 106.314
200 10 1.401 259.952 4934.34 106.476
200 10 1.411 259.892 4938.24 106.488
200 10 1.421 259.542 4934.68 106.226
200 10 1.431 259.484 4938.22 106.543
200 10 1.441 258.726 4929.19 106.426
200 10 1.451 258.727 4930.49 106.358
200 10 1.461 258.694 4937.09 106.006
200 10 1.471 257.77 4922.5 106.081
200 10 1.481 257.672 4924.74 105.634
200 10 1.491 257.297 4920.91 107.231
200 10 1.501 257.269 4928.44 106.984
200 10 1.511 256.804 4920.08 105.91
200 10 1.521 256.472 4918.16 107.178
200 10 1.531 256.301 4919.98 104.076
200 10 1.541 255.532 4909.94 102.738
200 10 1.551 255.472 4912.15 103.188
200 10 1.561 255.248 4914.18 102.945
200 10 1.571 253.709 4890.47 101.635
200 10 1.581 253.883 4894.83 101.783
200 10 1.591 253.532 4893.27 101.082
200 10 1.601 253.266 4889.85 101.162
200 10 1.611 252.948 4889.72 100.386
200 10 1.621 253.195 4895.16 100.495
200 10 1.631 252.242 4881 99.409
200 10 1.641 252.162 4882.03 99.2348
200 10 1.651 252.367 4889.01 99.0134
200 10 1.661 251.481 4878.25 97.7633
200 10 1.671 251.033 4869.85 97.609
200 10 1.681 250.969 4871.59 97.2264
200 10 1.691 250.442 4866.8 96.237
200 10 1.701 250.178 4864.79 95.7056
200 10 1.711 249.77 4859.28 95.0398
200 10 1.721 249.368 4855.11 94.226
200 10 1.731 248.865 4849.87 93.2921
200 10 1.741 248.892 4851.73 93.3348
200 10 1.751 248.417 4848.11 94.62
200 10 1.761 248.258 4847.08 92.5483
200 10 1.771 248.19 4846.82 91.7334
200 10 1.781 247.271 4836.44 89.8081
200 10 1.791 246.696 4828.3 89.0023
200 10 1.801 246.862 4832.91 88.965
200 10 1.811 245.968 4820.04 87.336
200 10 1.821 245.96 4821.65 87.1829
200 10 1.831 245.271 4812.53 86.0217
200 10 1.841 245.076 4812.82 85.2545
200 10 1.851 244.453 4803.44 84.3601
200 10 1.861 244.369 4803.96 83.8823
200 10 1.871 243.319 4789.76 81.9211
200 10 1.881 243.28 4790.12 81.8407
200 10 1.891 242.605 4782.09 80.3474
200 10 1.901 242.223 4776.52 79.6071
200 10 1.911 241.539 4768.44 78.2012
200 10 1.921 241.565 4770.94 78.6726
200 10 1.931 240.837 4760.37 80.6182
200 10 1.941 240.493 4755.91 79.9942
200 10 1.951 239.898 4748.37 78.6901
200 10 1.961 239.45 4742.18 77.9553
200 10 1.971 238.868 4735.21 76.6217
200 10 1.981 238.494 4730.46 75.8106
200 10 1.991 237.66 4718.9 74.0221
200 20 0.001 200.136 6940.21 2.423
200 20 0.011 202.932 6882.19 2.9187
200 20 0.021 205.754 6821.21 3.4099
200 20 0.031 209.044 6756.53 3.7958
200 20 0.041 211.604 6678.97 4.5997
200 20 0.051 214.407 6616 4.8767
200 20 0.061 217.254 6548.21 5.6082
200 20 0.071 220.205 6477.17 6.1543
200 20 0.081 224.519 6421.42 6.4581
200 20 0.091 225.669 6352.41 7.2513
200 20 0.101 228.371 6279.59 8.0876
200 20 0.111 230.885 6214.51 8.5724
200 20 0.121 233.041 6152.75 9.2659
200 20 0.131 234.611 6087.53 10.4469
200 20 0.141 237.875 6042.13 11.1546
200 20 0.151 239.989 5981.76 11.8929
200 20 0.161 241.08 5917.81 12.534
200 20 0.171 242.669 5861.43 13.2428
200 20 0.181 245.221 5815.11 13.04
200 20 0.191 245.713 5757.09 13.5885
200 20 0.201 248.866 5719.02 14.699
200 20 0.211 249.934 5681.91 15.7639
200 20 0.221 250.076 5614.5 16.4691
200 20 0.231 252.123 5574.76 16.4977
200 20 0.241 253.678 5547.54 17.2023
200 20 0.251 254.742 5505.43 17.9369
200 20 0.261 254.379 5459.16 18.567
200 20 0.271 256.144 5430.82 19.4859
200 20 0.281 257.064 5406.17 20.0942
200 20 0.291 257.452 5366.43 21.9013
200 20 0.301 258.03 5328.27 23.8718
200 20 0.311 258.422 5291.75 24.1195
200 20 0.321 259.839 5286.36 23.2583
200 20 0.331 259.978 5257.15 24.1763
200 20 0.341 260.436 5231.12 27.2034
200 20 0.351 261.045 5206.81 28.3134
200 20 0.361 261.937 5195.38 29.2228
200 20 0.371 261.283 5155.33 28.7057
200 20 0.381 261.869 5144.75 29.3046
200 20 0.391 262.108 5131.09 30.0341
200 20 0.401 262.811 5117.5 30.8939
200 20 0.411 263.459 5112.58 31.6516
200 20 0.421 262.11 5076.61 32.4352
200 20 0.431 263.869 5087.77 33.3944
200 20 0.441 262.111 5043.24 34.1323
200 20 0.451 262.817 5042.43 34.8659
200 20 0.461 263.23 5039.11 35.8827
200 20 0.471 263.416 5034.22 36.5722
200 20 0.481 264.18 5036.6 37.6447
200 20 0.491 263.254 5009.66 38.4161
200 20 0.501 263.531 5008.16 39.2647
200 20 0.511 262.773 4982.9 39.8286
200 20 0.521 262.351 4973.79 40.8149
200 20 0.531 262.671 4970.4 41.9491
200 20 0.541 263.207 4975.24 42.8265
200 20 0.551 263.242 4968.77 43.7087
200 20 0.561 263.195 4966.82 44.1933
200 20 0.571 263.115 4971.7 45.1429
200 20 0.581 263.224 4966.59 46.1553
200 20 0.591 263.181 4962.91 48.9339
200 20 0.601 262.314 4944.52 49.2243
200 20 0.611 262.349 4949.41 49.7509
200 20 0.621 262.248 4942.66 48.4331
200 20 0.631 262.517 4948.51 49.3271
200 20 0.641 261.272 4922.1 50.0616
200 20 0.651 262.041 4937.19 50.942
200 20 0.661 261.062 4924.45 51.5126
200 20 0.671 261.659 4938.11 53.8476
200 20 0.681 261.96 4943.71 56.6549
200 20 0.691 261.546 4937.58 56.5356
200 20 0.701 261.495 4938.78 56.3796
200 20 0.711 261.036 4936.74 57.0953
200 20 0.721 260.774 4927.26 58.198
200 20 0.731 260.881 4935.44 59.0168
200 20 0.741 259.837 4915.26 60.0243
200 20 0.751 260.31 4928.48 61.1425
200 20 0.761 260.201 4929 62.1304
200 20 0.771 260.436 4936.35 63.0897
200 20 0.781 259.889 4928.68 63.7654
200 20 0.791 259.636 4925.2 64.8559
200 20 0.801 259.721 4932.61 65.7012
200 20 0.811 259.425 4925.25 66.9412
200 20 0.821 259.21 4926.02 67.8166
200 20 0.831 258.783 4928.55 70.9734
200 20 0.841 258.909 4930.65 69.8867
200 20 0.851 258.64 4931.37 70.8712
200 20 0.861 257.97 4919.21 71.6671
200 20 0.871 258.392 4931.66 73.9188
200 20 0.881 258.614 4939.25 74.2364
200 20 0.891 257.536 4918.56 74.469
200 20 0.901 258.122 4935.23 75.4761
200 20 0.911 257.297 4925.63 78.4999
200 20 0.921 257.592 4934.38 77.6386
200 20 0.931 257.3 4930.81 78.1238
200 20 0.941 255.991 4909.06 80.0676
200 20 0.951 256.83 4927.84 83.0347
200 20 0.961 256.026 4917.71 83.6716
200 20 0.971 255.855 4916.46 85.3017
200 20 0.981 255.693 4921.32 86.3626
200 20 0.991 255.477 4912.48 87.9966
200 20 1.001 255.459 4919.19 89.3904
200 20 1.011 255.57 4928.47 88.9014
200 20 1.021 255.592 4932.42 89.2558
200 20 1.031 254.611 4915.41 90.6139
200 20 1.041 254.541 4917.02 92.0227
200 20 1.051 254.279 4916.66 92.8036
200 20 1.061 253.45 4904.92 94.2043
200 20 1.071 253.561 4910.82 94.8102
200 20 1.081 253.481 4911.84 95.7548
200 20 1.091 253.396 4915.4 96.5649
200 20 1.101 252.81 4911.26 97.128
200 20 1.111 252.254 4902.26 97.9641
200 20 1.121 253.111 4918.85 99.4978
200 20 1.131 252.922 4923.99 101.733
200 20 1.141 252.112 4912.05 101.908
200 20 1.151 251.664 4907.83 102.083
200 20 1.161 252.049 4915.92 103.456
200 20 1.171 252.175 4923.71 104.307
200 20 1.181 252.126 4928.84 103.052
200 20 1.191 251.575 4923.02 102.686
200 20 1.201 251.159 4921.82 102.453
200 20 1.211 250.84 4913.41 103.333
200 20 1.221 250.684 4916.51 103.889
200 20 1.231 250.387 4917.75 103.888
200 20 1.241 250.765 4928.35 104.105
200 20 1.251 250.322 4923.52 104.814
200 20 1.261 250.713 4933.47 104.972
200 20 1.271 249.538 4915.49 105.569
200 20 1.281 249.562 4922.53 105.155
200 20 1.291 249.217 4918.4 105.822
200 20 1.301 249.307 4924.64 106.358
200 20 1.311 249.016 4924.93 106.27
200 20 1.321 249.366 4935.79 106.548
200 20 1.331 248.325 4918.93 106.743
200 20 1.341 248.128 4920.31 106.544
200 20 1.351 248.399 4929.11 107.605
200 20 1.361 247.829 4920.71 108.011
200 20 1.371 247.083 4912.97 107.373
200 20 1.381 246.807 4912.24 107.068
200 20 1.391 246.975 4920 107.529
200 20 1.401 246.387 4910.18 107.623
200 20 1.411 246.445 4917.27 107.72
200 20 1.421 246.147 4914.19 107.938
200 20 1.431 245.829 4913.3 109.164
200 20 1.441 245.436 4910.6 107.638
200 20 1.451 244.584 4899.65 108.037
200 20 1.461 244.663 4904.86 107.246
200 20 1.471 245.011 4912.1 107.992
200 20 1.481 244.037 4901.56 106.659
200 20 1.491 244.15 4905.94 108.331
200 20 1.501 243.877 4903.29 107.024
200 20 1.511 243.399 4899.43 107.602
200 20 1.521 242.913 4892.75 107.754
200 20 1.531 242.755 4895.5 107.933
200 20 1.541 242.296 4890.72 107.058
200 20 1.551 242.019 4888.41 106.982
200 20 1.561 241.626 4885.18 106.705
200 20 1.571 241.276 4882.54 105.611
200 20 1.581 241.08 4882.2 103.795
200 20 1.591 240.776 4880.07 102.146
200 20 1.601 240.011 4868.33 101.201
200 20 1.611 240.219 4874.99 100.996
200 20 1.621 239.64 4868.3 100.356
200 20 1.631 239.615 4869.74 100.065
200 20 1.641 239.213 4864.87 98.9505
200 20 1.651 238.523 4855.56 98.2934
200 20 1.661 238.48 4858.98 97.4385
200 20 1.671 238.118 4853.12 100.675
200 20 1.681 238.108 4854.96 98.7592
200 20 1.691 237.593 4849.29 95.9264
200 20 1.701 237.163 4846.18 94.9972
200 20 1.711 236.719 4840.11 94.3155
200 20 1.721 236.608 4840.11 94.0517
200 20 1.731 236.361 4837.08 93.2904
200 20 1.741 235.477 4824.83 92.1907
200 20 1.751 235.6 4828.53 92.0982
200 20 1.761 235.501 4831.18 91.303
200 20 1.771 235.044 4823.63 90.7195
200 20 1.781 234.727 4819.71 89.9921
200 20 1.791 233.764 4806.26 88.4699
200 20 1.801 233.47 4802.81 87.7674
200 20 1.811 233.611 4808.44 87.4625
200 20 1.821 232.658 4793.41 86.0014
200 20 1.831 232.895 4800.24 85.9655
200 20 1.841 232.309 4792.47 85.6294
200 20 1.851 231.837 4786.08 84.5663
200 20 1.861 231.368 4780.46 83.2389
200 20 1.871 230.807 4773.48 81.8336
200 20 1.881 230.472 4769.48 81.11
200 20 1.891 230.251 4767.76 80.5846
200 20 1.901 229.808 4761.39 79.702
200 20 1.911 229.162 4753.2 78.1404
200 20 1.921 228.515 4743.95 77.0836
200 20 1.931 228.115 4739.03 78.8019
200 20 1.941 227.577 4730.88 75.5108
200 20 1.951 227.424 4730.34 74.5949
200 20 1.961 227.002 4725.94 73.6477
200 20 1.971 226.209 4714.05 72.0787
200 20 1.981 225.894 4709.95 71.3733
200 20 1.991 225.303 4701.45 70.0811
200 30 0.001 200.216 6929.08 3.6954
200 30 0.011 203.714 6848.32 3.9501
200 30 0.021 207.335 6753.02 4.6048
200 30 0.031 210.767 6664.61 4.9132
200 30 0.041 213.41 6560.35 5.3681
200 30 0.051 217.847 6475.44 6.1633
200 30 0.061 220.357 6369.2 6.717
200 30 0.071 224.507 6289.77 7.4634
200 30 0.081 227.783 6204.9 7.9437
200 30 0.091 231.018 6121.07 8.6499
200 30 0.101 232.392 6018.23 9.3661
200 30 0.111 234.63 5945.6 9.8682
200 30 0.121 237.369 5877.56 10.62
200 30 0.131 238.64 5801.94 11.2263
200 30 0.141 240.607 5740.06 11.8921
200 30 0.151 243.03 5696.11 12.6109
200 30 0.161 244.705 5618.09 13.3234
200 30 0.171 246.331 5568.15 13.9778
200 30 0.181 247.733 5525.33 14.6409
200 30 0.191 248.552 5478.69 15.1037
200 30 0.201 248.019 5414.72 15.7824
200 30 0.211 248.986 5374.21 16.4258
200 30 0.221 249.886 5321.77 17.2415
200 30 0.231 250.097 5285.04 18.0039
200 30 0.241 252.227 5275.46 18.989
200 30 0.251 251.781 5233.3 19.6281
200 30 0.261 251.272 5184.82 20.2261
200 30 0.271 252.41 5169.86 20.869
200 30 0.281 253.901 5161.52 21.5225
200 30 0.291 252.495 5116.53 22.1398
200 30 0.301 253.534 5113.45 22.8203
200 30 0.311 254.153 5106.21 23.5807
200 30 0.321 253.486 5075.99 24.1559
200 30 0.331 252.955 5037.62 25.1191
200 30 0.341 252.935 5029.05 25.8921
200 30 0.351 253.576 5029.88 28.5733
200 30 0.361 252.814 5003.17 29.8098
200 30 0.371 252.613 4987.87 29.6751
200 30 0.381 252.946 4981.38 29.9733
200 30 0.391 252.953 4980.7 30.8859
200 30 0.401 252.831 4972.71 31.7169
200 30 0.411 253.657 4985.08 32.4956
200 30 0.421 252.822 4959.17 33.3088
200 30 0.431 252.085 4948.47 33.8476
200 30 0.441 251.636 4932.93 34.8691
200 30 0.451 251.562 4925.68 35.5951
200 30 0.461 252.483 4946.85 36.2917
200 30 0.471 251.123 4920.12 37.9971
200 30 0.481 250.92 4915.69 39.2961
200 30 0.491 251.003 4916.88 40.333
200 30 0.501 250.328 4910.19 41.1532
200 30 0.511 251.256 4927.02 41.8058
200 30 0.521 250.051 4904.06 42.7713
200 30 0.531 249.764 4898.45 43.7479
200 30 0.541 250.491 4920.84 44.9522
200 30 0.551 250.355 4917.64 45.7332
200 30 0.561 248.893 4890.95 46.4294
200 30 0.571 249.757 4913.76 47.5187
200 30 0.581 249.531 4907.06 46.9736
200 30 0.591 249.494 4909.49 48.9318
200 30 0.601 249.92 4927.2 50.039
200 30 0.611 248.496 4899.24 50.5188
200 30 0.621 248.999 4913.95 51.5381
200 30 0.631 248.352 4902.7 52.7886
200 30 0.641 248.78 4913.49 53.5723
200 30 0.651 247.631 4896.47 52.7434
200 30 0.661 247.809 4900.56 52.4247
200 30 0.671 248.264 4915.25 52.9436
200 30 0.681 247.962 4914.34 53.9794
200 30 0.691 247.388 4905.05 54.7266
200 30 0.701 247.118 4903.02 56.3869
200 30 0.711 247.195 4908.25 57.6385
200 30 0.721 246.598 4898.96 58.5181
200 30 0.731 246.234 4896.57 58.9229
200 30 0.741 246.719 4906.28 60.1838
200 30 0.751 245.981 4899.85 61.3708
200 30 0.761 245.983 4901.98 61.9837
200 30 0.771 246.408 4916.03 63.1821
200 30 0.781 245.893 4907.76 64.1471
200 30 0.791 245.483 4901.55 65.1483
200 30 0.801 246.125 4920.2 66.3417
200 30 0.811 244.999 4904.04 67.1156
200 30 0.821 244.311 4888.98 67.6641
200 30 0.831 244.478 4900.31 68.8081
200 30 0.841 244.812 4907.85 70.1408
200 30 0.851 244.167 4908.42 71.2523
200 30 0.861 244.621 4916.14 72.6901
200 30 0.871 244.357 4917.02 73.7209
200 30 0.881 243.406 4899.03 74.2029
200 30 0.891 243.762 4910.17 75.6503
200 30 0.901 243.451 4904.18 76.8398
200 30 0.911 243.133 4904.95 77.1993
200 30 0.921 243.036 4907.05 77.9639
200 30 0.931 242.878 4902.69 78.5425
200 30 0.941 243.425 4917.14 80.1912
200 30 0.951 242.581 4905.83 80.9601
200 30 0.961 241.658 4892.93 82.1701
200 30 0.971 241.54 4894.22 83.1136
200 30 0.981 241.658 4902.48 85.0549
200 30 0.991 241.743 4901.37 88.602
200 30 1.001 240.684 4887.81 90.0074
200 30 1.011 240.909 4896.8 89.9193
200 30 1.021 241.197 4903 91.0553
200 30 1.031 240.348 4889.94 92.4053
200 30 1.041 240.128 4890.27 93.0759
200 30 1.051 240.595 4902.14 94.2178
200 30 1.061 240.48 4907.56 95.8113
200 30 1.071 240.159 4900.19 96.0123
200 30 1.081 239.522 4894.4 96.5807
200 30 1.091 238.982 4884.95 97.601
200 30 1.101 239.735 4907.69 99.5073
200 30 1.111 239.338 4899.76 99.3862
200 30 1.121 239.597 4912.54 100.628
200 30 1.131 238.773 4900.68 100.706
200 30 1.141 238.767 4903.88 101.103
200 30 1.151 238.102 4891.24 104.099
200 30 1.161 238.399 4901.65 102.719
200 30 1.171 237.686 4893.19 102.696
200 30 1.181 237.506 4894.02 103.517
200 30 1.191 237.922 4906.36 105.651
200 30 1.201 237.187 4895.08 105.761
200 30 1.211 237.317 4903.26 105.581
200 30 1.221 237.2 4903.17 104.647
200 30 1.231 236.804 4902.93 105.074
200 30 1.241 236.72 4899.3 106.026
200 30 1.251 236.389 4901.71 105.62
200 30 1.261 236.718 4908.95 106.993
200 30 1.271 235.974 4898.35 106.291
200 30 1.281 235.893 4902.74 106.837
200 30 1.291 235.434 4899.1 108.091
200 30 1.301 235.279 4895.72 109.127
200 30 1.311 235.182 4900.07 107.742
200 30 1.321 234.888 4899.81 107.001
200 30 1.331 235.146 4907.07 107.492
200 30 1.341 234.588 4902.53 107.463
200 30 1.351 234.651 4906.24 107.588
200 30 1.361 233.908 4898.78 106.734
200 30 1.371 233.848 4899.15 108.881
200 30 1.381 233.456 4897.13 109.807
200 30 1.391 233.065 4893.67 109.563
200 30 1.401 232.654 4889.16 108.017
200 30 1.411 232.506 4888.03 107.502
200 30 1.421 232.458 4891.65 107.657
200 30 1.431 231.416 4876.95 106.247
200 30 1.441 231.858 4890.75 106.943
200 30 1.451 231.658 4887.94 106.978
200 30 1.461 231.344 4886.19 106.343
200 30 1.471 231.022 4883.86 106.378
200 30 1.481 231.055 4887.45 106.345
200 30 1.491 230.605 4883.48 106.67
200 30 1.501 229.941 4876.45 105.518
200 30 1.511 229.759 4872.6 106.837
200 30 1.521 230.045 4883.25 108.46
200 30 1.531 229.412 4874.51 108.311
200 30 1.541 229.133 4872.51 105.613
200 30 1.551 228.614 4866.7 105.068
200 30 1.561 228.316 4864.48 103.664
200 30 1.571 227.62 4856.17 102.422
200 30 1.581 227.427 4854.86 102.254
200 30 1.591 227.222 4852.96 101.735
200 30 1.601 226.988 4852.09 101.511
200 30 1.611 226.531 4845.75 100.527
200 30 1.621 226.397 4846.24 100.271
200 30 1.631 226.446 4849.43 100.232
200 30 1.641 225.461 4834.1 98.4889
200 30 1.651 225.824 4842.97 98.9697
200 30 1.661 225.112 4833.11 97.7296
200 30 1.671 225.145 4834.49 97.7155
200 30 1.681 224.873 4832.39 96.9806
200 30 1.691 224.528 4828.26 96.1956
200 30 1.701 224.552 4832.24 95.9792
200 30 1.711 223.487 4813.69 94.6631
200 30 1.721 223.556 4817.61 94.4051
200 30 1.731 223.145 4813.82 93.5078
200 30 1.741 222.811 4810.58 94.5927
200 30 1.751 222.73 4809.91 97.3982
200 30 1.761 221.937 4798.43 96.3139
200 30 1.771 221.898 4799.33 93.6321
200 30 1.781 221.382 4793.24 94.6543
200 30 1.791 221.598 4798.2 94.2735
200 30 1.801 220.98 4790.71 92.8228
200 30 1.811 220.549 4784.49 92.1811
200 30 1.821 220.194 4780.59 91.1999
200 30 1.831 219.677 4773.75 90.3662
200 30 1.841 219.181 4766.82 89.2337
200 30 1.851 219.075 4766.94 88.8624
200 30 1.861 218.705 4762.54 85.5371
200 30 1.871 218.157 4755.46 85.3165
200 30 1.881 217.888 4752.39 84.4645
200 30 1.891 217.581 4747.89 85.3819
200 30 1.901 216.791 4737.2 83.6231
200 30 1.911 216.391 4731.22 82.9472
200 30 1.921 216.089 4728.09 82.5534
200 30 1.931 215.919 4726.71 80.2621
200 30 1.941 215.452 4720.11 75.6842
200 30 1.951 214.835 4710.6 74.3872
200 30 1.961 214.33 4703.54 73.2271
200 30 1.971 213.82 4696.56 72.1719
200 30 1.981 213.567 4694.22 71.4786
200 30 1.991 212.902 4684.02 70.1674
200 40 0.001 200.237 6916.18 3.3483
200 40 0.011 203.793 6802.45 3.8465
200 40 0.021 208.203 6687.87 4.4802
200 40 0.031 211.742 6566.72 4.964
200 40 0.041 215.603 6446.39 5.637
200 40 0.051 219.4 6342.18 6.2383
200 40 0.061 222.687 6219.71 6.84
200 40 0.071 225.288 6131.97 7.4714
200 40 0.081 227.535 6017.99 8.0649
200 40 0.091 229.863 5924.48 8.7848
200 40 0.101 233.158 5854.62 9.4138
200 40 0.111 234.394 5760.77 10.1086
200 40 0.121 235.768 5668.36 10.787
200 40 0.131 236.613 5607.08 11.3684
200 40 0.141 238.889 5546.85 12.4787
200 40 0.151 238.859 5460.6 14.1892
200 40 0.161 240.589 5431.96 14.8279
200 40 0.171 240.262 5355.77 15.7145
200 40 0.181 241.897 5319.65 16.4557
200 40 0.191 242.616 5278.7 17.3197
200 40 0.201 243.072 5245.16 18.0445
200 40 0.211 242.877 5196.75 18.2497
200 40 0.221 242.777 5167.03 18.7737
200 40 0.231 242.64 5131.73 18.3975
200 40 0.241 242.84 5110.08 19.0477
200 40 0.251 242.721 5080.14 19.296
200 40 0.261 242.59 5058.89 21.2517
200 40 0.271 243.306 5061.19 23.3217
200 40 0.281 241.392 5009.48 24.2439
200 40 0.291 243.162 5029.2 24.6894
200 40 0.301 242.501 5002.64 25.2418
200 40 0.311 241.985 4984.08 25.5614
200 40 0.321 242.699 4995.19 24.6701
200 40 0.331 241.611 4965.7 25.1264
200 40 0.341 241.375 4956.31 25.8931
200 40 0.351 240.416 4928.51 26.6372
200 40 0.361 240.381 4932.28 27.4042
200 40 0.371 239.757 4918.29 28.0382
200 40 0.381 241.05 4943.08 29.0216
200 40 0.391 239.812 4922.26 29.7369
200 40 0.401 238.551 4895.18 30.4221
200 40 0.411 238.728 4906.48 31.2895
200 40 0.421 239.447 4921.2 32.1841
200 40 0.431 238.673 4901.11 32.9285
200 40 0.441 238.127 4898.63 33.6804
200 40 0.451 237.587 4884.56 34.4043
200 40 0.461 238.095 4899.64 35.325
200 40 0.471 237.791 4893.41 36.101
200 40 0.481 237.588 4899.7 37.2475
200 40 0.491 237.608 4902.04 37.9404
200 40 0.501 236.99 4895.34 38.5299
200 40 0.511 237.084 4896.66 39.7586
200 40 0.521 236.686 4894.88 43.0161
200 40 0.531 237.258 4910.58 44.1688
200 40 0.541 236.247 4894.75 44.8763
200 40 0.551 236.667 4906.61 45.0317
200 40 0.561 235.238 4881.94 45.7111
200 40 0.571 236.044 4900.4 46.5451
200 40 0.581 235.533 4890.52 45.9725
200 40 0.591 235.305 4890.68 61.8363
200 40 0.601 234.75 4888.91 54.6315
200 40 0.611 234.67 4887.42 58.5393
200 40 0.621 235.083 4902.15 50.1785
200 40 0.631 234.206 4886.71 50.4646
200 40 0.641 233.384 4872.05 51.4114
200 40 0.651 233.081 4870.71 52.3299
200 40 0.661 233.487 4882.75 71.9408
200 40 0.671 233.233 4880.57 59.4013
200 40 0.681 233.049 4883.58 55.4072
200 40 0.691 233.102 4886.62 56.3269
200 40 0.701 233.059 4890.18 57.2476
200 40 0.711 233.172 4897.13 58.1675
200 40 0.721 231.677 4869.64 73.7165
200 40 0.731 232.426 4889.95 60.5943
200 40 0.741 232.984 4903.81 61.2438
200 40 0.751 232.296 4896.87 62.0416
200 40 0.761 232.349 4894.71 63.0382
200 40 0.771 231.542 4880.67 63.8518
200 40 0.781 231.481 4887.05 64.4297
200 40 0.791 231.022 4883.73 65.1805
200 40 0.801 231.004 4885.37 66.3959
200 40 0.811 231.005 4887.58 67.2376
200 40 0.821 231.196 4894.76 68.5242
200 40 0.831 230.809 4893.12 68.9565
200 40 0.841 229.808 4876.3 70.0077
200 40 0.851 230.452 4890.75 71.411
200 40 0.861 230.501 4895.85 72.6974
200 40 0.871 230.127 4893.27 77.0171
200 40 0.881 229.384 4880.97 76.4616
200 40 0.891 228.993 4876.12 75.2469
200 40 0.901 229.361 4889.67 76.3389
200 40 0.911 229.179 4888.07 77.5985
200 40 0.921 229.17 4891.26 78.845
200 40 0.931 228.376 4876.78 79.8428
200 40 0.941 228.9 4893.98 80.6436
200 40 0.951 228.061 4880.13 81.5096
200 40 0.961 228.405 4890.91 83.1703
200 40 0.971 227.613 4880.65 85.829
200 40 0.981 227.879 4888.16 87.9974
200 40 0.991 227.476 4880.63 87.8368
200 40 1.001 227.414 4885.95 90.0439
200 40 1.011 226.621 4872.49 90.7425
200 40 1.021 226.781 4877.15 91.7785
200 40 1.031 226.593 4875.61 93.2452
200 40 1.041 226.115 4873.08 94.2879
200 40 1.051 225.457 4863.11 95.4573
200 40 1.061 225.929 4877.2 96.0922
200 40 1.071 225.848 4875.57 97.2464
200 40 1.081 225.566 4877.72 97.8098
200 40 1.091 225.192 4870.61 98.2461
200 40 1.101 224.994 4872.04 99.5579
200 40 1.111 225.094 4877.09 100.16
200 40 1.121 225.115 4879.69 100.806
200 40 1.131 224.662 4876.48 101.269
200 40 1.141 224.676 4880.03 102.159
200 40 1.151 224.302 4876.22 101.438
200 40 1.161 224.207 4876.76 102.099
200 40 1.171 223.674 4871.57 102.679
200 40 1.181 223.475 4872.28 103.095
200 40 1.191 223.835 4879.73 104.725
200 40 1.201 223.548 4879.45 105.435
200 40 1.211 223.114 4875.32 106.21
200 40 1.221 222.651 4870 106.928
200 40 1.231 222.592 4872.44 106.972
200 40 1.241 222.546 4872.77 106.385
200 40 1.251 222.698 4880.91 106.546
200 40 1.261 222.704 4885.5 106.619
200 40 1.271 222.393 4883.12 107.031
200 40 1.281 222.014 4881.15 108.346
200 40 1.291 221.74 4878 107.625
200 40 1.301 222.254 4891.25 107.727
200 40 1.311 222.028 4890.87 107.503
200 40 1.321 221.279 4879.09 107.611
200 40 1.331 220.712 4872.83 108.01
200 40 1.341 220.566 4873.07 108.384
200 40 1.351 220.567 4878.21 109.831
200 40 1.361 220.183 4874.86 108.855
200 40 1.371 220.419 4882.14 107.977
200 40 1.381 219.632 4870.94 107.459
200 40 1.391 219.673 4876.18 107.989
200 40 1.401 219.898 4881.83 108.352
200 40 1.411 219.342 4874.27 108.035
200 40 1.421 219.012 4871.6 107.884
200 40 1.431 219.216 4878.53 108.272
200 40 1.441 218.407 4869.33 107.654
200 40 1.451 218.109 4864.49 107.904
200 40 1.461 217.911 4865.2 107.494
200 40 1.471 217.809 4866.78 109.046
200 40 1.481 217.606 4866.32 108.366
200 40 1.491 217.009 4857.33 108.87
200 40 1.501 216.794 4859.41 108.302
200 40 1.511 216.551 4855.79 106.077
200 40 1.521 216.062 4849.31 105.476
200 40 1.531 215.712 4847.71 105.16
200 40 1.541 215.561 4846.78 104.644
200 40 1.551 215.256 4845.45 104.224
200 40 1.561 214.691 4838.44 103.809
200 40 1.571 214.429 4835.2 103.13
200 40 1.581 214.337 4838.02 105.173
200 40 1.591 213.801 4829.16 102.984
200 40 1.601 213.607 4830.08 102.85
200 40 1.611 213.6 4830.33 104.621
200 40 1.621 213.561 4831.35 104.425
200 40 1.631 213.112 4825.19 104.13
200 40 1.641 212.651 4818.99 103.288
200 40 1.651 212.308 4814.16 102.709
200 40 1.661 212.204 4815.32 102.419
200 40 1.671 212.452 4822.07 102.186
200 40 1.681 211.573 4807.69 100.911
200 40 1.691 211.56 4811.21 100.612
200 40 1.701 211.058 4804.21 96.1203
200 40 1.711 210.806 4801.63 95.2286
200 40 1.721 210.461 4796.8 94.485
200 40 1.731 209.85 4788.06 93.2161
200 40 1.741 209.744 4788.23 92.7967
200 40 1.751 209.659 4788.78 92.2729
200 40 1.761 209.325 4784.26 91.5373
200 40 1.771 208.851 4778.41 90.3652
200 40 1.781 208.904 4780.43 90.366
200 40 1.791 208.393 4773.18 89.3837
200 40 1.801 207.93 4766.92 88.4211
200 40 1.811 207.732 4764.88 87.7062
200 40 1.821 207.148 4755.84 86.8372
200 40 1.831 206.718 4750.52 85.7306
200 40 1.841 206.546 4751.28 84.6241
200 40 1.851 206.374 4748.28 84.3639
200 40 1.861 205.494 4734.99 82.4695
200 40 1.871 205.325 4734.1 81.9974
200 40 1.881 204.952 4729.34 81.1891
200 40 1.891 204.448 4721.59 80.0381
200 40 1.901 204.111 4717.38 78.9886
200 40 1.911 203.73 4712.28 77.9381
200 40 1.921 203.372 4708.05 77.2175
200 40 1.931 202.8 4698.01 76.1201
200 40 1.941 202.792 4699.84 75.5872
200 40 1.951 202.173 4690.18 74.3743
200 40 1.961 201.932 4687.41 73.647
200 40 1.971 201.384 4680.27 72.2307
200 40 1.981 200.989 4673.76 71.3881
200 40 1.991 200.538 4667.23 70.2409
300 10 0.001 300.213 10252.2 3.2658
300 10 0.011 302.142 10208.7 3.7734
300 10 0.021 304.809 10162 4.2583
300 10 0.031 307.706 10106.5 3.7913
300 10 0.041 310.085 10052.2 4.6778
300 10 0.051 313.615 9994.49 5.116
300 10 0.061 315.443 9941.35 5.726
300 10 0.071 318.174 9875.31 7.2909
300 10 0.081 321.182 9816.86 6.9371
300 10 0.091 324.593 9764.75 6.8075
300 10 0.101 327.856 9708.91 7.6599
300 10 0.111 331.301 9656.61 9.7005
300 10 0.121 334.057 9590.58 10.3711
300 10 0.131 335.793 9520.8 11.1827
300 10 0.141 337.889 9459.75 11.7544
300 10 0.151 342.614 9416.28 12.4061
300 10 0.161 344.321 9348.06 12.9473
300 10 0.171 346.634 9278.94 13.852
300 10 0.181 350.978 9231.96 13.2488
300 10 0.191 352.415 9163.66 13.7587
300 10 0.201 354.258 9119.43 14.365
300 10 0.211 357.086 9081.04 15.2667
300 10 0.221 359.534 9014.87 16.2795
300 10 0.231 360.639 8946.64 16.8908
300 10 0.241 363.59 8903.31 17.7713
300 10 0.251 369.174 8852.84 18.9565
300 10 0.261 368.321 8794.08 19.7495
300 10 0.271 369.511 8737.68 20.6252
300 10 0.281 373.439 8706.07 21.803
300 10 0.291 374.5 8654.93 22.5618
300 10 0.301 378.88 8623.51 23.8223
300 10 0.311 379.184 8566.69 26.4233
300 10 0.321 379.893 8513.59 27.5034
300 10 0.331 381.845 8462.94 28.4336
300 10 0.341 384.479 8433.36 29.8012
300 10 0.351 384.481 8392.43 30.6961
300 10 0.361 385.53 8347.98 30.5425
300 10 0.371 389.217 8318.29 31.2754
300 10 0.381 389.638 8259.08 32.4127
300 10 0.391 391.534 8237.8 33.3842
300 10 0.401 392.138 8187.08 34.6347
300 10 0.411 394.543 8166.82 35.7629
300 10 0.421 394.95 8110.77 37.1134
300 10 0.431 395.235 8085.49 37.8891
300 10 0.441 396.802 8045.03 39.2637
300 10 0.451 398.51 8028.8 40.3942
300 10 0.461 400.307 7991.35 41.8826
300 10 0.471 399.647 7937.05 43.0968
300 10 0.481 401.408 7923.48 44.4542
300 10 0.491 400.752 7895.01 44.9794
300 10 0.501 403.123 7866.94 46.6456
300 10 0.511 403.598 7838.33 48.0631
300 10 0.521 404.414 7813.08 49.2662
300 10 0.531 404.574 7771.81 52.3852
300 10 0.541 405.986 7766.97 52.6931
300 10 0.551 404.961 7714.83 53.4198
300 10 0.561 406.466 7709.85 55.0949
300 10 0.571 406.8 7682.52 56.1339
300 10 0.581 408.636 7679.67 59.7927
300 10 0.591 407.387 7631.27 60.9585
300 10 0.601 408.699 7622.52 62.5627
300 10 0.611 409 7608.74 63.3858
300 10 0.621 409.997 7588.81 64.8448
300 10 0.631 411.892 7603.13 66.5001
300 10 0.641 409.312 7547.63 67.9654
300 10 0.651 410.688 7540.26 69.7655
300 10 0.661 412.025 7554.18 71.1812
300 10 0.671 410.876 7505.86 70.6774
300 10 0.681 411.771 7507.73 71.397
300 10 0.691 410.475 7463.91 72.6842
300 10 0.701 410.93 7458.99 74.0445
300 10 0.711 413.142 7480.38 77.6016
300 10 0.721 410.166 7414.57 79.2564
300 10 0.731 410.488 7399.91 80.2821
300 10 0.741 412.198 7426.43 80.1074
300 10 0.751 411.261 7396.25 81.0452
300 10 0.761 412.542 7404.75 82.9093
300 10 0.771 411.811 7386.41 84.0208
300 10 0.781 412.291 7387.1 85.0973
300 10 0.791 412.023 7370.05 87.1736
300 10 0.801 412.303 7369.02 88.8165
300 10 0.811 411.263 7349.93 89.7039
300 10 0.821 412.983 7362.19 91.547
300 10 0.831 411.678 7334.29 92.8559
300 10 0.841 412.033 7338.07 94.6441
300 10 0.851 411.395 7321.64 95.6476
300 10 0.861 412.321 7341.94 96.8831
300 10 0.871 411.591 7318.36 99.1555
300 10 0.881 411.062 7306.77 100.574
300 10 0.891 411.295 7313.51 103.499
300 10 0.901 411.453 7307.14 105.875
300 10 0.911 409.633 7268.95 107.085
300 10 0.921 411.479 7303.01 108.946
300 10 0.931 411.079 7297.83 109.923
300 10 0.941 410.578 7286.09 111.916
300 10 0.951 409.959 7271.54 113.28
300 10 0.961 409.413 7265.14 115.113
300 10 0.971 410.191 7280.2 117.068
300 10 0.981 409.482 7267.1 118.877
300 10 0.991 408.909 7256.1 120.045
300 10 1.001 408.696 7259.98 121.355
300 10 1.011 408.255 7255.88 123.678
300 10 1.021 408.069 7245.14 126.179
300 10 1.031 408.849 7264.74 128.235
300 10 1.041 407.696 7243.93 130.449
300 10 1.051 406.723 7227.36 131.758
300 10 1.061 406.271 7224.14 133.282
300 10 1.071 406.782 7237.59 134.585
300 10 1.081 404.826 7203.23 136.005
300 10 1.091 405.823 7230.77 136.522
300 10 1.101 406.219 7238.4 138.339
300 10 1.111 405.364 7226.07 136.504
300 10 1.121 405.167 7226.79 137.518
300 10 1.131 405.035 7230.9 138.203
300 10 1.141 404.525 7229.47 139.145
300 10 1.151 403.701 7215.38 139.912
300 10 1.161 404.586 7238.24 140.527
300 10 1.171 403.399 7222.5 141.598
300 10 1.181 403.852 7236.79 142.397
300 10 1.191 402.904 7223.52 143.116
300 10 1.201 402.462 7220.32 143.67
300 10 1.211 402.78 7237.73 143.913
300 10 1.221 403.058 7250.31 145.586
300 10 1.231 402.642 7242.73 145.933
300 10 1.241 401.431 7229.55 146.874
300 10 1.251 401.695 7234.44 148.079
300 10 1.261 401.565 7239.82 147.896
300 10 1.271 401.447 7244.81 148.347
300 10 1.281 401.284 7247.79 148.544
300 10 1.291 400.151 7237.13 148.547
300 10 1.301 399.522 7228.71 149.383
300 10 1.311 400.026 7243.85 149.507
300 10 1.321 398.241 7219.71 149.749
300 10 1.331 399.641 7248.41 150.969
300 10 1.341 397.86 7225.18 150.741
300 10 1.351 398.451 7243.07 150.897
300 10 1.361 398.434 7250.8 151.499
300 10 1.371 397.556 7240.51 153.479
300 10 1.381 397.329 7242.84 153.903
300 10 1.391 397.566 7247.06 154.832
300 10 1.401 395.551 7223.65 154.06
300 10 1.411 395.539 7224.91 154.242
300 10 1.421 395.534 7234.27 153.263
300 10 1.431 394.569 7223.93 152.881
300 10 1.441 394.018 7219.38 152.663
300 10 1.451 393.389 7210.16 153.057
300 10 1.461 392.58 7201.4 153.144
300 10 1.471 393.102 7221.3 152.964
300 10 1.481 392.175 7209.58 152.526
300 10 1.491 391.946 7212.32 152.428
300 10 1.501 391.489 7209.16 152.477
300 10 1.511 390.086 7193.45 151.106
300 10 1.521 390.497 7202.22 152.34
300 10 1.531 389.614 7193.71 151.353
300 10 1.541 389.253 7191.46 151.111
300 10 1.551 389.099 7193.82 151.402
300 10 1.561 388.728 7191.77 150.93
300 10 1.571 387.242 7172.85 149.932
300 10 1.581 386.515 7168.64 148.886
300 10 1.591 386.79 7177.47 149.841
300 10 1.601 386.037 7167.76 151.233
300 10 1.611 386.386 7175.83 151.802
300 10 1.621 384.646 7154.1 146.334
300 10 1.631 385.167 7164.31 149.274
300 10 1.641 384.238 7152.2 148.69
300 10 1.651 383.278 7142.18 146.84
300 10 1.661 383.773 7152.63 147.512
300 10 1.671 382.798 7140.35 146.104
300 10 1.681 382.324 7137.51 145.725
300 10 1.691 382.026 7135.99 144.919
300 10 1.701 381.467 7128.95 144.217
300 10 1.711 380.609 7119.63 142.854
300 10 1.721 379.758 7108.19 141.701
300 10 1.731 379.96 7115.58 141.879
300 10 1.741 378.667 7096.77 140.275
300 10 1.751 378.236 7095.51 137.712
300 10 1.761 378.564 7103.91 134.837
300 10 1.771 377.583 7089.03 134.011
300 10 1.781 377.179 7087.6 137.4
300 10 1.791 375.704 7066.87 132.654
300 10 1.801 375.153 7061.61 133.518
300 10 1.811 375.226 7065.94 133.724
300 10 1.821 374.232 7051.35 132.075
300 10 1.831 373.564 7044.78 126.254
300 10 1.841 373.242 7041.86 125.334
300 10 1.851 372.338 7031.27 123.688
300 10 1.861 371.721 7024.46 122.447
300 10 1.871 371.089 7017.11 121.14
300 10 1.881 370.428 7009.02 120.061
300 10 1.891 369.624 6999.67 118.359
300 10 1.901 368.809 6988.3 117.046
300 10 1.911 368.633 6987.84 116.313
300 10 1.921 367.909 6979.59 114.721
300 10 1.931 367.078 6968.14 113.339
300 10 1.941 366.106 6957 110.861
300 10 1.951 365.376 6945.82 109.984
300 10 1.961 364.877 6939.62 108.674
300 10 1.971 364.049 6930.1 106.909
300 10 1.981 362.662 6909.86 108.291
300 10 1.991 362.134 6903.75 109.662
300 20 0.001 300.434 10238.6 3.0295
300 20 0.011 304.267 10154.2 3.6946
300 20 0.021 308.561 10054.3 3.8642
300 20 0.031 314.209 9954.14 4.7948
300 20 0.041 317.983 9844.37 5.127
300 20 0.051 324.241 9750.78 5.9348
300 20 0.061 330.059 9647.16 6.4217
300 20 0.071 333.411 9536.53 6.678
300 20 0.081 337.226 9431.69 7.5319
300 20 0.091 340.946 9314.81 8.3761
300 20 0.101 345.131 9233.61 8.5929
300 20 0.111 350.531 9128.42 9.2559
300 20 0.121 352.639 9028.9 10.3292
300 20 0.131 358.12 8956.08 11.5714
300 20 0.141 360.161 8836.56 12.5935
300 20 0.151 363.447 8772.79 13.5235
300 20 0.161 367.373 8684.51 15.1534
300 20 0.171 370.64 8599.17 16.2265
300 20 0.181 374.144 8525.78 17.2002
300 20 0.191 376.191 8446.36 18.2209
300 20 0.201 378.379 8356.43 19.168
300 20 0.211 382.213 8318.45 20.5442
300 20 0.221 382.659 8244.7 21.3501
300 20 0.231 384.323 8168.96 22.6297
300 20 0.241 388.234 8125.46 23.8673
300 20 0.251 389.438 8049.28 25.0501
300 20 0.261 390.75 7997.93 25.5079
300 20 0.271 392.309 7944.24 26.6024
300 20 0.281 395.306 7916.72 28.5785
300 20 0.291 396.778 7868.95 29.6672
300 20 0.301 396.225 7805.25 29.9483
300 20 0.311 397.702 7764.78 30.9889
300 20 0.321 397.972 7709.51 33.5244
300 20 0.331 399.031 7681.35 35.1543
300 20 0.341 400.51 7653.03 36.2424
300 20 0.351 402.657 7647.04 37.0192
300 20 0.361 400.18 7569.31 37.1159
300 20 0.371 402.8 7564.12 38.6435
300 20 0.381 402.009 7511.11 39.8187
300 20 0.391 400.951 7452.21 40.9051
300 20 0.401 403.516 7470.59 42.3345
300 20 0.411 404.284 7454.41 43.077
300 20 0.421 404.712 7432.88 44.582
300 20 0.431 404.78 7405.07 45.663
300 20 0.441 405.144 7399.9 46.7569
300 20 0.451 404.369 7360.73 47.7635
300 20 0.461 405.93 7378.45 49.2929
300 20 0.471 404.195 7312.62 50.4473
300 20 0.481 405.507 7324.31 51.4117
300 20 0.491 404.556 7296.59 52.7031
300 20 0.501 406.15 7311.99 54.0303
300 20 0.511 405.334 7282.69 55.3266
300 20 0.521 406.341 7297.69 56.5016
300 20 0.531 405.886 7284.79 59.2064
300 20 0.541 405.357 7258.31 60.9436
300 20 0.551 405.679 7264.07 61.9894
300 20 0.561 406.174 7262.91 61.9625
300 20 0.571 405.738 7252.48 63.0299
300 20 0.581 403.965 7214.49 64.3999
300 20 0.591 404.505 7222.33 65.4079
300 20 0.601 406.328 7250.84 66.9634
300 20 0.611 405.923 7243.44 67.8436
300 20 0.621 405.851 7242.14 69.0645
300 20 0.631 404.273 7214.77 70.0939
300 20 0.641 406.17 7247 71.6432
300 20 0.651 403.831 7203.64 72.2949
300 20 0.661 403.607 7205.39 73.5301
300 20 0.671 404.476 7226.21 74.8706
300 20 0.681 403.303 7201.11 75.8679
300 20 0.691 403.246 7200.6 77.4246
300 20 0.701 402.632 7191.9 78.2546
300 20 0.711 403.489 7209.74 79.8727
300 20 0.721 403.253 7209.63 81.3884
300 20 0.731 402.618 7198.8 82.4205
300 20 0.741 402.923 7209.27 83.8509
300 20 0.751 402.347 7202.58 84.8066
300 20 0.761 402.26 7206.15 86.1456
300 20 0.771 401.816 7199.77 86.9042
300 20 0.781 400.998 7194.67 88.2279
300 20 0.791 401.403 7196.31 89.6424
300 20 0.801 401.242 7205.55 91.0072
300 20 0.811 400.737 7203.01 92.2756
300 20 0.821 401.311 7220.23 93.6306
300 20 0.831 400.519 7206.78 94.5033
300 20 0.841 400.558 7218.12 96.1417
300 20 0.851 400.866 7224.98 97.8754
300 20 0.861 399.427 7207.42 98.9914
300 20 0.871 399.523 7206.91 101.214
300 20 0.881 398.757 7193.33 102.333
300 20 0.891 399.011 7210.82 103.815
300 20 0.901 398.166 7193.85 105.194
300 20 0.911 398.109 7204.45 106.74
300 20 0.921 398.263 7206.74 108.169
300 20 0.931 398.484 7223 109.633
300 20 0.941 396.873 7200.81 111.187
300 20 0.951 396.568 7192.38 113.178
300 20 0.961 396.983 7202.15 114.796
300 20 0.971 397.268 7222.31 116.66
300 20 0.981 396.484 7207.29 117.57
300 20 0.991 395.592 7197.95 119.606
300 20 1.001 394.416 7181.82 121.869
300 20 1.011 395.865 7217.53 124.378
300 20 1.021 394.64 7194.01 126.395
300 20 1.031 395.208 7215.41 127.705
300 20 1.041 394.66 7205.22 129.721
300 20 1.051 394.489 7208.44 131.044
300 20 1.061 393.74 7203.36 132.599
300 20 1.071 393.555 7205.85 133.684
300 20 1.081 393.391 7202.43 135.227
300 20 1.091 391.573 7176.76 135.886
300 20 1.101 392.751 7206.74 137.288
300 20 1.111 392.278 7200.76 139.273
300 20 1.121 391.392 7193.44 138.817
300 20 1.131 391.512 7202.66 140.577
300 20 1.141 390.907 7194.22 141.809
300 20 1.151 390.247 7191.44 142.184
300 20 1.161 389.98 7196.61 142.86
300 20 1.171 390.098 7204.34 143.446
300 20 1.181 390.498 7209.24 144.786
300 20 1.191 389.667 7203.17 145.04
300 20 1.201 389.645 7211.52 145.24
300 20 1.211 388.533 7197.23 146.154
300 20 1.221 389.451 7224.32 147.141
300 20 1.231 388.93 7214.76 147.897
300 20 1.241 388.167 7209.98 148.549
300 20 1.251 388.431 7217.6 149.464
300 20 1.261 387.207 7203.35 149.263
300 20 1.271 387.915 7226.5 149.441
300 20 1.281 387.067 7214.39 149.938
300 20 1.291 386.835 7214.69 151.074
300 20 1.301 385.804 7206.47 150.823
300 20 1.311 384.861 7190.93 150.982
300 20 1.321 386.166 7221.75 151.974
300 20 1.331 386.104 7226.86 152.266
300 20 1.341 384.456 7204.21 152.072
300 20 1.351 384.907 7219.57 152.726
300 20 1.361 384.779 7221.37 153.307
300 20 1.371 383.547 7209.77 152.264
300 20 1.381 383.447 7211.11 153.279
300 20 1.391 382.667 7205.73 152.773
300 20 1.401 382.264 7204.25 152.821
300 20 1.411 382.536 7217.14 153.164
300 20 1.421 381.519 7200.36 153.445
300 20 1.431 381.089 7198.6 153.649
300 20 1.441 381.093 7206.13 153.232
300 20 1.451 380.181 7195.22 153.339
300 20 1.461 380.422 7204.64 153.338
300 20 1.471 379.203 7185.93 153.433
300 20 1.481 378.666 7183.32 152.987
300 20 1.491 378.008 7178.19 152.799
300 20 1.501 377.529 7179.04 151.786
300 20 1.511 377.248 7177.92 151.758
300 20 1.521 376.845 7176.65 151.665
300 20 1.531 376.388 7174.19 151.106
300 20 1.541 375.769 7168.56 151.088
300 20 1.551 375.881 7175.93 150.818
300 20 1.561 374.885 7162.69 150.107
300 20 1.571 375.019 7168.78 150.567
300 20 1.581 373.717 7153.25 148.721
300 20 1.591 373.452 7153.73 148.61
300 20 1.601 372.695 7141.67 147.805
300 20 1.611 373.151 7155.03 147.423
300 20 1.621 371.685 7134.11 146.155
300 20 1.631 371.334 7131.89 145.429
300 20 1.641 371.29 7136.83 144.505
300 20 1.651 370.313 7124.56 147.386
300 20 1.661 370.67 7131.61 148.349
300 20 1.671 369.908 7121.3 147.727
300 20 1.681 369.083 7111.66 146.429
300 20 1.691 368.898 7113 144.919
300 20 1.701 367.889 7098.68 139.613
300 20 1.711 367.706 7098.33 138.907
300 20 1.721 367.549 7099.67 138.73
300 20 1.731 366.326 7083.63 136.535
300 20 1.741 365.861 7079.85 135.726
300 20 1.751 365.599 7080.24 134.69
300 20 1.761 364.956 7069.98 134.268
300 20 1.771 364.712 7072.23 132.626
300 20 1.781 363.92 7059.8 131.941
300 20 1.791 363.356 7054.03 131.214
300 20 1.801 362.811 7048.05 131.07
300 20 1.811 362.21 7042.29 129.433
300 20 1.821 361.861 7038.63 128.895
300 20 1.831 360.965 7027.56 127.375
300 20 1.841 360.086 7017.75 125.403
300 20 1.851 360.086 7020.82 124.945
300 20 1.861 359.025 7004.42 125.134
300 20 1.871 358.203 6994.21 126.749
300 20 1.881 358.011 6994.85 126.15
300 20 1.891 356.886 6977.85 124.441
300 20 1.901 356.278 6970.71 123.109
300 20 1.911 355.489 6960.32 121.599
300 20 1.921 354.793 6952.6 116.106
300 20 1.931 353.904 6941.03 112.313
300 20 1.941 353.786 6941.52 111.795
300 20 1.951 352.921 6928.71 110.352
300 20 1.961 352.012 6915.84 108.49
300 20 1.971 351.428 6909.46 107.165
300 20 1.981 350.571 6897.47 105.482
300 20 1.991 349.677 6884.58 103.743
300 30 0.001 300.312 10226.1 3.2776
300 30 0.011 306.623 10098 3.9541
300 30 0.021 312.028 9964.13 4.4298
300 30 0.031 318.941 9820.61 5.1792
300 30 0.041 323.984 9670.19 5.8228
300 30 0.051 330.01 9522.4 6.7328
300 30 0.061 336.634 9374.63 7.6209
300 30 0.071 341.299 9237.78 8.5198
300 30 0.081 347.374 9103.32 9.4029
300 30 0.091 351.888 8968.33 10.3645
300 30 0.101 354.797 8839.42 11.1475
300 30 0.111 359.441 8728.16 12.0386
300 30 0.121 362.196 8613.92 13.0002
300 30 0.131 367.857 8516.86 15.5205
300 30 0.141 369.298 8375.72 16.7082
300 30 0.151 373.947 8313.06 16.8504
300 30 0.161 375.444 8220.75 16.8529
300 30 0.171 379.367 8141.75 17.9292
300 30 0.181 381.184 8057.51 18.8408
300 30 0.191 383.137 7975.13 19.8005
300 30 0.201 385.26 7896.09 22.091
300 30 0.211 386.034 7844.95 23.0064
300 30 0.221 389.106 7798.67 23.6133
300 30 0.231 388.647 7713.8 24.5886
300 30 0.241 390.758 7677.89 25.7152
300 30 0.251 390.804 7607.53 26.7967
300 30 0.261 390.69 7557.47 27.6339
300 30 0.271 392.055 7530.36 28.6452
300 30 0.281 393.69 7510.19 29.5955
300 30 0.291 394.362 7475.95 31.136
300 30 0.301 394.529 7440.8 33.6126
300 30 0.311 394.916 7413.14 34.8342
300 30 0.321 395.072 7381.36 35.9414
300 30 0.331 395.758 7368.78 36.9658
300 30 0.341 396.212 7348.4 38.0714
300 30 0.351 395.339 7313.28 38.8191
300 30 0.361 396.622 7317.86 40.2873
300 30 0.371 395.561 7273.55 41.7107
300 30 0.381 396.987 7289.18 42.9077
300 30 0.391 394.837 7243.82 43.8554
300 30 0.401 394.882 7228.21 44.6815
300 30 0.411 395.834 7239.73 45.4858
300 30 0.421 395.481 7226.08 46.7565
300 30 0.431 394.556 7195.58 47.6972
300 30 0.441 394.533 7197.76 46.6071
300 30 0.451 395.092 7204.32 47.9018
300 30 0.461 393.56 7174.88 48.8808
300 30 0.471 393.17 7159.82 50.0767
300 30 0.481 394.387 7190.61 51.5786
300 30 0.491 394.264 7183.97 52.7968
300 30 0.501 395.162 7203.51 54.0729
300 30 0.511 393.825 7179.21 55.0828
300 30 0.521 393.704 7176.66 56.0145
300 30 0.531 394.279 7195.93 57.3839
300 30 0.541 393.937 7189.22 58.4473
300 30 0.551 393.513 7185.07 59.9734
300 30 0.561 392.633 7169.46 63.1983
300 30 0.571 391.355 7135.88 64.4613
300 30 0.581 393.074 7182.57 64.4191
300 30 0.591 391.132 7148.51 66.2392
300 30 0.601 392.456 7182.24 67.5491
300 30 0.611 391.984 7174.53 67.0299
300 30 0.621 390.83 7152.71 68.0784
300 30 0.631 389.303 7128.77 69.1086
300 30 0.641 389.968 7147.93 70.4285
300 30 0.651 390.933 7178.13 71.8027
300 30 0.661 391.41 7189.38 73.3801
300 30 0.671 390.62 7180.63 74.2499
300 30 0.681 390.324 7172.73 75.9208
300 30 0.691 390.782 7195 77.01
300 30 0.701 390.853 7204.14 78.2402
300 30 0.711 390.759 7202.26 79.7485
300 30 0.721 389.591 7180.71 80.8776
300 30 0.731 388.508 7166.15 82.1051
300 30 0.741 389.122 7187.49 83.4491
300 30 0.751 388.203 7179.69 84.5901
300 30 0.761 387.336 7167.02 85.9138
300 30 0.771 388.491 7191.19 87.549
300 30 0.781 387.877 7182.96 88.7182
300 30 0.791 387.542 7179.36 90.1886
300 30 0.801 386.637 7172.23 91.0319
300 30 0.811 386.753 7178.85 94.078
300 30 0.821 387.447 7193.85 97.0293
300 30 0.831 385.45 7168.45 97.7363
300 30 0.841 386.938 7205.54 99.6294
300 30 0.851 386.063 7189.56 101.715
300 30 0.861 385.444 7184.84 102.369
300 30 0.871 384.895 7180.16 102.905
300 30 0.881 384.403 7171.12 102.808
300 30 0.891 383.589 7160.97 103.504
300 30 0.901 385.472 7207.81 105.557
300 30 0.911 384.199 7178.75 107.126
300 30 0.921 383.779 7183.61 108.39
300 30 0.931 383.727 7191.3 109.756
300 30 0.941 383.863 7201.08 112.094
300 30 0.951 384.034 7200.62 113.203
300 30 0.961 382.923 7191.98 115.073
300 30 0.971 382.974 7199.62 119.895
300 30 0.981 381.314 7168.69 121.272
300 30 0.991 381.658 7184.49 122.039
300 30 1.001 382.401 7204.94 123.776
300 30 1.011 382.018 7203.5 126.044
300 30 1.021 379.967 7164.86 128.038
300 30 1.031 379.795 7171.74 129.783
300 30 1.041 380.041 7176.83 131.404
300 30 1.051 379.489 7170.01 133.255
300 30 1.061 379.158 7171.57 134.809
300 30 1.071 378.612 7169.15 135.901
300 30 1.081 379.138 7183.6 137.358
300 30 1.091 378.615 7176.23 138.465
300 30 1.101 378.492 7182.24 139.203
300 30 1.111 378.42 7188.65 141.21
300 30 1.121 377.797 7180.03 143.225
300 30 1.131 377.498 7181.56 143.301
300 30 1.141 376.346 7171.18 143.958
300 30 1.151 376.794 7186.8 144.935
300 30 1.161 376.229 7182.99 146.1
300 30 1.171 376.044 7180.13 146.721
300 30 1.181 376.567 7195.24 147.983
300 30 1.191 376.372 7194.8 147.815
300 30 1.201 375.248 7184.69 148.293
300 30 1.211 375.28 7185.32 148.216
300 30 1.221 375.77 7204.15 148.504
300 30 1.231 374.675 7185.02 149.293
300 30 1.241 374.745 7195.09 151.517
300 30 1.251 374.129 7189.41 149.607
300 30 1.261 374.728 7207.8 150.572
300 30 1.271 373.701 7193.57 150.997
300 30 1.281 373.514 7201.39 150.731
300 30 1.291 372.841 7193.55 150.938
300 30 1.301 372.012 7184.78 151.752
300 30 1.311 371.74 7180.96 152.942
300 30 1.321 372.003 7198.54 152.39
300 30 1.331 371.171 7187.38 152.491
300 30 1.341 371.479 7199.42 153.227
300 30 1.351 370.947 7193.27 155.454
300 30 1.361 370.378 7192.4 155.554
300 30 1.371 370.43 7194.22 156.242
300 30 1.381 369.142 7180.1 155.491
300 30 1.391 369.288 7187.66 155.375
300 30 1.401 369.092 7188.5 156.639
300 30 1.411 369.412 7199.62 157.147
300 30 1.421 367.857 7177.55 155.146
300 30 1.431 367.564 7179.23 154.577
300 30 1.441 367.007 7174.39 154.54
300 30 1.451 366.914 7182.13 154.198
300 30 1.461 366.413 7173.5 154.526
300 30 1.471 366.077 7173.06 154.619
300 30 1.481 365.579 7170.46 154.139
300 30 1.491 365.279 7170.92 153.639
300 30 1.501 364.696 7166.38 153.843
300 30 1.511 364.489 7169.47 153.389
300 30 1.521 363.451 7157.97 152.312
300 30 1.531 362.886 7151.9 151.838
300 30 1.541 362.128 7140.18 151.933
300 30 1.551 362.487 7151.49 151.963
300 30 1.561 361.459 7139.89 150.919
300 30 1.571 360.51 7128.45 149.704
300 30 1.581 360.14 7128.83 149.076
300 30 1.591 359.96 7127.32 149.204
300 30 1.601 359.917 7131.52 148.379
300 30 1.611 358.884 7114.77 147.968
300 30 1.621 358.46 7111.49 147.284
300 30 1.631 358.594 7117.58 147.026
300 30 1.641 357.449 7100.31 145.629
300 30 1.651 357.419 7103.62 145.179
300 30 1.661 356.951 7102.1 148.062
300 30 1.671 356.295 7092.51 145.393
300 30 1.681 355.72 7086.17 142.196
300 30 1.691 356.109 7095.03 142.615
300 30 1.701 355.049 7083.64 140.315
300 30 1.711 353.958 7065.24 139.291
300 30 1.721 353.854 7067.89 138.824
300 30 1.731 353.584 7067.89 138.213
300 30 1.741 353.218 7064.19 137.22
300 30 1.751 352.402 7055.63 135.45
300 30 1.761 352.478 7058.09 135.088
300 30 1.771 351.756 7049.01 133.947
300 30 1.781 351.194 7044.25 132.479
300 30 1.791 349.987 7024.53 130.908
300 30 1.801 349.716 7026.2 129.639
300 30 1.811 349.014 7018.3 128.242
300 30 1.821 348.588 7012.78 127.407
300 30 1.831 347.78 7001.48 126.019
300 30 1.841 347.028 6992.14 124.968
300 30 1.851 346.9 6992.45 124.263
300 30 1.861 346.467 6988.33 124.693
300 30 1.871 345.554 6975.99 125.503
300 30 1.881 344.781 6965.74 125.632
300 30 1.891 344.334 6960.62 124.565
300 30 1.901 343.64 6951.52 123.13
300 30 1.911 343.143 6946.12 118.94
300 30 1.921 342.24 6933.26 115.053
300 30 1.931 341.587 6924.88 113.049
300 30 1.941 340.797 6913.64 114.749
300 30 1.951 340.181 6907.46 115.839
300 30 1.961 339.491 6898.19 114.036
300 30 1.971 338.726 6887.01 110.2
300 30 1.981 338.395 6884.11 106.166
300 30 1.991 337.422 6870.81 103.945
300 40 0.001 300.303 10211.5 3.2892
300 40 0.011 307.419 10048.2 4.0559
300 40 0.021 314.484 9860.71 4.5947
300 40 0.031 320.556 9680.76 5.4571
300 40 0.041 329.002 9497.59 6.4671
300 40 0.051 334.27 9319.03 7.2909
300 40 0.061 342.968 9155.26 8.2607
300 40 0.071 347.587 8987.74 9.2116
300 40 0.081 352.856 8831 10.0571
300 40 0.091 355.858 8670.39 10.9555
300 40 0.101 359.637 8536.61 11.8868
300 40 0.111 364.214 8409.47 12.8629
300 40 0.121 368.274 8314.39 13.727
300 40 0.131 371.783 8207.53 14.6713
300 40 0.141 372.582 8076.61 15.7557
300 40 0.151 374.574 7989.37 16.5741
300 40 0.161 375.658 7887.04 18.2332
300 40 0.171 378.974 7823.84 19.9173
300 40 0.181 380.324 7754.99 20.8985
300 40 0.191 381.359 7685.52 21.6437
300 40 0.201 381.864 7625.81 22.8121
300 40 0.211 382.65 7568.63 23.6674
300 40 0.221 384.301 7524.56 25.1021
300 40 0.231 384.505 7491.74 25.873
300 40 0.241 385.301 7448.07 26.5755
300 40 0.251 384.603 7403.08 27.5006
300 40 0.261 386.432 7396.73 28.5216
300 40 0.271 385.949 7353.16 30.204
300 40 0.281 384.87 7312.27 31.1994
300 40 0.291 384.2 7272.88 31.0756
300 40 0.301 385.793 7289.06 32.0465
300 40 0.311 384.544 7244.34 34.0397
300 40 0.321 384.471 7233.08 34.6078
300 40 0.331 384.027 7220.4 35.0133
300 40 0.341 383.308 7182.37 36.0733
300 40 0.351 383.445 7193 37.2071
300 40 0.361 383.767 7190.14 38.3847
300 40 0.371 382.996 7171.27 39.1232
300 40 0.381 382.389 7159.51 40.4809
300 40 0.391 383.618 7181.4 41.7878
300 40 0.401 383.065 7170.66 42.7743
300 40 0.411 382.595 7154.95 45.865
300 40 0.421 382.087 7155.12 46.7136
300 40 0.431 380.602 7117.09 48.05
300 40 0.441 381.718 7154.51 47.9038
300 40 0.451 381.881 7157 48.9698
300 40 0.461 381.33 7153.24 49.8323
300 40 0.471 381.317 7155.97 50.8612
300 40 0.481 379.817 7128.1 52.1714
300 40 0.491 380.437 7144.16 53.2022
300 40 0.501 380.412 7148.24 54.7847
300 40 0.511 380.319 7147.49 55.8464
300 40 0.521 377.525 7099.02 56.7028
300 40 0.531 379.817 7153.08 58.2013
300 40 0.541 378.109 7121.12 59.3866
300 40 0.551 378.8 7140.74 60.6075
300 40 0.561 379.47 7159.85 62.006
300 40 0.571 377.786 7134.96 62.9116
300 40 0.581 377.7 7135.78 64.0334
300 40 0.591 378.093 7147.93 65.7803
300 40 0.601 376.304 7115.49 66.5846
300 40 0.611 376.511 7124.59 67.9617
300 40 0.621 376.234 7125.14 69.0429
300 40 0.631 377.078 7155.41 70.5785
300 40 0.641 376.72 7149.49 72.0092
300 40 0.651 376.919 7158.27 73.0714
300 40 0.661 376.594 7156.51 74.4688
300 40 0.671 375.718 7147.97 75.6498
300 40 0.681 376.18 7163.81 76.6845
300 40 0.691 375.019 7139.64 78.5966
300 40 0.701 374.733 7148.35 79.7093
300 40 0.711 375.252 7159.03 80.724
300 40 0.721 376.003 7176.96 82.4222
300 40 0.731 374.398 7158.89 83.3256
300 40 0.741 374.278 7164.94 84.9838
300 40 0.751 373.718 7150.72 87.1159
300 40 0.761 374.815 7179.45 89.6009
300 40 0.771 374.029 7168.39 90.9172
300 40 0.781 372.727 7148.31 92.0144
300 40 0.791 372.834 7151.62 93.9183
300 40 0.801 373.364 7166.53 95.2664
300 40 0.811 371.786 7147.36 95.0019
300 40 0.821 371.069 7138.38 94.6178
300 40 0.831 372.097 7160.53 98.4936
300 40 0.841 373.193 7190.42 101.029
300 40 0.851 372.137 7174.46 101.998
300 40 0.861 371.065 7157.83 101.56
300 40 0.871 371.925 7179.45 103.005
300 40 0.881 370.086 7152.65 103.843
300 40 0.891 371.721 7189.42 106.16
300 40 0.901 370.407 7166.56 108.275
300 40 0.911 370.484 7171.57 111.254
300 40 0.921 369.326 7160.73 112.496
300 40 0.931 368.791 7151.6 114.235
300 40 0.941 368.863 7160.08 113.407
300 40 0.951 369.158 7170.23 114.71
300 40 0.961 368.876 7170.99 117.341
300 40 0.971 369.153 7180.89 118.559
300 40 0.981 367.775 7158.97 121.009
300 40 0.991 368.07 7167.89 122.568
300 40 1.001 367.845 7172.37 124.256
300 40 1.011 368.9 7194.48 127.027
300 40 1.021 366.028 7149.11 128.123
300 40 1.031 365.78 7144.98 129.983
300 40 1.041 366.331 7163.46 131.732
300 40 1.051 365.452 7153.4 132.497
300 40 1.061 365.697 7160.96 133.834
300 40 1.071 364.863 7151.26 134.854
300 40 1.081 365.096 7163.69 136.243
300 40 1.091 365.079 7166.88 137.474
300 40 1.101 363.995 7149.35 140.343
300 40 1.111 364.247 7161.65 141.228
300 40 1.121 363.908 7168.8 141.688
300 40 1.131 362.615 7143.91 142.648
300 40 1.141 363.237 7158.9 144.012
300 40 1.151 362.369 7151.38 144.566
300 40 1.161 362.395 7154.74 145.693
300 40 1.171 362.517 7162.05 146.697
300 40 1.181 362.718 7176.37 147.269
300 40 1.191 362.199 7169.56 148.073
300 40 1.201 362.273 7177.4 148.832
300 40 1.211 361.984 7176.41 149.961
300 40 1.221 361.799 7181.06 150.545
300 40 1.231 360.645 7167.1 150.156
300 40 1.241 360.829 7175.86 151.632
300 40 1.251 360.452 7170.8 152.756
300 40 1.261 358.915 7152.76 152.716
300 40 1.271 360.231 7179.49 153.65
300 40 1.281 359.241 7169.24 151.948
300 40 1.291 359.391 7178.12 152.247
300 40 1.301 358.321 7161.1 153.273
300 40 1.311 358.005 7163.89 154.54
300 40 1.321 358.462 7176.8 154.206
300 40 1.331 357.974 7170.89 155.005
300 40 1.341 357.621 7172.44 155.016
300 40 1.351 357.264 7167.54 155.899
300 40 1.361 355.927 7158.89 155.53
300 40 1.371 357.099 7181.47 157.092
300 40 1.381 355.942 7167.24 155.287
300 40 1.391 356.035 7169.81 155.419
300 40 1.401 355.45 7168.03 155.693
300 40 1.411 354.369 7152.95 155.489
300 40 1.421 353.99 7152.81 155.367
300 40 1.431 354.027 7153.98 156.674
300 40 1.441 354.004 7161.27 156.083
300 40 1.451 353.606 7156.42 156.565
300 40 1.461 352.197 7139.49 156.933
300 40 1.471 352.788 7155.48 157.026
300 40 1.481 351.234 7135 153.96
300 40 1.491 351.942 7153.48 154.21
300 40 1.501 350.435 7130.24 153.49
300 40 1.511 350.017 7126.62 153.413
300 40 1.521 350.202 7133.8 153.557
300 40 1.531 350.41 7143.93 153.452
300 40 1.541 348.593 7115.99 151.968
300 40 1.551 348.773 7123.93 152.305
300 40 1.561 348.452 7125.4 151.329
300 40 1.571 347.283 7108.92 150.5
300 40 1.581 347.228 7110.4 151.023
300 40 1.591 346.848 7108.02 149.582
300 40 1.601 345.916 7098.11 148.395
300 40 1.611 345.837 7098.77 148.182
300 40 1.621 346.123 7107.51 148.178
300 40 1.631 344.938 7089.95 147.074
300 40 1.641 345.006 7096.1 150.201
300 40 1.651 343.89 7079.06 149.276
300 40 1.661 343.799 7079.33 148.934
300 40 1.671 343.385 7075.41 148.062
300 40 1.681 342.797 7069.69 146.835
300 40 1.691 342.769 7073.28 146.662
300 40 1.701 342.377 7068.6 142.383
300 40 1.711 341.762 7060.05 141.599
300 40 1.721 341.363 7057.06 142.196
300 40 1.731 340.655 7047.7 143.43
300 40 1.741 339.984 7039.91 141.904
300 40 1.751 339.895 7041.08 139.474
300 40 1.761 338.863 7027.87 134.741
300 40 1.771 338.488 7024.04 133.744
300 40 1.781 337.815 7015.63 132.748
300 40 1.791 337.244 7008.8 131.66
300 40 1.801 336.63 7001.72 136.046
300 40 1.811 336.023 6994.17 135.33
300 40 1.821 335.95 6995.89 134.339
300 40 1.831 335.427 6989.36 133.468
300 40 1.841 334.822 6981.97 129.349
300 40 1.851 334.276 6975.54 124.567
300 40 1.861 333.488 6964.15 123.373
300 40 1.871 333.022 6959.73 122.108
300 40 1.881 332.606 6953.79 121.026
300 40 1.891 331.165 6934.36 118.353
300 40 1.901 330.921 6931.91 117.518
300 40 1.911 330.298 6921.77 116.427
300 40 1.921 329.66 6916.14 114.752
300 40 1.931 328.885 6905.16 113.028
300 40 1.941 328.716 6903.91 112.148
300 40 1.951 327.682 6888.91 110.253
300 40 1.961 326.782 6875.56 108.429
300 40 1.971 326.221 6868.1 111.649
300 40 1.981 325.596 6860.28 108.897
300 40 1.991 324.986 6852.55 104.103
400 10 0.001 400.253 13549.7 3.46
400 10 0.011 403.982 13492.2 3.911
400 10 0.021 406.169 13427.8 4.4486
400 10 0.031 410.022 13352.9 5.0789
400 10 0.041 414.577 13286.1 5.7101
400 10 0.051 417.955 13214.4 6.3293
400 10 0.061 421.622 13133.5 7.2621
400 10 0.071 427.856 13068.6 8.0563
400 10 0.081 430.331 12979.3 8.6864
400 10 0.091 433.659 12903.6 9.405
400 10 0.101 438.193 12807 10.2119
400 10 0.111 440.896 12737.4 10.5437
400 10 0.121 446.314 12670.7 11.3675
400 10 0.131 448.594 12576.4 12.9346
400 10 0.141 453.963 12504.1 13.8473
400 10 0.151 458.188 12423.8 14.5286
400 10 0.161 458.902 12351.2 15.5765
400 10 0.171 463.725 12276.5 16.528
400 10 0.181 467.166 12186 17.717
400 10 0.191 474.169 12133 18.7416
400 10 0.201 474.687 12057.3 19.4981
400 10 0.211 478.376 11963.2 20.5401
400 10 0.221 481.569 11914.1 21.6691
400 10 0.231 485.118 11829.9 22.7106
400 10 0.241 485.177 11750.9 22.9829
400 10 0.251 491.446 11691.3 23.697
400 10 0.261 492.807 11615.9 24.6962
400 10 0.271 497.547 11568.7 26.12
400 10 0.281 498.091 11475.4 27.2822
400 10 0.291 501.981 11416 28.8144
400 10 0.301 504.204 11365 30.8792
400 10 0.311 507.054 11295.8 31.6611
400 10 0.321 509.265 11234.3 32.8034
400 10 0.331 512.256 11181.1 34.1695
400 10 0.341 513.42 11119.7 35.298
400 10 0.351 513.9 11026.5 36.6384
400 10 0.361 516.834 10990.8 38.0504
400 10 0.371 519.484 10951.4 39.4139
400 10 0.381 524.101 10914.9 41.2436
400 10 0.391 521.621 10829.2 41.9756
400 10 0.401 525.972 10820 43.8299
400 10 0.411 528.981 10773.2 45.7555
400 10 0.421 529.563 10715.1 47.3457
400 10 0.431 534.404 10704.8 48.2268
400 10 0.441 531.602 10602 49.0004
400 10 0.451 533.292 10561 50.4312
400 10 0.461 535.797 10534.4 52.2078
400 10 0.471 535.047 10476.9 53.6378
400 10 0.481 537.52 10434.4 55.4865
400 10 0.491 538.994 10398.5 56.9865
400 10 0.501 536.484 10319.2 58.2892
400 10 0.511 539.443 10310.4 60.0795
400 10 0.521 542.089 10295.5 62.1143
400 10 0.531 543.307 10267 63.7741
400 10 0.541 542.246 10219 65.1229
400 10 0.551 543.861 10182.1 67.1269
400 10 0.561 545.104 10159.7 68.6338
400 10 0.571 545.249 10121.1 70.5531
400 10 0.581 547.134 10117.8 71.8962
400 10 0.591 548.517 10093.7 73.7311
400 10 0.601 547.21 10033.4 75.0444
400 10 0.611 550.175 10044.1 77.3646
400 10 0.621 547.67 9984.49 78.5883
400 10 0.631 550.652 9988.78 80.8996
400 10 0.641 550.008 9953.22 82.0363
400 10 0.651 549.253 9918.47 83.7288
400 10 0.661 550.367 9895.68 86.4479
400 10 0.671 552.471 9901.21 90.4219
400 10 0.681 551.901 9883.12 91.8493
400 10 0.691 550.57 9833.08 94.0511
400 10 0.701 553.633 9853.36 95.9442
400 10 0.711 552.343 9814.05 97.6128
400 10 0.721 552.235 9790.14 96.0331
400 10 0.731 550.696 9753.09 97.4174
400 10 0.741 551.251 9740.65 98.998
400 10 0.751 552.685 9753.77 100.596
400 10 0.761 551.286 9719.21 102.183
400 10 0.771 552.369 9722.13 104.574
400 10 0.781 553.6 9730.9 106.588
400 10 0.791 553.177 9704.15 108.615
400 10 0.801 553.173 9697.28 110.433
400 10 0.811 551.353 9654.17 111.442
400 10 0.821 551.743 9652.31 114.194
400 10 0.831 553.99 9690.42 115.577
400 10 0.841 553.715 9677.83 117.309
400 10 0.851 552.787 9649.84 119.549
400 10 0.861 552.634 9638.08 121.495
400 10 0.871 550.85 9596.95 125.89
400 10 0.881 551.189 9610.8 127.97
400 10 0.891 550.942 9602.55 131.648
400 10 0.901 551.686 9611.42 132.857
400 10 0.911 552.032 9617.17 133.552
400 10 0.921 552.133 9612.21 135.409
400 10 0.931 550.534 9583.22 136.483
400 10 0.941 549.228 9564.73 138.754
400 10 0.951 550.329 9581.53 141.053
400 10 0.961 549.629 9563.4 143.852
400 10 0.971 548.177 9534.57 147.285
400 10 0.981 550.182 9566.17 150.273
400 10 0.991 548.488 9546.53 151.071
400 10 1.001 549.475 9565.26 153.963
400 10 1.011 549.561 9570.54 157.033
400 10 1.021 546.97 9526.69 160.214
400 10 1.031 546.797 9520.96 163.738
400 10 1.041 546.824 9531.64 165.539
400 10 1.051 547.285 9534 168.483
400 10 1.061 545.958 9517.79 169.96
400 10 1.071 545.858 9524.91 170.035
400 10 1.081 545.357 9515.96 172.826
400 10 1.091 543.554 9489.12 174.589
400 10 1.101 544.812 9518.83 175.358
400 10 1.111 545.05 9527.6 177.216
400 10 1.121 543.415 9504.48 178.49
400 10 1.131 542.656 9497.27 179.423
400 10 1.141 543.16 9514.12 180.807
400 10 1.151 542.427 9508.97 181.646
400 10 1.161 541.838 9503.5 183.246
400 10 1.171 543.331 9535.83 184.547
400 10 1.181 541.819 9520.55 184.875
400 10 1.191 541.337 9516.85 185.958
400 10 1.201 541.087 9525.26 186.532
400 10 1.211 540.065 9507.51 187.279
400 10 1.221 541.239 9540.52 187.652
400 10 1.231 540.172 9532.69 188.145
400 10 1.241 538.967 9516.53 189.002
400 10 1.251 539.674 9532.49 190.737
400 10 1.261 538.87 9525.02 192.952
400 10 1.271 538.905 9542.2 193.561
400 10 1.281 538.306 9535.9 192.137
400 10 1.291 537.495 9530.06 191.523
400 10 1.301 537.413 9535.36 192.391
400 10 1.311 537.541 9542.95 193.935
400 10 1.321 536.474 9535.91 193.509
400 10 1.331 535.061 9518.2 193.932
400 10 1.341 532.913 9493.95 193.129
400 10 1.351 534.561 9526.49 194.554
400 10 1.361 534.124 9528.23 195.172
400 10 1.371 533.499 9518.72 196.243
400 10 1.381 532.642 9517.15 195.641
400 10 1.391 532.84 9532.57 196.687
400 10 1.401 531.541 9516.6 196.634
400 10 1.411 531.046 9511.47 197.434
400 10 1.421 531.28 9529.01 197.482
400 10 1.431 530.984 9527.98 198.149
400 10 1.441 529.559 9513.05 197.462
400 10 1.451 527.792 9485.65 196.954
400 10 1.461 527.325 9490.65 196.783
400 10 1.471 527.858 9505.65 197.578
400 10 1.481 527.437 9507.34 199.369
400 10 1.491 525.773 9485.05 200.659
400 10 1.501 525.953 9491.61 201.513
400 10 1.511 524.817 9480.83 199.553
400 10 1.521 524.324 9482.18 197.693
400 10 1.531 524.118 9488.05 196.733
400 10 1.541 522.889 9472.14 197.047
400 10 1.551 521.691 9460.47 196.317
400 10 1.561 521.365 9457.62 199.316
400 10 1.571 521.225 9466.4 196.511
400 10 1.581 520.422 9461.35 195.552
400 10 1.591 518.363 9435.74 194.523
400 10 1.601 518.523 9439.57 197.602
400 10 1.611 517.407 9426.97 196.304
400 10 1.621 517.195 9429.2 193.995
400 10 1.631 517.264 9430.48 196.143
400 10 1.641 515.722 9412.71 190.185
400 10 1.651 516.295 9426.95 189.823
400 10 1.661 514.7 9402.65 188.536
400 10 1.671 514.453 9403.79 188.072
400 10 1.681 513.821 9402.8 186.217
400 10 1.691 512.358 9383.62 184.566
400 10 1.701 511.626 9376.68 183.098
400 10 1.711 512.132 9390.26 183.689
400 10 1.721 510.823 9371.2 182.139
400 10 1.731 509.789 9359.47 180.24
400 10 1.741 509.367 9355.7 179.906
400 10 1.751 508.918 9357.09 178.137
400 10 1.761 507.324 9334.66 176.289
400 10 1.771 507.051 9333.76 175.409
400 10 1.781 506.303 9323.73 178.929
400 10 1.791 505.743 9318.53 179.342
400 10 1.801 504.71 9309.92 172.112
400 10 1.811 503.775 9296.77 170.893
400 10 1.821 502.322 9278.82 168.163
400 10 1.831 502.336 9285.7 167.652
400 10 1.841 501.856 9279.97 166.797
400 10 1.851 500.428 9261.1 164.545
400 10 1.861 499.268 9246.97 162.526
400 10 1.871 498.116 9231.68 160.523
400 10 1.881 497.637 9227.97 159.394
400 10 1.891 496.28 9211.36 156.9
400 10 1.901 495.282 9198.67 154.987
400 10 1.911 495.099 9197.78 154.605
400 10 1.921 494.038 9184.58 152.424
400 10 1.931 493.056 9173.75 150.327
400 10 1.941 491.575 9151.59 147.975
400 10 1.951 490.747 9142.63 146.148
400 10 1.961 490.107 9135.91 144.706
400 10 1.971 488.336 9111.94 148.498
400 10 1.981 487.662 9102.18 148.008
400 10 1.991 486.478 9086.96 139.862
400 20 0.001 400.349 13535 2.4924
400 20 0.011 407.162 13421.8 3.2068
400 20 0.021 412.971 13286.5 3.9137
400 20 0.031 418.807 13153.1 4.6886
400 20 0.041 425.036 13006.3 5.4499
400 20 0.051 432.785 12865.3 6.2807
400 20 0.061 440.159 12731.4 7.1301
400 20 0.071 445.138 12583.8 8.0853
400 20 0.081 453.505 12463.3 8.987
400 20 0.091 456.648 12318.3 9.8882
400 20 0.101 465.148 12184.4 11.1843
400 20 0.111 470.255 12051.5 12.1389
400 20 0.121 473.415 11903 13.2371
400 20 0.131 480.14 11799.6 14.5629
400 20 0.141 486.605 11690.2 15.9131
400 20 0.151 490.266 11581.3 16.6053
400 20 0.161 493.765 11443.6 18.0465
400 20 0.171 497.283 11332.2 19.0195
400 20 0.181 500.797 11229.2 20.1934
400 20 0.191 506.421 11142.1 21.6138
400 20 0.201 507.803 11035.2 22.8287
400 20 0.211 511.446 10944.9 24.316
400 20 0.221 512.886 10825.2 25.7809
400 20 0.231 517.456 10757.6 27.0064
400 20 0.241 517.517 10645.8 28.1355
400 20 0.251 522.469 10600.9 29.7587
400 20 0.261 524.748 10511 30.9337
400 20 0.271 525.456 10432.5 32.5566
400 20 0.281 531.818 10410 35.3835
400 20 0.291 533.298 10343.4 37.1118
400 20 0.301 535.225 10279 38.5223
400 20 0.311 533.034 10189.9 39.7742
400 20 0.321 536.644 10160.4 41.119
400 20 0.331 540.574 10130.3 42.8628
400 20 0.341 540.416 10064.3 44.3839
400 20 0.351 539.979 10003.5 45.6593
400 20 0.361 539.773 9951.16 47.1302
400 20 0.371 542.377 9934.24 48.8075
400 20 0.381 543.274 9880.79 49.6755
400 20 0.391 542.262 9828.98 50.4382
400 20 0.401 545.327 9836.71 51.2637
400 20 0.411 545.468 9798.8 53.8745
400 20 0.421 546.15 9773.48 54.8496
400 20 0.431 545.483 9726.35 56.2586
400 20 0.441 546.28 9709.35 57.683
400 20 0.451 546.33 9684.91 59.3213
400 20 0.461 547.492 9673.26 61.1665
400 20 0.471 548.244 9672.05 62.8024
400 20 0.481 548.305 9635.86 64.0875
400 20 0.491 548.317 9628.61 65.5129
400 20 0.501 548.008 9610.48 66.8544
400 20 0.511 548.101 9588.64 68.7422
400 20 0.521 546.471 9540.42 70.0151
400 20 0.531 547.559 9563.39 71.3843
400 20 0.541 546.743 9528.18 73.1418
400 20 0.551 548.219 9541.72 74.6508
400 20 0.561 547.925 9542.33 75.87
400 20 0.571 549.332 9558.92 77.5733
400 20 0.581 546.961 9511.48 81.9267
400 20 0.591 547.236 9507.08 83.0728
400 20 0.601 546.795 9492.01 84.4781
400 20 0.611 548.558 9528.08 85.3139
400 20 0.621 547.543 9500.65 88.5105
400 20 0.631 545.464 9457.03 87.9746
400 20 0.641 546.51 9482.62 88.7816
400 20 0.651 546.923 9493.7 92.8953
400 20 0.661 548.046 9513.17 95.3511
400 20 0.671 545.983 9473.76 95.2135
400 20 0.681 545.957 9477.58 95.1728
400 20 0.691 546.769 9501.91 96.615
400 20 0.701 544.785 9462.58 97.8706
400 20 0.711 545.638 9480.83 99.8226
400 20 0.721 544.933 9482.65 101.61
400 20 0.731 544.703 9478.83 103.299
400 20 0.741 542.677 9439.07 104.502
400 20 0.751 544.424 9479.89 106.497
400 20 0.761 542.102 9431.35 108.35
400 20 0.771 543.238 9468.45 109.887
400 20 0.781 541.98 9452.4 111.174
400 20 0.791 543.572 9484.96 113.65
400 20 0.801 543.977 9499.2 115.123
400 20 0.811 543.555 9504.96 116.829
400 20 0.821 542.261 9480.49 118.703
400 20 0.831 542.561 9488.64 121.07
400 20 0.841 542.398 9502.45 122.573
400 20 0.851 540.083 9462.67 124.027
400 20 0.861 540.402 9469.32 126.521
400 20 0.871 540.585 9482.76 127.782
400 20 0.881 541.08 9504.37 129.838
400 20 0.891 539.678 9482.71 131.361
400 20 0.901 539.796 9498.88 133.389
400 20 0.911 538.285 9465.53 134.867
400 20 0.921 538.977 9483.25 137.794
400 20 0.931 537.307 9463.88 139.638
400 20 0.941 537.444 9468.29 141.439
400 20 0.951 538.351 9500.09 143.906
400 20 0.961 535.861 9461.43 145.378
400 20 0.971 536.736 9477.11 147.817
400 20 0.981 536.409 9482.9 149.709
400 20 0.991 536.082 9491.01 151.819
400 20 1.001 535.392 9481.61 154.43
400 20 1.011 534.784 9472.81 157.589
400 20 1.021 532.781 9444.87 160.068
400 20 1.031 532.654 9445.35 162.708
400 20 1.041 531.757 9437.75 165.407
400 20 1.051 532.068 9453.55 167.459
400 20 1.061 532.437 9464.96 169.123
400 20 1.071 533.317 9496.36 171.345
400 20 1.081 532.626 9487.74 173.187
400 20 1.091 530.355 9453.41 174.334
400 20 1.101 530.943 9475.64 175.743
400 20 1.111 530.796 9470.52 178.167
400 20 1.121 528.257 9443.25 177.983
400 20 1.131 529.452 9468.06 180.449
400 20 1.141 530.351 9488.72 182.06
400 20 1.151 530.51 9512.97 182.224
400 20 1.161 528.545 9470.23 184.094
400 20 1.171 529.616 9509.18 184.869
400 20 1.181 527.816 9483.19 186.334
400 20 1.191 528.221 9499.67 188.763
400 20 1.201 527.237 9488.57 189.755
400 20 1.211 528.205 9517.13 189.442
400 20 1.221 527.533 9508.49 191.588
400 20 1.231 526.465 9503.32 192.226
400 20 1.241 526.505 9509.85 193.085
400 20 1.251 526.068 9513.53 193.271
400 20 1.261 525.439 9507.66 194.377
400 20 1.271 524.609 9498.13 195.65
400 20 1.281 524.389 9500.77 196.197
400 20 1.291 524.104 9508.96 195.546
400 20 1.301 523.438 9505.22 197.364
400 20 1.311 523.259 9507.44 197.237
400 20 1.321 522.858 9515.03 195.304
400 20 1.331 521.469 9498.46 196.117
400 20 1.341 522.808 9530.84 197.241
400 20 1.351 521.111 9502.69 197.627
400 20 1.361 521.279 9520.62 197.746
400 20 1.371 519.098 9488.19 197.852
400 20 1.381 519.209 9494.64 198.993
400 20 1.391 518.67 9499.6 197.827
400 20 1.401 517.185 9474.7 198.588
400 20 1.411 518.408 9504.33 199.516
400 20 1.421 516.678 9484.66 199.345
400 20 1.431 517.205 9504.06 198.961
400 20 1.441 515.446 9484.99 198.135
400 20 1.451 516.227 9501.63 199.556
400 20 1.461 515.515 9494.13 200.146
400 20 1.471 514.97 9491.77 200.364
400 20 1.481 513.093 9467.42 202.345
400 20 1.491 513.769 9485.71 201.515
400 20 1.501 512.274 9471.64 200.33
400 20 1.511 511.161 9458.72 201.734
400 20 1.521 511.109 9467.07 201.175
400 20 1.531 510.484 9462.31 199.145
400 20 1.541 509.575 9451.23 198.148
400 20 1.551 510.352 9469.64 198.839
400 20 1.561 507.553 9432.44 195.765
400 20 1.571 507.349 9431.32 196.84
400 20 1.581 506.57 9426.73 195.498
400 20 1.591 505.471 9416.91 194.292
400 20 1.601 505.153 9413.74 193.716
400 20 1.611 505.296 9420.16 193.666
400 20 1.621 504.848 9420.46 197.228
400 20 1.631 503.114 9393.69 196.056
400 20 1.641 503.215 9405.55 190.896
400 20 1.651 501.799 9384.12 188.2
400 20 1.661 501.528 9385.31 188.543
400 20 1.671 501.443 9387.19 192.976
400 20 1.681 500.099 9371.2 191.998
400 20 1.691 499.5 9368.65 190.448
400 20 1.701 498.781 9358.63 189.298
400 20 1.711 498.626 9361.2 188.877
400 20 1.721 497.368 9342.98 187.366
400 20 1.731 497.054 9345.45 186.795
400 20 1.741 496.206 9333.51 180.928
400 20 1.751 495.904 9336.12 178.707
400 20 1.761 495.155 9325.51 178.056
400 20 1.771 494.521 9321.15 176.303
400 20 1.781 494.081 9317.38 180.459
400 20 1.791 492.18 9287.92 178.655
400 20 1.801 491.415 9282.67 171.552
400 20 1.811 490.357 9268.21 169.68
400 20 1.821 490.468 9276.52 169.321
400 20 1.831 489.333 9260.77 167.294
400 20 1.841 488.161 9244.34 165.476
400 20 1.851 487.409 9236.7 164.592
400 20 1.861 486.96 9234.4 169.333
400 20 1.871 485.832 9218.34 168.026
400 20 1.881 484.766 9206.85 163.703
400 20 1.891 482.932 9177.74 164.264
400 20 1.901 482.477 9175.96 162.394
400 20 1.911 482.522 9180.75 161.83
400 20 1.921 481.096 9161.25 159.314
400 20 1.931 479.845 9142.5 157.317
400 20 1.941 479.258 9138.8 152.926
400 20 1.951 478.598 9130.48 146.895
400 20 1.961 477.494 9115.53 144.619
400 20 1.971 476.508 9102.15 142.636
400 20 1.981 475.012 9081.88 139.855
400 20 1.991 474.12 9071 137.643
400 30 0.001 400.79 13524.3 3.0804
400 30 0.011 407.923 13349.6 3.9795
400 30 0.021 417.488 13161.5 5.086
400 30 0.031 426.568 12961.1 6.0477
400 30 0.041 433.126 12764.8 6.962
400 30 0.051 442.541 12557.8 8.0926
400 30 0.061 450.591 12354 9.0503
400 30 0.071 459.903 12183.7 10.1756
400 30 0.081 467.984 12013.6 11.3318
400 30 0.091 472.508 11831.7 12.3761
400 30 0.101 480.403 11661.3 13.5965
400 30 0.111 484.97 11499.6 14.5717
400 30 0.121 489.282 11355.1 15.6406
400 30 0.131 496.349 11215 16.9631
400 30 0.141 500.441 11078.7 18.0578
400 30 0.151 502.366 10914.1 19.3204
400 30 0.161 510.097 10837 20.6885
400 30 0.171 510.069 10684.8 21.8357
400 30 0.181 516.272 10597.4 23.2469
400 30 0.191 518.382 10480.1 24.5608
400 30 0.201 519.194 10369.3 25.814
400 30 0.211 523.303 10307.6 27.0056
400 30 0.221 526.599 10236.6 28.5524
400 30 0.231 526.386 10138 29.5691
400 30 0.241 528.889 10087.2 30.8251
400 30 0.251 530.49 10025.5 32.1781
400 30 0.261 530.978 9947.61 33.3761
400 30 0.271 532.143 9901.44 34.7814
400 30 0.281 534.981 9868.23 36.2869
400 30 0.291 536.162 9828.76 37.6328
400 30 0.301 535.933 9775.23 38.9605
400 30 0.311 534.925 9706.43 40.4096
400 30 0.321 535.959 9681.91 41.7915
400 30 0.331 535.535 9643.49 42.9142
400 30 0.341 536.023 9602.36 44.7326
400 30 0.351 537.224 9590.6 46.1454
400 30 0.361 536.179 9553.14 47.3333
400 30 0.371 539.461 9584.74 49.034
400 30 0.381 538.653 9552.36 50.5527
400 30 0.391 537.703 9510.99 52.1567
400 30 0.401 538.466 9512.84 53.4114
400 30 0.411 538.555 9508.06 54.9637
400 30 0.421 539.62 9515.3 56.3193
400 30 0.431 537.424 9457.39 57.9259
400 30 0.441 537.972 9471.04 58.9662
400 30 0.451 538.329 9468.92 60.4753
400 30 0.461 537.1 9442.06 62.0881
400 30 0.471 537.808 9461.56 65.0187
400 30 0.481 537.557 9443.96 67.3492
400 30 0.491 537.699 9451.76 67.332
400 30 0.501 536.784 9430.07 70.2187
400 30 0.511 537.885 9458.27 72.1562
400 30 0.521 536.152 9418.38 73.2879
400 30 0.531 535.725 9413.65 74.8525
400 30 0.541 536.125 9433.94 76.2269
400 30 0.551 535.263 9407.31 77.8601
400 30 0.561 537.313 9464.71 79.5547
400 30 0.571 536.876 9456.29 81.239
400 30 0.581 535.39 9431.98 82.6037
400 30 0.591 536.231 9461.32 84.5471
400 30 0.601 535.568 9445.38 84.9046
400 30 0.611 535.073 9445.18 87.4105
400 30 0.621 533.732 9421.03 88.7766
400 30 0.631 533.905 9435.41 89.9155
400 30 0.641 535.637 9475.58 92.0382
400 30 0.651 534.534 9465.32 93.4958
400 30 0.661 533.273 9434.24 94.8458
400 30 0.671 532.186 9427.59 94.5888
400 30 0.681 533.003 9451.08 95.3611
400 30 0.691 533.31 9472.16 97.1201
400 30 0.701 533.864 9484.75 98.657
400 30 0.711 533.364 9485.29 100.33
400 30 0.721 532.527 9472.09 102.136
400 30 0.731 531.313 9454.87 103.238
400 30 0.741 530.771 9447.07 104.636
400 30 0.751 530.442 9452.26 107.018
400 30 0.761 530.617 9458.98 108.933
400 30 0.771 529.145 9447.84 110.306
400 30 0.781 527.423 9410.8 111.285
400 30 0.791 529.642 9466.1 113.791
400 30 0.801 528.12 9438.1 115.387
400 30 0.811 527.863 9446.24 116.674
400 30 0.821 529.323 9474.11 118.743
400 30 0.831 527.94 9465.88 121.447
400 30 0.841 528.766 9490.11 125.029
400 30 0.851 527.382 9471.18 124.996
400 30 0.861 526.879 9460.79 126.797
400 30 0.871 526.749 9468.62 130.327
400 30 0.881 525.748 9452 131.558
400 30 0.891 525.658 9456.57 133.826
400 30 0.901 525.533 9471.52 134.778
400 30 0.911 524.565 9465.38 136.973
400 30 0.921 525.891 9479.87 139.871
400 30 0.931 524.103 9464.18 140.998
400 30 0.941 523.678 9458.51 142.926
400 30 0.951 522.02 9430.41 145.322
400 30 0.961 521.681 9439.1 148.611
400 30 0.971 523.02 9458.49 151.443
400 30 0.981 521.173 9443.86 153.101
400 30 0.991 521.088 9450.27 156.348
400 30 1.001 519.513 9415.13 159.159
400 30 1.011 520.779 9450.94 161.055
400 30 1.021 520.904 9465.47 164.333
400 30 1.031 519.125 9435.82 165.129
400 30 1.041 521.362 9485.05 167.428
400 30 1.051 518.699 9443.35 168.635
400 30 1.061 519.71 9474.7 170.819
400 30 1.071 517.995 9450.63 171.73
400 30 1.081 516.613 9434.54 174.494
400 30 1.091 518.507 9478.32 176.275
400 30 1.101 516.795 9443.07 177.329
400 30 1.111 517.004 9456.88 180.122
400 30 1.121 515.457 9436.91 182.153
400 30 1.131 517.592 9482.27 183.68
400 30 1.141 516.355 9471.52 184.755
400 30 1.151 514.985 9458.09 184.628
400 30 1.161 515.738 9482.01 184.193
400 30 1.171 514.826 9471.74 185.212
400 30 1.181 514.434 9475.11 186.18
400 30 1.191 513.638 9466.91 187.751
400 30 1.201 513.879 9478.48 189.044
400 30 1.211 513.478 9477.73 189.456
400 30 1.221 514.595 9505.63 190.896
400 30 1.231 512.66 9478.58 191.793
400 30 1.241 512.187 9475.35 192.248
400 30 1.251 512.622 9497.04 193.144
400 30 1.261 511.078 9470.27 194.039
400 30 1.271 510.684 9476.53 194.921
400 30 1.281 510.855 9486.4 195.46
400 30 1.291 510.84 9491.1 196.161
400 30 1.301 509.525 9482.99 196.862
400 30 1.311 509.849 9496.95 198.538
400 30 1.321 509.381 9498.15 198.983
400 30 1.331 508.463 9481.97 199.854
400 30 1.341 508.905 9501.91 199.426
400 30 1.351 508.617 9507.74 200.271
400 30 1.361 507.177 9489.57 200.888
400 30 1.371 505.519 9466.57 200.971
400 30 1.381 506.137 9485.73 200.241
400 30 1.391 505.931 9488.63 200.29
400 30 1.401 505.123 9482.92 200.505
400 30 1.411 504.778 9483.85 201.206
400 30 1.421 504.156 9475.05 201.99
400 30 1.431 503.098 9473.58 200.819
400 30 1.441 502.701 9475.35 200.723
400 30 1.451 501.59 9458.87 201.111
400 30 1.461 501.542 9466.95 200.983
400 30 1.471 500.267 9450.13 199.572
400 30 1.481 500.153 9459.38 199.401
400 30 1.491 499.895 9453.15 203.229
400 30 1.501 499.105 9453.27 203.797
400 30 1.511 498.98 9457.53 204.176
400 30 1.521 497.227 9430.2 203.037
400 30 1.531 497.494 9450.42 201.756
400 30 1.541 495.032 9410.65 201.296
400 30 1.551 495.2 9415.22 198.936
400 30 1.561 494.413 9413.33 196.369
400 30 1.571 493.608 9404.1 200.276
400 30 1.581 493.486 9405.09 199.234
400 30 1.591 492.004 9391.77 199.413
400 30 1.601 492.701 9406.74 199.755
400 30 1.611 491.713 9393.72 198.693
400 30 1.621 491.034 9387.36 198.011
400 30 1.631 490.163 9378.48 195.472
400 30 1.641 491.029 9401.03 195.735
400 30 1.651 489.261 9372.46 193.769
400 30 1.661 489.3 9374.25 190.702
400 30 1.671 489.007 9380.32 189.379
400 30 1.681 486.732 9346.17 186.342
400 30 1.691 487.027 9354.98 186.727
400 30 1.701 486.009 9344.1 184.682
400 30 1.711 486.448 9354.49 187.495
400 30 1.721 485.489 9341.29 189.29
400 30 1.731 484.274 9328.36 182.211
400 30 1.741 483.304 9311.77 180.871
400 30 1.751 482.385 9301.55 179.22
400 30 1.761 482.524 9310.05 178.934
400 30 1.771 481.236 9291.27 176.963
400 30 1.781 480.256 9281.41 175.163
400 30 1.791 479.03 9267.55 172.669
400 30 1.801 479.345 9274.88 172.832
400 30 1.811 477.842 9254.18 170.362
400 30 1.821 477.082 9247.31 168.723
400 30 1.831 476.468 9238.44 168.006
400 30 1.841 475.927 9234.1 166.61
400 30 1.851 474.597 9216.18 164.21
400 30 1.861 473.274 9199.73 161.532
400 30 1.871 473.22 9202.1 161.086
400 30 1.881 471.824 9182.06 158.741
400 30 1.891 471.1 9175.02 156.956
400 30 1.901 470.386 9165.91 155.423
400 30 1.911 469.307 9150.72 155.345
400 30 1.921 468.494 9142.13 158.93
400 30 1.931 467.525 9128.58 157.125
400 30 1.941 466.046 9108.42 155.079
400 30 1.951 465.746 9107.78 153.535
400 30 1.961 464.802 9094.19 145.531
400 30 1.971 463.482 9075.71 141.43
400 30 1.981 462.867 9069.16 140.045
400 30 1.991 461.667 9051.17 137.892
400 40 0.001 400.86 13508 3.2227
400 40 0.011 411.044 13290.7 3.9651
400 40 0.021 419.24 13014.3 4.8476
400 40 0.031 431.76 12797.6 5.7593
400 40 0.041 442.557 12539.4 6.83
400 40 0.051 453.341 12314.2 7.9147
400 40 0.061 459.273 12060.8 8.9718
400 40 0.071 468.353 11843.1 10.082
400 40 0.081 476.497 11639.6 11.2444
400 40 0.091 482.242 11421.7 12.4593
400 40 0.101 488.052 11219.6 13.6761
400 40 0.111 495.659 11090.4 14.8522
400 40 0.121 497.434 10902.7 16.0427
400 40 0.131 503.726 10778.1 17.2562
400 40 0.141 505.544 10590.2 18.5393
400 40 0.151 511.721 10524.3 19.8331
400 40 0.161 515.011 10397.6 21.7106
400 40 0.171 517.249 10305.1 24.0036
400 40 0.181 518.327 10186.5 25.2752
400 40 0.191 520.451 10105.2 24.804
400 40 0.201 523.831 10034.3 26.5729
400 40 0.211 522.885 9934.18 27.7516
400 40 0.221 524.319 9866.01 29.1131
400 40 0.231 524.616 9795.77 30.3784
400 40 0.241 526.629 9770.79 31.9092
400 40 0.251 528.552 9737.14 33.1259
400 40 0.261 525.971 9667.5 34.0682
400 40 0.271 529.489 9661.79 35.8542
400 40 0.281 527.398 9605.57 37.0776
400 40 0.291 527.879 9563.39 38.3614
400 40 0.301 528.304 9558.33 39.6604
400 40 0.311 527.769 9526.77 41.3232
400 40 0.321 526.298 9472.34 42.3243
400 40 0.331 528.568 9509.74 43.6308
400 40 0.341 527.14 9468.22 45.251
400 40 0.351 526.876 9442.76 46.621
400 40 0.361 527.092 9447.79 48.2262
400 40 0.371 527.654 9459.7 49.3887
400 40 0.381 525.178 9400.57 50.7869
400 40 0.391 525.474 9396.2 52.3649
400 40 0.401 524.77 9372.65 53.2874
400 40 0.411 525.14 9393.82 54.9715
400 40 0.421 524.947 9391.26 56.7212
400 40 0.431 524.436 9387.8 58.0167
400 40 0.441 524.17 9383.3 58.9722
400 40 0.451 525.698 9422.05 60.976
400 40 0.461 523.7 9385.73 63.8757
400 40 0.471 525.003 9405.64 65.3158
400 40 0.481 525.199 9424.78 66.0312
400 40 0.491 523.875 9400.51 67.491
400 40 0.501 522.906 9388.75 68.8027
400 40 0.511 521.76 9368.82 70.0467
400 40 0.521 521.3 9363.09 71.0322
400 40 0.531 521.675 9381.2 72.7744
400 40 0.541 521.931 9398.51 74.7864
400 40 0.551 521.359 9387.56 75.7024
400 40 0.561 522.245 9409.87 76.9724
400 40 0.571 520.61 9387.82 78.5248
400 40 0.581 519.719 9375.31 80.3862
400 40 0.591 522.43 9436.61 82.5444
400 40 0.601 520.115 9403.39 83.9954
400 40 0.611 518.993 9377.36 85.7215
400 40 0.621 520.847 9426.91 88.6707
400 40 0.631 520.079 9424.19 91.2919
400 40 0.641 519.855 9426.39 91.286
400 40 0.651 520.409 9446.3 92.0195
400 40 0.661 517.895 9400.03 93.1086
400 40 0.671 519.384 9433.19 94.8542
400 40 0.681 516.969 9393.72 96.2994
400 40 0.691 518.028 9419.51 97.8517
400 40 0.701 516.579 9397.09 99.2131
400 40 0.711 517.108 9425.43 101.651
400 40 0.721 516.965 9422.29 103.112
400 40 0.731 517.585 9450.65 104.638
400 40 0.741 514.217 9373.82 105.834
400 40 0.751 516.918 9452.53 108.44
400 40 0.761 514.215 9394.94 109.14
400 40 0.771 514.68 9408.11 111.137
400 40 0.781 512.737 9371.86 112.728
400 40 0.791 515.321 9448.74 114.978
400 40 0.801 515.616 9456.54 116.741
400 40 0.811 516.341 9481.04 118.692
400 40 0.821 514.832 9452.61 120.795
400 40 0.831 514.667 9464.54 122.596
400 40 0.841 514.315 9465.05 124.139
400 40 0.851 514.816 9476.9 125.817
400 40 0.861 513.245 9443.85 127.661
400 40 0.871 511.988 9438.94 129.784
400 40 0.881 512.583 9459.38 131.445
400 40 0.891 510.932 9431.23 131.767
400 40 0.901 512.206 9468.49 138.006
400 40 0.911 512.067 9467.8 138.908
400 40 0.921 510.158 9438.04 140.763
400 40 0.931 508.097 9406.47 142.885
400 40 0.941 509.685 9441.08 145.505
400 40 0.951 509.365 9436.99 147.819
400 40 0.961 509.396 9453.25 149.627
400 40 0.971 507.891 9434.77 151.154
400 40 0.981 508.553 9451.06 154.589
400 40 0.991 507.154 9431.25 155.976
400 40 1.001 507.794 9448.08 158.682
400 40 1.011 507.122 9446.67 161.927
400 40 1.021 506.871 9453 164.064
400 40 1.031 506.102 9439.17 166.677
400 40 1.041 505.953 9441.91 167.984
400 40 1.051 505.34 9441.33 170.96
400 40 1.061 505.184 9438.79 173.125
400 40 1.071 504.55 9439.66 174.727
400 40 1.081 503.829 9430.7 176.57
400 40 1.091 504.671 9455.36 177.183
400 40 1.101 503.595 9445.11 178.752
400 40 1.111 502.725 9436.23 180.654
400 40 1.121 502.943 9454.37 181.388
400 40 1.131 501.227 9423.53 182.57
400 40 1.141 501.856 9449.61 183.544
400 40 1.151 502.345 9457.84 185.939
400 40 1.161 501.202 9446.42 186.391
400 40 1.171 500.785 9450.07 186.658
400 40 1.181 501.424 9465.71 188.211
400 40 1.191 499.522 9447.97 188.459
400 40 1.201 500.51 9468.55 189.997
400 40 1.211 499.844 9463.25 190.944
400 40 1.221 499.488 9459.06 191.787
400 40 1.231 499.148 9470.78 192.385
400 40 1.241 498.832 9465.14 195.481
400 40 1.251 497.873 9456.62 195.533
400 40 1.261 497.516 9458.42 196.515
400 40 1.271 497.595 9465.8 196.342
400 40 1.281 497.972 9484.94 196.998
400 40 1.291 496.189 9462.05 196.949
400 40 1.301 496.213 9465.71 198.15
400 40 1.311 495.172 9454.36 198.549
400 40 1.321 494.091 9445.03 198.092
400 40 1.331 493.85 9454.43 197.529
400 40 1.341 494.529 9475.08 197.991
400 40 1.351 494.119 9466.82 199.755
400 40 1.361 492.952 9455.77 199.974
400 40 1.371 492.856 9463.56 200.554
400 40 1.381 493.203 9474.81 201.12
400 40 1.391 490.989 9446.66 200.012
400 40 1.401 491.558 9461.25 201.428
400 40 1.411 490.21 9445.13 200.417
400 40 1.421 489.511 9441.04 200.62
400 40 1.431 489.911 9451.86 201.797
400 40 1.441 490.159 9468.43 202.225
400 40 1.451 488.786 9449.26 202.721
400 40 1.461 488.067 9442.6 203.664
400 40 1.471 486.703 9426.26 202.687
400 40 1.481 486.859 9435.28 203.52
400 40 1.491 486.217 9429.81 202.889
400 40 1.501 485.686 9430.04 203.371
400 40 1.511 484.335 9413.43 203.158
400 40 1.521 483.345 9401.91 201.856
400 40 1.531 483.836 9418.7 202.616
400 40 1.541 483.262 9414.47 202.352
400 40 1.551 481.659 9394.12 200.768
400 40 1.561 480.5 9378.92 200.527
400 40 1.571 480.971 9395.2 200.584
400 40 1.581 480.211 9391.37 200.253
400 40 1.591 478.377 9362.98 198.307
400 40 1.601 479.036 9377.53 198.806
400 40 1.611 478.089 9367.21 197.989
400 40 1.621 477.581 9364.98 195.997
400 40 1.631 477.924 9373.33 196.715
400 40 1.641 476.462 9354.93 194.196
400 40 1.651 476.17 9354.51 194.199
400 40 1.661 475.104 9338.29 193.002
400 40 1.671 474.891 9339.52 192.308
400 40 1.681 473.798 9330.56 189.769
400 40 1.691 473.901 9331.32 190.267
400 40 1.701 472.811 9319.09 188.771
400 40 1.711 472.101 9313.37 187.038
400 40 1.721 471.208 9301.03 185.633
400 40 1.731 471.487 9308.75 185.877
400 40 1.741 470.612 9298.55 184.521
400 40 1.751 469.384 9282.52 182.658
400 40 1.761 468.553 9273.37 181.489
400 40 1.771 468.363 9274.83 180.724
400 40 1.781 467.326 9262.65 178.637
400 40 1.791 466.721 9256.39 177.675
400 40 1.801 466.273 9252.31 176.53
400 40 1.811 464.766 9230.09 174.295
400 40 1.821 464.984 9238.5 174.062
400 40 1.831 464.076 9227.98 172.56
400 40 1.841 462.225 9199.6 169.752
400 40 1.851 461.5 9191.66 168.127
400 40 1.861 461.076 9186.11 167.255
400 40 1.871 460.728 9187.47 165.73
400 40 1.881 459.218 9165.6 163.405
400 40 1.891 458.601 9159.25 162.152
400 40 1.901 457.267 9139.38 159.807
400 40 1.911 456.667 9131.67 158.875
400 40 1.921 455.66 9117.32 156.888
400 40 1.931 455.389 9117.1 155.681
400 40 1.941 454.318 9104 153.621
400 40 1.951 453.212 9087.94 151.376
400 40 1.961 452.223 9074.69 149.863
400 40 1.971 451.357 9063.48 147.807
400 40 1.981 450.5 9052 146.025
400 40 1.991 449.524 9038.86 144.342
