200 10 0.001 1907.86 44085.8 1.7408
200 10 0.011 1874.12 43368.9 1.753
200 10 0.021 1841.07 42659 1.9791
200 10 0.031 1804 41869.8 2.3853
200 10 0.041 1764.94 41020 2.796
200 10 0.051 1720.3 40062.4 3.2515
200 10 0.061 1687.65 39356.1 3.7634
200 10 0.071 1653.17 38602.6 4.3159
200 10 0.081 1604.54 37560.3 4.7792
200 10 0.091 1564.76 36701.8 5.1872
200 10 0.101 1528.26 35876.2 5.6562
200 10 0.111 1490.43 35140.1 6.1565
200 10 0.121 1453.83 34308.4 6.6249
200 10 0.131 1407.6 33347.1 6.9914
200 10 0.141 1360.77 32292.1 7.3983
200 10 0.151 1321.51 31473.2 8.2106
200 10 0.161 1286.08 30670.5 8.9173
200 10 0.171 1255.17 30000.6 9.5081
200 10 0.181 1219.18 29191.1 10.0674
200 10 0.191 1169.69 28151.7 10.6698
200 10 0.201 1133.55 27382.1 10.8559
200 10 0.211 1099.79 26589.2 11.183
200 10 0.221 1068.39 25939.6 12.2809
200 10 0.231 1032.92 25189.9 13.3573
200 10 0.241 983.461 24096.5 14.1216
200 10 0.251 961.763 23610.3 14.3599
200 10 0.261 933.868 23015.2 13.7654
200 10 0.271 892.346 22075.6 14.4921
200 10 0.281 862.306 21462.9 15.0276
200 10 0.291 837.969 20889.2 15.6712
200 10 0.301 805.572 20181.2 16.3718
200 10 0.311 767.382 19361.6 17.2636
200 10 0.321 743.208 18815.1 17.7525
200 10 0.331 716.129 18191.6 18.4499
200 10 0.341 691.857 17664.8 19.0627
200 10 0.351 670.32 17164.5 19.655
200 10 0.361 625.799 16192.6 20.9413
200 10 0.371 614.275 15946.8 21.5814
200 10 0.381 581.822 15212.1 22.4322
200 10 0.391 551.38 14577.4 23.2344
200 10 0.401 542.526 14340.3 23.5795
200 10 0.411 529.651 14033.5 24.2133
200 10 0.421 496.446 13269.5 25.0476
200 10 0.431 477.736 12857.3 25.8189
200 10 0.441 459.432 12476.9 26.0178
200 10 0.451 437.499 11986.3 26.9663
200 10 0.461 423.575 11630 27.2877
200 10 0.471 406.554 11245.2 27.9499
200 10 0.481 382.836 10724.2 28.7994
200 10 0.491 368.151 10391.3 29.099
200 10 0.501 352.595 10006.8 29.8662
200 10 0.511 336.223 9654.45 30.4294
200 10 0.521 318.438 9247.65 31.1091
200 10 0.531 305.291 8947.26 31.9363
200 10 0.541 292.128 8663.29 32.2989
200 10 0.551 275.641 8227.7 33.2466
200 10 0.561 261.184 7928.61 33.4467
200 10 0.571 248.06 7624.39 34.1914
200 10 0.581 244.329 7533.27 34.57
200 10 0.591 227.022 7117.68 35.3916
200 10 0.601 214.238 6790.51 35.6
200 10 0.611 202.533 6565.9 36.2258
200 10 0.621 192.207 6315.96 36.7345
200 10 0.631 184.416 6116.77 37.106
200 10 0.641 170.091 5780.97 38.0974
200 10 0.651 166.666 5684.16 39.6982
200 10 0.661 154.799 5415.66 40.1101
200 10 0.671 145.277 5188.09 39.8154
200 10 0.681 139.963 5038.74 40.3246
200 10 0.691 137.244 4964.83 40.3453
200 10 0.701 127.819 4740.36 40.8752
200 10 0.711 117.096 4516.38 41.6952
200 10 0.721 109.514 4320.04 41.9325
200 10 0.731 102.112 4145.22 42.201
200 10 0.741 97.766 4024.26 42.4995
200 10 0.751 94.061 3921.09 42.6621
200 10 0.761 87.838 3779.87 43.0198
200 10 0.771 83.248 3646.71 43.1568
200 10 0.781 79.716 3570.06 43.8326
200 10 0.791 72.366 3381.95 43.9106
200 10 0.801 69.517 3303.89 44.1166
200 10 0.811 66.144 3221.3 44.3294
200 10 0.821 61.971 3116.89 44.6196
200 10 0.831 57.817 2998.73 45.1182
200 10 0.841 52.898 2881.12 45.2602
200 10 0.851 49.483 2801.3 45.5642
200 10 0.861 46.077 2706.94 45.9218
200 10 0.871 43.587 2630.7 45.9306
200 10 0.881 40.649 2547.64 46.1251
200 10 0.891 38.358 2494.95 46.2507
200 10 0.901 33.722 2369.77 46.3244
200 10 0.911 33.097 2355.62 46.5629
200 10 0.921 31.606 2304.6 46.6553
200 10 0.931 28.725 2233.54 46.7906
200 10 0.941 24.925 2143.84 47.1321
200 10 0.951 25.166 2130.9 47.2854
200 10 0.961 21.848 2036.76 47.1077
200 10 0.971 20.948 2011.04 47.2621
200 10 0.981 19.856 1973.42 49.3033
200 10 0.991 18.793 1936.51 49.0915
200 10 1.001 16.962 1886.3 49.6895
200 10 1.011 14.937 1825.19 49.6546
200 10 1.021 14.107 1800.27 48.0438
200 10 1.031 13.315 1771.11 48.6635
200 10 1.041 12.026 1736.87 49.5522
200 10 1.051 11.07 1700.15 49.4103
200 10 1.061 10.374 1675.88 49.2785
200 10 1.071 9.838 1658.34 49.4232
200 10 1.081 8.629 1618.07 48.2425
200 10 1.091 7.771 1591.36 47.4341
200 10 1.101 7.433 1576.88 47.4582
200 10 1.111 6.585 1554.74 47.4912
200 10 1.121 6.426 1533.02 47.1063
200 10 1.131 5.954 1518.98 47.1253
200 10 1.141 5.459 1497.87 47.4933
200 10 1.151 4.903 1480.49 47.7664
200 10 1.161 4.718 1466.25 47.672
200 10 1.171 4.309 1454.44 47.4653
200 10 1.181 3.882 1437.16 47.2416
200 10 1.191 3.82 1426.09 45.5629
200 10 1.201 3.453 1412.83 45.5237
200 10 1.211 3.087 1395.44 45.0453
200 10 1.221 2.913 1385.19 44.6812
200 10 1.231 2.906 1380.51 44.4846
200 10 1.241 2.476 1360.43 44.0857
200 10 1.251 2.388 1354.52 44.0297
200 10 1.261 2.157 1343.37 43.5399
200 10 1.271 2.107 1335 43.4559
200 10 1.281 1.838 1321.17 43.0212
200 10 1.291 1.762 1315.17 42.8913
200 10 1.301 1.557 1306.84 42.671
200 10 1.311 1.439 1297.11 42.4637
200 10 1.321 1.252 1286.13 42.1812
200 10 1.331 1.276 1280.31 41.9644
200 10 1.341 1.133 1271.32 41.7255
200 10 1.351 1.047 1262.65 41.8502
200 10 1.361 1.009 1256.61 41.7843
200 10 1.371 0.92 1247.64 41.2474
200 10 1.381 0.826 1242.61 41.2314
200 10 1.391 0.799 1234.44 40.603
200 10 1.401 0.698 1228.2 39.2363
200 10 1.411 0.581 1220.87 38.8231
200 10 1.421 0.569 1214.76 39.6982
200 10 1.431 0.536 1209.28 38.705
200 10 1.441 0.484 1202.41 38.0118
200 10 1.451 0.445 1195.53 37.6653
200 10 1.461 0.395 1189.85 37.7631
200 10 1.471 0.407 1185.6 38.0698
200 10 1.481 0.352 1180.33 36.726
200 10 1.491 0.29 1175.33 36.5205
200 10 1.501 0.26 1168.45 36.3025
200 10 1.511 0.255 1165.81 36.6476
200 10 1.521 0.218 1159.62 36.0411
200 10 1.531 0.22 1156.19 34.9761
200 10 1.541 0.184 1149.02 34.396
200 10 1.551 0.155 1146.66 34.1162
200 10 1.561 0.156 1138.86 33.4755
200 10 1.571 0.149 1134.88 33.146
200 10 1.581 0.158 1133.43 33.1588
200 10 1.591 0.126 1126.96 32.7041
200 10 1.601 0.122 1125.42 32.4102
200 10 1.611 0.109 1120.4 32.0082
200 10 1.621 0.077 1117.5 31.9564
200 10 1.631 0.086 1114.13 31.8085
200 10 1.641 0.078 1110.08 31.6895
200 10 1.651 0.059 1107.72 31.5284
200 10 1.661 0.076 1103.84 31.3863
200 10 1.671 0.061 1100.9 31.7297
200 10 1.681 0.068 1097.42 31.4544
200 10 1.691 0.038 1094.54 30.5982
200 10 1.701 0.043 1090.14 29.6452
200 10 1.711 0.035 1088.06 29.4995
200 10 1.721 0.037 1084.41 29.1806
200 10 1.731 0.031 1080.72 28.8133
200 10 1.741 0.034 1078.91 28.4992
200 10 1.751 0.032 1075.91 28.2227
200 10 1.761 0.028 1071.72 27.9651
200 10 1.771 0.027 1070.2 27.7607
200 10 1.781 0.019 1065.45 27.2482
200 10 1.791 0.034 1062.11 27.0001
200 10 1.801 0.017 1060.92 26.7195
200 10 1.811 0.02 1057.53 26.488
200 10 1.821 0.015 1055.38 26.2316
200 10 1.831 0.01 1052.09 25.8675
200 10 1.841 0.012 1049.17 25.9849
200 10 1.851 0.015 1046.39 26.3923
200 10 1.861 0.016 1044.49 26.0451
200 10 1.871 0.002 1040.69 25.5157
200 10 1.881 0.012 1039.24 25.3248
200 10 1.891 0.007 1034.77 25.0726
200 10 1.901 0.008 1033.24 24.8239
200 10 1.911 0.002 1030.81 23.9356
200 10 1.921 0.006 1027.66 23.5982
200 10 1.931 0.003 1025.31 23.0714
200 10 1.941 0.002 1023.84 22.6126
200 10 1.951 0.007 1020.73 22.6801
200 10 1.961 0.002 1017.87 22.6255
200 10 1.971 0.002 1015.69 22.0571
200 10 1.981 0.004 1013.79 21.7147
200 10 1.991 0.005 1011.29 21.1561
200 20 0.001 3612.12 74398.1 2.1289
200 20 0.011 3490.48 72015.4 2.4583
200 20 0.021 3365.43 69591.6 3.0164
200 20 0.031 3225.24 66816.2 3.4805
200 20 0.041 3088.18 64083.3 4.039
200 20 0.051 2962.51 61597.7 4.7233
200 20 0.061 2831.19 59043.7 7.1806
200 20 0.071 2691.19 56304.3 8.6464
200 20 0.081 2536.51 53294.3 9.4466
200 20 0.091 2437.1 51243.2 10.1009
200 20 0.101 2304.46 48674.9 10.2877
200 20 0.111 2181.93 46296 10.9584
200 20 0.121 2070.83 44136.6 10.5868
200 20 0.131 1969.6 42054.4 11.5097
200 20 0.141 1846.02 39540.8 12.1621
200 20 0.151 1739.29 37437.6 12.7222
200 20 0.161 1646.69 35588.1 13.2226
200 20 0.171 1555.2 33759.1 12.8545
200 20 0.181 1446.07 31542.8 15.1206
200 20 0.191 1377.22 30190 15.1212
200 20 0.201 1263.57 27894.8 16.3918
200 20 0.211 1200.61 26580.8 17.0976
200 20 0.221 1131.87 25243.4 17.4437
200 20 0.231 1041.41 23381.3 18.2535
200 20 0.241 975.932 22101.7 18.8077
200 20 0.251 904.03 20680.5 19.4829
200 20 0.261 867.978 19872.5 20.0853
200 20 0.271 791.208 18359 20.9827
200 20 0.281 747.586 17420.8 21.2536
200 20 0.291 695.1 16349.5 21.6866
200 20 0.301 643.524 15326.6 22.0918
200 20 0.311 592.318 14263.8 22.7798
200 20 0.321 550.652 13378.8 23.038
200 20 0.331 519.92 12758.2 23.3096
200 20 0.341 476.348 11806.6 23.8247
200 20 0.351 436.26 11001.2 24.0623
200 20 0.361 401.214 10255.2 24.5454
200 20 0.371 373.646 9703.36 24.9504
200 20 0.381 344.912 9059.61 25.3826
200 20 0.391 322.546 8571.94 25.9699
200 20 0.401 289.418 7906.91 26.0317
200 20 0.411 267.812 7437.79 26.3984
200 20 0.421 257.4 7183.06 26.4796
200 20 0.431 224.024 6523.75 26.8644
200 20 0.441 217.04 6342.67 26.9112
200 20 0.451 194.224 5874.09 27.0666
200 20 0.461 178.708 5518.73 27.0994
200 20 0.471 165.302 5208.31 27.4032
200 20 0.481 146.398 4805.1 27.418
200 20 0.491 134.74 4558.55 27.5035
200 20 0.501 124.224 4303.3 27.5522
200 20 0.511 115.552 4127.91 26.5151
200 20 0.521 103.646 3845.06 26.4636
200 20 0.531 94.474 3630 26.8385
200 20 0.541 86.28 3438.24 27.3707
200 20 0.551 74.996 3203.26 27.4942
200 20 0.561 71.63 3113.55 27.875
200 20 0.571 63.278 2916.36 28.0155
200 20 0.581 57.42 2785.4 27.9569
200 20 0.591 49.332 2611.13 26.7858
200 20 0.601 48.636 2563.66 26.5751
200 20 0.611 42.942 2425.38 26.4522
200 20 0.621 38.298 2318.19 26.3899
200 20 0.631 34.89 2239.01 26.3446
200 20 0.641 30.304 2130.44 26.4326
200 20 0.651 26.772 2038.24 26.4467
200 20 0.661 27.678 2039.73 26.3885
200 20 0.671 24.604 1952.94 26.2898
200 20 0.681 18.976 1828.58 26.3259
200 20 0.691 18.4 1799.56 26.9674
200 20 0.701 15.702 1737.01 27.3995
200 20 0.711 14.968 1698.76 27.1023
200 20 0.721 12.634 1651.31 27.2658
200 20 0.731 11.402 1612.69 27.1439
200 20 0.741 10.774 1587.93 27.1479
200 20 0.751 9.812 1543.36 27.035
200 20 0.761 7.894 1499.87 27.3838
200 20 0.771 6.992 1468.1 27.7132
200 20 0.781 6.368 1443.31 26.8439
200 20 0.791 6.454 1430.39 26.7602
200 20 0.801 5.08 1393.73 26.6003
200 20 0.811 4.908 1382.83 26.7125
200 20 0.821 4.668 1367.65 26.5955
200 20 0.831 3.798 1333.59 26.472
200 20 0.841 3.466 1321.33 26.4585
200 20 0.851 2.958 1297.04 26.3453
200 20 0.861 2.52 1282.44 26.2885
200 20 0.871 2.208 1268.25 26.2046
200 20 0.881 1.994 1255.29 26.2139
200 20 0.891 1.698 1239.32 26.2459
200 20 0.901 1.536 1228.01 26.1598
200 20 0.911 1.276 1212.75 26.5577
200 20 0.921 0.956 1198.92 27.6593
200 20 0.931 1.216 1197.84 26.3426
200 20 0.941 1.006 1184.56 27.5748
200 20 0.951 0.782 1173.78 27.448
200 20 0.961 0.558 1160.23 26.0089
200 20 0.971 0.492 1154.57 25.5068
200 20 0.981 0.386 1142.76 27.1515
200 20 0.991 0.38 1136.94 27.2223
200 20 1.001 0.358 1128.97 27.1021
200 20 1.011 0.258 1119.29 27.0333
200 20 1.021 0.25 1112.42 26.6907
200 20 1.031 0.188 1106.45 25.5573
200 20 1.041 0.142 1098.4 26.5616
200 20 1.051 0.164 1092.8 25.9148
200 20 1.061 0.118 1086.32 26.3657
200 20 1.071 0.114 1081.18 26.2421
200 20 1.081 0.094 1075.34 24.4253
200 20 1.091 0.082 1069.68 24.3235
200 20 1.101 0.1 1065.68 24.2154
200 20 1.111 0.116 1061.09 24.1093
200 20 1.121 0.038 1056.06 24.0811
200 20 1.131 0.072 1050.67 23.6915
200 20 1.141 0.06 1046.62 23.7459
200 20 1.151 0.058 1043.02 23.7312
200 20 1.161 0.048 1039.5 23.5555
200 20 1.171 0.018 1033.72 23.436
200 20 1.181 0.034 1029.93 23.2285
200 20 1.191 0.01 1025.37 23.1665
200 20 1.201 0.012 1020.51 22.8867
200 20 1.211 0.012 1019.02 22.9278
200 20 1.221 0.018 1014.92 22.7472
200 20 1.231 0.028 1010.63 22.5768
200 20 1.241 0.008 1006.92 22.4804
200 20 1.251 0.006 1003.33 23.4814
200 20 1.261 0.002 1000.06 23.8358
200 20 1.271 0.004 998.239 23.8907
200 20 1.281 0.004 993.824 23.7201
200 20 1.291 0.004 991.11 23.4733
200 20 1.301 0.002 987.179 23.4234
200 20 1.311 0.02 984.648 23.1519
200 20 1.321 0.008 980.685 23.0442
200 20 1.331 0.002 978.427 22.8999
200 20 1.341 0 975.173 22.612
200 20 1.351 0.004 972.108 22.5654
200 20 1.361 0.004 969.601 22.5697
200 20 1.371 0 966.916 22.28
200 20 1.381 0 964.443 22.154
200 20 1.391 0.002 960.854 21.9562
200 20 1.401 0 959.083 21.8253
200 20 1.411 0 955.95 21.2893
200 20 1.421 0 953.117 20.3088
200 20 1.431 0 950.568 19.906
200 20 1.441 0 949.006 19.4928
200 20 1.451 0 946.056 19.2135
200 20 1.461 0 943.602 19.0929
200 20 1.471 0 942.288 18.9766
200 20 1.481 0 939.631 18.6502
200 20 1.491 0 937.311 18.6594
200 20 1.501 0 935.325 18.5513
200 20 1.511 0 932.591 18.2969
200 20 1.521 0 931.286 18.2883
200 20 1.531 0 928.801 18.1327
200 20 1.541 0 926.754 18.0234
200 20 1.551 0 924.044 17.7914
200 20 1.561 0 922.655 17.6585
200 20 1.571 0 920.078 17.4751
200 20 1.581 0 918.668 17.508
200 20 1.591 0 916.541 17.2741
200 20 1.601 0 915.09 17.1031
200 20 1.611 0 913.849 16.9146
200 20 1.621 0 912.126 16.9099
200 20 1.631 0 910.975 16.8932
200 20 1.641 0 908.797 16.6766
200 20 1.651 0 908.333 16.5597
200 20 1.661 0 906.21 16.4563
200 20 1.671 0 904.964 16.3644
200 20 1.681 0 902.801 16.2011
200 20 1.691 0 901.711 16.0681
200 20 1.701 0 899.862 15.9932
200 20 1.711 0 898.881 16.1101
200 20 1.721 0 897.459 15.9992
200 20 1.731 0 895.872 15.8204
200 20 1.741 0 894.614 15.6107
200 20 1.751 0 893.521 15.6582
200 20 1.761 0 891.997 15.5384
200 20 1.771 0 890.502 15.3646
200 20 1.781 0 889.448 15.2028
200 20 1.791 0 887.499 15.5053
200 20 1.801 0 886.293 15.1175
200 20 1.811 0 884.647 14.5856
200 20 1.821 0 884.047 14.3326
200 20 1.831 0 882.806 14.0484
200 20 1.841 0 881.405 13.951
200 20 1.851 0 880.275 13.7024
200 20 1.861 0 879.227 13.5958
200 20 1.871 0 877.805 13.3935
200 20 1.881 0 876.663 13.2145
200 20 1.891 0 875.574 13.0492
200 20 1.901 0 873.698 12.9923
200 20 1.911 0 873.025 12.7723
200 20 1.921 0 871.724 12.6236
200 20 1.931 0 870.86 12.4536
200 20 1.941 0 869.353 12.2625
200 20 1.951 0 868.869 12.0883
200 20 1.961 0 867.352 12.0947
200 20 1.971 0 866.114 11.7888
200 20 1.981 0 864.639 11.623
200 20 1.991 0 863.595 11.3905
200 30 0.001 5113.84 101069 6.7474
200 30 0.011 4869.28 96414.4 7.0928
200 30 0.021 4598.36 91291.4 7.6072
200 30 0.031 4342.65 86409.1 7.8299
200 30 0.041 4091.66 81594.7 8.4997
200 30 0.051 3807.29 76247 9.1548
200 30 0.061 3559.29 71426.8 9.7251
200 30 0.071 3288.79 66248.5 10.3497
200 30 0.081 3044.59 61599.4 10.5031
200 30 0.091 2807.16 57131.1 11.0909
200 30 0.101 2593.3 52887.8 12.1405
200 30 0.111 2406.53 49311.8 12.1553
200 30 0.121 2204.33 45423.5 12.7688
200 30 0.131 2043.18 42292.2 13.5002
200 30 0.141 1875.55 39080.8 13.7185
200 30 0.151 1716.08 35896.8 14.2213
200 30 0.161 1540.31 32519.9 14.7625
200 30 0.171 1396.47 29718.4 15.2895
200 30 0.181 1284.07 27573.7 15.9472
200 30 0.191 1177.75 25444.7 15.9214
200 30 0.201 1092.92 23686.3 16.1597
200 30 0.211 998.073 21876.6 16.5098
200 30 0.221 878.304 19542.7 16.9235
200 30 0.231 808.368 18107.9 17.1474
200 30 0.241 707.805 16146.8 17.4266
200 30 0.251 661.575 15231.9 17.6964
200 30 0.261 595.812 13887.1 17.9089
200 30 0.271 528.657 12556.5 18.043
200 30 0.281 452.829 11065.2 18.4114
200 30 0.291 432.717 10624.3 18.2707
200 30 0.301 382.29 9634.54 18.3847
200 30 0.311 339.423 8743.06 18.5573
200 30 0.321 314.742 8238.87 18.534
200 30 0.331 272.478 7327.3 18.7647
200 30 0.341 248.571 6847.49 18.7363
200 30 0.351 216.006 6177.15 18.8842
200 30 0.361 190.644 5675.17 18.8579
200 30 0.371 171.489 5234.27 18.8332
200 30 0.381 144.621 4681.92 18.9292
200 30 0.391 134.913 4453.3 18.8907
200 30 0.401 118.635 4096.89 18.8869
200 30 0.411 103.488 3781.23 18.7794
200 30 0.421 92.577 3567.11 18.8151
200 30 0.431 85.02 3362.23 18.709
200 30 0.441 69.759 3037.18 18.8658
200 30 0.451 63.474 2911.35 18.626
200 30 0.461 54.948 2700.98 18.5951
200 30 0.471 48.594 2551.32 18.4933
200 30 0.481 41.145 2409.51 18.434
200 30 0.491 35.313 2259.77 18.3523
200 30 0.501 34.746 2210.02 18.5837
200 30 0.511 26.754 2035.08 18.1964
200 30 0.521 26.805 2025.46 19.2055
200 30 0.531 22.329 1912.66 19.8204
200 30 0.541 19.095 1837.72 18.5662
200 30 0.551 16.767 1774.46 17.7892
200 30 0.561 16.671 1757.78 17.7943
200 30 0.571 11.133 1631.21 17.6221
200 30 0.581 11.964 1628.42 17.6
200 30 0.591 9.237 1566.67 17.5935
200 30 0.601 7.98 1521.24 17.5036
200 30 0.611 7.587 1508.3 17.4794
200 30 0.621 5.475 1455.45 17.6637
200 30 0.631 6.471 1456.79 19.2425
200 30 0.641 4.5 1406.66 19.4299
200 30 0.651 3.954 1380.66 19.2632
200 30 0.661 3.465 1361.17 19.4091
200 30 0.671 2.073 1330.06 19.1782
200 30 0.681 2.391 1317.71 18.5421
200 30 0.691 1.59 1289.35 18.3702
200 30 0.701 1.941 1292.29 19.1575
200 30 0.711 1.395 1269.27 19.4208
200 30 0.721 1.203 1259.67 19.2314
200 30 0.731 0.978 1245.06 19.1458
200 30 0.741 0.834 1232.97 19.1075
200 30 0.751 0.564 1219.88 17.9428
200 30 0.761 0.732 1216.74 17.4758
200 30 0.771 0.474 1202.9 17.4332
200 30 0.781 0.234 1190.67 17.412
200 30 0.791 0.357 1184.55 17.4172
200 30 0.801 0.201 1174.84 17.3381
200 30 0.811 0.246 1168.18 17.2363
200 30 0.821 0.36 1166.18 17.2584
200 30 0.831 0.207 1155.68 17.2314
200 30 0.841 0.174 1149.46 17.1996
200 30 0.851 0.075 1136.86 17.0858
200 30 0.861 0.12 1134.43 16.9253
200 30 0.871 0.144 1128.32 16.8415
200 30 0.881 0.087 1121.37 16.8931
200 30 0.891 0.063 1113.86 16.75
200 30 0.901 0.066 1110.98 16.9889
200 30 0.911 0.054 1104.26 17.9236
200 30 0.921 0.03 1099.93 18.7658
200 30 0.931 0.018 1095.27 18.7303
200 30 0.941 0.006 1089.58 18.7207
200 30 0.951 0.045 1085.12 18.6708
200 30 0.961 0.012 1080.57 18.5557
200 30 0.971 0.015 1073.78 18.6949
200 30 0.981 0.006 1069.15 18.5533
200 30 0.991 0.003 1065.21 17.1483
200 30 1.001 0 1060.2 16.6537
200 30 1.011 0 1055.95 16.3735
200 30 1.021 0.012 1051.18 16.4059
200 30 1.031 0 1046.92 16.4112
200 30 1.041 0.003 1043.08 16.2504
200 30 1.051 0.003 1038.89 16.2841
200 30 1.061 0.003 1033.87 16.3014
200 30 1.071 0 1031.53 16.2546
200 30 1.081 0 1026.62 16.0673
200 30 1.091 0 1025.38 16.0462
200 30 1.101 0 1019.88 15.9343
200 30 1.111 0 1017.03 15.8244
200 30 1.121 0 1014.2 16.0591
200 30 1.131 0 1010.35 16.1462
200 30 1.141 0 1007.61 16.1369
200 30 1.151 0 1005.3 15.9959
200 30 1.161 0 1002.28 17.0071
200 30 1.171 0 999.367 16.358
200 30 1.181 0 996.072 16.0506
200 30 1.191 0 992.896 15.9255
200 30 1.201 0 989.093 15.8391
200 30 1.211 0 986.642 15.6526
200 30 1.221 0 984.25 15.7046
200 30 1.231 0 980.652 15.5179
200 30 1.241 0 980.703 15.5305
200 30 1.251 0 977.384 15.3432
200 30 1.261 0 973.097 15.2098
200 30 1.271 0 971.794 15.1871
200 30 1.281 0 968.752 15.0376
200 30 1.291 0 965.646 14.8999
200 30 1.301 0 964.151 14.8943
200 30 1.311 0 961.014 14.7445
200 30 1.321 0 957.932 14.5854
200 30 1.331 0 956.988 14.6008
200 30 1.341 0 954.704 14.5413
200 30 1.351 0 952.292 14.3084
200 30 1.361 0 949.939 13.8532
200 30 1.371 0 948.745 13.8119
200 30 1.381 0 945.158 13.7748
200 30 1.391 0 943.593 14.8555
200 30 1.401 0 941.627 13.9063
200 30 1.411 0 939.573 13.4223
200 30 1.421 0 937.289 13.2329
200 30 1.431 0 936.348 13.1322
200 30 1.441 0 932.974 13.1048
200 30 1.451 0 931.342 13.1134
200 30 1.461 0 929.378 12.9505
200 30 1.471 0 928.297 12.9003
200 30 1.481 0 926.059 12.8067
200 30 1.491 0 924.66 12.5956
200 30 1.501 0 923.238 12.4991
200 30 1.511 0 921.581 13.6698
200 30 1.521 0 919.824 13.4517
200 30 1.531 0 917.973 12.1051
200 30 1.541 0 916.651 11.9058
200 30 1.551 0 914.891 12.3262
200 30 1.561 0 913.221 11.8041
200 30 1.571 0 912.121 11.7748
200 30 1.581 0 910.339 12.6013
200 30 1.591 0 908.469 11.7313
200 30 1.601 0 907.483 11.7071
200 30 1.611 0 906.342 11.648
200 30 1.621 0 905.289 11.7965
200 30 1.631 0 904.032 11.5302
200 30 1.641 0 903.246 11.7009
200 30 1.651 0 901.632 12.1911
200 30 1.661 0 900.791 12.0557
200 30 1.671 0 899.793 12.1044
200 30 1.681 0 898.454 11.6803
200 30 1.691 0 897.783 10.7528
200 30 1.701 0 896.372 10.6586
200 30 1.711 0 895.538 10.7048
200 30 1.721 0 894.419 11.3742
200 30 1.731 0 892.618 10.8117
200 30 1.741 0 892.19 11.409
200 30 1.751 0 891.217 11.3045
200 30 1.761 0 889.8 11.2059
200 30 1.771 0 888.85 10.7877
200 30 1.781 0 887.98 10.4137
200 30 1.791 0 886.693 10.8167
200 30 1.801 0 885.906 10.5985
200 30 1.811 0 884.924 10.6385
200 30 1.821 0 884.102 10.4889
200 30 1.831 0 883.153 10.3394
200 30 1.841 0 882.145 10.3658
200 30 1.851 0 881.302 9.2314
200 30 1.861 0 880.878 8.992
200 30 1.871 0 879.325 8.8559
200 30 1.881 0 878.971 8.7788
200 30 1.891 0 878.091 8.6287
200 30 1.901 0 877.126 8.5313
200 30 1.911 0 876.05 8.3671
200 30 1.921 0 875.136 8.3226
200 30 1.931 0 874.733 8.9117
200 30 1.941 0 873.936 8.7949
200 30 1.951 0 873.184 8.6453
200 30 1.961 0 872.304 8.4843
200 30 1.971 0 871.432 8.3416
200 30 1.981 0 870.596 8.1623
200 30 1.991 0 869.918 7.9496
200 40 0.001 6421.21 68539.4 184.517
200 40 0.011 6159.77 66352.5 179.763
200 40 0.021 5863.23 63861 173.213
200 40 0.031 5590.77 61547.9 168.092
200 40 0.041 5292.59 59035.4 151.819
200 40 0.051 5006.26 56638.3 139.53
200 40 0.061 4691.66 53842.2 135.426
200 40 0.071 4494.99 52120 127.428
200 40 0.081 4191.89 49478 136.522
200 40 0.091 3964.74 47467.6 133.399
200 40 0.101 3691.24 45057.6 126.618
200 40 0.111 3476.92 43052.4 123.406
200 40 0.121 3260.57 41069.2 118.466
200 40 0.131 3094.81 39493.8 113.579
200 40 0.141 2866.15 37488.8 106.512
200 40 0.151 2686.41 35651 102.984
200 40 0.161 2520.33 34011.3 100.241
200 40 0.171 2350.23 32490.1 85.9999
200 40 0.181 2184.1 30873.2 89.1317
200 40 0.191 2041.45 29345.3 88.5483
200 40 0.201 1887.95 27871.8 85.1314
200 40 0.211 1744.8 26350.5 81.909
200 40 0.221 1639.27 25179.3 79.5392
200 40 0.231 1554.57 24271.4 78.3108
200 40 0.241 1427.11 22901.3 74.9261
200 40 0.251 1326.06 21848 72.5151
200 40 0.261 1242.89 20811.5 70.8082
200 40 0.271 1162.2 19932.9 68.9115
200 40 0.281 1078.64 18874.5 66.7577
200 40 0.291 1016.28 18218.1 67.3612
200 40 0.301 925.08 17124 65.1954
200 40 0.311 873.862 16475.5 63.9781
200 40 0.321 803.95 15594.7 62.7166
200 40 0.331 740.101 14707.3 61.7483
200 40 0.341 702.916 14253.2 61.0578
200 40 0.351 651.196 13606.7 59.9253
200 40 0.361 614.302 13033.4 59.3979
200 40 0.371 561.732 12319.3 58.8876
200 40 0.381 523.835 11846.9 57.9868
200 40 0.391 478.405 11159.9 57.4503
200 40 0.401 447.729 10675.4 56.9512
200 40 0.411 410.824 10146.2 57.0176
200 40 0.421 383.625 9754.76 55.0454
200 40 0.431 364.573 9366.67 54.4165
200 40 0.441 332.377 8852.87 52.9475
200 40 0.451 314.989 8575.59 53.0473
200 40 0.461 289.324 8098.6 52.0281
200 40 0.471 276.31 7850.05 51.9346
200 40 0.481 244.742 7415.65 51.2305
200 40 0.491 234.732 7192.36 51.862
200 40 0.501 215.087 6829.94 49.887
200 40 0.511 202.42 6574.99 49.6225
200 40 0.521 186.935 6257.17 49.5641
200 40 0.531 172.34 5966.36 50.8888
200 40 0.541 162.004 5761.05 48.9288
200 40 0.551 149.96 5516.77 48.2094
200 40 0.561 135.543 5211.58 47.1118
200 40 0.571 125.72 4998.1 46.6802
200 40 0.581 121.48 4874.5 47.1786
200 40 0.591 109.452 4631.09 45.966
200 40 0.601 97.2802 4362.58 45.1745
200 40 0.611 92.3098 4193.71 44.7654
200 40 0.621 83.3514 4053.4 44.335
200 40 0.631 79.2466 3893.01 46.9383
200 40 0.641 73.6256 3741.36 66.7678
200 40 0.651 66.5112 3550.33 44.5743
200 40 0.661 62.4563 3457.46 51.5352
200 40 0.671 57.7126 3292.63 41.2999
200 40 0.681 52.8997 3169.5 40.656
200 40 0.691 49.4243 3076.85 40.7186
200 40 0.701 45.8875 2955 43.762
200 40 0.711 41.4162 2851.45 59.1448
200 40 0.721 39.482 2779.16 49.2475
200 40 0.731 35.7524 2666.88 40.9469
200 40 0.741 33.0533 2562.25 38.1085
200 40 0.751 29.4536 2461.54 37.2227
200 40 0.761 27.6605 2379.24 36.47
200 40 0.771 27.6546 2372.66 43.1138
200 40 0.781 24.1133 2248.59 35.4364
200 40 0.791 21.0771 2154.66 36.5801
200 40 0.801 20.5043 2139.87 38.3378
200 40 0.811 19.3698 2070.94 36.8797
200 40 0.821 17.4209 2033.4 37.1073
200 40 0.831 15.5386 1943.77 36.1202
200 40 0.841 14.3071 1877.77 35.5809
200 40 0.851 13.6345 1877.4 35.6037
200 40 0.861 12.3389 1785.78 34.7316
200 40 0.871 10.8394 1735.19 33.579
200 40 0.881 10.0854 1714.55 33.2631
200 40 0.891 9.3093 1655.18 32.5951
200 40 0.901 9.0333 1646.79 32.5454
200 40 0.911 7.2788 1578.83 31.7621
200 40 0.921 7.4026 1569.42 31.6691
200 40 0.931 6.1242 1502.89 30.5164
200 40 0.941 5.9654 1494.46 30.6995
200 40 0.951 5.4412 1463.86 29.87
200 40 0.961 4.3763 1418.71 29.6591
200 40 0.971 4.2978 1411.59 29.1117
200 40 0.981 3.9103 1381.58 28.8004
200 40 0.991 3.7285 1366.5 28.5838
200 40 1.001 3.1512 1341.98 26.5223
200 40 1.011 2.7348 1306.7 25.5482
200 40 1.021 2.7392 1305.92 27.5908
200 40 1.031 2.3145 1277.71 27.0335
200 40 1.041 2.0341 1263.92 25.0475
200 40 1.051 1.87 1247.72 25.4677
200 40 1.061 2.0441 1242.39 26.1938
200 40 1.071 1.5365 1214.47 25.8497
200 40 1.081 1.4242 1204.64 25.5954
200 40 1.091 1.2851 1189.5 24.2049
200 40 1.101 1.0896 1172.17 22.8547
200 40 1.111 0.9774 1164.25 22.0489
200 40 1.121 0.9917 1154.54 21.8547
200 40 1.131 0.83 1141.86 21.3609
200 40 1.141 0.8111 1135.3 21.3175
200 40 1.151 0.7739 1125.56 22.1498
200 40 1.161 0.6732 1118.49 23.2796
200 40 1.171 0.5562 1103.16 21.0852
200 40 1.181 0.5193 1095.46 20.3207
200 40 1.191 0.4781 1089.12 20.149
200 40 1.201 0.4603 1082.2 21.3069
200 40 1.211 0.3802 1073.04 21.7977
200 40 1.221 0.3995 1069.04 21.8669
200 40 1.231 0.2812 1058.33 21.5037
200 40 1.241 0.2872 1054.26 21.3497
200 40 1.251 0.2402 1047.11 21.1242
200 40 1.261 0.2593 1041.11 20.1384
200 40 1.271 0.2543 1037.41 18.8678
200 40 1.281 0.2071 1028.1 18.6345
200 40 1.291 0.1906 1025.26 18.4527
200 40 1.301 0.159 1019.19 18.2296
200 40 1.311 0.1389 1012.77 18.1161
200 40 1.321 0.1189 1005.24 17.7712
200 40 1.331 0.1106 1002.52 17.7686
200 40 1.341 0.1045 997.601 17.5337
200 40 1.351 0.0912 993.486 17.4585
200 40 1.361 0.0804 990.29 17.3569
200 40 1.371 0.0725 984.272 17.3373
200 40 1.381 0.0726 981.346 17.0487
200 40 1.391 0.0507 975.952 17.0046
200 40 1.401 0.0666 971.635 17.1017
200 40 1.411 0.0492 968.94 18.1381
200 40 1.421 0.0423 965.64 18.2812
200 40 1.431 0.0436 962.771 18.2268
200 40 1.441 0.0351 958.037 17.7844
200 40 1.451 0.0334 956.258 16.0311
200 40 1.461 0.0215 950.765 15.7458
200 40 1.471 0.0233 948.651 15.6719
200 40 1.481 0.0174 945.521 15.5808
200 40 1.491 0.0118 941.973 15.4668
200 40 1.501 0.0116 939.66 15.4396
200 40 1.511 0.0123 936.854 15.3145
200 40 1.521 0.0164 934.738 15.339
200 40 1.531 0.0097 931.277 16.4831
200 40 1.541 0.0145 929.46 15.3291
200 40 1.551 0.0069 925.737 15.1242
200 40 1.561 0.0046 922.711 15.0508
200 40 1.571 0.0059 921.026 15.028
200 40 1.581 0.0069 918.399 14.8816
200 40 1.591 0.0051 917.074 14.8409
200 40 1.601 0.0045 916.191 14.7111
200 40 1.611 0.0024 912.701 14.5791
200 40 1.621 0.0026 910.345 14.7659
200 40 1.631 0.0046 909.335 14.8905
200 40 1.641 0.0026 906.735 14.2974
200 40 1.651 0.0023 904.574 14.2228
200 40 1.661 0.0031 902.731 14.0562
200 40 1.671 0.0014 900.362 14.0097
200 40 1.681 0.0008 898.653 14.006
200 40 1.691 0.001 896.819 13.8983
200 40 1.701 0.001 894.206 13.7196
200 40 1.711 0.0018 892.652 13.7699
200 40 1.721 0.0002 890.88 13.5972
200 40 1.731 0.0007 889.032 13.5669
200 40 1.741 0.0013 887.592 13.4844
200 40 1.751 0 885.82 13.4137
200 40 1.761 0 884.229 13.3183
200 40 1.771 0.0002 883.386 13.27
200 40 1.781 0.0004 880.61 13.1624
200 40 1.791 0.0002 879.039 13.0167
200 40 1.801 0.0003 877.896 13.016
200 40 1.811 0.0009 876.459 12.8879
200 40 1.821 0.0003 874.142 12.7998
200 40 1.831 0.0002 873.172 12.6613
200 40 1.841 0.0003 872.236 12.4874
200 40 1.851 0 870.245 13.7739
200 40 1.861 0 869.219 13.9076
200 40 1.871 0 867.897 13.7701
200 40 1.881 0 866.629 13.5183
200 40 1.891 0 865.098 12.3635
200 40 1.901 0 863.957 12.2549
200 40 1.911 0.0003 862.611 12.1964
200 40 1.921 0 861.086 12.0808
200 40 1.931 0.0002 859.599 11.9931
200 40 1.941 0 858.677 11.9096
200 40 1.951 0 857.047 11.7726
200 40 1.961 0 855.987 11.6871
200 40 1.971 0.0003 854.945 12.4054
200 40 1.981 0 853.79 12.4148
200 40 1.991 0 852.718 12.2424
300 10 0.001 2906.27 66952.5 1.4495
300 10 0.011 2863.17 66041.1 1.6863
300 10 0.021 2810.14 64873.9 2.1439
300 10 0.031 2750.02 63620.2 3.9538
300 10 0.041 2696.04 62423.8 4.4069
300 10 0.051 2628.18 61006.8 4.9095
300 10 0.061 2582.08 59998.4 5.3549
300 10 0.071 2517.82 58615.2 5.9412
300 10 0.081 2455.8 57221 5.8924
300 10 0.091 2391.39 55898.1 6.5483
300 10 0.101 2325.84 54484.5 7.0876
300 10 0.111 2263.08 53137.4 7.5179
300 10 0.121 2197.24 51661.2 8.4279
300 10 0.131 2143.47 50532.7 9.5469
300 10 0.141 2089.47 49315.2 9.7211
300 10 0.151 2014.41 47721.8 10.7617
300 10 0.161 1961.73 46624.5 11.5866
300 10 0.171 1898.78 45220.6 12.3847
300 10 0.181 1827.11 43698.7 13.2656
300 10 0.191 1775.85 42582 13.8612
300 10 0.201 1732.94 41568 14.5975
300 10 0.211 1684.76 40540 15.6489
300 10 0.221 1622.62 39132.4 16.8906
300 10 0.231 1575.42 38109.4 17.9834
300 10 0.241 1521.66 37019.4 20.2223
300 10 0.251 1428.65 34961.2 20.1985
300 10 0.261 1410.85 34580.5 20.5866
300 10 0.271 1368.03 33588.6 21.4295
300 10 0.281 1308.56 32332.5 22.2448
300 10 0.291 1270.5 31504.6 23.0474
300 10 0.301 1205.14 30112.2 24.3243
300 10 0.311 1171.12 29257.5 25.3648
300 10 0.321 1137.11 28529.3 25.8925
300 10 0.331 1088 27438.6 26.9223
300 10 0.341 1043.09 26463.3 28.4471
300 10 0.351 1025.08 26029.6 29.414
300 10 0.361 988.891 25227.4 29.9425
300 10 0.371 930.099 23946.4 30.8744
300 10 0.381 892.649 23118.3 31.6384
300 10 0.391 862.402 22444 31.5417
300 10 0.401 827.8 21678.6 32.7917
300 10 0.411 791.83 20853.4 34.7064
300 10 0.421 755.886 20022.7 35.997
300 10 0.431 737.659 19585.6 36.1668
300 10 0.441 699.731 18774.8 37.025
300 10 0.451 669.432 18065.6 37.9575
300 10 0.461 629.72 17180.8 39.3182
300 10 0.471 609.26 16711.4 39.9917
300 10 0.481 579.572 16010.4 40.9196
300 10 0.491 572.664 15837.7 41.1587
300 10 0.501 528.215 14860.2 42.7053
300 10 0.511 506.902 14347.6 43.5731
300 10 0.521 483.7 13857.5 44.3995
300 10 0.531 457.453 13219 45.34
300 10 0.541 439.107 12800.6 45.9257
300 10 0.551 421.372 12372.3 46.6498
300 10 0.561 401.561 11914.3 47.5632
300 10 0.571 382.688 11491.1 48.2452
300 10 0.581 356.472 10891.3 49.752
300 10 0.591 346.334 10612 49.4141
300 10 0.601 324.692 10139.3 51.0764
300 10 0.611 311.739 9833.7 51.7263
300 10 0.621 286.173 9249.33 52.7295
300 10 0.631 274.525 8962.44 53.5292
300 10 0.641 269.188 8800.41 53.0762
300 10 0.651 248.873 8347.7 54.9027
300 10 0.661 238.567 8061.2 55.9616
300 10 0.671 225.227 7784.66 56.9065
300 10 0.681 214.595 7515.38 57.4973
300 10 0.691 203.162 7227.76 58.0812
300 10 0.701 194.142 7004.98 57.6786
300 10 0.711 175.593 6566.22 58.8414
300 10 0.721 173.845 6492.04 57.8666
300 10 0.731 162.172 6227.13 58.0757
300 10 0.741 151.729 5967.3 58.4221
300 10 0.751 145.843 5820.15 58.5189
300 10 0.761 131.671 5494.22 59.3807
300 10 0.771 129.49 5386.27 59.937
300 10 0.781 121.505 5227.2 60.4063
300 10 0.791 112.042 4993.71 60.7765
300 10 0.801 104.006 4775.13 61.0967
300 10 0.811 99.372 4651.84 61.3822
300 10 0.821 91.851 4468.79 62.7794
300 10 0.831 86.181 4342.04 62.8496
300 10 0.841 83.052 4222.12 63.1838
300 10 0.851 74.976 4038.7 63.8743
300 10 0.861 71.876 3938.37 63.7111
300 10 0.871 66.679 3806.86 64.5688
300 10 0.881 63.814 3717.25 64.5718
300 10 0.891 57.983 3566.93 66.1575
300 10 0.901 53.775 3454.94 65.644
300 10 0.911 51.612 3387.02 65.8892
300 10 0.921 46.904 3266.99 66.314
300 10 0.931 44.192 3184.44 66.2424
300 10 0.941 41.591 3121.18 66.5162
300 10 0.951 38.903 3040.8 66.7936
300 10 0.961 35.184 2935.63 67.1035
300 10 0.971 31.831 2840.93 67.4575
300 10 0.981 29.376 2766.81 67.535
300 10 0.991 27.867 2729.34 67.6666
300 10 1.001 24.534 2629.57 67.2296
300 10 1.011 23.609 2576.28 67.4578
300 10 1.021 20.851 2515.35 68.2765
300 10 1.031 19.178 2463.2 67.9891
300 10 1.041 19.054 2445.47 70.3805
300 10 1.051 17.152 2385.25 70.567
300 10 1.061 15.276 2330.54 70.2484
300 10 1.071 14.162 2294.7 68.7045
300 10 1.081 13.682 2266.87 68.271
300 10 1.091 12.488 2225.36 68.5841
300 10 1.101 11.151 2183.4 68.7906
300 10 1.111 10.862 2162.75 68.6755
300 10 1.121 9.5 2122.07 68.5254
300 10 1.131 8.293 2079.27 67.6037
300 10 1.141 7.811 2059.01 68.8818
300 10 1.151 8.132 2054.48 68.8824
300 10 1.161 7.325 2023.31 68.851
300 10 1.171 6.421 1993.75 68.3161
300 10 1.181 6.168 1980.09 67.1581
300 10 1.191 5.695 1956.57 66.2774
300 10 1.201 5.173 1934.11 65.9341
300 10 1.211 4.944 1913.94 65.252
300 10 1.221 4.276 1888.83 65.07
300 10 1.231 4.199 1880.42 64.8518
300 10 1.241 3.718 1857.4 64.3001
300 10 1.251 3.523 1846.72 64.2442
300 10 1.261 3.501 1833.86 64.7129
300 10 1.271 3.027 1814.43 64.4997
300 10 1.281 2.695 1798.04 62.9684
300 10 1.291 2.57 1785.7 62.8603
300 10 1.301 2.412 1773.01 62.3495
300 10 1.311 2.064 1758.28 61.7127
300 10 1.321 2.098 1745.01 61.4504
300 10 1.331 2.093 1737.93 61.2429
300 10 1.341 1.597 1716.57 60.7291
300 10 1.351 1.57 1710.42 60.4559
300 10 1.361 1.422 1695.87 59.7331
300 10 1.371 1.391 1686.61 59.4329
300 10 1.381 1.161 1673.79 58.9335
300 10 1.391 1.178 1667.84 58.8273
300 10 1.401 0.952 1653.63 58.0478
300 10 1.411 0.991 1648.06 57.7476
300 10 1.421 0.95 1635.7 57.0691
300 10 1.431 0.797 1624.28 56.8205
300 10 1.441 0.764 1618.64 56.0314
300 10 1.451 0.636 1610.64 55.9138
300 10 1.461 0.596 1601.6 55.2831
300 10 1.471 0.507 1590.3 54.8158
300 10 1.481 0.527 1582.46 54.3157
300 10 1.491 0.441 1573.89 53.7551
300 10 1.501 0.439 1565.52 53.0052
300 10 1.511 0.423 1560.48 52.1426
300 10 1.521 0.348 1552.78 51.8354
300 10 1.531 0.332 1546.45 51.0567
300 10 1.541 0.268 1538.34 50.635
300 10 1.551 0.268 1528.93 50.0179
300 10 1.561 0.214 1524.41 49.7775
300 10 1.571 0.216 1516.79 48.9014
300 10 1.581 0.172 1511.41 48.2719
300 10 1.591 0.182 1504.53 47.9212
300 10 1.601 0.161 1498.01 47.5147
300 10 1.611 0.144 1495.46 47.3308
300 10 1.621 0.123 1487.66 46.596
300 10 1.631 0.134 1485.74 46.4164
300 10 1.641 0.117 1478.71 46.2793
300 10 1.651 0.123 1473.4 45.478
300 10 1.661 0.104 1468.07 45.3656
300 10 1.671 0.08 1461.88 44.9914
300 10 1.681 0.09 1457.58 44.8244
300 10 1.691 0.084 1453.96 45.5473
300 10 1.701 0.081 1448.89 45.4079
300 10 1.711 0.062 1443.56 44.5556
300 10 1.721 0.069 1437.95 43.3614
300 10 1.731 0.061 1435.83 43.0837
300 10 1.741 0.06 1429.99 42.6443
300 10 1.751 0.042 1424.88 41.9906
300 10 1.761 0.042 1419.71 41.8002
300 10 1.771 0.033 1416.23 41.4727
300 10 1.781 0.037 1411.45 41.1513
300 10 1.791 0.026 1405.79 40.456
300 10 1.801 0.022 1401.15 39.8747
300 10 1.811 0.03 1398.2 39.6104
300 10 1.821 0.025 1394.75 39.4077
300 10 1.831 0.017 1389.3 38.8854
300 10 1.841 0.016 1386.01 38.3508
300 10 1.851 0.012 1381.31 37.6904
300 10 1.861 0.015 1376.85 37.2805
300 10 1.871 0.02 1372.62 36.9031
300 10 1.881 0.015 1369.24 37.2278
300 10 1.891 0.006 1365.05 36.2161
300 10 1.901 0.011 1361.95 35.6297
300 10 1.911 0.009 1357.35 35.0803
300 10 1.921 0.006 1355.57 34.8288
300 10 1.931 0.006 1352.03 34.8524
300 10 1.941 0.008 1347.21 34.2545
300 10 1.951 0.01 1343.65 33.7877
300 10 1.961 0.004 1340.63 32.8132
300 10 1.971 0.003 1337.01 31.9376
300 10 1.981 0.003 1333.19 31.36
300 10 1.991 0.002 1330.06 30.9969
300 20 0.001 5603.75 115126 4.0304
300 20 0.011 5435.38 111850 4.3693
300 20 0.021 5239.38 107972 5.0707
300 20 0.031 5011.75 103553 6.4253
300 20 0.041 4818.99 99678.3 6.3718
300 20 0.051 4584.51 95197.8 7.3511
300 20 0.061 4350.08 90649.8 8.333
300 20 0.071 4167.6 86970.2 8.9183
300 20 0.081 3976.44 83116.9 9.944
300 20 0.091 3777.43 79186.7 10.9702
300 20 0.101 3603.47 75768.2 11.5955
300 20 0.111 3373.27 71263.6 12.6123
300 20 0.121 3232.02 68338 14.2701
300 20 0.131 3030.22 64450.7 16.1479
300 20 0.141 2862.37 60977.9 19.4292
300 20 0.151 2731.42 58392.9 20.4909
300 20 0.161 2552.51 54873.9 21.8631
300 20 0.171 2393.15 51733.5 23.0673
300 20 0.181 2232.84 48419.7 23.1462
300 20 0.191 2109.53 45971.8 23.9452
300 20 0.201 1972.07 43333.7 21.0415
300 20 0.211 1840.58 40577.7 22.6008
300 20 0.221 1759.25 38972.5 23.4098
300 20 0.231 1638.87 36490.5 24.3496
300 20 0.241 1512.6 33969.1 25.2428
300 20 0.251 1401.16 31662.7 26.2815
300 20 0.261 1318.4 29975.5 27.1626
300 20 0.271 1236.14 28340.3 27.9094
300 20 0.281 1129.58 26165.9 28.5344
300 20 0.291 1042.54 24387.9 29.3783
300 20 0.301 993.642 23262.2 29.7627
300 20 0.311 917.46 21784.3 30.5536
300 20 0.321 852.672 20431.2 31.2345
300 20 0.331 798.09 19256 31.6961
300 20 0.341 737.33 18032.9 32.1701
300 20 0.351 674.796 16628.6 32.7769
300 20 0.361 649.16 16124.4 33.2984
300 20 0.371 580.518 14748 33.7709
300 20 0.381 543.014 13908.2 34.0715
300 20 0.391 502.648 13078.7 34.6126
300 20 0.401 453.68 12045.5 35.2132
300 20 0.411 419.302 11323 35.1522
300 20 0.421 381.778 10533 35.983
300 20 0.431 354.798 9904.48 36.5963
300 20 0.441 328.366 9331.19 36.5446
300 20 0.451 308.682 8902.97 36.8522
300 20 0.461 274.976 8173.77 36.6882
300 20 0.471 252.238 7702.6 37.2078
300 20 0.481 228.894 7195.48 37.2222
300 20 0.491 210.674 6781.19 37.2625
300 20 0.501 186.012 6257.82 37.4793
300 20 0.511 171.13 5894.82 38.2792
300 20 0.521 156.384 5549.89 38.6528
300 20 0.531 149.338 5372.28 38.5254
300 20 0.541 128.796 4939.82 39.1136
300 20 0.551 118.056 4668.77 39.0989
300 20 0.561 104.35 4374.38 39.2504
300 20 0.571 97.212 4210.2 38.6971
300 20 0.581 89.832 4019.58 38.7325
300 20 0.591 80.268 3813.23 38.6212
300 20 0.601 73.638 3644.13 39.6054
300 20 0.611 65.398 3447.82 39.7905
300 20 0.621 57.524 3248.02 39.1735
300 20 0.631 55.724 3194.18 38.9056
300 20 0.641 51.006 3064.13 39.6694
300 20 0.651 44.89 2918 38.4469
300 20 0.661 38.862 2771.02 39.2409
300 20 0.671 34.88 2654.53 38.7571
300 20 0.681 32.894 2608.69 39.975
300 20 0.691 26.692 2455.66 39.8885
300 20 0.701 25.116 2397.75 39.4363
300 20 0.711 22.476 2324.2 39.6844
300 20 0.721 20.632 2259.11 39.9857
300 20 0.731 18.716 2205.3 40.1042
300 20 0.741 15.378 2124.09 40.0131
300 20 0.751 14.196 2068.61 40.1342
300 20 0.761 13.096 2037.23 40.1983
300 20 0.771 11.87 1987.94 39.7794
300 20 0.781 10.556 1945.9 38.5759
300 20 0.791 8.964 1899.64 40.0396
300 20 0.801 8.036 1865.15 39.9556
300 20 0.811 6.804 1823.1 39.7974
300 20 0.821 5.91 1780.48 37.9538
300 20 0.831 5.26 1760.34 37.8231
300 20 0.841 4.768 1727.71 37.958
300 20 0.851 4.16 1702.22 38.3395
300 20 0.861 3.54 1669.2 38.248
300 20 0.871 3.834 1664.23 38.1708
300 20 0.881 2.664 1632.74 38.1015
300 20 0.891 2.934 1623.66 37.921
300 20 0.901 2.086 1594.52 37.9377
300 20 0.911 2.016 1577.83 38.8805
300 20 0.921 1.73 1562.34 36.9937
300 20 0.931 1.41 1540.92 36.7593
300 20 0.941 1.298 1526.71 36.7673
300 20 0.951 1.06 1513.18 38.6742
300 20 0.961 1.134 1503.57 36.9771
300 20 0.971 0.936 1483.14 36.6215
300 20 0.981 0.65 1473.71 36.3849
300 20 0.991 0.634 1459.64 36.4495
300 20 1.001 0.622 1448.17 36.2977
300 20 1.011 0.396 1431.55 36.1591
300 20 1.021 0.382 1422.64 36.8958
300 20 1.031 0.268 1411.07 38.3619
300 20 1.041 0.272 1402.64 37.9948
300 20 1.051 0.232 1391.35 36.4192
300 20 1.061 0.188 1382.9 36.2738
300 20 1.071 0.156 1375.88 36.0613
300 20 1.081 0.194 1370.3 37.9635
300 20 1.091 0.164 1361.13 37.7834
300 20 1.101 0.102 1351.22 37.663
300 20 1.111 0.106 1344.46 37.5387
300 20 1.121 0.168 1339.5 37.3917
300 20 1.131 0.066 1329.74 37.1759
300 20 1.141 0.1 1323.47 37.0117
300 20 1.151 0.086 1317.85 36.8098
300 20 1.161 0.044 1308.29 36.493
300 20 1.171 0.078 1302.76 36.3048
300 20 1.181 0.036 1296.19 36.4004
300 20 1.191 0.004 1290.83 36.1688
300 20 1.201 0.032 1286.05 35.9347
300 20 1.211 0.032 1279.49 35.2349
300 20 1.221 0.022 1274.19 35.6445
300 20 1.231 0.012 1268.4 35.4427
300 20 1.241 0.016 1263.05 34.0665
300 20 1.251 0.02 1258.21 32.926
300 20 1.261 0.008 1252.77 32.8016
300 20 1.271 0.004 1245.59 32.3634
300 20 1.281 0.006 1241.59 33.1431
300 20 1.291 0.014 1236.37 34.4574
300 20 1.301 0 1231.64 32.8863
300 20 1.311 0.002 1227.88 33.6169
300 20 1.321 0.006 1222.57 33.7286
300 20 1.331 0 1219.61 32.9616
300 20 1.341 0 1212.45 31.9821
300 20 1.351 0.004 1207.74 31.7016
300 20 1.361 0.002 1204.34 31.5662
300 20 1.371 0.002 1198.5 31.1931
300 20 1.381 0 1196.64 31.7092
300 20 1.391 0.002 1191.08 32.1772
300 20 1.401 0 1187.61 31.7703
300 20 1.411 0 1182.26 31.0933
300 20 1.421 0 1179.05 29.8339
300 20 1.431 0 1174.07 29.5232
300 20 1.441 0.002 1170.53 29.4492
300 20 1.451 0.002 1165.77 28.9853
300 20 1.461 0 1162.91 29.037
300 20 1.471 0 1159.82 28.7436
300 20 1.481 0 1156.28 28.6283
300 20 1.491 0 1152.07 28.3795
300 20 1.501 0 1145.96 27.9607
300 20 1.511 0 1144.36 27.7425
300 20 1.521 0 1141.2 27.5481
300 20 1.531 0 1137.82 27.2603
300 20 1.541 0 1134.28 27.0846
300 20 1.551 0 1131.04 26.8703
300 20 1.561 0 1128.08 26.5765
300 20 1.571 0 1124.38 26.3662
300 20 1.581 0 1121.89 26.0493
300 20 1.591 0 1117.75 25.9772
300 20 1.601 0 1116.58 25.7897
300 20 1.611 0 1113.8 25.6372
300 20 1.621 0 1110.55 25.2803
300 20 1.631 0 1108.87 25.1985
300 20 1.641 0 1106.1 24.9965
300 20 1.651 0 1103.08 24.7988
300 20 1.661 0 1100.61 24.6317
300 20 1.671 0 1098.95 24.4662
300 20 1.681 0 1096.24 24.3383
300 20 1.691 0 1093.9 24.1198
300 20 1.701 0 1091.68 23.8984
300 20 1.711 0 1088.98 23.7529
300 20 1.721 0 1086.91 23.6054
300 20 1.731 0 1084.78 23.3425
300 20 1.741 0 1082.41 23.2263
300 20 1.751 0 1079.92 22.9015
300 20 1.761 0 1077.37 22.8133
300 20 1.771 0 1075.08 22.5219
300 20 1.781 0 1072.78 22.2913
300 20 1.791 0 1071.69 22.222
300 20 1.801 0 1069.8 21.5731
300 20 1.811 0 1067.11 21.276
300 20 1.821 0 1065.36 21.1171
300 20 1.831 0 1062.99 20.7586
300 20 1.841 0 1061.72 20.5482
300 20 1.851 0 1059.25 20.3843
300 20 1.861 0 1057.52 20.08
300 20 1.871 0 1055.89 19.9322
300 20 1.881 0 1053.58 19.6398
300 20 1.891 0 1050.98 19.3481
300 20 1.901 0 1050.16 19.1253
300 20 1.911 0 1048.55 18.9463
300 20 1.921 0 1046.74 18.646
300 20 1.931 0 1045.11 18.3913
300 20 1.941 0 1042.8 18.1653
300 20 1.951 0 1041.37 18.8559
300 20 1.961 0 1040.16 18.4509
300 20 1.971 0 1038.26 17.9728
300 20 1.981 0 1036.38 17.6944
300 20 1.991 0 1034.61 17.264
300 30 0.001 8106.08 159821 10.3175
300 30 0.011 7699.17 152117 11.2729
300 30 0.021 7316.27 144793 12.3814
300 30 0.031 6866.93 136259 12.6743
300 30 0.041 6469.35 128655 13.5332
300 30 0.051 6041.02 120431 14.4649
300 30 0.061 5595.99 111966 15.3183
300 30 0.071 5232.41 105049 16.2012
300 30 0.081 4817.73 97170.5 17.0407
300 30 0.091 4461.08 90216.9 17.9473
300 30 0.101 4166.8 84549.5 18.3738
300 30 0.111 3841.91 78259.3 15.6463
300 30 0.121 3574.62 72996.6 16.0907
300 30 0.131 3225.02 66471.7 17.0645
300 30 0.141 2966.76 61317.6 18.0258
300 30 0.151 2710.68 56368 18.6573
300 30 0.161 2522.39 52705.7 19.2449
300 30 0.171 2262.04 47687.7 19.9845
300 30 0.181 2061.2 43731.9 20.8202
300 30 0.191 1876.5 40096.6 21.741
300 30 0.201 1682.14 36212.8 22.3329
300 30 0.211 1570.21 33997.1 22.9457
300 30 0.221 1381.71 30251.5 23.4604
300 30 0.231 1271.55 28183.9 24.072
300 30 0.241 1145.11 25644.9 24.4063
300 30 0.251 1022.96 23209.4 24.8083
300 30 0.261 949.92 21696.2 24.5574
300 30 0.271 858.738 19858 25.3172
300 30 0.281 759.996 17932.1 25.8084
300 30 0.291 676.386 16117.9 26.2775
300 30 0.301 618.213 15054.5 26.5934
300 30 0.311 545.604 13515.2 26.94
300 30 0.321 492.51 12446.5 27.1444
300 30 0.331 435.843 11304.4 27.3895
300 30 0.341 376.641 10098.7 27.7735
300 30 0.351 345.753 9398.23 27.78
300 30 0.361 312.453 8716.76 27.9561
300 30 0.371 259.494 7669.95 27.8172
300 30 0.381 233.109 7096.48 28.2746
300 30 0.391 218.412 6686.37 28.1324
300 30 0.401 192.615 6196.94 28.3605
300 30 0.411 167.871 5666.79 28.3014
300 30 0.421 148.305 5216.24 28.2781
300 30 0.431 127.464 4803.34 28.4282
300 30 0.441 119.829 4568.1 28.2696
300 30 0.451 101.937 4191.15 28.3403
300 30 0.461 91.122 3923.41 28.1838
300 30 0.471 79.815 3685.71 28.3241
300 30 0.481 71.175 3477.09 28.117
300 30 0.491 58.932 3193.31 28.3334
300 30 0.501 52.479 3052.18 27.5755
300 30 0.511 47.895 2936.91 28.0131
300 30 0.521 39.174 2743.68 28.1411
300 30 0.531 32.454 2559.49 28.0233
300 30 0.541 28.44 2462.33 28.0111
300 30 0.551 23.877 2345.65 28.3444
300 30 0.561 20.661 2260.87 26.3736
300 30 0.571 21.351 2257.46 26.1743
300 30 0.581 16.608 2141.53 26.2705
300 30 0.591 13.662 2058.33 25.9851
300 30 0.601 12.303 2001.11 25.9446
300 30 0.611 11.424 1959.98 25.8449
300 30 0.621 9.645 1913.59 25.9778
300 30 0.631 8.85 1879.23 25.8881
300 30 0.641 6.024 1808.78 25.8314
300 30 0.651 5.178 1761.92 25.7445
300 30 0.661 5.121 1746.09 25.6683
300 30 0.671 3.495 1699.93 25.6838
300 30 0.681 4.128 1693.81 25.6788
300 30 0.691 3.147 1660.57 25.5806
300 30 0.701 2.265 1627.44 25.418
300 30 0.711 2.772 1618.81 25.5647
300 30 0.721 1.485 1586.61 25.4532
300 30 0.731 1.479 1566.44 25.4733
300 30 0.741 1.485 1554.79 25.368
300 30 0.751 0.972 1530.92 25.3639
300 30 0.761 0.939 1518.85 25.3302
300 30 0.771 0.858 1502.78 25.3506
300 30 0.781 0.651 1490.74 25.3965
300 30 0.791 0.555 1477.9 25.3231
300 30 0.801 0.459 1465.03 26.3759
300 30 0.811 0.528 1454.68 27.4011
300 30 0.821 0.306 1440.43 27.2991
300 30 0.831 0.201 1426.86 27.3574
300 30 0.841 0.285 1415.26 27.1362
300 30 0.851 0.132 1402.31 27.2784
300 30 0.861 0.129 1394.28 27.2152
300 30 0.871 0.099 1385.58 27.0957
300 30 0.881 0.084 1377.42 26.9121
300 30 0.891 0.087 1368.12 25.1133
300 30 0.901 0.048 1358.57 25.0684
300 30 0.911 0.048 1351.8 25.0464
300 30 0.921 0.057 1340.95 25.0433
300 30 0.931 0.051 1331.54 24.9681
300 30 0.941 0.018 1321.8 26.3714
300 30 0.951 0.018 1318.34 26.91
300 30 0.961 0.027 1308.47 26.7985
300 30 0.971 0.015 1301.4 26.8388
300 30 0.981 0.018 1293.1 26.6786
300 30 0.991 0.015 1287.72 25.7465
300 30 1.001 0.018 1280.26 25.2294
300 30 1.011 0.003 1271.32 25.1519
300 30 1.021 0 1265.05 25.0897
300 30 1.031 0.003 1260.21 25.0341
300 30 1.041 0.003 1255.17 25.7042
300 30 1.051 0 1247.77 24.771
300 30 1.061 0.003 1240.95 24.2663
300 30 1.071 0 1236.02 24.2503
300 30 1.081 0 1233.03 24.1207
300 30 1.091 0 1227.48 24.0439
300 30 1.101 0 1222.27 23.94
300 30 1.111 0 1217.15 23.887
300 30 1.121 0 1210.96 23.7365
300 30 1.131 0 1208.31 23.5629
300 30 1.141 0 1202.98 23.5748
300 30 1.151 0 1199.97 24.5264
300 30 1.161 0 1194.8 24.9439
300 30 1.171 0.003 1191.63 24.837
300 30 1.181 0 1186.71 23.8689
300 30 1.191 0 1183.14 23.6203
300 30 1.201 0 1179.7 23.5913
300 30 1.211 0 1174.82 23.9183
300 30 1.221 0 1171.63 22.7934
300 30 1.231 0 1168.92 22.7054
300 30 1.241 0 1165.51 22.663
300 30 1.251 0 1162.07 23.8147
300 30 1.261 0 1158.9 24.0531
300 30 1.271 0 1155.6 23.8882
300 30 1.281 0 1150.29 23.7125
300 30 1.291 0 1149.85 23.7653
300 30 1.301 0 1146.31 23.5658
300 30 1.311 0 1143.36 23.5014
300 30 1.321 0 1139.21 23.3085
300 30 1.331 0 1137.25 23.3708
300 30 1.341 0 1132.74 23.0073
300 30 1.351 0 1130.49 22.1026
300 30 1.361 0 1127.91 20.8783
300 30 1.371 0 1125.49 21.1062
300 30 1.381 0 1123.51 20.8532
300 30 1.391 0 1119.65 21.7836
300 30 1.401 0 1117.38 22.1533
300 30 1.411 0 1114.83 21.4699
300 30 1.421 0 1112.55 21.5403
300 30 1.431 0 1109.22 20.2293
300 30 1.441 0 1106.58 20.4196
300 30 1.451 0 1104.89 19.7441
300 30 1.461 0 1102.59 20.2096
300 30 1.471 0 1100.36 21.3236
300 30 1.481 0 1097.94 19.9601
300 30 1.491 0 1095.67 20.6576
300 30 1.501 0 1092.86 19.6398
300 30 1.511 0 1090.57 19.4919
300 30 1.521 0 1088.75 19.3057
300 30 1.531 0 1086.16 19.1289
300 30 1.541 0 1084.16 18.9171
300 30 1.551 0 1081.95 18.8596
300 30 1.561 0 1080.37 18.7121
300 30 1.571 0 1078.22 18.4678
300 30 1.581 0 1075.46 18.2985
300 30 1.591 0 1074.24 18.1773
300 30 1.601 0 1071.84 18.7123
300 30 1.611 0 1070.53 19.0504
300 30 1.621 0 1069.09 18.2257
300 30 1.631 0 1067.39 16.8748
300 30 1.641 0 1065.83 18.1594
300 30 1.651 0 1064.11 18.0098
300 30 1.661 0 1062.57 18.017
300 30 1.671 0 1060.97 17.9617
300 30 1.681 0 1059.3 18.2201
300 30 1.691 0 1057.68 18.1179
300 30 1.701 0 1056.14 17.8018
300 30 1.711 0 1053.9 17.8233
300 30 1.721 0 1052.97 17.6011
300 30 1.731 0 1051.36 17.4964
300 30 1.741 0 1049.17 17.2852
300 30 1.751 0 1048.14 17.132
300 30 1.761 0 1047.26 17.0173
300 30 1.771 0 1045.32 16.9788
300 30 1.781 0 1043.1 16.7064
300 30 1.791 0 1042.49 16.5753
300 30 1.801 0 1040.59 16.3366
300 30 1.811 0 1039.11 16.3336
300 30 1.821 0 1037.85 15.0497
300 30 1.831 0 1036.13 14.8195
300 30 1.841 0 1035.69 14.7042
300 30 1.851 0 1033.59 14.5315
300 30 1.861 0 1031.52 14.3504
300 30 1.871 0 1030.31 14.1966
300 30 1.881 0 1029.4 14.1992
300 30 1.891 0 1028.33 14.0714
300 30 1.901 0 1026.6 13.8331
300 30 1.911 0 1025.12 13.7491
300 30 1.921 0 1024.19 13.6365
300 30 1.931 0 1022.65 13.3534
300 30 1.941 0 1021.23 13.1138
300 30 1.951 0 1019.97 13.2057
300 30 1.961 0 1019.17 13.0693
300 30 1.971 0 1017.65 12.8406
300 30 1.981 0 1016.23 12.5296
300 30 1.991 0 1015.16 12.2159
300 40 0.001 10413.7 110673 285.58
300 40 0.011 9992.37 107167 276.456
300 40 0.021 9548.88 103373 267.448
300 40 0.031 9093.83 99585.4 258.839
300 40 0.041 8594.95 95350.7 247.33
300 40 0.051 8137.28 91414.8 237.516
300 40 0.061 7652.82 87252.6 226.355
300 40 0.071 7210.98 83377.4 216.12
300 40 0.081 6769.82 79609.5 206.71
300 40 0.091 6393.17 76116.1 194.037
300 40 0.101 6005.7 72718.8 168.11
300 40 0.111 5628.93 69300.9 161.881
300 40 0.121 5292.8 66296.9 168.517
300 40 0.131 4923.39 62861.1 162.481
300 40 0.141 4637.96 60046 157.287
300 40 0.151 4367.75 57500.8 150.494
300 40 0.161 4066.23 54587.4 145.242
300 40 0.171 3783.36 51913 138.471
300 40 0.181 3541.33 49553 134.674
300 40 0.191 3301.59 47010.7 127.819
300 40 0.201 3089.57 44925.5 123.642
300 40 0.211 2868.65 42685.8 115.857
300 40 0.221 2673.71 40577.3 103.694
300 40 0.231 2502.14 38705.7 101.61
300 40 0.241 2314.35 36694.1 98.9693
300 40 0.251 2149.73 34875.6 96.6229
300 40 0.261 1998.19 33272 93.3807
300 40 0.271 1877.22 31874.6 99.2994
300 40 0.281 1756.62 30361 101.136
300 40 0.291 1610.36 28697.7 98.1369
300 40 0.301 1494.33 27231.7 95.7572
300 40 0.311 1423.57 26392.9 94.4818
300 40 0.321 1297.18 24885.6 91.6774
300 40 0.331 1210.71 23629 90.4425
300 40 0.341 1122.45 22446.6 88.9889
300 40 0.351 1052.91 21539.3 86.2516
300 40 0.361 967.976 20503.7 84.3586
300 40 0.371 913.789 19682.7 83.4344
300 40 0.381 853.65 18829.7 82.4815
300 40 0.391 780.565 17696.4 80.8411
300 40 0.401 730.573 16979 79.7424
300 40 0.411 682.866 16147.2 79.2801
300 40 0.421 624.416 15333.4 78.6139
300 40 0.431 584.457 14580.5 79.3597
300 40 0.441 542.385 14033.1 79.3644
300 40 0.451 494.113 13231.1 78.7861
300 40 0.461 463.2 12640.8 78.6775
300 40 0.471 432.055 12112.6 76.6321
300 40 0.481 406.525 11681.4 76.176
300 40 0.491 378.231 11113.4 75.3073
300 40 0.501 345.431 10556.1 74.386
300 40 0.511 320.933 10018.8 72.784
300 40 0.521 299.437 9607.9 72.2844
300 40 0.531 283.707 9301.46 72.2926
300 40 0.541 257.508 8750.58 72.3204
300 40 0.551 237.067 8389.74 73.4256
300 40 0.561 222.903 8100.15 70.8986
300 40 0.571 207.541 7696.88 70.0973
300 40 0.581 193.85 7419.82 69.7169
300 40 0.591 176.072 7046.62 69.3181
300 40 0.601 167.125 6791.11 68.3809
300 40 0.611 148.513 6369.69 67.832
300 40 0.621 141.631 6226.04 66.9214
300 40 0.631 129.956 5891.1 66.587
300 40 0.641 118.757 5651.42 65.9503
300 40 0.651 114.074 5510.51 64.9898
300 40 0.661 105.173 5246.03 64.1556
300 40 0.671 97.0048 4981.76 65.2203
300 40 0.681 86.6193 4730.25 63.0134
300 40 0.691 79.9635 4549.32 62.3937
300 40 0.701 74.8582 4423.25 62.0071
300 40 0.711 68.8365 4217.6 59.383
300 40 0.721 63.645 4033.75 58.6029
300 40 0.731 58.6028 3919 58.426
300 40 0.741 52.229 3713.01 57.0446
300 40 0.751 49.8354 3615.62 56.3798
300 40 0.761 44.007 3440.67 55.4969
300 40 0.771 42.1565 3365.37 54.8305
300 40 0.781 38.748 3220.77 53.603
300 40 0.791 36.2333 3151.53 53.2756
300 40 0.801 32.7015 3003.15 52.2881
300 40 0.811 30.3467 2908.69 51.1435
300 40 0.821 27.4297 2805.78 50.5462
300 40 0.831 24.649 2686.13 49.1715
300 40 0.841 22.8389 2619.58 48.788
300 40 0.851 21.4065 2551.31 48.1628
300 40 0.861 19.9354 2496.12 47.5716
300 40 0.871 17.9059 2405.88 46.5451
300 40 0.881 16.6278 2353.74 45.9195
300 40 0.891 14.8408 2263.72 44.8278
300 40 0.901 13.0643 2192.75 44.2125
300 40 0.911 12.4632 2157.38 43.7165
300 40 0.921 11.4095 2093.49 42.8268
300 40 0.931 9.8713 2025.07 42.3153
300 40 0.941 9.0851 1987.75 41.4685
300 40 0.951 8.7504 1957.39 41.135
300 40 0.961 8.1881 1920.28 40.6376
300 40 0.971 7.2625 1875.54 39.7209
300 40 0.981 6.2966 1819.69 39.1069
300 40 0.991 5.9159 1796.54 38.5876
300 40 1.001 5.2402 1752.6 37.6835
300 40 1.011 5.0179 1732.39 37.7804
300 40 1.021 4.4628 1693.39 36.8995
300 40 1.031 3.7746 1657.45 36.2674
300 40 1.041 3.4762 1637.53 35.996
300 40 1.051 3.1035 1609.17 35.7609
300 40 1.061 2.861 1583.57 38.8036
300 40 1.071 2.4902 1549.41 36.6163
300 40 1.081 2.2315 1528.66 33.8907
300 40 1.091 2.0483 1509.4 33.3278
300 40 1.101 1.9924 1501.57 33.1798
300 40 1.111 1.8147 1473.49 32.5193
300 40 1.121 1.529 1462.69 32.5808
300 40 1.131 1.3328 1433.11 34.7644
300 40 1.141 1.2927 1427.79 35.1557
300 40 1.151 1.1939 1415.03 34.6692
300 40 1.161 1.0701 1396.84 34.2442
300 40 1.171 0.897 1377.57 30.9243
300 40 1.181 0.8597 1367.1 30.3016
300 40 1.191 0.7458 1359.62 32.5282
300 40 1.201 0.7057 1341.93 32.8991
300 40 1.211 0.6983 1334.24 31.2968
300 40 1.221 0.573 1317.73 29.0772
300 40 1.231 0.5578 1311.44 28.9565
300 40 1.241 0.4601 1294.57 28.5403
300 40 1.251 0.4197 1286.94 28.3776
300 40 1.261 0.3798 1275.67 27.9722
300 40 1.271 0.3515 1264.45 27.7767
300 40 1.281 0.3067 1256.54 28.9977
300 40 1.291 0.2968 1251.52 27.5386
300 40 1.301 0.2583 1240.24 26.71
300 40 1.311 0.2119 1230.77 26.4484
300 40 1.321 0.2063 1225.08 26.2975
300 40 1.331 0.1872 1218.39 26.0381
300 40 1.341 0.152 1204.54 25.5392
300 40 1.351 0.1538 1204.64 25.5793
300 40 1.361 0.1231 1197.38 25.4632
300 40 1.371 0.1252 1191.18 25.2077
300 40 1.381 0.0961 1182.69 25.009
300 40 1.391 0.0877 1175.19 24.7162
300 40 1.401 0.0719 1167.86 24.3734
300 40 1.411 0.0783 1164.53 24.2783
300 40 1.421 0.0594 1156.86 24.1144
300 40 1.431 0.0713 1153.4 23.9652
300 40 1.441 0.0462 1144.67 23.6701
300 40 1.451 0.043 1140.47 23.4984
300 40 1.461 0.0345 1133.52 23.2448
300 40 1.471 0.0325 1130.35 23.1935
300 40 1.481 0.0304 1122.91 22.8526
300 40 1.491 0.0266 1119.8 22.7644
300 40 1.501 0.0335 1116.08 22.6911
300 40 1.511 0.0178 1111.62 22.4571
300 40 1.521 0.0164 1105.85 22.4134
300 40 1.531 0.0172 1101.94 22.4882
300 40 1.541 0.0125 1096.91 22.1694
300 40 1.551 0.011 1093.42 22.0712
300 40 1.561 0.0086 1090.06 23.6641
300 40 1.571 0.0069 1086.06 24.0155
300 40 1.581 0.0094 1082.3 22.4243
300 40 1.591 0.0057 1076.54 21.9311
300 40 1.601 0.0057 1073.76 21.0839
300 40 1.611 0.0023 1069.97 21.1419
300 40 1.621 0.003 1066.3 21.007
300 40 1.631 0.0052 1062.45 22.948
300 40 1.641 0.0068 1059.85 23.0385
300 40 1.651 0.0034 1056.51 22.797
300 40 1.661 0.0012 1053.12 22.8155
300 40 1.671 0.0025 1048.94 22.512
300 40 1.681 0.004 1045.79 21.4009
300 40 1.691 0.0028 1043.72 19.9069
300 40 1.701 0.0024 1040.42 19.688
300 40 1.711 0.0008 1037 19.5574
300 40 1.721 0.0014 1033.36 19.4419
300 40 1.731 0.0013 1029.97 19.3878
300 40 1.741 0.0013 1027.13 19.1958
300 40 1.751 0.0005 1024.17 19.5106
300 40 1.761 0.0004 1022.41 20.2687
300 40 1.771 0.0007 1018.2 18.8449
300 40 1.781 0.0017 1016.78 20.2997
300 40 1.791 0.0006 1013.21 20.6726
300 40 1.801 0.0002 1010.66 20.151
300 40 1.811 0 1006.55 18.9241
300 40 1.821 0 1005 19.5852
300 40 1.831 0.0006 1001.85 18.9978
300 40 1.841 0.0004 1000.36 18.0714
300 40 1.851 0 996.278 17.7841
300 40 1.861 0 993.421 17.6383
300 40 1.871 0.0001 990.996 17.5314
300 40 1.881 0.0007 987.871 17.3995
300 40 1.891 0 985.606 17.2544
300 40 1.901 0 982.817 17.0363
300 40 1.911 0.0003 981.257 17.0067
300 40 1.921 0 977.893 16.7292
300 40 1.931 0 975.599 16.539
300 40 1.941 0 973.101 16.4409
300 40 1.951 0 970.378 16.2222
300 40 1.961 0 968.878 16.1641
300 40 1.971 0 966.608 15.998
300 40 1.981 0 963.378 16.5173
300 40 1.991 0 962.028 16.8688
400 10 0.001 3904.43 89811.5 2.3303
400 10 0.011 3833.81 88302.5 2.7138
400 10 0.021 3778.65 87101.1 3.0404
400 10 0.031 3698.14 85365 3.8286
400 10 0.041 3614.07 83609.2 4.4394
400 10 0.051 3542.02 82051.7 5.0843
400 10 0.061 3460.33 80298.5 5.7164
400 10 0.071 3358.08 78095 6.6565
400 10 0.081 3285.99 76502.8 7.2501
400 10 0.091 3213.16 74983.9 7.9002
400 10 0.101 3110.42 72744.2 9.6788
400 10 0.111 3048.85 71384.8 9.8777
400 10 0.121 2954.79 69443.2 10.9292
400 10 0.131 2881.25 67813.7 11.7938
400 10 0.141 2785.07 65765.8 12.7076
400 10 0.151 2695.63 63789.3 13.3359
400 10 0.161 2654.98 62867.2 14.3692
400 10 0.171 2563.6 60854.1 15.4159
400 10 0.181 2479.59 59070.4 16.5041
400 10 0.191 2371.24 56748 17.7476
400 10 0.201 2330.59 55817.1 18.4461
400 10 0.211 2238.93 53901.3 19.7021
400 10 0.221 2182.21 52596.2 20.6044
400 10 0.231 2097.5 50856 21.7141
400 10 0.241 2058.99 49844.6 22.3006
400 10 0.251 1955.36 47626.8 24.3035
400 10 0.261 1901.74 46424.8 25.0688
400 10 0.271 1826.91 44823 26.3337
400 10 0.281 1771.34 43494.7 28.0358
400 10 0.291 1694.72 41946.1 29.2574
400 10 0.301 1647.01 40764.2 30.4598
400 10 0.311 1581.71 39440.7 31.8087
400 10 0.321 1522.91 38051.7 33.0511
400 10 0.331 1461.62 36724.8 34.1952
400 10 0.341 1416.89 35693.7 35.1028
400 10 0.351 1362.78 34552.2 36.4893
400 10 0.361 1312.06 33373.6 37.8229
400 10 0.371 1262.64 32332.2 38.901
400 10 0.381 1189.51 30686.7 40.3946
400 10 0.391 1173.05 30267.8 40.3584
400 10 0.401 1121.91 29150.3 41.8498
400 10 0.411 1062.36 27772.2 43.4344
400 10 0.421 1025.87 27015.9 44.1767
400 10 0.431 961.948 25593.9 45.6465
400 10 0.441 941.187 25086.6 46.6584
400 10 0.451 896.318 24027.8 47.6063
400 10 0.461 857.532 23165 47.8301
400 10 0.471 835.662 22704.9 48.6732
400 10 0.481 781.589 21526.7 49.7727
400 10 0.491 743.111 20639.2 50.8333
400 10 0.501 730.312 20305.7 51.6076
400 10 0.511 691.719 19390.4 52.4621
400 10 0.521 651.9 18457.8 54.0634
400 10 0.531 623.08 17818.5 55.0952
400 10 0.541 607.221 17369.3 55.759
400 10 0.551 571.925 16648.4 57.6123
400 10 0.561 538.514 15815.1 58.9718
400 10 0.571 517.264 15379.5 60.2152
400 10 0.581 490.224 14699.1 60.8611
400 10 0.591 462.218 14084.2 61.4726
400 10 0.601 442.018 13611.3 62.1524
400 10 0.611 413.019 12926.8 63.7001
400 10 0.621 405.804 12693.9 64.3317
400 10 0.631 373.087 11965.5 65.586
400 10 0.641 360.542 11682.4 66.6296
400 10 0.651 349.365 11386 68.6076
400 10 0.661 319.363 10703.8 70.1914
400 10 0.671 296.663 10179.5 71.084
400 10 0.681 289.925 9968.35 71.6975
400 10 0.691 280.614 9714.12 72.5039
400 10 0.701 249.279 9033.41 73.5531
400 10 0.711 240.598 8807.4 74.3721
400 10 0.721 223.442 8402.79 75.1502
400 10 0.731 220.993 8295.16 73.633
400 10 0.741 205.696 7921.73 74.9003
400 10 0.751 191.877 7599.67 75.0337
400 10 0.761 188.255 7468.32 75.6985
400 10 0.771 171.67 7083.44 76.5494
400 10 0.781 156.205 6692.8 77.2212
400 10 0.791 145.924 6462.24 78.118
400 10 0.801 142.656 6360.43 78.545
400 10 0.811 133.986 6131.38 79.2177
400 10 0.821 126.222 5931.77 81.0505
400 10 0.831 118.881 5721.62 80.4844
400 10 0.841 108.684 5480.44 81.1618
400 10 0.851 101.595 5304.57 81.6689
400 10 0.861 94.333 5100.58 82.3418
400 10 0.871 92.388 5066.97 82.4082
400 10 0.881 86.696 4881.45 82.9869
400 10 0.891 80.991 4717.29 83.2889
400 10 0.901 73.87 4543.51 84.0138
400 10 0.911 68.012 4393.17 84.4282
400 10 0.921 62.753 4250.95 84.6825
400 10 0.931 62.003 4202.59 87.2712
400 10 0.941 56.473 4039.53 87.6603
400 10 0.951 50.915 3902.83 85.6115
400 10 0.961 46.318 3770.57 86.0388
400 10 0.971 42.006 3662.68 86.5372
400 10 0.981 39.97 3604.49 86.8335
400 10 0.991 37.028 3509.84 86.6922
400 10 1.001 35.619 3462.81 90.1289
400 10 1.011 30.132 3301.57 90.8212
400 10 1.021 28.223 3231.06 90.6177
400 10 1.031 26.358 3180.66 91.0105
400 10 1.041 24.231 3103.97 90.6444
400 10 1.051 23.111 3068.23 91.0321
400 10 1.061 20.166 2981.48 88.4892
400 10 1.071 19.358 2939.22 88.5995
400 10 1.081 17.839 2888.09 88.5399
400 10 1.091 16.492 2838.37 88.794
400 10 1.101 15.866 2811.14 88.5098
400 10 1.111 13.473 2737.98 89.4967
400 10 1.121 13.439 2722.59 89.2484
400 10 1.131 12.398 2681.9 89.5901
400 10 1.141 10.828 2630.29 89.4012
400 10 1.151 10.709 2613.51 89.5675
400 10 1.161 9.665 2579.5 89.1992
400 10 1.171 9.187 2550.66 88.8252
400 10 1.181 8.646 2521.42 88.2026
400 10 1.191 7.801 2491.76 88.2091
400 10 1.201 7.066 2453.33 87.5431
400 10 1.211 6.875 2440.76 87.3696
400 10 1.221 6.013 2407.55 86.6565
400 10 1.231 5.306 2377.48 84.1226
400 10 1.241 5.2 2356.06 84.9309
400 10 1.251 4.683 2340.74 85.2296
400 10 1.261 4.506 2321.45 83.7342
400 10 1.271 3.876 2286.96 82.6442
400 10 1.281 3.742 2277.34 82.5313
400 10 1.291 3.55 2261.94 82.1949
400 10 1.301 3.521 2245.44 81.6822
400 10 1.311 2.87 2220.99 81.1986
400 10 1.321 2.582 2200.24 80.3684
400 10 1.331 2.638 2191.28 80.1874
400 10 1.341 2.22 2165.39 79.3989
400 10 1.351 2.277 2158.53 79.107
400 10 1.361 2.023 2142.34 79.2282
400 10 1.371 1.99 2132.02 77.4222
400 10 1.381 1.707 2116.71 78.5245
400 10 1.391 1.489 2094.84 77.9195
400 10 1.401 1.406 2084.51 75.8272
400 10 1.411 1.357 2070.11 74.9646
400 10 1.421 1.108 2056.84 74.8695
400 10 1.431 1.154 2046.1 74.7018
400 10 1.441 1.015 2032.27 74.6846
400 10 1.451 0.894 2023.64 74.287
400 10 1.461 0.87 2010.54 71.7588
400 10 1.471 0.763 1999.72 71.4865
400 10 1.481 0.805 1985.49 70.5981
400 10 1.491 0.63 1976.04 69.8335
400 10 1.501 0.548 1969.38 69.5953
400 10 1.511 0.528 1955.84 68.856
400 10 1.521 0.479 1945.45 69.0672
400 10 1.531 0.481 1936.59 68.5651
400 10 1.541 0.389 1927.16 67.8235
400 10 1.551 0.351 1916.03 67.0916
400 10 1.561 0.348 1910.72 66.4946
400 10 1.571 0.258 1895.58 66.6668
400 10 1.581 0.236 1886.46 65.5589
400 10 1.591 0.24 1877.9 64.2274
400 10 1.601 0.263 1874.09 64.7462
400 10 1.611 0.217 1866.71 64.2922
400 10 1.621 0.182 1859.57 63.848
400 10 1.631 0.19 1855.88 63.6458
400 10 1.641 0.164 1848.65 62.7598
400 10 1.651 0.163 1840.45 61.9272
400 10 1.661 0.132 1833.92 60.6935
400 10 1.671 0.141 1828.4 60.3679
400 10 1.681 0.12 1820.82 59.6939
400 10 1.691 0.115 1814.44 59.0871
400 10 1.701 0.105 1808.55 58.7308
400 10 1.711 0.107 1799.93 58.2528
400 10 1.721 0.08 1794.03 57.8691
400 10 1.731 0.064 1787.8 57.0411
400 10 1.741 0.072 1782.45 56.8204
400 10 1.751 0.076 1774.09 56.1484
400 10 1.761 0.062 1768.24 56.072
400 10 1.771 0.06 1763.16 56.0109
400 10 1.781 0.05 1757.34 55.7586
400 10 1.791 0.047 1751.48 55.1012
400 10 1.801 0.044 1744.18 54.236
400 10 1.811 0.044 1739.43 53.82
400 10 1.821 0.038 1732.21 52.2156
400 10 1.831 0.02 1727.23 50.8545
400 10 1.841 0.033 1721.61 50.6379
400 10 1.851 0.032 1716.56 50.6753
400 10 1.861 0.016 1710.78 50.4382
400 10 1.871 0.016 1706.12 49.9957
400 10 1.881 0.011 1700.79 48.7389
400 10 1.891 0.008 1693.94 48.6581
400 10 1.901 0.012 1690.09 47.8142
400 10 1.911 0.018 1685.62 47.4611
400 10 1.921 0.009 1681.72 46.521
400 10 1.931 0.018 1675.47 45.1079
400 10 1.941 0.007 1671.08 44.0903
400 10 1.951 0.006 1665.51 43.5609
400 10 1.961 0.007 1661.9 43.1076
400 10 1.971 0.004 1656.91 42.1721
400 10 1.981 0.009 1653.2 41.688
400 10 1.991 0.004 1648.43 40.7973
400 20 0.001 7602.42 155999 5.6199
400 20 0.011 7337.8 150853 5.9289
400 20 0.021 7075.79 145640 5.1519
400 20 0.031 6813.12 140524 6.7108
400 20 0.041 6530.13 134957 10.3931
400 20 0.051 6216.61 128742 11.5528
400 20 0.061 5919.83 122939 12.8437
400 20 0.071 5664.39 117967 14.0307
400 20 0.081 5356.28 111837 15.1604
400 20 0.091 5147.31 107728 16.4383
400 20 0.101 4820.17 101284 17.9151
400 20 0.111 4569.77 96214 18.9083
400 20 0.121 4351.97 91899 20.408
400 20 0.131 4103.09 86973.5 21.7535
400 20 0.141 3844.84 81863.1 22.646
400 20 0.151 3660.02 78054.9 23.5832
400 20 0.161 3441.52 73939.5 24.9152
400 20 0.171 3247.78 69923.7 26.1515
400 20 0.181 3072.08 66530.2 27.5407
400 20 0.191 2858.57 62092.8 28.888
400 20 0.201 2719.47 59249.2 29.5167
400 20 0.211 2543.11 55659.8 30.3128
400 20 0.221 2393.45 52738.3 31.1791
400 20 0.231 2220.12 49322.7 32.2579
400 20 0.241 2105.96 46733.7 33.0024
400 20 0.251 1952.53 43781 34.029
400 20 0.261 1799.75 40668.8 34.9705
400 20 0.271 1710.98 38779 35.785
400 20 0.281 1539.72 35337.8 36.9967
400 20 0.291 1434.57 33136.2 37.8808
400 20 0.301 1321.79 30850 38.9823
400 20 0.311 1285.69 30016.5 39.2833
400 20 0.321 1167.04 27740 40.3097
400 20 0.331 1047.88 25318 40.9482
400 20 0.341 975.452 23786.2 40.907
400 20 0.351 926.074 22643.1 41.9117
400 20 0.361 870.966 21480.9 42.1317
400 20 0.371 796.88 19875.2 42.7575
400 20 0.381 721.308 18440.5 43.3551
400 20 0.391 676.656 17438.7 43.9689
400 20 0.401 611.754 16083.3 43.8698
400 20 0.411 562.91 15026.7 44.3789
400 20 0.421 521.468 14127.2 45.1054
400 20 0.431 475.346 13103.2 45.4362
400 20 0.441 444.48 12501.9 45.6997
400 20 0.451 408.636 11696.3 46.0805
400 20 0.461 369.07 10797.3 46.0763
400 20 0.471 335.276 10060.7 45.4735
400 20 0.481 298.29 9302.75 45.5475
400 20 0.491 281.026 8921.29 45.8302
400 20 0.501 262.706 8461.89 45.7021
400 20 0.511 242.014 8013.09 46.1945
400 20 0.521 217.084 7487.01 46.5594
400 20 0.531 202.316 7055.67 46.5313
400 20 0.541 179.638 6606.18 47.0581
400 20 0.551 165.058 6279.5 47.2097
400 20 0.561 149.49 5889.67 49.482
400 20 0.571 130.4 5482.26 50.0107
400 20 0.581 117.632 5146.07 49.8255
400 20 0.591 111.066 4983.55 50.3125
400 20 0.601 101.768 4754.89 50.3072
400 20 0.611 92.144 4519.86 50.4201
400 20 0.621 80.422 4248.02 50.95
400 20 0.631 74.62 4118.34 50.9656
400 20 0.641 70.45 3990.29 50.6358
400 20 0.651 57.186 3688.98 51.0675
400 20 0.661 50.512 3509.76 51.2609
400 20 0.671 46.148 3389.69 49.7667
400 20 0.681 42.034 3273.35 48.9266
400 20 0.691 40.02 3208.5 50.4475
400 20 0.701 35.844 3102.35 51.2345
400 20 0.711 30.074 2939.34 51.0582
400 20 0.721 29.848 2906.69 48.7282
400 20 0.731 25.714 2787.38 48.6366
400 20 0.741 23.5 2725.65 48.5504
400 20 0.751 19.258 2620.87 48.505
400 20 0.761 19.038 2593.63 48.6247
400 20 0.771 15.894 2502.07 48.696
400 20 0.781 14.194 2444.56 49.0783
400 20 0.791 12.876 2388.4 51.359
400 20 0.801 10.388 2317.22 51.3433
400 20 0.811 10.668 2296.96 50.7983
400 20 0.821 8.518 2227.28 48.6124
400 20 0.831 7.104 2186.89 48.7164
400 20 0.841 6.304 2142.37 48.5582
400 20 0.851 5.996 2124.33 48.6698
400 20 0.861 5.518 2096.26 48.7312
400 20 0.871 4.704 2052.75 48.5641
400 20 0.881 3.706 2010.83 48.4004
400 20 0.891 3.082 1984.58 48.5149
400 20 0.901 3.242 1973.83 48.3552
400 20 0.911 3.168 1960.55 48.5002
400 20 0.921 2.154 1916.74 48.4526
400 20 0.931 2.006 1901.66 48.3295
400 20 0.941 1.664 1877.9 48.2458
400 20 0.951 1.646 1864.06 48.168
400 20 0.961 1.192 1829.27 47.8994
400 20 0.971 1.35 1823.58 48.0511
400 20 0.981 1.088 1807.48 47.5748
400 20 0.991 1.07 1786.35 48.5897
400 20 1.001 0.56 1765.1 48.9538
400 20 1.011 0.658 1752.89 47.5124
400 20 1.021 0.516 1736.58 47.4461
400 20 1.031 0.554 1726.65 47.1549
400 20 1.041 0.364 1708.51 47.0359
400 20 1.051 0.366 1697.88 46.9653
400 20 1.061 0.268 1682.76 47.3298
400 20 1.071 0.286 1670.15 49.5079
400 20 1.081 0.206 1659.56 49.4243
400 20 1.091 0.272 1652.27 49.426
400 20 1.101 0.172 1637.99 48.9084
400 20 1.111 0.118 1630.04 47.6854
400 20 1.121 0.134 1617.53 48.726
400 20 1.131 0.076 1608.4 48.7491
400 20 1.141 0.084 1601.37 48.5812
400 20 1.151 0.06 1585.54 47.8705
400 20 1.161 0.098 1583.5 48.0922
400 20 1.171 0.028 1571.36 47.5251
400 20 1.181 0.036 1562.18 45.7042
400 20 1.191 0.02 1557.16 44.9078
400 20 1.201 0.034 1548.62 45.7557
400 20 1.211 0.058 1541.72 47.0295
400 20 1.221 0.026 1533.14 45.0089
400 20 1.231 0.028 1523.62 44.4383
400 20 1.241 0.018 1516.23 44.2878
400 20 1.251 0.024 1509.93 43.8366
400 20 1.261 0.016 1502.7 43.7478
400 20 1.271 0.008 1497.17 43.7978
400 20 1.281 0.008 1490.19 43.5842
400 20 1.291 0.006 1482.47 42.9631
400 20 1.301 0.006 1477.04 42.7247
400 20 1.311 0.006 1469.8 42.6039
400 20 1.321 0.004 1462.8 43.8811
400 20 1.331 0.006 1455.91 43.6413
400 20 1.341 0.006 1450.13 43.5233
400 20 1.351 0.002 1445.95 41.132
400 20 1.361 0 1437.43 40.6635
400 20 1.371 0.002 1433.08 40.34
400 20 1.381 0 1426.92 40.1755
400 20 1.391 0 1421.66 39.783
400 20 1.401 0 1415.94 39.5159
400 20 1.411 0 1411.95 39.338
400 20 1.421 0 1403.27 40.5504
400 20 1.431 0 1398.76 40.8278
400 20 1.441 0.006 1394.86 39.4785
400 20 1.451 0 1390.72 38.3182
400 20 1.461 0 1384.31 38.028
400 20 1.471 0 1380.86 37.8525
400 20 1.481 0 1374.8 38.5371
400 20 1.491 0.002 1368.78 37.7172
400 20 1.501 0 1362.64 37.1654
400 20 1.511 0 1359.8 36.9821
400 20 1.521 0 1353.14 36.6319
400 20 1.531 0 1350.34 36.3537
400 20 1.541 0 1346.73 36.0371
400 20 1.551 0.002 1342.29 35.8606
400 20 1.561 0 1336.51 35.2633
400 20 1.571 0 1331.98 35.0421
400 20 1.581 0 1327.8 34.6002
400 20 1.591 0 1323.97 34.2225
400 20 1.601 0 1320.29 34.065
400 20 1.611 0 1316.59 33.9855
400 20 1.621 0 1312.37 33.5848
400 20 1.631 0 1309.37 33.31
400 20 1.641 0 1306.47 33.0433
400 20 1.651 0 1302.89 32.9136
400 20 1.661 0 1299.72 32.6176
400 20 1.671 0 1296.76 32.3348
400 20 1.681 0 1292.84 32.0214
400 20 1.691 0 1288.85 31.6625
400 20 1.701 0 1285.94 31.8772
400 20 1.711 0 1282.78 32.6514
400 20 1.721 0 1280.15 32.0526
400 20 1.731 0 1276.69 32.0773
400 20 1.741 0 1273.19 31.411
400 20 1.751 0 1269.84 31.1467
400 20 1.761 0 1267.95 31.1718
400 20 1.771 0 1264.08 31.0453
400 20 1.781 0 1260.65 30.886
400 20 1.791 0 1257.6 29.1989
400 20 1.801 0 1254.66 28.4992
400 20 1.811 0 1252.14 29.5748
400 20 1.821 0 1249.97 29.4064
400 20 1.831 0 1245.52 28.4991
400 20 1.841 0 1242.85 27.7917
400 20 1.851 0 1240.58 27.5539
400 20 1.861 0 1237.9 27.1338
400 20 1.871 0 1236 26.8775
400 20 1.881 0 1232.17 26.386
400 20 1.891 0 1229.22 26.1372
400 20 1.901 0 1227.19 25.7942
400 20 1.911 0 1225.13 25.7255
400 20 1.921 0 1221.85 25.1731
400 20 1.931 0 1219.52 24.8732
400 20 1.941 0 1217.33 25.0405
400 20 1.951 0 1214.65 24.8203
400 20 1.961 0 1213.53 24.6008
400 20 1.971 0 1210.72 24.3073
400 20 1.981 0 1208.05 23.8368
400 20 1.991 0 1205.69 23.4588
400 30 0.001 11087.6 218384 6.5235
400 30 0.011 10589 208921 7.6269
400 30 0.021 9986.29 197458 8.4779
400 30 0.031 9381.93 185942 9.6316
400 30 0.041 8875.12 176176 10.6696
400 30 0.051 8247.24 164396 11.7381
400 30 0.061 7663.78 153038 12.9921
400 30 0.071 7099.34 142335 13.8413
400 30 0.081 6578.23 132322 14.9698
400 30 0.091 6157.16 124185 16.1159
400 30 0.101 5635.58 114122 17.6029
400 30 0.111 5232.26 106337 18.653
400 30 0.121 4882.64 99797.7 19.5931
400 30 0.131 4417.92 90538.6 20.6615
400 30 0.141 4082.68 84319.1 21.5759
400 30 0.151 3764.84 77966.9 22.4118
400 30 0.161 3390.45 70752.9 23.5995
400 30 0.171 3156.05 66119.3 24.6913
400 30 0.181 2808.13 59288.9 25.7811
400 30 0.191 2561.75 54484.6 26.2981
400 30 0.201 2374.57 50728.4 27.1608
400 30 0.211 2129.47 45962.2 28.0252
400 30 0.221 1909.08 41604.2 28.9089
400 30 0.231 1756.77 38585 29.5395
400 30 0.241 1584.46 35204.5 30.3758
400 30 0.251 1439.35 32135.7 30.8913
400 30 0.261 1305.17 29601.9 31.3209
400 30 0.271 1177.49 26908.8 31.7992
400 30 0.281 1025.12 23960.6 32.552
400 30 0.291 908.949 21588.4 33.0677
400 30 0.301 831.894 20006.9 33.1094
400 30 0.311 755.166 18471.5 33.671
400 30 0.321 667.251 16622.2 34.1458
400 30 0.331 634.629 15906.3 34.2655
400 30 0.341 539.643 14018.7 34.4076
400 30 0.351 465.399 12537.4 34.7964
400 30 0.361 434.634 11882.7 35.0481
400 30 0.371 347.487 10048.6 35.2722
400 30 0.381 330.576 9641.98 35.5151
400 30 0.391 285.666 8706.31 35.6
400 30 0.401 258.366 8123.18 35.7365
400 30 0.411 232.161 7543.99 35.9635
400 30 0.421 201.402 6888.22 35.9191
400 30 0.431 169.689 6197.92 36.1064
400 30 0.441 156.747 5866.96 36.01
400 30 0.451 139.845 5487.41 35.9985
400 30 0.461 123.483 5132.51 36.1252
400 30 0.471 107.13 4731.24 35.8359
400 30 0.481 93.981 4435 35.9454
400 30 0.491 82.257 4157.55 36.1586
400 30 0.501 71.505 3925.94 36.2625
400 30 0.511 59.97 3626.41 35.6568
400 30 0.521 48.828 3395.49 34.2707
400 30 0.531 45.105 3309.08 34.4924
400 30 0.541 40.317 3145.78 34.0253
400 30 0.551 32.958 2971.31 34.7659
400 30 0.561 30.456 2882.06 35.9241
400 30 0.571 24.276 2725.63 35.9076
400 30 0.581 22.101 2658.93 36.0694
400 30 0.591 20.727 2584.18 35.2168
400 30 0.601 17.61 2494.02 34.2858
400 30 0.611 14.532 2394.09 34.1984
400 30 0.621 12.633 2352.44 33.7176
400 30 0.631 10.746 2288.15 33.6008
400 30 0.641 9.165 2221.62 33.6349
400 30 0.651 7.668 2171.1 33.314
400 30 0.661 6.621 2133.24 33.3405
400 30 0.671 6.351 2099.33 33.3169
400 30 0.681 5.01 2051.17 33.2132
400 30 0.691 3.405 1990.05 33.0716
400 30 0.701 3.645 1980.42 33.0993
400 30 0.711 3.408 1950.51 33.3161
400 30 0.721 2.199 1907.33 35.5518
400 30 0.731 2.361 1896.35 35.6563
400 30 0.741 1.959 1873.88 35.7369
400 30 0.751 1.572 1842.25 35.3638
400 30 0.761 1.26 1820.21 35.4732
400 30 0.771 1.278 1802.98 35.3647
400 30 0.781 0.708 1779.35 35.3757
400 30 0.791 0.684 1761.97 35.3677
400 30 0.801 0.615 1747.24 35.4206
400 30 0.811 0.597 1731.86 35.2724
400 30 0.821 0.597 1719.32 35.4453
400 30 0.831 0.381 1697.97 34.348
400 30 0.841 0.21 1683.18 33.0714
400 30 0.851 0.309 1666.62 32.9505
400 30 0.861 0.288 1656.63 33.0717
400 30 0.871 0.132 1641.71 33.1396
400 30 0.881 0.195 1632.36 33.045
400 30 0.891 0.102 1617.18 33.0478
400 30 0.901 0.123 1605.1 32.8128
400 30 0.911 0.144 1592.29 32.8776
400 30 0.921 0.06 1584.88 33.0146
400 30 0.931 0.039 1568.52 32.8808
400 30 0.941 0.024 1559.94 32.8533
400 30 0.951 0.042 1551.75 32.9652
400 30 0.961 0.051 1540.07 32.7146
400 30 0.971 0.048 1530.01 32.8705
400 30 0.981 0.048 1520.53 32.6606
400 30 0.991 0.006 1507.79 32.6261
400 30 1.001 0.012 1501.29 32.7552
400 30 1.011 0.003 1492.19 32.9573
400 30 1.021 0.075 1483.33 32.8816
400 30 1.031 0 1473.78 32.873
400 30 1.041 0.006 1465.25 32.718
400 30 1.051 0.006 1456.99 32.5523
400 30 1.061 0 1448.7 32.4341
400 30 1.071 0.003 1442.86 32.3488
400 30 1.081 0 1433.47 32.4007
400 30 1.091 0 1426.05 33.6084
400 30 1.101 0 1421.49 33.642
400 30 1.111 0 1415.95 33.4189
400 30 1.121 0.003 1408.62 33.2729
400 30 1.131 0 1403.75 33.363
400 30 1.141 0 1396.17 33.0622
400 30 1.151 0 1390.61 32.7909
400 30 1.161 0 1384.48 31.6909
400 30 1.171 0 1378.63 31.5578
400 30 1.181 0 1372.22 31.1189
400 30 1.191 0 1365.79 31.4089
400 30 1.201 0 1361.14 31.593
400 30 1.211 0 1356.64 29.5485
400 30 1.221 0 1351.16 29.4604
400 30 1.231 0 1344.77 29.1057
400 30 1.241 0 1340.16 29.0906
400 30 1.251 0 1334.75 29.0158
400 30 1.261 0 1330.45 28.7864
400 30 1.271 0 1325.48 28.598
400 30 1.281 0 1320.78 28.0867
400 30 1.291 0 1315.99 28.1334
400 30 1.301 0 1311.33 27.8498
400 30 1.311 0 1305.59 27.6486
400 30 1.321 0 1301.49 29.2735
400 30 1.331 0 1297.57 30.2747
400 30 1.341 0 1292.71 27.5712
400 30 1.351 0 1287.8 28.393
400 30 1.361 0 1284.62 27.8588
400 30 1.371 0 1280.3 26.9965
400 30 1.381 0 1274.98 26.7942
400 30 1.391 0 1270.97 26.5285
400 30 1.401 0 1268.52 26.479
400 30 1.411 0 1263.47 26.2411
400 30 1.421 0 1260.48 26.1609
400 30 1.431 0 1255.08 25.9055
400 30 1.441 0 1251.85 27.7851
400 30 1.451 0 1248.36 26.495
400 30 1.461 0 1245.64 26.5723
400 30 1.471 0 1241.91 27.1464
400 30 1.481 0 1237.62 24.9234
400 30 1.491 0 1235.14 24.9639
400 30 1.501 0 1231.45 24.6283
400 30 1.511 0 1228.06 24.4645
400 30 1.521 0 1225.32 24.29
400 30 1.531 0 1221.97 24.0543
400 30 1.541 0 1218.58 24.7154
400 30 1.551 0 1215.77 25.5382
400 30 1.561 0 1212.53 25.1656
400 30 1.571 0 1209.03 24.9975
400 30 1.581 0 1206.21 24.8634
400 30 1.591 0 1203.49 23.2206
400 30 1.601 0 1201.46 23.8825
400 30 1.611 0 1199.45 24.2346
400 30 1.621 0 1196.23 22.8333
400 30 1.631 0 1193.37 22.6083
400 30 1.641 0 1191.33 22.4686
400 30 1.651 0 1189.82 22.334
400 30 1.661 0 1187.9 22.2468
400 30 1.671 0 1184.33 22.008
400 30 1.681 0 1182.06 21.7509
400 30 1.691 0 1180.19 21.7764
400 30 1.701 0 1178.07 21.5171
400 30 1.711 0 1175.42 22.0479
400 30 1.721 0 1173.46 21.7515
400 30 1.731 0 1172.1 21.1831
400 30 1.741 0 1170.32 21.0244
400 30 1.751 0 1167.76 20.8259
400 30 1.761 0 1164.88 20.6942
400 30 1.771 0 1163.68 20.4939
400 30 1.781 0 1161.58 20.2944
400 30 1.791 0 1159.35 20.0788
400 30 1.801 0 1157.61 19.9949
400 30 1.811 0 1155.52 19.7911
400 30 1.821 0 1153.73 19.5254
400 30 1.831 0 1151.64 19.3445
400 30 1.841 0 1150.18 19.2059
400 30 1.851 0 1147.68 18.9413
400 30 1.861 0 1146.52 18.9449
400 30 1.871 0 1145.12 19.4064
400 30 1.881 0 1143.38 18.7046
400 30 1.891 0 1141.38 18.5149
400 30 1.901 0 1139.01 18.2182
400 30 1.911 0 1137.24 17.9554
400 30 1.921 0 1136 17.7746
400 30 1.931 0 1133.81 17.4632
400 30 1.941 0 1132.48 17.4553
400 30 1.951 0 1130.05 16.6489
400 30 1.961 0 1129.23 16.3217
400 30 1.971 0 1127.75 16.0381
400 30 1.981 0 1125.51 15.62
400 30 1.991 0 1123.4 15.294
400 40 0.001 14393.4 152716 371.259
400 40 0.011 13832 148013 357.829
400 40 0.021 13209.8 142687 344.631
400 40 0.031 12536.5 137159 327.249
400 40 0.041 11852.3 131382 310.443
400 40 0.051 11219.4 126025 294.385
400 40 0.061 10611.7 120555 280.397
400 40 0.071 10010.4 115347 264.954
400 40 0.081 9405.62 110125 257.705
400 40 0.091 8846.95 105067 264.203
400 40 0.101 8280.97 99951.1 251.597
400 40 0.111 7804.84 95842 240.872
400 40 0.121 7351.15 91435.6 229.147
400 40 0.131 6883.95 87280.2 191.485
400 40 0.141 6442.26 82897.2 181.666
400 40 0.151 6003 78968.6 172.884
400 40 0.161 5584.08 74877 164.052
400 40 0.171 5227.57 71438.1 157.59
400 40 0.181 4890.44 68092.9 149.855
400 40 0.191 4585.38 64999.7 143.852
400 40 0.201 4230.78 61399.7 136.977
400 40 0.211 3988.7 58816.9 150.417
400 40 0.221 3657.22 55343.1 151.644
400 40 0.231 3468.76 53252 147.892
400 40 0.241 3207.97 50601.7 141.808
400 40 0.251 2952.76 47821.7 136.941
400 40 0.261 2814.82 46283.1 135.786
400 40 0.271 2560.32 43577.6 130.794
400 40 0.281 2391.46 41364.1 127.377
400 40 0.291 2232.63 39487 118.814
400 40 0.301 2086.25 37618.7 111.156
400 40 0.311 1915.77 35609 108.881
400 40 0.321 1822.91 34213.8 109.944
400 40 0.331 1701.02 32851.9 115.989
400 40 0.341 1562.21 30996.5 113.515
400 40 0.351 1465.11 29607.9 112.205
400 40 0.361 1357.04 28169.9 109.896
400 40 0.371 1246.33 26720.3 108.23
400 40 0.381 1177.02 25610.2 107.333
400 40 0.391 1083.05 24220.6 105.912
400 40 0.401 1018.39 23238.9 105.009
400 40 0.411 946.544 22177.8 103.593
400 40 0.421 867.085 21045.5 102.716
400 40 0.431 798.668 19910.3 101.501
400 40 0.441 757.552 19242.1 100.689
400 40 0.451 696.639 18311.8 100.141
400 40 0.461 655.832 17513.8 99.7775
400 40 0.471 595.704 16554.2 98.2861
400 40 0.481 554.03 15760 97.9344
400 40 0.491 513.705 15044.4 94.7587
400 40 0.501 470.61 14152.5 94.2697
400 40 0.511 440.315 13582.2 93.1925
400 40 0.521 418.591 13066.8 92.4221
400 40 0.531 390.554 12612.4 93.0832
400 40 0.541 349.25 11781.8 90.5952
400 40 0.551 334.719 11400.5 89.923
400 40 0.561 308.714 10935.8 90.2381
400 40 0.571 285.537 10463.9 89.3444
400 40 0.581 264.339 9930.76 88.3732
400 40 0.591 244.705 9489.44 87.958
400 40 0.601 223.571 9009.17 86.5299
400 40 0.611 212.032 8693.46 86.1985
400 40 0.621 189.334 8222.27 85.6063
400 40 0.631 177.977 7925.59 84.6556
400 40 0.641 162.416 7498.21 83.5019
400 40 0.651 150.405 7177.5 83.2935
400 40 0.661 140.422 6860.5 81.9951
400 40 0.671 130.793 6595.3 80.9407
400 40 0.681 119.534 6326.89 80.002
400 40 0.691 111.702 6032.29 79.2128
400 40 0.701 105.267 5887.66 78.143
400 40 0.711 93.2505 5548.83 78.2042
400 40 0.721 83.9347 5254.25 77.485
400 40 0.731 80.8229 5133.48 76.6019
400 40 0.741 76.5909 4925.67 75.9303
400 40 0.751 65.7726 4697.87 74.9808
400 40 0.761 63.2059 4562.71 73.7092
400 40 0.771 59.1127 4353.93 72.8816
400 40 0.781 55.2067 4225.9 71.6036
400 40 0.791 50.2759 4070.51 71.1941
400 40 0.801 43.897 3830.48 71.6717
400 40 0.811 41.4482 3786.47 70.2266
400 40 0.821 37.3203 3615.78 67.4369
400 40 0.831 33.5219 3465.97 65.6597
400 40 0.841 31.8577 3388.33 65.439
400 40 0.851 30.0796 3300.22 64.3335
400 40 0.861 27.6708 3186.11 63.435
400 40 0.871 24.883 3097.36 62.8956
400 40 0.881 22.8711 3000.43 61.4073
400 40 0.891 20.9246 2908.74 60.5865
400 40 0.901 19.2224 2830.01 59.9223
400 40 0.911 17.2695 2734.73 58.536
400 40 0.921 15.9499 2640.98 57.7856
400 40 0.931 13.9761 2558.57 56.5824
400 40 0.941 12.96 2487.45 55.7608
400 40 0.951 12.1237 2448.95 54.8321
400 40 0.961 11.0139 2381.87 54.0293
400 40 0.971 9.8619 2317.23 53.2282
400 40 0.981 8.5697 2262.66 52.3003
400 40 0.991 7.8912 2217.66 51.5548
400 40 1.001 7.3672 2170.11 50.6051
400 40 1.011 6.5359 2126.57 50.1438
400 40 1.021 5.6276 2071.12 48.9618
400 40 1.031 5.5272 2048.1 48.5747
400 40 1.041 4.874 1999.46 47.7718
400 40 1.051 4.2976 1956.58 48.9332
400 40 1.061 4.0886 1926.44 48.5503
400 40 1.071 3.4202 1899.05 46.2664
400 40 1.081 3.46 1880.9 45.6735
400 40 1.091 2.952 1840.91 44.8386
400 40 1.101 2.5868 1810.43 44.2801
400 40 1.111 2.4577 1789.77 43.517
400 40 1.121 2.0741 1760.22 43.2103
400 40 1.131 1.8912 1728.68 42.3263
400 40 1.141 1.8016 1724.54 42.2887
400 40 1.151 1.7133 1712.58 41.9545
400 40 1.161 1.4719 1673.35 40.9935
400 40 1.171 1.2958 1659.47 40.7754
400 40 1.181 1.2397 1639.8 40.1311
400 40 1.191 1.1609 1621.75 39.7172
400 40 1.201 0.9694 1605.18 39.4055
400 40 1.211 0.9533 1591.76 38.7329
400 40 1.221 0.7676 1567.53 38.344
400 40 1.231 0.7549 1560.88 38.1045
400 40 1.241 0.6601 1541.88 37.658
400 40 1.251 0.543 1525.4 37.2017
400 40 1.261 0.5209 1508.35 40.7659
400 40 1.271 0.4862 1502.5 38.9743
400 40 1.281 0.4289 1487.43 37.1159
400 40 1.291 0.3963 1475.03 36.758
400 40 1.301 0.3285 1463.7 36.2663
400 40 1.311 0.287 1453.11 36.1492
400 40 1.321 0.2928 1439.48 36.1395
400 40 1.331 0.2434 1427.89 34.7496
400 40 1.341 0.2246 1422.37 34.6228
400 40 1.351 0.1824 1407.2 36.0199
400 40 1.361 0.174 1396.58 36.7756
400 40 1.371 0.1467 1391.15 36.3101
400 40 1.381 0.1549 1382.74 36.1687
400 40 1.391 0.1394 1376.58 35.9503
400 40 1.401 0.113 1365.71 34.1708
400 40 1.411 0.0923 1356.59 33.7035
400 40 1.421 0.0983 1349.53 33.0679
400 40 1.431 0.0649 1339.49 31.7578
400 40 1.441 0.0762 1333.45 31.5539
400 40 1.451 0.0642 1327.21 31.475
400 40 1.461 0.0566 1320.85 31.1671
400 40 1.471 0.0467 1312.01 30.9326
400 40 1.481 0.0429 1305.29 30.5516
400 40 1.491 0.04 1297.72 32.0313
400 40 1.501 0.0302 1292.83 33.1223
400 40 1.511 0.0232 1284.89 32.6682
400 40 1.521 0.028 1277.3 32.3793
400 40 1.531 0.0246 1272.97 31.9783
400 40 1.541 0.0173 1267.43 29.8093
400 40 1.551 0.0185 1263.98 30.739
400 40 1.561 0.0114 1254.78 28.965
400 40 1.571 0.0139 1249.96 28.6209
400 40 1.581 0.0071 1243.57 28.7483
400 40 1.591 0.0094 1238.84 30.6261
400 40 1.601 0.0111 1235.81 30.6614
400 40 1.611 0.0079 1229.65 30.456
400 40 1.621 0.0045 1224.73 30.2338
400 40 1.631 0.0041 1220.13 29.9506
400 40 1.641 0.0048 1216.29 29.8482
400 40 1.651 0.0043 1211.06 29.7475
400 40 1.661 0.0054 1205.66 29.3491
400 40 1.671 0.0033 1201.66 29.1586
400 40 1.681 0.0041 1196.06 29.0029
400 40 1.691 0.0033 1195.01 28.8949
400 40 1.701 0.0034 1189.44 28.7259
400 40 1.711 0.0015 1184.12 28.6774
400 40 1.721 0.0021 1179.48 28.2768
400 40 1.731 0.0016 1176.71 28.0896
400 40 1.741 0.0012 1172.49 27.9446
400 40 1.751 0.001 1168.05 27.736
400 40 1.761 0.0003 1161.57 27.4711
400 40 1.771 0.0011 1160.28 27.3453
400 40 1.781 0.0002 1156.26 26.6993
400 40 1.791 0.0006 1152.06 25.1112
400 40 1.801 0.0001 1147.95 24.9222
400 40 1.811 0.0001 1144.94 24.7665
400 40 1.821 0.0002 1140.55 24.6155
400 40 1.831 0.0001 1138.12 24.4987
400 40 1.841 0.0001 1132.91 24.2
400 40 1.851 0.0006 1131.63 24.0612
400 40 1.861 0 1127.47 23.7983
400 40 1.871 0.0001 1124.38 23.4283
400 40 1.881 0.0001 1120.64 22.7764
400 40 1.891 0.0001 1116.72 22.4945
400 40 1.901 0.0002 1113.84 22.3639
400 40 1.911 0.0002 1111.16 22.1983
400 40 1.921 0 1106.39 21.9909
400 40 1.931 0 1105.15 21.8506
400 40 1.941 0 1101.87 21.4992
400 40 1.951 0 1098.8 21.3718
400 40 1.961 0.0004 1095.08 21.1055
400 40 1.971 0 1093.75 21.0007
400 40 1.981 0 1090.78 20.6846
400 40 1.991 0 1087.78 20.4811
