200 10 0.001 1908.09 7.2899e-06
200 10 0.011 1875.82 7.1891e-06
200 10 0.021 1843.23 7.0844e-06
200 10 0.031 1805.82 6.9728e-06
200 10 0.041 1768.38 6.8537e-06
200 10 0.051 1724.93 6.7212e-06
200 10 0.061 1693.79 6.629e-06
200 10 0.071 1644.06 6.4842e-06
200 10 0.081 1603.61 6.3583e-06
200 10 0.091 1562.36 6.2269e-06
200 10 0.101 1528.81 6.1341e-06
200 10 0.111 1473.54 5.9489e-06
200 10 0.121 1434.54 5.8267e-06
200 10 0.131 1401.66 5.7328e-06
200 10 0.141 1359.61 5.6105e-06
200 10 0.151 1327.72 5.5122e-06
200 10 0.161 1287.28 5.4021e-06
200 10 0.171 1250.93 5.2946e-06
200 10 0.181 1200.79 5.1306e-06
200 10 0.191 1169.28 5.03e-06
200 10 0.201 1133.72 4.9206e-06
200 10 0.211 1097.34 4.8167e-06
200 10 0.221 1061.34 4.7026e-06
200 10 0.231 1019.42 4.5812e-06
200 10 0.241 988.582 4.4974e-06
200 10 0.251 964.029 4.4042e-06
200 10 0.261 925.296 4.2885e-06
200 10 0.271 884.551 4.1641e-06
200 10 0.281 854.775 4.0783e-06
200 10 0.291 831.642 3.9897e-06
200 10 0.301 804.297 3.9126e-06
200 10 0.311 766.44 3.3552e-06
200 10 0.321 745.362 2.9326e-06
200 10 0.331 723.002 3.6762e-06
200 10 0.341 681.998 3.5644e-06
200 10 0.351 659.004 3.5004e-06
200 10 0.361 634.562 3.4315e-06
200 10 0.371 621.01 3.3761e-06
200 10 0.381 587.289 3.2945e-06
200 10 0.391 566.904 3.2026e-06
200 10 0.401 538.586 3.1133e-06
200 10 0.411 517.128 3.0457e-06
200 10 0.421 498.457 2.3131e-06
200 10 0.431 471.165 2.9016e-06
200 10 0.441 470.414 2.9427e-06
200 10 0.451 432.263 2.7914e-06
200 10 0.461 408.311 2.7442e-06
200 10 0.471 403.204 2.7074e-06
200 10 0.481 379.424 2.6515e-06
200 10 0.491 358.746 2.5872e-06
200 10 0.501 353.926 2.5657e-06
200 10 0.511 335.215 2.5015e-06
200 10 0.521 315.271 2.4501e-06
200 10 0.531 303.126 2.4125e-06
200 10 0.541 289.693 2.3568e-06
200 10 0.551 275.118 2.3149e-06
200 10 0.561 264.095 2.28e-06
200 10 0.571 249.391 2.239e-06
200 10 0.581 239.238 2.1965e-06
200 10 0.591 226.506 2.1582e-06
200 10 0.601 219.374 2.1364e-06
200 10 0.611 204.047 2.1304e-06
200 10 0.621 197.349 1.9001e-06
200 10 0.631 185.992 1.9986e-06
200 10 0.641 174.334 1.9657e-06
200 10 0.651 165.154 1.9198e-06
200 10 0.661 158.49 1.8969e-06
200 10 0.671 148.912 1.9017e-06
200 10 0.681 143.218 1.8758e-06
200 10 0.691 132.905 1.7023e-06
200 10 0.701 127.497 1.4995e-06
200 10 0.711 119.415 1.3794e-06
200 10 0.721 111.535 1.3112e-06
200 10 0.731 105.157 1.5111e-06
200 10 0.741 98.018 1.7133e-06
200 10 0.751 95.101 1.7057e-06
200 10 0.761 89.735 1.6938e-06
200 10 0.771 85.822 1.6805e-06
200 10 0.781 77.692 1.6403e-06
200 10 0.791 73.34 1.2788e-06
200 10 0.801 66.157 1.4929e-06
200 10 0.811 64.228 1.2308e-06
200 10 0.821 64.865 1.2289e-06
200 10 0.831 58.997 1.3203e-06
200 10 0.841 54.224 1.5665e-06
200 10 0.851 48.519 1.5476e-06
200 10 0.861 46.283 1.5319e-06
200 10 0.871 43.674 1.5293e-06
200 10 0.881 40.929 1.5211e-06
200 10 0.891 36.758 1.4848e-06
200 10 0.901 37.511 1.4934e-06
200 10 0.911 33.87 1.4904e-06
200 10 0.921 33.061 1.3485e-06
200 10 0.931 29.277 1.395e-06
200 10 0.941 27.711 1.5154e-06
200 10 0.951 24.497 1.5066e-06
200 10 0.961 23.764 1.494e-06
200 10 0.971 20.441 1.4819e-06
200 10 0.981 19.588 1.4749e-06
200 10 0.991 18.6 1.4305e-06
200 10 1.001 16.77 1.2195e-06
200 10 1.011 14.394 1.2778e-06
200 10 1.021 13.777 1.1336e-06
200 10 1.031 13.005 1.1384e-06
200 10 1.041 12.05 1.3057e-06
200 10 1.051 10.894 1.411e-06
200 10 1.061 9.763 1.4025e-06
200 10 1.071 10.23 1.4081e-06
200 10 1.081 8.505 1.3762e-06
200 10 1.091 7.856 1.3535e-06
200 10 1.101 7.256 1.1568e-06
200 10 1.111 6.739 1.1256e-06
200 10 1.121 6.589 1.3535e-06
200 10 1.131 6.097 1.1788e-06
200 10 1.141 5.534 1.2438e-06
200 10 1.151 4.954 1.332e-06
200 10 1.161 4.684 1.3154e-06
200 10 1.171 4.372 1.3151e-06
200 10 1.181 4.125 1.3077e-06
200 10 1.191 3.788 1.3116e-06
200 10 1.201 3.597 1.3113e-06
200 10 1.211 3.184 1.3021e-06
200 10 1.221 2.8 1.2864e-06
200 10 1.231 2.821 1.2864e-06
200 10 1.241 2.585 1.283e-06
200 10 1.251 2.252 1.2816e-06
200 10 1.261 2.16 1.2882e-06
200 10 1.271 2.01 1.2867e-06
200 10 1.281 1.795 1.2921e-06
200 10 1.291 1.831 1.2875e-06
200 10 1.301 1.473 1.2497e-06
200 10 1.311 1.574 1.2249e-06
200 10 1.321 1.422 1.2534e-06
200 10 1.331 1.285 1.2469e-06
200 10 1.341 1.151 1.2385e-06
200 10 1.351 1.028 1.2336e-06
200 10 1.361 0.941 1.2334e-06
200 10 1.371 0.854 1.225e-06
200 10 1.381 0.804 1.2244e-06
200 10 1.391 0.795 1.2164e-06
200 10 1.401 0.711 1.2113e-06
200 10 1.411 0.624 1.205e-06
200 10 1.421 0.597 1.201e-06
200 10 1.431 0.499 1.1991e-06
200 10 1.441 0.491 1.1626e-06
200 10 1.451 0.432 1.0179e-06
200 10 1.461 0.404 1.1654e-06
200 10 1.471 0.351 1.1279e-06
200 10 1.481 0.359 1.1376e-06
200 10 1.491 0.329 1.1569e-06
200 10 1.501 0.26 1.1665e-06
200 10 1.511 0.248 1.1383e-06
200 10 1.521 0.22 1.1552e-06
200 10 1.531 0.212 1.1489e-06
200 10 1.541 0.19 1.1558e-06
200 10 1.551 0.189 1.0564e-06
200 10 1.561 0.154 1.1599e-06
200 10 1.571 0.154 1.1471e-06
200 10 1.581 0.116 1.1487e-06
200 10 1.591 0.121 1.1491e-06
200 10 1.601 0.095 1.1539e-06
200 10 1.611 0.098 1.1469e-06
200 10 1.621 0.104 1.1434e-06
200 10 1.631 0.084 1.143e-06
200 10 1.641 0.078 1.1063e-06
200 10 1.651 0.079 9.405e-07
200 10 1.661 0.063 1.0036e-06
200 10 1.671 0.048 9.237e-07
200 10 1.681 0.061 1.0407e-06
200 10 1.691 0.049 1.1727e-06
200 10 1.701 0.04 1.1707e-06
200 10 1.711 0.041 1.1679e-06
200 10 1.721 0.044 1.1705e-06
200 10 1.731 0.029 1.1013e-06
200 10 1.741 0.031 9.326e-07
200 10 1.751 0.04 1.0789e-06
200 10 1.761 0.021 1.0771e-06
200 10 1.771 0.026 1.0757e-06
200 10 1.781 0.016 1.0422e-06
200 10 1.791 0.025 1.0695e-06
200 10 1.801 0.017 1.064e-06
200 10 1.811 0.016 1.0574e-06
200 10 1.821 0.015 1.0558e-06
200 10 1.831 0.021 1.0491e-06
200 10 1.841 0.01 1.0526e-06
200 10 1.851 0.013 1.0477e-06
200 10 1.861 0.007 1.044e-06
200 10 1.871 0.008 1.0398e-06
200 10 1.881 0.005 1.0372e-06
200 10 1.891 0.004 1.0348e-06
200 10 1.901 0.001 9.037e-07
200 10 1.911 0.006 9.871e-07
200 10 1.921 0.004 8.975e-07
200 10 1.931 0.004 1.0148e-06
200 10 1.941 0.002 1.0171e-06
200 10 1.951 0.004 1.0185e-06
200 10 1.961 0.001 1.0176e-06
200 10 1.971 0.004 1.0192e-06
200 10 1.981 0.002 1.0084e-06
200 10 1.991 0.005 9.991e-07
200 20 0.001 3612.62 1.19339e-05
200 20 0.011 3498.12 1.15863e-05
200 20 0.021 3375.44 1.12324e-05
200 20 0.031 3245.81 1.08839e-05
200 20 0.041 3098.91 1.04439e-05
200 20 0.051 2943.77 1.00106e-05
200 20 0.061 2836.43 9.69e-06
200 20 0.071 2698.38 9.3173e-06
200 20 0.081 2569.12 8.9123e-06
200 20 0.091 2433.63 8.5275e-06
200 20 0.101 2313.32 8.1673e-06
200 20 0.111 2186.36 7.7937e-06
200 20 0.121 2049.39 7.4045e-06
200 20 0.131 1960.08 7.1438e-06
200 20 0.141 1840.05 6.8026e-06
200 20 0.151 1719.73 6.459e-06
200 20 0.161 1631.04 6.211e-06
200 20 0.171 1553.89 5.9893e-06
200 20 0.181 1455.73 5.6842e-06
200 20 0.191 1373.11 5.4469e-06
200 20 0.201 1262.3 5.104e-06
200 20 0.211 1225.05 5.0038e-06
200 20 0.221 1117.51 4.6955e-06
200 20 0.231 1053.8 4.4863e-06
200 20 0.241 986.35 4.272e-06
200 20 0.251 941.92 4.1078e-06
200 20 0.261 833.438 3.786e-06
200 20 0.271 790.508 3.6528e-06
200 20 0.281 737.08 3.4981e-06
200 20 0.291 689.2 3.3394e-06
200 20 0.301 634.682 3.2378e-06
200 20 0.311 609.992 3.1518e-06
200 20 0.321 550.788 2.9749e-06
200 20 0.331 516.582 1.8998e-06
200 20 0.341 485.25 2.2522e-06
200 20 0.351 435.474 2.5986e-06
200 20 0.361 413.638 2.5402e-06
200 20 0.371 369.11 2.4075e-06
200 20 0.381 348.542 2.3511e-06
200 20 0.391 313.198 2.2346e-06
200 20 0.401 290.5 2.1561e-06
200 20 0.411 271.412 2.0929e-06
200 20 0.421 253.414 2.0304e-06
200 20 0.431 229.502 1.9417e-06
200 20 0.441 209.354 1.8596e-06
200 20 0.451 191.59 1.8142e-06
200 20 0.461 179.484 1.7658e-06
200 20 0.471 164.744 1.7146e-06
200 20 0.481 144.116 1.6363e-06
200 20 0.491 135.898 1.6026e-06
200 20 0.501 124.228 1.5735e-06
200 20 0.511 112.532 1.5313e-06
200 20 0.521 98.54 1.4879e-06
200 20 0.531 91.566 1.4636e-06
200 20 0.541 87.678 1.4404e-06
200 20 0.551 74.482 1.4026e-06
200 20 0.561 69.064 1.3694e-06
200 20 0.571 59.714 1.3329e-06
200 20 0.581 54.816 1.2127e-06
200 20 0.591 52.622 1.193e-06
200 20 0.601 48.532 1.3178e-06
200 20 0.611 44.732 1.3045e-06
200 20 0.621 39.018 1.2808e-06
200 20 0.631 36.024 1.2643e-06
200 20 0.641 33.154 1.2564e-06
200 20 0.651 29.062 1.2331e-06
200 20 0.661 24.826 1.2207e-06
200 20 0.671 23.284 1.2113e-06
200 20 0.681 18.948 1.197e-06
200 20 0.691 18.054 1.0045e-06
200 20 0.701 17.476 9.363e-07
200 20 0.711 14.566 9.099e-07
200 20 0.721 13.2 9.833e-07
200 20 0.731 11.96 9.693e-07
200 20 0.741 9.738 1.0838e-06
200 20 0.751 9.098 1.1244e-06
200 20 0.761 8.598 1.1191e-06
200 20 0.771 8.29 1.1121e-06
200 20 0.781 6.232 1.1066e-06
200 20 0.791 5.606 1.1061e-06
200 20 0.801 4.666 1.0967e-06
200 20 0.811 4.124 1.0711e-06
200 20 0.821 3.896 1.086e-06
200 20 0.831 3.428 1.0894e-06
200 20 0.841 3.258 1.0816e-06
200 20 0.851 2.83 1.0827e-06
200 20 0.861 2.35 1.0725e-06
200 20 0.871 2.136 1.0683e-06
200 20 0.881 2.092 1.0616e-06
200 20 0.891 1.558 1.0513e-06
200 20 0.901 1.464 1.0371e-06
200 20 0.911 1.44 9.178e-07
200 20 0.921 1.076 8.646e-07
200 20 0.931 1.054 8.685e-07
200 20 0.941 0.832 9.127e-07
200 20 0.951 0.77 9.058e-07
200 20 0.961 0.536 8.631e-07
200 20 0.971 0.648 9.178e-07
200 20 0.981 0.552 1.0594e-06
200 20 0.991 0.42 8.593e-07
200 20 1.001 0.344 1.0312e-06
200 20 1.011 0.394 8.905e-07
200 20 1.021 0.254 8.579e-07
200 20 1.031 0.216 8.68e-07
200 20 1.041 0.212 8.618e-07
200 20 1.051 0.128 8.432e-07
200 20 1.061 0.128 9.131e-07
200 20 1.071 0.146 9.568e-07
200 20 1.081 0.058 8.808e-07
200 20 1.091 0.106 1.0334e-06
200 20 1.101 0.11 1.0217e-06
200 20 1.111 0.042 1.0121e-06
200 20 1.121 0.052 1.019e-06
200 20 1.131 0.062 1.021e-06
200 20 1.141 0.038 1.0199e-06
200 20 1.151 0.018 1.0191e-06
200 20 1.161 0.026 1.0044e-06
200 20 1.171 0.018 9.837e-07
200 20 1.181 0.012 9.974e-07
200 20 1.191 0.018 1.0075e-06
200 20 1.201 0.03 1.0069e-06
200 20 1.211 0.01 9.822e-07
200 20 1.221 0.01 1.0035e-06
200 20 1.231 0.03 1.0007e-06
200 20 1.241 0.01 1.0012e-06
200 20 1.251 0.014 9.98e-07
200 20 1.261 0.006 9.974e-07
200 20 1.271 0.008 9.997e-07
200 20 1.281 0.012 1.0242e-06
200 20 1.291 0 9.981e-07
200 20 1.301 0.004 1.0204e-06
200 20 1.311 0 1.0221e-06
200 20 1.321 0.004 1.0045e-06
200 20 1.331 0.002 9.877e-07
200 20 1.341 0 9.83e-07
200 20 1.351 0.002 9.793e-07
200 20 1.361 0.002 9.801e-07
200 20 1.371 0 9.802e-07
200 20 1.381 0 9.783e-07
200 20 1.391 0 9.386e-07
200 20 1.401 0 8.19e-07
200 20 1.411 0.002 8.166e-07
200 20 1.421 0.002 8.035e-07
200 20 1.431 0 8.648e-07
200 20 1.441 0 9.717e-07
200 20 1.451 0 9.824e-07
200 20 1.461 0 9.6e-07
200 20 1.471 0.002 9.717e-07
200 20 1.481 0 9.734e-07
200 20 1.491 0 9.711e-07
200 20 1.501 0 9.621e-07
200 20 1.511 0 9.538e-07
200 20 1.521 0 9.661e-07
200 20 1.531 0 9.635e-07
200 20 1.541 0.002 9.663e-07
200 20 1.551 0 9.562e-07
200 20 1.561 0 9.563e-07
200 20 1.571 0 9.513e-07
200 20 1.581 0 9.497e-07
200 20 1.591 0 9.563e-07
200 20 1.601 0 9.549e-07
200 20 1.611 0 9.531e-07
200 20 1.621 0 9.53e-07
200 20 1.631 0 9.494e-07
200 20 1.641 0 9.541e-07
200 20 1.651 0 9.497e-07
200 20 1.661 0 9.506e-07
200 20 1.671 0 9.413e-07
200 20 1.681 0 9.449e-07
200 20 1.691 0 9.399e-07
200 20 1.701 0 9.403e-07
200 20 1.711 0 9.29e-07
200 20 1.721 0 9.365e-07
200 20 1.731 0 9.393e-07
200 20 1.741 0 9.353e-07
200 20 1.751 0 9.392e-07
200 20 1.761 0 9.347e-07
200 20 1.771 0 9.32e-07
200 20 1.781 0 9.302e-07
200 20 1.791 0 9.277e-07
200 20 1.801 0 9.293e-07
200 20 1.811 0 9.192e-07
200 20 1.821 0 9.246e-07
200 20 1.831 0 9.225e-07
200 20 1.841 0 9.221e-07
200 20 1.851 0 9.195e-07
200 20 1.861 0 9.151e-07
200 20 1.871 0 9.161e-07
200 20 1.881 0 9.138e-07
200 20 1.891 0 9.009e-07
200 20 1.901 0 8.836e-07
200 20 1.911 0 8.903e-07
200 20 1.921 0 8.842e-07
200 20 1.931 0 8.897e-07
200 20 1.941 0 8.79e-07
200 20 1.951 0 8.553e-07
200 20 1.961 0 8.686e-07
200 20 1.971 0 8.77e-07
200 20 1.981 0 8.545e-07
200 20 1.991 0 8.243e-07
200 30 0.001 5115.5 1.55481e-05
200 30 0.011 4875.88 1.49137e-05
200 30 0.021 4609.43 1.42311e-05
200 30 0.031 4341.48 1.34968e-05
200 30 0.041 4019.37 1.26839e-05
200 30 0.051 3802.71 1.20752e-05
200 30 0.061 3517.87 1.13315e-05
200 30 0.071 3285.95 1.06739e-05
200 30 0.081 3029.18 9.901e-06
200 30 0.091 2825 9.3651e-06
200 30 0.101 2588.62 8.699e-06
200 30 0.111 2443.33 8.2855e-06
200 30 0.121 2222.21 7.6062e-06
200 30 0.131 2045.77 5.6165e-06
200 30 0.141 1866.34 6.6292e-06
200 30 0.151 1710.97 6.1602e-06
200 30 0.161 1553.81 5.7136e-06
200 30 0.171 1428.54 5.3664e-06
200 30 0.181 1311.19 5.0299e-06
200 30 0.191 1204.06 4.7016e-06
200 30 0.201 1051.51 4.2857e-06
200 30 0.211 970.245 4.059e-06
200 30 0.221 871.821 3.7656e-06
200 30 0.231 793.683 3.5248e-06
200 30 0.241 726.606 3.3379e-06
200 30 0.251 656.4 3.1302e-06
200 30 0.261 579.669 2.8961e-06
200 30 0.271 517.653 2.7113e-06
200 30 0.281 488.052 2.618e-06
200 30 0.291 435.48 2.467e-06
200 30 0.301 382.803 2.3083e-06
200 30 0.311 354.159 2.2143e-06
200 30 0.321 309.144 2.0795e-06
200 30 0.331 273.399 1.9702e-06
200 30 0.341 250.2 1.8944e-06
200 30 0.351 215.397 1.7835e-06
200 30 0.361 189.15 1.7001e-06
200 30 0.371 175.797 1.6451e-06
200 30 0.381 147.459 1.569e-06
200 30 0.391 142.566 1.4094e-06
200 30 0.401 117.285 1.0521e-06
200 30 0.411 101.802 1.0207e-06
200 30 0.421 92.763 1.0577e-06
200 30 0.431 78.129 9.864e-07
200 30 0.441 77.079 1.2436e-06
200 30 0.451 66.348 1.1506e-06
200 30 0.461 49.947 9.185e-07
200 30 0.471 49.977 1.1192e-06
200 30 0.481 42.228 1.2107e-06
200 30 0.491 35.499 9.61e-07
200 30 0.501 31.461 1.0508e-06
200 30 0.511 26.124 1.1965e-06
200 30 0.521 24.567 1.1857e-06
200 30 0.531 21.309 1.1773e-06
200 30 0.541 18.591 1.1637e-06
200 30 0.551 17.784 1.1571e-06
200 30 0.561 14.364 1.1448e-06
200 30 0.571 12.621 1.1351e-06
200 30 0.581 10.335 1.1229e-06
200 30 0.591 8.37 1.1043e-06
200 30 0.601 7.605 1.101e-06
200 30 0.611 6.561 1.1052e-06
200 30 0.621 5.622 1.0868e-06
200 30 0.631 5.853 1.085e-06
200 30 0.641 4.368 1.0803e-06
200 30 0.651 2.931 1.0377e-06
200 30 0.661 4.197 1.0685e-06
200 30 0.671 3.375 1.0521e-06
200 30 0.681 2.01 1.0531e-06
200 30 0.691 2.448 1.0602e-06
200 30 0.701 1.857 1.0491e-06
200 30 0.711 1.293 1.0139e-06
200 30 0.721 1.068 1.0043e-06
200 30 0.731 0.822 9.775e-07
200 30 0.741 1.008 1.0015e-06
200 30 0.751 0.636 9.987e-07
200 30 0.761 0.504 1.0154e-06
200 30 0.771 0.465 1.0353e-06
200 30 0.781 0.306 9.91e-07
200 30 0.791 0.45 9.941e-07
200 30 0.801 0.363 9.988e-07
200 30 0.811 0.249 8.801e-07
200 30 0.821 0.168 7.868e-07
200 30 0.831 0.099 8.012e-07
200 30 0.841 0.153 8.471e-07
200 30 0.851 0.06 7.84e-07
200 30 0.861 0.102 8.336e-07
200 30 0.871 0.156 8.622e-07
200 30 0.881 0.039 8.971e-07
200 30 0.891 0.066 9.731e-07
200 30 0.901 0.078 9.699e-07
200 30 0.911 0.027 9.655e-07
200 30 0.921 0.021 9.658e-07
200 30 0.931 0.024 8.291e-07
200 30 0.941 0.033 9.641e-07
200 30 0.951 0.003 9.606e-07
200 30 0.961 0.009 9.613e-07
200 30 0.971 0.006 9.556e-07
200 30 0.981 0.009 9.594e-07
200 30 0.991 0.006 9.659e-07
200 30 1.001 0.003 9.563e-07
200 30 1.011 0.009 9.517e-07
200 30 1.021 0 9.471e-07
200 30 1.031 0.003 9.476e-07
200 30 1.041 0.003 9.09e-07
200 30 1.051 0.006 8.547e-07
200 30 1.061 0.003 9.508e-07
200 30 1.071 0 9.514e-07
200 30 1.081 0 9.47e-07
200 30 1.091 0.003 9.53e-07
200 30 1.101 0 9.524e-07
200 30 1.111 0 9.5e-07
200 30 1.121 0.003 9.401e-07
200 30 1.131 0 9.472e-07
200 30 1.141 0 9.479e-07
200 30 1.151 0.003 9.425e-07
200 30 1.161 0 9.236e-07
200 30 1.171 0 9.209e-07
200 30 1.181 0 9.398e-07
200 30 1.191 0 9.498e-07
200 30 1.201 0 9.397e-07
200 30 1.211 0 9.444e-07
200 30 1.221 0 9.248e-07
200 30 1.231 0 9.341e-07
200 30 1.241 0 8.745e-07
200 30 1.251 0 9.291e-07
200 30 1.261 0 9.314e-07
200 30 1.271 0 9.06e-07
200 30 1.281 0 9.268e-07
200 30 1.291 0 9.254e-07
200 30 1.301 0 9.273e-07
200 30 1.311 0 8.028e-07
200 30 1.321 0 7.598e-07
200 30 1.331 0 9.714e-07
200 30 1.341 0 9.862e-07
200 30 1.351 0 9.912e-07
200 30 1.361 0 9.783e-07
200 30 1.371 0 9.829e-07
200 30 1.381 0 9.792e-07
200 30 1.391 0 9.766e-07
200 30 1.401 0 9.728e-07
200 30 1.411 0 9.743e-07
200 30 1.421 0 9.75e-07
200 30 1.431 0 9.727e-07
200 30 1.441 0 9.767e-07
200 30 1.451 0 9.605e-07
200 30 1.461 0 9.53e-07
200 30 1.471 0 9.608e-07
200 30 1.481 0 9.604e-07
200 30 1.491 0 9.516e-07
200 30 1.501 0 9.65e-07
200 30 1.511 0 7.964e-07
200 30 1.521 0 8.472e-07
200 30 1.531 0 9.465e-07
200 30 1.541 0 7.88e-07
200 30 1.551 0 7.423e-07
200 30 1.561 0 7.965e-07
200 30 1.571 0 8.354e-07
200 30 1.581 0 7.341e-07
200 30 1.591 0 7.084e-07
200 30 1.601 0 7.89e-07
200 30 1.611 0 9.046e-07
200 30 1.621 0 9.022e-07
200 30 1.631 0 8.955e-07
200 30 1.641 0 8.171e-07
200 30 1.651 0 8.409e-07
200 30 1.661 0 7.769e-07
200 30 1.671 0 8.819e-07
200 30 1.681 0 8.716e-07
200 30 1.691 0 8.733e-07
200 30 1.701 0 8.968e-07
200 30 1.711 0 8.631e-07
200 30 1.721 0 8.721e-07
200 30 1.731 0 8.747e-07
200 30 1.741 0 8.717e-07
200 30 1.751 0 8.764e-07
200 30 1.761 0 8.716e-07
200 30 1.771 0 8.813e-07
200 30 1.781 0 8.732e-07
200 30 1.791 0 8.705e-07
200 30 1.801 0 8.75e-07
200 30 1.811 0 8.667e-07
200 30 1.821 0 8.608e-07
200 30 1.831 0 8.688e-07
200 30 1.841 0 8.625e-07
200 30 1.851 0 8.667e-07
200 30 1.861 0 8.635e-07
200 30 1.871 0 8.512e-07
200 30 1.881 0 8.534e-07
200 30 1.891 0 8.481e-07
200 30 1.901 0 8.526e-07
200 30 1.911 0 8.604e-07
200 30 1.921 0 8.551e-07
200 30 1.931 0 8.514e-07
200 30 1.941 0 8.545e-07
200 30 1.951 0 8.492e-07
200 30 1.961 0 8.404e-07
200 30 1.971 0 8.339e-07
200 30 1.981 0 8.364e-07
200 30 1.991 0 8.28e-07
200 40 0.001 6417.68 1.07466e-05
200 40 0.011 6160.65 1.04975e-05
200 40 0.021 5878.17 1.02087e-05
200 40 0.031 5565.04 9.8768e-06
200 40 0.041 5315.77 9.6103e-06
200 40 0.051 4989.81 9.2589e-06
200 40 0.061 4737.4 8.9833e-06
200 40 0.071 4440.2 8.6435e-06
200 40 0.081 4223.87 5.7007e-06
200 40 0.091 3924 6.3382e-06
200 40 0.101 3707.33 7.6466e-06
200 40 0.111 3435.95 7.3301e-06
200 40 0.121 3262.08 7.1401e-06
200 40 0.131 3062.12 6.8975e-06
200 40 0.141 2857.68 6.6484e-06
200 40 0.151 2654.13 6.3521e-06
200 40 0.161 2506.04 6.162e-06
200 40 0.171 2327.35 5.3805e-06
200 40 0.181 2195.04 3.734e-06
200 40 0.191 2037.59 5.519e-06
200 40 0.201 1912.73 5.343e-06
200 40 0.211 1786.47 5.1563e-06
200 40 0.221 1640.6 4.9615e-06
200 40 0.231 1549.53 4.8181e-06
200 40 0.241 1421.63 4.6074e-06
200 40 0.251 1335.21 4.468e-06
200 40 0.261 1221.77 4.3091e-06
200 40 0.271 1168.86 4.2216e-06
200 40 0.281 1072.56 4.0565e-06
200 40 0.291 1016.32 3.9417e-06
200 40 0.301 916.292 3.7886e-06
200 40 0.311 875.037 3.7184e-06
200 40 0.321 815.799 3.3745e-06
200 40 0.331 749.981 2.2644e-06
200 40 0.341 692.976 2.5553e-06
200 40 0.351 642.347 3.2432e-06
200 40 0.361 605.178 3.1774e-06
200 40 0.371 561.059 3.0777e-06
200 40 0.381 523.019 2.9935e-06
200 40 0.391 488.257 2.9132e-06
200 40 0.401 448.112 2.8187e-06
200 40 0.411 419.175 2.7519e-06
200 40 0.421 390.336 2.6699e-06
200 40 0.431 359.463 2.6215e-06
200 40 0.441 338.072 2.5458e-06
200 40 0.451 314.961 2.4761e-06
200 40 0.461 286.006 2.403e-06
200 40 0.471 266.947 2.3447e-06
200 40 0.481 250.215 2.2911e-06
200 40 0.491 224.719 2.228e-06
200 40 0.501 212.614 2.1966e-06
200 40 0.511 204.16 2.1426e-06
200 40 0.521 181.17 2.0708e-06
200 40 0.531 173.98 2.0364e-06
200 40 0.541 161.277 2.004e-06
200 40 0.551 145.441 1.9496e-06
200 40 0.561 137.977 2.1784e-06
200 40 0.571 126.416 2.7677e-06
200 40 0.581 114.288 3.4067e-06
200 40 0.591 109.118 1.4772e-06
200 40 0.601 98.352 1.6848e-06
200 40 0.611 93.4893 1.738e-06
200 40 0.621 87.9495 1.7148e-06
200 40 0.631 80.3102 1.6814e-06
200 40 0.641 73.1671 1.6247e-06
200 40 0.651 68.4857 1.6538e-06
200 40 0.661 63.5164 1.4417e-06
200 40 0.671 57.6751 1.2201e-06
200 40 0.681 52.9913 1.4047e-06
200 40 0.691 50.4256 1.5468e-06
200 40 0.701 46.6557 1.5411e-06
200 40 0.711 41.7976 1.4951e-06
200 40 0.721 38.2195 1.4605e-06
200 40 0.731 35.1688 1.4182e-06
200 40 0.741 33.301 1.41e-06
200 40 0.751 31.3405 1.3905e-06
200 40 0.761 28.5149 1.4083e-06
200 40 0.771 25.3208 1.379e-06
200 40 0.781 23.0636 1.3484e-06
200 40 0.791 21.494 1.3428e-06
200 40 0.801 21.0416 1.3317e-06
200 40 0.811 18.397 1.3077e-06
200 40 0.821 16.4914 1.2909e-06
200 40 0.831 15.5191 1.2794e-06
200 40 0.841 14.7629 1.2724e-06
200 40 0.851 13.1962 1.254e-06
200 40 0.861 12.4171 1.2533e-06
200 40 0.871 11.694 1.2376e-06
200 40 0.881 10.3791 1.217e-06
200 40 0.891 9.2142 1.2014e-06
200 40 0.901 8.2379 1.1933e-06
200 40 0.911 7.6692 1.1722e-06
200 40 0.921 7.0538 1.1756e-06
200 40 0.931 5.9932 1.1165e-06
200 40 0.941 5.6829 1.1445e-06
200 40 0.951 5.2097 1.1413e-06
200 40 0.961 5.0627 1.139e-06
200 40 0.971 4.5624 1.1206e-06
200 40 0.981 3.8123 1.1184e-06
200 40 0.991 3.4412 1.1104e-06
200 40 1.001 3.2433 1.1039e-06
200 40 1.011 2.9189 1.0889e-06
200 40 1.021 2.5789 1.029e-06
200 40 1.031 2.4686 8.583e-07
200 40 1.041 2.2451 8.44e-07
200 40 1.051 1.9506 8.427e-07
200 40 1.061 1.7207 8.42e-07
200 40 1.071 1.6362 8.385e-07
200 40 1.081 1.4379 8.394e-07
200 40 1.091 1.287 8.276e-07
200 40 1.101 1.2295 8.315e-07
200 40 1.111 1.0901 9.731e-07
200 40 1.121 0.9603 1.0336e-06
200 40 1.131 0.9037 1.0321e-06
200 40 1.141 0.7859 8.661e-07
200 40 1.151 0.741 1.0275e-06
200 40 1.161 0.6196 1.0221e-06
200 40 1.171 0.5985 1.0147e-06
200 40 1.181 0.5204 1.0133e-06
200 40 1.191 0.4682 1.0106e-06
200 40 1.201 0.3847 1.0014e-06
200 40 1.211 0.3883 9.977e-07
200 40 1.221 0.3243 9.957e-07
200 40 1.231 0.3053 9.906e-07
200 40 1.241 0.2922 9.896e-07
200 40 1.251 0.2638 9.856e-07
200 40 1.261 0.2339 9.854e-07
200 40 1.271 0.2074 9.833e-07
200 40 1.281 0.1861 9.799e-07
200 40 1.291 0.1709 9.39e-07
200 40 1.301 0.1656 8.642e-07
200 40 1.311 0.1249 7.927e-07
200 40 1.321 0.1188 7.936e-07
200 40 1.331 0.1176 9.104e-07
200 40 1.341 0.0984 9.686e-07
200 40 1.351 0.1096 9.692e-07
200 40 1.361 0.0627 9.627e-07
200 40 1.371 0.0932 9.669e-07
200 40 1.381 0.0659 9.461e-07
200 40 1.391 0.0529 9.587e-07
200 40 1.401 0.0423 9.593e-07
200 40 1.411 0.0414 9.585e-07
200 40 1.421 0.0413 9.568e-07
200 40 1.431 0.0304 9.558e-07
200 40 1.441 0.0267 9.548e-07
200 40 1.451 0.026 9.578e-07
200 40 1.461 0.0265 9.631e-07
200 40 1.471 0.0196 1.0087e-06
200 40 1.481 0.0258 1.0063e-06
200 40 1.491 0.0223 1.0012e-06
200 40 1.501 0.0155 9.935e-07
200 40 1.511 0.0142 1.0004e-06
200 40 1.521 0.0087 9.938e-07
200 40 1.531 0.0096 9.9e-07
200 40 1.541 0.0104 9.853e-07
200 40 1.551 0.0056 9.981e-07
200 40 1.561 0.005 9.808e-07
200 40 1.571 0.0034 9.927e-07
200 40 1.581 0.0041 9.91e-07
200 40 1.591 0.0037 9.901e-07
200 40 1.601 0.003 1.0001e-06
200 40 1.611 0.0021 9.834e-07
200 40 1.621 0.0036 9.806e-07
200 40 1.631 0.0046 9.935e-07
200 40 1.641 0.0031 9.893e-07
200 40 1.651 0.0008 9.834e-07
200 40 1.661 0.0024 9.139e-07
200 40 1.671 0.0031 9.045e-07
200 40 1.681 0.0008 8.284e-07
200 40 1.691 0.0011 7.465e-07
200 40 1.701 0.0016 8.985e-07
200 40 1.711 0.0005 9.067e-07
200 40 1.721 0.0011 9.1e-07
200 40 1.731 0.0018 9.073e-07
200 40 1.741 0.0005 9.087e-07
200 40 1.751 0.0007 9.043e-07
200 40 1.761 0.0004 9.054e-07
200 40 1.771 0.0004 9.042e-07
200 40 1.781 0.0002 9.037e-07
200 40 1.791 0.0005 9.086e-07
200 40 1.801 0.0001 8.772e-07
200 40 1.811 0 8.481e-07
200 40 1.821 0.0001 8.465e-07
200 40 1.831 0.0004 8.611e-07
200 40 1.841 0 8.603e-07
200 40 1.851 0.0001 8.589e-07
200 40 1.861 0 8.63e-07
200 40 1.871 0 7.697e-07
200 40 1.881 0 8.239e-07
200 40 1.891 0.0002 8.989e-07
200 40 1.901 0.0001 7.865e-07
200 40 1.911 0 8.085e-07
200 40 1.921 0 8.803e-07
200 40 1.931 0 8.755e-07
200 40 1.941 0 7.542e-07
200 40 1.951 0.0002 6.854e-07
200 40 1.961 0 6.813e-07
200 40 1.971 0 6.852e-07
200 40 1.981 0 6.769e-07
200 40 1.991 0 6.803e-07
300 10 0.001 2906.68 5.8043e-06
300 10 0.011 2860.32 5.7591e-06
300 10 0.021 2809.57 5.6796e-06
300 10 0.031 2743.16 5.5802e-06
300 10 0.041 2693.75 5.4897e-06
300 10 0.051 2626.84 5.4093e-06
300 10 0.061 2576.69 5.34e-06
300 10 0.071 2518.14 5.2405e-06
300 10 0.081 2447.18 5.4655e-06
300 10 0.091 2383.86 9.3116e-06
300 10 0.101 2341.84 9.1782e-06
300 10 0.111 2268.36 8.9612e-06
300 10 0.121 2189.31 8.7483e-06
300 10 0.131 2144.92 8.6156e-06
300 10 0.141 2082.4 8.4031e-06
300 10 0.151 1991.05 8.1239e-06
300 10 0.161 1938.97 7.9702e-06
300 10 0.171 1894.18 7.8186e-06
300 10 0.181 1852.01 7.6674e-06
300 10 0.191 1773.69 7.4258e-06
300 10 0.201 1729.98 7.2777e-06
300 10 0.211 1677.23 7.1212e-06
300 10 0.221 1623.64 6.9656e-06
300 10 0.231 1558.92 6.749e-06
300 10 0.241 1518.1 6.6151e-06
300 10 0.251 1463.4 5.747e-06
300 10 0.261 1420.35 3.5587e-06
300 10 0.271 1360.03 3.502e-06
300 10 0.281 1336.01 6.0645e-06
300 10 0.291 1286.92 5.8784e-06
300 10 0.301 1206.22 5.6194e-06
300 10 0.311 1174.66 5.5353e-06
300 10 0.321 1121.67 5.3654e-06
300 10 0.331 1098.18 5.292e-06
300 10 0.341 1054.84 5.1541e-06
300 10 0.351 994.95 4.9562e-06
300 10 0.361 979.991 4.9024e-06
300 10 0.371 940.402 4.7975e-06
300 10 0.381 904.749 4.6803e-06
300 10 0.391 880.267 4.6025e-06
300 10 0.401 812.868 4.3958e-06
300 10 0.411 798.643 4.3382e-06
300 10 0.421 742.905 4.144e-06
300 10 0.431 743.632 4.1721e-06
300 10 0.441 699.72 4.0186e-06
300 10 0.451 670.088 3.9127e-06
300 10 0.461 645.991 3.8275e-06
300 10 0.471 611.912 3.7193e-06
300 10 0.481 586.263 3.6492e-06
300 10 0.491 563.581 3.5781e-06
300 10 0.501 532.511 3.4534e-06
300 10 0.511 505.203 2.2022e-06
300 10 0.521 478.699 2.8624e-06
300 10 0.531 469.199 2.5036e-06
300 10 0.541 451.669 3.1639e-06
300 10 0.551 425.173 3.0756e-06
300 10 0.561 407.354 3.0121e-06
300 10 0.571 387.538 2.9414e-06
300 10 0.581 369.286 2.4219e-06
300 10 0.591 350.774 1.9057e-06
300 10 0.601 323.89 1.8685e-06
300 10 0.611 308.701 1.8411e-06
300 10 0.621 296.844 2.4317e-06
300 10 0.631 283.388 2.6694e-06
300 10 0.641 257.378 2.5651e-06
300 10 0.651 255.524 2.55e-06
300 10 0.661 242.848 2.53e-06
300 10 0.671 221.89 2.4676e-06
300 10 0.681 215.433 2.4378e-06
300 10 0.691 199.561 2.385e-06
300 10 0.701 184.895 2.3274e-06
300 10 0.711 179.62 2.232e-06
300 10 0.721 173.223 1.636e-06
300 10 0.731 163.498 1.895e-06
300 10 0.741 155.86 2.2101e-06
300 10 0.751 142.41 2.1709e-06
300 10 0.761 136.108 2.1468e-06
300 10 0.771 124.806 2.1073e-06
300 10 0.781 119.02 2.087e-06
300 10 0.791 110.242 2.0641e-06
300 10 0.801 104.221 2.0332e-06
300 10 0.811 103.41 2.0333e-06
300 10 0.821 90.062 1.9876e-06
300 10 0.831 87.601 1.983e-06
300 10 0.841 81.954 1.8896e-06
300 10 0.851 76.254 1.6647e-06
300 10 0.861 73.598 1.9522e-06
300 10 0.871 68.14 1.7049e-06
300 10 0.881 63.773 1.4948e-06
300 10 0.891 60.395 1.48e-06
300 10 0.901 55.66 1.4792e-06
300 10 0.911 51.528 1.8493e-06
300 10 0.921 47.944 1.802e-06
300 10 0.931 43.763 1.5634e-06
300 10 0.941 40.611 1.5556e-06
300 10 0.951 37.212 1.7549e-06
300 10 0.961 35.529 1.5212e-06
300 10 0.971 31.366 1.7395e-06
300 10 0.981 31.372 1.8404e-06
300 10 0.991 28.392 1.7928e-06
300 10 1.001 24.864 1.7829e-06
300 10 1.011 24.837 1.5507e-06
300 10 1.021 22.108 1.4167e-06
300 10 1.031 19.368 1.4192e-06
300 10 1.041 18.543 1.4162e-06
300 10 1.051 17.592 1.4033e-06
300 10 1.061 16.252 1.41e-06
300 10 1.071 14.521 1.6079e-06
300 10 1.081 12.206 1.6816e-06
300 10 1.091 12.307 1.69e-06
300 10 1.101 11.307 1.6766e-06
300 10 1.111 9.964 1.6614e-06
300 10 1.121 9.772 1.6554e-06
300 10 1.131 9.054 1.6596e-06
300 10 1.141 8.396 1.6573e-06
300 10 1.151 7.695 1.6525e-06
300 10 1.161 7.088 1.6514e-06
300 10 1.171 6.026 1.6221e-06
300 10 1.181 6.116 1.6382e-06
300 10 1.191 5.762 1.6317e-06
300 10 1.201 5.254 1.3808e-06
300 10 1.211 5.019 1.3363e-06
300 10 1.221 4.279 1.3416e-06
300 10 1.231 4.014 1.3274e-06
300 10 1.241 3.803 1.3313e-06
300 10 1.251 4.217 1.3287e-06
300 10 1.261 3.555 1.3136e-06
300 10 1.271 2.878 1.3234e-06
300 10 1.281 2.977 1.4266e-06
300 10 1.291 2.82 1.543e-06
300 10 1.301 2.419 1.4772e-06
300 10 1.311 2.189 1.4616e-06
300 10 1.321 2.03 1.5551e-06
300 10 1.331 2.104 1.5491e-06
300 10 1.341 1.773 1.2973e-06
300 10 1.351 1.545 1.4001e-06
300 10 1.361 1.439 1.5223e-06
300 10 1.371 1.308 1.3583e-06
300 10 1.381 1.162 1.2516e-06
300 10 1.391 1.061 1.315e-06
300 10 1.401 1.007 1.2623e-06
300 10 1.411 1.049 1.2653e-06
300 10 1.421 0.935 1.3709e-06
300 10 1.431 0.784 1.296e-06
300 10 1.441 0.697 1.4862e-06
300 10 1.451 0.708 1.2962e-06
300 10 1.461 0.615 1.2448e-06
300 10 1.471 0.522 1.4144e-06
300 10 1.481 0.504 1.5027e-06
300 10 1.491 0.443 1.4864e-06
300 10 1.501 0.407 1.4548e-06
300 10 1.511 0.368 1.4416e-06
300 10 1.521 0.364 1.4346e-06
300 10 1.531 0.358 1.431e-06
300 10 1.541 0.308 1.4234e-06
300 10 1.551 0.298 1.4209e-06
300 10 1.561 0.215 1.4224e-06
300 10 1.571 0.228 1.4245e-06
300 10 1.581 0.179 1.4095e-06
300 10 1.591 0.176 1.3151e-06
300 10 1.601 0.16 1.2092e-06
300 10 1.611 0.152 1.3905e-06
300 10 1.621 0.144 1.3809e-06
300 10 1.631 0.126 1.3773e-06
300 10 1.641 0.127 1.3758e-06
300 10 1.651 0.102 1.3738e-06
300 10 1.661 0.103 1.3717e-06
300 10 1.671 0.098 1.3576e-06
300 10 1.681 0.076 1.3638e-06
300 10 1.691 0.084 1.3576e-06
300 10 1.701 0.067 1.3544e-06
300 10 1.711 0.069 1.3535e-06
300 10 1.721 0.071 1.3437e-06
300 10 1.731 0.05 1.3403e-06
300 10 1.741 0.059 1.3336e-06
300 10 1.751 0.053 1.3274e-06
300 10 1.761 0.05 1.325e-06
300 10 1.771 0.041 1.3184e-06
300 10 1.781 0.038 1.3196e-06
300 10 1.791 0.032 1.3105e-06
300 10 1.801 0.023 1.3071e-06
300 10 1.811 0.032 1.3e-06
300 10 1.821 0.026 1.3058e-06
300 10 1.831 0.023 1.3004e-06
300 10 1.841 0.019 1.2932e-06
300 10 1.851 0.01 1.2347e-06
300 10 1.861 0.018 1.0495e-06
300 10 1.871 0.016 1.2655e-06
300 10 1.881 0.013 1.2644e-06
300 10 1.891 0.005 1.2622e-06
300 10 1.901 0.009 1.25e-06
300 10 1.911 0.005 1.256e-06
300 10 1.921 0.009 1.2461e-06
300 10 1.931 0.01 1.2409e-06
300 10 1.941 0.005 1.2226e-06
300 10 1.951 0.008 1.2234e-06
300 10 1.961 0.004 1.217e-06
300 10 1.971 0.002 1.2043e-06
300 10 1.981 0.002 1.2082e-06
300 10 1.991 0.004 1.0296e-06
300 20 0.001 5606.69 9.42e-06
300 20 0.011 5430.15 1.70571e-05
300 20 0.021 5231.7 1.71771e-05
300 20 0.031 5027.89 1.65134e-05
300 20 0.041 4810.89 1.59775e-05
300 20 0.051 4593.82 1.541e-05
300 20 0.061 4398.39 1.48014e-05
300 20 0.071 4162.73 1.40612e-05
300 20 0.081 4005.45 1.36261e-05
300 20 0.091 3771.67 1.29661e-05
300 20 0.101 3566.19 1.24047e-05
300 20 0.111 3416.69 1.19601e-05
300 20 0.121 3224.24 1.14486e-05
300 20 0.131 3005.88 1.07667e-05
300 20 0.141 2860.31 1.03424e-05
300 20 0.151 2718.59 9.903e-06
300 20 0.161 2547.47 9.3831e-06
300 20 0.171 2416.13 8.9991e-06
300 20 0.181 2237.78 8.5248e-06
300 20 0.191 2126.05 8.1696e-06
300 20 0.201 2004.54 7.7704e-06
300 20 0.211 1873.91 7.3618e-06
300 20 0.221 1740.11 6.9618e-06
300 20 0.231 1633.69 6.6354e-06
300 20 0.241 1500.95 6.2303e-06
300 20 0.251 1432.58 5.9919e-06
300 20 0.261 1322.61 5.6738e-06
300 20 0.271 1247.35 5.4235e-06
300 20 0.281 1154.37 5.1613e-06
300 20 0.291 1067.32 4.8896e-06
300 20 0.301 995.932 4.6634e-06
300 20 0.311 922.626 4.4369e-06
300 20 0.321 860.104 4.2008e-06
300 20 0.331 802.07 4.0273e-06
300 20 0.341 764.282 3.9139e-06
300 20 0.351 692.248 3.7021e-06
300 20 0.361 632.164 3.5023e-06
300 20 0.371 591.476 3.3652e-06
300 20 0.381 548.224 3.2183e-06
300 20 0.391 499.686 3.0653e-06
300 20 0.401 462.09 2.95e-06
300 20 0.411 421.774 2.8088e-06
300 20 0.421 378.058 2.6674e-06
300 20 0.431 352.072 2.585e-06
300 20 0.441 321.422 2.5005e-06
300 20 0.451 291.76 2.391e-06
300 20 0.461 277.212 1.6074e-06
300 20 0.471 257.986 2.1787e-06
300 20 0.481 226.67 2.1624e-06
300 20 0.491 207.362 2.1022e-06
300 20 0.501 191.598 2.0374e-06
300 20 0.511 173.392 1.9798e-06
300 20 0.521 164.708 1.9449e-06
300 20 0.531 147.81 1.9023e-06
300 20 0.541 130.884 1.8302e-06
300 20 0.551 113.394 1.773e-06
300 20 0.561 108.962 1.752e-06
300 20 0.571 100.008 1.7211e-06
300 20 0.581 88.41 1.6799e-06
300 20 0.591 83.49 1.6419e-06
300 20 0.601 73.3 1.614e-06
300 20 0.611 63.942 1.5765e-06
300 20 0.621 60.936 1.5711e-06
300 20 0.631 53.08 1.5367e-06
300 20 0.641 48.47 1.5231e-06
300 20 0.651 41.924 1.4861e-06
300 20 0.661 39.05 1.4832e-06
300 20 0.671 34.814 1.459e-06
300 20 0.681 32.026 1.436e-06
300 20 0.691 28.912 1.4286e-06
300 20 0.701 26.278 1.4127e-06
300 20 0.711 23.69 1.4066e-06
300 20 0.721 20.982 1.3959e-06
300 20 0.731 17.896 1.3755e-06
300 20 0.741 15.102 1.3754e-06
300 20 0.751 14.552 1.3617e-06
300 20 0.761 13.816 1.3564e-06
300 20 0.771 10.93 1.3431e-06
300 20 0.781 9.888 1.3388e-06
300 20 0.791 9.534 1.3162e-06
300 20 0.801 8.272 1.3192e-06
300 20 0.811 7.068 1.3093e-06
300 20 0.821 5.684 1.2979e-06
300 20 0.831 5.078 1.2958e-06
300 20 0.841 5.214 1.2969e-06
300 20 0.851 4.264 1.2924e-06
300 20 0.861 4.258 1.2906e-06
300 20 0.871 3.26 1.2776e-06
300 20 0.881 2.706 1.2767e-06
300 20 0.891 2.72 1.278e-06
300 20 0.901 2.494 1.2695e-06
300 20 0.911 2.068 1.265e-06
300 20 0.921 1.762 1.2791e-06
300 20 0.931 1.302 1.2763e-06
300 20 0.941 1.282 1.2618e-06
300 20 0.951 1.136 1.2536e-06
300 20 0.961 1.084 1.2572e-06
300 20 0.971 0.964 1.2552e-06
300 20 0.981 0.628 1.2502e-06
300 20 0.991 0.544 1.2479e-06
300 20 1.001 0.502 1.2449e-06
300 20 1.011 0.648 1.2367e-06
300 20 1.021 0.35 1.2353e-06
300 20 1.031 0.394 1.103e-06
300 20 1.041 0.302 1.0198e-06
300 20 1.051 0.238 1.0783e-06
300 20 1.061 0.176 1.2432e-06
300 20 1.071 0.242 1.23e-06
300 20 1.081 0.112 1.2291e-06
300 20 1.091 0.122 1.2383e-06
300 20 1.101 0.096 1.2307e-06
300 20 1.111 0.074 1.2255e-06
300 20 1.121 0.088 1.2249e-06
300 20 1.131 0.04 1.2197e-06
300 20 1.141 0.09 1.2042e-06
300 20 1.151 0.042 1.2002e-06
300 20 1.161 0.056 1.1397e-06
300 20 1.171 0.034 1.0242e-06
300 20 1.181 0.058 1.1931e-06
300 20 1.191 0.044 1.1923e-06
300 20 1.201 0.03 1.1945e-06
300 20 1.211 0.022 1.1824e-06
300 20 1.221 0.038 1.1711e-06
300 20 1.231 0.008 1.1644e-06
300 20 1.241 0.008 1.1739e-06
300 20 1.251 0.006 1.1738e-06
300 20 1.261 0.024 1.1877e-06
300 20 1.271 0.01 1.1904e-06
300 20 1.281 0.01 1.1906e-06
300 20 1.291 0.006 1.1844e-06
300 20 1.301 0.008 1.1891e-06
300 20 1.311 0.004 1.1181e-06
300 20 1.321 0.004 9.642e-07
300 20 1.331 0 9.802e-07
300 20 1.341 0.002 9.696e-07
300 20 1.351 0.006 9.676e-07
300 20 1.361 0.002 1.0919e-06
300 20 1.371 0 1.1323e-06
300 20 1.381 0 9.556e-07
300 20 1.391 0 9.629e-07
300 20 1.401 0 9.627e-07
300 20 1.411 0 9.428e-07
300 20 1.421 0.002 9.277e-07
300 20 1.431 0.002 9.569e-07
300 20 1.441 0 1.1326e-06
300 20 1.451 0 1.1253e-06
300 20 1.461 0 1.1206e-06
300 20 1.471 0 1.1324e-06
300 20 1.481 0 1.1232e-06
300 20 1.491 0 1.1186e-06
300 20 1.501 0 1.1173e-06
300 20 1.511 0 1.0116e-06
300 20 1.521 0 1.0135e-06
300 20 1.531 0 1.1186e-06
300 20 1.541 0 1.1172e-06
300 20 1.551 0 1.1151e-06
300 20 1.561 0 9.813e-07
300 20 1.571 0 8.858e-07
300 20 1.581 0 9.041e-07
300 20 1.591 0 9.885e-07
300 20 1.601 0 9.146e-07
300 20 1.611 0 1.0256e-06
300 20 1.621 0 1.0864e-06
300 20 1.631 0 1.0913e-06
300 20 1.641 0 1.086e-06
300 20 1.651 0 1.083e-06
300 20 1.661 0 1.0796e-06
300 20 1.671 0 1.0814e-06
300 20 1.681 0 1.0741e-06
300 20 1.691 0 9.557e-07
300 20 1.701 0 1.1663e-06
300 20 1.711 0 1.1857e-06
300 20 1.721 0 1.141e-06
300 20 1.731 0 1.1653e-06
300 20 1.741 0 1.1728e-06
300 20 1.751 0 1.1712e-06
300 20 1.761 0 1.1484e-06
300 20 1.771 0 9.058e-07
300 20 1.781 0 8.492e-07
300 20 1.791 0 9.756e-07
300 20 1.801 0 1.0511e-06
300 20 1.811 0 1.0384e-06
300 20 1.821 0 1.0296e-06
300 20 1.831 0 1.0274e-06
300 20 1.841 0 1.0282e-06
300 20 1.851 0 1.0261e-06
300 20 1.861 0 1.0225e-06
300 20 1.871 0 8.611e-07
300 20 1.881 0 8.338e-07
300 20 1.891 0 1.0251e-06
300 20 1.901 0 1.0267e-06
300 20 1.911 0 1.086e-06
300 20 1.921 0 1.0943e-06
300 20 1.931 0 1.093e-06
300 20 1.941 0 1.0713e-06
300 20 1.951 0 1.0557e-06
300 20 1.961 0 1.0638e-06
300 20 1.971 0 1.0535e-06
300 20 1.981 0 1.0391e-06
300 20 1.991 0 1.0305e-06
300 30 0.001 8099.26 2.42904e-05
300 30 0.011 7710.75 2.34119e-05
300 30 0.021 7291.2 2.24701e-05
300 30 0.031 6841.92 2.12583e-05
300 30 0.041 6444.89 2.02231e-05
300 30 0.051 6024.39 1.58875e-05
300 30 0.061 5628.15 1.0283e-05
300 30 0.071 5228.61 1.686e-05
300 30 0.081 4828.28 1.56973e-05
300 30 0.091 4482.38 1.46882e-05
300 30 0.101 4122.27 1.14829e-05
300 30 0.111 3776.8 1.05156e-05
300 30 0.121 3509.06 1.16696e-05
300 30 0.131 3211.44 1.08099e-05
300 30 0.141 2946.04 1.00193e-05
300 30 0.151 2750.03 9.4106e-06
300 30 0.161 2460.78 8.5842e-06
300 30 0.171 2268.29 4.8228e-06
300 30 0.181 2065.97 4.2059e-06
300 30 0.191 1895.42 5.8559e-06
300 30 0.201 1720.58 6.6735e-06
300 30 0.211 1533.62 6.1162e-06
300 30 0.221 1428.48 5.8113e-06
300 30 0.231 1239.89 5.236e-06
300 30 0.241 1162.89 5.0092e-06
300 30 0.251 1021.58 3.83e-06
300 30 0.261 946.587 2.9668e-06
300 30 0.271 836.427 4.0069e-06
300 30 0.281 731.676 3.6496e-06
300 30 0.291 671.922 3.4701e-06
300 30 0.301 620.757 3.2969e-06
300 30 0.311 550.644 3.0852e-06
300 30 0.321 469.686 2.8369e-06
300 30 0.331 435.114 2.7269e-06
300 30 0.341 388.068 2.5572e-06
300 30 0.351 342.06 2.4308e-06
300 30 0.361 308.739 2.301e-06
300 30 0.371 269.631 2.1416e-06
300 30 0.381 246.519 1.3815e-06
300 30 0.391 212.685 1.9861e-06
300 30 0.401 183.789 1.8857e-06
300 30 0.411 174.12 1.3442e-06
300 30 0.421 158.925 1.2479e-06
300 30 0.431 128.148 1.1855e-06
300 30 0.441 118.233 1.1558e-06
300 30 0.451 101.901 1.5339e-06
300 30 0.461 84.825 1.5295e-06
300 30 0.471 77.907 1.499e-06
300 30 0.481 69.174 1.4715e-06
300 30 0.491 60.696 1.4332e-06
300 30 0.501 54.972 1.4223e-06
300 30 0.511 44.415 1.384e-06
300 30 0.521 38.838 1.356e-06
300 30 0.531 34.659 1.3334e-06
300 30 0.541 29.091 1.309e-06
300 30 0.551 27.978 1.3106e-06
300 30 0.561 22.434 1.2882e-06
300 30 0.571 16.599 1.2531e-06
300 30 0.581 15.129 1.2408e-06
300 30 0.591 14.193 1.2451e-06
300 30 0.601 11.175 1.2308e-06
300 30 0.611 10.332 1.2214e-06
300 30 0.621 9.915 1.217e-06
300 30 0.631 7.422 1.1922e-06
300 30 0.641 6.294 1.199e-06
300 30 0.651 6.051 1.0075e-06
300 30 0.661 4.728 9.132e-07
300 30 0.671 3.732 9.143e-07
300 30 0.681 3.957 9.129e-07
300 30 0.691 2.22 9.187e-07
300 30 0.701 2.565 9.468e-07
300 30 0.711 2.181 1.1588e-06
300 30 0.721 1.593 1.1638e-06
300 30 0.731 1.683 1.1537e-06
300 30 0.741 1.125 1.1597e-06
300 30 0.751 1.383 1.1713e-06
300 30 0.761 0.717 1.0163e-06
300 30 0.771 1.17 9.243e-07
300 30 0.781 0.564 1.1779e-06
300 30 0.791 0.468 1.1547e-06
300 30 0.801 0.231 9.547e-07
300 30 0.811 0.504 8.954e-07
300 30 0.821 0.444 9.056e-07
300 30 0.831 0.282 9.148e-07
300 30 0.841 0.135 9.096e-07
300 30 0.851 0.144 1.0087e-06
300 30 0.861 0.141 1.1065e-06
300 30 0.871 0.159 1.1035e-06
300 30 0.881 0.18 1.1069e-06
300 30 0.891 0.102 1.102e-06
300 30 0.901 0.051 1.0932e-06
300 30 0.911 0.054 1.0993e-06
300 30 0.921 0.066 1.0921e-06
300 30 0.931 0.033 1.0974e-06
300 30 0.941 0.015 1.0939e-06
300 30 0.951 0.006 1.0905e-06
300 30 0.961 0.03 1.0914e-06
300 30 0.971 0.003 1.0918e-06
300 30 0.981 0.003 1.0855e-06
300 30 0.991 0.012 1.0903e-06
300 30 1.001 0.006 1.0881e-06
300 30 1.011 0.009 1.0871e-06
300 30 1.021 0.009 1.0814e-06
300 30 1.031 0.009 1.077e-06
300 30 1.041 0 1.0792e-06
300 30 1.051 0 1.0709e-06
300 30 1.061 0 1.0677e-06
300 30 1.071 0 1.0678e-06
300 30 1.081 0 1.063e-06
300 30 1.091 0.003 1.0128e-06
300 30 1.101 0 8.675e-07
300 30 1.111 0 8.648e-07
300 30 1.121 0 1.0468e-06
300 30 1.131 0 1.0753e-06
300 30 1.141 0 1.069e-06
300 30 1.151 0 1.063e-06
300 30 1.161 0 1.0651e-06
300 30 1.171 0 1.0636e-06
300 30 1.181 0 1.0675e-06
300 30 1.191 0 1.0619e-06
300 30 1.201 0 1.0647e-06
300 30 1.211 0 1.0511e-06
300 30 1.221 0 1.0526e-06
300 30 1.231 0 1.0557e-06
300 30 1.241 0 1.0553e-06
300 30 1.251 0 1.0526e-06
300 30 1.261 0 1.0496e-06
300 30 1.271 0 1.0509e-06
300 30 1.281 0 1.0459e-06
300 30 1.291 0 1.0439e-06
300 30 1.301 0 1.0489e-06
300 30 1.311 0 1.0473e-06
300 30 1.321 0 1.0446e-06
300 30 1.331 0 1.0374e-06
300 30 1.341 0 1.0394e-06
300 30 1.351 0 1.0336e-06
300 30 1.361 0 1.0325e-06
300 30 1.371 0 1.0336e-06
300 30 1.381 0 1.0312e-06
300 30 1.391 0 1.0341e-06
300 30 1.401 0 1.0281e-06
300 30 1.411 0 1.0332e-06
300 30 1.421 0 1.0224e-06
300 30 1.431 0 1.0262e-06
300 30 1.441 0 1.0237e-06
300 30 1.451 0 1.0278e-06
300 30 1.461 0 1.019e-06
300 30 1.471 0 1.0149e-06
300 30 1.481 0 1.0108e-06
300 30 1.491 0 8.529e-07
300 30 1.501 0 8.216e-07
300 30 1.511 0 8.183e-07
300 30 1.521 0 8.976e-07
300 30 1.531 0 8.119e-07
300 30 1.541 0 8.084e-07
300 30 1.551 0 9.769e-07
300 30 1.561 0 1.0168e-06
300 30 1.571 0 1.0093e-06
300 30 1.581 0 1.0102e-06
300 30 1.591 0 1.0116e-06
300 30 1.601 0 1.0062e-06
300 30 1.611 0 1.0049e-06
300 30 1.621 0 1.0058e-06
300 30 1.631 0 8.937e-07
300 30 1.641 0 7.84e-07
300 30 1.651 0 8.364e-07
300 30 1.661 0 8.497e-07
300 30 1.671 0 9.797e-07
300 30 1.681 0 9.981e-07
300 30 1.691 0 9.959e-07
300 30 1.701 0 9.913e-07
300 30 1.711 0 9.832e-07
300 30 1.721 0 8.216e-07
300 30 1.731 0 9.536e-07
300 30 1.741 0 9.438e-07
300 30 1.751 0 9.677e-07
300 30 1.761 0 9.842e-07
300 30 1.771 0 9.863e-07
300 30 1.781 0 8.537e-07
300 30 1.791 0 7.713e-07
300 30 1.801 0 9.062e-07
300 30 1.811 0 9.646e-07
300 30 1.821 0 9.638e-07
300 30 1.831 0 9.623e-07
300 30 1.841 0 9.293e-07
300 30 1.851 0 7.967e-07
300 30 1.861 0 7.772e-07
300 30 1.871 0 7.546e-07
300 30 1.881 0 7.536e-07
300 30 1.891 0 7.419e-07
300 30 1.901 0 8.353e-07
300 30 1.911 0 9.308e-07
300 30 1.921 0 9.064e-07
300 30 1.931 0 9.244e-07
300 30 1.941 0 9.211e-07
300 30 1.951 0 9.217e-07
300 30 1.961 0 9.371e-07
300 30 1.971 0 8.025e-07
300 30 1.981 0 7.2e-07
300 30 1.991 0 7.247e-07
300 40 0.001 10405.7 9.583e-06
300 40 0.011 9988.06 1.65632e-05
300 40 0.021 9528.02 1.60793e-05
300 40 0.031 9063.51 1.5573e-05
300 40 0.041 8593.43 1.5071e-05
300 40 0.051 8104.71 1.45231e-05
300 40 0.061 7690.02 9.6063e-06
300 40 0.071 7257.89 7.3402e-06
300 40 0.081 6812.2 7.0695e-06
300 40 0.091 6401.11 6.8216e-06
300 40 0.101 5976.32 6.5835e-06
300 40 0.111 5630.16 1.14191e-05
300 40 0.121 5291.18 1.12217e-05
300 40 0.131 4989.77 1.08665e-05
300 40 0.141 4637.8 1.04013e-05
300 40 0.151 4343.5 1.00196e-05
300 40 0.161 4079.32 9.6482e-06
300 40 0.171 3797.48 9.2668e-06
300 40 0.181 3527.35 8.9021e-06
300 40 0.191 3292.45 8.6033e-06
300 40 0.201 3066.79 8.2501e-06
300 40 0.211 2874.11 7.9959e-06
300 40 0.221 2670.59 7.6952e-06
300 40 0.231 2491.43 7.4137e-06
300 40 0.241 2327.91 5.8562e-06
300 40 0.251 2167.91 4.8838e-06
300 40 0.261 2006.58 6.4864e-06
300 40 0.271 1884.56 6.2688e-06
300 40 0.281 1737 5.47e-06
300 40 0.291 1627.12 3.5928e-06
300 40 0.301 1507.7 5.6945e-06
300 40 0.311 1383.74 5.5123e-06
300 40 0.321 1308.2 5.3512e-06
300 40 0.331 1207.69 5.1629e-06
300 40 0.341 1132.17 5.0237e-06
300 40 0.351 1056.62 4.8758e-06
300 40 0.361 976.733 4.6933e-06
300 40 0.371 902.714 4.55e-06
300 40 0.381 856.945 4.4066e-06
300 40 0.391 768.373 4.2308e-06
300 40 0.401 743.202 4.1568e-06
300 40 0.411 682.992 4.022e-06
300 40 0.421 633.04 3.895e-06
300 40 0.431 579.769 3.7793e-06
300 40 0.441 543.153 3.6478e-06
300 40 0.451 502.069 3.5637e-06
300 40 0.461 482.329 3.148e-06
300 40 0.471 439.392 2.8168e-06
300 40 0.481 408.421 3.2819e-06
300 40 0.491 373.395 3.1723e-06
300 40 0.501 356.207 3.113e-06
300 40 0.511 326.229 3.0145e-06
300 40 0.521 302.939 2.9337e-06
300 40 0.531 278.126 2.8657e-06
300 40 0.541 255.794 2.7954e-06
300 40 0.551 243.248 2.7438e-06
300 40 0.561 216.688 2.6533e-06
300 40 0.571 204.292 2.5862e-06
300 40 0.581 192.695 2.5409e-06
300 40 0.591 177.268 2.4741e-06
300 40 0.601 163.064 2.4235e-06
300 40 0.611 154.26 2.3802e-06
300 40 0.621 138.016 2.3102e-06
300 40 0.631 129.585 2.2609e-06
300 40 0.641 118.031 2.2033e-06
300 40 0.651 109.349 2.1557e-06
300 40 0.661 100.179 2.1072e-06
300 40 0.671 92.2022 2.0581e-06
300 40 0.681 87.2512 2.0431e-06
300 40 0.691 80.1113 1.9903e-06
300 40 0.701 73.8196 1.9595e-06
300 40 0.711 68.8389 1.9321e-06
300 40 0.721 62.9985 1.8808e-06
300 40 0.731 58.2633 1.8582e-06
300 40 0.741 54.0796 1.8207e-06
300 40 0.751 49.1911 1.794e-06
300 40 0.761 45.1288 1.7519e-06
300 40 0.771 41.7839 1.7359e-06
300 40 0.781 39.2695 1.7153e-06
300 40 0.791 36.0181 1.6752e-06
300 40 0.801 32.9402 1.6471e-06
300 40 0.811 29.8231 1.6277e-06
300 40 0.821 28.0154 1.608e-06
300 40 0.831 24.3329 1.5687e-06
300 40 0.841 23.0212 1.5668e-06
300 40 0.851 21.6038 1.5437e-06
300 40 0.861 19.1141 1.5172e-06
300 40 0.871 18.0968 1.5001e-06
300 40 0.881 16.2893 1.477e-06
300 40 0.891 14.7807 1.468e-06
300 40 0.901 13.6959 1.4483e-06
300 40 0.911 12.2292 1.4202e-06
300 40 0.921 11.3826 1.4189e-06
300 40 0.931 10.6623 1.3993e-06
300 40 0.941 9.6091 1.3983e-06
300 40 0.951 8.8405 1.3633e-06
300 40 0.961 7.9592 1.3644e-06
300 40 0.971 6.8759 1.3468e-06
300 40 0.981 6.8057 1.3348e-06
300 40 0.991 5.5522 1.3218e-06
300 40 1.001 5.4488 1.2887e-06
300 40 1.011 4.8094 1.2772e-06
300 40 1.021 4.2243 1.2556e-06
300 40 1.031 3.9537 1.0668e-06
300 40 1.041 3.4835 1.01e-06
300 40 1.051 3.2428 1.0038e-06
300 40 1.061 2.7182 1.0039e-06
300 40 1.071 2.5372 1.1386e-06
300 40 1.081 2.3139 1.22e-06
300 40 1.091 2.0931 9.996e-07
300 40 1.101 1.8256 9.792e-07
300 40 1.111 1.8373 9.686e-07
300 40 1.121 1.4802 9.59e-07
300 40 1.131 1.3943 1.1697e-06
300 40 1.141 1.3135 1.2024e-06
300 40 1.151 1.1539 1.1964e-06
300 40 1.161 1.095 1.1935e-06
300 40 1.171 0.8863 1.1986e-06
300 40 1.181 0.8819 9.711e-07
300 40 1.191 0.7839 1.0003e-06
300 40 1.201 0.6561 1.1315e-06
300 40 1.211 0.5819 1.1338e-06
300 40 1.221 0.5839 9.939e-07
300 40 1.231 0.5862 9.679e-07
300 40 1.241 0.4647 1.1323e-06
300 40 1.251 0.3684 1.0304e-06
300 40 1.261 0.3534 1.0389e-06
300 40 1.271 0.3718 1.1275e-06
300 40 1.281 0.304 1.1089e-06
300 40 1.291 0.2595 9.742e-07
300 40 1.301 0.2626 1.0878e-06
300 40 1.311 0.2474 1.0819e-06
300 40 1.321 0.2125 1.0518e-06
300 40 1.331 0.1581 1.0868e-06
300 40 1.341 0.1582 1.0875e-06
300 40 1.351 0.1559 9.768e-07
300 40 1.361 0.1236 1.0522e-06
300 40 1.371 0.109 1.1007e-06
300 40 1.381 0.1024 1.0902e-06
300 40 1.391 0.0998 1.0948e-06
300 40 1.401 0.0766 9.788e-07
300 40 1.411 0.0784 8.753e-07
300 40 1.421 0.0685 9.863e-07
300 40 1.431 0.0557 1.0838e-06
300 40 1.441 0.0436 1.0813e-06
300 40 1.451 0.0389 1.0694e-06
300 40 1.461 0.0384 1.0666e-06
300 40 1.471 0.0313 1.0467e-06
300 40 1.481 0.0298 1.0488e-06
300 40 1.491 0.0328 1.049e-06
300 40 1.501 0.0243 1.0514e-06
300 40 1.511 0.0165 9.453e-07
300 40 1.521 0.0179 8.446e-07
300 40 1.531 0.0179 8.406e-07
300 40 1.541 0.013 8.409e-07
300 40 1.551 0.0119 8.437e-07
300 40 1.561 0.0106 9.302e-07
300 40 1.571 0.0104 1.0434e-06
300 40 1.581 0.0066 9.065e-07
300 40 1.591 0.0059 1.0224e-06
300 40 1.601 0.0065 1.0218e-06
300 40 1.611 0.0047 9.984e-07
300 40 1.621 0.0073 1.0103e-06
300 40 1.631 0.0066 1.0167e-06
300 40 1.641 0.0052 1.0157e-06
300 40 1.651 0.0022 1.0103e-06
300 40 1.661 0.0029 9.086e-07
300 40 1.671 0.0016 8.419e-07
300 40 1.681 0.0031 9.577e-07
300 40 1.691 0.0009 8.877e-07
300 40 1.701 0.0009 8.107e-07
300 40 1.711 0.0013 9.18e-07
300 40 1.721 0.0016 8.094e-07
300 40 1.731 0 8.082e-07
300 40 1.741 0.0003 8.559e-07
300 40 1.751 0.0009 8.614e-07
300 40 1.761 0.0025 8.116e-07
300 40 1.771 0.0003 8.407e-07
300 40 1.781 0.001 9.461e-07
300 40 1.791 0.0006 7.88e-07
300 40 1.801 0.0005 7.96e-07
300 40 1.811 0.0002 8.947e-07
300 40 1.821 0 9.91e-07
300 40 1.831 0.0004 9.663e-07
300 40 1.841 0 8.77e-07
300 40 1.851 0.0001 9.143e-07
300 40 1.861 0.0007 8.088e-07
300 40 1.871 0 8.029e-07
300 40 1.881 0 9.522e-07
300 40 1.891 0 9.56e-07
300 40 1.901 0 9.702e-07
300 40 1.911 0 9.785e-07
300 40 1.921 0 9.697e-07
300 40 1.931 0.0002 9.756e-07
300 40 1.941 0 9.694e-07
300 40 1.951 0 9.657e-07
300 40 1.961 0 9.617e-07
300 40 1.971 0.0002 9.594e-07
300 40 1.981 0 9.493e-07
300 40 1.991 0 9.517e-07
400 10 0.001 3903.92 1.45981e-05
400 10 0.011 3840.91 1.44163e-05
400 10 0.021 3775.29 1.42114e-05
400 10 0.031 3706.5 1.39907e-05
400 10 0.041 3610.36 1.3673e-05
400 10 0.051 3527.34 1.33924e-05
400 10 0.061 3459.35 1.29739e-05
400 10 0.071 3379.78 1.27379e-05
400 10 0.081 3281.66 1.24421e-05
400 10 0.091 3209.38 1.22025e-05
400 10 0.101 3114.96 1.19097e-05
400 10 0.111 3035.12 7.2783e-06
400 10 0.121 2943.02 9.5121e-06
400 10 0.131 2866.24 1.13554e-05
400 10 0.141 2787.31 5.9952e-06
400 10 0.151 2701.71 5.8162e-06
400 10 0.161 2650.21 5.7543e-06
400 10 0.171 2540.07 7.8862e-06
400 10 0.181 2490.11 1.013e-05
400 10 0.191 2386.14 9.2845e-06
400 10 0.201 2324.37 9.379e-06
400 10 0.211 2268.45 7.0333e-06
400 10 0.221 2169.68 5.0006e-06
400 10 0.231 2112.02 4.9051e-06
400 10 0.241 2053.01 4.779e-06
400 10 0.251 1969.33 4.6468e-06
400 10 0.261 1909.32 4.5421e-06
400 10 0.271 1824.37 4.7452e-06
400 10 0.281 1774.38 7.7975e-06
400 10 0.291 1709.05 7.0826e-06
400 10 0.301 1642.25 7.4167e-06
400 10 0.311 1583.2 7.2264e-06
400 10 0.321 1519.32 7.0171e-06
400 10 0.331 1458.44 6.8444e-06
400 10 0.341 1433.54 6.5393e-06
400 10 0.351 1355.29 3.6956e-06
400 10 0.361 1282.64 3.5808e-06
400 10 0.371 1248.48 3.5372e-06
400 10 0.381 1204.77 5.6727e-06
400 10 0.391 1166.07 5.8753e-06
400 10 0.401 1095.14 5.6373e-06
400 10 0.411 1058.64 5.5277e-06
400 10 0.421 1029.31 5.4144e-06
400 10 0.431 967.305 5.2355e-06
400 10 0.441 949.111 5.1687e-06
400 10 0.451 889.47 4.9718e-06
400 10 0.461 856.643 4.8864e-06
400 10 0.471 814.817 4.7349e-06
400 10 0.481 788.439 4.6531e-06
400 10 0.491 759.994 4.5636e-06
400 10 0.501 710.813 4.3942e-06
400 10 0.511 691.532 4.348e-06
400 10 0.521 662.085 4.2232e-06
400 10 0.531 617.157 4.0921e-06
400 10 0.541 579.231 3.9736e-06
400 10 0.551 568.551 3.9432e-06
400 10 0.561 535.202 3.829e-06
400 10 0.571 511.917 3.7292e-06
400 10 0.581 491.708 3.6701e-06
400 10 0.591 464.903 3.5881e-06
400 10 0.601 438.563 3.5056e-06
400 10 0.611 415.381 2.707e-06
400 10 0.621 394.556 2.2393e-06
400 10 0.631 377.787 2.217e-06
400 10 0.641 351.374 2.1979e-06
400 10 0.651 334.701 2.8073e-06
400 10 0.661 322.357 2.6183e-06
400 10 0.671 298.544 2.9743e-06
400 10 0.681 287.096 2.2253e-06
400 10 0.691 278.651 2.3218e-06
400 10 0.701 252.232 2.0283e-06
400 10 0.711 241.658 2.0048e-06
400 10 0.721 234.759 2.3757e-06
400 10 0.731 215.009 1.9732e-06
400 10 0.741 203.845 1.9593e-06
400 10 0.751 191.696 2.0897e-06
400 10 0.761 181.173 2.6305e-06
400 10 0.771 170.715 2.5972e-06
400 10 0.781 164.15 2.5874e-06
400 10 0.791 148.438 2.5368e-06
400 10 0.801 141.723 2.507e-06
400 10 0.811 129.169 2.4611e-06
400 10 0.821 126.116 2.4458e-06
400 10 0.831 115.937 2.399e-06
400 10 0.841 110.974 2.3886e-06
400 10 0.851 103.528 2.3656e-06
400 10 0.861 96.309 2.3468e-06
400 10 0.871 86.44 2.3219e-06
400 10 0.881 79.661 2.2916e-06
400 10 0.891 77.256 2.1153e-06
400 10 0.901 71.44 1.7547e-06
400 10 0.911 69.766 1.7643e-06
400 10 0.921 63.64 1.7486e-06
400 10 0.931 58.559 1.7547e-06
400 10 0.941 54.609 1.8116e-06
400 10 0.951 51.407 2.1454e-06
400 10 0.961 49.684 2.1402e-06
400 10 0.971 44.616 2.1117e-06
400 10 0.981 39.136 2.0929e-06
400 10 0.991 37.742 2.0852e-06
400 10 1.001 35.038 2.059e-06
400 10 1.011 31.479 2.051e-06
400 10 1.021 29.862 2.0584e-06
400 10 1.031 26.666 2.0424e-06
400 10 1.041 24.998 2.0294e-06
400 10 1.051 23.066 2.0222e-06
400 10 1.061 20.211 2.0054e-06
400 10 1.071 19.854 1.9987e-06
400 10 1.081 18.111 1.9973e-06
400 10 1.091 16.745 1.9623e-06
400 10 1.101 15.877 1.9654e-06
400 10 1.111 13.169 1.9594e-06
400 10 1.121 14.013 1.7444e-06
400 10 1.131 11.137 1.9495e-06
400 10 1.141 11.045 2.0089e-06
400 10 1.151 10.823 2.0265e-06
400 10 1.161 10.002 2.037e-06
400 10 1.171 9.05 1.7365e-06
400 10 1.181 8.566 1.8046e-06
400 10 1.191 7.373 1.6107e-06
400 10 1.201 6.829 1.702e-06
400 10 1.211 6.609 1.9637e-06
400 10 1.221 6.098 1.9354e-06
400 10 1.231 5.818 1.925e-06
400 10 1.241 5.065 1.9098e-06
400 10 1.251 4.916 1.9056e-06
400 10 1.261 4.579 1.9026e-06
400 10 1.271 4.223 1.897e-06
400 10 1.281 3.936 1.8809e-06
400 10 1.291 3.735 1.8819e-06
400 10 1.301 3.291 1.8719e-06
400 10 1.311 3.132 1.8616e-06
400 10 1.321 2.816 1.8658e-06
400 10 1.331 2.596 1.8562e-06
400 10 1.341 2.307 1.8481e-06
400 10 1.351 2.198 1.8348e-06
400 10 1.361 1.871 1.8188e-06
400 10 1.371 1.878 1.8152e-06
400 10 1.381 1.589 1.8163e-06
400 10 1.391 1.502 1.8035e-06
400 10 1.401 1.485 1.7927e-06
400 10 1.411 1.287 1.7966e-06
400 10 1.421 1.238 1.7815e-06
400 10 1.431 1.144 1.7712e-06
400 10 1.441 0.999 1.7668e-06
400 10 1.451 0.926 1.7612e-06
400 10 1.461 0.883 1.7398e-06
400 10 1.471 0.764 1.6211e-06
400 10 1.481 0.666 1.4587e-06
400 10 1.491 0.657 1.4349e-06
400 10 1.501 0.566 1.4201e-06
400 10 1.511 0.568 1.6077e-06
400 10 1.521 0.506 1.6945e-06
400 10 1.531 0.442 1.6763e-06
400 10 1.541 0.411 1.6789e-06
400 10 1.551 0.352 1.6629e-06
400 10 1.561 0.316 1.6664e-06
400 10 1.571 0.292 1.6523e-06
400 10 1.581 0.278 1.6512e-06
400 10 1.591 0.264 1.4962e-06
400 10 1.601 0.215 1.5445e-06
400 10 1.611 0.216 1.5998e-06
400 10 1.621 0.195 1.5066e-06
400 10 1.631 0.17 1.4369e-06
400 10 1.641 0.153 1.6325e-06
400 10 1.651 0.153 1.6061e-06
400 10 1.661 0.159 1.6034e-06
400 10 1.671 0.135 1.589e-06
400 10 1.681 0.124 1.4184e-06
400 10 1.691 0.116 1.2934e-06
400 10 1.701 0.089 1.5609e-06
400 10 1.711 0.071 1.5899e-06
400 10 1.721 0.074 1.5693e-06
400 10 1.731 0.075 1.5647e-06
400 10 1.741 0.064 1.5635e-06
400 10 1.751 0.071 1.3271e-06
400 10 1.761 0.044 1.3768e-06
400 10 1.771 0.053 1.2609e-06
400 10 1.781 0.047 1.2538e-06
400 10 1.791 0.043 1.3499e-06
400 10 1.801 0.046 1.4987e-06
400 10 1.811 0.044 1.2219e-06
400 10 1.821 0.032 1.2265e-06
400 10 1.831 0.041 1.2201e-06
400 10 1.841 0.027 1.4309e-06
400 10 1.851 0.019 1.5058e-06
400 10 1.861 0.02 1.4705e-06
400 10 1.871 0.02 1.4456e-06
400 10 1.881 0.014 1.3809e-06
400 10 1.891 0.014 1.176e-06
400 10 1.901 0.01 1.1722e-06
400 10 1.911 0.013 1.164e-06
400 10 1.921 0.016 1.217e-06
400 10 1.931 0.008 1.4305e-06
400 10 1.941 0.011 1.4201e-06
400 10 1.951 0.007 1.3962e-06
400 10 1.961 0.006 1.3799e-06
400 10 1.971 0.002 1.3454e-06
400 10 1.981 0.005 1.3777e-06
400 10 1.991 0.006 1.3634e-06
400 20 0.001 7596.87 2.38881e-05
400 20 0.011 7372.55 2.32589e-05
400 20 0.021 7100.84 2.25365e-05
400 20 0.031 6840.54 2.17553e-05
400 20 0.041 6524.45 2.08843e-05
400 20 0.051 6220.39 2.00277e-05
400 20 0.061 5937.57 1.92396e-05
400 20 0.071 5648 1.8382e-05
400 20 0.081 5412.01 1.62376e-05
400 20 0.091 5142.09 9.006e-06
400 20 0.101 4912.79 8.7139e-06
400 20 0.111 4617.17 1.36711e-05
400 20 0.121 4397.39 1.50817e-05
400 20 0.131 4113.51 1.4252e-05
400 20 0.141 3856.99 1.35018e-05
400 20 0.151 3647.5 1.28923e-05
400 20 0.161 3469.86 1.23539e-05
400 20 0.171 3236.97 1.16641e-05
400 20 0.181 3022.19 1.10316e-05
400 20 0.191 2882.78 1.06147e-05
400 20 0.201 2707.97 1.00987e-05
400 20 0.211 2519.47 9.5451e-06
400 20 0.221 2388.29 9.1393e-06
400 20 0.231 2214.22 8.612e-06
400 20 0.241 2063.29 8.1752e-06
400 20 0.251 1908.39 7.6971e-06
400 20 0.261 1796.96 7.3757e-06
400 20 0.271 1687.93 7.01e-06
400 20 0.281 1602.31 6.7425e-06
400 20 0.291 1448.9 6.2907e-06
400 20 0.301 1331.25 5.9178e-06
400 20 0.311 1280.19 5.7792e-06
400 20 0.321 1157.03 5.389e-06
400 20 0.331 1060.34 5.085e-06
400 20 0.341 1003.76 4.9156e-06
400 20 0.351 901.124 4.594e-06
400 20 0.361 865.7 4.4921e-06
400 20 0.371 806.26 4.2933e-06
400 20 0.381 735.228 2.7959e-06
400 20 0.391 681.458 2.3808e-06
400 20 0.401 611.186 2.274e-06
400 20 0.411 566.302 2.2047e-06
400 20 0.421 514.736 2.129e-06
400 20 0.431 484.01 2.0396e-06
400 20 0.441 423.536 1.9583e-06
400 20 0.451 408.312 1.9194e-06
400 20 0.461 368.31 2.3213e-06
400 20 0.471 334.716 1.9979e-06
400 20 0.481 317.394 1.7679e-06
400 20 0.491 281.966 1.7174e-06
400 20 0.501 253.354 1.673e-06
400 20 0.511 245.014 1.6635e-06
400 20 0.521 230.948 1.6381e-06
400 20 0.531 194.112 1.591e-06
400 20 0.541 167.002 2.0613e-06
400 20 0.551 160.526 2.1229e-06
400 20 0.561 153.81 2.1194e-06
400 20 0.571 132.492 2.0189e-06
400 20 0.581 117.4 1.9903e-06
400 20 0.591 113.266 1.6889e-06
400 20 0.601 98.764 1.3899e-06
400 20 0.611 87.794 1.6937e-06
400 20 0.621 82.716 1.8577e-06
400 20 0.631 71.014 1.8114e-06
400 20 0.641 67.938 1.7871e-06
400 20 0.651 61.52 1.7677e-06
400 20 0.661 52.028 1.7316e-06
400 20 0.671 41.954 1.6774e-06
400 20 0.681 41.3 1.6846e-06
400 20 0.691 41.418 1.6714e-06
400 20 0.701 35.042 1.653e-06
400 20 0.711 30.276 1.6466e-06
400 20 0.721 25.02 1.6123e-06
400 20 0.731 22.484 1.6001e-06
400 20 0.741 22.262 1.5918e-06
400 20 0.751 19.988 1.574e-06
400 20 0.761 16.138 1.5576e-06
400 20 0.771 15.148 1.5473e-06
400 20 0.781 13.756 1.5318e-06
400 20 0.791 14.202 1.5314e-06
400 20 0.801 11.304 1.5331e-06
400 20 0.811 9.774 1.5026e-06
400 20 0.821 9.178 1.5056e-06
400 20 0.831 7.672 1.4946e-06
400 20 0.841 6.928 1.4903e-06
400 20 0.851 6.258 1.4847e-06
400 20 0.861 4.566 1.4672e-06
400 20 0.871 4.874 1.4703e-06
400 20 0.881 4.486 1.4202e-06
400 20 0.891 3.592 1.1852e-06
400 20 0.901 2.688 1.3198e-06
400 20 0.911 2.77 1.44e-06
400 20 0.921 2.212 1.4346e-06
400 20 0.931 1.672 1.435e-06
400 20 0.941 1.532 1.43e-06
400 20 0.951 1.738 1.4201e-06
400 20 0.961 1.328 1.419e-06
400 20 0.971 1.06 1.4231e-06
400 20 0.981 0.874 1.4139e-06
400 20 0.991 0.77 1.4223e-06
400 20 1.001 0.78 1.4214e-06
400 20 1.011 0.622 1.2022e-06
400 20 1.021 0.58 1.4164e-06
400 20 1.031 0.56 1.3007e-06
400 20 1.041 0.338 1.1487e-06
400 20 1.051 0.412 1.1641e-06
400 20 1.061 0.322 1.2063e-06
400 20 1.071 0.22 1.3882e-06
400 20 1.081 0.158 1.394e-06
400 20 1.091 0.15 1.3889e-06
400 20 1.101 0.11 1.3876e-06
400 20 1.111 0.12 1.3898e-06
400 20 1.121 0.102 1.3844e-06
400 20 1.131 0.09 1.3765e-06
400 20 1.141 0.064 1.372e-06
400 20 1.151 0.078 1.3821e-06
400 20 1.161 0.082 1.3665e-06
400 20 1.171 0.044 1.375e-06
400 20 1.181 0.084 1.3687e-06
400 20 1.191 0.082 1.3626e-06
400 20 1.201 0.082 1.3511e-06
400 20 1.211 0.036 1.3523e-06
400 20 1.221 0.024 1.3481e-06
400 20 1.231 0.014 1.3423e-06
400 20 1.241 0.022 1.3825e-06
400 20 1.251 0.01 1.3536e-06
400 20 1.261 0.02 1.3647e-06
400 20 1.271 0.008 1.3541e-06
400 20 1.281 0.02 1.3323e-06
400 20 1.291 0.006 1.3296e-06
400 20 1.301 0.004 1.3327e-06
400 20 1.311 0.01 1.3304e-06
400 20 1.321 0.002 1.315e-06
400 20 1.331 0.002 1.3157e-06
400 20 1.341 0.008 1.1951e-06
400 20 1.351 0.002 1.2805e-06
400 20 1.361 0.002 1.3347e-06
400 20 1.371 0.004 1.1417e-06
400 20 1.381 0.004 1.1223e-06
400 20 1.391 0.002 1.3213e-06
400 20 1.401 0 1.2615e-06
400 20 1.411 0 1.311e-06
400 20 1.421 0.004 1.2915e-06
400 20 1.431 0 1.2978e-06
400 20 1.441 0.004 1.0777e-06
400 20 1.451 0.002 1.1323e-06
400 20 1.461 0 1.2723e-06
400 20 1.471 0 1.088e-06
400 20 1.481 0 1.0384e-06
400 20 1.491 0 1.1208e-06
400 20 1.501 0 1.2208e-06
400 20 1.511 0 1.0511e-06
400 20 1.521 0.002 1.1357e-06
400 20 1.531 0 1.2474e-06
400 20 1.541 0 1.2285e-06
400 20 1.551 0 1.2349e-06
400 20 1.561 0 1.24e-06
400 20 1.571 0 1.2208e-06
400 20 1.581 0 1.2194e-06
400 20 1.591 0 1.2233e-06
400 20 1.601 0 1.2172e-06
400 20 1.611 0 1.2232e-06
400 20 1.621 0 1.2254e-06
400 20 1.631 0 1.0173e-06
400 20 1.641 0 1.0104e-06
400 20 1.651 0 9.895e-07
400 20 1.661 0 1.2116e-06
400 20 1.671 0 1.1354e-06
400 20 1.681 0 9.804e-07
400 20 1.691 0 1.152e-06
400 20 1.701 0 1.1883e-06
400 20 1.711 0 1.1892e-06
400 20 1.721 0 1.1837e-06
400 20 1.731 0 1.1829e-06
400 20 1.741 0 1.1825e-06
400 20 1.751 0 1.1728e-06
400 20 1.761 0 1.1746e-06
400 20 1.771 0 1.174e-06
400 20 1.781 0 1.1693e-06
400 20 1.791 0 1.1628e-06
400 20 1.801 0 1.1623e-06
400 20 1.811 0 1.158e-06
400 20 1.821 0 1.1645e-06
400 20 1.831 0 1.1541e-06
400 20 1.841 0 1.137e-06
400 20 1.851 0 1.1392e-06
400 20 1.861 0 1.1368e-06
400 20 1.871 0 1.0766e-06
400 20 1.881 0 9.797e-07
400 20 1.891 0 1.137e-06
400 20 1.901 0 1.1191e-06
400 20 1.911 0 1.1175e-06
400 20 1.921 0 1.1147e-06
400 20 1.931 0 1.1138e-06
400 20 1.941 0 1.101e-06
400 20 1.951 0 1.1053e-06
400 20 1.961 0 1.0925e-06
400 20 1.971 0 1.0938e-06
400 20 1.981 0 1.0789e-06
400 20 1.991 0 1.0723e-06
400 30 0.001 11094.9 3.29098e-05
400 30 0.011 10555.2 3.15129e-05
400 30 0.021 10015.5 3.00755e-05
400 30 0.031 9388.84 2.83981e-05
400 30 0.041 8808.46 2.69089e-05
400 30 0.051 8257.16 2.53508e-05
400 30 0.061 7633.73 2.36723e-05
400 30 0.071 7182.43 2.24342e-05
400 30 0.081 6594.31 2.07533e-05
400 30 0.091 6091.92 1.63012e-05
400 30 0.101 5633.96 9.6677e-06
400 30 0.111 5238.04 9.0633e-06
400 30 0.121 4751.96 8.356e-06
400 30 0.131 4409.9 7.885e-06
400 30 0.141 4048.84 7.3066e-06
400 30 0.151 3662.46 6.7754e-06
400 30 0.161 3410.32 6.3685e-06
400 30 0.171 3128.42 5.9241e-06
400 30 0.181 2801.23 1.02018e-05
400 30 0.191 2601.41 9.6344e-06
400 30 0.201 2303.91 8.7648e-06
400 30 0.211 2078.32 8.0799e-06
400 30 0.221 1933.36 7.629e-06
400 30 0.231 1705.13 6.9819e-06
400 30 0.241 1555.56 6.4971e-06
400 30 0.251 1421.19 6.0802e-06
400 30 0.261 1296.48 4.6273e-06
400 30 0.271 1144.68 3.753e-06
400 30 0.281 1019.2 4.8906e-06
400 30 0.291 935.553 4.5852e-06
400 30 0.301 841.491 4.2976e-06
400 30 0.311 761.361 4.0336e-06
400 30 0.321 679.095 3.7823e-06
400 30 0.331 592.491 3.5179e-06
400 30 0.341 520.218 3.2752e-06
400 30 0.351 491.277 3.1546e-06
400 30 0.361 418.305 2.9389e-06
400 30 0.371 374.769 2.7871e-06
400 30 0.381 329.337 2.6371e-06
400 30 0.391 300.531 2.5513e-06
400 30 0.401 267.369 2.4484e-06
400 30 0.411 234.228 2.3235e-06
400 30 0.421 204.291 2.2053e-06
400 30 0.431 169.302 2.0944e-06
400 30 0.441 157.425 2.0438e-06
400 30 0.451 136.209 1.9654e-06
400 30 0.461 117.222 1.8984e-06
400 30 0.471 109.893 1.8765e-06
400 30 0.481 95.451 1.8114e-06
400 30 0.491 75.996 1.4116e-06
400 30 0.501 72.981 1.2138e-06
400 30 0.511 65.697 1.198e-06
400 30 0.521 55.731 1.1724e-06
400 30 0.531 49.818 1.156e-06
400 30 0.541 39.78 1.1337e-06
400 30 0.551 34.566 1.3023e-06
400 30 0.561 29.436 1.4905e-06
400 30 0.571 28.332 1.1025e-06
400 30 0.581 22.131 1.0765e-06
400 30 0.591 17.997 1.0815e-06
400 30 0.601 15.777 1.2084e-06
400 30 0.611 13.182 1.1573e-06
400 30 0.621 12.438 1.0519e-06
400 30 0.631 9.516 1.2914e-06
400 30 0.641 8.064 1.3139e-06
400 30 0.651 7.437 1.2969e-06
400 30 0.661 7.191 1.2844e-06
400 30 0.671 6.027 1.294e-06
400 30 0.681 4.236 1.265e-06
400 30 0.691 4.002 1.1636e-06
400 30 0.701 3.495 1.0189e-06
400 30 0.711 2.403 1.193e-06
400 30 0.721 2.487 1.3039e-06
400 30 0.731 1.926 1.3197e-06
400 30 0.741 1.812 1.3193e-06
400 30 0.751 1.293 1.2267e-06
400 30 0.761 1.518 1.137e-06
400 30 0.771 1.023 1.2428e-06
400 30 0.781 0.981 1.2093e-06
400 30 0.791 0.732 9.989e-07
400 30 0.801 0.981 1.0064e-06
400 30 0.811 0.588 9.927e-07
400 30 0.821 0.492 9.972e-07
400 30 0.831 0.327 1.0187e-06
400 30 0.841 0.315 1.0831e-06
400 30 0.851 0.24 1.2814e-06
400 30 0.861 0.177 1.1615e-06
400 30 0.871 0.135 9.907e-07
400 30 0.881 0.162 9.909e-07
400 30 0.891 0.132 1.2275e-06
400 30 0.901 0.129 1.2933e-06
400 30 0.911 0.117 1.0326e-06
400 30 0.921 0.048 1.2354e-06
400 30 0.931 0.045 1.2397e-06
400 30 0.941 0.102 1.242e-06
400 30 0.951 0.054 1.229e-06
400 30 0.961 0.024 1.2295e-06
400 30 0.971 0.021 1.2255e-06
400 30 0.981 0.027 1.0647e-06
400 30 0.991 0.018 9.816e-07
400 30 1.001 0.015 9.762e-07
400 30 1.011 0.039 9.884e-07
400 30 1.021 0.003 9.762e-07
400 30 1.031 0 9.776e-07
400 30 1.041 0.006 9.7e-07
400 30 1.051 0.003 9.675e-07
400 30 1.061 0.006 9.68e-07
400 30 1.071 0.006 9.797e-07
400 30 1.081 0 9.895e-07
400 30 1.091 0 9.874e-07
400 30 1.101 0.003 9.619e-07
400 30 1.111 0 9.921e-07
400 30 1.121 0 1.1448e-06
400 30 1.131 0 1.2516e-06
400 30 1.141 0 1.2675e-06
400 30 1.151 0 1.2583e-06
400 30 1.161 0 1.2604e-06
400 30 1.171 0 1.258e-06
400 30 1.181 0 1.2521e-06
400 30 1.191 0 1.1334e-06
400 30 1.201 0 9.524e-07
400 30 1.211 0 9.576e-07
400 30 1.221 0 1.1624e-06
400 30 1.231 0 1.1591e-06
400 30 1.241 0 1.1554e-06
400 30 1.251 0 1.1599e-06
400 30 1.261 0 1.1482e-06
400 30 1.271 0 1.152e-06
400 30 1.281 0 1.1523e-06
400 30 1.291 0 1.1548e-06
400 30 1.301 0 1.16e-06
400 30 1.311 0 1.1516e-06
400 30 1.321 0 1.0759e-06
400 30 1.331 0 9.525e-07
400 30 1.341 0 9.623e-07
400 30 1.351 0 1.1265e-06
400 30 1.361 0 1.1275e-06
400 30 1.371 0 1.0627e-06
400 30 1.381 0 9.273e-07
400 30 1.391 0 9.319e-07
400 30 1.401 0 1.0318e-06
400 30 1.411 0 9.308e-07
400 30 1.421 0 1.1444e-06
400 30 1.431 0 1.1451e-06
400 30 1.441 0 1.1159e-06
400 30 1.451 0 1.1062e-06
400 30 1.461 0 1.1068e-06
400 30 1.471 0 1.0958e-06
400 30 1.481 0 1.0994e-06
400 30 1.491 0 1.1028e-06
400 30 1.501 0 1.1038e-06
400 30 1.511 0 1.1034e-06
400 30 1.521 0 1.0983e-06
400 30 1.531 0 1.0954e-06
400 30 1.541 0 1.0924e-06
400 30 1.551 0 1.0877e-06
400 30 1.561 0 1.0842e-06
400 30 1.571 0 1.0777e-06
400 30 1.581 0 1.0658e-06
400 30 1.591 0 1.0783e-06
400 30 1.601 0 1.0777e-06
400 30 1.611 0 1.0651e-06
400 30 1.621 0 1.0705e-06
400 30 1.631 0 1.0692e-06
400 30 1.641 0 1.0691e-06
400 30 1.651 0 1.071e-06
400 30 1.661 0 1.062e-06
400 30 1.671 0 1.0627e-06
400 30 1.681 0 1.0611e-06
400 30 1.691 0 1.0602e-06
400 30 1.701 0 1.0566e-06
400 30 1.711 0 1.0512e-06
400 30 1.721 0 1.059e-06
400 30 1.731 0 1.0544e-06
400 30 1.741 0 1.0582e-06
400 30 1.751 0 1.0575e-06
400 30 1.761 0 1.0471e-06
400 30 1.771 0 1.034e-06
400 30 1.781 0 1.0414e-06
400 30 1.791 0 1.0392e-06
400 30 1.801 0 1.0483e-06
400 30 1.811 0 1.0346e-06
400 30 1.821 0 1.0299e-06
400 30 1.831 0 1.0003e-06
400 30 1.841 0 1.0033e-06
400 30 1.851 0 1.0044e-06
400 30 1.861 0 1.0149e-06
400 30 1.871 0 1.0189e-06
400 30 1.881 0 1.0131e-06
400 30 1.891 0 1.0084e-06
400 30 1.901 0 1.02e-06
400 30 1.911 0 1.0062e-06
400 30 1.921 0 1.0149e-06
400 30 1.931 0 1.0121e-06
400 30 1.941 0 1.005e-06
400 30 1.951 0 9.913e-07
400 30 1.961 0 9.97e-07
400 30 1.971 0 8.309e-07
400 30 1.981 0 7.673e-07
400 30 1.991 0 7.724e-07
400 40 0.001 14399.2 1.21909e-05
400 40 0.011 13839.6 1.18545e-05
400 40 0.021 13212.4 1.15877e-05
400 40 0.031 12500.8 1.57808e-05
400 40 0.041 11887.3 2.01264e-05
400 40 0.051 11198.4 1.2724e-05
400 40 0.061 10667.1 1.02683e-05
400 40 0.071 9971.37 9.8534e-06
400 40 0.081 9470.6 9.7387e-06
400 40 0.091 8887.75 1.67612e-05
400 40 0.101 8363.5 1.60153e-05
400 40 0.111 7846.46 1.54519e-05
400 40 0.121 7242.95 1.47272e-05
400 40 0.131 6859.22 9.1656e-06
400 40 0.141 6405.86 1.1654e-05
400 40 0.151 6004.04 1.24639e-05
400 40 0.161 5578.41 1.08289e-05
400 40 0.171 5216.34 6.8633e-06
400 40 0.181 4910.72 7.942e-06
400 40 0.191 4535.85 6.4285e-06
400 40 0.201 4252.25 6.2244e-06
400 40 0.211 3988.71 6.0071e-06
400 40 0.221 3716.87 7.7616e-06
400 40 0.231 3442.87 9.8306e-06
400 40 0.241 3207.24 9.4457e-06
400 40 0.251 3021.17 9.1468e-06
400 40 0.261 2816.25 8.8003e-06
400 40 0.271 2601.13 8.4636e-06
400 40 0.281 2459.21 8.2077e-06
400 40 0.291 2264.5 7.7901e-06
400 40 0.301 2078.89 7.4584e-06
400 40 0.311 1923.91 7.1773e-06
400 40 0.321 1785.42 6.953e-06
400 40 0.331 1679.41 6.7319e-06
400 40 0.341 1569.55 5.6949e-06
400 40 0.351 1439.4 3.8672e-06
400 40 0.361 1349.49 3.7531e-06
400 40 0.371 1256.42 3.6821e-06
400 40 0.381 1159.31 3.5745e-06
400 40 0.391 1096.16 3.4785e-06
400 40 0.401 996.634 3.4792e-06
400 40 0.411 944.915 5.1933e-06
400 40 0.421 857.527 4.0651e-06
400 40 0.431 801.514 3.1499e-06
400 40 0.441 750.55 3.9166e-06
400 40 0.451 691.082 3.4866e-06
400 40 0.461 656.724 4.2845e-06
400 40 0.471 595.501 4.2666e-06
400 40 0.481 560.203 4.1372e-06
400 40 0.491 512.844 4.0214e-06
400 40 0.501 483.722 2.941e-06
400 40 0.511 445.661 2.5758e-06
400 40 0.521 414.468 2.517e-06
400 40 0.531 384.55 2.4791e-06
400 40 0.541 352.893 2.4239e-06
400 40 0.551 324.606 2.3819e-06
400 40 0.561 310.702 2.3467e-06
400 40 0.571 281.225 2.286e-06
400 40 0.581 266.324 2.2256e-06
400 40 0.591 245.153 2.9748e-06
400 40 0.601 226.971 2.9605e-06
400 40 0.611 211.798 2.8785e-06
400 40 0.621 190.77 2.805e-06
400 40 0.631 181.078 2.0142e-06
400 40 0.641 167.7 1.9781e-06
400 40 0.651 147.564 1.9329e-06
400 40 0.661 139.665 1.9187e-06
400 40 0.671 132.094 1.8924e-06
400 40 0.681 121.668 2.0836e-06
400 40 0.691 113.281 2.3966e-06
400 40 0.701 100.342 2.3832e-06
400 40 0.711 96.0747 1.8235e-06
400 40 0.721 86.3999 1.7405e-06
400 40 0.731 80.2586 2.2674e-06
400 40 0.741 73.345 2.2144e-06
400 40 0.751 68.6521 2.1817e-06
400 40 0.761 61.9557 2.1322e-06
400 40 0.771 56.272 2.0714e-06
400 40 0.781 53.564 2.0419e-06
400 40 0.791 49.8503 2.0128e-06
400 40 0.801 45.2774 1.9734e-06
400 40 0.811 41.6839 1.9351e-06
400 40 0.821 39.4085 1.9276e-06
400 40 0.831 35.1868 1.8946e-06
400 40 0.841 31.4918 1.8482e-06
400 40 0.851 29.0472 1.8187e-06
400 40 0.861 28.178 1.8076e-06
400 40 0.871 23.6293 1.7562e-06
400 40 0.881 22.5794 1.7454e-06
400 40 0.891 20.3708 1.7176e-06
400 40 0.901 19.0415 1.7108e-06
400 40 0.911 17.4046 1.7164e-06
400 40 0.921 15.894 1.6958e-06
400 40 0.931 14.6064 1.6868e-06
400 40 0.941 13.37 1.6513e-06
400 40 0.951 11.5782 1.6262e-06
400 40 0.961 10.9209 1.5853e-06
400 40 0.971 10.2024 1.5707e-06
400 40 0.981 8.7958 1.5484e-06
400 40 0.991 7.5648 1.5285e-06
400 40 1.001 7.4135 1.5296e-06
400 40 1.011 6.358 1.5082e-06
400 40 1.021 5.8085 1.4957e-06
400 40 1.031 5.3316 1.4715e-06
400 40 1.041 4.6348 1.4597e-06
400 40 1.051 4.4932 1.4524e-06
400 40 1.061 3.8871 1.4365e-06
400 40 1.071 3.49 1.4282e-06
400 40 1.081 3.2088 1.4206e-06
400 40 1.091 2.9198 1.412e-06
400 40 1.101 2.6102 1.3967e-06
400 40 1.111 2.2795 1.3938e-06
400 40 1.121 2.1011 1.3765e-06
400 40 1.131 1.9423 1.3751e-06
400 40 1.141 1.71 1.3628e-06
400 40 1.151 1.8235 1.352e-06
400 40 1.161 1.4363 1.3411e-06
400 40 1.171 1.35 1.3472e-06
400 40 1.181 1.1208 1.321e-06
400 40 1.191 1.119 1.3305e-06
400 40 1.201 0.9345 1.3149e-06
400 40 1.211 0.85 1.3052e-06
400 40 1.221 0.8456 1.3074e-06
400 40 1.231 0.7077 1.283e-06
400 40 1.241 0.6459 1.2883e-06
400 40 1.251 0.5697 1.2772e-06
400 40 1.261 0.4888 1.2779e-06
400 40 1.271 0.4735 1.0756e-06
400 40 1.281 0.4136 1.0437e-06
400 40 1.291 0.3805 1.0437e-06
400 40 1.301 0.3232 1.0406e-06
400 40 1.311 0.2756 1.0334e-06
400 40 1.321 0.2957 1.1432e-06
400 40 1.331 0.2422 1.0436e-06
400 40 1.341 0.2283 1.0746e-06
400 40 1.351 0.1801 1.2441e-06
400 40 1.361 0.1704 1.2097e-06
400 40 1.371 0.1594 1.2021e-06
400 40 1.381 0.1326 1.2028e-06
400 40 1.391 0.1147 1.1923e-06
400 40 1.401 0.1158 1.1924e-06
400 40 1.411 0.0877 1.1859e-06
400 40 1.421 0.0791 1.1785e-06
400 40 1.431 0.0686 1.1788e-06
400 40 1.441 0.0582 1.1788e-06
400 40 1.451 0.0632 1.1743e-06
400 40 1.461 0.046 1.1687e-06
400 40 1.471 0.0396 1.1669e-06
400 40 1.481 0.033 1.167e-06
400 40 1.491 0.0345 1.1589e-06
400 40 1.501 0.0324 1.1536e-06
400 40 1.511 0.0283 1.1558e-06
400 40 1.521 0.0234 1.1635e-06
400 40 1.531 0.0292 1.1543e-06
400 40 1.541 0.0217 1.1476e-06
400 40 1.551 0.0145 9.765e-07
400 40 1.561 0.0148 9.594e-07
400 40 1.571 0.0097 9.561e-07
400 40 1.581 0.0104 9.559e-07
400 40 1.591 0.0086 1.0409e-06
400 40 1.601 0.0076 1.1476e-06
400 40 1.611 0.0085 1.1451e-06
400 40 1.621 0.0078 1.0931e-06
400 40 1.631 0.0065 9.047e-07
400 40 1.641 0.0048 9.006e-07
400 40 1.651 0.0048 9.181e-07
400 40 1.661 0.0044 8.976e-07
400 40 1.671 0.002 1.0825e-06
400 40 1.681 0.0052 1.1276e-06
400 40 1.691 0.0013 1.0018e-06
400 40 1.701 0.002 1.0427e-06
400 40 1.711 0.0032 1.089e-06
400 40 1.721 0.0005 1.0699e-06
400 40 1.731 0.0015 9.784e-07
400 40 1.741 0.0031 8.935e-07
400 40 1.751 0.0013 9.052e-07
400 40 1.761 0.0009 8.727e-07
400 40 1.771 0.0004 8.663e-07
400 40 1.781 0.0017 8.645e-07
400 40 1.791 0.0005 8.525e-07
400 40 1.801 0.0009 8.524e-07
400 40 1.811 0.0007 8.48e-07
400 40 1.821 0.0006 8.457e-07
400 40 1.831 0.0004 8.807e-07
400 40 1.841 0.0007 1.154e-06
400 40 1.851 0.0005 8.737e-07
400 40 1.861 0.0001 8.412e-07
400 40 1.871 0 8.339e-07
400 40 1.881 0.0002 8.352e-07
400 40 1.891 0.0001 8.332e-07
400 40 1.901 0.0005 8.237e-07
400 40 1.911 0 8.252e-07
400 40 1.921 0.0005 8.184e-07
400 40 1.931 0 8.219e-07
400 40 1.941 0.0003 8.195e-07
400 40 1.951 0 8.105e-07
400 40 1.961 0 8.245e-07
400 40 1.971 0 8.02e-07
400 40 1.981 0 8.139e-07
400 40 1.991 0 7.979e-07
