400 40 0.001 14402.9 1.16731e-05
400 40 0.011 13937.3 1.13281e-05
400 40 0.021 13478.1 1.09931e-05
400 40 0.031 12964.5 1.08257e-05
400 40 0.041 12484 1.05452e-05
400 40 0.051 11916.1 9.9051e-06
400 40 0.061 11447.5 9.5769e-06
400 40 0.071 10979.2 9.2359e-06
400 40 0.081 10529.9 8.904e-06
400 40 0.091 10062.8 8.5527e-06
400 40 0.101 9618.7 8.2206e-06
400 40 0.111 9239.92 7.9378e-06
400 40 0.121 8860.96 7.6678e-06
400 40 0.131 8425.87 7.3636e-06
400 40 0.141 8065.92 7.0998e-06
400 40 0.151 7676.62 6.7951e-06
400 40 0.161 7359.03 6.5899e-06
400 40 0.171 7086.57 6.4001e-06
400 40 0.181 6737.07 6.1259e-06
400 40 0.191 6515.2 5.9617e-06
400 40 0.201 6220.55 5.7485e-06
400 40 0.211 5988.37 5.572e-06
400 40 0.221 5723.24 5.3792e-06
400 40 0.231 5518.19 5.2452e-06
400 40 0.241 5265.64 5.0434e-06
400 40 0.251 5131.21 4.9662e-06
400 40 0.261 4891.53 4.766e-06
400 40 0.271 4702.26 4.6333e-06
400 40 0.281 4509.65 4.5097e-06
400 40 0.291 4387.74 4.4045e-06
400 40 0.301 4216.17 4.2714e-06
400 40 0.311 4052.37 4.181e-06
400 40 0.321 3946.22 4.0869e-06
400 40 0.331 3776.63 3.9694e-06
400 40 0.341 3655.41 3.889e-06
400 40 0.351 3532.71 3.799e-06
400 40 0.361 3415.82 3.7027e-06
400 40 0.371 3290.6 3.6353e-06
400 40 0.381 3244.57 3.6091e-06
400 40 0.391 3137.56 3.5162e-06
400 40 0.401 3027.44 3.4353e-06
400 40 0.411 2946.07 3.3876e-06
400 40 0.421 2846.7 3.3193e-06
400 40 0.431 2788.91 3.2994e-06
400 40 0.441 2720.1 3.2435e-06
400 40 0.451 2627.94 3.1716e-06
400 40 0.461 2562.5 3.1294e-06
400 40 0.471 2498.36 3.0946e-06
400 40 0.481 2424.87 3.0355e-06
400 40 0.491 2369.49 2.9944e-06
400 40 0.501 2304.21 2.9586e-06
400 40 0.511 2243.59 2.9062e-06
400 40 0.521 2203.71 2.902e-06
400 40 0.531 2157.04 2.8615e-06
400 40 0.541 2096.72 2.8232e-06
400 40 0.551 2049.25 2.7939e-06
400 40 0.561 1987.81 2.7547e-06
400 40 0.571 1976.94 2.762e-06
400 40 0.581 1919.67 2.7197e-06
400 40 0.591 1878.91 2.6875e-06
400 40 0.601 1849.64 2.6726e-06
400 40 0.611 1807.9 2.6347e-06
400 40 0.621 1746.95 2.6114e-06
400 40 0.631 1723.23 2.6045e-06
400 40 0.641 1693.01 2.5906e-06
400 40 0.651 1664.24 2.573e-06
400 40 0.661 1630.06 2.5501e-06
400 40 0.671 1588.29 2.5313e-06
400 40 0.681 1563.73 2.5307e-06
400 40 0.691 1549.91 2.5125e-06
400 40 0.701 1511.29 2.4875e-06
400 40 0.711 1478.36 2.4656e-06
400 40 0.721 1459.59 2.4688e-06
400 40 0.731 1439.79 2.4746e-06
400 40 0.741 1402.52 2.4332e-06
400 40 0.751 1376.76 2.4211e-06
400 40 0.761 1368.77 2.4373e-06
400 40 0.771 1330.72 2.4149e-06
400 40 0.781 1307.8 2.4057e-06
400 40 0.791 1295.83 2.4086e-06
400 40 0.801 1276.27 2.3952e-06
400 40 0.811 1262.02 2.4098e-06
400 40 0.821 1236.86 2.3896e-06
400 40 0.831 1215.81 2.3748e-06
400 40 0.841 1191.89 2.3616e-06
400 40 0.851 1180.53 2.3525e-06
400 40 0.861 1162.84 2.3618e-06
400 40 0.871 1138.66 2.3592e-06
400 40 0.881 1121.36 2.3501e-06
400 40 0.891 1110.83 2.3441e-06
400 40 0.901 1087.21 2.3383e-06
400 40 0.911 1079.32 2.3384e-06
400 40 0.921 1057.77 2.3403e-06
400 40 0.931 1041.59 2.3432e-06
400 40 0.941 1024.04 2.3316e-06
400 40 0.951 1019.34 2.3417e-06
400 40 0.961 997.105 2.325e-06
400 40 0.971 983.686 2.3267e-06
400 40 0.981 970.2 2.3516e-06
400 40 0.991 956.939 2.3468e-06
400 40 1.001 942.399 2.3452e-06
400 40 1.011 924.641 2.3417e-06
400 40 1.021 911.973 2.3643e-06
400 40 1.031 889.657 2.3628e-06
400 40 1.041 887.592 2.3671e-06
400 40 1.051 879.719 2.3739e-06
400 40 1.061 871.716 2.3727e-06
400 40 1.071 856.936 2.3691e-06
400 40 1.081 849.781 2.3674e-06
400 40 1.091 840.147 2.3727e-06
400 40 1.101 832.664 2.3764e-06
400 40 1.111 820.602 2.3797e-06
400 40 1.121 813.802 2.3721e-06
400 40 1.131 805.938 2.3893e-06
400 40 1.141 800.343 2.3825e-06
400 40 1.151 790.069 2.375e-06
400 40 1.161 786.345 2.3874e-06
400 40 1.171 780.8 2.3875e-06
400 40 1.181 772.554 2.3786e-06
400 40 1.191 766.598 2.3727e-06
400 40 1.201 762.665 2.3854e-06
400 40 1.211 752.774 2.3791e-06
400 40 1.221 745.643 2.3626e-06
400 40 1.231 739.649 2.3689e-06
400 40 1.241 736.235 2.3812e-06
400 40 1.251 726.184 2.3696e-06
400 40 1.261 724.244 2.3619e-06
400 40 1.271 719.235 2.3663e-06
400 40 1.281 713.244