200 10 0.001 1909.2 21192.6 2.1224
200 10 0.011 1893.45 21011.8 2.4028
200 10 0.021 1878.13 20835.7 2.4489
200 10 0.031 1862.14 20650.3 2.5898
200 10 0.041 1844.16 20443.6 2.9968
200 10 0.051 1822.66 20197.9 3.2745
200 10 0.061 1806.45 20013.5 3.7128
200 10 0.071 1791.07 19835.5 4.7233
200 10 0.081 1766.98 19561.3 4.5483
200 10 0.091 1746.91 19333.4 5.4794
200 10 0.101 1728.17 19120.8 6.5912
200 10 0.111 1716.77 18980.4 6.5077
200 10 0.121 1694.96 18737.4 6.51
200 10 0.131 1673.15 18487.7 6.5294
200 10 0.141 1647.62 18200.2 7.3965
200 10 0.151 1628.04 17977.2 8.1925
200 10 0.161 1608.27 17755 8.2953
200 10 0.171 1593.12 17582.3 8.8285
200 10 0.181 1572.23 17349.4 9.4009
200 10 0.191 1545.14 17044.7 10.1641
200 10 0.201 1526.84 16836.6 10.8442
200 10 0.211 1503.16 16577.1 11.459
200 10 0.221 1491.96 16442.8 11.9677
200 10 0.231 1471.97 16219 12.6914
200 10 0.241 1442.09 15886.7 13.6784
200 10 0.251 1429.02 15741.4 14.0822
200 10 0.261 1414.78 15579.6 15.0589
200 10 0.271 1386.35 15267.1 18.716
200 10 0.281 1371.08 15094.3 19.6406
200 10 0.291 1354.06 14907.2 20.362
200 10 0.301 1334.55 14689.8 21.1362
200 10 0.311 1312.67 14445.4 21.9849
200 10 0.321 1294.39 14246.3 22.5359
200 10 0.331 1277.33 14057.4 23.2138
200 10 0.341 1261.59 13883.4 23.9558
200 10 0.351 1245.33 13706.6 24.8319
200 10 0.361 1213.37 13357.5 25.8
200 10 0.371 1209.19 13307.8 26.4265
200 10 0.381 1183.86 13032.1 26.9133
200 10 0.391 1171.28 12885.1 28.3535
200 10 0.401 1156.89 12735.8 30.4527
200 10 0.411 1148.19 12640.5 31.2097
200 10 0.421 1117.8 12314.4 32.0754
200 10 0.431 1105.42 12178.5 32.4461
200 10 0.441 1094.43 12056.1 34.003
200 10 0.451 1073.63 11833.7 34.9622
200 10 0.461 1058.73 11676.1 35.5948
200 10 0.471 1046.76 11545.2 36.4674
200 10 0.481 1027.31 11334.8 37.4184
200 10 0.491 1015.21 11203.5 38.3674
200 10 0.501 999.549 11037.1 38.811
200 10 0.511 981.611 10848.2 35.8547
200 10 0.521 967.356 10693.6 37.3042
200 10 0.531 958.617 10597 40.5891
200 10 0.541 948.11 10483.1 41.4218
200 10 0.551 921.727 10209.8 42.403
200 10 0.561 910.409 10087.2 43.1613
200 10 0.571 901.139 9985.87 44.1666
200 10 0.581 893.395 9906.23 45.0388
200 10 0.591 872.242 9683.56 46.1723
200 10 0.601 855.742 9510.43 46.7342
200 10 0.611 851.993 9465.12 47.8329
200 10 0.621 838.334 9321.81 48.7359
200 10 0.631 823.23 9166.89 49.5417
200 10 0.641 809.124 9016.21 50.8527
200 10 0.651 800.584 8929.34 51.4385
200 10 0.661 788.869 8804.84 52.3595
200 10 0.671 776.394 8673.81 53.2722
200 10 0.681 764.328 8550.97 54.4521
200 10 0.691 761.946 8524.88 53.3808
200 10 0.701 746.468 8364.99 54.3995
200 10 0.711 739.815 8290.73 55.6068
200 10 0.721 725.418 8142.32 56.7813
200 10 0.731 712.311 8008.88 58.8121
200 10 0.741 701.158 7894.82 59.6582
200 10 0.751 693.859 7819.82 60.503
200 10 0.761 685.556 7733.37 61.6314
200 10 0.771 672.084 7596.42 62.4534
200 10 0.781 672.851 7600.87 63.7964
200 10 0.791 657.577 7444.22 63.3558
200 10 0.801 646.375 7332.42 64.2122
200 10 0.811 640.925 7276.42 65.2744
200 10 0.821 630.569 7170.52 65.8566
200 10 0.831 622.709 7089.72 67.1025
200 10 0.841 611.286 6973.36 69.3588
200 10 0.851 604.366 6902.17 70.2841
200 10 0.861 595.131 6808.9 71.1742
200 10 0.871 584.879 6706.33 71.978
200 10 0.881 578.652 6641.22 73.2974
200 10 0.891 574.174 6596.07 73.9448
200 10 0.901 560.211 6454.8 74.8126
200 10 0.911 560.711 6459.49 75.9698
200 10 0.921 552.616 6378.17 77.3064
200 10 0.931 543.043 6282.05 78.098
200 10 0.941 535.971 6209.13 79.3893
200 10 0.951 530.614 6157.14 80.5019
200 10 0.961 519.961 6049.16 81.6735
200 10 0.971 515.235 6002.56 82.4717
200 10 0.981 508.026 5931.09 83.4896
200 10 0.991 501.363 5864.65 84.9875
200 10 1.001 493.071 5781.7 86.905
200 10 1.011 485.048 5701.26 88.2017
200 10 1.021 479.59 5646.89 90.2055
200 10 1.031 475.069 5602.55 90.6841
200 10 1.041 470.1 5552.14 92.1113
200 10 1.051 460.475 5456.91 93.2555
200 10 1.061 457.505 5427.56 93.6046
200 10 1.071 453.532 5388.03 95.1568
200 10 1.081 444.589 5299.62 95.0273
200 10 1.091 441.01 5263.71 96.5408
200 10 1.101 437.749 5231.9 97.4204
200 10 1.111 433.934 5193.19 97.9903
200 10 1.121 428.674 5141.7 98.5432
200 10 1.131 425.523 5110.7 98.1895
200 10 1.141 420.573 5061.72 98.9474
200 10 1.151 418.619 5042.02 99.9793
200 10 1.161 412.848 4985.54 100.234
200 10 1.171 412.308 4979.8 100.499
200 10 1.181 407.499 4932.26 100.25
200 10 1.191 402.113 4880.09 100.503
200 10 1.201 401.439 4873.46 100.426
200 10 1.211 397.087 4830.39 101.455
200 10 1.221 392.892 4788.69 101.667
200 10 1.231 391.744 4778.65 101.46
200 10 1.241 386.894 4730.45 101.938
200 10 1.251 387.505 4735.87 102.423
200 10 1.261 383.032 4692.3 101.958
200 10 1.271 380.311 4665.5 102.529
200 10 1.281 376.741 4630.42 102.377
200 10 1.291 373.999 4603.98 103.112
200 10 1.301 370.665 4571.72 102.302
200 10 1.311 368.79 4552.91 102.844
200 10 1.321 366.763 4533.02 103.551
200 10 1.331 363.69 4503.24 103.932
200 10 1.341 360.645 4473.64 104.109
200 10 1.351 356.931 4437.38 103.962
200 10 1.361 355.173 4420.41 104.069
200 10 1.371 353.136 4400.58 104.421
200 10 1.381 350.679 4376.73 103.838
200 10 1.391 348.142 4352.02 103.874
200 10 1.401 344.814 4319.8 104.215
200 10 1.411 342.118 4293.38 104.151
200 10 1.421 341.096 4283.52 104.236
200 10 1.431 338.622 4259.29 104.552
200 10 1.441 335.921 4233.41 104.367
200 10 1.451 334.482 4219.29 104.516
200 10 1.461 330.551 4181 104.26
200 10 1.471 328.998 4166.54 104.096
200 10 1.481 327.488 4151.74 103.518
200 10 1.491 325.764 4135.11 103.564
200 10 1.501 322.442 4102.68 103.12
200 10 1.511 321.816 4096.84 103.418
200 10 1.521 319.324 4072.87 103.29
200 10 1.531 317.882 4058.7 103.06
200 10 1.541 314.273 4024.21 102.381
200 10 1.551 313.781 4019.22 102.626
200 10 1.561 310.326 3985.78 102.629
200 10 1.571 307.614 3960.31 101.861
200 10 1.581 307.287 3957 101.032
200 10 1.591 304.521 3930.3 101.547
200 10 1.601 304.067 3925.99 100.495
200 10 1.611 302.188 3907.82 99.9761
200 10 1.621 301.889 3904.75 100.218
200 10 1.631 299.961 3886.58 98.8185
200 10 1.641 298.782 3875.19 98.9008
200 10 1.651 297.945 3866.84 98.6075
200 10 1.661 295.635 3844.9 97.4177
200 10 1.671 295.493 3843.73 97.25
200 10 1.681 294.058 3829.79 97.8605
200 10 1.691 292.621 3816.12 97.2069
200 10 1.701 291.066 3801.19 96.8222
200 10 1.711 290.057 3791.55 96.3575
200 10 1.721 289.033 3781.8 95.5553
200 10 1.731 286.81 3760.52 93.4091
200 10 1.741 286.532 3757.72 92.9867
200 10 1.751 284.698 3740.22 91.6812
200 10 1.761 284.008 3733.57 91.7515
200 10 1.771 283.484 3728.52 91.0897
200 10 1.781 280.535 3700.39 89.6605
200 10 1.791 279.664 3692.21 89.1468
200 10 1.801 279.205 3687.65 88.717
200 10 1.811 277.337 3670.06 87.538
200 10 1.821 276.606 3662.95 87.0695
200 10 1.831 275.277 3650.39 86.3517
200 10 1.841 274.065 3638.71 85.4277
200 10 1.851 272.671 3625.56 84.4884
200 10 1.861 271.921 3618.32 83.9198
200 10 1.871 269.455 3595.06 81.4603
200 10 1.881 269.301 3593.51 82.1287
200 10 1.891 267.497 3576.36 80.0015
200 10 1.901 266.616 3568.05 79.6751
200 10 1.911 264.896 3551.75 78.5219
200 10 1.921 264.257 3545.51 77.8335
200 10 1.931 262.825 3532.07 78.9553
200 10 1.941 261.772 3522.07 75.7284
200 10 1.951 260.411 3509.18 74.5353
200 10 1.961 259.428 3499.91 73.6249
200 10 1.971 258.067 3487.02 72.3813
200 10 1.981 257.157 3478.37 71.5438
200 10 1.991 255.366 3461.53 69.832
200 20 0.001 3616.25 38161.8 3.1437
200 20 0.011 3559.42 37551.1 4.956
200 20 0.021 3499.22 36905.8 6.73
200 20 0.031 3431.62 36181.1 8.4038
200 20 0.041 3359.21 35409.4 10.0769
200 20 0.051 3293.92 34712.8 11.2444
200 20 0.061 3229.37 34021.7 14.2043
200 20 0.071 3159.19 33271.5 15.6284
200 20 0.081 3080.08 32426.4 17.1803
200 20 0.091 3010.61 31698 18.2856
200 20 0.101 2948.15 31027.1 15.3647
200 20 0.111 2879.23 30295.4 25.3131
200 20 0.121 2813.97 29604.5 27.3
200 20 0.131 2758.43 29014 18.2042
200 20 0.141 2672.71 28114 18.4996
200 20 0.151 2613.49 27484.7 19.4001
200 20 0.161 2553.53 26853.6 20.8614
200 20 0.171 2493.74 26224.1 21.8059
200 20 0.181 2419.31 25442.5 25.0709
200 20 0.191 2377.02 24995.7 27.05
200 20 0.201 2294.12 24127.6 24.0765
200 20 0.211 2246.74 23632.1 24.9052
200 20 0.221 2204.22 23183.5 26.0394
200 20 0.231 2125.83 22368.8 28.69
200 20 0.241 2086.16 21949.6 30.2415
200 20 0.251 2024.84 21312.3 30.8352
200 20 0.261 1990.59 20957.4 31.4071
200 20 0.271 1928.8 20313.8 32.3139
200 20 0.281 1894.24 19952.6 33.1685
200 20 0.291 1839.21 19385.1 33.8618
200 20 0.301 1801.51 18990.3 34.1467
200 20 0.311 1751.99 18478.2 34.6785
200 20 0.321 1709.51 18039.3 35.227
200 20 0.331 1684.1 17774.3 36.0451
200 20 0.341 1620.17 17121.4 36.5447
200 20 0.351 1588.76 16793.3 37.3671
200 20 0.361 1550.47 16398.4 37.7584
200 20 0.371 1511.04 15995.8 37.4327
200 20 0.381 1465.88 15534.7 38.0279
200 20 0.391 1442.31 15291.8 38.6387
200 20 0.401 1400.84 14866.3 39.3258
200 20 0.411 1375.25 14602.7 39.9406
200 20 0.421 1350.89 14356.8 40.6098
200 20 0.431 1309.94 13935.8 41.159
200 20 0.441 1290.88 13743.9 41.9885
200 20 0.451 1262.14 13449.5 42.0691
200 20 0.461 1227.98 13102.8 42.8878
200 20 0.471 1200.8 12826.7 45.4926
200 20 0.481 1164.65 12459.2 46.8674
200 20 0.491 1144.2 12252 47.4696
200 20 0.501 1117.45 11981.4 48.169
200 20 0.511 1106.65 11870.7 46.9296
200 20 0.521 1069.19 11494 46.5333
200 20 0.531 1045.93 11258.4 47.9567
200 20 0.541 1027.89 11074.9 48.1321
200 20 0.551 1008.37 10876.4 48.9656
200 20 0.561 997.061 10762.4 49.1646
200 20 0.571 960.656 10397.9 51.4968
200 20 0.581 947.661 10265.7 52.7034
200 20 0.591 920.816 9995.99 53.473
200 20 0.601 913.069 9918.09 53.9836
200 20 0.611 885.839 9645.57 54.5229
200 20 0.621 874.728 9533.01 55.2794
200 20 0.631 855.018 9335.23 55.8297
200 20 0.641 844.141 9226.22 56.4376
200 20 0.651 830.511 9088.49 56.7049
200 20 0.661 812.21 8907.73 57.0748
200 20 0.671 795.479 8739.56 57.1545
200 20 0.681 777.276 8556.31 57.5616
200 20 0.691 764.003 8424.23 57.9418
200 20 0.701 755.199 8335.45 59.8205
200 20 0.711 735.606 8141.14 60.63
200 20 0.721 731.53 8099.37 61.4436
200 20 0.731 715.536 7940.33 61.5629
200 20 0.741 705.351 7839.42 62.6214
200 20 0.751 688.546 7671.65 63.273
200 20 0.761 678.506 7571.48 63.9613
200 20 0.771 668.47 7471.18 64.5839
200 20 0.781 657.006 7357.24 65.3295
200 20 0.791 649.079 7278.46 66.285
200 20 0.801 639.262 7180.79 65.944
200 20 0.811 629.888 7087.49 66.7949
200 20 0.821 624.844 7037.45 67.4112
200 20 0.831 601.264 6804.22 67.7787
200 20 0.841 600.161 6792.76 69.538
200 20 0.851 583.671 6629.16 70.2793
200 20 0.861 578.241 6575.66 71.2708
200 20 0.871 574.426 6537.42 71.5796
200 20 0.881 562.039 6414.41 73.0301
200 20 0.891 551.461 6310.05 74.1294
200 20 0.901 545.257 6248.29 75.1103
200 20 0.911 533.825 6135.8 75.712
200 20 0.921 531.596 6113.06 75.9402
200 20 0.931 525.103 6048.86 77.3857
200 20 0.941 515.162 5951.68 77.7021
200 20 0.951 508.325 5883.26 78.5051
200 20 0.961 499.415 5795.52 79.1197
200 20 0.971 495.488 5756.81 80.1155
200 20 0.981 484.837 5652.06 81.0563
200 20 0.991 483.644 5639.95 82.8115
200 20 1.001 473.299 5537.77 83.7178
200 20 1.011 465.673 5462.42 84.8403
200 20 1.021 460.475 5410.93 85.7499
200 20 1.031 451.665 5324.79 87.2497
200 20 1.041 446.851 5277.38 88.3876
200 20 1.051 442.345 5233.11 88.9641
200 20 1.061 435.674 5167.94 90.7773
200 20 1.071 429.694 5109.06 90.9106
200 20 1.081 424.79 5060.62 91.838
200 20 1.091 421.333 5026.54 92.5344
200 20 1.101 415.857 4973.05 92.9442
200 20 1.111 411.493 4930.74 93.471
200 20 1.121 410.764 4922.67 94.4737
200 20 1.131 404.185 4858.28 94.215
200 20 1.141 400.649 4824.08 94.5356
200 20 1.151 396.955 4788.16 94.982
200 20 1.161 394.648 4764.89 95.8372
200 20 1.171 390.936 4728.37 96.1973
200 20 1.181 387.694 4696.58 95.9812
200 20 1.191 384.55 4666.01 96.2556
200 20 1.201 378.723 4609.24 96.0577
200 20 1.211 378.753 4609.46 97.2568
200 20 1.221 374.099 4564.05 97.3609
200 20 1.231 371.365 4537.38 97.2457
200 20 1.241 368.874 4512.75 97.7583
200 20 1.251 365.152 4476.6 98.0574
200 20 1.261 364.272 4467.48 98.0804
200 20 1.271 360.245 4428.97 98.2606
200 20 1.281 356.483 4392.12 97.5304
200 20 1.291 353.904 4367.17 98.339
200 20 1.301 353.812 4365.85 98.9844
200 20 1.311 348.532 4314.69 98.7037
200 20 1.321 347.773 4306.68 98.7364
200 20 1.331 344.256 4272.97 99.355
200 20 1.341 341.432 4245.49 99.1436
200 20 1.351 340.067 4231.91 99.4314
200 20 1.361 337.962 4211.74 99.5842
200 20 1.371 333.404 4167.81 98.2676
200 20 1.381 332.843 4162.24 97.8015
200 20 1.391 329.59 4130.42 98.18
200 20 1.401 327.581 4111.23 98.3935
200 20 1.411 325.402 4089.79 98.5544
200 20 1.421 324.107 4077.36 98.5856
200 20 1.431 320.873 4046 98.7723
200 20 1.441 318.939 4027.24 98.3045
200 20 1.451 315.765 3996.87 97.9342
200 20 1.461 314.017 3979.8 98.1223
200 20 1.471 313.742 3976.82 98.9928
200 20 1.481 309.078 3932.07 97.988
200 20 1.491 308.805 3929.11 99.1101
200 20 1.501 307.751 3919.02 99.1166
200 20 1.511 304.4 3886.69 98.4705
200 20 1.521 303.61 3879.26 98.393
200 20 1.531 300.476 3848.84 98.4527
200 20 1.541 298.224 3827.2 98.1135
200 20 1.551 296.547 3810.95 98.5203
200 20 1.561 294.619 3792.54 98.12
200 20 1.571 292.958 3776.53 97.7479
200 20 1.581 291.762 3764.87 97.5905
200 20 1.591 289.552 3743.63 96.314
200 20 1.601 288.267 3731.6 95.8051
200 20 1.611 287.091 3720.03 95.657
200 20 1.621 285.531 3705.2 94.813
200 20 1.631 284.946 3699.43 94.8475
200 20 1.641 283.683 3687.38 93.9707
200 20 1.651 281.953 3670.98 93.4682
200 20 1.661 280.875 3660.42 93.3196
200 20 1.671 280.175 3653.82 92.4095
200 20 1.681 279.036 3642.78 92.1347
200 20 1.691 277.128 3624.55 91.389
200 20 1.701 275.558 3609.46 90.1376
200 20 1.711 274.447 3598.88 89.8666
200 20 1.721 273.831 3592.99 89.6354
200 20 1.731 272.538 3580.65 88.8824
200 20 1.741 270.804 3564.28 87.7973
200 20 1.751 270.738 3563.43 87.6719
200 20 1.761 269.164 3548.22 86.8319
200 20 1.771 268.323 3540.28 86.2992
200 20 1.781 266.967 3527.41 85.5929
200 20 1.791 265.347 3512.15 84.5295
200 20 1.801 264.108 3500.34 83.8587
200 20 1.811 263.546 3494.69 83.9498
200 20 1.821 261.758 3477.93 82.1845
200 20 1.831 261.346 3473.74 82.2427
200 20 1.841 259.537 3456.55 81.0425
200 20 1.851 258.509 3446.82 81.853
200 20 1.861 257.415 3436.41 82.0771
200 20 1.871 255.89 3421.96 80.8776
200 20 1.881 254.74 3411 80.2831
200 20 1.891 253.947 3403.39 79.9237
200 20 1.901 252.967 3394.14 76.8494
200 20 1.911 251.399 3379.29 75.6386
200 20 1.921 250.082 3366.84 75.7403
200 20 1.931 248.945 3356.09 74.1759
200 20 1.941 247.884 3346.16 74.8665
200 20 1.951 247.058 3338.18 73.2588
200 20 1.961 245.92 3327.33 69.8656
200 20 1.971 244.323 3312.32 70.6468
200 20 1.981 243.604 3305.53 69.6893
200 20 1.991 242.331 3293.53 70.0425
200 30 0.001 5122.17 53119.9 3.8736
200 30 0.011 5002.74 51868.8 9.2484
200 30 0.021 4870.34 50482 12.2976
200 30 0.031 4743.88 49158 14.9054
200 30 0.041 4606.58 47726.7 18.1542
200 30 0.051 4465.18 46246.6 20.8189
200 30 0.061 4328.18 44819.4 23.2157
200 30 0.071 4157.25 43047.6 25.3598
200 30 0.081 4034.15 41759.9 27.9575
200 30 0.091 3912.76 40490.7 29.8743
200 30 0.101 3751.98 38833.8 32.2031
200 30 0.111 3650.35 37774.3 33.7646
200 30 0.121 3504.38 36267.8 34.8562
200 30 0.131 3397.19 35159.1 36.3838
200 30 0.141 3290.9 34057.4 37.3364
200 30 0.151 3160.05 32712.1 38.0408
200 30 0.161 3045.07 31521.8 40.0564
200 30 0.171 2929.7 30335.1 39.8337
200 30 0.181 2838.12 29393.4 40.3141
200 30 0.191 2757.69 28564.6 40.9357
200 30 0.201 2656.77 27536.7 37.482
200 30 0.211 2597.22 26919.1 37.8331
200 30 0.221 2485.04 25770 38.6739
200 30 0.231 2409.04 24994.5 40.5483
200 30 0.241 2310.91 23990 42.9414
200 30 0.251 2255.95 23429.9 42.9952
200 30 0.261 2180.21 22658.1 43.2612
200 30 0.271 2111.08 21951.5 41.784
200 30 0.281 2010.86 20932.6 43.3749
200 30 0.291 1977.27 20592.3 46.9564
200 30 0.301 1911.3 19921.4 46.9848
200 30 0.311 1847.29 19271.8 46.8475
200 30 0.321 1806.38 18857.6 47.2518
200 30 0.331 1736.84 18152.8 47.6473
200 30 0.341 1679.6 17575.6 47.6728
200 30 0.351 1622.33 16996.1 47.4066
200 30 0.361 1582.74 16595.2 47.6071
200 30 0.371 1532.68 16090.5 47.6278
200 30 0.381 1494.79 15705.9 47.9043
200 30 0.391 1451.21 15268.2 48.3188
200 30 0.401 1404.29 14796.1 46.2113
200 30 0.411 1373.22 14481.4 43.9433
200 30 0.421 1341.45 14161.9 45.527
200 30 0.431 1297.43 13721.4 44.8649
200 30 0.441 1265.13 13395.9 46.2525
200 30 0.451 1243.96 13182.5 47.4186
200 30 0.461 1202.2 12763.2 47.44
200 30 0.471 1175.89 12500 47.6214
200 30 0.481 1144.1 12181.5 48.1413
200 30 0.491 1115.24 11891.6 48.3023
200 30 0.501 1083.08 11571.6 47.7824
200 30 0.511 1061.32 11351.3 48.5164
200 30 0.521 1042.55 11165.1 50.784
200 30 0.531 1016.77 10906.8 51.1043
200 30 0.541 990.631 10645.4 48.7507
200 30 0.551 972.031 10458.7 51.0445
200 30 0.561 951.326 10253.7 52.0696
200 30 0.571 924.38 9982.97 52.1215
200 30 0.581 907.689 9816.26 52.8121
200 30 0.591 891.75 9657.1 53.2133
200 30 0.601 864.873 9388.76 53.4198
200 30 0.611 849.19 9233.82 53.852
200 30 0.621 835.533 9096.67 53.9055
200 30 0.631 818.024 8922.96 54.6816
200 30 0.641 804.412 8786.1 55.3754
200 30 0.651 782.051 8564.19 55.3897
200 30 0.661 770.271 8446.53 56.0967
200 30 0.671 755.206 8296.28 56.3374
200 30 0.681 736.35 8108.99 56.9606
200 30 0.691 724.681 7992.67 57.4632
200 30 0.701 716.997 7916.61 56.4727
200 30 0.711 702.145 7768.59 58.2213
200 30 0.721 691.376 7661.66 58.0164
200 30 0.731 681.573 7564.6 59.0935
200 30 0.741 672.301 7471.47 59.9629
200 30 0.751 651.575 7266.32 60.7001
200 30 0.761 644.82 7198.82 60.9113
200 30 0.771 629.328 7044.46 61.0595
200 30 0.781 620.88 6960.98 61.3479
200 30 0.791 614.385 6896.84 62.0876
200 30 0.801 603.318 6786.17 63.7513
200 30 0.811 591.867 6674.13 64.5499
200 30 0.821 589.528 6650.89 64.3006
200 30 0.831 574.16 6498.17 65.222
200 30 0.841 568.299 6439.84 66.3445
200 30 0.851 551.604 6275 66.3853
200 30 0.861 546.303 6221.84 67.7151
200 30 0.871 536.069 6120.62 68.1359
200 30 0.881 533.773 6098.51 68.6232
200 30 0.891 521.601 5977.53 69.6058
200 30 0.901 516.501 5927.1 70.8784
200 30 0.911 507.43 5837.27 70.9618
200 30 0.921 500.173 5765.8 72.0136
200 30 0.931 496.932 5733.34 73.1143
200 30 0.941 488.203 5646.86 74.4485
200 30 0.951 482.058 5586.57 74.8469
200 30 0.961 474.126 5508.83 75.9871
200 30 0.971 468.691 5455.24 76.5954
200 30 0.981 457.096 5340.6 77.756
200 30 0.991 455.696 5326.38 79.3788
200 30 1.001 446.998 5241.3 80.6382
200 30 1.011 438.939 5161.71 81.5282
200 30 1.021 436.558 5137.88 83.1311
200 30 1.031 426.77 5042.13 84.1695
200 30 1.041 422.775 5002.66 84.729
200 30 1.051 418.361 4958.88 85.8251
200 30 1.061 411.346 4889.72 86.7431
200 30 1.071 408.546 4862.44 87.2467
200 30 1.081 402.433 4802.7 87.6506
200 30 1.091 398.856 4767.69 88.8382
200 30 1.101 393.352 4713.17 89.017
200 30 1.111 390.315 4683.47 89.1074
200 30 1.121 386.915 4649.75 89.8221
200 30 1.131 381.74 4599.36 90.2974
200 30 1.141 379.489 4577.1 90.0567
200 30 1.151 377.347 4556.61 90.9045
200 30 1.161 372.996 4513.64 91.4138
200 30 1.171 367.383 4459.12 91.4998
200 30 1.181 365.219 4437.89 91.8706
200 30 1.191 362.966 4415.38 92.2423
200 30 1.201 360.473 4391.42 91.7941
200 30 1.211 355.031 4338.11 92.5029
200 30 1.221 354.853 4336.25 92.7163
200 30 1.231 348.615 4275.26 92.8223
200 30 1.241 349.854 4287.47 93.6673
200 30 1.251 345.6 4245.79 93.1683
200 30 1.261 343.516 4225.21 94.0095
200 30 1.271 340.946 4200.53 93.5471
200 30 1.281 336.553 4157.69 93.9085
200 30 1.291 334.089 4133.78 93.6475
200 30 1.301 333.297 4126.1 94.2531
200 30 1.311 331.157 4105.22 94.231
200 30 1.321 326.632 4061.21 94.0322
200 30 1.331 325.63 4051.09 94.3301
200 30 1.341 323.261 4028.24 94.5307
200 30 1.351 321.243 4008.42 94.3572
200 30 1.361 317.727 3974.6 93.7576
200 30 1.371 316.359 3961.16 94.0899
200 30 1.381 313.463 3933.17 94.363
200 30 1.391 310.512 3904.55 94.2745
200 30 1.401 309.273 3892.76 94.0951
200 30 1.411 308.054 3880.78 94.3847
200 30 1.421 305.057 3851.66 94.4564
200 30 1.431 301.748 3820.05 93.5706
200 30 1.441 300.35 3805.78 93.8437
200 30 1.451 298.769 3790.76 93.9956
200 30 1.461 296.069 3764.65 93.5785
200 30 1.471 295.15 3755.7 93.9012
200 30 1.481 293.268 3737.36 93.9489
200 30 1.491 291.352 3718.95 93.4499
200 30 1.501 288.607 3692.46 93.2517
200 30 1.511 287.418 3681.23 93.6891
200 30 1.521 286.134 3668.32 93.4449
200 30 1.531 283.569 3643.88 93.1389
200 30 1.541 281.77 3626.49 93.0493
200 30 1.551 280.494 3614.31 92.6507
200 30 1.561 278.658 3596.58 92.2751
200 30 1.571 275.945 3570.65 91.596
200 30 1.581 274.818 3559.76 91.7562
200 30 1.591 273.637 3548.37 91.5541
200 30 1.601 272.06 3533.17 91.0218
200 30 1.611 271.136 3524.41 90.3116
200 30 1.621 270.054 3513.94 90.2156
200 30 1.631 269.218 3505.78 90.1594
200 30 1.641 267.224 3486.97 89.6685
200 30 1.651 266.733 3481.93 88.6115
200 30 1.661 264.584 3461.5 87.3862
200 30 1.671 264.995 3465.37 87.8584
200 30 1.681 263.4 3450.04 87.0128
200 30 1.691 262.055 3437.17 86.5603
200 30 1.701 261.317 3429.9 86.4079
200 30 1.711 259.604 3413.93 85.3583
200 30 1.721 259.039 3408.41 84.9215
200 30 1.731 257.71 3395.62 84.1551
200 30 1.741 256.444 3383.47 83.4062
200 30 1.751 255.834 3377.65 83.4029
200 30 1.761 254.097 3361.19 82.4478
200 30 1.771 253.261 3353.14 81.8546
200 30 1.781 251.857 3339.74 81.2082
200 30 1.791 251.696 3338.06 81.3934
200 30 1.801 249.91 3321.06 79.8303
200 30 1.811 248.533 3307.97 80.5631
200 30 1.821 247.48 3297.91 80.499
200 30 1.831 246.303 3286.77 78.3847
200 30 1.841 245.098 3275.37 76.6783
200 30 1.851 244.293 3267.58 76.4165
200 30 1.861 243.293 3258.06 75.8516
200 30 1.871 241.776 3243.66 74.7377
200 30 1.881 240.985 3236.14 73.7863
200 30 1.891 240.149 3228.25 73.094
200 30 1.901 238.294 3210.66 71.7163
200 30 1.911 237.43 3202.53 71.2281
200 30 1.921 236.531 3193.91 69.9906
200 30 1.931 235.821 3187.1 69.8171
200 30 1.941 234.782 3177.34 68.5792
200 30 1.951 233.265 3163.03 67.0716
200 30 1.961 232.182 3152.79 66.3332
200 30 1.971 231.081 3142.4 65.1343
200 30 1.981 230.223 3134.16 63.9016
200 30 1.991 228.939 3122.16 62.7641
200 40 0.001 6425.23 66049.1 165.528
200 40 0.011 6225.25 63978.7 157.767
200 40 0.021 5996.52 61613.6 149.748
200 40 0.031 5787.32 59448.9 145.874
200 40 0.041 5551.25 57012.3 141.033
200 40 0.051 5320.52 54635.3 130.526
200 40 0.061 5079.81 52155.9 123.535
200 40 0.071 4929.83 50604.1 119.083
200 40 0.081 4683.56 48080.2 112.465
200 40 0.091 4500.65 46197.9 107.618
200 40 0.101 4278.01 43916.2 101.801
200 40 0.111 4110.42 42196.2 96.9421
200 40 0.121 3937.11 40417.6 92.462
200 40 0.131 3801.3 39029.9 88.5972
200 40 0.141 3598.27 36956.8 87.5788
200 40 0.151 3463.33 35576.3 88.684
200 40 0.161 3317.85 34095.3 85.4365
200 40 0.171 3167.5 32566.1 81.0228
200 40 0.181 3024.88 31111.3 78.2265
200 40 0.191 2908.63 29927 75.5627
200 40 0.201 2766.68 28489 72.2255
200 40 0.211 2642.07 27225.3 69.7543
200 40 0.221 2548.43 26277 68.1914
200 40 0.231 2472.11 25502.7 66.131
200 40 0.241 2357.91 24348.8 63.2622
200 40 0.251 2258.05 23338.6 60.5087
200 40 0.261 2189.65 22646.9 59.3564
200 40 0.271 2102.34 21765.7 57.5223
200 40 0.281 2030.53 21043.8 57.2006
200 40 0.291 1961.59 20346 52.7294
200 40 0.301 1870.83 19431.1 52.1074
200 40 0.311 1822.5 18944.8 52.9824
200 40 0.321 1752.12 18236.9 51.8727
200 40 0.331 1688.47 17597.2 51.02
200 40 0.341 1640.48 17114.5 50.4978
200 40 0.351 1586.85 16576.3 49.6682
200 40 0.361 1545.88 16166.4 49.6088
200 40 0.371 1487.26 15577.3 48.7497
200 40 0.381 1441.92 15121 47.7297
200 40 0.391 1389.6 14598.9 47.7055
200 40 0.401 1357.54 14277.5 47.6445
200 40 0.411 1303.85 13740.7 46.8988
200 40 0.421 1265.9 13359.7 46.6039
200 40 0.431 1247.99 13179.8 45.5111
200 40 0.441 1205.33 12754.4 45.2651
200 40 0.451 1185.42 12555 46.5116
200 40 0.461 1148.3 12182.5 46.6871
200 40 0.471 1126.24 11962.3 47.0049
200 40 0.481 1074.09 11442 46.5943
200 40 0.491 1058.18 11282.8 46.368
200 40 0.501 1029.95 11001.3 48.4345
200 40 0.511 1009.94 10800.9 46.5072
200 40 0.521 981.104 10513.5 49.9331
200 40 0.531 957.985 10282.1 50.5016
200 40 0.541 939.118 10094.6 50.5953
200 40 0.551 913.266 9835.96 54.1899
200 40 0.561 890.247 9607.62 59.6643
200 40 0.571 871.678 9421.21 51.7252
200 40 0.581 860.758 9312.87 52.1912
200 40 0.591 843.891 9144.56 49.2645
200 40 0.601 814.358 8851.03 50.4864
200 40 0.611 806.147 8768.67 51.185
200 40 0.621 778.942 8497.59 55.8529
200 40 0.631 769.933 8408.75 63.2831
200 40 0.641 757.919 8289.2 52.9516
200 40 0.651 742.11 8132.01 57.6105
200 40 0.661 725.054 7961.64 52.7637
200 40 0.671 716.864 7879.93 53.1289
200 40 0.681 696.408 7677.02 53.7728
200 40 0.691 687.202 7584.82 63.3898
200 40 0.701 671.96 7433.43 67.7844
200 40 0.711 658.184 7296.16 55.9263
200 40 0.721 650.587 7221.89 55.7485
200 40 0.731 634.939 7065.61 57.4203
200 40 0.741 626.064 6976.87 57.6851
200 40 0.751 611.209 6829.68 56.8692
200 40 0.761 609.328 6810.54 58.7076
200 40 0.771 600.713 6725.57 59.555
200 40 0.781 587.05 6590 59.9486
200 40 0.791 572.551 6446.63 60.3812
200 40 0.801 568.334 6404.3 61.0379
200 40 0.811 560.762 6329.29 61.5782
200 40 0.821 547.567 6197.7 62.5365
200 40 0.831 540.58 6129.14 62.7828
200 40 0.841 532.363 6048.35 63.307
200 40 0.851 526.961 5993.93 63.831
200 40 0.861 518.003 5905.07 64.7442
200 40 0.871 508.538 5811.61 65.2829
200 40 0.881 500.864 5736.03 65.7732
200 40 0.891 495.75 5685.56 66.9046
200 40 0.901 484.976 5578.96 67.413
200 40 0.911 478.967 5519.1 68.3862
200 40 0.921 470.834 5438.83 69.2735
200 40 0.931 468.063 5411.64 70.0947
200 40 0.941 457.98 5311.48 70.4129
200 40 0.951 452.016 5253.37 71.5825
200 40 0.961 444.502 5178.56 72.4635
200 40 0.971 438.32 5118.13 73.2856
200 40 0.981 431.9 5054.45 74.208
200 40 0.991 428.449 5020.53 75.0609
200 40 1.001 418.172 4919.11 76.6899
200 40 1.011 412.397 4862.9 77.9857
200 40 1.021 409.782 4836.67 78.8988
200 40 1.031 403.953 4779.21 80.1374
200 40 1.041 395.347 4694.86 80.525
200 40 1.051 389.029 4633.11 81.4099
200 40 1.061 388.647 4628.85 81.9554
200 40 1.071 382.108 4564.39 82.9772
200 40 1.081 377.645 4520.78 83.3981
200 40 1.091 376.853 4513.13 83.8872
200 40 1.101 370.12 4446.92 84.7139
200 40 1.111 367.422 4420.3 85.2342
200 40 1.121 364.465 4391.2 85.5431
200 40 1.131 359.621 4343.98 85.5075
200 40 1.141 356.148 4309.66 86.4145
200 40 1.151 353.972 4288.43 86.1337
200 40 1.161 350.524 4254.79 86.7894
200 40 1.171 346.938 4219.78 87.2803
200 40 1.181 342.523 4176.58 87.459
200 40 1.191 341.496 4166.15 87.6254
200 40 1.201 337.753 4129.67 88.0001
200 40 1.211 335.405 4106.73 87.9074
200 40 1.221 334.035 4093.7 88.2559
200 40 1.231 329.635 4050.47 88.9038
200 40 1.241 327.715 4031.99 88.836
200 40 1.251 325.919 4014.09 88.7104
200 40 1.261 322.553 3980.97 88.9804
200 40 1.271 320.497 3961.16 89.0189
200 40 1.281 317.328 3930.26 89.0468
200 40 1.291 314.421 3901.9 89.3895
200 40 1.301 312.915 3886.93 89.8391
200 40 1.311 310.978 3868.05 89.8511
200 40 1.321 309.052 3849.73 89.9064
200 40 1.331 305.662 3816.82 89.8788
200 40 1.341 303.335 3794.25 89.7783
200 40 1.351 300.874 3770.11 89.4835
200 40 1.361 298.549 3747.68 89.8927
200 40 1.371 298.413 3745.96 89.9683
200 40 1.381 294.811 3711.4 89.4095
200 40 1.391 293.124 3694.77 89.7014
200 40 1.401 292.715 3690.69 90.0077
200 40 1.411 290.182 3666.18 90.0759
200 40 1.421 288.143 3646.53 89.7163
200 40 1.431 286.207 3627.47 89.5599
200 40 1.441 283.086 3597.48 89.2333
200 40 1.451 281.86 3585.87 88.4813
200 40 1.461 279.912 3566.8 88.4447
200 40 1.471 278.076 3548.98 88.5261
200 40 1.481 276.618 3534.83 89.6068
200 40 1.491 273.878 3508.71 89.0893
200 40 1.501 271.953 3489.87 88.8516
200 40 1.511 270.86 3479.37 89.1666
200 40 1.521 269.137 3462.88 88.5167
200 40 1.531 267.149 3443.75 88.0849
200 40 1.541 264.858 3421.6 87.8298
200 40 1.551 263.757 3410.95 87.8595
200 40 1.561 261.936 3393.55 87.8079
200 40 1.571 260.112 3375.96 86.8426
200 40 1.581 258.321 3358.56 86.7616
200 40 1.591 257.436 3350.27 86.6205
200 40 1.601 255.753 3334.01 85.7974
200 40 1.611 255.824 3334.6 86.358
200 40 1.621 254.489 3321.73 86.2708
200 40 1.631 253.124 3308.65 86.0286
200 40 1.641 251.882 3296.85 85.3287
200 40 1.651 250.929 3287.84 84.3617
200 40 1.661 250.328 3281.89 84.5417
200 40 1.671 249.454 3273.29 84.6117
200 40 1.681 248.01 3259.67 83.748
200 40 1.691 246.765 3247.57 83.1817
200 40 1.701 245.312 3233.75 82.5526
200 40 1.711 244.682 3227.78 82.2417
200 40 1.721 243.638 3217.86 81.4903
200 40 1.731 241.802 3200.32 79.1482
200 40 1.741 241.373 3196.2 79.3039
200 40 1.751 240.203 3184.92 79.045
200 40 1.761 239.695 3180.06 78.4905
200 40 1.771 237.923 3163.23 77.3144
200 40 1.781 237.763 3161.6 77.5824
200 40 1.791 236.425 3148.86 76.8771
200 40 1.801 235.09 3136.15 76.0298
200 40 1.811 234.45 3130.07 75.5912
200 40 1.821 232.935 3115.79 74.5455
200 40 1.831 231.749 3104.45 73.5917
200 40 1.841 230.545 3092.78 72.3977
200 40 1.851 230.046 3088.05 72.3895
200 40 1.861 228.133 3070.02 70.9709
200 40 1.871 227.638 3065.24 70.4468
200 40 1.881 226.62 3055.58 69.747
200 40 1.891 225.367 3043.71 68.7768
200 40 1.901 224.43 3034.83 67.931
200 40 1.911 223.327 3024.31 66.7865
200 40 1.921 222.47 3016.22 66.1817
200 40 1.931 221.254 3004.78 65.2306
200 40 1.941 220.672 2999.14 64.6508
200 40 1.951 219.597 2989.04 63.4509
200 40 1.961 218.821 2981.65 63.0496
200 40 1.971 217.454 2968.66 61.5673
200 40 1.981 216.671 2961.37 60.6287
200 40 1.991 215.639 2951.61 59.6909
300 10 0.001 2908.4 32183.4 1.3746
300 10 0.011 2889.9 31968.7 2.024
300 10 0.021 2865.01 31683.1 2.4899
300 10 0.031 2838.12 31372.8 2.9624
300 10 0.041 2811.55 31070.1 3.4451
300 10 0.051 2782.06 30728.3 4.056
300 10 0.061 2761.15 30487.3 4.794
300 10 0.071 2729.54 30127.4 5.0789
300 10 0.081 2697.52 29764.2 5.433
300 10 0.091 2669.69 29441.4 6.8346
300 10 0.101 2638.91 29088.8 8.9867
300 10 0.111 2611.28 28768.6 9.5663
300 10 0.121 2570.71 28318.2 9.9465
300 10 0.131 2545.96 28033.9 11.0665
300 10 0.141 2513.04 27667.7 10.1158
300 10 0.151 2480.51 27290.4 11.1624
300 10 0.161 2455.16 27000.9 12.6806
300 10 0.171 2417.98 26587 12.5826
300 10 0.181 2382.32 26180.5 13.601
300 10 0.191 2353.26 25855.5 14.5024
300 10 0.201 2323.43 25527.8 15.4011
300 10 0.211 2303.65 25295.8 16.4407
300 10 0.221 2264.26 24859.9 17.4592
300 10 0.231 2238.85 24574.1 18.2139
300 10 0.241 2212.9 24277.3 19.0023
300 10 0.251 2157.27 23658.2 19.7224
300 10 0.261 2146.92 23542.5 20.4625
300 10 0.271 2117.69 23221.6 21.3362
300 10 0.281 2088.55 22888.7 22.5588
300 10 0.291 2062.34 22601.1 23.4232
300 10 0.301 2029.47 22227 24.4781
300 10 0.311 1992.32 21833.5 25.3426
300 10 0.321 1978.97 21677 26.6694
300 10 0.331 1944.46 21299.2 30.1199
300 10 0.341 1916.29 20986.1 31.5528
300 10 0.351 1903.5 20845.9 32.4237
300 10 0.361 1879.94 20586.3 33.2186
300 10 0.371 1840.77 20154.7 33.5727
300 10 0.381 1812.28 19845.9 36.3572
300 10 0.391 1790.69 19608.3 39.0822
300 10 0.401 1764.12 19320.3 40.2518
300 10 0.411 1740.49 19058.6 41.4902
300 10 0.421 1707.14 18702.4 40.7151
300 10 0.431 1691.92 18538.3 38.5209
300 10 0.441 1664.23 18235.6 41.5312
300 10 0.451 1634.36 17917.1 46.133
300 10 0.461 1607.13 17618.3 47.5768
300 10 0.471 1589.55 17429.5 48.9736
300 10 0.481 1557.98 17094.2 50.1303
300 10 0.491 1552.13 17031.1 50.8306
300 10 0.501 1522.94 16709.9 52.2936
300 10 0.511 1493.36 16400.8 53.6808
300 10 0.521 1479.33 16244.9 54.8657
300 10 0.531 1442.29 15858.5 56.211
300 10 0.541 1433.54 15758.2 57.3754
300 10 0.551 1409.72 15509.7 58.4605
300 10 0.561 1394.01 15338.9 60.0944
300 10 0.571 1375.24 15138.8 61.4342
300 10 0.581 1344.87 14819 58.8438
300 10 0.591 1335.34 14717.7 59.1002
300 10 0.601 1311.16 14461.8 60.7564
300 10 0.611 1290.03 14242.5 61.9096
300 10 0.621 1267.49 14001.4 63.6824
300 10 0.631 1257.61 13893.1 65.3027
300 10 0.641 1239.37 13710 66.5251
300 10 0.651 1220.84 13511.5 68.3198
300 10 0.661 1196.32 13259.8 69.8283
300 10 0.671 1186.68 13155.9 71.2124
300 10 0.681 1170.13 12983.4 72.222
300 10 0.691 1153.21 12809.1 73.8084
300 10 0.701 1139.27 12663.5 75.2287
300 10 0.711 1115.02 12409.3 76.7618
300 10 0.721 1100.29 12263.4 77.9574
300 10 0.731 1092.82 12180.9 79.3412
300 10 0.741 1073.45 11980.9 80.4781
300 10 0.751 1064.28 11885.8 81.4883
300 10 0.761 1038.11 11616.9 83.0454
300 10 0.771 1034.69 11581.2 84.5576
300 10 0.781 1023.37 11463.1 85.2292
300 10 0.791 1001.68 11242.3 87.1048
300 10 0.801 980.861 11029.9 88.7907
300 10 0.811 969.869 10919.4 89.8161
300 10 0.821 961.622 10830.4 92.0138
300 10 0.831 946.393 10677.1 93.4936
300 10 0.841 938.207 10593.1 95.027
300 10 0.851 921.247 10420.7 96.0916
300 10 0.861 908.92 10295.3 97.2139
300 10 0.871 896.824 10172.9 99.6661
300 10 0.881 888.664 10090.2 100.377
300 10 0.891 870.152 9903.08 101.569
300 10 0.901 859.779 9797.29 103.81
300 10 0.911 851.981 9720.03 105.452
300 10 0.921 839.578 9592.69 106.906
300 10 0.931 827.851 9475.15 108.377
300 10 0.941 817.424 9371.02 110.355
300 10 0.951 812.777 9323.33 111.876
300 10 0.961 793.472 9131.07 113.741
300 10 0.971 785.473 9048.91 116.343
300 10 0.981 772.419 8918.63 118.525
300 10 0.991 766.188 8856.97 120.004
300 10 1.001 748.818 8683.93 121.037
300 10 1.011 738.564 8582.2 123.668
300 10 1.021 733.11 8526.44 126.297
300 10 1.031 723.955 8434.55 128.139
300 10 1.041 715.85 8354.83 130.697
300 10 1.051 707.798 8274.75 131.099
300 10 1.061 697.781 8175.66 131.783
300 10 1.071 688.728 8085.56 133.274
300 10 1.081 680.065 8001.29 135.015
300 10 1.091 674.909 7948.93 135.096
300 10 1.101 667.497 7874.94 136.797
300 10 1.111 664.475 7845.42 137.161
300 10 1.121 656.688 7768.14 138.665
300 10 1.131 645.3 7655.49 139.227
300 10 1.141 639.381 7597.09 139.544
300 10 1.151 635.254 7557.67 140.671
300 10 1.161 633.242 7536.45 140.895
300 10 1.171 625.052 7456.37 141.763
300 10 1.181 622.619 7431.74 142.376
300 10 1.191 617.658 7383.42 143.07
300 10 1.201 610.84 7316.49 143.852
300 10 1.211 603.271 7242.01 143.604
300 10 1.221 598.541 7194.91 144.784
300 10 1.231 596.504 7175.27 146.697
300 10 1.241 590.512 7116.72 145.873
300 10 1.251 588.636 7098.13 145.799
300 10 1.261 584.99 7062.26 146.74
300 10 1.271 578.89 7002.3 147.793
300 10 1.281 575.395 6968.03 146.753
300 10 1.291 568.842 6904.43 146.676
300 10 1.301 566.364 6880.62 147.613
300 10 1.311 562.498 6842.19 147.49
300 10 1.321 556.338 6782.96 148.042
300 10 1.331 554.616 6765.18 148.651
300 10 1.341 548.374 6704.92 148.582
300 10 1.351 545.491 6676.28 148.321
300 10 1.361 542.037 6642.38 148.001
300 10 1.371 537.416 6597.77 149.097
300 10 1.381 532.282 6547.56 149.172
300 10 1.391 532.28 6547.2 150.461
300 10 1.401 524.678 6474.39 149.276
300 10 1.411 523.927 6467.1 150.127
300 10 1.421 519.009 6418.96 150.64
300 10 1.431 514.983 6380.06 150.312
300 10 1.441 511.432 6345.87 149.914
300 10 1.451 509.561 6327.9 150.882
300 10 1.461 505.293 6286.6 150.786
300 10 1.471 502.619 6259.99 150.515
300 10 1.481 497.801 6213.74 150.785
300 10 1.491 494.966 6186.35 150.865
300 10 1.501 491.74 6155.01 150.989
300 10 1.511 488.061 6120.05 149.811
300 10 1.521 486.703 6106.46 151.019
300 10 1.531 482.271 6063.92 150.413
300 10 1.541 480.543 6047.15 150.449
300 10 1.551 477.558 6017.96 150.155
300 10 1.561 475.827 6001.26 149.762
300 10 1.571 469.942 5945.19 148.974
300 10 1.581 466.274 5909.73 148.128
300 10 1.591 465.725 5904.21 148.407
300 10 1.601 462.619 5874.48 147.746
300 10 1.611 462.529 5873.28 148.373
300 10 1.621 457.641 5826.74 145.816
300 10 1.631 457.761 5827.55 146.359
300 10 1.641 455.621 5807.21 145.504
300 10 1.651 452.466 5777.18 143.857
300 10 1.661 452.471 5776.75 144.338
300 10 1.671 449.316 5746.74 142.973
300 10 1.681 447.792 5732.04 142.528
300 10 1.691 445.412 5709.16 141.685
300 10 1.701 444.409 5699.75 140.984
300 10 1.711 441.706 5673.9 139.879
300 10 1.721 439.886 5656.64 138.739
300 10 1.731 438.956 5647.35 138.749
300 10 1.741 435.919 5618.76 137.192
300 10 1.751 433.418 5594.67 136.119
300 10 1.761 432.882 5589.19 136.174
300 10 1.771 430.959 5571.19 135.85
300 10 1.781 429.126 5553.48 137.534
300 10 1.791 426.12 5525.07 135.816
300 10 1.801 423.779 5502.79 134.59
300 10 1.811 422.773 5492.96 134.329
300 10 1.821 420.836 5474.7 130.171
300 10 1.831 419.12 5458.35 127.503
300 10 1.841 417.221 5440.19 126.957
300 10 1.851 415.102 5420.03 125.759
300 10 1.861 413.181 5401.72 124.275
300 10 1.871 411.536 5386.09 122.689
300 10 1.881 409.556 5367.38 122.101
300 10 1.891 407.374 5346.62 120.04
300 10 1.901 405.877 5332.54 118.926
300 10 1.911 404.89 5322.97 118.264
300 10 1.921 402.882 5303.92 116.61
300 10 1.931 400.866 5284.93 115.14
300 10 1.941 398.458 5262.02 112.713
300 10 1.951 397.183 5250.06 111.842
300 10 1.961 395.561 5234.74 110.829
300 10 1.971 393.394 5214.12 108.871
300 10 1.981 390.702 5188.88 106.176
300 10 1.991 389.474 5177.24 105.257
300 20 0.001 5611.75 59113.9 5.2932
300 20 0.011 5532.29 58260.7 7.3094
300 20 0.021 5435.93 57229.1 9.296
300 20 0.031 5322.88 56019.6 8.461
300 20 0.041 5224.82 54972.2 9.2351
300 20 0.051 5115.43 53796.7 11.3173
300 20 0.061 5002.7 52588.1 12.5785
300 20 0.071 4902.66 51524.2 17.4805
300 20 0.081 4794.73 50378.8 24.4503
300 20 0.091 4684.48 49207.4 26.1712
300 20 0.101 4595.56 48257.8 27.7558
300 20 0.111 4460.41 46827.1 29.2109
300 20 0.121 4380.32 45976.6 30.4057
300 20 0.131 4268.23 44786.4 31.8018
300 20 0.141 4137.48 43421.8 32.892
300 20 0.151 4072.91 42729.7 33.8992
300 20 0.161 3970.07 41639.7 34.9912
300 20 0.171 3871 40594 36.8228
300 20 0.181 3749.46 39324.4 37.1126
300 20 0.191 3669.45 38481.6 37.4689
300 20 0.201 3588.34 37622.8 32.7189
300 20 0.211 3486.44 36558.9 31.4105
300 20 0.221 3419.75 35863.9 32.5578
300 20 0.231 3313.79 34764.5 33.9513
300 20 0.241 3237.29 33954.4 35.3418
300 20 0.251 3131.09 32855.9 36.1796
300 20 0.261 3070.59 32222.4 37.4602
300 20 0.271 3016.38 31650.8 38.7119
300 20 0.281 2904.24 30494.3 41.0194
300 20 0.291 2837.08 29793.4 47.4674
300 20 0.301 2782.47 29230.6 48.5527
300 20 0.311 2723.46 28615 49.5815
300 20 0.321 2649.73 27856.1 50.5716
300 20 0.331 2587.76 27218 51.552
300 20 0.341 2538.52 26704.4 52.5773
300 20 0.351 2445.07 25749.7 53.0824
300 20 0.361 2426.63 25557.4 54.0772
300 20 0.371 2345.1 24719.1 55.2611
300 20 0.381 2300.62 24262.4 55.985
300 20 0.391 2245.67 23700.3 57.1946
300 20 0.401 2164.3 22871.1 57.8103
300 20 0.411 2139.58 22611.4 58.7705
300 20 0.421 2081.79 22021.8 59.8633
300 20 0.431 2037.66 21571.1 60.8405
300 20 0.441 1991.68 21104.4 61.5048
300 20 0.451 1955.31 20734.2 62.5583
300 20 0.461 1886.41 20035.3 63.378
300 20 0.471 1866.01 19823.9 65.0133
300 20 0.481 1831.74 19473.3 65.2508
300 20 0.491 1777.75 18930 66.2439
300 20 0.501 1733.46 18478.7 67.0628
300 20 0.511 1703.22 18172.1 67.9691
300 20 0.521 1652.63 17662.2 68.5677
300 20 0.531 1630.35 17437.9 69.5213
300 20 0.541 1586.06 16990 70.4129
300 20 0.551 1556.24 16688.9 70.8428
300 20 0.561 1518.48 16307.6 69.8723
300 20 0.571 1503.09 16151.3 70.4004
300 20 0.581 1462.18 15743 71.2565
300 20 0.591 1444.34 15561.5 71.9462
300 20 0.601 1422.8 15342.2 73.3719
300 20 0.611 1390.05 15013.8 74.1888
300 20 0.621 1348.27 14595.8 74.7553
300 20 0.631 1332.14 14435.5 75.8599
300 20 0.641 1316.1 14271.7 76.8671
300 20 0.651 1286.17 13973.7 77.3572
300 20 0.661 1254.9 13661.3 78.1375
300 20 0.671 1226.93 13381 78.922
300 20 0.681 1216 13272 80.2211
300 20 0.691 1190.41 13015.4 80.8295
300 20 0.701 1173.02 12842.4 81.6612
300 20 0.711 1149.25 12603.9 82.9234
300 20 0.721 1131.54 12427 84.1609
300 20 0.731 1112.35 12236.1 84.9343
300 20 0.741 1095 12062 86.1194
300 20 0.751 1072.8 11842 86.4602
300 20 0.761 1057.94 11694.1 87.8622
300 20 0.771 1043.15 11546.5 89.0833
300 20 0.781 1018.47 11302.1 89.8485
300 20 0.791 1010.09 11217.1 91.4692
300 20 0.801 990.384 11021.9 92.1525
300 20 0.811 969.979 10819.6 92.8855
300 20 0.821 953.156 10651.7 93.9947
300 20 0.831 947.095 10591.9 94.9953
300 20 0.841 924.17 10364.8 96.3338
300 20 0.851 914.989 10272.6 97.8737
300 20 0.861 890.62 10032.2 98.828
300 20 0.871 888.123 10006.7 101.05
300 20 0.881 871.453 9841.75 101.923
300 20 0.891 856.793 9696.89 102.599
300 20 0.901 850.341 9632.82 103.396
300 20 0.911 833.345 9464.7 105.628
300 20 0.921 828 9411.15 107.236
300 20 0.931 807.425 9207.85 108.572
300 20 0.941 795.264 9088.87 108.488
300 20 0.951 790.146 9037.74 110.444
300 20 0.961 780.954 8946.39 111.714
300 20 0.971 764.545 8784 112.662
300 20 0.981 759.679 8736.57 114.052
300 20 0.991 746.737 8609.21 116.152
300 20 1.001 729.426 8439.54 118.36
300 20 1.011 721.112 8356.29 120.189
300 20 1.021 710.104 8248.42 122.574
300 20 1.031 700.615 8154.05 123.707
300 20 1.041 695.077 8099.91 125.655
300 20 1.051 685.931 8010.03 126.729
300 20 1.061 674.911 7902.02 128.109
300 20 1.071 670.884 7862.34 129.16
300 20 1.081 664.813 7802.73 130.334
300 20 1.091 656.657 7723.63 131.191
300 20 1.101 650.083 7658 133.752
300 20 1.111 640.828 7567.22 136.198
300 20 1.121 636.119 7521.6 135.257
300 20 1.131 630.441 7465.41 135.14
300 20 1.141 621.566 7378.69 136.208
300 20 1.151 616.334 7327.73 136.459
300 20 1.161 606.795 7234 136.997
300 20 1.171 603.903 7205.63 137.712
300 20 1.181 604.456 7210.66 138.595
300 20 1.191 596.624 7134.44 138.704
300 20 1.201 592.892 7097.71 138.892
300 20 1.211 586.563 7036.56 139.765
300 20 1.221 582.309 6993.72 140.102
300 20 1.231 576.93 6941.47 141.019
300 20 1.241 569.842 6872.63 141.927
300 20 1.251 567.954 6854.06 142.524
300 20 1.261 564.442 6820.14 142.174
300 20 1.271 559.001 6766.22 142.327
300 20 1.281 555.144 6729.13 142.944
300 20 1.291 552.904 6707.15 143.468
300 20 1.301 545.464 6634.96 143.571
300 20 1.311 542.407 6605.94 143.555
300 20 1.321 540.063 6582.07 144.639
300 20 1.331 536.433 6546.26 145.586
300 20 1.341 529.648 6481.3 146.172
300 20 1.351 526.993 6454.85 144.138
300 20 1.361 524.957 6435.03 144.327
300 20 1.371 518.206 6369.8 143.442
300 20 1.381 517.026 6358.12 144.708
300 20 1.391 512.063 6310.37 143.712
300 20 1.401 507.554 6266.55 143.973
300 20 1.411 503.51 6226.86 144.313
300 20 1.421 501.752 6210.25 144.73
300 20 1.431 498.234 6176.08 146.973
300 20 1.441 495.634 6150.91 145.407
300 20 1.451 490.64 6102.59 145.77
300 20 1.461 489.74 6093.63 145.753
300 20 1.471 485.389 6052.16 146.078
300 20 1.481 483.017 6029.19 145.383
300 20 1.491 479.135 5991.74 145.607
300 20 1.501 472.904 5931.37 145.29
300 20 1.511 471.334 5916.23 145.958
300 20 1.521 468.682 5890.52 145.565
300 20 1.531 466.34 5867.92 145.192
300 20 1.541 463.314 5838.86 145.349
300 20 1.551 460.882 5815.03 145.214
300 20 1.561 457.066 5778.58 144.456
300 20 1.571 456.112 5769.1 145.174
300 20 1.581 451.996 5729.78 144.175
300 20 1.591 449.818 5708.7 144.414
300 20 1.601 447.22 5684.12 143.858
300 20 1.611 446.945 5681 142.997
300 20 1.621 443.355 5646.83 141.875
300 20 1.631 442.096 5634.78 141.812
300 20 1.641 439.572 5610.19 140.393
300 20 1.651 436.884 5584.63 142.215
300 20 1.661 437.218 5587.65 140.533
300 20 1.671 435.062 5567.15 140.334
300 20 1.681 432.101 5538.93 140.852
300 20 1.691 430.293 5521.42 140.057
300 20 1.701 428.093 5500.63 137.23
300 20 1.711 427.334 5493.33 136.258
300 20 1.721 426.309 5483.27 136.217
300 20 1.731 422.535 5447.4 134.42
300 20 1.741 421.072 5433.35 133.683
300 20 1.751 419.111 5414.42 133.013
300 20 1.761 418.524 5409.11 132.386
300 20 1.771 415.546 5380.33 130.671
300 20 1.781 414.127 5367.02 130.694
300 20 1.791 412.058 5347.27 129.431
300 20 1.801 410.828 5335.53 131.359
300 20 1.811 408.685 5315.05 130.036
300 20 1.821 407.102 5299.97 129.619
300 20 1.831 405.065 5280.62 128.387
300 20 1.841 402.537 5256.54 126.054
300 20 1.851 401.21 5243.67 122.533
300 20 1.861 399.61 5228.69 121.064
300 20 1.871 397.526 5208.96 119.327
300 20 1.881 396.083 5195.04 118.745
300 20 1.891 393.487 5170.63 116.891
300 20 1.901 391.936 5155.9 115.554
300 20 1.911 390.212 5139.57 114.268
300 20 1.921 388.081 5119.3 112.567
300 20 1.931 386.105 5100.59 110.853
300 20 1.941 385.084 5090.76 110.082
300 20 1.951 383.485 5075.75 108.685
300 20 1.961 381.605 5058.02 112.066
300 20 1.971 379.774 5040.59 107.939
300 20 1.981 377.822 5022.2 107.103
300 20 1.991 376.179 5006.78 107.419
300 30 0.001 8119.2 84088.5 3.7113
300 30 0.011 7920.98 82011.7 8.4661
300 30 0.021 7729.75 80010.5 13.9326
300 30 0.031 7502.86 77637.3 18.8076
300 30 0.041 7280.57 75322.3 24.3292
300 30 0.051 7063.11 73048.4 29.45
300 30 0.061 6831.12 70625.2 33.5729
300 30 0.071 6632.78 68557.6 36.9857
300 30 0.081 6400.48 66138.8 39.5893
300 30 0.091 6175.97 63811.1 41.7093
300 30 0.101 6002.53 62009 44.0093
300 30 0.111 5790.11 59809.4 45.861
300 30 0.121 5611.85 57964.8 48.2385
300 30 0.131 5384.3 55609.1 49.3604
300 30 0.141 5201.45 53721.4 50.4918
300 30 0.151 5023.64 51883.9 52.1149
300 30 0.161 4873.1 50334.8 52.5078
300 30 0.171 4690.91 48453.1 53.2633
300 30 0.181 4512.88 46627.8 53.9272
300 30 0.191 4376.95 45225.1 54.88
300 30 0.201 4210.2 43512.7 56.4778
300 30 0.211 4085.14 42237.4 57.4347
300 30 0.221 3908.44 40427.2 57.6892
300 30 0.231 3818.61 39504.4 58.7981
300 30 0.241 3695.7 38245.6 59.2997
300 30 0.251 3550.98 36772.4 58.7725
300 30 0.261 3474.79 35993.8 58.1843
300 30 0.271 3341.16 34636 58.7052
300 30 0.281 3246.73 33669.8 59.1773
300 30 0.291 3092.22 32106.6 58.5844
300 30 0.301 3058.85 31759 59.8636
300 30 0.311 2916.85 30324.4 60.0455
300 30 0.321 2843.31 29576.6 59.8555
300 30 0.331 2750.43 28635.8 59.849
300 30 0.341 2673.71 27856.2 59.9572
300 30 0.351 2580.94 26922.8 60.8909
300 30 0.361 2530.62 26410.4 60.9321
300 30 0.371 2426.73 25362.4 59.7726
300 30 0.381 2364.55 24734.4 58.4827
300 30 0.391 2286.77 23956.2 58.7287
300 30 0.401 2249.06 23573 59.6134
300 30 0.411 2170.94 22786.7 59.8915
300 30 0.421 2111.5 22188.6 60.4443
300 30 0.431 2075.18 21821.6 60.8488
300 30 0.441 2012.14 21190.5 60.959
300 30 0.451 1954.8 20613.4 61.756
300 30 0.461 1899 20055.5 62.0273
300 30 0.471 1855.17 19615.7 62.7364
300 30 0.481 1806.21 19124.5 62.9729
300 30 0.491 1752.5 18585.6 63.2835
300 30 0.501 1725.63 18315 64.5595
300 30 0.511 1690.95 17969 65.2775
300 30 0.521 1650.47 17563 65.6485
300 30 0.531 1599.62 17054.8 65.9284
300 30 0.541 1558.69 16645.3 66.5492
300 30 0.551 1519.9 16257.9 67.4116
300 30 0.561 1482.52 15885.3 68.2747
300 30 0.571 1487.03 15929.2 69.4171
300 30 0.581 1438.09 15440.2 70.1542
300 30 0.591 1404.02 15101.7 71.7669
300 30 0.601 1372.02 14780.9 72.3293
300 30 0.611 1344.97 14511.6 73.3643
300 30 0.621 1328.94 14352.1 73.7396
300 30 0.631 1304.62 14111.1 74.7724
300 30 0.641 1277.51 13840 75.4071
300 30 0.651 1235.66 13422.7 76.4576
300 30 0.661 1222.77 13293.7 77.2392
300 30 0.671 1196.57 13033.2 78.2067
300 30 0.681 1180.77 12875.6 79.3924
300 30 0.691 1152.45 12593.5 79.8396
300 30 0.701 1129.67 12366.7 80.4224
300 30 0.711 1110.4 12174.8 81.4634
300 30 0.721 1098.68 12058.9 82.8366
300 30 0.731 1074.59 11820 83.5219
300 30 0.741 1054.91 11624.2 84.5389
300 30 0.751 1035.27 11430 84.8166
300 30 0.761 1015.02 11229.3 86.0623
300 30 0.771 998.631 11064.8 87.3443
300 30 0.781 988.38 10963.3 87.728
300 30 0.791 976.108 10841.7 89.045
300 30 0.801 954.739 10630.2 89.1912
300 30 0.811 943.473 10518.4 90.2256
300 30 0.821 928.229 10366.2 92.1697
300 30 0.831 908.602 10173.3 92.3226
300 30 0.841 887.326 9961.3 93.9636
300 30 0.851 879.086 9879.78 95.5405
300 30 0.861 866.427 9754.86 95.8275
300 30 0.871 854.118 9633.11 97.0871
300 30 0.881 839.902 9493.09 98.8197
300 30 0.891 833.205 9427.01 99.5557
300 30 0.901 818.067 9275.42 100.648
300 30 0.911 813.567 9231.3 102.459
300 30 0.921 792.442 9022.83 103.16
300 30 0.931 780.147 8901.28 104.148
300 30 0.941 767.883 8780.02 105.622
300 30 0.951 768.063 8781.01 106.582
300 30 0.961 748.272 8586.62 107.72
300 30 0.971 734.498 8450.38 109.385
300 30 0.981 725.03 8358.09 111.268
300 30 0.991 712.387 8233.05 112.562
300 30 1.001 705.826 8167.68 114.472
300 30 1.011 695.773 8068.43 116.033
300 30 1.021 685.598 7969.64 118.611
300 30 1.031 674.686 7862.32 119.765
300 30 1.041 669.394 7809.66 121.225
300 30 1.051 659.188 7709.6 123.04
300 30 1.061 649.556 7614.96 124.47
300 30 1.071 643.027 7550.98 125.593
300 30 1.081 637.574 7497 126.439
300 30 1.091 631.73 7439.49 127.703
300 30 1.101 624.126 7364.83 128.528
300 30 1.111 618.442 7308.54 129.038
300 30 1.121 608.914 7215.44 130.605
300 30 1.131 606.123 7188.12 130.126
300 30 1.141 596.164 7091.26 130.991
300 30 1.151 593.307 7062.7 131.502
300 30 1.161 584.278 6974.66 132.274
300 30 1.171 582.908 6961.29 133.029
300 30 1.181 578.023 6912.61 133.836
300 30 1.191 576.632 6898.91 134.254
300 30 1.201 566.403 6799.49 134.748
300 30 1.211 566.861 6803.97 135.343
300 30 1.221 559.848 6734.81 135.396
300 30 1.231 556.249 6700.14 136.382
300 30 1.241 552.337 6661.57 137.069
300 30 1.251 549.974 6639.02 136.758
300 30 1.261 544.253 6582.52 137.533
300 30 1.271 540.137 6542.86 139.665
300 30 1.281 533.838 6481.06 138.439
300 30 1.291 529.4 6438.43 137.579
300 30 1.301 526.005 6405.47 138.26
300 30 1.311 523.162 6377.82 139.505
300 30 1.321 516.647 6313.9 139.093
300 30 1.331 515.48 6302.8 139.734
300 30 1.341 512.039 6269 139.607
300 30 1.351 507.251 6222.72 140.385
300 30 1.361 503.367 6184.88 140.766
300 30 1.371 501.472 6166.38 141.67
300 30 1.381 496.537 6118.79 140.714
300 30 1.391 493.75 6091.35 141.645
300 30 1.401 492.22 6076.76 141.965
300 30 1.411 488.984 6044.74 141.663
300 30 1.421 483.573 5993.09 141.066
300 30 1.431 481.368 5971.5 140.759
300 30 1.441 476.071 5920.3 140.9
300 30 1.451 472.989 5890.48 140.446
300 30 1.461 470.95 5870.78 141.277
300 30 1.471 468.63 5848.26 141.14
300 30 1.481 465.211 5815.19 141.054
300 30 1.491 462.196 5785.98 140.606
300 30 1.501 459.422 5759.11 141.392
300 30 1.511 455.421 5720.39 140.913
300 30 1.521 451.465 5682.41 139.913
300 30 1.531 449.281 5661.53 139.483
300 30 1.541 446.79 5637.75 139.727
300 30 1.551 445.346 5623.47 139.918
300 30 1.561 441.486 5586.35 139.275
300 30 1.571 437.606 5549.23 138.446
300 30 1.581 434.241 5516.79 138.03
300 30 1.591 433.211 5506.73 138.531
300 30 1.601 430.991 5485.12 137.391
300 30 1.611 430.392 5479.93 136.828
300 30 1.621 427.454 5451.61 136.512
300 30 1.631 426.762 5444.71 136.419
300 30 1.641 424.484 5423.2 135.284
300 30 1.651 423.28 5411.52 135.099
300 30 1.661 420.364 5383.49 133.939
300 30 1.671 418.644 5367.13 136.717
300 30 1.681 417 5351.34 136.097
300 30 1.691 417.381 5354.77 134.829
300 30 1.701 413.029 5313.15 134.341
300 30 1.711 411.622 5300.12 133.759
300 30 1.721 409.372 5278.38 133.26
300 30 1.731 408.324 5268.18 132.522
300 30 1.741 406.592 5251.55 131.838
300 30 1.751 403.809 5225.03 128.145
300 30 1.761 404.109 5227.76 126.858
300 30 1.771 401.205 5200.16 129.717
300 30 1.781 399.632 5184.99 128.303
300 30 1.791 397.123 5161.5 125.615
300 30 1.801 395.278 5143.6 126.057
300 30 1.811 393.309 5124.81 124.898
300 30 1.821 391.558 5108.19 124.378
300 30 1.831 389.73 5090.83 123.246
300 30 1.841 388.287 5077.19 122.138
300 30 1.851 386.703 5062.04 121.396
300 30 1.861 385.395 5049.43 120.599
300 30 1.871 383.203 5028.79 119.28
300 30 1.881 381.358 5011.27 117.848
300 30 1.891 379.808 4996.44 117.193
300 30 1.901 378.003 4979.33 115.844
300 30 1.911 376.572 4965.69 110.658
300 30 1.921 374.771 4948.79 109.114
300 30 1.931 373.047 4932.39 108.163
300 30 1.941 371.209 4915.06 106.622
300 30 1.951 369.091 4894.86 104.543
300 30 1.961 368.005 4884.67 103.498
300 30 1.971 366.032 4866 101.785
300 30 1.981 364.856 4854.79 101.355
300 30 1.991 362.776 4835.18 99.2886
300 40 0.001 10420.2 106996 266.115
300 40 0.011 10094.6 103627 254.937
300 40 0.021 9763.24 100191 243.466
300 40 0.031 9403.2 96478.5 233.143
300 40 0.041 9011.24 92426.5 222.451
300 40 0.051 8655.57 88764.8 209.964
300 40 0.061 8272.98 84811.9 197.36
300 40 0.071 7920.19 81187.3 187.365
300 40 0.081 7562.51 77512.5 190.372
300 40 0.091 7274.1 74547.4 184.684
300 40 0.101 6955.84 71287.2 176.132
300 40 0.111 6649.48 68141.8 167.824
300 40 0.121 6368.47 65264.3 160.083
300 40 0.131 6063.42 62146.6 151.346
300 40 0.141 5847.06 59932 145.856
300 40 0.151 5617.33 57585.9 137.904
300 40 0.161 5363.32 55001.4 132.293
300 40 0.171 5114.61 52462.9 125.4
300 40 0.181 4902.52 50305.7 120.549
300 40 0.191 4709.38 48339.4 114.914
300 40 0.201 4519.85 46418 110.335
300 40 0.211 4311.4 44305 105.09
300 40 0.221 4144.26 42604.6 101.72
300 40 0.231 3990.92 41054.9 98.158
300 40 0.241 3822.38 39347.7 93.8198
300 40 0.251 3666.19 37773.7 90.8672
300 40 0.261 3522.17 36313.3 87.3301
300 40 0.271 3401.23 35092.6 84.9456
300 40 0.281 3285.51 33928.5 83.8175
300 40 0.291 3144.29 32505.1 80.7672
300 40 0.301 3031 31364 78.7451
300 40 0.311 2953.62 30584.2 77.4579
300 40 0.321 2829.04 29332.4 75.0615
300 40 0.331 2735.28 28391.2 74.008
300 40 0.341 2654.52 27575.7 72.5446
300 40 0.351 2563.17 26661.6 68.4845
300 40 0.361 2463.22 25657.5 67.8601
300 40 0.371 2413.98 25164.1 67.9065
300 40 0.381 2324.8 24270.5 65.3635
300 40 0.391 2249.68 23515.5 62.5462
300 40 0.401 2202.78 23045.8 62.3726
300 40 0.411 2138.38 22399.9 62.925
300 40 0.421 2056 21576.8 62.176
300 40 0.431 2026.99 21285.8 63.0859
300 40 0.441 1949.62 20513.4 64.7301
300 40 0.451 1889.64 19911.8 64.6815
300 40 0.461 1845.91 19476 64.4767
300 40 0.471 1794.11 18957.8 65.4087
300 40 0.481 1761.31 18630.6 67.2709
300 40 0.491 1718.14 18198.6 68.3901
300 40 0.501 1665.39 17671.6 68.4021
300 40 0.511 1642.13 17438.5 68.8434
300 40 0.521 1592 16940.8 68.9444
300 40 0.531 1558.12 16601.2 69.4246
300 40 0.541 1517.22 16194.2 70.4347
300 40 0.551 1485.15 15872.9 70.5227
300 40 0.561 1448.78 15509.7 70.4106
300 40 0.571 1416.52 15189.7 70.4583
300 40 0.581 1392.9 14954 71.1732
300 40 0.591 1354.64 14571.8 71.6564
300 40 0.601 1341.97 14447.1 69.3764
300 40 0.611 1306.14 14088.9 70.1726
300 40 0.621 1281.72 13846.6 70.801
300 40 0.631 1243.36 13464.5 72.1591
300 40 0.641 1223.67 13267.7 73.2272
300 40 0.651 1200.94 13041.5 72.6865
300 40 0.661 1181.98 12852.7 73.8294
300 40 0.671 1159.27 12627.2 74.675
300 40 0.681 1131.23 12347.5 75.4225
300 40 0.691 1116.33 12200 76.9649
300 40 0.701 1083.01 11869.4 77.206
300 40 0.711 1072.78 11766.5 78.3084
300 40 0.721 1057.28 11611.1 79.3821
300 40 0.731 1030.25 11344.8 79.7465
300 40 0.741 1002.94 11073.6 80.9798
300 40 0.751 1001.73 11061.1 81.5905
300 40 0.761 980.969 10853.7 83.0892
300 40 0.771 967.698 10722.3 83.5694
300 40 0.781 951.616 10563.4 84.4323
300 40 0.791 938.531 10433.5 85.9197
300 40 0.801 923.799 10286.7 86.6256
300 40 0.811 903.203 10083.7 87.1833
300 40 0.821 892.421 9977.01 87.9366
300 40 0.831 880.665 9859.58 89.5955
300 40 0.841 866.368 9716.59 90.9788
300 40 0.851 854.058 9595.56 91.7074
300 40 0.861 838.761 9444.55 92.9739
300 40 0.871 830.513 9362.12 93.8838
300 40 0.881 810.072 9161.62 94.6612
300 40 0.891 799.671 9056.71 96.0386
300 40 0.901 782.471 8887.08 97.7818
300 40 0.911 777.553 8837.91 98.5946
300 40 0.921 764.667 8712 99.847
300 40 0.931 752.841 8595.18 102.284
300 40 0.941 742.592 8493.99 103.604
300 40 0.951 735.622 8424.4 103.847
300 40 0.961 722.727 8296.98 104.649
300 40 0.971 712.591 8196.78 106.26
300 40 0.981 699.904 8072.31 109.615
300 40 0.991 693.691 8010.61 111.559
300 40 1.001 680.835 7884.13 113.239
300 40 1.011 673.693 7812.31 114.369
300 40 1.021 658.988 7670.11 114.998
300 40 1.031 653.918 7619.89 116.688
300 40 1.041 642.826 7509.86 118.307
300 40 1.051 634.211 7425.65 119.84
300 40 1.061 627.867 7363.04 120.968
300 40 1.071 621.837 7304.19 121.73
300 40 1.081 612.806 7215.02 123.045
300 40 1.091 609.658 7183.79 123.36
300 40 1.101 601.131 7100.65 125.302
300 40 1.111 596.288 7053.28 125.84
300 40 1.121 586.313 6954.99 126.032
300 40 1.131 583.452 6927.93 127.041
300 40 1.141 577.87 6872.5 128.197
300 40 1.151 572.343 6818.88 127.69
300 40 1.161 566.889 6765.36 129.196
300 40 1.171 564.872 6745.06 130.102
300 40 1.181 557.436 6672.25 129.698
300 40 1.191 551.569 6614.57 130.738
300 40 1.201 549.985 6598.92 130.736
300 40 1.211 546.618 6566.04 131.653
300 40 1.221 540.308 6504.4 132.227
300 40 1.231 534.067 6444.08 131.85
300 40 1.241 530.5 6408.72 132.347
300 40 1.251 527.537 6380.05 133.244
300 40 1.261 520.151 6308.71 133.262
300 40 1.271 520.908 6314.93 135.112
300 40 1.281 514.861 6256.55 133.777
300 40 1.291 510.262 6211.57 133.568
300 40 1.301 507.072 6181.02 133.688
300 40 1.311 502.57 6136.99 133.603
300 40 1.321 500.265 6114.13 134.355
300 40 1.331 496.924 6081.69 136.43
300 40 1.341 493.318 6046.7 136.419
300 40 1.351 490.463 6019.05 136.476
300 40 1.361 483.541 5952.01 134.138
300 40 1.371 482.591 5941.98 135.686
300 40 1.381 477.113 5889.46 135.074
300 40 1.391 477.131 5889.33 135.763
300 40 1.401 472.347 5842.98 135.799
300 40 1.411 467.748 5798.83 136.011
300 40 1.421 466.313 5784.71 135.905
300 40 1.431 463.601 5758.33 138.476
300 40 1.441 459.931 5722.54 138.148
300 40 1.451 458.807 5711.73 138.792
300 40 1.461 451.718 5643.64 137.566
300 40 1.471 451.11 5637.11 138.243
300 40 1.481 446.921 5597.19 137.369
300 40 1.491 443.79 5566.35 137.815
300 40 1.501 441.259 5542.53 137.17
300 40 1.511 438.564 5516.65 137.392
300 40 1.521 436.626 5497.57 137.289
300 40 1.531 434.112 5472.8 135.788
300 40 1.541 430.027 5434.22 134.239
300 40 1.551 427.89 5413.27 134.562
300 40 1.561 425.019 5385.45 134.611
300 40 1.571 421.152 5348.57 134.605
300 40 1.581 420.686 5344.02 134.859
300 40 1.591 417.212 5310.49 134.239
300 40 1.601 415.016 5289.67 132.926
300 40 1.611 413.713 5276.89 133.028
300 40 1.621 413.064 5270.33 132.74
300 40 1.631 410.42 5245.34 132.313
300 40 1.641 408.945 5230.85 131.406
300 40 1.651 406.449 5207.24 130.59
300 40 1.661 405.006 5193.38 130.532
300 40 1.671 403.424 5178.26 130.458
300 40 1.681 400.869 5153.76 130.852
300 40 1.691 399.956 5144.81 130.828
300 40 1.701 399.049 5136.15 130.371
300 40 1.711 396.971 5116.4 129.075
300 40 1.721 395.95 5106.39 127.904
300 40 1.731 393.71 5085.22 127.415
300 40 1.741 391.379 5062.91 123.984
300 40 1.751 390.786 5057.17 123.701
300 40 1.761 387.472 5025.63 122.071
300 40 1.771 386.012 5011.65 121.606
300 40 1.781 384.128 4993.67 120.535
300 40 1.791 382.221 4975.55 119.437
300 40 1.801 380.579 4959.9 118.465
300 40 1.811 378.864 4943.53 117.551
300 40 1.821 377.88 4934.08 119.121
300 40 1.831 376.283 4918.78 119.443
300 40 1.841 374.614 4903 118.548
300 40 1.851 372.789 4885.52 117.365
300 40 1.861 370.942 4868.14 116.347
300 40 1.871 369.502 4854.31 115.599
300 40 1.881 368.208 4842.08 114.913
300 40 1.891 364.928 4811.04 112.153
300 40 1.901 364.12 4803.33 111.449
300 40 1.911 362.913 4791.93 110.77
300 40 1.921 360.633 4770.18 109.098
300 40 1.931 359.021 4755.02 108.027
300 40 1.941 357.983 4745.02 103.404
300 40 1.951 356.099 4727.34 100.618
300 40 1.961 354.005 4707.59 98.9001
300 40 1.971 352.633 4694.54 98.8678
300 40 1.981 350.873 4677.9 96.6356
300 40 1.991 349.442 4664.34 95.0809
400 10 0.001 3907.22 43170.4 2.814
400 10 0.011 3875.24 42801.9 2.5923
400 10 0.021 3849.21 42503.5 3.07
400 10 0.031 3812.78 42083.8 3.5733
400 10 0.041 3776.69 41664.8 4.5037
400 10 0.051 3745.29 41300.9 6.739
400 10 0.061 3708.16 40873.5 7.6082
400 10 0.071 3655.19 40272.9 8.5252
400 10 0.081 3619.63 39868.2 9.0154
400 10 0.091 3590.2 39523.2 9.925
400 10 0.101 3530.54 38857.2 10.6078
400 10 0.111 3504.19 38550.5 11.4662
400 10 0.121 3462.04 38064 12.622
400 10 0.131 3421.98 37613.6 13.4376
400 10 0.141 3375.83 37085.8 14.3982
400 10 0.151 3330.16 36568.1 15.3536
400 10 0.161 3309.44 36332.6 15.14
400 10 0.171 3252.83 35703.7 15.2864
400 10 0.181 3212.17 35239.6 16.9702
400 10 0.191 3153.89 34582.6 20.8114
400 10 0.201 3130.53 34320.8 21.3208
400 10 0.211 3082.28 33776.8 22.6386
400 10 0.221 3056.06 33474.3 23.4696
400 10 0.231 3008.75 32944.2 24.249
400 10 0.241 2979.26 32623.2 25.1897
400 10 0.251 2915.78 31917.8 26.6518
400 10 0.261 2887.55 31599.4 27.6928
400 10 0.271 2849.58 31167.5 29.2765
400 10 0.281 2803.65 30671.9 30.3376
400 10 0.291 2767.96 30263.3 31.6655
400 10 0.301 2724.27 29792.9 33.0138
400 10 0.311 2699.15 29497 34.6655
400 10 0.321 2651.88 28985.2 35.9906
400 10 0.331 2612.52 28549.9 37.3702
400 10 0.341 2576.73 28162.1 38.5355
400 10 0.351 2546.95 27829 39.9208
400 10 0.361 2509.41 27418.6 41.4015
400 10 0.371 2478.22 27072.5 42.6714
400 10 0.381 2425.8 26498.9 44.6125
400 10 0.391 2407.21 26303.3 46.0347
400 10 0.401 2380.47 25999.7 47.3807
400 10 0.411 2326.5 25420.3 49.0108
400 10 0.421 2304.95 25180.4 50.3402
400 10 0.431 2248.55 24573.7 51.8565
400 10 0.441 2236.2 24437.6 53.1903
400 10 0.451 2191.61 23962.9 54.5921
400 10 0.461 2168.76 23707.1 56.502
400 10 0.471 2154.12 23546.9 57.956
400 10 0.481 2111.84 23088.5 59.7726
400 10 0.491 2073.83 22683.7 60.2786
400 10 0.501 2057.69 22515.4 58.771
400 10 0.511 2020.47 22116.6 60.0962
400 10 0.521 1982.12 21707.1 62.1361
400 10 0.531 1954.13 21407.7 63.6179
400 10 0.541 1926.73 21124.4 65.4627
400 10 0.551 1909.7 20930.3 67.4149
400 10 0.561 1865.68 20469.9 68.9227
400 10 0.571 1853.54 20334.7 71.6858
400 10 0.581 1816.83 19950.2 73.2172
400 10 0.591 1787.7 19640.2 74.1116
400 10 0.601 1765.46 19406.8 75.5811
400 10 0.611 1734.06 19072.6 80.1632
400 10 0.621 1712.03 18850.6 81.851
400 10 0.631 1680.68 18514.9 84.435
400 10 0.641 1673.98 18439.8 85.2407
400 10 0.651 1656.05 18254.5 84.2476
400 10 0.661 1617.66 17852.7 86.2917
400 10 0.671 1590.42 17565.3 88.4871
400 10 0.681 1571.58 17373.9 90.088
400 10 0.691 1555.91 17212.4 92.1549
400 10 0.701 1516.6 16799.6 93.9694
400 10 0.711 1504.53 16674.7 95.802
400 10 0.721 1475.42 16374.5 97.5292
400 10 0.731 1465.07 16271.1 99.051
400 10 0.741 1444.34 16054 101.058
400 10 0.751 1425.85 15860.8 103.485
400 10 0.761 1412.4 15725.2 104.991
400 10 0.771 1385.8 15449.9 106.931
400 10 0.781 1353.19 15115.2 108.6
400 10 0.791 1342.87 15006.3 110.373
400 10 0.801 1335.3 14928.6 112.122
400 10 0.811 1313.63 14708.9 113.535
400 10 0.821 1292.55 14494.8 116.077
400 10 0.831 1277.48 14338.5 117.518
400 10 0.841 1257.3 14132.6 119.511
400 10 0.851 1239.49 13951.7 121.789
400 10 0.861 1223.79 13791.3 123.805
400 10 0.871 1216.53 13718.9 125.506
400 10 0.881 1193.16 13483.7 127.52
400 10 0.891 1176.24 13312.7 130.024
400 10 0.901 1159.66 13143.6 131.761
400 10 0.911 1144.28 12987.3 133.953
400 10 0.921 1129.04 12832.9 136.806
400 10 0.931 1121 12753.6 138.467
400 10 0.941 1093.99 12484.5 139.316
400 10 0.951 1081.27 12353.9 139.405
400 10 0.961 1064.35 12184.4 145.483
400 10 0.971 1050.12 12042.4 148.232
400 10 0.981 1048.29 12020.2 151.22
400 10 0.991 1028.5 11824.6 152.915
400 10 1.001 1018.49 11724.2 152.498
400 10 1.011 994.951 11488.4 155.276
400 10 1.021 974.72 11289.2 158.157
400 10 1.031 969.258 11234.9 160.892
400 10 1.041 956.66 11108.7 162.264
400 10 1.051 953.277 11073.9 165.901
400 10 1.061 936.314 10906.4 167.771
400 10 1.071 926.961 10813.5 170.304
400 10 1.081 916.144 10706.5 174.298
400 10 1.091 902.563 10573.4 171.658
400 10 1.101 899.087 10537.4 172.318
400 10 1.111 887.026 10417 174.727
400 10 1.121 880.736 10356.6 175.875
400 10 1.131 871.905 10269.3 177.335
400 10 1.141 862.156 10172.2 178.431
400 10 1.151 855.705 10109.5 181.095
400 10 1.161 849.972 10052.4 184.875
400 10 1.171 843.558 9987.66 186.197
400 10 1.181 834.489 9899.8 186.626
400 10 1.191 828.293 9838.77 185.572
400 10 1.201 818.675 9744.18 184.168
400 10 1.211 814.884 9707.49 185.454
400 10 1.221 806.749 9626.2 185.868
400 10 1.231 797.5 9535.72 185.617
400 10 1.241 791.891 9481.39 186.022
400 10 1.251 790.683 9468.68 187.787
400 10 1.261 786.166 9424.79 188.028
400 10 1.271 775.362 9318.54 188.03
400 10 1.281 770.711 9273.37 188.857
400 10 1.291 766.946 9236.89 188.854
400 10 1.301 761.942 9187.82 189.672
400 10 1.311 756.093 9129.98 190.851
400 10 1.321 749.155 9062.75 190.206
400 10 1.331 742.908 9002.82 190.84
400 10 1.341 733.439 8911.22 190.304
400 10 1.351 733.405 8909.9 191.535
400 10 1.361 727.641 8853.38 192.191
400 10 1.371 724.327 8821.32 193.179
400 10 1.381 717.469 8754.91 192.178
400 10 1.391 711.749 8698.44 193.338
400 10 1.401 704.804 8631.71 193.418
400 10 1.411 702.244 8606.65 195.545
400 10 1.421 696.904 8554.15 198.882
400 10 1.431 695.078 8536.27 199.343
400 10 1.441 688.477 8472.95 197.726
400 10 1.451 684.14 8431.84 196.122
400 10 1.461 676.485 8357.23 197.218
400 10 1.471 675.462 8346.87 199.182
400 10 1.481 670.562 8299.24 197.542
400 10 1.491 664.277 8239.1 195.758
400 10 1.501 663.407 8230.3 197.298
400 10 1.511 657.247 8170.86 196.233
400 10 1.521 652.988 8129.54 195.889
400 10 1.531 649.131 8092.14 195.442
400 10 1.541 645.255 8055.06 197.668
400 10 1.551 640.787 8012.16 198.36
400 10 1.561 637.135 7977.04 198.357
400 10 1.571 632.47 7931.37 199.41
400 10 1.581 627.936 7887.78 195.741
400 10 1.591 622.201 7833.22 194.025
400 10 1.601 622.031 7831.44 194.814
400 10 1.611 619.157 7803.94 193.892
400 10 1.621 617.259 7785.52 192.623
400 10 1.631 616.591 7779.06 193.608
400 10 1.641 612.23 7737.51 191.254
400 10 1.651 610.602 7721.31 191.608
400 10 1.661 608.438 7701.23 190.884
400 10 1.671 605.786 7675.47 193.401
400 10 1.681 602.615 7644.78 191.475
400 10 1.691 598.427 7605.12 186.051
400 10 1.701 595.21 7574.31 184.812
400 10 1.711 595.039 7572.14 185.743
400 10 1.721 591.808 7541.58 185.662
400 10 1.731 589.136 7516.06 187.047
400 10 1.741 586.03 7486.35 187.365
400 10 1.751 583.892 7465.57 185.616
400 10 1.761 580.74 7435.9 183.606
400 10 1.771 578.684 7416.11 183.006
400 10 1.781 576.251 7393.03 182.52
400 10 1.791 574.413 7375.39 181.241
400 10 1.801 570.883 7341.56 180.042
400 10 1.811 569.065 7324.51 178.567
400 10 1.821 564.967 7285.54 176.21
400 10 1.831 562.693 7263.45 175.847
400 10 1.841 561.859 7255.55 175.058
400 10 1.851 557.731 7216.43 173.11
400 10 1.861 555.32 7193.62 171.154
400 10 1.871 552.487 7166.84 168.581
400 10 1.881 550.331 7146.16 166.166
400 10 1.891 547.229 7116.69 166.034
400 10 1.901 544.907 7094.72 164.729
400 10 1.911 543.782 7083.94 164.17
400 10 1.921 541.141 7058.98 160.926
400 10 1.931 538.396 7032.79 153.717
400 10 1.941 535.169 7002.52 150.27
400 10 1.951 532.96 6981.5 148.868
400 10 1.961 530.901 6961.91 146.886
400 10 1.971 527.616 6931 143.128
400 10 1.981 525.959 6915.4 142.298
400 10 1.991 523.272 6889.97 139.851
400 20 0.001 7611.26 80108.5 6.5482
400 20 0.011 7483.93 78743.2 9.9979
400 20 0.021 7360.29 77415.8 13.1868
400 20 0.031 7231.32 76035 16.0747
400 20 0.041 7087.66 74500.3 20.088
400 20 0.051 6920.42 72719.1 21.8507
400 20 0.061 6773.56 71147.3 28.1334
400 20 0.071 6648.12 69804.4 29.0695
400 20 0.081 6480.18 68017.8 27.981
400 20 0.091 6369.58 66839.3 27.374
400 20 0.101 6185.47 64885.2 22.9582
400 20 0.111 6030.41 63248.8 23.7345
400 20 0.121 5904.66 61916.9 24.8223
400 20 0.131 5762.63 60409 26.7109
400 20 0.141 5605.99 58753.6 28.3135
400 20 0.151 5499.71 57626.6 29.095
400 20 0.161 5368.93 56244 31.7142
400 20 0.171 5225.54 54744.1 32.6379
400 20 0.181 5126.26 53690.1 34.5682
400 20 0.191 4959.46 51948.1 35.4545
400 20 0.201 4870.75 51013.7 36.7871
400 20 0.211 4744.99 49696 38.1556
400 20 0.221 4631.15 48506.4 40.2019
400 20 0.231 4520.59 47341.1 46.3817
400 20 0.241 4406.42 46161.2 42.6674
400 20 0.251 4310.68 45149.8 44.3334
400 20 0.261 4159.01 43582.9 50.5159
400 20 0.271 4076.2 42723.8 52.0497
400 20 0.281 3956.56 41468.1 53.2654
400 20 0.291 3847.53 40342.8 54.3327
400 20 0.301 3757.92 39409.2 55.4771
400 20 0.311 3703.42 38852 56.8711
400 20 0.321 3588.67 37664.9 58.0498
400 20 0.331 3489.37 36630.2 59.4464
400 20 0.341 3399.81 35711.9 60.4901
400 20 0.351 3342.01 35117.3 61.8322
400 20 0.361 3265.31 34332.8 62.6983
400 20 0.371 3177.17 33425.9 60.0021
400 20 0.381 3127.72 32906 61.291
400 20 0.391 3042.13 32037.8 62.2197
400 20 0.401 2955.97 31153.9 66.3394
400 20 0.411 2889.52 30474.6 69.1042
400 20 0.421 2829.78 29862.8 69.9949
400 20 0.431 2755.07 29103 71.0877
400 20 0.441 2720.17 28742.5 72.4519
400 20 0.451 2643.68 27967 73.4429
400 20 0.461 2564.98 27167.3 74.6385
400 20 0.471 2500.84 26516.5 75.8144
400 20 0.481 2458.18 26077.9 76.9049
400 20 0.491 2411.6 25607.4 78.1477
400 20 0.501 2354.62 25033 79.3129
400 20 0.511 2324.18 24721.1 80.8694
400 20 0.521 2276.86 24242.3 82.1533
400 20 0.531 2201.39 23484.4 82.8774
400 20 0.541 2170.15 23165.9 84.4744
400 20 0.551 2136.63 22824.6 85.9847
400 20 0.561 2071.4 22170.7 86.1803
400 20 0.571 2030.93 21759.6 87.5251
400 20 0.581 1971.08 21161.7 88.7058
400 20 0.591 1952.84 20976.6 90.0379
400 20 0.601 1919.09 20636.9 91.3418
400 20 0.611 1876.22 20205.4 92.7387
400 20 0.621 1839.21 19833.2 94.1159
400 20 0.631 1815.54 19596.3 94.9778
400 20 0.641 1790.35 19343.7 96.0962
400 20 0.651 1739.96 18838 97.2255
400 20 0.661 1698.15 18418.5 98.9778
400 20 0.671 1676.84 18206 100.278
400 20 0.681 1644.07 17878.5 101.26
400 20 0.691 1618.23 17620.4 102.02
400 20 0.701 1594.13 17380.6 102.937
400 20 0.711 1566.17 17099.8 104.363
400 20 0.721 1530.56 16746.6 105.753
400 20 0.731 1499.21 16433.4 106.73
400 20 0.741 1483.4 16276.8 107.821
400 20 0.751 1459.11 16032.6 109.215
400 20 0.761 1443.29 15876.7 111.29
400 20 0.771 1412.75 15571.7 112.197
400 20 0.781 1384.53 15292.3 113.277
400 20 0.791 1367.82 15123.7 115.123
400 20 0.801 1344.24 14888.6 116.376
400 20 0.811 1318 14628.6 117.542
400 20 0.821 1297.84 14428.9 119.223
400 20 0.831 1281.44 14265.4 121.354
400 20 0.841 1251.4 13967.9 122.811
400 20 0.851 1240.08 13856.8 124.11
400 20 0.861 1227.12 13727.2 125.557
400 20 0.871 1202.42 13482.3 126.669
400 20 0.881 1178.09 13240.9 127.615
400 20 0.891 1165.44 13116.2 129.692
400 20 0.901 1145.52 12918.9 130.978
400 20 0.911 1144.91 12913.5 132.586
400 20 0.921 1117.84 12644.6 134.985
400 20 0.931 1100.38 12473.5 136.191
400 20 0.941 1086.45 12335 138.149
400 20 0.951 1068.11 12153.4 140.119
400 20 0.961 1047.14 11948 141.68
400 20 0.971 1044.69 11922.6 144.17
400 20 0.981 1026.21 11740.1 145.684
400 20 0.991 1004.51 11526.3 147.848
400 20 1.001 993.263 11415.5 150.336
400 20 1.011 982.072 11305.3 153.421
400 20 1.021 964.223 11130.5 155.987
400 20 1.031 956.385 11053.3 158.491
400 20 1.041 939.926 10891.8 160.648
400 20 1.051 931.401 10807.7 162.17
400 20 1.061 920.358 10697.9 163.833
400 20 1.071 906.384 10559.9 165.714
400 20 1.081 895.657 10454.8 167.555
400 20 1.091 888.347 10384.5 169.233
400 20 1.101 877.467 10277 169.649
400 20 1.111 874.937 10251.5 172.662
400 20 1.121 857.685 10084.3 171.676
400 20 1.131 851.588 10023.4 173.764
400 20 1.141 850.005 10006.9 175.326
400 20 1.151 834.657 9855.93 175.343
400 20 1.161 835.967 9869.84 177.643
400 20 1.171 820.858 9720.62 177.898
400 20 1.181 812.382 9638.99 178.441
400 20 1.191 806.285 9578.43 179.69
400 20 1.201 799.366 9511.45 180.217
400 20 1.211 795.854 9476.37 180.083
400 20 1.221 791.161 9430.32 182.131
400 20 1.231 779.887 9320.72 181.664
400 20 1.241 777.408 9296.23 182.779
400 20 1.251 767.961 9204.24 182.762
400 20 1.261 764.867 9174.06 184.094
400 20 1.271 758.249 9109.67 185.074
400 20 1.281 753.576 9064 185.749
400 20 1.291 746.882 8998.99 185.065
400 20 1.301 742.147 8952.73 190.665
400 20 1.311 737.169 8904.23 191.185
400 20 1.321 729.73 8831.51 190.616
400 20 1.331 721.971 8756.76 189.111
400 20 1.341 720.418 8740.26 187.565
400 20 1.351 713.769 8676.61 188.688
400 20 1.361 708.781 8627.51 188.409
400 20 1.371 703.725 8579.55 188.956
400 20 1.381 698.695 8530.26 190.253
400 20 1.391 693.174 8476.69 188.736
400 20 1.401 687.584 8423.37 190.052
400 20 1.411 687.325 8419.75 190.511
400 20 1.421 679.473 8344.07 190.531
400 20 1.431 674.372 8294.01 190.518
400 20 1.441 667.689 8229.89 189.994
400 20 1.451 667.432 8226.69 190.932
400 20 1.461 663.121 8185.16 191.513
400 20 1.471 659.45 8149.66 191.719
400 20 1.481 652.707 8085.17 191.151
400 20 1.491 651.408 8071.79 192.371
400 20 1.501 642.818 7989.27 193.516
400 20 1.511 639.593 7958.23 193.247
400 20 1.521 634.67 7910.46 190.286
400 20 1.531 631.08 7875.91 190.225
400 20 1.541 628.929 7855.2 190.881
400 20 1.551 627.07 7836.97 191.782
400 20 1.561 619.341 7763.25 189.358
400 20 1.571 617.837 7748.78 190.437
400 20 1.581 613.356 7705.51 189.681
400 20 1.591 607.621 7650.22 189.083
400 20 1.601 606.281 7637.51 188.431
400 20 1.611 605.696 7631.72 188.401
400 20 1.621 602.072 7596.75 187.452
400 20 1.631 598.157 7559.83 186.32
400 20 1.641 594.974 7528.72 185.036
400 20 1.651 593.119 7511.3 184.456
400 20 1.661 591.5 7495.5 183.747
400 20 1.671 589.404 7475.35 183.705
400 20 1.681 585.453 7437.64 182.449
400 20 1.691 583.092 7414.98 181.008
400 20 1.701 580.152 7387.04 179.868
400 20 1.711 579.23 7377.86 179.915
400 20 1.721 576.459 7351.66 178.552
400 20 1.731 573.391 7322.1 177.587
400 20 1.741 571.002 7299.37 176.814
400 20 1.751 569.24 7282.2 175.581
400 20 1.761 567.131 7262.28 175.177
400 20 1.771 564.342 7235.47 176.271
400 20 1.781 562.353 7216.3 174.678
400 20 1.791 559.067 7185.58 175.635
400 20 1.801 555.796 7154.25 174.859
400 20 1.811 553.501 7132.5 173.168
400 20 1.821 551.129 7109.49 172.359
400 20 1.831 548.762 7087.1 167.036
400 20 1.841 546.765 7068.26 165.42
400 20 1.851 543.939 7041.34 164.257
400 20 1.861 541.561 7018.54 162.108
400 20 1.871 539.318 6997.43 161.081
400 20 1.881 535.989 6965.73 157.667
400 20 1.891 532.912 6936.98 156.688
400 20 1.901 530.502 6913.87 154.569
400 20 1.911 530.026 6909.03 153.191
400 20 1.921 526.262 6873.43 151
400 20 1.931 524.056 6852.79 149.185
400 20 1.941 521.435 6827.67 147.445
400 20 1.951 519.963 6813.69 146.21
400 20 1.961 517.603 6791.47 144.8
400 20 1.971 515.23 6769.05 144.812
400 20 1.981 512.19 6740.41 146.699
400 20 1.991 509.969 6719.3 144.566
400 30 0.001 11110.9 115002 5.4387
400 30 0.011 10861.4 112390 10.7797
400 30 0.021 10568 109316 17.9348
400 30 0.031 10258 106076 25.1956
400 30 0.041 10003.5 103413 32.0975
400 30 0.051 9670.96 99942.7 36.3259
400 30 0.061 9319.42 96292.8 40.9898
400 30 0.071 9033.91 93306.5 42.0493
400 30 0.081 8737.78 90224 40.8336
400 30 0.091 8488.78 87636.4 42.5616
400 30 0.101 8168.39 84312 46.0757
400 30 0.111 7908.34 81619 47.5295
400 30 0.121 7696.51 79418.9 48.6924
400 30 0.131 7362.69 75974.2 50.7054
400 30 0.141 7163.42 73903.9 51.5961
400 30 0.151 6925.44 71452 53.2824
400 30 0.161 6666.77 68777.3 55.4844
400 30 0.171 6467.78 66735.6 62.2436
400 30 0.181 6158.31 63560 67.183
400 30 0.191 5978.78 61708.3 69.1816
400 30 0.201 5818.06 60058.3 68.9443
400 30 0.211 5607.77 57899.4 70.2276
400 30 0.221 5381.15 55582 70.6922
400 30 0.231 5234.26 54080 71.5409
400 30 0.241 5040.01 52098.5 72.0145
400 30 0.251 4873.19 50397 73.058
400 30 0.261 4763.07 49265.2 73.5681
400 30 0.271 4592.29 47529.5 74.0557
400 30 0.281 4425.38 45825.6 74.4571
400 30 0.291 4251.72 44064.1 74.2764
400 30 0.301 4137.14 42901.6 73.8844
400 30 0.311 4029.73 41811.4 75.0216
400 30 0.321 3879.5 40290.1 73.0068
400 30 0.331 3817.46 39661.1 70.4037
400 30 0.341 3668.09 38147.9 70.7918
400 30 0.351 3552.15 36972.4 71.3318
400 30 0.361 3463.96 36085.2 71.84
400 30 0.371 3316.69 34593.5 71.7516
400 30 0.381 3235.34 33776.3 74.6774
400 30 0.391 3136.3 32777.7 76.1587
400 30 0.401 3074.23 32150.8 76.6951
400 30 0.411 2991.2 31316 77.339
400 30 0.421 2911.96 30516.5 78.0279
400 30 0.431 2820.3 29596.2 78.7355
400 30 0.441 2745.1 28841.9 78.6388
400 30 0.451 2693.31 28320.6 79.2537
400 30 0.461 2616.83 27554.5 80.0607
400 30 0.471 2534.34 26727.7 78.3712
400 30 0.481 2486.19 26243.4 79.4283
400 30 0.491 2416.71 25546.8 79.5689
400 30 0.501 2371.4 25093.6 80.74
400 30 0.511 2299.05 24369.2 80.87
400 30 0.521 2254.61 23923.9 82.0392
400 30 0.531 2211.76 23495.5 84.7949
400 30 0.541 2149.41 22873 85.0903
400 30 0.551 2104.95 22427.6 87.0143
400 30 0.561 2041.95 21797.8 87.4217
400 30 0.571 2018.13 21559 88.3028
400 30 0.581 1967.37 21053.5 90.9161
400 30 0.591 1920.5 20585.7 91.6868
400 30 0.601 1888.17 20262.7 92.542
400 30 0.611 1833.94 19722.4 92.9896
400 30 0.621 1824.71 19630.6 92.0202
400 30 0.631 1778.88 19174.3 92.3945
400 30 0.641 1739.15 18776.1 94.1765
400 30 0.651 1703.79 18425.8 94.7212
400 30 0.661 1681.74 18205.7 96.0582
400 30 0.671 1643.52 17826.4 98.3719
400 30 0.681 1615.4 17545 98.7357
400 30 0.691 1571.38 17107 99.6395
400 30 0.701 1551.79 16911.4 100.94
400 30 0.711 1512.77 16524.1 102.237
400 30 0.721 1491.92 16316.6 103.355
400 30 0.731 1472.87 16127.9 104.796
400 30 0.741 1454.63 15946.6 105.869
400 30 0.751 1413.08 15534.1 107.048
400 30 0.761 1392.12 15325.1 108.954
400 30 0.771 1358.94 14998.2 109.707
400 30 0.781 1356.6 14975.9 111.103
400 30 0.791 1314.46 14555.1 112.726
400 30 0.801 1308.84 14499.7 113.731
400 30 0.811 1281.91 14232.7 114.777
400 30 0.821 1273.49 14148.3 116.286
400 30 0.831 1245.06 13867.7 117.912
400 30 0.841 1224.74 13665.1 119.148
400 30 0.851 1204.92 13469.7 120.467
400 30 0.861 1190.64 13327.9 122.378
400 30 0.871 1166.39 13088.2 124.226
400 30 0.881 1158.5 13010.1 125.34
400 30 0.891 1140.93 12835.5 127.577
400 30 0.901 1117.91 12608.4 127.739
400 30 0.911 1096.53 12397.9 129.868
400 30 0.921 1093.01 12360.8 132.486
400 30 0.931 1067.68 12111.9 133.504
400 30 0.941 1055.14 11988.2 135.686
400 30 0.951 1043.71 11876.6 138.804
400 30 0.961 1025 11692.1 138.958
400 30 0.971 1016.62 11607.2 140.183
400 30 0.981 995.923 11404.9 142.841
400 30 0.991 976.696 11214.9 145.436
400 30 1.001 970.142 11151.3 148.331
400 30 1.011 960.647 11056.2 153.915
400 30 1.021 940.84 10860.6 157.11
400 30 1.031 928.789 10743 159.483
400 30 1.041 918.724 10642.1 161.283
400 30 1.051 909.928 10557.1 162.977
400 30 1.061 895.429 10413.8 164.41
400 30 1.071 884.119 10303.7 165.261
400 30 1.081 866.86 10134.8 168.262
400 30 1.091 860.096 10066.8 169.533
400 30 1.101 859.624 10063 170.832
400 30 1.111 846.905 9938.17 171.842
400 30 1.121 838.6 9857.15 173.055
400 30 1.131 835.03 9820.43 174.562
400 30 1.141 823.56 9708.53 170.802
400 30 1.151 814.17 9617.48 171.183
400 30 1.161 809.902 9574.41 171.34
400 30 1.171 801.247 9490.06 172.18
400 30 1.181 790.502 9385.31 172.799
400 30 1.191 787.025 9351.32 174.617
400 30 1.201 778.58 9268.58 175.287
400 30 1.211 770.591 9190.45 176.057
400 30 1.221 769.522 9178.85 176.738
400 30 1.231 760.561 9092.42 177.663
400 30 1.241 755.792 9045.82 177.752
400 30 1.251 752.304 9011.32 178.34
400 30 1.261 746.665 8957.15 180.779
400 30 1.271 738.054 8873.01 182.563
400 30 1.281 731.365 8807.52 185.093
400 30 1.291 729.948 8793.26 184.805
400 30 1.301 720.072 8697.78 184.258
400 30 1.311 715.124 8648.94 186.043
400 30 1.321 710.602 8604.64 186.118
400 30 1.331 707.701 8577.24 187.227
400 30 1.341 701.892 8519.82 187.856
400 30 1.351 696.03 8462.53 187.401
400 30 1.361 689.896 8403.6 187.637
400 30 1.371 685.189 8358.8 184.908
400 30 1.381 680.862 8315.87 185.244
400 30 1.391 676.629 8274.89 185.577
400 30 1.401 671.476 8224.89 185.835
400 30 1.411 666.056 8172.22 186.723
400 30 1.421 666.125 8173.35 187.237
400 30 1.431 656.31 8077.91 185.935
400 30 1.441 651.196 8028.24 185.952
400 30 1.451 648.459 8002.59 186.546
400 30 1.461 645.888 7977.07 186.852
400 30 1.471 639.352 7914.39 186.474
400 30 1.481 634.66 7868.5 186.433
400 30 1.491 634.231 7864.63 187.906
400 30 1.501 626.595 7790.59 187.522
400 30 1.511 624.794 7773.01 188.225
400 30 1.521 620.717 7734.39 187.668
400 30 1.531 615.019 7678.76 188.144
400 30 1.541 609.738 7628.94 189.584
400 30 1.551 608.645 7618.23 187.577
400 30 1.561 602.91 7562.86 186.378
400 30 1.571 601.139 7545.76 186.496
400 30 1.581 598.981 7524.86 190.056
400 30 1.591 591.17 7450 187.305
400 30 1.601 592.016 7457.56 185.247
400 30 1.611 588.366 7422.74 184.812
400 30 1.621 586.545 7405.32 184.1
400 30 1.631 583.1 7372.33 182.928
400 30 1.641 581.278 7353.91 183.09
400 30 1.651 578.808 7330.94 181.854
400 30 1.661 577.478 7318.2 181.67
400 30 1.671 574.729 7291.33 180.421
400 30 1.681 569.461 7241.55 177.794
400 30 1.691 568.417 7231.33 178.03
400 30 1.701 565.245 7200.92 176.326
400 30 1.711 565.523 7203.22 176.985
400 30 1.721 562.598 7175.46 176.108
400 30 1.731 557.992 7131.38 174.276
400 30 1.741 557.67 7128.79 173.274
400 30 1.751 553.821 7092.07 171.941
400 30 1.761 552.447 7078.49 171.504
400 30 1.771 549.491 7050.59 170.403
400 30 1.781 546.467 7021.63 168.904
400 30 1.791 543.593 6994.27 167.22
400 30 1.801 542.258 6981.29 166.473
400 30 1.811 538.486 6945.59 164.548
400 30 1.821 536.413 6925.7 163.343
400 30 1.831 534.726 6909.76 162.729
400 30 1.841 532.704 6890.43 161.177
400 30 1.851 529.719 6862.07 159.17
400 30 1.861 525.855 6825.5 156.67
400 30 1.871 525.258 6819.57 156.359
400 30 1.881 521.922 6788.1 154.473
400 30 1.891 519.594 6765.9 152.741
400 30 1.901 517.43 6745.32 150.761
400 30 1.911 515 6722.39 148.859
400 30 1.921 512.605 6699.58 147.594
400 30 1.931 510.373 6678.54 145.767
400 30 1.941 507.481 6651.18 142.65
400 30 1.951 505.854 6635.52 141.521
400 30 1.961 503.719 6615.47 140.101
400 30 1.971 500.898 6588.82 138.23
400 30 1.981 498.838 6569.27 135.78
400 30 1.991 496.511 6547.46 133.834
400 40 0.001 14402.8 147817 365.368
400 40 0.011 13974.3 143377 354.473
400 40 0.021 13506.2 138536 343.786
400 40 0.031 12961.7 132914 328.091
400 40 0.041 12426.2 127385 303.547
400 40 0.051 11925.6 122215 292.834
400 40 0.061 11472 117547 286.969
400 40 0.071 10995.3 112631 272.785
400 40 0.081 10499.6 107539 258.666
400 40 0.091 10071.5 103138 249.538
400 40 0.101 9615.88 98465 222.083
400 40 0.111 9205.76 94256.7 200.584
400 40 0.121 8866.17 90782.4 189.832
400 40 0.131 8461.61 86642.2 177.552
400 40 0.141 8119.79 83144.6 192.647
400 40 0.151 7731.35 79186.9 182.856
400 40 0.161 7393.06 75732.5 172.889
400 40 0.171 7061.62 72367 165.91
400 40 0.181 6782.56 69526.6 158.034
400 40 0.191 6530.02 66954.4 150.967
400 40 0.201 6214.55 63746.6 142.608
400 40 0.211 5997.15 61544.1 138.841
400 40 0.221 5715.65 58692.4 131.726
400 40 0.231 5539.03 56900.2 127.874
400 40 0.241 5291.5 54396.5 121.255
400 40 0.251 5051.02 51962.1 116.205
400 40 0.261 4907.27 50520.6 114.713
400 40 0.271 4653.3 47948.5 108.749
400 40 0.281 4511.2 46523.1 106.1
400 40 0.291 4351.84 44909.5 103.669
400 40 0.301 4203.78 43422.3 101.181
400 40 0.311 4039.29 41768.4 99.3466
400 40 0.321 3957.66 40945.5 98.8933
400 40 0.331 3804.14 39401.7 95.8932
400 40 0.341 3660.19 37956.4 93.4533
400 40 0.351 3559.8 36946.1 92.7405
400 40 0.361 3443.05 35775.2 90.7554
400 40 0.371 3296.23 34303.6 89.5788
400 40 0.381 3224.95 33589.7 79.9376
400 40 0.391 3124.92 32586 87.5276
400 40 0.401 3062.82 31961.7 87.7619
400 40 0.411 2959.27 30926.7 87.022
400 40 0.421 2853.11 29864.9 86.6663
400 40 0.431 2771.74 29050.4 86.1565
400 40 0.441 2718.12 28514 86.6117
400 40 0.451 2615.67 27488.9 80.7595
400 40 0.461 2567.93 27012.1 80.7134
400 40 0.471 2492.54 26255.8 81.7211
400 40 0.481 2422.68 25559 81.9727
400 40 0.491 2355.39 24887.1 82.1274
400 40 0.501 2303.47 24369.8 82.318
400 40 0.511 2240.08 23737.7 83.124
400 40 0.521 2219.73 23534.5 82.2912
400 40 0.531 2152.94 22867.5 82.6975
400 40 0.541 2084.77 22187.4 83.4825
400 40 0.551 2058.36 21923.7 84.1314
400 40 0.561 2018.95 21529.4 84.8094
400 40 0.571 1956.62 20909 85.4898
400 40 0.581 1923.2 20576.6 86.9721
400 40 0.591 1882.29 20166.7 92.0027
400 40 0.601 1831.23 19659.9 92.7397
400 40 0.611 1811.74 19465.4 94.1298
400 40 0.621 1752.69 18875.8 93.0915
400 40 0.631 1723.21 18583.1 91.1826
400 40 0.641 1684.58 18198.1 91.9894
400 40 0.651 1647.72 17830.8 93.9585
400 40 0.661 1629.11 17648 95.7233
400 40 0.671 1604.15 17396.8 96.8414
400 40 0.681 1561.73 16977.7 97.5105
400 40 0.691 1540.5 16765.1 98.3459
400 40 0.701 1517.21 16534 98.7869
400 40 0.711 1475.66 16121.3 100.524
400 40 0.721 1450.35 15868.5 101.72
400 40 0.731 1425.87 15625.1 103.371
400 40 0.741 1423.5 15603.3 104.537
400 40 0.751 1368.83 15059.1 105.003
400 40 0.761 1368.71 15059.2 106.049
400 40 0.771 1348.1 14853.6 107.977
400 40 0.781 1330.07 14675.5 109.535
400 40 0.791 1287.6 14253.2 110.806
400 40 0.801 1274.33 14120.5 112.259
400 40 0.811 1249.13 13870.2 112.881
400 40 0.821 1230.66 13687.1 115.025
400 40 0.831 1205.41 13437.2 116.667
400 40 0.841 1191 13294.9 117.862
400 40 0.851 1178.52 13169.6 118.94
400 40 0.861 1172.23 13108.5 120.728
400 40 0.871 1139.23 12783 122.623
400 40 0.881 1118.51 12578 124.265
400 40 0.891 1108.1 12475.2 123.365
400 40 0.901 1086.58 12260.8 125.187
400 40 0.911 1073.74 12133.7 128.282
400 40 0.921 1061.45 12013.7 131.117
400 40 0.931 1041.59 11819.1 132.862
400 40 0.941 1029.82 11700.6 135.172
400 40 0.951 1019.34 11597.6 135.05
400 40 0.961 1002.57 11432.1 136.436
400 40 0.971 986.009 11269.3 138.131
400 40 0.981 966.877 11079.9 143.362
400 40 0.991 958.153 10994.1 143.957
400 40 1.001 945.99 10873.7 144.086
400 40 1.011 928.477 10701.4 146.975
400 40 1.021 910.452 10524.3 148.958
400 40 1.031 904.038 10461.2 151.657
400 40 1.041 897.059 10391.9 153.071
400 40 1.051 878.594 10210.3 158.612
400 40 1.061 874.052 10165.2 160.912
400 40 1.071 853.486 9963.54 163.252
400 40 1.081 848.284 9913.05 164.667
400 40 1.091 840.437 9835.16 164.676
400 40 1.101 833.816 9770.32 165.916
400 40 1.111 821.456 9649.78 168.03
400 40 1.121 812.819 9564.47 168.155
400 40 1.131 805.969 9498.36 169.477
400 40 1.141 796.246 9402.45 169.887
400 40 1.151 795.426 9393.6 172.029
400 40 1.161 786.554 9307.45 170.304
400 40 1.171 776.969 9213.88 170.717
400 40 1.181 775.066 9194.36 173.909
400 40 1.191 761.669 9064.13 174.152
400 40 1.201 759.709 9044.23 175.566
400 40 1.211 749.832 8947.88 176.14
400 40 1.221 751.373 8962.85 175.176
400 40 1.231 741.723 8868.24 176.891
400 40 1.241 734.461 8797.51 176.199
400 40 1.251 730.791 8762.02 175.395
400 40 1.261 722.607 8682.24 176.347
400 40 1.271 719.458 8651.57 176.874
400 40 1.281 713.595 8593.57 178.993
400 40 1.291 706.694 8527.23 180.027
400 40 1.301 702.871 8489.5 176.999
400 40 1.311 699.119 8453.28 177.394
400 40 1.321 691.074 8375.54 177.007
400 40 1.331 682.605 8293.03 176.669
400 40 1.341 676.449 8232.26 177.204
400 40 1.351 678.074 8248.22 178.663
400 40 1.361 672.147 8190.89 179.24
400 40 1.371 666.274 8133.58 179.805
400 40 1.381 665.281 8123.66 180.148
400 40 1.391 656.462 8038.97 179.434
400 40 1.401 652.777 8002.51 180.478
400 40 1.411 647.21 7949.36 179.618
400 40 1.421 643.233 7910.58 179.929
400 40 1.431 640.995 7888.66 181.453
400 40 1.441 637.181 7851.09 184.872
400 40 1.451 630.664 7788.47 184.876
400 40 1.461 627.167 7754.63 185.827
400 40 1.471 623.122 7716.16 184.696
400 40 1.481 619.894 7684.31 186.092
400 40 1.491 617.033 7656.87 185.688
400 40 1.501 611.539 7603.77 185.849
400 40 1.511 606.167 7552.2 185.927
400 40 1.521 602.564 7517.71 185.058
400 40 1.531 599.932 7491.67 186.153
400 40 1.541 596.708 7460.47 183.067
400 40 1.551 591.241 7408.24 184.239
400 40 1.561 588.378 7381.12 184.842
400 40 1.571 584.461 7342.63 185.696
400 40 1.581 579.741 7297.2 185.03
400 40 1.591 575.769 7259.69 183.881
400 40 1.601 575.438 7256.08 181.618
400 40 1.611 572.654 7229.34 180.396
400 40 1.621 569.613 7200.04 179.117
400 40 1.631 568.691 7190.82 179.562
400 40 1.641 564.08 7146.99 176.37
400 40 1.651 562.778 7134.35 176
400 40 1.661 560.142 7109.46 175.305
400 40 1.671 559.496 7103.1 178.315
400 40 1.681 554.395 7054.19 172.871
400 40 1.691 553.904 7049.32 173.516
400 40 1.701 550.887 7020.66 172.145
400 40 1.711 547.492 6988.02 170.511
400 40 1.721 545.213 6966.4 169.611
400 40 1.731 544.873 6962.87 169.801
400 40 1.741 541.655 6932.19 168.628
400 40 1.751 539.05 6907.46 167.043
400 40 1.761 536.436 6882.46 165.74
400 40 1.771 533.976 6858.69 167.029
400 40 1.781 531.039 6830.83 165.311
400 40 1.791 528.888 6810.18 162.654
400 40 1.801 527.162 6793.65 163.351
400 40 1.811 524.265 6766.37 164.523
400 40 1.821 523.302 6756.84 164.622
400 40 1.831 521.32 6737.87 163.226
400 40 1.841 517.361 6700.77 160.669
400 40 1.851 514.246 6671.05 159.511
400 40 1.861 513.339 6662.42 158.752
400 40 1.871 510.608 6635.99 157.276
400 40 1.881 507.6 6607.79 154.813
400 40 1.891 505.753 6590.13 153.792
400 40 1.901 502.789 6562.19 152.187
400 40 1.911 501.371 6548.77 151.398
400 40 1.921 499.086 6527.25 149.136
400 40 1.931 497.121 6508.32 148.078
400 40 1.941 495.028 6488.48 146.001
400 40 1.951 492.607 6465.63 144.683
400 40 1.961 490 6440.95 142.021
400 40 1.971 487.761 6419.76 140.943
400 40 1.981 485.702 6400.28 139.442
400 40 1.991 483.341 6378 137.805
