200 10 0.001 9.9965 21150.9 2.0531
200 10 0.011 9.8963 20887.7 2.3388
200 10 0.021 9.7939 20606.2 2.6421
200 10 0.031 9.6888 20294.1 3.0178
200 10 0.041 9.5951 19950.9 3.3534
200 10 0.051 9.4588 19584.9 3.7767
200 10 0.061 9.3339 19308.8 4.0948
200 10 0.071 9.2305 18977.4 4.5337
200 10 0.081 9.0906 18573.4 5.0144
200 10 0.091 8.9836 18248.3 5.7787
200 10 0.101 8.8419 17874.5 6.945
200 10 0.111 8.7762 17572.3 6.9478
200 10 0.121 8.6311 17239.2 7.4198
200 10 0.131 8.4947 16889.8 7.1651
200 10 0.141 8.2981 16435 7.7614
200 10 0.151 8.2227 16123.8 9.2098
200 10 0.161 8.1194 15755.6 8.9055
200 10 0.171 8.0076 15473 9.1925
200 10 0.181 7.8627 15139.1 9.684
200 10 0.191 7.7193 14757.1 10.303
200 10 0.201 7.5809 14425.8 10.8611
200 10 0.211 7.5081 14078.4 11.3889
200 10 0.221 7.4029 13782.1 11.9653
200 10 0.231 7.2175 13514 12.5163
200 10 0.241 7.0692 13046.7 13.337
200 10 0.251 7.0025 12857.4 13.7923
200 10 0.261 6.8994 12581.8 14.2836
200 10 0.271 6.7528 12171 15.6009
200 10 0.281 6.5954 11940.9 16.5634
200 10 0.291 6.4902 11644.8 17.301
200 10 0.301 6.4355 11333 18.1715
200 10 0.311 6.2846 11005.6 18.67
200 10 0.321 6.1849 10774.1 19.2529
200 10 0.331 6.0296 10457.3 20.0338
200 10 0.341 5.9603 10243.6 20.4522
200 10 0.351 5.8288 9997.65 21.085
200 10 0.361 5.6589 9613.93 21.9488
200 10 0.371 5.5972 9482.91 22.2887
200 10 0.381 5.4955 9183.05 22.6943
200 10 0.391 5.4219 8893.9 23.4574
200 10 0.401 5.3327 8767.66 23.7418
200 10 0.411 5.3179 8586.9 24.0918
200 10 0.421 5.1661 8285.83 24.9949
200 10 0.431 5.0393 8087.48 25.57
200 10 0.441 4.9633 7914.99 26.1275
200 10 0.451 4.8951 7702.94 26.602
200 10 0.461 4.7372 7534.6 27.175
200 10 0.471 4.6845 7343.34 27.9792
200 10 0.481 4.5844 7148.17 28.4096
200 10 0.491 4.5118 6955.32 28.4763
200 10 0.501 4.3665 6748.13 28.8909
200 10 0.511 4.3061 6634.15 29.5224
200 10 0.521 4.2008 6430.32 30.0984
200 10 0.531 4.217 6274.13 30.699
200 10 0.541 4.1373 6149.56 30.1718
200 10 0.551 3.9611 5938.81 31.3627
200 10 0.561 3.863 5811.95 31.6686
200 10 0.571 3.8936 5657.16 32.6527
200 10 0.581 3.8276 5603.4 32.473
200 10 0.591 3.6769 5394.55 33.1644
200 10 0.601 3.5807 5221.01 33.5677
200 10 0.611 3.5845 5126.14 33.7523
200 10 0.621 3.4597 4998.23 33.8194
200 10 0.631 3.3602 4908.79 34.0416
200 10 0.641 3.3034 4753.88 34.5744
200 10 0.651 3.3075 4690.49 34.6454
200 10 0.661 3.2174 4561.73 35.043
200 10 0.671 3.1444 4439.13 35.3157
200 10 0.681 3.0634 4359.98 35.6913
200 10 0.691 3.0288 4294.99 35.8272
200 10 0.701 2.9515 4191.03 36.2755
200 10 0.711 2.9039 4089.33 37.1119
200 10 0.721 2.8408 3992.07 37.0862
200 10 0.731 2.8033 3911.74 37.2229
200 10 0.741 2.6949 3842.1 37.3176
200 10 0.751 2.7058 3773.55 37.5013
200 10 0.761 2.6365 3709.35 37.6843
200 10 0.771 2.5482 3624.13 37.692
200 10 0.781 2.5012 3577.58 37.8777
200 10 0.791 2.4875 3470.68 38.1893
200 10 0.801 2.4403 3430.72 38.3795
200 10 0.811 2.4183 3390.34 38.4175
200 10 0.821 2.363 3331.47 39.537
200 10 0.831 2.3248 3266.78 38.7104
200 10 0.841 2.2617 3208.38 37.4639
200 10 0.851 2.2217 3159.47 37.6189
200 10 0.861 2.1308 3107.5 38.1344
200 10 0.871 2.0791 3064.82 38.2942
200 10 0.881 2.0752 3009.35 39.0689
200 10 0.891 2.0224 2970.83 38.55
200 10 0.901 1.9528 2914.36 38.6236
200 10 0.911 1.9288 2890.69 38.5944
200 10 0.921 1.8913 2856.29 38.6895
200 10 0.931 1.891 2817.26 38.7159
200 10 0.941 1.7943 2774.04 38.8096
200 10 0.951 1.8122 2749.37 38.6475
200 10 0.961 1.7417 2690.76 38.6136
200 10 0.971 1.7035 2675.11 38.6671
200 10 0.981 1.6547 2647.6 39.9214
200 10 0.991 1.6517 2619.2 39.8539
200 10 1.001 1.5601 2585.45 39.8205
200 10 1.011 1.5666 2547.35 39.6106
200 10 1.021 1.4977 2525.44 39.0309
200 10 1.031 1.5035 2505.62 39.4176
200 10 1.041 1.4779 2483.32 38.5778
200 10 1.051 1.431 2460.04 38.4946
200 10 1.061 1.3782 2432.76 38.3311
200 10 1.071 1.3848 2418.32 38.3301
200 10 1.081 1.3455 2390.86 38.1969
200 10 1.091 1.342 2369.75 38.0857
200 10 1.101 1.2919 2350.48 37.9556
200 10 1.111 1.2863 2337.61 37.9333
200 10 1.121 1.2695 2315.97 37.6377
200 10 1.131 1.2473 2300.71 37.7005
200 10 1.141 1.2178 2285.83 37.6382
200 10 1.151 1.218 2265.47 37.36
200 10 1.161 1.1413 2254.4 37.2235
200 10 1.171 1.1624 2237.23 37.0188
200 10 1.181 1.1291 2223.72 37.0038
200 10 1.191 1.1056 2210.99 36.7385
200 10 1.201 1.1221 2197.67 36.6222
200 10 1.211 1.0735 2178.25 36.4045
200 10 1.221 1.0452 2170.88 36.2227
200 10 1.231 1.0652 2157.96 36.2153
200 10 1.241 1.0675 2140.85 35.959
200 10 1.251 1.032 2127.94 35.9046
200 10 1.261 1.0137 2114.64 35.8801
200 10 1.271 0.9869 2105.76 35.6877
200 10 1.281 0.9819 2092.53 35.4439
200 10 1.291 0.9551 2085.07 35.3043
200 10 1.301 0.9392 2072.09 35.1448
200 10 1.311 0.9425 2060.03 35.0244
200 10 1.321 0.9113 2047.47 34.8726
200 10 1.331 0.9215 2037.74 34.8483
200 10 1.341 0.8667 2025.93 34.651
200 10 1.351 0.8627 2015.49 34.4
200 10 1.361 0.8645 2007.94 34.4566
200 10 1.371 0.864 1994.2 35.4514
200 10 1.381 0.8417 1987.13 34.7606
200 10 1.391 0.8286 1973.84 33.679
200 10 1.401 0.8199 1966.42 33.6127
200 10 1.411 0.8103 1958.97 33.4808
200 10 1.421 0.7784 1943.59 33.3263
200 10 1.431 0.7745 1938 32.6381
200 10 1.441 0.7528 1929.72 32.4727
200 10 1.451 0.7468 1918.8 32.2513
200 10 1.461 0.7276 1912.25 33.572
200 10 1.471 0.728 1902.07 34.1072
200 10 1.481 0.7087 1896.29 33.1541
200 10 1.491 0.7052 1890.1 31.6371
200 10 1.501 0.6941 1879.18 31.4217
200 10 1.511 0.6824 1872.28 31.9818
200 10 1.521 0.6638 1864.31 33.5319
200 10 1.531 0.6552 1854.78 33.6379
200 10 1.541 0.6597 1846.61 33.4727
200 10 1.551 0.6442 1842.73 32.9927
200 10 1.561 0.6376 1831.82 30.3359
200 10 1.571 0.6128 1825.04 30.0547
200 10 1.581 0.6185 1818.87 29.8887
200 10 1.591 0.591 1812.15 29.6883
200 10 1.601 0.601 1806.68 29.5873
200 10 1.611 0.5751 1799.62 29.5212
200 10 1.621 0.5815 1794.44 29.2778
200 10 1.631 0.5749 1787.64 29.124
200 10 1.641 0.5695 1780.66 29.0536
200 10 1.651 0.55 1776.49 28.9173
200 10 1.661 0.5531 1769.57 28.7015
200 10 1.671 0.5555 1763.69 29.2108
200 10 1.681 0.5314 1756.12 29.8475
200 10 1.691 0.5386 1750.97 28.223
200 10 1.701 0.5386 1744.52 28.8064
200 10 1.711 0.5224 1741.47 29.349
200 10 1.721 0.5072 1735.39 28.362
200 10 1.731 0.5042 1725.61 28.0881
200 10 1.741 0.5013 1724.67 27.5461
200 10 1.751 0.4781 1716.7 27.3443
200 10 1.761 0.4766 1710.75 29.1028
200 10 1.771 0.4975 1707.18 29.7376
200 10 1.781 0.4712 1700.84 28.806
200 10 1.791 0.4849 1693.71 26.8372
200 10 1.801 0.4663 1690.87 27.0199
200 10 1.811 0.447 1685.2 26.4596
200 10 1.821 0.4402 1680.81 26.2344
200 10 1.831 0.4355 1672.87 26.5051
200 10 1.841 0.4331 1669.18 26.3119
200 10 1.851 0.4217 1661.55 26.7307
200 10 1.861 0.4301 1658.46 26.6638
200 10 1.871 0.3969 1653.64 26.9629
200 10 1.881 0.418 1648.26 27.6211
200 10 1.891 0.4063 1642.69 25.9783
200 10 1.901 0.3937 1637.12 25.642
200 10 1.911 0.3831 1632.14 25.3638
200 10 1.921 0.3825 1630.24 25.42
200 10 1.931 0.3727 1625.1 25.1514
200 10 1.941 0.3838 1620.71 25.0709
200 10 1.951 0.3553 1616 24.7715
200 10 1.961 0.356 1610.01 24.4026
200 10 1.971 0.3419 1605.58 23.7885
200 10 1.981 0.3449 1601.39 23.3257
200 10 1.991 0.3361 1596.89 23.0694
200 20 0.001 19.9701 38470.9 7.5917
200 20 0.011 19.6351 37382.9 8.0638
200 20 0.021 19.2476 36305.5 9.4156
200 20 0.031 18.7978 35022.8 10.3992
200 20 0.041 18.3892 33775.8 10.3348
200 20 0.051 18.0242 32591.3 10.3898
200 20 0.061 17.5655 31408.3 11.1878
200 20 0.071 17.1755 30172 11.8876
200 20 0.081 16.6912 28767.9 12.5312
200 20 0.091 16.2438 27872.4 13.0285
200 20 0.101 15.9375 26619.9 14.1314
200 20 0.111 15.5192 25523.9 14.694
200 20 0.121 15.1201 24531.2 15.228
200 20 0.131 14.7732 23487.8 15.8774
200 20 0.141 14.3147 22303.8 15.9077
200 20 0.151 13.9342 21257.9 16.4041
200 20 0.161 13.6428 20386.5 17.0485
200 20 0.171 13.2059 19508.4 18.1426
200 20 0.181 12.8534 18446.5 19.0794
200 20 0.191 12.5045 17801.6 19.3468
200 20 0.201 12.0532 16683 20.1285
200 20 0.211 11.7315 16021.3 20.4875
200 20 0.221 11.5323 15351 21.006
200 20 0.231 10.9841 14429.7 21.3794
200 20 0.241 10.8444 13803.1 22.0769
200 20 0.251 10.4206 13130.2 22.5615
200 20 0.261 10.2255 12648 22.7293
200 20 0.271 9.9553 11942.9 23.6928
200 20 0.281 9.7245 11410.1 23.8779
200 20 0.291 9.3222 10908.5 24.032
200 20 0.301 9.1903 10401.7 24.8704
200 20 0.311 8.8247 9820.14 25.2326
200 20 0.321 8.7312 9364.47 25.4811
200 20 0.331 8.4504 9038.9 25.6793
200 20 0.341 8.1132 8549.95 26.0143
200 20 0.351 7.9435 8117.01 26.2451
200 20 0.361 7.6396 7740.22 26.3851
200 20 0.371 7.4936 7452.88 26.6604
200 20 0.381 7.2006 7104.97 27.4648
200 20 0.391 7.0977 6813.53 27.5991
200 20 0.401 6.8417 6471.88 27.6074
200 20 0.411 6.6292 6205.71 27.6751
200 20 0.421 6.4698 6050.07 27.7995
200 20 0.431 6.2877 5725.87 27.7272
200 20 0.441 6.2011 5590.27 27.9439
200 20 0.451 5.9891 5348.36 28.0217
200 20 0.461 5.7811 5139.32 27.936
200 20 0.471 5.727 4956.51 27.9589
200 20 0.481 5.4559 4740.59 28.0068
200 20 0.491 5.4184 4616.62 27.9908
200 20 0.501 5.2221 4463.25 28.106
200 20 0.511 5.1826 4337.96 28.0038
200 20 0.521 4.8899 4190.22 27.9589
200 20 0.531 4.7921 4059.12 27.7085
200 20 0.541 4.6501 3934.7 26.8498
200 20 0.551 4.5574 3797.41 27.0539
200 20 0.561 4.5222 3733.39 27.226
200 20 0.571 4.3315 3618.69 27.126
200 20 0.581 4.2444 3532.3 26.7185
200 20 0.591 4.0899 3434.22 26.3646
200 20 0.601 4.0201 3386.69 26.2795
200 20 0.611 3.8575 3300.08 26.1457
200 20 0.621 3.8395 3226.44 26.2973
200 20 0.631 3.7699 3171.77 26.3647
200 20 0.641 3.7163 3100.45 26.4688
200 20 0.651 3.6227 3036.19 26.1362
200 20 0.661 3.5174 3031.15 26.267
200 20 0.671 3.4458 2958.81 26.0046
200 20 0.681 3.3105 2889.09 25.9027
200 20 0.691 3.1897 2851.67 25.9652
200 20 0.701 3.1611 2810.41 25.9145
200 20 0.711 3.0896 2777.38 25.2787
200 20 0.721 3.0514 2742.53 25.1539
200 20 0.731 2.9116 2715.34 25.0176
200 20 0.741 2.9407 2689.47 24.8901
200 20 0.751 2.8266 2643.93 24.7842
200 20 0.761 2.7338 2617.85 24.7075
200 20 0.771 2.6226 2582.38 24.5405
200 20 0.781 2.6998 2561.69 24.4482
200 20 0.791 2.6072 2541.09 24.5888
200 20 0.801 2.4905 2506.37 24.8281
200 20 0.811 2.4482 2495.89 24.7035
200 20 0.821 2.4359 2477.01 25.0331
200 20 0.831 2.3001 2448.03 24.6754
200 20 0.841 2.3017 2434.06 24.7054
200 20 0.851 2.2461 2406.19 23.8728
200 20 0.861 2.1674 2390.3 24.0446
200 20 0.871 2.1727 2374.94 23.9839
200 20 0.881 2.077 2361.99 24.1156
200 20 0.891 2.0591 2341.81 24.0349
200 20 0.901 2.0015 2326.98 23.6104
200 20 0.911 1.9708 2312.85 23.577
200 20 0.921 1.9342 2296.3 23.7171
200 20 0.931 1.9078 2284.97 23.7314
200 20 0.941 1.877 2271.78 23.4342
200 20 0.951 1.7965 2255.4 22.9494
200 20 0.961 1.7423 2248.19 23.2907
200 20 0.971 1.7507 2234.76 23.1548
200 20 0.981 1.6576 2221 22.9553
200 20 0.991 1.6709 2208.85 23.3698
200 20 1.001 1.6276 2197.72 22.7224
200 20 1.011 1.5601 2185.01 22.3114
200 20 1.021 1.5434 2175.98 22.3109
200 20 1.031 1.526 2170 22.1982
200 20 1.041 1.4862 2154.81 22.0062
200 20 1.051 1.4328 2144.18 21.8801
200 20 1.061 1.4231 2136.28 21.9863
200 20 1.071 1.4138 2129.4 21.9429
200 20 1.081 1.3725 2123.68 21.8144
200 20 1.091 1.3376 2110.09 21.7672
200 20 1.101 1.324 2103.29 21.6519
200 20 1.111 1.282 2096.71 21.7123
200 20 1.121 1.2733 2091.13 21.9647
200 20 1.131 1.2297 2081.63 21.969
200 20 1.141 1.2192 2073.57 21.9965
200 20 1.151 1.2046 2068.7 22.1856
200 20 1.161 1.1937 2061.38 21.8185
200 20 1.171 1.1432 2052.2 22.3482
200 20 1.181 1.1384 2048.87 22.1763
200 20 1.191 1.1178 2041.93 22.1817
200 20 1.201 1.0782 2032.74 21.8143
200 20 1.211 1.0846 2028.33 21.7433
200 20 1.221 1.0572 2022.21 21.9137
200 20 1.231 1.058 2015.26 22.0779
200 20 1.241 1.0416 2006.37 21.1078
200 20 1.251 1.0192 2002.18 20.7006
200 20 1.261 1.0275 1996.61 21.662
200 20 1.271 0.9915 1990.8 21.7871
200 20 1.281 0.9359 1984.48 21.8827
200 20 1.291 0.9554 1978.63 21.6208
200 20 1.301 0.9748 1972.87 21.6418
200 20 1.311 0.9278 1967.4 22.203
200 20 1.321 0.9285 1962.59 22.3009
200 20 1.331 0.8913 1955.99 22.177
200 20 1.341 0.8866 1948.97 22.0874
200 20 1.351 0.8871 1945.55 22.0719
200 20 1.361 0.8542 1939.81 21.9331
200 20 1.371 0.8652 1935.28 21.8145
200 20 1.381 0.845 1930.65 21.693
200 20 1.391 0.8041 1924.49 21.5397
200 20 1.401 0.8339 1920.84 21.518
200 20 1.411 0.7887 1912.74 21.5034
200 20 1.421 0.7961 1909.78 21.2041
200 20 1.431 0.7782 1904.76 20.6435
200 20 1.441 0.78 1899.98 19.8381
200 20 1.451 0.7255 1896.86 20.2474
200 20 1.461 0.7157 1892.31 20.5911
200 20 1.471 0.7417 1889.65 19.7869
200 20 1.481 0.7048 1883.07 21.0011
200 20 1.491 0.7013 1879.4 21.3377
200 20 1.501 0.6986 1879.04 21.2228
200 20 1.511 0.6936 1873.37 20.6439
200 20 1.521 0.6817 1869.82 19.9215
200 20 1.531 0.6659 1867.21 19.8557
200 20 1.541 0.6537 1862.8 20.0014
200 20 1.551 0.6222 1860.62 20.2156
200 20 1.561 0.6356 1858.09 20.6267
200 20 1.571 0.6277 1856.2 20.6444
200 20 1.581 0.6072 1853.81 20.5384
200 20 1.591 0.5949 1850.05 20.5166
200 20 1.601 0.5914 1847.16 20.4538
200 20 1.611 0.5701 1846.02 20.3571
200 20 1.621 0.5698 1844.32 20.398
200 20 1.631 0.5737 1842.32 20.349
200 20 1.641 0.5562 1838.77 20.2805
200 20 1.651 0.5563 1838.11 20.2797
200 20 1.661 0.5579 1837.32 20.2736
200 20 1.671 0.5445 1836.06 20.2811
200 20 1.681 0.5328 1832.37 20.221
200 20 1.691 0.5379 1831.82 20.1924
200 20 1.701 0.5296 1828.62 20.2312
200 20 1.711 0.5292 1826.61 20.0109
200 20 1.721 0.5129 1825.52 20.0412
200 20 1.731 0.5012 1824.48 19.9778
200 20 1.741 0.4908 1821.87 19.9047
200 20 1.751 0.4975 1819.85 19.866
200 20 1.761 0.4862 1817.34 19.8193
200 20 1.771 0.4728 1817.02 19.8099
200 20 1.781 0.4739 1813.98 19.7962
200 20 1.791 0.4711 1811.82 19.6649
200 20 1.801 0.4517 1810.45 18.6067
200 20 1.811 0.4539 1807.63 18.7092
200 20 1.821 0.4559 1807.36 18.4761
200 20 1.831 0.4564 1804.79 18.487
200 20 1.841 0.4434 1801.79 18.4835
200 20 1.851 0.4323 1798.86 18.5203
200 20 1.861 0.4185 1797.19 17.5304
200 20 1.871 0.4118 1794.69 17.6638
200 20 1.881 0.4095 1794.01 18.0167
200 20 1.891 0.4147 1790.11 17.9805
200 20 1.901 0.3938 1784.5 18.0138
200 20 1.911 0.3881 1784.42 17.991
200 20 1.921 0.3817 1781.32 18.0689
200 20 1.931 0.3846 1776.87 18.2022
200 20 1.941 0.3645 1775.32 18.211
200 20 1.951 0.3566 1770.09 18.0162
200 20 1.961 0.3529 1765.8 17.2365
200 20 1.971 0.3447 1762.31 16.9588
200 20 1.981 0.3546 1758.12 16.3641
200 20 1.991 0.3446 1756.28 16.211
200 30 0.001 29.941 53854.9 15.8637
200 30 0.011 29.2039 51619.9 16.4378
200 30 0.021 28.3956 49184.8 16.811
200 30 0.031 27.5949 46822.5 17.273
200 30 0.041 26.7455 44452.4 17.8856
200 30 0.051 25.8672 41874 18.1621
200 30 0.061 24.9466 39531.8 18.6482
200 30 0.071 23.9279 37054 19.2097
200 30 0.081 23.0711 34717.2 19.8588
200 30 0.091 22.3555 32482.8 20.3443
200 30 0.101 21.4885 30398.3 20.9803
200 30 0.111 20.9408 28593.1 21.3496
200 30 0.121 19.9498 26670.6 21.7356
200 30 0.131 19.3677 25078.5 22.1568
200 30 0.141 18.6183 23461.4 22.5187
200 30 0.151 17.7601 21867.3 22.7843
200 30 0.161 17.1458 20114.4 23.256
200 30 0.171 16.4613 18717.7 23.5317
200 30 0.181 15.8233 17564.3 23.8309
200 30 0.191 15.37 16442.8 23.8934
200 30 0.201 14.5841 15498.1 24.1016
200 30 0.211 14.4869 14593.2 24.3196
200 30 0.221 13.5958 13381.2 24.4716
200 30 0.231 13.3007 12556.5 24.5381
200 30 0.241 12.6212 11548.7 24.5834
200 30 0.251 12.2351 11053.3 24.5909
200 30 0.261 11.7335 10289.1 24.8175
200 30 0.271 11.6033 9600.79 25.0756
200 30 0.281 10.9593 8857.91 25.1581
200 30 0.291 10.658 8534.15 24.8988
200 30 0.301 10.1506 8028.98 24.9246
200 30 0.311 9.7375 7511.2 24.0512
200 30 0.321 9.7041 7223.95 23.6128
200 30 0.331 9.1933 6694.55 23.5601
200 30 0.341 8.9309 6445.96 23.3157
200 30 0.351 8.5483 6025.5 23.1592
200 30 0.361 8.2652 5766.22 23.0595
200 30 0.371 8.0904 5475.6 22.9359
200 30 0.381 7.7918 5167.89 22.7718
200 30 0.391 7.553 5011.42 22.5545
200 30 0.401 7.3063 4792.42 22.4425
200 30 0.411 6.9079 4600.29 22.205
200 30 0.421 6.7587 4499.06 22.0421
200 30 0.431 6.5879 4350.47 21.9366
200 30 0.441 6.5256 4154.16 21.7648
200 30 0.451 6.2654 4067.64 21.6142
200 30 0.461 6.004 3914.21 21.4151
200 30 0.471 5.9178 3813.43 21.3341
200 30 0.481 5.7653 3730.07 21.6707
200 30 0.491 5.4382 3628.76 21.361
200 30 0.501 5.2644 3575.27 21.2739
200 30 0.511 5.1777 3451.93 20.9741
200 30 0.521 5.0708 3430.2 20.9244
200 30 0.531 4.9979 3344 20.813
200 30 0.541 4.7487 3297.32 20.7231
200 30 0.551 4.7301 3249.17 20.759
200 30 0.561 4.5273 3211.33 20.776
200 30 0.571 4.4314 3136.29 19.4332
200 30 0.581 4.2485 3116.07 19.4427
200 30 0.591 4.1587 3069.75 19.1599
200 30 0.601 4.0581 3023.72 19.164
200 30 0.611 3.9444 3002.48 19.3709
200 30 0.621 3.8616 2962.27 19.1166
200 30 0.631 3.7778 2948.68 19.1361
200 30 0.641 3.6779 2910.01 18.9798
200 30 0.651 3.6153 2878.15 18.7497
200 30 0.661 3.5394 2859.61 18.7527
200 30 0.671 3.4841 2833 18.5119
200 30 0.681 3.3189 2812.73 18.563
200 30 0.691 3.2272 2782.78 18.4685
200 30 0.701 3.1938 2777.47 18.467
200 30 0.711 3.0867 2753.96 18.3925
200 30 0.721 2.9997 2737.17 18.6734
200 30 0.731 2.9934 2721.59 19.475
200 30 0.741 2.9525 2702.89 19.475
200 30 0.751 2.8308 2687.93 19.3421
200 30 0.761 2.7456 2677.4 19.1288
200 30 0.771 2.6363 2660.65 19.1278
200 30 0.781 2.6165 2644.77 18.9052
200 30 0.791 2.5704 2633.36 18.9178
200 30 0.801 2.5284 2622.55 18.5391
200 30 0.811 2.4434 2607.93 18.6118
200 30 0.821 2.419 2602.27 18.5271
200 30 0.831 2.3643 2592.76 18.3849
200 30 0.841 2.3364 2578.33 18.4355
200 30 0.851 2.239 2571.26 18.1612
200 30 0.861 2.1682 2554.53 18.3821
200 30 0.871 2.1585 2546.15 18.1702
200 30 0.881 2.1133 2536.5 18.0786
200 30 0.891 2.0057 2525.32 18.276
200 30 0.901 2.0272 2519.74 18.3698
200 30 0.911 1.9633 2508.97 17.9859
200 30 0.921 1.9002 2498.79 17.9286
200 30 0.931 1.9294 2491.74 17.6623
200 30 0.941 1.8444 2482.82 17.6552
200 30 0.951 1.8236 2475.39 18.2272
200 30 0.961 1.7886 2468.44 18.1397
200 30 0.971 1.7167 2455.33 18.0622
200 30 0.981 1.6756 2447.9 17.9189
200 30 0.991 1.6497 2440.38 17.9453
200 30 1.001 1.6487 2430.12 17.9614
200 30 1.011 1.5687 2421.22 17.8002
200 30 1.021 1.5796 2413 17.8878
200 30 1.031 1.4983 2403.9 17.7697
200 30 1.041 1.4894 2399.19 17.8175
200 30 1.051 1.4453 2390.34 17.7433
200 30 1.061 1.3929 2379.04 17.6299
200 30 1.071 1.3585 2373.77 17.5395
200 30 1.081 1.348 2366.61 17.4817
200 30 1.091 1.3336 2358.95 17.4832
200 30 1.101 1.3114 2352.78 17.3754
200 30 1.111 1.2897 2345.97 17.3939
200 30 1.121 1.2397 2338.37 17.3129
200 30 1.131 1.2207 2331.99 17.2455
200 30 1.141 1.2241 2325.93 16.759
200 30 1.151 1.222 2320.21 16.8866
200 30 1.161 1.174 2315.65 16.6965
200 30 1.171 1.1432 2308.33 16.5754
200 30 1.181 1.1262 2303.58 16.5567
200 30 1.191 1.1139 2297.77 16.5235
200 30 1.201 1.1316 2293.91 17.0712
200 30 1.211 1.0784 2287.37 16.9954
200 30 1.221 1.0581 2283.87 16.9177
200 30 1.231 1.0281 2278.29 17.1533
200 30 1.241 1.0385 2277.53 16.8997
200 30 1.251 1.0074 2272.36 16.9461
200 30 1.261 0.9984 2268.91 16.9535
200 30 1.271 1.005 2266.05 16.8187
200 30 1.281 0.98 2261.59 16.6428
200 30 1.291 0.9723 2259.82 16.8178
200 30 1.301 0.9385 2255.77 16.9944
200 30 1.311 0.9414 2253.38 17.0992
200 30 1.321 0.9124 2250.53 16.9885
200 30 1.331 0.882 2247.39 16.9084
200 30 1.341 0.9086 2247.73 16.8332
200 30 1.351 0.8928 2244.01 16.9988
200 30 1.361 0.8612 2243.19 16.8928
200 30 1.371 0.8527 2241.58 16.6712
200 30 1.381 0.8226 2239.32 16.7209
200 30 1.391 0.8027 2237.76 16.6372
200 30 1.401 0.7967 2237.24 16.5743
200 30 1.411 0.8073 2235.63 16.5752
200 30 1.421 0.7876 2235.39 16.4315
200 30 1.431 0.7603 2233.81 15.9568
200 30 1.441 0.7627 2233.24 16.0229
200 30 1.451 0.7499 2232.31 15.937
200 30 1.461 0.7301 2231.47 15.916
200 30 1.471 0.7323 2231.39 15.8335
200 30 1.481 0.7153 2230.32 15.8177
200 30 1.491 0.717 2230.07 15.8764
200 30 1.501 0.6891 2229.85 16.0671
200 30 1.511 0.6913 2229.22 16.0847
200 30 1.521 0.6734 2229.25 16.1703
200 30 1.531 0.6565 2228.74 16.5573
200 30 1.541 0.6455 2227.93 16.317
200 30 1.551 0.6237 2227.6 16.3458
200 30 1.561 0.647 2227.45 16.2765
200 30 1.571 0.6138 2227.32 16.2276
200 30 1.581 0.5913 2226.59 16.2055
200 30 1.591 0.585 2226.96 15.9258
200 30 1.601 0.5824 2226.21 15.9804
200 30 1.611 0.5951 2225.92 15.9181
200 30 1.621 0.575 2225.36 16.5712
200 30 1.631 0.5774 2225.93 16.4587
200 30 1.641 0.5624 2225.24 15.9461
200 30 1.651 0.5546 2225.13 15.9789
200 30 1.661 0.553 2224.84 15.8838
200 30 1.671 0.5499 2224.58 15.7436
200 30 1.681 0.5414 2224.29 15.8348
200 30 1.691 0.53 2223.59 15.6705
200 30 1.701 0.528 2223.72 15.6646
200 30 1.711 0.5144 2223.34 15.6277
200 30 1.721 0.507 2222.68 15.6948
200 30 1.731 0.5049 2222.73 15.4953
200 30 1.741 0.5009 2222.66 15.5884
200 30 1.751 0.4894 2222.34 15.5617
200 30 1.761 0.4872 2221.23 15.5741
200 30 1.771 0.4799 2221.38 15.5363
200 30 1.781 0.4738 2221.71 15.123
200 30 1.791 0.4705 2221.22 14.9391
200 30 1.801 0.4542 2220.97 15.8087
200 30 1.811 0.4515 2220.69 15.7853
200 30 1.821 0.4483 2221.19 15.8514
200 30 1.831 0.4373 2220.33 15.3439
200 30 1.841 0.4403 2221.08 14.3136
200 30 1.851 0.4243 2219.78 14.1663
200 30 1.861 0.4316 2219.9 14.1798
200 30 1.871 0.4106 2218.91 14.1522
200 30 1.881 0.4086 2219.32 14.1723
200 30 1.891 0.4011 2218.68 14.0512
200 30 1.901 0.4104 2219.16 14.2011
200 30 1.911 0.3956 2218.41 14.0415
200 30 1.921 0.3841 2218.36 14.0365
200 30 1.931 0.3889 2217.97 14.2579
200 30 1.941 0.3605 2217.69 14.1841
200 30 1.951 0.3616 2218.16 13.8572
200 30 1.961 0.3763 2217.11 13.8452
200 30 1.971 0.3449 2216.59 13.546
200 30 1.981 0.3308 2215.17 13.431
200 30 1.991 0.341 2215.41 13.0856
200 40 0.001 1474.97 67313.1 10.7935
200 40 0.011 1392.51 64162.3 11.8002
200 40 0.021 1300.18 60678.4 11.481
200 40 0.031 1214.02 57460.1 11.6665
200 40 0.041 1122.02 53889.7 13.0614
200 40 0.051 1037.51 50528 14.3542
200 40 0.061 947.273 46909.8 15.5244
200 40 0.071 885.294 44564.1 20.122
200 40 0.081 804.545 41192.1 22.1995
200 40 0.091 739.66 38434.3 22.9739
200 40 0.101 667.502 35478.4 23.7401
200 40 0.111 611.9 33239.6 24.0719
200 40 0.121 554.497 30717.2 24.8897
200 40 0.131 511.034 28774.3 24.7885
200 40 0.141 453.874 26386 25.1104
200 40 0.151 412.103 24293.3 25.6649
200 40 0.161 377.209 22791.3 25.9504
200 40 0.171 338.69 20988.8 25.8321
200 40 0.181 299.749 19169.2 26.0872
200 40 0.191 268.89 17818.1 26.0569
200 40 0.201 239.751 16439.6 26.1591
200 40 0.211 213.386 15016 25.9428
200 40 0.221 192.508 14076 25.8428
200 40 0.231 177.052 13268 25.9852
200 40 0.241 156.663 12129.7 25.8291
200 40 0.251 136.749 11166.9 25.545
200 40 0.261 125.038 10541.9 25.5895
200 40 0.271 110.355 9738.04 25.1773
200 40 0.281 102.79 9235.68 25.3312
200 40 0.291 90.6021 8643.9 25.048
200 40 0.301 76.9008 7923.01 24.8404
200 40 0.311 70.2614 7500 24.6146
200 40 0.321 62.1325 6982.27 23.237
200 40 0.331 55.5748 6578.62 22.6934
200 40 0.341 48.775 6261.71 22.7623
200 40 0.351 43.2164 5870.19 22.1815
200 40 0.361 41.9235 5725.95 21.6873
200 40 0.371 35.6269 5360.08 21.4808
200 40 0.381 29.867 5023.18 21.7352
200 40 0.391 28.1305 4828.75 21.2706
200 40 0.401 25.5048 4649.19 21.0126
200 40 0.411 22.8877 4430.56 21.1574
200 40 0.421 20.9758 4300.22 21.4154
200 40 0.431 18.6625 4154.03 21.2485
200 40 0.441 17.2436 4024.12 21.0233
200 40 0.451 15.8751 3926.88 20.8842
200 40 0.461 13.8284 3776.84 20.6625
200 40 0.471 13.6992 3733.61 35.6809
200 40 0.481 11.5157 3578.11 22.3915
200 40 0.491 10.864 3508.35 28.8932
200 40 0.501 10.1775 3415.67 20.7344
200 40 0.511 9.3954 3367.25 22.464
200 40 0.521 9.1442 3317.65 19.6068
200 40 0.531 8.5106 3267.2 19.6549
200 40 0.541 8.1874 3221.45 25.8318
200 40 0.551 7.283 3146.26 29.5763
200 40 0.561 7.0999 3096.92 19.8259
200 40 0.571 6.7103 3057.77 19.06
200 40 0.581 6.691 3047.68 19.3755
200 40 0.591 6.0629 2995.43 19.5576
200 40 0.601 5.9955 2959.34 19.3574
200 40 0.611 5.9331 2932.36 19.3479
200 40 0.621 5.4939 2897 19.0113
200 40 0.631 5.2352 2871.97 19.2665
200 40 0.641 5.3528 2862.87 19.2127
200 40 0.651 4.9939 2820.36 19.0657
200 40 0.661 4.8228 2804.27 19.0287
200 40 0.671 4.8493 2789.13 18.9868
200 40 0.681 4.7422 2764.61 18.8903
200 40 0.691 4.5708 2739.16 18.8989
200 40 0.701 4.4687 2729.38 18.8573
200 40 0.711 4.3527 2713.17 18.7657
200 40 0.721 4.3035 2698.81 18.7268
200 40 0.731 4.1529 2676.79 18.6961
200 40 0.741 4.0939 2665.07 18.6891
200 40 0.751 3.9534 2648.67 18.627
200 40 0.761 3.9524 2639.77 18.5795
200 40 0.771 3.8363 2626.23 18.5909
200 40 0.781 3.7796 2611.53 18.0292
200 40 0.791 3.6859 2598.47 17.773
200 40 0.801 3.6725 2584.6 17.89
200 40 0.811 3.6739 2570.95 17.7312
200 40 0.821 3.5563 2562.65 17.5306
200 40 0.831 3.4796 2558.41 17.7623
200 40 0.841 3.4444 2544.79 17.3256
200 40 0.851 3.4093 2534.05 17.3042
200 40 0.861 3.3346 2523.03 17.3036
200 40 0.871 3.2796 2512.62 17.2579
200 40 0.881 3.2312 2501.52 17.3354
200 40 0.891 3.1901 2498.05 17.5315
200 40 0.901 3.1228 2485.68 17.4948
200 40 0.911 3.1184 2478.84 17.5979
200 40 0.921 3.0319 2469.5 17.4631
200 40 0.931 3.0382 2465.22 17.5419
200 40 0.941 2.9574 2458.93 17.5655
200 40 0.951 2.889 2452.65 17.3666
200 40 0.961 2.8454 2442.66 17.4107
200 40 0.971 2.8316 2439.56 17.3431
200 40 0.981 2.7854 2433.5 17.347
200 40 0.991 2.7678 2429.86 17.3336
200 40 1.001 2.7221 2421.12 17.3614
200 40 1.011 2.6453 2415.3 17.353
200 40 1.021 2.62 2413.46 17.3542
200 40 1.031 2.5877 2408.48 17.3183
200 40 1.041 2.5645 2402.18 17.2912
200 40 1.051 2.521 2401 17.3255
200 40 1.061 2.5071 2396.95 17.368
200 40 1.071 2.4888 2393.35 17.2638
200 40 1.081 2.4354 2387.65 17.2222
200 40 1.091 2.4273 2386.58 17.2191
200 40 1.101 2.4346 2383.79 17.1538
200 40 1.111 2.3595 2380.62 17.1329
200 40 1.121 2.3898 2376.49 17.0967
200 40 1.131 2.3212 2374.32 17.1584
200 40 1.141 2.3221 2368.98 17.1916
200 40 1.151 2.2869 2366.82 17.2697
200 40 1.161 2.2836 2362.72 17.504
200 40 1.171 2.2543 2359.93 17.829
200 40 1.181 2.2367 2353.97 17.7271
200 40 1.191 2.2305 2352.84 17.7467
200 40 1.201 2.1799 2348.47 17.5503
200 40 1.211 2.2044 2344.52 17.0139
200 40 1.221 2.1876 2340.17 16.9812
200 40 1.231 2.1393 2333.6 17.0073
200 40 1.241 2.1156 2332.24 17.4388
200 40 1.251 2.129 2330.3 17.4877
200 40 1.261 2.1087 2323.66 17.4576
200 40 1.271 2.0984 2317.96 17.452
200 40 1.281 2.0669 2312.31 17.3465
200 40 1.291 2.0469 2308.54 17.3161
200 40 1.301 2.0191 2303.31 17.2367
200 40 1.311 2.0114 2297.7 17.1719
200 40 1.321 2.0099 2293.16 17.2094
200 40 1.331 1.9671 2288.31 17.1442
200 40 1.341 1.9869 2280.93 17.0914
200 40 1.351 1.9609 2275.52 17.0168
200 40 1.361 1.9364 2268.52 16.9618
200 40 1.371 1.9257 2265.65 16.9757
200 40 1.381 1.9122 2260.49 16.8751
200 40 1.391 1.9215 2253.62 16.7091
200 40 1.401 1.8762 2247.67 16.4339
200 40 1.411 1.8692 2243.15 16.4636
200 40 1.421 1.8659 2234.84 16.5031
200 40 1.431 1.8541 2227.77 16.1613
200 40 1.441 1.8285 2220.43 16.1902
200 40 1.451 1.8271 2214.28 16.3956
200 40 1.461 1.813 2209.38 16.5756
200 40 1.471 1.788 2204.86 16.2003
200 40 1.481 1.7768 2197.89 16.0745
200 40 1.491 1.7578 2189.63 15.9949
200 40 1.501 1.7493 2186.07 15.9775
200 40 1.511 1.7353 2176.66 15.9218
200 40 1.521 1.7613 2173.31 15.8999
200 40 1.531 1.7211 2165.89 15.8274
200 40 1.541 1.7063 2158.81 15.7348
200 40 1.551 1.6946 2151.21 15.6632
200 40 1.561 1.6899 2146.68 15.6201
200 40 1.571 1.675 2140.32 15.5455
200 40 1.581 1.6393 2132.36 15.4811
200 40 1.591 1.6525 2132.35 15.7801
200 40 1.601 1.6461 2128.45 15.8044
200 40 1.611 1.6289 2125.22 15.9155
200 40 1.621 1.6338 2117.75 15.821
200 40 1.631 1.6178 2113.66 15.6111
200 40 1.641 1.6306 2109.91 15.5699
200 40 1.651 1.6171 2108.22 15.6256
200 40 1.661 1.5999 2103.82 15.5612
200 40 1.671 1.6091 2100.23 15.4424
200 40 1.681 1.5825 2096.01 15.3426
200 40 1.691 1.5841 2094.64 15.3752
200 40 1.701 1.5812 2089.63 15.3431
200 40 1.711 1.5724 2089.01 15.4903
200 40 1.721 1.5726 2088.06 15.5041
200 40 1.731 1.5473 2085.37 14.8892
200 40 1.741 1.5431 2081.76 15.203
200 40 1.751 1.538 2077.73 15.4946
200 40 1.761 1.5274 2076.2 15.4537
200 40 1.771 1.5171 2074.91 15.2858
200 40 1.781 1.5121 2073.13 15.3536
200 40 1.791 1.4959 2070.86 15.1493
200 40 1.801 1.4804 2068.6 15.2079
200 40 1.811 1.4831 2067.77 15.0892
200 40 1.821 1.4616 2065.44 15.1297
200 40 1.831 1.4695 2064.94 15.1142
200 40 1.841 1.4597 2064.2 14.6111
200 40 1.851 1.4671 2063.32 14.5214
200 40 1.861 1.4284 2062.81 14.4789
200 40 1.871 1.4223 2060.99 14.8238
200 40 1.881 1.4244 2060.61 14.918
200 40 1.891 1.4218 2060.04 14.8892
200 40 1.901 1.416 2059.48 14.8787
200 40 1.911 1.3864 2058.1 14.7872
200 40 1.921 1.3824 2057.86 14.805
200 40 1.931 1.3839 2056.71 14.7242
200 40 1.941 1.3663 2056.4 14.6552
200 40 1.951 1.368 2056.73 14.3355
200 40 1.961 1.357 2056.03 14.1157
200 40 1.971 1.3676 2055.99 14.0331
200 40 1.981 1.3523 2055.64 13.1142
200 40 1.991 1.3386 2055.32 13.0223
300 10 0.001 9.9949 31738.7 2.4308
300 10 0.011 9.9105 31386.4 2.6169
300 10 0.021 9.8216 30905.6 3.0786
300 10 0.031 9.7103 30445.2 3.5717
300 10 0.041 9.5958 29948.2 4.5717
300 10 0.051 9.4944 29406.2 5.1072
300 10 0.061 9.3944 28975.7 5.9087
300 10 0.071 9.2351 28456.4 6.2337
300 10 0.081 9.1103 27834.1 7.056
300 10 0.091 8.9736 27343.9 7.4645
300 10 0.101 8.8824 26777.8 8.0898
300 10 0.111 8.7762 26192.2 8.7405
300 10 0.121 8.6191 25641.6 9.4006
300 10 0.131 8.523 25179.6 10.2603
300 10 0.141 8.3309 24672.1 10.9193
300 10 0.151 8.2478 24013.7 11.4866
300 10 0.161 8.1037 23591.5 12.1771
300 10 0.171 7.9477 23004.5 12.9928
300 10 0.181 7.8231 22383.8 14.0142
300 10 0.191 7.6967 21932.8 14.5423
300 10 0.201 7.5461 21463.8 15.1983
300 10 0.211 7.508 20970.5 15.894
300 10 0.221 7.3325 20381.5 16.4782
300 10 0.231 7.2635 19980.3 16.8974
300 10 0.241 7.1375 19530.6 17.7832
300 10 0.251 6.928 18723.1 18.9395
300 10 0.261 6.8974 18523.8 19.4456
300 10 0.271 6.7558 18052.6 20.1577
300 10 0.281 6.6386 17505.4 21.1113
300 10 0.291 6.4938 17178.4 21.7185
300 10 0.301 6.3545 16559.3 22.9098
300 10 0.311 6.232 16209.7 23.5313
300 10 0.321 6.2268 15863.4 24.2877
300 10 0.331 6.0265 15413.4 25.2698
300 10 0.341 5.9252 14972.7 25.9873
300 10 0.351 5.8724 14718.9 26.6755
300 10 0.361 5.8121 14359.2 27.3736
300 10 0.371 5.6748 13827.2 28.4013
300 10 0.381 5.5428 13486.7 29.8269
300 10 0.391 5.4422 13151.3 30.5843
300 10 0.401 5.2727 12844.2 31.1145
300 10 0.411 5.2559 12431.5 32.3198
300 10 0.421 5.0743 12088.4 33.1169
300 10 0.431 5.0536 11852 34.5051
300 10 0.441 4.9759 11505 34.7268
300 10 0.451 4.8035 11184.8 35.2488
300 10 0.461 4.7475 10762.3 36.0567
300 10 0.471 4.6577 10572.4 36.4718
300 10 0.481 4.5446 10222.3 37.4084
300 10 0.491 4.5196 10099.6 37.6486
300 10 0.501 4.3988 9673.86 38.3354
300 10 0.511 4.3139 9455.17 38.799
300 10 0.521 4.3028 9214.96 39.4213
300 10 0.531 4.108 8983.74 40.1504
300 10 0.541 4.0345 8705.23 40.7529
300 10 0.551 3.9598 8506.51 41.2315
300 10 0.561 3.943 8252.9 41.9769
300 10 0.571 3.8602 8071.75 42.3794
300 10 0.581 3.7642 7805.76 43.0918
300 10 0.591 3.6993 7619.67 43.7188
300 10 0.601 3.6474 7437.76 44.2932
300 10 0.611 3.5223 7273.02 44.6295
300 10 0.621 3.46 7034.59 45.3708
300 10 0.631 3.4179 6836.82 46.0594
300 10 0.641 3.2793 6743.95 46.1486
300 10 0.651 3.2764 6550.48 46.7658
300 10 0.661 3.202 6391.75 47.1639
300 10 0.671 3.15 6263.48 47.7851
300 10 0.681 3.0961 6100.69 48.0469
300 10 0.691 3.0151 5954.79 48.5417
300 10 0.701 2.9862 5843.43 48.7464
300 10 0.711 2.8905 5628.79 49.4335
300 10 0.721 2.8279 5567.39 49.4119
300 10 0.731 2.8171 5445.69 50.0412
300 10 0.741 2.7523 5295.01 50.4225
300 10 0.751 2.7241 5218.31 50.6095
300 10 0.761 2.6659 5076.7 50.8168
300 10 0.771 2.5849 4958.17 51.1529
300 10 0.781 2.547 4894.68 51.3709
300 10 0.791 2.438 4773.41 51.6588
300 10 0.801 2.4123 4666.34 51.8723
300 10 0.811 2.3677 4578.76 52.1983
300 10 0.821 2.3422 4501.32 52.4602
300 10 0.831 2.2881 4435.97 52.6224
300 10 0.841 2.2949 4326.37 52.8228
300 10 0.851 2.1837 4252.11 53.0142
300 10 0.861 2.1596 4183.75 53.0082
300 10 0.871 2.112 4107.72 53.4132
300 10 0.881 2.0585 4039.59 53.39
300 10 0.891 2.0208 3960.72 53.4718
300 10 0.901 1.9911 3901.91 53.8896
300 10 0.911 1.9429 3846.51 53.7363
300 10 0.921 1.9342 3777.43 54.5085
300 10 0.931 1.8351 3724.89 54.3001
300 10 0.941 1.8052 3689.48 54.0274
300 10 0.951 1.8156 3631.49 53.9092
300 10 0.961 1.755 3575 54.1006
300 10 0.971 1.7061 3509.46 53.9875
300 10 0.981 1.6726 3466.17 54.0705
300 10 0.991 1.634 3444.64 54.0924
300 10 1.001 1.6131 3374.19 53.9064
300 10 1.011 1.5508 3323.39 53.9834
300 10 1.021 1.5142 3298.12 54.1138
300 10 1.031 1.4898 3253.22 53.8403
300 10 1.041 1.5 3230.64 53.8951
300 10 1.051 1.4162 3190.58 53.8825
300 10 1.061 1.4086 3149.1 53.5583
300 10 1.071 1.3814 3131.2 54.1488
300 10 1.081 1.3208 3095.45 54.1428
300 10 1.091 1.3227 3065.37 53.9751
300 10 1.101 1.3044 3031.55 53.8548
300 10 1.111 1.2772 3002.9 53.8389
300 10 1.121 1.257 2976.25 53.1077
300 10 1.131 1.2235 2948.05 52.5088
300 10 1.141 1.1806 2931.43 52.4152
300 10 1.151 1.172 2913.51 52.2044
300 10 1.161 1.1863 2885.58 52.1516
300 10 1.171 1.1436 2859.34 52.7335
300 10 1.181 1.1567 2840.2 51.6717
300 10 1.191 1.125 2809.82 50.9994
300 10 1.201 1.0985 2795.08 50.9589
300 10 1.211 1.0729 2773.55 50.5622
300 10 1.221 1.0652 2745.93 50.3433
300 10 1.231 1.0414 2733.61 50.5894
300 10 1.241 1.0492 2710.42 50.4935
300 10 1.251 1.0213 2695.97 51.4156
300 10 1.261 1.0161 2676.78 51.4211
300 10 1.271 1.0014 2655.96 51.0694
300 10 1.281 0.9731 2637.67 50.789
300 10 1.291 0.9427 2624.12 50.6876
300 10 1.301 0.9464 2605.06 49.5098
300 10 1.311 0.9427 2587.74 50.2038
300 10 1.321 0.9149 2569.48 50.0887
300 10 1.331 0.8969 2554.64 49.6939
300 10 1.341 0.8876 2537.55 48.387
300 10 1.351 0.8781 2526.23 48.4973
300 10 1.361 0.8493 2506.14 48.6552
300 10 1.371 0.8435 2494.72 47.5729
300 10 1.381 0.8053 2480.01 47.3294
300 10 1.391 0.8295 2466.8 47.2024
300 10 1.401 0.8244 2448.09 46.789
300 10 1.411 0.8036 2438.64 46.6843
300 10 1.421 0.7974 2421.33 46.3476
300 10 1.431 0.755 2404.35 46.0434
300 10 1.441 0.7472 2396.52 46.1965
300 10 1.451 0.7479 2384.27 45.6115
300 10 1.461 0.7537 2373.75 45.5683
300 10 1.471 0.707 2356.42 44.9597
300 10 1.481 0.7113 2342.01 44.5847
300 10 1.491 0.699 2328.35 44.0843
300 10 1.501 0.693 2317.26 44.2455
300 10 1.511 0.683 2309.1 43.9321
300 10 1.521 0.6743 2295.1 43.8036
300 10 1.531 0.6742 2286.09 43.588
300 10 1.541 0.6603 2272.18 43.1073
300 10 1.551 0.641 2261.49 42.7126
300 10 1.561 0.622 2251.46 42.3936
300 10 1.571 0.6109 2238.94 42.0477
300 10 1.581 0.5961 2231.51 43.3572
300 10 1.591 0.6106 2218.46 41.6221
300 10 1.601 0.5723 2210.72 41.3897
300 10 1.611 0.578 2203.32 40.9617
300 10 1.621 0.5785 2191.87 41.0736
300 10 1.631 0.5792 2187.22 40.7976
300 10 1.641 0.5563 2175.22 40.5979
300 10 1.651 0.5647 2167.18 40.4026
300 10 1.661 0.549 2153.97 40.3334
300 10 1.671 0.5394 2145.48 40.0179
300 10 1.681 0.5513 2138.92 39.7044
300 10 1.691 0.543 2127.73 42.3962
300 10 1.701 0.5258 2120.12 41.5334
300 10 1.711 0.5071 2112.7 41.7838
300 10 1.721 0.5024 2102.94 41.7593
300 10 1.731 0.5293 2099.88 41.5642
300 10 1.741 0.4927 2086.46 41.2743
300 10 1.751 0.5019 2079.39 41.0105
300 10 1.761 0.4803 2070.27 40.8443
300 10 1.771 0.4708 2064.37 40.2052
300 10 1.781 0.4715 2053.25 39.3776
300 10 1.791 0.4622 2044.07 39.8369
300 10 1.801 0.4529 2037.79 39.5724
300 10 1.811 0.4653 2027.43 39.3878
300 10 1.821 0.4565 2022.69 39.1745
300 10 1.831 0.436 2014.04 39.1345
300 10 1.841 0.4318 2004.94 38.561
300 10 1.851 0.4157 1998.82 38.4821
300 10 1.861 0.4095 1991.59 38.1148
300 10 1.871 0.4081 1983.35 36.498
300 10 1.881 0.4082 1977.66 36.2187
300 10 1.891 0.4038 1966.99 36.1336
300 10 1.901 0.3935 1962.92 35.9011
300 10 1.911 0.4013 1954.36 35.6533
300 10 1.921 0.39 1949.14 36.3453
300 10 1.931 0.3785 1942.71 36.7208
300 10 1.941 0.3705 1932.98 36.558
300 10 1.951 0.3703 1926.83 36.2604
300 10 1.961 0.3609 1918.8 35.5447
300 10 1.971 0.3513 1912.7 35.0371
300 10 1.981 0.331 1905.95 34.3386
300 10 1.991 0.3474 1900.68 34.1498
300 20 0.001 19.9696 58989.6 7.3574
300 20 0.011 19.6405 57497.3 10.8226
300 20 0.021 19.294 55733.8 11.4116
300 20 0.031 18.8294 53762.2 11.9054
300 20 0.041 18.4788 51913.8 12.5929
300 20 0.051 17.994 49883.6 13.2998
300 20 0.061 17.5629 47821.3 13.8944
300 20 0.071 17.1242 46080.7 14.5847
300 20 0.081 16.8106 44216.8 15.7293
300 20 0.091 16.394 42352.1 16.0379
300 20 0.101 16.0485 40743.2 16.9595
300 20 0.111 15.4562 38717.5 17.0338
300 20 0.121 15.1318 37163.3 17.8488
300 20 0.131 14.783 35443.9 18.6857
300 20 0.141 14.2468 33810.4 19.7284
300 20 0.151 13.941 32456.7 20.3627
300 20 0.161 13.6296 30751.9 21.1791
300 20 0.171 13.2501 29277.8 24.2526
300 20 0.181 12.7498 27738.2 25.3883
300 20 0.191 12.4285 26493.3 25.6933
300 20 0.201 12.1481 25246.8 26.7063
300 20 0.211 11.7934 23870.9 27.0985
300 20 0.221 11.4299 22996.4 26.4943
300 20 0.231 11.0296 21876.9 26.0279
300 20 0.241 10.786 20551.1 27.0703
300 20 0.251 10.4042 19433.8 27.6418
300 20 0.261 10.1031 18537.8 28.4697
300 20 0.271 9.8549 17668.6 28.7559
300 20 0.281 9.5334 16661.1 29.4531
300 20 0.291 9.224 15770 30.1295
300 20 0.301 9.038 15068.2 30.4688
300 20 0.311 8.7961 14329.5 30.8209
300 20 0.321 8.6009 13635.7 31.4047
300 20 0.331 8.4066 13052.8 31.653
300 20 0.341 8.1205 12380.7 32.0828
300 20 0.351 7.7528 11634.8 32.6693
300 20 0.361 7.7221 11377 32.9943
300 20 0.371 7.4267 10668 33.1065
300 20 0.381 7.2918 10193.6 34.0961
300 20 0.391 7.1401 9760.77 34.7477
300 20 0.401 6.8535 9257.28 34.974
300 20 0.411 6.7485 8806.91 35.2023
300 20 0.421 6.4921 8416.02 35.5608
300 20 0.431 6.2872 8014.13 35.8283
300 20 0.441 6.1474 7701.22 35.9296
300 20 0.451 5.959 7453.26 36.018
300 20 0.461 5.7426 7078.44 36.0551
300 20 0.471 5.6452 6796.39 36.2127
300 20 0.481 5.645 6491.86 36.1602
300 20 0.491 5.3153 6277.79 36.2224
300 20 0.501 5.2961 5986.03 36.2247
300 20 0.511 5.0955 5756.14 36.2427
300 20 0.521 4.8986 5567.98 36.2569
300 20 0.531 4.7959 5440.59 36.2275
300 20 0.541 4.6549 5208.87 36.1727
300 20 0.551 4.5283 5024.03 36.0994
300 20 0.561 4.3365 4848.7 35.9397
300 20 0.571 4.423 4743.45 35.2669
300 20 0.581 4.2293 4637.1 35.6766
300 20 0.591 4.145 4500.37 35.544
300 20 0.601 3.9892 4386.28 35.5298
300 20 0.611 3.9827 4269.82 35.4509
300 20 0.621 3.8613 4133.83 34.8931
300 20 0.631 3.7635 4093.95 34.4842
300 20 0.641 3.7533 3982.08 34.3819
300 20 0.651 3.6414 3892.6 34.2247
300 20 0.661 3.4398 3803.16 34.0047
300 20 0.671 3.3835 3715.98 34.0231
300 20 0.681 3.315 3669.12 33.9683
300 20 0.691 3.2606 3578.75 33.693
300 20 0.701 3.1748 3519.92 33.4235
300 20 0.711 3.0681 3470.18 33.2742
300 20 0.721 3.0077 3405.83 33.1578
300 20 0.731 2.9837 3363.4 32.9921
300 20 0.741 2.9077 3315.95 32.9475
300 20 0.751 2.8113 3253.61 32.6919
300 20 0.761 2.7006 3232.36 32.6404
300 20 0.771 2.7013 3176.13 32.3628
300 20 0.781 2.6917 3147.92 32.2932
300 20 0.791 2.59 3106.84 32.2347
300 20 0.801 2.5483 3072.58 32.039
300 20 0.811 2.4581 3037.71 31.9415
300 20 0.821 2.3844 2991.73 31.7687
300 20 0.831 2.3507 2969.92 31.6883
300 20 0.841 2.2921 2934.89 31.3881
300 20 0.851 2.2284 2907.34 31.2797
300 20 0.861 2.1847 2880.53 31.2224
300 20 0.871 2.1456 2856.01 31.0677
300 20 0.881 2.1287 2835.01 30.9786
300 20 0.891 2.0394 2818.54 30.9497
300 20 0.901 2.0301 2794.35 30.8604
300 20 0.911 1.9621 2763.84 30.5153
300 20 0.921 1.9544 2748.03 30.5636
300 20 0.931 1.8621 2722.32 30.3427
300 20 0.941 1.8153 2701.59 30.3377
300 20 0.951 1.8218 2686.89 30.2631
300 20 0.961 1.7989 2673.34 30.2042
300 20 0.971 1.7423 2648.22 30.4694
300 20 0.981 1.7485 2634.43 30.4711
300 20 0.991 1.6334 2615.82 30.3493
300 20 1.001 1.5779 2601.56 30.2971
300 20 1.011 1.573 2577.22 30.6763
300 20 1.021 1.5091 2565.18 30.5729
300 20 1.031 1.4587 2549.61 30.4598
300 20 1.041 1.4924 2535.97 30.1979
300 20 1.051 1.4558 2521.43 29.8064
300 20 1.061 1.4015 2507.54 29.8225
300 20 1.071 1.4142 2499.46 29.8521
300 20 1.081 1.3628 2485.16 29.5659
300 20 1.091 1.3121 2474.09 29.5049
300 20 1.101 1.3758 2461.15 28.74
300 20 1.111 1.2929 2448.02 28.752
300 20 1.121 1.2615 2439.6 29.3598
300 20 1.131 1.242 2424.19 29.1311
300 20 1.141 1.218 2417.37 29.5657
300 20 1.151 1.1943 2406.44 29.4438
300 20 1.161 1.1388 2394.54 29.0496
300 20 1.171 1.153 2380.47 29.4757
300 20 1.181 1.1777 2372.71 29.0294
300 20 1.191 1.1325 2363.36 29.781
300 20 1.201 1.1099 2354.24 29.2922
300 20 1.211 1.0715 2344.32 29.4481
300 20 1.221 1.0616 2333.3 29.2265
300 20 1.231 1.0566 2326.63 29.3397
300 20 1.241 1.022 2317.45 28.9444
300 20 1.251 1.0358 2308.11 28.6275
300 20 1.261 1.0178 2300.43 28.5593
300 20 1.271 0.9871 2291.11 28.6511
300 20 1.281 0.962 2285.62 27.6552
300 20 1.291 0.9671 2273.72 27.3861
300 20 1.301 0.9439 2266.8 27.2332
300 20 1.311 0.9299 2259.72 27.1247
300 20 1.321 0.9488 2248.86 27.096
300 20 1.331 0.9034 2244.88 27.7474
300 20 1.341 0.892 2236.35 28.0169
300 20 1.351 0.8797 2227.79 27.8888
300 20 1.361 0.8894 2219.94 27.9146
300 20 1.371 0.8713 2212.48 27.6807
300 20 1.381 0.8412 2207.41 27.7107
300 20 1.391 0.8257 2198.55 27.454
300 20 1.401 0.808 2194.4 27.7078
300 20 1.411 0.7994 2184.74 27.9981
300 20 1.421 0.779 2180.57 28.0605
300 20 1.431 0.7749 2172.94 27.084
300 20 1.441 0.7566 2166.02 26.6513
300 20 1.451 0.7488 2160.51 27.3127
300 20 1.461 0.7376 2154.17 27.2412
300 20 1.471 0.7294 2148.26 27.0433
300 20 1.481 0.7078 2141.62 27.0149
300 20 1.491 0.6796 2136.46 27.0272
300 20 1.501 0.6765 2128.73 27.4522
300 20 1.511 0.6722 2125.49 26.5727
300 20 1.521 0.6597 2120.01 26.4841
300 20 1.531 0.6606 2114.09 26.2589
300 20 1.541 0.6475 2109.39 26.9258
300 20 1.551 0.6442 2103.99 26.8688
300 20 1.561 0.6314 2101.23 26.9158
300 20 1.571 0.6208 2095.19 26.6804
300 20 1.581 0.6099 2089.69 26.6768
300 20 1.591 0.5931 2084.92 26.49
300 20 1.601 0.6003 2081.36 25.9253
300 20 1.611 0.5861 2075.1 25.9085
300 20 1.621 0.5735 2071.61 25.8779
300 20 1.631 0.5704 2066.89 25.8673
300 20 1.641 0.5437 2061.21 26.9087
300 20 1.651 0.5666 2057.35 26.9433
300 20 1.661 0.5598 2053.24 26.717
300 20 1.671 0.5467 2048.78 26.5872
300 20 1.681 0.5361 2043.34 26.5231
300 20 1.691 0.532 2037.82 26.0281
300 20 1.701 0.5154 2034.14 26.3114
300 20 1.711 0.5127 2028.5 26.3275
300 20 1.721 0.5129 2024.53 26.4784
300 20 1.731 0.5112 2021.7 26.2481
300 20 1.741 0.499 2012.63 25.5391
300 20 1.751 0.4819 2008.21 25.0098
300 20 1.761 0.4886 2004.34 24.5647
300 20 1.771 0.4802 1997.42 25.2384
300 20 1.781 0.4698 1992.85 25.4406
300 20 1.791 0.4661 1987.47 25.5711
300 20 1.801 0.4691 1984.28 25.6692
300 20 1.811 0.4549 1978.64 25.5616
300 20 1.821 0.4405 1974.89 25.3143
300 20 1.831 0.4402 1968.32 24.7133
300 20 1.841 0.4359 1963 24.3206
300 20 1.851 0.4406 1957.39 24.4155
300 20 1.861 0.4195 1953.76 24.4146
300 20 1.871 0.4201 1949.02 24.2963
300 20 1.881 0.4048 1944.4 24.1264
300 20 1.891 0.4036 1938.74 23.9923
300 20 1.901 0.4005 1935.69 23.9124
300 20 1.911 0.3809 1929.95 23.6243
300 20 1.921 0.3827 1925.99 23.7313
300 20 1.931 0.3772 1922.73 23.0956
300 20 1.941 0.3709 1917.06 22.4286
300 20 1.951 0.3683 1916.47 22.8016
300 20 1.961 0.3638 1911.99 22.4585
300 20 1.971 0.3567 1908.34 22.1785
300 20 1.981 0.3549 1905.62 22.5811
300 20 1.991 0.3493 1903.27 22.2046
300 30 0.001 29.9354 84379.7 15.3344
300 30 0.011 29.1455 80706.1 16.4958
300 30 0.021 28.4229 77100.2 13.4302
300 30 0.031 27.5561 72977.1 17.5778
300 30 0.041 26.6801 69370.1 20.0658
300 30 0.051 25.8422 65243.1 20.9845
300 30 0.061 24.8602 61134.1 21.7339
300 30 0.071 24.0248 57761.7 22.4482
300 30 0.081 23.2187 53892.4 21.5368
300 30 0.091 22.3299 50435.8 21.2192
300 30 0.101 21.7332 47547.6 22.5503
300 30 0.111 20.8437 44375.5 23.2619
300 30 0.121 20.1522 41668 24.0855
300 30 0.131 19.1279 38489.7 25.0963
300 30 0.141 18.6247 35807.1 26.0979
300 30 0.151 17.9626 33321.8 26.8533
300 30 0.161 17.3137 31388.7 27.8158
300 30 0.171 16.6531 28880.1 28.4482
300 30 0.181 15.7391 26837 28.9018
300 30 0.191 15.3526 24838.3 29.4073
300 30 0.201 14.5837 22807.8 29.8772
300 30 0.211 14.2065 21646.8 29.846
300 30 0.221 13.5385 19739.2 29.8698
300 30 0.231 13.1971 18628.3 30.2773
300 30 0.241 12.6677 17223.1 30.3908
300 30 0.251 12.2523 15974.5 30.4655
300 30 0.261 11.9738 15105.5 30.4448
300 30 0.271 11.5618 14109 30.6176
300 30 0.281 10.8915 13043.5 30.5624
300 30 0.291 10.5373 12017.8 30.5463
300 30 0.301 10.4679 11479.8 30.5783
300 30 0.311 9.8155 10636 30.4516
300 30 0.321 9.5531 10006 30.3952
300 30 0.331 9.2245 9382.1 30.2695
300 30 0.341 8.9543 8734.32 30.0382
300 30 0.351 8.627 8266.67 29.9106
300 30 0.361 8.3827 7880.1 29.7831
300 30 0.371 8.1038 7354.07 29.5058
300 30 0.381 7.685 6943.84 29.3329
300 30 0.391 7.5116 6692.65 29.2512
300 30 0.401 7.2496 6397.5 28.9985
300 30 0.411 7.0703 6110.41 28.7623
300 30 0.421 6.7855 5819.68 28.5996
300 30 0.431 6.6562 5572.22 28.4055
300 30 0.441 6.4985 5376.06 28.2866
300 30 0.451 6.2779 5147.61 28.1042
300 30 0.461 6.0173 4979.91 27.9783
300 30 0.471 5.8268 4822.81 27.7918
300 30 0.481 5.6898 4682.89 27.5772
300 30 0.491 5.4574 4489.82 27.3841
300 30 0.501 5.3531 4390.81 27.144
300 30 0.511 5.2278 4304.72 26.8465
300 30 0.521 5.0945 4192.49 26.294
300 30 0.531 4.8872 4041.46 26.2818
300 30 0.541 4.7512 3987.74 26.3453
300 30 0.551 4.5378 3884.3 26.6329
300 30 0.561 4.4842 3826.66 26.2655
300 30 0.571 4.4951 3794.85 26.0863
300 30 0.581 4.2167 3719.6 25.9164
300 30 0.591 4.2015 3644.43 25.4799
300 30 0.601 4.0735 3585.2 25.0469
300 30 0.611 3.9423 3545.1 25.5962
300 30 0.621 3.9477 3504.99 25.0414
300 30 0.631 3.811 3465.65 24.7391
300 30 0.641 3.7467 3413.11 24.4263
300 30 0.651 3.5583 3364.12 24.3664
300 30 0.661 3.4681 3333.41 24.6281
300 30 0.671 3.4995 3303.92 24.1737
300 30 0.681 3.3635 3270.99 24.2884
300 30 0.691 3.3149 3243.17 24.2238
300 30 0.701 3.1401 3208.11 24.2752
300 30 0.711 3.1379 3182.47 24.0419
300 30 0.721 3.0177 3155.24 24.043
300 30 0.731 2.9598 3130.02 23.8168
300 30 0.741 2.8728 3110.29 23.5132
300 30 0.751 2.7937 3083.13 23.2921
300 30 0.761 2.7009 3061.77 23.337
300 30 0.771 2.6569 3042.28 23.0566
300 30 0.781 2.6776 3023.65 23.3235
300 30 0.791 2.5942 3008.09 23.092
300 30 0.801 2.4783 2989.53 22.7745
300 30 0.811 2.4961 2972.49 22.1792
300 30 0.821 2.4447 2953.71 22.1944
300 30 0.831 2.3277 2933.42 21.911
300 30 0.841 2.2813 2918.5 22.038
300 30 0.851 2.2124 2900.61 21.7837
300 30 0.861 2.1613 2890 21.7731
300 30 0.871 2.1662 2875.09 21.7216
300 30 0.881 2.0559 2858.17 21.8629
300 30 0.891 2.0525 2845.48 21.8446
300 30 0.901 2.0213 2833.13 22.3945
300 30 0.911 2.0032 2819.39 22.3206
300 30 0.921 1.852 2806.42 22.4145
300 30 0.931 1.8771 2792.73 22.2151
300 30 0.941 1.8306 2779.19 22.1115
300 30 0.951 1.8183 2768.82 22.6402
300 30 0.961 1.7645 2754.62 21.9826
300 30 0.971 1.6901 2744.26 22.1299
300 30 0.981 1.7027 2730.12 22.1705
300 30 0.991 1.6028 2717.28 22.023
300 30 1.001 1.6259 2711.03 22.0958
300 30 1.011 1.5614 2698.35 22.1675
300 30 1.021 1.558 2687.33 22.1244
300 30 1.031 1.4834 2672.11 21.8812
300 30 1.041 1.4544 2662.7 21.9528
300 30 1.051 1.4349 2653.28 22.0039
300 30 1.061 1.4175 2644.36 22.1222
300 30 1.071 1.3717 2634.84 21.9244
300 30 1.081 1.3459 2629.07 22.0758
300 30 1.091 1.3427 2614.93 22.0382
300 30 1.101 1.2897 2604.81 21.9649
300 30 1.111 1.2886 2599.71 21.919
300 30 1.121 1.2521 2588.64 21.8617
300 30 1.131 1.2432 2584.48 21.8247
300 30 1.141 1.1837 2573.95 21.7497
300 30 1.151 1.1794 2568.58 21.7783
300 30 1.161 1.1714 2562.19 21.7014
300 30 1.171 1.1449 2555.46 21.6913
300 30 1.181 1.1242 2548.63 21.6744
300 30 1.191 1.1395 2540.59 21.8067
300 30 1.201 1.0875 2536.98 21.4925
300 30 1.211 1.0943 2529.41 21.5085
300 30 1.221 1.0731 2524.05 22.1614
300 30 1.231 1.0332 2520.13 21.4562
300 30 1.241 1.0204 2515.98 21.3791
300 30 1.251 1.0091 2511.32 21.5086
300 30 1.261 1.009 2506.8 21.4355
300 30 1.271 1.0007 2501.73 21.3624
300 30 1.281 0.9592 2499 21.3995
300 30 1.291 0.9726 2496.07 21.3943
300 30 1.301 0.9208 2491.3 21.3205
300 30 1.311 0.9193 2487.96 21.31
300 30 1.321 0.9172 2485.47 21.2248
300 30 1.331 0.8991 2482.01 21.1806
300 30 1.341 0.8893 2479.87 21.1763
300 30 1.351 0.8871 2478.45 21.0789
300 30 1.361 0.8612 2473.14 20.896
300 30 1.371 0.8518 2471.39 20.7747
300 30 1.381 0.8453 2469.5 20.6271
300 30 1.391 0.8239 2464.98 20.9806
300 30 1.401 0.7994 2464 20.9191
300 30 1.411 0.8337 2461.16 20.9697
300 30 1.421 0.7886 2457.8 20.9596
300 30 1.431 0.78 2454.39 20.8757
300 30 1.441 0.7601 2452.55 20.795
300 30 1.451 0.7472 2450.06 20.8409
300 30 1.461 0.7245 2449.21 20.7892
300 30 1.471 0.7382 2444.55 20.702
300 30 1.481 0.7099 2440.94 20.7916
300 30 1.491 0.7056 2437.09 20.7018
300 30 1.501 0.7031 2435.21 20.6734
300 30 1.511 0.6735 2429.54 20.5503
300 30 1.521 0.6607 2424.23 21.1269
300 30 1.531 0.6593 2422.21 21.1581
300 30 1.541 0.6568 2418.53 21.233
300 30 1.551 0.6405 2414.86 21.6139
300 30 1.561 0.6328 2408.33 20.8933
300 30 1.571 0.6003 2402.57 20.7536
300 30 1.581 0.6156 2396.03 20.6646
300 30 1.591 0.5975 2393.05 20.7603
300 30 1.601 0.586 2388.87 20.8882
300 30 1.611 0.5898 2383.97 20.8725
300 30 1.621 0.5899 2379.41 20.8146
300 30 1.631 0.5665 2372.22 20.7701
300 30 1.641 0.5726 2365.61 20.2752
300 30 1.651 0.5587 2359.35 20.0733
300 30 1.661 0.5533 2354.02 19.8089
300 30 1.671 0.5373 2346.17 19.4716
300 30 1.681 0.5281 2342.11 19.7703
300 30 1.691 0.5288 2334.51 19.1813
300 30 1.701 0.5376 2328.85 19.012
300 30 1.711 0.517 2323.47 19.007
300 30 1.721 0.4969 2313.67 18.7751
300 30 1.731 0.5131 2308.57 18.7258
300 30 1.741 0.4984 2303.22 18.7222
300 30 1.751 0.4902 2295.19 18.6839
300 30 1.761 0.491 2290.36 18.5264
300 30 1.771 0.4974 2282.6 18.3248
300 30 1.781 0.4682 2274.65 18.3208
300 30 1.791 0.4691 2267.14 18.2182
300 30 1.801 0.4538 2259.37 18.1138
300 30 1.811 0.4405 2255.97 17.9794
300 30 1.821 0.4428 2251.01 18.1276
300 30 1.831 0.4306 2245.73 18.6281
300 30 1.841 0.4446 2240.35 18.6836
300 30 1.851 0.4206 2233.96 19.3578
300 30 1.861 0.4379 2227.24 18.3079
300 30 1.871 0.4101 2222.88 18.2541
300 30 1.881 0.4123 2216.37 18.2365
300 30 1.891 0.4049 2210.69 18.3996
300 30 1.901 0.3858 2207.46 18.0882
300 30 1.911 0.3929 2200.59 17.8899
300 30 1.921 0.3798 2198.36 17.8944
300 30 1.931 0.3808 2194.24 17.6091
300 30 1.941 0.3761 2189.2 17.5416
300 30 1.951 0.3615 2185.91 17.4735
300 30 1.961 0.3558 2183.51 17.3635
300 30 1.971 0.3574 2180.44 17.1858
300 30 1.981 0.3636 2175.88 16.9372
300 30 1.991 0.3382 2175.31 16.7578
300 40 0.001 2372.45 108101 10.5413
300 40 0.011 2237.75 102995 12.2287
300 40 0.021 2098.19 97654.5 14.5211
300 40 0.031 1962.35 92315.1 16.4678
300 40 0.041 1804.15 86277.4 18.4677
300 40 0.051 1674.68 80909.8 20.3318
300 40 0.061 1524.3 74978.6 21.757
300 40 0.071 1400.79 70127.5 23.3305
300 40 0.081 1278.61 65034.1 24.4782
300 40 0.091 1175.79 60666.2 25.5131
300 40 0.101 1079.24 56583 27.4219
300 40 0.111 971.995 52154.6 26.7322
300 40 0.121 886.627 48421.5 27.3405
300 40 0.131 794.275 44331.6 27.9719
300 40 0.141 727.417 41439.6 28.1292
300 40 0.151 657.622 38180.1 27.6045
300 40 0.161 597.328 35305.9 29.1704
300 40 0.171 526.91 32214.5 29.2001
300 40 0.181 477.008 29682.2 29.4354
300 40 0.191 425.777 27267.2 29.6557
300 40 0.201 384.723 25296.8 29.3776
300 40 0.211 341.322 23111.6 28.4836
300 40 0.221 303.02 21372 29.0398
300 40 0.231 275.03 19850.5 29.9673
300 40 0.241 241.103 18045.5 30.0453
300 40 0.251 218.032 16843.2 29.9923
300 40 0.261 187.098 15304 29.9375
300 40 0.271 166.591 14215.6 29.8161
300 40 0.281 153.228 13462.9 29.7371
300 40 0.291 133.841 12278.7 29.6879
300 40 0.301 119.55 11389.9 29.461
300 40 0.311 106.463 10706.9 29.4896
300 40 0.321 91.8416 9795.97 29.3815
300 40 0.331 83.8596 9272.29 28.948
300 40 0.341 72.2645 8590.7 28.6559
300 40 0.351 65.6399 8126.72 28.3461
300 40 0.361 57.0396 7558.29 28.1454
300 40 0.371 53.593 7248.08 28.0754
300 40 0.381 47.5295 6888.93 27.8582
300 40 0.391 39.436 6410.46 27.5357
300 40 0.401 35.6913 6095.54 27.2732
300 40 0.411 32.3308 5866.43 27.1403
300 40 0.421 28.0036 5535.12 26.9254
300 40 0.431 25.3754 5321.02 26.748
300 40 0.441 23.814 5141.84 26.3946
300 40 0.451 19.9767 4864.2 26.1297
300 40 0.461 18.6819 4739.96 25.9119
300 40 0.471 17.0536 4606.51 25.7227
300 40 0.481 15.7372 4462.55 25.5067
300 40 0.491 13.8928 4317.76 25.3009
300 40 0.501 12.6363 4201.89 25.1214
300 40 0.511 11.6468 4108.42 24.8886
300 40 0.521 10.6895 3996.68 24.7964
300 40 0.531 9.9323 3908.47 24.5361
300 40 0.541 9.6303 3852.86 24.4015
300 40 0.551 8.4907 3749.39 24.1134
300 40 0.561 8.2217 3697.89 24.0467
300 40 0.571 7.5844 3631 23.8733
300 40 0.581 7.3561 3587.18 23.7836
300 40 0.591 6.9635 3517.96 23.6182
300 40 0.601 6.6743 3480.57 23.5102
300 40 0.611 6.2023 3418.47 23.2552
300 40 0.621 6.0351 3378.8 23.1039
300 40 0.631 5.774 3344.73 23.071
300 40 0.641 5.4006 3294 22.9304
300 40 0.651 5.2703 3271.22 22.8446
300 40 0.661 5.2203 3247.59 22.8698
300 40 0.671 5.0574 3216.07 22.9567
300 40 0.681 4.8341 3187.04 22.8117
300 40 0.691 4.7275 3160.01 22.4928
300 40 0.701 4.5273 3120.27 22.3798
300 40 0.711 4.4289 3102.86 22.3482
300 40 0.721 4.4196 3080.42 22.2803
300 40 0.731 4.3295 3065.94 22.2529
300 40 0.741 4.1497 3038.5 22.2276
300 40 0.751 4.1912 3021.5 22.1101
300 40 0.761 4.0482 2997.4 22.0241
300 40 0.771 3.9449 2978.05 21.952
300 40 0.781 3.8904 2959.72 21.9208
300 40 0.791 3.8859 2950.79 21.8999
300 40 0.801 3.7835 2925.45 21.8602
300 40 0.811 3.7015 2914.29 21.819
300 40 0.821 3.6986 2901.65 21.804
300 40 0.831 3.5628 2876.62 21.7111
300 40 0.841 3.5654 2862.76 21.713
300 40 0.851 3.4313 2852.26 21.7162
300 40 0.861 3.4164 2838.99 21.7182
300 40 0.871 3.333 2823.9 21.6763
300 40 0.881 3.3134 2809.63 21.6768
300 40 0.891 3.2319 2792.66 21.7056
300 40 0.901 3.1821 2784.66 22.1147
300 40 0.911 3.1506 2770.97 22.0116
300 40 0.921 3.0957 2760.31 21.6909
300 40 0.931 3.0678 2751.75 21.5822
300 40 0.941 3.0371 2736.48 22.1547
300 40 0.951 2.9803 2730.75 22.206
300 40 0.961 2.9278 2714.95 22.1521
300 40 0.971 2.8855 2709.65 22.1115
300 40 0.981 2.8603 2694.06 22.0606
300 40 0.991 2.778 2687.89 22.0864
300 40 1.001 2.7604 2676.06 21.8406
300 40 1.011 2.7388 2666.24 21.3858
300 40 1.021 2.6514 2653.51 21.4255
300 40 1.031 2.6725 2646.88 21.3738
300 40 1.041 2.6244 2634.99 21.347
300 40 1.051 2.5939 2624.38 21.2432
300 40 1.061 2.5789 2618.14 21.2355
300 40 1.071 2.5523 2608.88 21.2957
300 40 1.081 2.4939 2596.58 21.2449
300 40 1.091 2.5289 2590.91 21.2426
300 40 1.101 2.4375 2579.65 21.1648
300 40 1.111 2.448 2572.78 21.5007
300 40 1.121 2.4044 2561.19 21.1254
300 40 1.131 2.4001 2551.85 21.0864
300 40 1.141 2.352 2545.18 21.0834
300 40 1.151 2.3277 2534.92 21.1697
300 40 1.161 2.3311 2530.38 21.159
300 40 1.171 2.3292 2519.89 21.1455
300 40 1.181 2.2401 2509.73 21.035
300 40 1.191 2.2483 2503.65 20.8183
300 40 1.201 2.2312 2495.23 20.3813
300 40 1.211 2.2508 2491.54 20.5782
300 40 1.221 2.2165 2479.34 20.9686
300 40 1.231 2.1826 2473.51 21.1056
300 40 1.241 2.1631 2464.87 21.1085
300 40 1.251 2.1484 2459.48 21.1149
300 40 1.261 2.1456 2455.85 21.1257
300 40 1.271 2.1411 2448 21.1208
300 40 1.281 2.1176 2444.14 21.0889
300 40 1.291 2.0944 2437.69 21.0528
300 40 1.301 2.0908 2433.49 21.1041
300 40 1.311 2.0566 2426.45 21.0105
300 40 1.321 2.0438 2421.89 20.9236
300 40 1.331 2.0371 2419.58 20.7519
300 40 1.341 2.0035 2417.34 20.46
300 40 1.351 1.9962 2412.18 21.0212
300 40 1.361 1.9713 2408.19 21.1551
300 40 1.371 1.9661 2404.53 21.1677
300 40 1.381 1.9439 2403.95 20.4923
300 40 1.391 1.9412 2401.2 20.5762
300 40 1.401 1.9238 2397.97 20.5801
300 40 1.411 1.9197 2396.62 20.5841
300 40 1.421 1.9126 2394.89 20.4602
300 40 1.431 1.887 2393.41 20.3608
300 40 1.441 1.8926 2391.98 20.3313
300 40 1.451 1.8732 2390.41 20.3109
300 40 1.461 1.8256 2388.31 20.3548
300 40 1.471 1.8307 2388.01 20.3815
300 40 1.481 1.8416 2387.27 20.4227
300 40 1.491 1.8066 2385.48 20.3781
300 40 1.501 1.7987 2384.9 20.3814
300 40 1.511 1.7737 2384.02 20.4044
300 40 1.521 1.7572 2382.86 20.3744
300 40 1.531 1.7572 2382.09 20.3571
300 40 1.541 1.7413 2381.54 20.3892
300 40 1.551 1.7276 2381.3 20.2484
300 40 1.561 1.7274 2380.56 20.1987
300 40 1.571 1.6981 2380.01 20.1738
300 40 1.581 1.6883 2379.47 20.0855
300 40 1.591 1.691 2378.8 20.1151
300 40 1.601 1.6821 2377.64 20.2259
300 40 1.611 1.696 2377.57 20.163
300 40 1.621 1.6636 2376.49 20.0651
300 40 1.631 1.659 2376 19.7187
300 40 1.641 1.6698 2374.58 19.2105
300 40 1.651 1.6509 2374.77 19.2465
300 40 1.661 1.6314 2373.68 19.1033
300 40 1.671 1.6266 2371.85 19.1779
300 40 1.681 1.6348 2372.98 19.0503
300 40 1.691 1.6292 2371.25 19.0924
300 40 1.701 1.6187 2370.01 19.8884
300 40 1.711 1.601 2369.49 19.8273
300 40 1.721 1.6108 2369.83 19.8345
300 40 1.731 1.6012 2367.26 19.7334
300 40 1.741 1.5648 2367.4 19.9658
300 40 1.751 1.5629 2365.84 19.7889
300 40 1.761 1.5484 2365.26 19.6565
300 40 1.771 1.5461 2364.27 19.8675
300 40 1.781 1.5145 2362.02 19.6043
300 40 1.791 1.5273 2359.99 19.6469
300 40 1.801 1.5103 2359.33 19.6597
300 40 1.811 1.5011 2358.25 19.6224
300 40 1.821 1.4998 2355.4 19.5572
300 40 1.831 1.4796 2354.61 19.4461
300 40 1.841 1.4665 2350.92 19.4426
300 40 1.851 1.4654 2349.92 19.3059
300 40 1.861 1.4478 2348.32 19.3645
300 40 1.871 1.4207 2346.6 19.4093
300 40 1.881 1.4339 2344.52 19.5524
300 40 1.891 1.4206 2342.15 19.5474
300 40 1.901 1.4031 2340.67 19.1768
300 40 1.911 1.417 2333.34 18.876
300 40 1.921 1.3808 2333.54 18.8159
300 40 1.931 1.3887 2326.17 18.5601
300 40 1.941 1.3768 2326 18.3132
300 40 1.951 1.3604 2326.5 18.5513
300 40 1.961 1.3528 2319.82 18.598
300 40 1.971 1.3616 2317.63 18.0442
300 40 1.981 1.3446 2310.74 17.0467
300 40 1.991 1.3325 2308.63 16.7205
400 10 0.001 9.9945 42327.4 3.2946
400 10 0.011 9.8922 41746.7 3.6808
400 10 0.021 9.8099 41245 3.8868
400 10 0.031 9.7081 40558.1 4.4158
400 10 0.041 9.5759 39880.5 4.8993
400 10 0.051 9.4845 39223.1 5.1318
400 10 0.061 9.3961 38536.1 6.2927
400 10 0.071 9.2063 37675.3 6.9417
400 10 0.081 9.0891 37033.2 7.9118
400 10 0.091 9.0127 36373.8 8.4992
400 10 0.101 8.8197 35584.1 8.5913
400 10 0.111 8.7434 34927.2 9.1134
400 10 0.121 8.6186 34169.9 9.9626
400 10 0.131 8.477 33524.9 10.7266
400 10 0.141 8.3419 32722.9 11.7612
400 10 0.151 8.2049 31878.6 12.6921
400 10 0.161 8.1698 31431.6 13.2916
400 10 0.171 7.9719 30608.5 14.4013
400 10 0.181 7.8731 29908.1 15.4196
400 10 0.191 7.684 28962.5 16.5908
400 10 0.201 7.6181 28500.2 17.2035
400 10 0.211 7.4873 27815.7 18.4239
400 10 0.221 7.3772 27104.9 19.2209
400 10 0.231 7.2453 26508.4 20.3454
400 10 0.241 7.1414 25979.8 21.1934
400 10 0.251 6.9639 25139.8 22.4099
400 10 0.261 6.8671 24561.1 23.3855
400 10 0.271 6.744 23844.4 24.3712
400 10 0.281 6.6505 23239.8 25.4527
400 10 0.291 6.473 22671.2 26.5767
400 10 0.301 6.4349 22131 27.4024
400 10 0.311 6.2841 21510.6 28.5609
400 10 0.321 6.1373 20860 29.6244
400 10 0.331 6.0641 20315 30.6
400 10 0.341 5.9299 19864.8 31.6297
400 10 0.351 5.899 19401.1 32.5932
400 10 0.361 5.7536 18841.3 33.6098
400 10 0.371 5.6769 18372.6 34.4546
400 10 0.381 5.4965 17672.7 35.9204
400 10 0.391 5.4059 17436.6 37.1184
400 10 0.401 5.3416 16879.3 38.8647
400 10 0.411 5.2142 16294.3 40.7473
400 10 0.421 5.1476 15950.9 41.4777
400 10 0.431 4.9971 15383.8 42.0515
400 10 0.441 4.9323 15094.9 42.9771
400 10 0.451 4.8041 14575.9 43.6894
400 10 0.461 4.744 14178 44.8232
400 10 0.471 4.7543 13954.7 45.723
400 10 0.481 4.6323 13457.4 46.7559
400 10 0.491 4.5152 13057.5 47.6325
400 10 0.501 4.4303 12882.7 48.2565
400 10 0.511 4.2835 12427.5 49.0953
400 10 0.521 4.2247 11969.1 50.2293
400 10 0.531 4.1514 11709.3 50.9422
400 10 0.541 4.0878 11448.6 51.5842
400 10 0.551 3.9909 11144.2 52.7874
400 10 0.561 3.9613 10725.6 53.8201
400 10 0.571 3.8817 10502.9 54.5666
400 10 0.581 3.7753 10174.8 55.2313
400 10 0.591 3.6826 9905.13 55.9816
400 10 0.601 3.6542 9667.25 56.6025
400 10 0.611 3.5327 9312.07 57.8222
400 10 0.621 3.5046 9186.12 58.1629
400 10 0.631 3.3208 8870.45 58.9896
400 10 0.641 3.4207 8691.51 59.519
400 10 0.651 3.3265 8508.1 59.794
400 10 0.661 3.2364 8210.97 59.7415
400 10 0.671 3.1584 7974.57 59.9176
400 10 0.681 3.103 7825.4 59.8089
400 10 0.691 3.1085 7667.47 60.5474
400 10 0.701 2.9361 7402.74 61.1686
400 10 0.711 2.9214 7260.55 61.75
400 10 0.721 2.8527 7068.07 62.3727
400 10 0.731 2.8291 6950.35 62.4115
400 10 0.741 2.7797 6792.07 63.432
400 10 0.751 2.6846 6602.95 63.5441
400 10 0.761 2.6874 6511.84 63.7619
400 10 0.771 2.5952 6327.59 64.2421
400 10 0.781 2.5113 6131.22 64.5766
400 10 0.791 2.4669 6020.04 65.1406
400 10 0.801 2.4733 5925.88 65.3254
400 10 0.811 2.3756 5813.43 66.6202
400 10 0.821 2.3594 5690.4 66.5187
400 10 0.831 2.2883 5564.03 66.8568
400 10 0.841 2.2495 5443.36 66.9218
400 10 0.851 2.1827 5345.17 67.3836
400 10 0.861 2.1677 5227.96 67.5194
400 10 0.871 2.1207 5209.77 67.5632
400 10 0.881 2.0753 5080.41 67.5135
400 10 0.891 2.025 4983.06 67.8928
400 10 0.901 2.0085 4889.02 68.0684
400 10 0.911 1.9306 4797.95 68.1025
400 10 0.921 1.9033 4712.34 68.678
400 10 0.931 1.876 4669.53 68.9444
400 10 0.941 1.848 4565.93 68.8785
400 10 0.951 1.7768 4506.13 68.9119
400 10 0.961 1.7261 4414.1 69.1192
400 10 0.971 1.701 4343.74 68.8455
400 10 0.981 1.6769 4299.05 69.2215
400 10 0.991 1.6167 4234.9 69.0819
400 10 1.001 1.6039 4197.21 69.3468
400 10 1.011 1.567 4104.91 69.1151
400 10 1.021 1.5098 4058.09 69.9752
400 10 1.031 1.4673 4019.19 70.0167
400 10 1.041 1.4543 3949.58 69.4255
400 10 1.051 1.4144 3924.17 69.4064
400 10 1.061 1.3765 3867.57 69.4312
400 10 1.071 1.338 3834.21 68.6988
400 10 1.081 1.3526 3784.32 69.228
400 10 1.091 1.2673 3753.34 69.1349
400 10 1.101 1.2882 3718.62 67.9175
400 10 1.111 1.2867 3664.36 67.6769
400 10 1.121 1.2642 3646.36 67.5281
400 10 1.131 1.2229 3609.01 67.376
400 10 1.141 1.225 3563.99 67.1394
400 10 1.151 1.1952 3549.04 68.2709
400 10 1.161 1.1728 3514.16 68.3142
400 10 1.171 1.129 3480.74 68.1451
400 10 1.181 1.1514 3453.18 67.7383
400 10 1.191 1.0937 3423.75 67.7967
400 10 1.201 1.1158 3390.71 67.4015
400 10 1.211 1.0837 3368.68 66.8006
400 10 1.221 1.07 3342.38 66.6589
400 10 1.231 1.0332 3313.27 66.3023
400 10 1.241 1.0321 3282.48 65.9117
400 10 1.251 1.0073 3264.12 65.4919
400 10 1.261 1.0313 3235.25 65.4552
400 10 1.271 0.9818 3200.53 64.4879
400 10 1.281 0.9636 3190.42 63.083
400 10 1.291 0.9708 3169.66 63.4418
400 10 1.301 0.9505 3138.75 63.1194
400 10 1.311 0.9263 3116.61 62.9763
400 10 1.321 0.9228 3093.07 62.2814
400 10 1.331 0.8855 3079.9 61.9761
400 10 1.341 0.8743 3054.59 62.8366
400 10 1.351 0.8847 3030.84 63.06
400 10 1.361 0.8845 3012.69 62.6562
400 10 1.371 0.8461 2997.98 61.8
400 10 1.381 0.8248 2983.69 61.4877
400 10 1.391 0.8231 2947.98 60.7998
400 10 1.401 0.8161 2937.1 60.6649
400 10 1.411 0.7817 2912.89 60.2915
400 10 1.421 0.7795 2899.56 59.5756
400 10 1.431 0.7799 2879.63 60.198
400 10 1.441 0.7505 2861.88 58.1557
400 10 1.451 0.7629 2845.72 57.8797
400 10 1.461 0.7316 2832.55 57.3101
400 10 1.471 0.7416 2810.78 57.5579
400 10 1.481 0.6897 2787.66 59.2413
400 10 1.491 0.7356 2781.08 57.9006
400 10 1.501 0.6889 2766.18 57.0651
400 10 1.511 0.6756 2745.45 56.5241
400 10 1.521 0.6646 2727.86 57.7215
400 10 1.531 0.665 2715.07 57.266
400 10 1.541 0.6656 2700.85 55.8194
400 10 1.551 0.6208 2684.19 57.3267
400 10 1.561 0.6252 2672.52 56.9364
400 10 1.571 0.6143 2651.77 56.1814
400 10 1.581 0.6058 2635.43 56.6128
400 10 1.591 0.5889 2624.84 55.6101
400 10 1.601 0.6165 2616.32 53.7229
400 10 1.611 0.5762 2601.82 52.7611
400 10 1.621 0.576 2589.31 52.5372
400 10 1.631 0.5648 2585.63 52.5006
400 10 1.641 0.5554 2570.46 52.0177
400 10 1.651 0.5674 2555.12 52.8817
400 10 1.661 0.5609 2543.11 52.378
400 10 1.671 0.5442 2534.57 52.2604
400 10 1.681 0.5473 2522.63 51.8736
400 10 1.691 0.5244 2513.47 51.6382
400 10 1.701 0.5172 2500.37 51.3676
400 10 1.711 0.5214 2484.99 51.1376
400 10 1.721 0.5197 2474.07 50.934
400 10 1.731 0.513 2463.82 50.4243
400 10 1.741 0.4998 2452.95 50.0063
400 10 1.751 0.4829 2440.16 49.648
400 10 1.761 0.4848 2428.77 49.5791
400 10 1.771 0.4744 2420.58 49.3547
400 10 1.781 0.473 2406.33 49.7312
400 10 1.791 0.4723 2399.04 50.1463
400 10 1.801 0.4674 2387.84 50.6073
400 10 1.811 0.4667 2375.61 49.7545
400 10 1.821 0.4431 2362.64 49.2345
400 10 1.831 0.4348 2355.94 48.6557
400 10 1.841 0.4512 2340.75 48.7632
400 10 1.851 0.4126 2334.1 48.4256
400 10 1.861 0.4227 2323.13 48.0032
400 10 1.871 0.4277 2313.92 47.5925
400 10 1.881 0.4067 2304.56 47.3783
400 10 1.891 0.3975 2287.79 46.8044
400 10 1.901 0.3964 2287.01 45.2897
400 10 1.911 0.3853 2275.35 44.1914
400 10 1.921 0.3872 2267.87 43.7085
400 10 1.931 0.3883 2252.8 43.0614
400 10 1.941 0.3684 2248.86 42.8788
400 10 1.951 0.3612 2236.31 42.6978
400 10 1.961 0.3635 2227.78 42.3156
400 10 1.971 0.3519 2223.26 41.7193
400 10 1.981 0.3512 2211.04 40.8845
400 10 1.991 0.3338 2204.16 40.1663
400 20 0.001 19.9742 79577.1 10.9322
400 20 0.011 19.6136 77252 11.9056
400 20 0.021 19.2572 74808.4 12.8134
400 20 0.031 18.8564 72497.5 13.7923
400 20 0.041 18.4909 69939.2 14.8958
400 20 0.051 17.9754 67104.6 15.9997
400 20 0.061 17.5199 64413.1 17.1332
400 20 0.071 17.2094 62034.1 18.2541
400 20 0.081 16.7027 59204.5 19.3796
400 20 0.091 16.4368 57239.3 20.3421
400 20 0.101 15.8174 54263.1 21.5844
400 20 0.111 15.4842 51868.9 22.0471
400 20 0.121 14.969 49806.3 23.0902
400 20 0.131 14.7235 47424.1 24.1199
400 20 0.141 14.2209 44987.1 25.1131
400 20 0.151 14.0048 43003.9 22.5775
400 20 0.161 13.4199 41171.9 23.7265
400 20 0.171 13.1859 39271.2 24.6823
400 20 0.181 12.7433 37577 28.122
400 20 0.191 12.2584 35373.9 30.263
400 20 0.201 12.1387 33941.1 31.1678
400 20 0.211 11.722 32170.8 32.0874
400 20 0.221 11.4188 30680.2 32.8159
400 20 0.231 11.1344 29061.9 33.6528
400 20 0.241 10.7286 27605.6 34.4643
400 20 0.251 10.6061 26150.7 35.1443
400 20 0.261 10.1714 24723.3 35.9811
400 20 0.271 10.0355 23632.8 36.6601
400 20 0.281 9.6459 21965.7 37.6667
400 20 0.291 9.3373 20883.6 37.5765
400 20 0.301 9.079 19707.2 38.2313
400 20 0.311 8.9851 19160 38.679
400 20 0.321 8.618 18094.5 38.4919
400 20 0.331 8.2984 16847.7 40.137
400 20 0.341 8.0479 16053.5 40.5399
400 20 0.351 7.9007 15375.7 41.0678
400 20 0.361 7.7778 14781.6 41.0592
400 20 0.371 7.4551 13869.1 40.8809
400 20 0.381 7.2884 13184 40.9552
400 20 0.391 7.0626 12645.8 41.9532
400 20 0.401 6.885 11878 42.5209
400 20 0.411 6.616 11329.4 42.9608
400 20 0.421 6.554 10840 42.6724
400 20 0.431 6.3422 10248.9 43.2077
400 20 0.441 6.1579 9913.98 43.1598
400 20 0.451 6.0344 9462.52 43.4906
400 20 0.461 5.9153 8961.02 43.1968
400 20 0.471 5.6204 8554.51 42.0933
400 20 0.481 5.4813 8157.33 42.5396
400 20 0.491 5.3611 7909.74 42.9378
400 20 0.501 5.2149 7639.58 42.9697
400 20 0.511 5.1575 7359.71 43.5694
400 20 0.521 4.9535 7086.18 43.5329
400 20 0.531 4.8225 6783.03 42.908
400 20 0.541 4.7642 6542.39 43.1369
400 20 0.551 4.6149 6332.88 43.1239
400 20 0.561 4.5919 6132.6 43.1081
400 20 0.571 4.3383 5881.23 42.9408
400 20 0.581 4.1928 5643.55 42.8441
400 20 0.591 4.1528 5548.95 42.6871
400 20 0.601 4.0853 5384.81 42.8339
400 20 0.611 3.8631 5227.1 42.3767
400 20 0.621 3.7862 5072.97 42.4352
400 20 0.631 3.792 4984.79 42.7079
400 20 0.641 3.692 4884.37 42.5488
400 20 0.651 3.5585 4706.98 41.8839
400 20 0.661 3.4528 4583.77 42.3329
400 20 0.671 3.414 4482.98 42.339
400 20 0.681 3.3519 4404.53 42.3118
400 20 0.691 3.1889 4335.23 42.2136
400 20 0.701 3.1676 4265 42.077
400 20 0.711 3.1391 4141.86 41.7925
400 20 0.721 3.0274 4088.75 41.6201
400 20 0.731 2.9824 4009.17 41.5855
400 20 0.741 2.8275 3959.16 41.3234
400 20 0.751 2.839 3885.62 41.3343
400 20 0.761 2.8283 3842.35 40.6719
400 20 0.771 2.7659 3780.19 40.3668
400 20 0.781 2.7099 3728.44 40.1601
400 20 0.791 2.5739 3674.53 40.0219
400 20 0.801 2.5032 3621.71 39.851
400 20 0.811 2.4827 3588.96 39.6489
400 20 0.821 2.4315 3530.81 39.5434
400 20 0.831 2.3594 3490.09 39.3314
400 20 0.841 2.2858 3443.91 39.0642
400 20 0.851 2.2131 3415.08 39.0206
400 20 0.861 2.2023 3391.22 38.8369
400 20 0.871 2.1897 3338.28 38.6278
400 20 0.881 2.0794 3310.95 38.4678
400 20 0.891 2.056 3277.66 38.3877
400 20 0.901 2.0292 3258.23 38.249
400 20 0.911 2.0045 3232.29 38.1885
400 20 0.921 1.9346 3195.1 38.0289
400 20 0.931 1.8655 3171.06 37.5889
400 20 0.941 1.8187 3141.19 37.746
400 20 0.951 1.8387 3126.4 37.766
400 20 0.961 1.7466 3084.31 38.4054
400 20 0.971 1.7479 3071.07 38.2498
400 20 0.981 1.7044 3048.85 37.8831
400 20 0.991 1.6244 3026.91 37.5759
400 20 1.001 1.601 3000.31 37.3338
400 20 1.011 1.5757 2980.07 37.089
400 20 1.021 1.516 2956.83 37.433
400 20 1.031 1.4935 2937.21 37.8604
400 20 1.041 1.4525 2918.53 37.3352
400 20 1.051 1.4483 2904.38 37.0327
400 20 1.061 1.4384 2886.55 36.9351
400 20 1.071 1.3681 2865.18 36.7702
400 20 1.081 1.3735 2848.47 36.6583
400 20 1.091 1.3278 2832.58 36.5656
400 20 1.101 1.2763 2814.87 36.5844
400 20 1.111 1.2988 2802.99 36.3314
400 20 1.121 1.2449 2783.77 35.26
400 20 1.131 1.2127 2773.93 35.2465
400 20 1.141 1.2595 2758.81 35.1417
400 20 1.151 1.1791 2737.39 34.9666
400 20 1.161 1.18 2729.1 35.1105
400 20 1.171 1.141 2712.7 34.6808
400 20 1.181 1.0919 2700.3 34.7816
400 20 1.191 1.1011 2690.65 34.7203
400 20 1.201 1.0951 2675.71 34.7028
400 20 1.211 1.0776 2664.18 34.4772
400 20 1.221 1.0925 2650.59 34.4778
400 20 1.231 1.0441 2639.04 34.2432
400 20 1.241 1.0558 2625.29 34.2162
400 20 1.251 0.999 2612.06 34.752
400 20 1.261 1.0172 2601.76 34.4661
400 20 1.271 0.9847 2595.33 34.4304
400 20 1.281 0.9905 2579.95 34.3597
400 20 1.291 0.9543 2572.35 34.2465
400 20 1.301 0.9502 2560.41 34.4597
400 20 1.311 0.9388 2549.45 35.5508
400 20 1.321 0.895 2537.2 33.9313
400 20 1.331 0.8936 2529.55 33.542
400 20 1.341 0.9047 2516.39 33.4498
400 20 1.351 0.8868 2509.27 33.8582
400 20 1.361 0.8759 2498.92 34.1741
400 20 1.371 0.8459 2488.83 34.1177
400 20 1.381 0.8188 2480.9 33.9201
400 20 1.391 0.8311 2471.17 33.8433
400 20 1.401 0.8042 2459.75 33.6662
400 20 1.411 0.8041 2453.19 32.9048
400 20 1.421 0.7984 2444.04 32.8867
400 20 1.431 0.7631 2433.33 32.5365
400 20 1.441 0.7514 2427.11 32.572
400 20 1.451 0.7687 2418.61 32.4382
400 20 1.461 0.7294 2409.25 32.4784
400 20 1.471 0.7456 2401.72 32.419
400 20 1.481 0.7069 2395.8 32.1814
400 20 1.491 0.7175 2382.43 34.1218
400 20 1.501 0.6869 2376.15 33.9337
400 20 1.511 0.6799 2370.84 33.6544
400 20 1.521 0.6656 2360.49 32.5398
400 20 1.531 0.6447 2355.77 32.5535
400 20 1.541 0.6517 2348.21 32.4224
400 20 1.551 0.6477 2342.99 32.3125
400 20 1.561 0.6182 2332.77 32.2547
400 20 1.571 0.6317 2326.19 32.1964
400 20 1.581 0.5964 2318.62 31.9662
400 20 1.591 0.5865 2313.55 32.0087
400 20 1.601 0.5845 2306.68 31.7811
400 20 1.611 0.6013 2299.25 32.6053
400 20 1.621 0.5623 2291.38 32.5238
400 20 1.631 0.5742 2287.33 32.1613
400 20 1.641 0.5639 2281.12 32.3018
400 20 1.651 0.554 2274.96 32.2201
400 20 1.661 0.5599 2268.15 32.7236
400 20 1.671 0.5614 2264.55 31.4406
400 20 1.681 0.5301 2256.15 31.7126
400 20 1.691 0.536 2249.46 32.0074
400 20 1.701 0.5186 2244.56 32.084
400 20 1.711 0.532 2236.52 32.3448
400 20 1.721 0.5176 2232.02 31.4393
400 20 1.731 0.5036 2227.04 29.5199
400 20 1.741 0.505 2219.88 29.3921
400 20 1.751 0.4928 2216.11 29.424
400 20 1.761 0.4934 2211.2 29.3877
400 20 1.771 0.4733 2203.94 29.2187
400 20 1.781 0.4794 2198.48 29.0171
400 20 1.791 0.4759 2193.83 28.9658
400 20 1.801 0.459 2188.36 28.8305
400 20 1.811 0.4542 2184.11 28.7122
400 20 1.821 0.4381 2181.48 28.557
400 20 1.831 0.4372 2175.11 28.5482
400 20 1.841 0.4314 2169.75 28.2673
400 20 1.851 0.4201 2167.02 28.1952
400 20 1.861 0.4201 2163.38 28.1901
400 20 1.871 0.4236 2158.38 27.8919
400 20 1.881 0.4124 2154.96 28.7665
400 20 1.891 0.4002 2149.88 29.4947
400 20 1.901 0.3932 2146.58 28.7626
400 20 1.911 0.3819 2143.52 28.4941
400 20 1.921 0.3722 2138.54 28.3163
400 20 1.931 0.3776 2135.35 28.0722
400 20 1.941 0.3608 2132.68 27.8494
400 20 1.951 0.3658 2129.09 27.6131
400 20 1.961 0.3479 2124.73 26.6465
400 20 1.971 0.3471 2120.8 26.8871
400 20 1.981 0.3488 2118.11 26.0122
400 20 1.991 0.3405 2113.54 25.7283
400 30 0.001 29.9546 114821 15.9585
400 30 0.011 29.2804 110291 16.8104
400 30 0.021 28.387 104752 17.8082
400 30 0.031 27.4366 99211.8 19.0975
400 30 0.041 26.8155 94264.9 20.8698
400 30 0.051 25.7908 88686 21.8577
400 30 0.061 24.8989 83158.6 22.8384
400 30 0.071 23.9677 77804.6 23.8012
400 30 0.081 23.1444 72698.6 24.6292
400 30 0.091 22.456 68656.9 24.2503
400 30 0.101 21.5201 63583.1 26.1746
400 30 0.111 20.772 59779.4 26.7975
400 30 0.121 20.1695 56432.1 28.2367
400 30 0.131 19.31 51718.9 29.4127
400 30 0.141 18.6993 48661.5 29.2335
400 30 0.151 18.1083 45190.3 30.2202
400 30 0.161 17.4021 41583.1 31.5169
400 30 0.171 16.727 39215.8 32.2596
400 30 0.181 15.9707 35749.5 33.1161
400 30 0.191 15.4336 33209.1 33.7695
400 30 0.201 15.0569 31163.1 34.3588
400 30 0.211 14.1758 28747.3 34.8959
400 30 0.221 13.658 26375.1 34.8632
400 30 0.231 13.3061 24728.9 35.4981
400 30 0.241 12.6328 23054.8 35.6655
400 30 0.251 12.277 21312.5 36.2423
400 30 0.261 11.9294 19967.5 36.5248
400 30 0.271 11.5648 18458.3 36.4059
400 30 0.281 11.0792 16914.1 36.3996
400 30 0.291 10.5581 15606.2 36.9721
400 30 0.301 10.1933 14746.3 36.9579
400 30 0.311 9.9462 13892.3 36.7396
400 30 0.321 9.5033 12872.7 36.5375
400 30 0.331 9.3056 12334.3 36.5361
400 30 0.341 8.8687 11379.3 36.1515
400 30 0.351 8.6122 10544.2 35.8839
400 30 0.361 8.3614 10149 35.6973
400 30 0.371 7.971 9091.38 35.2418
400 30 0.381 7.6851 8847.45 34.8576
400 30 0.391 7.505 8309.39 34.8563
400 30 0.401 7.2388 7939.61 34.7455
400 30 0.411 7.1217 7616.2 34.3594
400 30 0.421 7.0309 7193.23 33.8738
400 30 0.431 6.6189 6774.12 33.7522
400 30 0.441 6.4457 6526.02 33.6484
400 30 0.451 6.2632 6273.61 33.415
400 30 0.461 6.0258 6067.01 33.4052
400 30 0.471 5.8928 5771.98 33.4645
400 30 0.481 5.6367 5595.62 33.2275
400 30 0.491 5.4806 5408.59 33.1828
400 30 0.501 5.4683 5260.59 32.9061
400 30 0.511 5.1804 5039.64 32.5394
400 30 0.521 5.0842 4911.45 32.0589
400 30 0.531 4.9464 4832.96 31.8639
400 30 0.541 4.7824 4679.33 31.6313
400 30 0.551 4.6243 4575.81 31.4065
400 30 0.561 4.4741 4493.72 31.1498
400 30 0.571 4.4983 4362.79 31.0079
400 30 0.581 4.3545 4313.93 30.9032
400 30 0.591 4.1931 4220.47 30.6598
400 30 0.601 4.1318 4151.01 30.4549
400 30 0.611 3.9422 4066.76 30.5232
400 30 0.621 3.9471 4041.2 30.5581
400 30 0.631 3.7702 3975.54 30.2963
400 30 0.641 3.6496 3910.65 30.1923
400 30 0.651 3.5773 3860.23 29.9608
400 30 0.661 3.4867 3822.49 29.8904
400 30 0.671 3.4337 3780.99 29.8153
400 30 0.681 3.3056 3727.01 29.2728
400 30 0.691 3.1585 3677.13 28.9645
400 30 0.701 3.185 3654.65 28.8106
400 30 0.711 3.081 3614.72 28.6681
400 30 0.721 3.0229 3569.61 28.6964
400 30 0.731 2.9706 3539.8 28.4611
400 30 0.741 2.9562 3520.54 28.3021
400 30 0.751 2.8263 3482.24 27.891
400 30 0.761 2.7679 3454.14 28.0759
400 30 0.771 2.6558 3428.87 28.0039
400 30 0.781 2.6436 3401.62 28.0654
400 30 0.791 2.5213 3378.29 27.7086
400 30 0.801 2.5197 3350.11 27.5585
400 30 0.811 2.4653 3329.83 27.9077
400 30 0.821 2.4281 3308.76 27.7017
400 30 0.831 2.3682 3280.88 27.7471
400 30 0.841 2.3201 3261.89 27.7489
400 30 0.851 2.2951 3236.98 27.5725
400 30 0.861 2.2319 3221.5 27.6999
400 30 0.871 2.1095 3196.43 27.3008
400 30 0.881 2.127 3187 26.8914
400 30 0.891 2.0525 3164.89 26.8963
400 30 0.901 2.0496 3145.75 27.3495
400 30 0.911 1.9442 3128.42 27.2458
400 30 0.921 1.905 3113.87 27.3514
400 30 0.931 1.8659 3095.71 26.6235
400 30 0.941 1.8414 3077.65 26.8846
400 30 0.951 1.7859 3062.75 27.1819
400 30 0.961 1.7649 3052.5 27.2881
400 30 0.971 1.7454 3034 27.1437
400 30 0.981 1.7084 3023.85 27.2402
400 30 0.991 1.6299 2998.87 27.2556
400 30 1.001 1.6255 2989.65 27.0213
400 30 1.011 1.5915 2972.62 26.7826
400 30 1.021 1.5619 2960.08 26.7971
400 30 1.031 1.4996 2944.95 26.67
400 30 1.041 1.5099 2932.06 26.5617
400 30 1.051 1.4633 2920.29 26.245
400 30 1.061 1.4187 2907.92 26.3168
400 30 1.071 1.4014 2896.07 25.9581
400 30 1.081 1.3416 2881.02 25.895
400 30 1.091 1.317 2873.22 25.7344
400 30 1.101 1.3344 2860.09 26.1296
400 30 1.111 1.3126 2853.32 26.3068
400 30 1.121 1.2559 2840.74 25.6414
400 30 1.131 1.227 2830.98 25.5426
400 30 1.141 1.2295 2823.67 26.0186
400 30 1.151 1.1855 2815.33 25.876
400 30 1.161 1.1982 2805.17 25.8645
400 30 1.171 1.1704 2795.59 25.8436
400 30 1.181 1.1392 2787.62 25.8501
400 30 1.191 1.1091 2778.8 25.5766
400 30 1.201 1.0661 2769.08 25.2637
400 30 1.211 1.0718 2762.9 25.559
400 30 1.221 1.0868 2757.48 25.4371
400 30 1.231 1.0427 2747.99 25.0394
400 30 1.241 1.0572 2743.82 25.7875
400 30 1.251 1.0069 2734.53 25.7386
400 30 1.261 1.0085 2731.6 25.6692
400 30 1.271 0.9624 2721.95 25.3393
400 30 1.281 0.9713 2719.44 25.5188
400 30 1.291 0.9607 2709.8 25.7483
400 30 1.301 0.9499 2705.07 25.7271
400 30 1.311 0.9238 2698.19 25.6856
400 30 1.321 0.9259 2691.06 25.5426
400 30 1.331 0.8921 2684.81 25.5854
400 30 1.341 0.898 2678.19 25.456
400 30 1.351 0.8724 2670.03 25.3619
400 30 1.361 0.8613 2664.87 25.3624
400 30 1.371 0.8318 2660.44 24.8071
400 30 1.381 0.8376 2652.46 24.6298
400 30 1.391 0.8344 2645.8 24.663
400 30 1.401 0.7988 2638.22 24.5099
400 30 1.411 0.7932 2631.91 24.7692
400 30 1.421 0.8025 2623.76 24.7272
400 30 1.431 0.7685 2613.49 24.6867
400 30 1.441 0.7645 2608.63 24.7276
400 30 1.451 0.7646 2600.1 24.4667
400 30 1.461 0.732 2594.04 24.5063
400 30 1.471 0.734 2582.26 24.5205
400 30 1.481 0.7302 2574.6 24.478
400 30 1.491 0.702 2568.39 25.0367
400 30 1.501 0.6943 2562.12 24.5788
400 30 1.511 0.6764 2552.61 24.4946
400 30 1.521 0.6661 2545.99 24.4511
400 30 1.531 0.6535 2537.8 24.3411
400 30 1.541 0.6397 2529.15 24.2201
400 30 1.551 0.6352 2519.19 24.2363
400 30 1.561 0.6313 2512 24.6159
400 30 1.571 0.6111 2503.2 24.4602
400 30 1.581 0.5943 2498.02 24.392
400 30 1.591 0.5999 2489.51 23.9435
400 30 1.601 0.5824 2484.34 23.855
400 30 1.611 0.5774 2480.31 23.8219
400 30 1.621 0.5965 2475.47 23.878
400 30 1.631 0.563 2468.04 23.6927
400 30 1.641 0.5817 2464.64 23.7651
400 30 1.651 0.5611 2459.83 23.705
400 30 1.661 0.5733 2456.63 23.7437
400 30 1.671 0.5304 2451.52 23.5568
400 30 1.681 0.5407 2446.57 23.3917
400 30 1.691 0.5256 2443.67 23.4145
400 30 1.701 0.5216 2440.29 23.3913
400 30 1.711 0.5276 2437.35 23.3874
400 30 1.721 0.5275 2433.64 23.2804
400 30 1.731 0.5116 2431.6 23.2082
400 30 1.741 0.49 2429.98 23.1943
400 30 1.751 0.485 2427.3 23.1586
400 30 1.761 0.4845 2423.8 23.0646
400 30 1.771 0.4884 2422.05 23.0866
400 30 1.781 0.4758 2420.51 22.5107
400 30 1.791 0.4513 2419.4 22.4625
400 30 1.801 0.4756 2416.94 22.4414
400 30 1.811 0.4329 2416.9 22.2826
400 30 1.821 0.4519 2415.12 22.3341
400 30 1.831 0.4366 2414.13 22.2326
400 30 1.841 0.4394 2413.13 22.2629
400 30 1.851 0.4254 2412.36 22.258
400 30 1.861 0.4226 2411.99 22.1666
400 30 1.871 0.4183 2411.15 22.1322
400 30 1.881 0.4096 2410.76 22.1541
400 30 1.891 0.3983 2410.39 21.9032
400 30 1.901 0.3983 2409.42 21.8566
400 30 1.911 0.3971 2409.52 21.7958
400 30 1.921 0.3923 2408.98 21.7122
400 30 1.931 0.3626 2408.42 21.6169
400 30 1.941 0.3656 2408.63 21.5493
400 30 1.951 0.3664 2407.82 21.2805
400 30 1.961 0.358 2408.16 21.2058
400 30 1.971 0.3449 2407.85 20.7608
400 30 1.981 0.3467 2407.78 20.623
400 30 1.991 0.3377 2407.66 20.2066
400 40 0.001 3265.82 148737 11.2307
400 40 0.011 3087.54 141983 13.7202
400 40 0.021 2898.28 134671 17.1873
400 40 0.031 2687.9 126480 20.1237
400 40 0.041 2478.47 118238 23.052
400 40 0.051 2279.29 110388 25.5978
400 40 0.061 2116.68 103531 27.6976
400 40 0.071 1935.27 96563.6 29.3601
400 40 0.081 1771.85 89637 31.0198
400 40 0.091 1615.03 83146.9 32.373
400 40 0.101 1465.19 76602.8 34.4595
400 40 0.111 1330.17 71103.5 33.66
400 40 0.121 1228.27 66425.3 34.7767
400 40 0.131 1100.11 60783.5 35.5044
400 40 0.141 998.242 56195.3 36.2997
400 40 0.151 898.119 51596.7 37.0288
400 40 0.161 798.251 47183.5 37.0044
400 40 0.171 728.366 43968.2 37.3304
400 40 0.181 656.652 40308 37.6859
400 40 0.191 588.713 37276.4 37.4863
400 40 0.201 513.376 33408.7 37.8367
400 40 0.211 468.325 31430.9 34.5539
400 40 0.221 413.74 28494.3 34.6138
400 40 0.231 373.53 26586.4 34.858
400 40 0.241 325.235 24132.2 34.3683
400 40 0.251 282.492 21749.4 34.1938
400 40 0.261 269.806 20932.1 34.3884
400 40 0.271 221.005 18522.9 34.2467
400 40 0.281 204.185 17331.9 35.3985
400 40 0.291 175.839 15969.7 35.5427
400 40 0.301 161.279 14867.3 35.5543
400 40 0.311 141.362 13762.3 34.8355
400 40 0.321 130.581 12998.4 34.1845
400 40 0.331 114.638 12068.6 33.9658
400 40 0.341 97.3309 11050.3 33.642
400 40 0.351 87.1588 10353.3 33.5337
400 40 0.361 75.7424 9748.86 33.4449
400 40 0.371 66.442 8998.17 33.2079
400 40 0.381 59.8333 8585.93 33.0437
400 40 0.391 51.8438 8031.92 32.7848
400 40 0.401 46.999 7590.33 32.5487
400 40 0.411 42.0096 7250.65 32.3205
400 40 0.421 36.9928 6836.27 32.2542
400 40 0.431 32.0971 6468.7 32.2455
400 40 0.441 30.4034 6332.41 32.0439
400 40 0.451 25.8809 5968.74 31.0202
400 40 0.461 23.926 5762.59 30.8225
400 40 0.471 19.8403 5441.46 30.4758
400 40 0.481 18.8815 5307.09 30.2902
400 40 0.491 16.3116 5099.81 30.0138
400 40 0.501 15.0823 4954.49 29.4668
400 40 0.511 13.0027 4821.34 29.2952
400 40 0.521 13.5317 4746.13 29.0918
400 40 0.531 11.8613 4584.27 28.8656
400 40 0.541 10.3353 4454.7 28.5797
400 40 0.551 10.1062 4399.51 28.6447
400 40 0.561 9.3499 4308.87 28.7484
400 40 0.571 8.4847 4205.04 28.4649
400 40 0.581 7.671 4126.86 28.3124
400 40 0.591 7.5028 4062.04 28.1138
400 40 0.601 6.8334 3979.13 27.9351
400 40 0.611 6.9338 3939.76 27.853
400 40 0.621 6.2176 3862.57 27.6005
400 40 0.631 5.9093 3810.89 27.5566
400 40 0.641 5.4572 3757.48 27.3042
400 40 0.651 5.7099 3722.4 27.2103
400 40 0.661 5.4582 3682.6 27.26
400 40 0.671 5.181 3633.81 27.3433
400 40 0.681 5.0674 3593.77 27.4795
400 40 0.691 4.8696 3566.16 26.8445
400 40 0.701 4.7244 3529.15 26.7428
400 40 0.711 4.5959 3490.12 26.6308
400 40 0.721 4.5193 3463.2 26.5467
400 40 0.731 4.4482 3440.01 26.4623
400 40 0.741 4.364 3420.62 26.4838
400 40 0.751 4.2315 3388.27 26.3045
400 40 0.761 4.1989 3354.56 26.2455
400 40 0.771 4.1393 3341.39 26.1925
400 40 0.781 4.045 3311.88 26.1608
400 40 0.791 3.9438 3289.29 26.1248
400 40 0.801 3.8683 3268.05 26.2906
400 40 0.811 3.7464 3241.68 26.2444
400 40 0.821 3.6693 3221.28 26.0951
400 40 0.831 3.6458 3201.85 25.8363
400 40 0.841 3.5497 3178.95 25.8026
400 40 0.851 3.489 3160.53 25.7043
400 40 0.861 3.5352 3141.11 25.6809
400 40 0.871 3.4163 3126.25 25.6101
400 40 0.881 3.3505 3107.27 25.5608
400 40 0.891 3.2869 3086.95 25.4713
400 40 0.901 3.2385 3072.34 25.4821
400 40 0.911 3.2632 3059.68 25.385
400 40 0.921 3.1936 3039.2 25.3559
400 40 0.931 3.1707 3026.35 25.3129
400 40 0.941 3.0958 3007.25 25.2573
400 40 0.951 3.0683 2997.77 25.2852
400 40 0.961 3.0072 2978.85 25.1963
400 40 0.971 2.9249 2965.61 25.1718
400 40 0.981 2.8997 2947.74 25.1156
400 40 0.991 2.8666 2936.3 25.0538
400 40 1.001 2.8739 2922.4 25.0927
400 40 1.011 2.8008 2914.9 25.1442
400 40 1.021 2.7075 2892.75 25.0177
400 40 1.031 2.7179 2886.06 24.9914
400 40 1.041 2.7302 2871.53 24.9608
400 40 1.051 2.6349 2858.23 24.959
400 40 1.061 2.6417 2846.38 24.8896
400 40 1.071 2.5708 2833.09 24.8691
400 40 1.081 2.5883 2825.84 24.7934
400 40 1.091 2.5243 2813.76 24.7493
400 40 1.101 2.5072 2802.38 24.7876
400 40 1.111 2.4771 2795.61 24.7475
400 40 1.121 2.4628 2786.2 25.193
400 40 1.131 2.4515 2775.98 25.1385
400 40 1.141 2.3875 2767.26 25.1782
400 40 1.151 2.4366 2761.55 25.1514
400 40 1.161 2.4158 2753.51 25.1461
400 40 1.171 2.3362 2744.58 25.106
400 40 1.181 2.3374 2739.35 25.0342
400 40 1.191 2.3164 2727.81 25.0073
400 40 1.201 2.3176 2728.38 24.9869
400 40 1.211 2.2758 2719.35 24.9161
400 40 1.221 2.2886 2714.52 24.9463
400 40 1.231 2.2468 2708.11 24.9072
400 40 1.241 2.2461 2702 24.8765
400 40 1.251 2.2083 2694.73 24.8828
400 40 1.261 2.1886 2687.41 24.8701
400 40 1.271 2.1833 2684.45 24.8722
400 40 1.281 2.165 2676.29 24.8014
400 40 1.291 2.1508 2669.71 24.7746
400 40 1.301 2.129 2666.63 24.759
400 40 1.311 2.1188 2658.23 24.7274
400 40 1.321 2.1114 2653.08 24.6158
400 40 1.331 2.0721 2647.16 24.527
400 40 1.341 2.0358 2639.97 24.4543
400 40 1.351 2.0465 2635.15 24.434
400 40 1.361 2.0315 2628.85 24.3148
400 40 1.371 2.0306 2622.29 24.2035
400 40 1.381 2.0237 2614.76 24.1896
400 40 1.391 1.9796 2606.39 23.9686
400 40 1.401 1.9831 2599.22 23.8767
400 40 1.411 1.943 2593.86 23.8901
400 40 1.421 1.9334 2584.77 23.7681
400 40 1.431 1.9197 2579.47 23.7493
400 40 1.441 1.9222 2569.5 23.7571
400 40 1.451 1.9092 2558.41 23.6726
400 40 1.461 1.8837 2552.85 23.973
400 40 1.471 1.8733 2541.41 24.2303
400 40 1.481 1.8637 2534.87 24.1029
400 40 1.491 1.8425 2522.68 24.0558
400 40 1.501 1.8311 2514.46 24.2914
400 40 1.511 1.8124 2504.88 24.6251
400 40 1.521 1.8075 2497.33 24.5154
400 40 1.531 1.7836 2489.82 24.5371
400 40 1.541 1.7938 2484.36 24.4543
400 40 1.551 1.763 2475.93 24.3388
400 40 1.561 1.7382 2468.28 24.2951
400 40 1.571 1.7383 2457.71 24.2075
400 40 1.581 1.7333 2452.82 24.2712
400 40 1.591 1.7073 2446.37 23.8577
400 40 1.601 1.7094 2442.05 23.3479
400 40 1.611 1.7035 2436.16 23.266
400 40 1.621 1.6967 2432.1 23.1981
400 40 1.631 1.7146 2427.63 23.1974
400 40 1.641 1.6983 2422.58 23.1088
400 40 1.651 1.7024 2415.13 23.1683
400 40 1.661 1.6822 2413.92 23.0626
400 40 1.671 1.6611 2408.21 22.9844
400 40 1.681 1.641 2403.26 22.9918
400 40 1.691 1.659 2402.04 22.8852
400 40 1.701 1.6413 2397.4 22.77
400 40 1.711 1.6492 2395.91 22.7455
400 40 1.721 1.6141 2392.63 22.5311
400 40 1.731 1.6081 2389.08 22.7209
400 40 1.741 1.6099 2387.15 22.5268
400 40 1.751 1.603 2384.16 22.4162
400 40 1.761 1.5723 2382.23 22.3043
400 40 1.771 1.5695 2381.03 22.6042
400 40 1.781 1.5515 2380.16 22.0784
400 40 1.791 1.5324 2377.55 21.888
400 40 1.801 1.53 2375.55 21.9575
400 40 1.811 1.4924 2374.58 21.8275
400 40 1.821 1.4895 2373.72 21.8245
400 40 1.831 1.4948 2372.94 21.9054
400 40 1.841 1.4824 2371.92 21.8445
400 40 1.851 1.4786 2371.05 21.7925
400 40 1.861 1.4642 2370.73 21.8145
400 40 1.871 1.4545 2370.42 21.7496
400 40 1.881 1.4245 2369.2 21.5563
400 40 1.891 1.4344 2369.26 21.3179
400 40 1.901 1.4074 2369 21.1764
400 40 1.911 1.4129 2368.53 21.1388
400 40 1.921 1.4062 2368.29 21.184
400 40 1.931 1.3948 2367.77 21.1172
400 40 1.941 1.3818 2367.84 21.2414
400 40 1.951 1.3711 2367.53 20.848
400 40 1.961 1.3564 2367.43 20.7422
400 40 1.971 1.365 2367.27 20.5188
400 40 1.981 1.3401 2366.95 19.4924
400 40 1.991 1.3402 2367.25 18.9651
