200 10 0.001 9.9961 4.6415e-06
200 10 0.011 9.9057 4.5873e-06
200 10 0.021 9.814 4.5457e-06
200 10 0.031 9.7059 4.4981e-06
200 10 0.041 9.5872 4.428e-06
200 10 0.051 9.4589 3.2049e-06
200 10 0.061 9.357 3.2929e-06
200 10 0.071 9.2408 4.2119e-06
200 10 0.081 9.0985 4.1353e-06
200 10 0.091 9.0115 4.0619e-06
200 10 0.101 8.8423 4.0111e-06
200 10 0.111 8.7096 3.9392e-06
200 10 0.121 8.5522 3.8797e-06
200 10 0.131 8.4896 3.8405e-06
200 10 0.141 8.2733 3.7835e-06
200 10 0.151 8.1971 2.2081e-06
200 10 0.161 8.0857 2.1952e-06
200 10 0.171 7.9616 2.1551e-06
200 10 0.181 7.8134 3.2606e-06
200 10 0.191 7.7655 3.5186e-06
200 10 0.201 7.5943 3.4571e-06
200 10 0.211 7.4369 2.6625e-06
200 10 0.221 7.3315 2.0101e-06
200 10 0.231 7.1838 1.9745e-06
200 10 0.241 7.0395 2.0598e-06
200 10 0.251 6.9863 2.6489e-06
200 10 0.261 6.8445 1.911e-06
200 10 0.271 6.6883 2.1757e-06
200 10 0.281 6.5674 2.4049e-06
200 10 0.291 6.5356 1.8363e-06
200 10 0.301 6.4063 1.8203e-06
200 10 0.311 6.2746 1.7905e-06
200 10 0.321 6.1649 1.7798e-06
200 10 0.331 6.0547 2.3198e-06
200 10 0.341 5.9114 2.7485e-06
200 10 0.351 5.8324 2.7065e-06
200 10 0.361 5.6881 2.6689e-06
200 10 0.371 5.6441 2.637e-06
200 10 0.381 5.5233 2.5981e-06
200 10 0.391 5.4793 2.5531e-06
200 10 0.401 5.3222 2.5096e-06
200 10 0.411 5.2497 2.4796e-06
200 10 0.421 5.1514 2.4453e-06
200 10 0.431 5.0224 2.401e-06
200 10 0.441 5.0181 2.3956e-06
200 10 0.451 4.9157 2.3353e-06
200 10 0.461 4.7732 2.2943e-06
200 10 0.471 4.6656 2.2658e-06
200 10 0.481 4.5466 2.2406e-06
200 10 0.491 4.4755 2.2003e-06
200 10 0.501 4.4439 2.1839e-06
200 10 0.511 4.3358 2.1703e-06
200 10 0.521 4.2499 2.1286e-06
200 10 0.531 4.1719 2.1108e-06
200 10 0.541 4.0611 2.0808e-06
200 10 0.551 3.9997 2.0574e-06
200 10 0.561 3.9019 2.031e-06
200 10 0.571 3.8687 2.0028e-06
200 10 0.581 3.7624 1.996e-06
200 10 0.591 3.7164 1.961e-06
200 10 0.601 3.6126 1.947e-06
200 10 0.611 3.5289 1.9241e-06
200 10 0.621 3.4599 1.9775e-06
200 10 0.631 3.4716 1.9514e-06
200 10 0.641 3.312 1.9401e-06
200 10 0.651 3.2637 1.8857e-06
200 10 0.661 3.2407 1.8113e-06
200 10 0.671 3.1634 1.7905e-06
200 10 0.681 3.1144 1.7803e-06
200 10 0.691 3.045 1.6812e-06
200 10 0.701 3.0206 1.4032e-06
200 10 0.711 2.892 1.749e-06
200 10 0.721 2.8607 1.5545e-06
200 10 0.731 2.7843 1.3123e-06
200 10 0.741 2.7416 1.3588e-06
200 10 0.751 2.7244 1.3617e-06
200 10 0.761 2.6001 1.7018e-06
200 10 0.771 2.5997 1.6883e-06
200 10 0.781 2.5159 1.6852e-06
200 10 0.791 2.437 1.6716e-06
200 10 0.801 2.392 1.6337e-06
200 10 0.811 2.3972 1.6036e-06
200 10 0.821 2.3515 1.6188e-06
200 10 0.831 2.2347 1.5892e-06
200 10 0.841 2.2745 1.5892e-06
200 10 0.851 2.173 1.5741e-06
200 10 0.861 2.1236 1.5642e-06
200 10 0.871 2.1185 1.2894e-06
200 10 0.881 2.0948 1.2199e-06
200 10 0.891 2.0464 1.1968e-06
200 10 0.901 1.9904 1.2443e-06
200 10 0.911 1.9784 1.5504e-06
200 10 0.921 1.8722 1.5315e-06
200 10 0.931 1.8667 1.5146e-06
200 10 0.941 1.8639 1.5104e-06
200 10 0.951 1.7632 1.5347e-06
200 10 0.961 1.7513 1.2332e-06
200 10 0.971 1.6617 1.1668e-06
200 10 0.981 1.7044 1.4639e-06
200 10 0.991 1.6421 1.4911e-06
200 10 1.001 1.603 1.4751e-06
200 10 1.011 1.5586 1.4747e-06
200 10 1.021 1.5322 1.4784e-06
200 10 1.031 1.4767 1.464e-06
200 10 1.041 1.4516 1.3494e-06
200 10 1.051 1.4444 1.3158e-06
200 10 1.061 1.4191 1.4448e-06
200 10 1.071 1.3867 1.4597e-06
200 10 1.081 1.299 1.4516e-06
200 10 1.091 1.3297 1.4428e-06
200 10 1.101 1.2764 1.4427e-06
200 10 1.111 1.2682 1.435e-06
200 10 1.121 1.277 1.4156e-06
200 10 1.131 1.2207 1.4254e-06
200 10 1.141 1.2058 1.4174e-06
200 10 1.151 1.1833 1.4127e-06
200 10 1.161 1.1726 1.426e-06
200 10 1.171 1.1266 1.401e-06
200 10 1.181 1.1296 1.406e-06
200 10 1.191 1.1165 1.3944e-06
200 10 1.201 1.1073 1.3962e-06
200 10 1.211 1.0816 1.3571e-06
200 10 1.221 1.0403 1.3692e-06
200 10 1.231 1.0542 1.3732e-06
200 10 1.241 1.0222 1.3714e-06
200 10 1.251 1.0277 1.3643e-06
200 10 1.261 1.0129 1.3461e-06
200 10 1.271 1.011 1.3627e-06
200 10 1.281 0.9561 1.3458e-06
200 10 1.291 0.9798 1.3465e-06
200 10 1.301 0.9475 1.3481e-06
200 10 1.311 0.9524 1.3426e-06
200 10 1.321 0.9047 1.3503e-06
200 10 1.331 0.9151 1.3405e-06
200 10 1.341 0.862 1.3475e-06
200 10 1.351 0.8506 1.1781e-06
200 10 1.361 0.8701 1.2335e-06
200 10 1.371 0.859 1.2605e-06
200 10 1.381 0.8547 1.0776e-06
200 10 1.391 0.8002 1.1483e-06
200 10 1.401 0.8054 1.3114e-06
200 10 1.411 0.8324 1.3146e-06
200 10 1.421 0.7905 1.3124e-06
200 10 1.431 0.7919 1.266e-06
200 10 1.441 0.761 1.081e-06
200 10 1.451 0.7492 1.0709e-06
200 10 1.461 0.7393 1.1148e-06
200 10 1.471 0.7418 1.2438e-06
200 10 1.481 0.7099 1.2414e-06
200 10 1.491 0.6869 1.2438e-06
200 10 1.501 0.7008 1.2423e-06
200 10 1.511 0.6889 1.2364e-06
200 10 1.521 0.673 1.2356e-06
200 10 1.531 0.6715 1.2277e-06
200 10 1.541 0.6504 1.2286e-06
200 10 1.551 0.6334 1.2236e-06
200 10 1.561 0.6412 1.2244e-06
200 10 1.571 0.6133 1.2204e-06
200 10 1.581 0.6102 1.2217e-06
200 10 1.591 0.586 1.225e-06
200 10 1.601 0.5902 1.2537e-06
200 10 1.611 0.5914 1.258e-06
200 10 1.621 0.5705 1.2414e-06
200 10 1.631 0.5828 1.2218e-06
200 10 1.641 0.5657 1.2225e-06
200 10 1.651 0.5487 1.213e-06
200 10 1.661 0.5536 1.1997e-06
200 10 1.671 0.5404 1.1981e-06
200 10 1.681 0.5295 1.1926e-06
200 10 1.691 0.53 1.1948e-06
200 10 1.701 0.5226 1.1937e-06
200 10 1.711 0.5037 1.211e-06
200 10 1.721 0.5159 1.2864e-06
200 10 1.731 0.5171 1.2185e-06
200 10 1.741 0.4921 9.85e-07
200 10 1.751 0.4723 1.0823e-06
200 10 1.761 0.4982 1.1207e-06
200 10 1.771 0.4763 1.2162e-06
200 10 1.781 0.4897 1.1938e-06
200 10 1.791 0.4607 1.182e-06
200 10 1.801 0.4643 1.1936e-06
200 10 1.811 0.4553 1.1915e-06
200 10 1.821 0.4562 1.1788e-06
200 10 1.831 0.436 1.1949e-06
200 10 1.841 0.4295 1.0372e-06
200 10 1.851 0.4373 1.2235e-06
200 10 1.861 0.4264 1.285e-06
200 10 1.871 0.3993 1.277e-06
200 10 1.881 0.4108 1.27e-06
200 10 1.891 0.3889 1.2726e-06
200 10 1.901 0.4009 1.1671e-06
200 10 1.911 0.3902 1.1241e-06
200 10 1.921 0.3955 1.0022e-06
200 10 1.931 0.3761 1.1424e-06
200 10 1.941 0.365 1.1315e-06
200 10 1.951 0.3612 1.1279e-06
200 10 1.961 0.3674 1.1242e-06
200 10 1.971 0.3441 1.1088e-06
200 10 1.981 0.3413 1.1067e-06
200 10 1.991 0.3459 1.1063e-06
200 20 0.001 19.9859 5.3984e-06
200 20 0.011 19.6382 7.7086e-06
200 20 0.021 19.283 7.5259e-06
200 20 0.031 18.9212 6.5585e-06
200 20 0.041 18.4287 7.2613e-06
200 20 0.051 17.9954 6.9669e-06
200 20 0.061 17.6344 6.7801e-06
200 20 0.071 17.2362 6.5371e-06
200 20 0.081 16.7976 6.3243e-06
200 20 0.091 16.3447 6.1129e-06
200 20 0.101 15.9174 5.9296e-06
200 20 0.111 15.4565 5.6949e-06
200 20 0.121 15.0736 5.4545e-06
200 20 0.131 14.6995 5.2951e-06
200 20 0.141 14.3439 5.1011e-06
200 20 0.151 13.8795 4.8884e-06
200 20 0.161 13.583 4.7347e-06
200 20 0.171 13.2868 4.5923e-06
200 20 0.181 12.8993 4.4147e-06
200 20 0.191 12.4073 4.278e-06
200 20 0.201 12.0724 4.0802e-06
200 20 0.211 11.9151 4.0253e-06
200 20 0.221 11.4863 3.8317e-06
200 20 0.231 11.0676 3.7056e-06
200 20 0.241 10.9494 3.583e-06
200 20 0.251 10.5623 3.473e-06
200 20 0.261 10.2233 3.262e-06
200 20 0.271 9.8642 3.1758e-06
200 20 0.281 9.6589 3.0789e-06
200 20 0.291 9.4576 2.9678e-06
200 20 0.301 9.0755 2.89e-06
200 20 0.311 8.7863 2.8312e-06
200 20 0.321 8.6052 2.7251e-06
200 20 0.331 8.3093 2.6515e-06
200 20 0.341 8.2388 2.6024e-06
200 20 0.351 7.8551 2.51e-06
200 20 0.361 7.6684 2.4629e-06
200 20 0.371 7.4495 1.9243e-06
200 20 0.381 7.2891 1.5064e-06
200 20 0.391 7.1738 1.4757e-06
200 20 0.401 6.9081 1.813e-06
200 20 0.411 6.7159 1.4147e-06
200 20 0.421 6.5343 2.0404e-06
200 20 0.431 6.3535 1.9833e-06
200 20 0.441 6.153 1.9408e-06
200 20 0.451 6.0483 1.9179e-06
200 20 0.461 5.8097 1.5068e-06
200 20 0.471 5.715 1.7627e-06
200 20 0.481 5.4579 1.8069e-06
200 20 0.491 5.3479 1.776e-06
200 20 0.501 5.3425 1.5024e-06
200 20 0.511 5.0253 1.765e-06
200 20 0.521 4.9971 1.7222e-06
200 20 0.531 4.8028 1.6735e-06
200 20 0.541 4.7492 1.6839e-06
200 20 0.551 4.6081 1.6628e-06
200 20 0.561 4.4837 1.6314e-06
200 20 0.571 4.3482 1.6093e-06
200 20 0.581 4.2138 1.5953e-06
200 20 0.591 4.1527 1.5805e-06
200 20 0.601 4.0749 1.562e-06
200 20 0.611 3.9843 1.5526e-06
200 20 0.621 3.8334 1.5369e-06
200 20 0.631 3.7608 1.5193e-06
200 20 0.641 3.683 1.2373e-06
200 20 0.651 3.5809 1.1003e-06
200 20 0.661 3.5163 1.3032e-06
200 20 0.671 3.4248 1.3815e-06
200 20 0.681 3.3095 1.4473e-06
200 20 0.691 3.2887 1.4326e-06
200 20 0.701 3.1883 1.4319e-06
200 20 0.711 3.0579 1.3981e-06
200 20 0.721 3.0839 1.3924e-06
200 20 0.731 2.9397 1.4083e-06
200 20 0.741 2.8702 1.3918e-06
200 20 0.751 2.8433 1.3735e-06
200 20 0.761 2.7842 1.3845e-06
200 20 0.771 2.7364 1.3579e-06
200 20 0.781 2.5683 1.1153e-06
200 20 0.791 2.5474 1.3593e-06
200 20 0.801 2.5157 1.3478e-06
200 20 0.811 2.4284 1.3511e-06
200 20 0.821 2.4337 1.3394e-06
200 20 0.831 2.3473 1.1787e-06
200 20 0.841 2.3122 1.0207e-06
200 20 0.851 2.2385 1.0629e-06
200 20 0.861 2.1931 1.1148e-06
200 20 0.871 2.1665 1.2873e-06
200 20 0.881 2.1165 1.1683e-06
200 20 0.891 2.0898 1.2922e-06
200 20 0.901 2.0174 1.2928e-06
200 20 0.911 1.955 1.2899e-06
200 20 0.921 1.9281 1.2837e-06
200 20 0.931 1.8928 1.2874e-06
200 20 0.941 1.8619 1.2768e-06
200 20 0.951 1.8663 1.2767e-06
200 20 0.961 1.7327 1.2742e-06
200 20 0.971 1.7418 1.2667e-06
200 20 0.981 1.7115 1.2637e-06
200 20 0.991 1.64 1.2658e-06
200 20 1.001 1.6073 1.2658e-06
200 20 1.011 1.5593 1.2618e-06
200 20 1.021 1.5382 1.2435e-06
200 20 1.031 1.5037 1.2445e-06
200 20 1.041 1.4313 1.2471e-06
200 20 1.051 1.4396 1.2409e-06
200 20 1.061 1.4118 1.2363e-06
200 20 1.071 1.3715 1.2244e-06
200 20 1.081 1.3576 1.232e-06
200 20 1.091 1.3176 1.2371e-06
200 20 1.101 1.3249 1.2219e-06
200 20 1.111 1.2685 1.2654e-06
200 20 1.121 1.2504 9.694e-07
200 20 1.131 1.2563 1.0976e-06
200 20 1.141 1.2153 1.0504e-06
200 20 1.151 1.2101 1.2214e-06
200 20 1.161 1.1643 1.1269e-06
200 20 1.171 1.1149 9.445e-07
200 20 1.181 1.1467 1.2493e-06
200 20 1.191 1.1345 1.0604e-06
200 20 1.201 1.1219 1.227e-06
200 20 1.211 1.0697 1.2302e-06
200 20 1.221 1.0671 1.2205e-06
200 20 1.231 1.0633 1.23e-06
200 20 1.241 1.0276 1.2358e-06
200 20 1.251 1.0149 1.2321e-06
200 20 1.261 1.0105 1.2268e-06
200 20 1.271 0.9972 1.2218e-06
200 20 1.281 0.9893 1.2125e-06
200 20 1.291 0.9663 1.2258e-06
200 20 1.301 0.9078 1.221e-06
200 20 1.311 0.9312 1.2255e-06
200 20 1.321 0.9225 1.2189e-06
200 20 1.331 0.8983 1.2221e-06
200 20 1.341 0.8858 1.2195e-06
200 20 1.351 0.8637 1.2154e-06
200 20 1.361 0.87 1.2148e-06
200 20 1.371 0.8665 1.2106e-06
200 20 1.381 0.8217 1.2127e-06
200 20 1.391 0.8535 1.2089e-06
200 20 1.401 0.8227 1.201e-06
200 20 1.411 0.7946 1.198e-06
200 20 1.421 0.7763 1.0986e-06
200 20 1.431 0.7574 1.0816e-06
200 20 1.441 0.7552 1.1715e-06
200 20 1.451 0.7617 1.1699e-06
200 20 1.461 0.7472 1.1602e-06
200 20 1.471 0.7447 1.164e-06
200 20 1.481 0.7194 1.1633e-06
200 20 1.491 0.7065 1.1558e-06
200 20 1.501 0.6892 1.1341e-06
200 20 1.511 0.6675 1.1582e-06
200 20 1.521 0.6777 1.1512e-06
200 20 1.531 0.6614 1.1539e-06
200 20 1.541 0.6567 1.1511e-06
200 20 1.551 0.6385 1.141e-06
200 20 1.561 0.6303 1.147e-06
200 20 1.571 0.6167 1.1509e-06
200 20 1.581 0.5971 1.154e-06
200 20 1.591 0.603 1.1532e-06
200 20 1.601 0.5814 1.1511e-06
200 20 1.611 0.5845 1.1592e-06
200 20 1.621 0.5861 1.1508e-06
200 20 1.631 0.5715 1.1514e-06
200 20 1.641 0.5604 1.1508e-06
200 20 1.651 0.539 1.1412e-06
200 20 1.661 0.5467 1.1414e-06
200 20 1.671 0.5507 1.1365e-06
200 20 1.681 0.5321 1.1359e-06
200 20 1.691 0.5197 1.1406e-06
200 20 1.701 0.5246 9.284e-07
200 20 1.711 0.5216 1.0123e-06
200 20 1.721 0.5088 1.1286e-06
200 20 1.731 0.5117 1.1328e-06
200 20 1.741 0.4955 1.1318e-06
200 20 1.751 0.5125 1.123e-06
200 20 1.761 0.4863 1.1308e-06
200 20 1.771 0.4868 1.125e-06
200 20 1.781 0.4779 1.1229e-06
200 20 1.791 0.4546 1.1306e-06
200 20 1.801 0.4734 1.1272e-06
200 20 1.811 0.4305 1.1196e-06
200 20 1.821 0.4477 1.1261e-06
200 20 1.831 0.445 1.1232e-06
200 20 1.841 0.4381 1.1206e-06
200 20 1.851 0.4302 1.1179e-06
200 20 1.861 0.427 1.113e-06
200 20 1.871 0.4219 1.1099e-06
200 20 1.881 0.4003 1.111e-06
200 20 1.891 0.4002 1.1099e-06
200 20 1.901 0.4035 9.046e-07
200 20 1.911 0.3868 1.1093e-06
200 20 1.921 0.373 1.1081e-06
200 20 1.931 0.37 1.1037e-06
200 20 1.941 0.36 1.1104e-06
200 20 1.951 0.3643 1.1115e-06
200 20 1.961 0.3621 1.1155e-06
200 20 1.971 0.348 1.0982e-06
200 20 1.981 0.3484 1.0973e-06
200 20 1.991 0.3296 1.0959e-06
200 30 0.001 29.9437 1.11456e-05
200 30 0.011 29.2293 1.07096e-05
200 30 0.021 28.4288 1.02536e-05
200 30 0.031 27.5833 9.7821e-06
200 30 0.041 26.5895 9.2188e-06
200 30 0.051 25.8994 8.8349e-06
200 30 0.061 24.8369 8.3331e-06
200 30 0.071 23.946 7.9687e-06
200 30 0.081 22.9384 7.4787e-06
200 30 0.091 22.5273 7.0969e-06
200 30 0.101 21.4585 6.6792e-06
200 30 0.111 20.9036 6.3966e-06
200 30 0.121 19.9825 6.0055e-06
200 30 0.131 19.2265 5.6906e-06
200 30 0.141 18.5386 5.356e-06
200 30 0.151 17.8017 5.0543e-06
200 30 0.161 17.1646 4.7496e-06
200 30 0.171 16.7214 4.5125e-06
200 30 0.181 16.036 4.2835e-06
200 30 0.191 15.5106 4.0555e-06
200 30 0.201 14.5834 3.7977e-06
200 30 0.211 14.1686 3.6212e-06
200 30 0.221 13.5477 3.423e-06
200 30 0.231 13.1553 3.2641e-06
200 30 0.241 12.8335 3.1418e-06
200 30 0.251 12.3308 2.9877e-06
200 30 0.261 11.7944 2.8155e-06
200 30 0.271 11.3046 2.6864e-06
200 30 0.281 11.001 2.5981e-06
200 30 0.291 10.6692 2.5057e-06
200 30 0.301 10.1965 2.2591e-06
200 30 0.311 10.0794 1.5415e-06
200 30 0.321 9.6063 1.4968e-06
200 30 0.331 9.2336 1.7353e-06
200 30 0.341 8.9214 1.4105e-06
200 30 0.351 8.5273 1.3653e-06
200 30 0.361 8.2909 1.7146e-06
200 30 0.371 8.1145 1.976e-06
200 30 0.381 7.9022 1.9184e-06
200 30 0.391 7.4936 1.8997e-06
200 30 0.401 7.2656 1.8387e-06
200 30 0.411 6.9681 1.8135e-06
200 30 0.421 6.8865 1.7509e-06
200 30 0.431 6.6702 1.7341e-06
200 30 0.441 6.4843 1.6429e-06
200 30 0.451 6.3458 1.6292e-06
200 30 0.461 6.0126 1.5882e-06
200 30 0.471 5.9374 1.579e-06
200 30 0.481 5.7069 1.5387e-06
200 30 0.491 5.4057 1.4984e-06
200 30 0.501 5.3352 1.5076e-06
200 30 0.511 5.2102 1.4856e-06
200 30 0.521 5.0328 1.477e-06
200 30 0.531 4.9258 1.4662e-06
200 30 0.541 4.7937 1.4536e-06
200 30 0.551 4.7818 1.4401e-06
200 30 0.561 4.5198 1.4626e-06
200 30 0.571 4.4515 1.4471e-06
200 30 0.581 4.2759 1.3891e-06
200 30 0.591 4.2137 1.397e-06
200 30 0.601 4.046 1.3927e-06
200 30 0.611 4.0322 1.3991e-06
200 30 0.621 3.8639 1.1127e-06
200 30 0.631 3.7887 1.1942e-06
200 30 0.641 3.6881 1.0572e-06
200 30 0.651 3.5415 1.3604e-06
200 30 0.661 3.4985 1.3615e-06
200 30 0.671 3.3945 1.3592e-06
200 30 0.681 3.316 1.3341e-06
200 30 0.691 3.2356 1.3411e-06
200 30 0.701 3.1774 1.2673e-06
200 30 0.711 3.0953 1.3563e-06
200 30 0.721 3.0487 1.3339e-06
200 30 0.731 2.9295 1.3442e-06
200 30 0.741 2.8865 1.3588e-06
200 30 0.751 2.7959 1.351e-06
200 30 0.761 2.7127 1.3534e-06
200 30 0.771 2.6799 1.3458e-06
200 30 0.781 2.5532 1.3578e-06
200 30 0.791 2.5852 1.3284e-06
200 30 0.801 2.5456 1.3002e-06
200 30 0.811 2.4462 1.3084e-06
200 30 0.821 2.4186 1.296e-06
200 30 0.831 2.3705 1.2886e-06
200 30 0.841 2.2764 1.2919e-06
200 30 0.851 2.2084 1.2819e-06
200 30 0.861 2.2076 1.2902e-06
200 30 0.871 2.1622 1.29e-06
200 30 0.881 2.1331 1.313e-06
200 30 0.891 2.0712 1.2866e-06
200 30 0.901 2.0435 1.2926e-06
200 30 0.911 1.9829 1.2932e-06
200 30 0.921 1.9759 1.1876e-06
200 30 0.931 1.9224 1.0869e-06
200 30 0.941 1.8048 1.277e-06
200 30 0.951 1.8326 1.274e-06
200 30 0.961 1.8263 1.2821e-06
200 30 0.971 1.715 1.2823e-06
200 30 0.981 1.7168 1.3294e-06
200 30 0.991 1.6322 1.2709e-06
200 30 1.001 1.5994 1.2651e-06
200 30 1.011 1.5692 1.266e-06
200 30 1.021 1.5415 1.259e-06
200 30 1.031 1.506 1.2646e-06
200 30 1.041 1.4429 1.2623e-06
200 30 1.051 1.4296 1.2537e-06
200 30 1.061 1.4262 1.2577e-06
200 30 1.071 1.3749 1.2529e-06
200 30 1.081 1.3479 1.2316e-06
200 30 1.091 1.3391 1.2135e-06
200 30 1.101 1.3163 1.2272e-06
200 30 1.111 1.2981 1.2133e-06
200 30 1.121 1.2554 1.2375e-06
200 30 1.131 1.2412 1.2224e-06
200 30 1.141 1.2143 1.2263e-06
200 30 1.151 1.2083 1.2107e-06
200 30 1.161 1.1822 1.2111e-06
200 30 1.171 1.1384 1.2109e-06
200 30 1.181 1.1378 1.2103e-06
200 30 1.191 1.1065 1.2042e-06
200 30 1.201 1.1091 1.1796e-06
200 30 1.211 1.0732 1.22e-06
200 30 1.221 1.0746 1.2192e-06
200 30 1.231 1.0531 1.2289e-06
200 30 1.241 1.0078 1.0121e-06
200 30 1.251 1.029 9.185e-07
200 30 1.261 0.9921 1.0363e-06
200 30 1.271 0.9814 9.283e-07
200 30 1.281 0.9913 9.158e-07
200 30 1.291 0.9576 1.2051e-06
200 30 1.301 0.9315 1.1265e-06
200 30 1.311 0.9125 9.267e-07
200 30 1.321 0.9095 9.875e-07
200 30 1.331 0.8856 1.2113e-06
200 30 1.341 0.9044 1.145e-06
200 30 1.351 0.8764 9.147e-07
200 30 1.361 0.8562 9.076e-07
200 30 1.371 0.8476 1.0268e-06
200 30 1.381 0.8624 9.117e-07
200 30 1.391 0.8394 1.1852e-06
200 30 1.401 0.8122 1.1983e-06
200 30 1.411 0.8137 1.1899e-06
200 30 1.421 0.8066 1.1879e-06
200 30 1.431 0.7809 1.186e-06
200 30 1.441 0.7802 1.1796e-06
200 30 1.451 0.7371 1.214e-06
200 30 1.461 0.7498 1.2011e-06
200 30 1.471 0.7264 1.1842e-06
200 30 1.481 0.7141 9.123e-07
200 30 1.491 0.7004 1.0561e-06
200 30 1.501 0.6946 1.1985e-06
200 30 1.511 0.6952 9.458e-07
200 30 1.521 0.6643 9.625e-07
200 30 1.531 0.658 9.237e-07
200 30 1.541 0.6566 9.409e-07
200 30 1.551 0.6378 1.0415e-06
200 30 1.561 0.619 1.1876e-06
200 30 1.571 0.6108 1.1893e-06
200 30 1.581 0.6072 1.1832e-06
200 30 1.591 0.6001 1.1793e-06
200 30 1.601 0.5721 1.1856e-06
200 30 1.611 0.584 1.182e-06
200 30 1.621 0.5856 1.1727e-06
200 30 1.631 0.578 1.0309e-06
200 30 1.641 0.5571 1.1339e-06
200 30 1.651 0.5642 9.86e-07
200 30 1.661 0.567 1.0883e-06
200 30 1.671 0.5383 1.1053e-06
200 30 1.681 0.5307 8.926e-07
200 30 1.691 0.5363 9.266e-07
200 30 1.701 0.5235 9.054e-07
200 30 1.711 0.5207 9.148e-07
200 30 1.721 0.5282 9.489e-07
200 30 1.731 0.5022 1.0743e-06
200 30 1.741 0.4793 1.1872e-06
200 30 1.751 0.4879 1.1811e-06
200 30 1.761 0.4755 1.1722e-06
200 30 1.771 0.4668 1.1817e-06
200 30 1.781 0.4813 1.1992e-06
200 30 1.791 0.4637 1.2041e-06
200 30 1.801 0.4463 1.2055e-06
200 30 1.811 0.4563 1.1767e-06
200 30 1.821 0.4525 1.1773e-06
200 30 1.831 0.4367 1.1734e-06
200 30 1.841 0.4312 1.1727e-06
200 30 1.851 0.4237 1.1558e-06
200 30 1.861 0.4136 1.1541e-06
200 30 1.871 0.4128 1.1462e-06
200 30 1.881 0.4114 9.501e-07
200 30 1.891 0.4003 1.1816e-06
200 30 1.901 0.3798 1.1797e-06
200 30 1.911 0.3887 1.1746e-06
200 30 1.921 0.3861 1.1783e-06
200 30 1.931 0.3695 1.1781e-06
200 30 1.941 0.3635 1.1711e-06
200 30 1.951 0.373 1.1735e-06
200 30 1.961 0.3518 1.1776e-06
200 30 1.971 0.3525 1.1655e-06
200 30 1.981 0.3302 1.1664e-06
200 30 1.991 0.3393 1.1579e-06
200 40 0.001 1474.05 1.30209e-05
200 40 0.011 1391.72 1.24738e-05
200 40 0.021 1302.13 1.18585e-05
200 40 0.031 1202.21 1.1192e-05
200 40 0.041 1131.77 1.0698e-05
200 40 0.051 1033.45 1.00051e-05
200 40 0.061 958.107 9.5073e-06
200 40 0.071 873.303 8.879e-06
200 40 0.081 809.264 8.4287e-06
200 40 0.091 730.184 7.8195e-06
200 40 0.101 670.51 7.4033e-06
200 40 0.111 599.25 4.9806e-06
200 40 0.121 552.085 6.7023e-06
200 40 0.131 503.671 6.312e-06
200 40 0.141 451.854 5.8941e-06
200 40 0.151 406.996 5.5268e-06
200 40 0.161 372.712 5.2306e-06
200 40 0.171 333.461 4.875e-06
200 40 0.181 302.46 4.6171e-06
200 40 0.191 271.176 4.316e-06
200 40 0.201 245.48 4.0905e-06
200 40 0.211 219.65 3.4865e-06
200 40 0.221 195.245 2.1917e-06
200 40 0.231 174.963 2.0883e-06
200 40 0.241 153.728 2.0476e-06
200 40 0.251 140.794 2.2589e-06
200 40 0.261 121.427 1.8497e-06
200 40 0.271 112.312 1.7686e-06
200 40 0.281 98.7605 2.1831e-06
200 40 0.291 88.5843 2.4781e-06
200 40 0.301 75.1755 2.3548e-06
200 40 0.311 70.6003 2.3066e-06
200 40 0.321 62.8218 2.1978e-06
200 40 0.331 54.9026 2.1338e-06
200 40 0.341 49.9417 2.0404e-06
200 40 0.351 43.3661 1.9635e-06
200 40 0.361 39.1573 1.94e-06
200 40 0.371 34.6278 1.8743e-06
200 40 0.381 32.4827 1.8341e-06
200 40 0.391 29.3352 1.7943e-06
200 40 0.401 25.4191 1.7379e-06
200 40 0.411 22.5535 1.7127e-06
200 40 0.421 21.8289 1.6591e-06
200 40 0.431 18.3587 1.62e-06
200 40 0.441 17.9876 1.6061e-06
200 40 0.451 15.7877 1.5751e-06
200 40 0.461 14.222 1.5495e-06
200 40 0.471 13.2196 1.5474e-06
200 40 0.481 12.233 1.5456e-06
200 40 0.491 10.6885 1.5355e-06
200 40 0.501 10.1965 1.5042e-06
200 40 0.511 9.9136 1.5073e-06
200 40 0.521 8.8917 1.4751e-06
200 40 0.531 8.5055 1.4788e-06
200 40 0.541 7.7599 1.476e-06
200 40 0.551 7.506 1.4514e-06
200 40 0.561 6.9727 1.4079e-06
200 40 0.571 6.7174 1.3902e-06
200 40 0.581 6.7148 1.3859e-06
200 40 0.591 6.051 1.5425e-06
200 40 0.601 5.9781 1.5277e-06
200 40 0.611 5.7856 3.4096e-06
200 40 0.621 5.4977 2.2664e-06
200 40 0.631 5.4476 1.441e-06
200 40 0.641 5.3208 1.4271e-06
200 40 0.651 4.9378 1.4053e-06
200 40 0.661 4.9463 1.4017e-06
200 40 0.671 4.7988 1.3981e-06
200 40 0.681 4.7387 1.4032e-06
200 40 0.691 4.5324 1.3999e-06
200 40 0.701 4.4756 1.0162e-06
200 40 0.711 4.3673 1.1596e-06
200 40 0.721 4.2574 9.741e-07
200 40 0.731 4.1439 1.0274e-06
200 40 0.741 4.0967 9.627e-07
200 40 0.751 4.0309 9.556e-07
200 40 0.761 3.9387 9.585e-07
200 40 0.771 3.8589 9.506e-07
200 40 0.781 3.8663 1.0237e-06
200 40 0.791 3.731 1.2975e-06
200 40 0.801 3.6984 1.2997e-06
200 40 0.811 3.6162 1.0721e-06
200 40 0.821 3.5811 1.2156e-06
200 40 0.831 3.5161 1.2642e-06
200 40 0.841 3.4778 1.2749e-06
200 40 0.851 3.368 1.2737e-06
200 40 0.861 3.3389 1.2612e-06
200 40 0.871 3.2764 1.2644e-06
200 40 0.881 3.2502 1.2586e-06
200 40 0.891 3.21 1.2569e-06
200 40 0.901 3.1042 1.2544e-06
200 40 0.911 3.0407 1.2532e-06
200 40 0.921 3.0756 1.2604e-06
200 40 0.931 3.0138 1.2325e-06
200 40 0.941 2.9576 1.2577e-06
200 40 0.951 2.9106 1.2528e-06
200 40 0.961 2.9046 1.2558e-06
200 40 0.971 2.8636 1.2522e-06
200 40 0.981 2.8159 1.2355e-06
200 40 0.991 2.7836 1.2321e-06
200 40 1.001 2.6971 1.2292e-06
200 40 1.011 2.6819 1.2283e-06
200 40 1.021 2.6254 1.2313e-06
200 40 1.031 2.61 1.2221e-06
200 40 1.041 2.5816 1.232e-06
200 40 1.051 2.5442 1.2285e-06
200 40 1.061 2.4908 1.2351e-06
200 40 1.071 2.4862 1.2177e-06
200 40 1.081 2.4712 1.2163e-06
200 40 1.091 2.4075 1.186e-06
200 40 1.101 2.4098 1.0451e-06
200 40 1.111 2.3696 1.2379e-06
200 40 1.121 2.3527 1.2418e-06
200 40 1.131 2.3226 1.231e-06
200 40 1.141 2.2874 1.2398e-06
200 40 1.151 2.2711 1.2415e-06
200 40 1.161 2.2657 1.2442e-06
200 40 1.171 2.2416 1.2353e-06
200 40 1.181 2.2564 1.2346e-06
200 40 1.191 2.2245 1.2307e-06
200 40 1.201 2.2267 1.0435e-06
200 40 1.211 2.2014 9.158e-07
200 40 1.221 2.1868 9.463e-07
200 40 1.231 2.1331 9.173e-07
200 40 1.241 2.1238 9.081e-07
200 40 1.251 2.1002 1.0135e-06
200 40 1.261 2.0994 1.0824e-06
200 40 1.271 2.0891 1.0698e-06
200 40 1.281 2.0911 9.017e-07
200 40 1.291 2.0474 9.449e-07
200 40 1.301 2.0439 1.0499e-06
200 40 1.311 2.0185 1.2043e-06
200 40 1.321 2.0147 9.533e-07
200 40 1.331 1.9824 1.001e-06
200 40 1.341 1.9676 1.2078e-06
200 40 1.351 1.9791 1.188e-06
200 40 1.361 1.9371 1.1804e-06
200 40 1.371 1.9331 1.1785e-06
200 40 1.381 1.9268 1.1802e-06
200 40 1.391 1.893 1.2099e-06
200 40 1.401 1.8885 1.2006e-06
200 40 1.411 1.8835 1.0022e-06
200 40 1.421 1.8725 8.964e-07
200 40 1.431 1.85 1.0069e-06
200 40 1.441 1.8402 1.2137e-06
200 40 1.451 1.7992 1.2161e-06
200 40 1.461 1.7983 1.1236e-06
200 40 1.471 1.7806 1.1241e-06
200 40 1.481 1.7811 1.2749e-06
200 40 1.491 1.7599 1.2786e-06
200 40 1.501 1.7495 1.2531e-06
200 40 1.511 1.7359 1.2483e-06
200 40 1.521 1.7331 1.259e-06
200 40 1.531 1.7036 1.2646e-06
200 40 1.541 1.7222 1.2573e-06
200 40 1.551 1.6844 1.2608e-06
200 40 1.561 1.6815 1.2664e-06
200 40 1.571 1.6947 1.2578e-06
200 40 1.581 1.6649 1.2644e-06
200 40 1.591 1.652 1.2547e-06
200 40 1.601 1.648 1.2482e-06
200 40 1.611 1.6449 1.251e-06
200 40 1.621 1.6367 1.243e-06
200 40 1.631 1.6173 1.2436e-06
200 40 1.641 1.6249 1.2541e-06
200 40 1.651 1.6085 1.2352e-06
200 40 1.661 1.6122 1.2458e-06
200 40 1.671 1.6102 1.2563e-06
200 40 1.681 1.6026 1.2529e-06
200 40 1.691 1.5857 1.246e-06
200 40 1.701 1.5637 1.239e-06
200 40 1.711 1.5587 1.2421e-06
200 40 1.721 1.5744 1.2476e-06
200 40 1.731 1.5539 1.2352e-06
200 40 1.741 1.5502 1.2394e-06
200 40 1.751 1.5173 1.2268e-06
200 40 1.761 1.5248 1.1717e-06
200 40 1.771 1.5076 1.1618e-06
200 40 1.781 1.5096 8.957e-07
200 40 1.791 1.4967 8.69e-07
200 40 1.801 1.4882 9.5e-07
200 40 1.811 1.4763 1.1606e-06
200 40 1.821 1.4701 1.1356e-06
200 40 1.831 1.4407 1.1513e-06
200 40 1.841 1.4484 1.1314e-06
200 40 1.851 1.4386 1.136e-06
200 40 1.861 1.4394 1.0613e-06
200 40 1.871 1.4263 8.478e-07
200 40 1.881 1.4357 8.373e-07
200 40 1.891 1.4217 8.405e-07
200 40 1.901 1.4125 9.618e-07
200 40 1.911 1.4155 9.18e-07
200 40 1.921 1.3802 8.436e-07
200 40 1.931 1.3882 8.36e-07
200 40 1.941 1.3754 9.672e-07
200 40 1.951 1.3678 1.1455e-06
200 40 1.961 1.3585 1.155e-06
200 40 1.971 1.3628 1.1516e-06
200 40 1.981 1.3482 1.1425e-06
200 40 1.991 1.3407 1.1441e-06
300 10 0.001 9.9954 6.4844e-06
300 10 0.011 9.9084 6.4198e-06
300 10 0.021 9.8351 6.3402e-06
300 10 0.031 9.6768 6.2486e-06
300 10 0.041 9.5851 6.1705e-06
300 10 0.051 9.466 6.0797e-06
300 10 0.061 9.3774 6.0059e-06
300 10 0.071 9.2569 5.8576e-06
300 10 0.081 9.0551 5.7147e-06
300 10 0.091 8.9586 5.6336e-06
300 10 0.101 8.9157 5.5638e-06
300 10 0.111 8.7536 5.4369e-06
300 10 0.121 8.584 5.3581e-06
300 10 0.131 8.4893 5.2832e-06
300 10 0.141 8.3681 5.1867e-06
300 10 0.151 8.1946 5.0613e-06
300 10 0.161 8.0455 4.9941e-06
300 10 0.171 7.9688 4.9293e-06
300 10 0.181 7.8617 4.852e-06
300 10 0.191 7.7628 4.7501e-06
300 10 0.201 7.5913 4.6733e-06
300 10 0.211 7.4511 4.6088e-06
300 10 0.221 7.296 4.5246e-06
300 10 0.231 7.2464 4.4102e-06
300 10 0.241 7.0601 4.3579e-06
300 10 0.251 6.9877 4.267e-06
300 10 0.261 6.8615 4.2037e-06
300 10 0.271 6.7866 4.1153e-06
300 10 0.281 6.7043 4.0697e-06
300 10 0.291 6.5117 4.0079e-06
300 10 0.301 6.3809 3.7935e-06
300 10 0.311 6.2457 3.2799e-06
300 10 0.321 6.1518 3.9147e-06
300 10 0.331 6.1158 3.8553e-06
300 10 0.341 5.9935 3.7963e-06
300 10 0.351 5.7972 3.6971e-06
300 10 0.361 5.7061 3.6665e-06
300 10 0.371 5.7027 3.6022e-06
300 10 0.381 5.5209 3.5454e-06
300 10 0.391 5.4944 3.4974e-06
300 10 0.401 5.3101 3.414e-06
300 10 0.411 5.2352 3.393e-06
300 10 0.421 5.098 3.298e-06
300 10 0.431 5.1242 3.2772e-06
300 10 0.441 4.9284 3.222e-06
300 10 0.451 4.8306 2.3759e-06
300 10 0.461 4.8173 2.8199e-06
300 10 0.471 4.6708 2.9827e-06
300 10 0.481 4.5804 2.9537e-06
300 10 0.491 4.5013 2.9646e-06
300 10 0.501 4.3582 2.8691e-06
300 10 0.511 4.3264 2.533e-06
300 10 0.521 4.2344 2.4947e-06
300 10 0.531 4.1963 2.6622e-06
300 10 0.541 4.116 2.6335e-06
300 10 0.551 4.0287 2.6015e-06
300 10 0.561 4.0409 2.5623e-06
300 10 0.571 3.8383 2.537e-06
300 10 0.581 3.8345 2.4939e-06
300 10 0.591 3.7479 2.3704e-06
300 10 0.601 3.5991 1.6884e-06
300 10 0.611 3.5451 1.6828e-06
300 10 0.621 3.4774 1.678e-06
300 10 0.631 3.4324 1.6888e-06
300 10 0.641 3.3193 1.9583e-06
300 10 0.651 3.2964 1.6605e-06
300 10 0.661 3.2444 1.6601e-06
300 10 0.671 3.1982 1.622e-06
300 10 0.681 3.1259 2.0468e-06
300 10 0.691 2.9899 2.2636e-06
300 10 0.701 2.943 2.2344e-06
300 10 0.711 2.8983 2.2054e-06
300 10 0.721 2.9109 2.1927e-06
300 10 0.731 2.7771 2.1721e-06
300 10 0.741 2.7765 2.1607e-06
300 10 0.751 2.675 2.1151e-06
300 10 0.761 2.5736 1.8301e-06
300 10 0.771 2.5455 1.662e-06
300 10 0.781 2.532 1.7367e-06
300 10 0.791 2.4495 1.6296e-06
300 10 0.801 2.4144 2.0159e-06
300 10 0.811 2.404 2.006e-06
300 10 0.821 2.293 1.9613e-06
300 10 0.831 2.2986 1.9701e-06
300 10 0.841 2.2356 1.9573e-06
300 10 0.851 2.1755 1.9476e-06
300 10 0.861 2.1478 1.9225e-06
300 10 0.871 2.1056 1.9158e-06
300 10 0.881 2.1011 1.9024e-06
300 10 0.891 2.0342 1.8957e-06
300 10 0.901 1.9545 1.8859e-06
300 10 0.911 1.9685 1.868e-06
300 10 0.921 1.9363 1.5855e-06
300 10 0.931 1.8812 1.4313e-06
300 10 0.941 1.8153 1.4582e-06
300 10 0.951 1.7636 1.4452e-06
300 10 0.961 1.7884 1.4164e-06
300 10 0.971 1.7165 1.5926e-06
300 10 0.981 1.7013 1.8311e-06
300 10 0.991 1.6586 1.8158e-06
300 10 1.001 1.6293 1.8214e-06
300 10 1.011 1.5399 1.8108e-06
300 10 1.021 1.5552 1.4814e-06
300 10 1.031 1.4763 1.3667e-06
300 10 1.041 1.4627 1.439e-06
300 10 1.051 1.4409 1.7682e-06
300 10 1.061 1.4367 1.7521e-06
300 10 1.071 1.3512 1.5304e-06
300 10 1.081 1.3046 1.3572e-06
300 10 1.091 1.332 1.3595e-06
300 10 1.101 1.2974 1.3974e-06
300 10 1.111 1.2763 1.6616e-06
300 10 1.121 1.2643 1.4379e-06
300 10 1.131 1.2185 1.3671e-06
300 10 1.141 1.2217 1.384e-06
300 10 1.151 1.1864 1.3549e-06
300 10 1.161 1.1956 1.379e-06
300 10 1.171 1.1309 1.3429e-06
300 10 1.181 1.1438 1.3616e-06
300 10 1.191 1.0836 1.5393e-06
300 10 1.201 1.1012 1.6345e-06
300 10 1.211 1.102 1.6347e-06
300 10 1.221 1.0774 1.6316e-06
300 10 1.231 1.0412 1.6124e-06
300 10 1.241 1.0456 1.6143e-06
300 10 1.251 1.0278 1.6189e-06
300 10 1.261 1.0163 1.6272e-06
300 10 1.271 0.9888 1.6175e-06
300 10 1.281 0.9668 1.6332e-06
300 10 1.291 0.9528 1.4524e-06
300 10 1.301 0.9465 1.2692e-06
300 10 1.311 0.9274 1.3377e-06
300 10 1.321 0.9208 1.6113e-06
300 10 1.331 0.9309 1.5991e-06
300 10 1.341 0.8952 1.5884e-06
300 10 1.351 0.8816 1.4275e-06
300 10 1.361 0.8491 1.2922e-06
300 10 1.371 0.8331 1.3444e-06
300 10 1.381 0.8112 1.579e-06
300 10 1.391 0.8109 1.5841e-06
300 10 1.401 0.7895 1.5949e-06
300 10 1.411 0.816 1.593e-06
300 10 1.421 0.7904 1.5913e-06
300 10 1.431 0.7614 1.5428e-06
300 10 1.441 0.7354 1.5755e-06
300 10 1.451 0.7576 1.5609e-06
300 10 1.461 0.7315 1.5512e-06
300 10 1.471 0.7202 1.5403e-06
300 10 1.481 0.7167 1.4916e-06
300 10 1.491 0.7013 1.3702e-06
300 10 1.501 0.6862 1.2364e-06
300 10 1.511 0.661 1.1986e-06
300 10 1.521 0.6762 1.1862e-06
300 10 1.531 0.6587 1.2093e-06
300 10 1.541 0.6383 1.252e-06
300 10 1.551 0.6284 1.4603e-06
300 10 1.561 0.6425 1.4535e-06
300 10 1.571 0.6081 1.4364e-06
300 10 1.581 0.5995 1.4533e-06
300 10 1.591 0.6001 1.4379e-06
300 10 1.601 0.5979 1.441e-06
300 10 1.611 0.5887 1.3037e-06
300 10 1.621 0.5884 1.3952e-06
300 10 1.631 0.5669 1.2721e-06
300 10 1.641 0.5614 1.3472e-06
300 10 1.651 0.5787 1.4484e-06
300 10 1.661 0.5558 1.4366e-06
300 10 1.671 0.5486 1.4436e-06
300 10 1.681 0.524 1.4386e-06
300 10 1.691 0.5263 1.4352e-06
300 10 1.701 0.52 1.4213e-06
300 10 1.711 0.5269 1.4379e-06
300 10 1.721 0.5261 1.4736e-06
300 10 1.731 0.5013 1.4479e-06
300 10 1.741 0.4842 1.4e-06
300 10 1.751 0.5007 1.3661e-06
300 10 1.761 0.4887 1.3605e-06
300 10 1.771 0.4813 1.3456e-06
300 10 1.781 0.4656 1.3533e-06
300 10 1.791 0.4785 1.3382e-06
300 10 1.801 0.4731 1.3504e-06
300 10 1.811 0.4396 1.3468e-06
300 10 1.821 0.4456 1.3327e-06
300 10 1.831 0.4595 1.0825e-06
300 10 1.841 0.4347 1.2656e-06
300 10 1.851 0.4322 1.3563e-06
300 10 1.861 0.4208 1.3539e-06
300 10 1.871 0.4144 1.3564e-06
300 10 1.881 0.4019 1.3379e-06
300 10 1.891 0.3986 1.3351e-06
300 10 1.901 0.4039 1.3176e-06
300 10 1.911 0.3918 1.3404e-06
300 10 1.921 0.3853 1.1036e-06
300 10 1.931 0.3736 1.2829e-06
300 10 1.941 0.3685 1.3574e-06
300 10 1.951 0.3572 1.3219e-06
300 10 1.961 0.3557 1.3032e-06
300 10 1.971 0.3526 1.3156e-06
300 10 1.981 0.3579 1.3005e-06
300 10 1.991 0.3448 1.2764e-06
300 20 0.001 19.9742 1.18348e-05
300 20 0.011 19.6362 8.8661e-06
300 20 0.021 19.2722 6.1743e-06
300 20 0.031 18.8885 5.9659e-06
300 20 0.041 18.4959 5.8163e-06
300 20 0.051 18.0566 8.8452e-06
300 20 0.061 17.6732 9.9485e-06
300 20 0.071 17.1516 9.5424e-06
300 20 0.081 16.832 9.267e-06
300 20 0.091 16.2151 8.9049e-06
300 20 0.101 15.832 8.5288e-06
300 20 0.111 15.5466 8.2887e-06
300 20 0.121 15.1011 7.9584e-06
300 20 0.131 14.6787 7.5991e-06
300 20 0.141 14.3303 7.3366e-06
300 20 0.151 14.1077 7.079e-06
300 20 0.161 13.5376 6.7708e-06
300 20 0.171 13.2107 6.5547e-06
300 20 0.181 12.8482 6.2312e-06
300 20 0.191 12.4928 6.0086e-06
300 20 0.201 12.1814 5.7511e-06
300 20 0.211 11.8319 3.1543e-06
300 20 0.221 11.4088 3.0471e-06
300 20 0.231 11.086 4.4112e-06
300 20 0.241 10.6993 4.6924e-06
300 20 0.251 10.562 4.5519e-06
300 20 0.261 10.1087 4.3608e-06
300 20 0.271 9.9772 4.2229e-06
300 20 0.281 9.6304 4.0555e-06
300 20 0.291 9.4168 3.9023e-06
300 20 0.301 9.1983 3.7527e-06
300 20 0.311 8.883 3.2106e-06
300 20 0.321 8.5647 2.4944e-06
300 20 0.331 8.3672 2.8338e-06
300 20 0.341 8.1978 2.0902e-06
300 20 0.351 7.9143 2.0301e-06
300 20 0.361 7.6531 1.9573e-06
300 20 0.371 7.4152 2.0848e-06
300 20 0.381 7.2078 2.9103e-06
300 20 0.391 7.0897 2.8273e-06
300 20 0.401 6.9258 2.7539e-06
300 20 0.411 6.6998 2.6637e-06
300 20 0.421 6.4919 2.5659e-06
300 20 0.431 6.3928 2.4971e-06
300 20 0.441 6.1818 2.3881e-06
300 20 0.451 5.9685 1.6056e-06
300 20 0.461 5.9373 1.575e-06
300 20 0.471 5.713 1.5361e-06
300 20 0.481 5.4607 1.513e-06
300 20 0.491 5.3994 1.4794e-06
300 20 0.501 5.2233 1.4611e-06
300 20 0.511 5.1671 1.4344e-06
300 20 0.521 5.0101 1.4342e-06
300 20 0.531 4.8807 2.0391e-06
300 20 0.541 4.7256 1.9902e-06
300 20 0.551 4.5036 1.941e-06
300 20 0.561 4.4864 1.9312e-06
300 20 0.571 4.3598 1.8809e-06
300 20 0.581 4.2524 1.8718e-06
300 20 0.591 4.1419 1.8521e-06
300 20 0.601 4.0401 1.8274e-06
300 20 0.611 3.9559 1.8026e-06
300 20 0.621 3.7867 1.7773e-06
300 20 0.631 3.7481 1.762e-06
300 20 0.641 3.6046 1.7451e-06
300 20 0.651 3.5886 1.713e-06
300 20 0.661 3.4634 1.7085e-06
300 20 0.671 3.3841 1.6938e-06
300 20 0.681 3.2244 1.6594e-06
300 20 0.691 3.2477 1.6565e-06
300 20 0.701 3.2267 1.6416e-06
300 20 0.711 3.0724 1.6485e-06
300 20 0.721 3.0767 1.6255e-06
300 20 0.731 2.9302 1.5989e-06
300 20 0.741 2.9288 1.6026e-06
300 20 0.751 2.856 1.3886e-06
300 20 0.761 2.7653 1.1651e-06
300 20 0.771 2.7066 1.1551e-06
300 20 0.781 2.6487 1.1511e-06
300 20 0.791 2.521 1.1508e-06
300 20 0.801 2.5169 1.3561e-06
300 20 0.811 2.4542 1.5612e-06
300 20 0.821 2.4174 1.5044e-06
300 20 0.831 2.3748 1.5037e-06
300 20 0.841 2.3215 1.512e-06
300 20 0.851 2.2354 1.1266e-06
300 20 0.861 2.1867 1.2176e-06
300 20 0.871 2.1526 1.5266e-06
300 20 0.881 2.0982 1.5051e-06
300 20 0.891 2.0741 1.5205e-06
300 20 0.901 2.0782 1.5063e-06
300 20 0.911 1.9901 1.4761e-06
300 20 0.921 1.9177 1.4708e-06
300 20 0.931 1.8966 1.4675e-06
300 20 0.941 1.8637 1.4629e-06
300 20 0.951 1.8119 1.459e-06
300 20 0.961 1.7471 1.4453e-06
300 20 0.971 1.7591 1.4469e-06
300 20 0.981 1.672 1.4404e-06
300 20 0.991 1.6343 1.4386e-06
300 20 1.001 1.6185 1.4279e-06
300 20 1.011 1.5547 1.4232e-06
300 20 1.021 1.5509 1.088e-06
300 20 1.031 1.4936 1.0564e-06
300 20 1.041 1.4607 1.0636e-06
300 20 1.051 1.4457 1.0579e-06
300 20 1.061 1.4222 1.0602e-06
300 20 1.071 1.371 1.1146e-06
300 20 1.081 1.3551 1.1916e-06
300 20 1.091 1.3445 1.0541e-06
300 20 1.101 1.33 1.3217e-06
300 20 1.111 1.2767 1.318e-06
300 20 1.121 1.2443 1.0462e-06
300 20 1.131 1.2484 1.0525e-06
300 20 1.141 1.1868 1.0653e-06
300 20 1.151 1.1994 1.3531e-06
300 20 1.161 1.1837 1.3549e-06
300 20 1.171 1.1675 1.3629e-06
300 20 1.181 1.1522 1.3584e-06
300 20 1.191 1.106 1.348e-06
300 20 1.201 1.0987 1.3491e-06
300 20 1.211 1.0694 1.347e-06
300 20 1.221 1.0703 1.3438e-06
300 20 1.231 1.0394 1.3288e-06
300 20 1.241 1.0315 1.3284e-06
300 20 1.251 1.0281 1.3318e-06
300 20 1.261 1.0214 1.1255e-06
300 20 1.271 0.9723 1.3396e-06
300 20 1.281 0.9558 1.3247e-06
300 20 1.291 0.9404 1.2968e-06
300 20 1.301 0.9444 1.2741e-06
300 20 1.311 0.9136 1.3577e-06
300 20 1.321 0.9188 1.3527e-06
300 20 1.331 0.8878 1.3607e-06
300 20 1.341 0.895 1.348e-06
300 20 1.351 0.8785 1.3523e-06
300 20 1.361 0.8796 1.3521e-06
300 20 1.371 0.8392 1.3497e-06
300 20 1.381 0.8272 1.337e-06
300 20 1.391 0.8312 1.3353e-06
300 20 1.401 0.8062 1.3426e-06
300 20 1.411 0.7651 1.2229e-06
300 20 1.421 0.7858 1.0122e-06
300 20 1.431 0.77 1.0137e-06
300 20 1.441 0.7705 1.0137e-06
300 20 1.451 0.7685 1.0133e-06
300 20 1.461 0.7417 1.0096e-06
300 20 1.471 0.7351 1.0167e-06
300 20 1.481 0.7025 1.3123e-06
300 20 1.491 0.7102 1.0037e-06
300 20 1.501 0.7029 1.1594e-06
300 20 1.511 0.6839 1.3337e-06
300 20 1.521 0.6591 1.3306e-06
300 20 1.531 0.6703 1.3218e-06
300 20 1.541 0.6536 1.3222e-06
300 20 1.551 0.651 1.3199e-06
300 20 1.561 0.6214 1.3169e-06
300 20 1.571 0.6182 1.3226e-06
300 20 1.581 0.6163 1.3235e-06
300 20 1.591 0.5865 1.3151e-06
300 20 1.601 0.5984 1.3086e-06
300 20 1.611 0.5723 1.3063e-06
300 20 1.621 0.5851 1.3055e-06
300 20 1.631 0.5741 1.3079e-06
300 20 1.641 0.5638 1.3156e-06
300 20 1.651 0.5509 1.3104e-06
300 20 1.661 0.5496 1.3042e-06
300 20 1.671 0.5461 1.3094e-06
300 20 1.681 0.5547 1.3007e-06
300 20 1.691 0.5234 1.3008e-06
300 20 1.701 0.5305 1.2984e-06
300 20 1.711 0.5029 1.2972e-06
300 20 1.721 0.5188 1.3006e-06
300 20 1.731 0.5104 1.2728e-06
300 20 1.741 0.5081 1.2807e-06
300 20 1.751 0.5085 1.2648e-06
300 20 1.761 0.4891 1.2669e-06
300 20 1.771 0.4829 1.2611e-06
300 20 1.781 0.4779 1.0417e-06
300 20 1.791 0.4604 1.175e-06
300 20 1.801 0.4589 1.1336e-06
300 20 1.811 0.4687 9.8e-07
300 20 1.821 0.4481 9.659e-07
300 20 1.831 0.4475 9.678e-07
300 20 1.841 0.4401 9.612e-07
300 20 1.851 0.4279 9.665e-07
300 20 1.861 0.4294 1.0306e-06
300 20 1.871 0.4197 9.465e-07
300 20 1.881 0.406 9.466e-07
300 20 1.891 0.395 9.834e-07
300 20 1.901 0.4069 1.2128e-06
300 20 1.911 0.379 9.664e-07
300 20 1.921 0.3883 1.1845e-06
300 20 1.931 0.3634 1.2062e-06
300 20 1.941 0.3765 1.2087e-06
300 20 1.951 0.3546 1.2002e-06
300 20 1.961 0.3645 1.1973e-06
300 20 1.971 0.3528 1.1898e-06
300 20 1.981 0.3513 1.18e-06
300 20 1.991 0.3428 1.1771e-06
300 30 0.001 29.9521 1.70532e-05
300 30 0.011 29.1083 1.63758e-05
300 30 0.021 28.3548 1.56388e-05
300 30 0.031 27.5197 1.04427e-05
300 30 0.041 26.8288 7.7089e-06
300 30 0.051 25.7747 1.13587e-05
300 30 0.061 24.9321 1.1388e-05
300 30 0.071 24.0557 1.21768e-05
300 30 0.081 22.9205 1.1416e-05
300 30 0.091 22.3569 1.07678e-05
300 30 0.101 21.5666 9.9407e-06
300 30 0.111 20.926 9.2936e-06
300 30 0.121 20.1752 8.8191e-06
300 30 0.131 19.2788 8.2317e-06
300 30 0.141 18.604 7.7367e-06
300 30 0.151 18.0313 6.2222e-06
300 30 0.161 17.1738 4.9583e-06
300 30 0.171 16.7016 4.8205e-06
300 30 0.181 15.8155 5.9438e-06
300 30 0.191 15.4359 5.6208e-06
300 30 0.201 14.8302 5.2852e-06
300 30 0.211 14.1021 4.9292e-06
300 30 0.221 13.6778 4.7313e-06
300 30 0.231 13.0085 4.3531e-06
300 30 0.241 12.6567 3.5431e-06
300 30 0.251 12.214 2.4173e-06
300 30 0.261 11.8351 2.3485e-06
300 30 0.271 11.1517 2.2232e-06
300 30 0.281 11.0318 2.1066e-06
300 30 0.291 10.6717 2.0322e-06
300 30 0.301 10.2732 1.9703e-06
300 30 0.311 9.8391 1.8909e-06
300 30 0.321 9.4073 1.8183e-06
300 30 0.331 9.2335 2.1289e-06
300 30 0.341 8.8668 2.2584e-06
300 30 0.351 8.6105 2.5311e-06
300 30 0.361 8.3008 1.6758e-06
300 30 0.371 8.0582 2.3759e-06
300 30 0.381 7.7636 2.309e-06
300 30 0.391 7.5765 2.2206e-06
300 30 0.401 7.186 1.8054e-06
300 30 0.411 7.1071 1.4097e-06
300 30 0.421 6.9181 1.3985e-06
300 30 0.431 6.7405 1.3616e-06
300 30 0.441 6.4177 1.3315e-06
300 30 0.451 6.2076 1.3148e-06
300 30 0.461 5.979 1.2924e-06
300 30 0.471 5.9482 1.2878e-06
300 30 0.481 5.7342 1.4178e-06
300 30 0.491 5.4992 1.7534e-06
300 30 0.501 5.356 1.7405e-06
300 30 0.511 5.2093 1.7044e-06
300 30 0.521 5.0545 1.6795e-06
300 30 0.531 4.9902 1.6682e-06
300 30 0.541 4.7114 1.6529e-06
300 30 0.551 4.7115 1.6449e-06
300 30 0.561 4.541 1.6309e-06
300 30 0.571 4.3699 1.6075e-06
300 30 0.581 4.2878 1.5967e-06
300 30 0.591 4.1598 1.5888e-06
300 30 0.601 4.0282 1.5795e-06
300 30 0.611 4.0288 1.5594e-06
300 30 0.621 3.9431 1.5618e-06
300 30 0.631 3.7429 1.5448e-06
300 30 0.641 3.7554 1.5392e-06
300 30 0.651 3.6222 1.5191e-06
300 30 0.661 3.5256 1.1369e-06
300 30 0.671 3.3183 1.5113e-06
300 30 0.681 3.321 1.1944e-06
300 30 0.691 3.2432 1.378e-06
300 30 0.701 3.1985 1.0798e-06
300 30 0.711 3.1293 1.073e-06
300 30 0.721 3.093 1.0661e-06
300 30 0.731 2.9723 1.0689e-06
300 30 0.741 2.9097 1.3556e-06
300 30 0.751 2.8357 1.4266e-06
300 30 0.761 2.7337 1.429e-06
300 30 0.771 2.7264 1.4658e-06
300 30 0.781 2.6563 1.239e-06
300 30 0.791 2.5757 1.0726e-06
300 30 0.801 2.5295 1.0518e-06
300 30 0.811 2.4924 1.3547e-06
300 30 0.821 2.4237 1.2401e-06
300 30 0.831 2.3702 1.1551e-06
300 30 0.841 2.3392 1.3913e-06
300 30 0.851 2.2216 1.4239e-06
300 30 0.861 2.1911 1.4756e-06
300 30 0.871 2.1109 1.4722e-06
300 30 0.881 2.1016 1.4694e-06
300 30 0.891 2.0953 1.4579e-06
300 30 0.901 2.0098 1.4626e-06
300 30 0.911 1.9955 1.3996e-06
300 30 0.921 1.9233 1.0159e-06
300 30 0.931 1.9114 1.0435e-06
300 30 0.941 1.8854 1.0386e-06
300 30 0.951 1.8051 1.0457e-06
300 30 0.961 1.7697 1.0298e-06
300 30 0.971 1.759 1.0333e-06
300 30 0.981 1.6552 1.1093e-06
300 30 0.991 1.6715 1.5178e-06
300 30 1.001 1.5834 1.4836e-06
300 30 1.011 1.5456 1.4718e-06
300 30 1.021 1.5537 1.4779e-06
300 30 1.031 1.5442 1.4773e-06
300 30 1.041 1.4936 1.4909e-06
300 30 1.051 1.3946 1.4478e-06
300 30 1.061 1.4031 1.4517e-06
300 30 1.071 1.3972 1.4492e-06
300 30 1.081 1.3194 1.3623e-06
300 30 1.091 1.3205 1.0161e-06
300 30 1.101 1.3111 1.2734e-06
300 30 1.111 1.269 1.2675e-06
300 30 1.121 1.2341 1.0211e-06
300 30 1.131 1.1967 1.0197e-06
300 30 1.141 1.1874 9.886e-07
300 30 1.151 1.2033 9.985e-07
300 30 1.161 1.1771 1.013e-06
300 30 1.171 1.1634 1.2861e-06
300 30 1.181 1.1466 1.3286e-06
300 30 1.191 1.1289 1.3282e-06
300 30 1.201 1.1099 1.1483e-06
300 30 1.211 1.0908 9.764e-07
300 30 1.221 1.0638 1.0557e-06
300 30 1.231 1.049 1.315e-06
300 30 1.241 1.0144 1.3199e-06
300 30 1.251 1.0217 1.3258e-06
300 30 1.261 1.0172 1.3214e-06
300 30 1.271 0.9981 1.3123e-06
300 30 1.281 0.939 1.318e-06
300 30 1.291 0.9621 1.3242e-06
300 30 1.301 0.9337 1.32e-06
300 30 1.311 0.947 1.1443e-06
300 30 1.321 0.9192 1.1161e-06
300 30 1.331 0.9157 1.3272e-06
300 30 1.341 0.8888 1.3358e-06
300 30 1.351 0.8894 1.0602e-06
300 30 1.361 0.8667 9.827e-07
300 30 1.371 0.857 9.996e-07
300 30 1.381 0.8362 1.2636e-06
300 30 1.391 0.8337 1.3348e-06
300 30 1.401 0.8261 1.3258e-06
300 30 1.411 0.8154 1.3436e-06
300 30 1.421 0.7885 1.3269e-06
300 30 1.431 0.7765 1.3201e-06
300 30 1.441 0.7541 1.3124e-06
300 30 1.451 0.7521 1.3029e-06
300 30 1.461 0.7332 9.797e-07
300 30 1.471 0.715 9.71e-07
300 30 1.481 0.7359 1.0047e-06
300 30 1.491 0.7023 9.787e-07
300 30 1.501 0.7017 9.739e-07
300 30 1.511 0.6658 1.0293e-06
300 30 1.521 0.6439 1.3958e-06
300 30 1.531 0.659 1.3855e-06
300 30 1.541 0.6378 1.364e-06
300 30 1.551 0.6563 1.291e-06
300 30 1.561 0.6495 1.0772e-06
300 30 1.571 0.6216 1.287e-06
300 30 1.581 0.6044 1.2766e-06
300 30 1.591 0.5911 1.2911e-06
300 30 1.601 0.5989 1.278e-06
300 30 1.611 0.5872 1.2759e-06
300 30 1.621 0.5691 1.2765e-06
300 30 1.631 0.5641 1.2749e-06
300 30 1.641 0.5762 1.2677e-06
300 30 1.651 0.5613 1.2757e-06
300 30 1.661 0.5624 1.2773e-06
300 30 1.671 0.5397 1.276e-06
300 30 1.681 0.5659 1.2743e-06
300 30 1.691 0.5244 1.2688e-06
300 30 1.701 0.5388 1.2642e-06
300 30 1.711 0.5019 1.2647e-06
300 30 1.721 0.505 1.2569e-06
300 30 1.731 0.5108 1.2704e-06
300 30 1.741 0.4889 1.2664e-06
300 30 1.751 0.4789 1.2577e-06
300 30 1.761 0.4979 1.252e-06
300 30 1.771 0.4911 1.2536e-06
300 30 1.781 0.4667 1.2469e-06
300 30 1.791 0.4649 1.171e-06
300 30 1.801 0.4533 9.351e-07
300 30 1.811 0.4505 1.0891e-06
300 30 1.821 0.4383 1.2369e-06
300 30 1.831 0.4371 1.2253e-06
300 30 1.841 0.4482 1.2351e-06
300 30 1.851 0.4304 1.2237e-06
300 30 1.861 0.4184 1.2146e-06
300 30 1.871 0.4215 9.501e-07
300 30 1.881 0.415 1.2115e-06
300 30 1.891 0.4099 1.2153e-06
300 30 1.901 0.3866 1.2005e-06
300 30 1.911 0.382 1.2285e-06
300 30 1.921 0.3777 1.207e-06
300 30 1.931 0.3755 1.2084e-06
300 30 1.941 0.3773 1.1957e-06
300 30 1.951 0.3716 1.1922e-06
300 30 1.961 0.3565 1.1921e-06
300 30 1.971 0.3429 1.1846e-06
300 30 1.981 0.3389 1.1895e-06
300 30 1.991 0.3308 1.1732e-06
300 40 0.001 2369.62 2.04494e-05
300 40 0.011 2238.77 1.95708e-05
300 40 0.021 2095.1 1.86043e-05
300 40 0.031 1949.2 1.76035e-05
300 40 0.041 1802.33 1.65937e-05
300 40 0.051 1661.65 1.56031e-05
300 40 0.061 1539.69 1.47386e-05
300 40 0.071 1418.37 8.1285e-06
300 40 0.081 1286.24 7.1858e-06
300 40 0.091 1179.6 6.7373e-06
300 40 0.101 1060.92 6.3147e-06
300 40 0.111 974.787 6.0486e-06
300 40 0.121 891.056 9.8237e-06
300 40 0.131 807.5 9.17e-06
300 40 0.141 718.962 8.4567e-06
300 40 0.151 652.541 7.9264e-06
300 40 0.161 592.45 7.4339e-06
300 40 0.171 532.389 6.9526e-06
300 40 0.181 476.672 6.4564e-06
300 40 0.191 428.64 6.0159e-06
300 40 0.201 385.012 5.6233e-06
300 40 0.211 345.159 5.2515e-06
300 40 0.221 301.991 4.925e-06
300 40 0.231 272.454 4.6122e-06
300 40 0.241 240.692 4.3275e-06
300 40 0.251 217.773 4.094e-06
300 40 0.261 190.235 3.8384e-06
300 40 0.271 170.137 3.6339e-06
300 40 0.281 153.728 3.4404e-06
300 40 0.291 135.091 3.2673e-06
300 40 0.301 120.151 3.1058e-06
300 40 0.311 101.798 2.8917e-06
300 40 0.321 95.7928 2.8346e-06
300 40 0.331 81.6218 2.6722e-06
300 40 0.341 75.3678 2.5795e-06
300 40 0.351 67.2576 2.4883e-06
300 40 0.361 57.4036 2.3484e-06
300 40 0.371 51.448 2.2754e-06
300 40 0.381 48.1352 2.2531e-06
300 40 0.391 39.8212 2.1344e-06
300 40 0.401 36.3721 2.0822e-06
300 40 0.411 32.9258 2.0186e-06
300 40 0.421 29.1504 1.947e-06
300 40 0.431 24.5804 1.8924e-06
300 40 0.441 23.6515 1.8426e-06
300 40 0.451 20.8114 1.801e-06
300 40 0.461 19.5254 1.7861e-06
300 40 0.471 16.9375 1.7406e-06
300 40 0.481 14.7646 1.7005e-06
300 40 0.491 14.1622 1.6849e-06
300 40 0.501 12.95 1.6682e-06
300 40 0.511 12.031 1.6689e-06
300 40 0.521 11.2675 1.6517e-06
300 40 0.531 10.226 1.6226e-06
300 40 0.541 9.0806 1.6111e-06
300 40 0.551 9.02 1.6037e-06
300 40 0.561 7.8495 1.5766e-06
300 40 0.571 7.7512 1.5605e-06
300 40 0.581 7.4947 1.5385e-06
300 40 0.591 6.7929 1.5178e-06
300 40 0.601 6.4298 1.5396e-06
300 40 0.611 6.1147 1.516e-06
300 40 0.621 5.9141 1.5105e-06
300 40 0.631 5.7061 1.498e-06
300 40 0.641 5.5478 1.4985e-06
300 40 0.651 5.3441 1.4925e-06
300 40 0.661 5.2335 1.4816e-06
300 40 0.671 5.0481 1.4556e-06
300 40 0.681 4.8539 1.485e-06
300 40 0.691 4.8174 1.479e-06
300 40 0.701 4.591 1.4627e-06
300 40 0.711 4.5614 1.4603e-06
300 40 0.721 4.4437 1.2473e-06
300 40 0.731 4.299 1.0537e-06
300 40 0.741 4.2295 1.0912e-06
300 40 0.751 4.0509 1.1032e-06
300 40 0.761 4.0348 1.5233e-06
300 40 0.771 3.9251 1.5108e-06
300 40 0.781 3.8553 1.4978e-06
300 40 0.791 3.8983 1.4847e-06
300 40 0.801 3.7957 1.487e-06
300 40 0.811 3.6488 1.4993e-06
300 40 0.821 3.6815 1.4992e-06
300 40 0.831 3.5993 1.4927e-06
300 40 0.841 3.5192 1.2956e-06
300 40 0.851 3.4937 1.2268e-06
300 40 0.861 3.4508 1.3956e-06
300 40 0.871 3.3687 1.3968e-06
300 40 0.881 3.3384 1.3935e-06
300 40 0.891 3.2336 1.3807e-06
300 40 0.901 3.1895 1.386e-06
300 40 0.911 3.1515 1.3933e-06
300 40 0.921 3.102 1.3752e-06
300 40 0.931 3.0982 1.3837e-06
300 40 0.941 3.04 1.3687e-06
300 40 0.951 3.039 1.3746e-06
300 40 0.961 2.9594 1.367e-06
300 40 0.971 2.8904 1.3563e-06
300 40 0.981 2.8523 1.3599e-06
300 40 0.991 2.7949 1.3534e-06
300 40 1.001 2.7984 1.3528e-06
300 40 1.011 2.7143 1.354e-06
300 40 1.021 2.6616 1.3525e-06
300 40 1.031 2.6221 1.3564e-06
300 40 1.041 2.6029 1.3512e-06
300 40 1.051 2.5806 1.3403e-06
300 40 1.061 2.5766 1.0143e-06
300 40 1.071 2.5732 9.892e-07
300 40 1.081 2.5188 1.1949e-06
300 40 1.091 2.4818 1.268e-06
300 40 1.101 2.4355 1.1893e-06
300 40 1.111 2.437 1.313e-06
300 40 1.121 2.4351 1.3031e-06
300 40 1.131 2.3936 1.3067e-06
300 40 1.141 2.3583 1.3051e-06
300 40 1.151 2.3313 1.2982e-06
300 40 1.161 2.3166 1.2985e-06
300 40 1.171 2.3003 1.3332e-06
300 40 1.181 2.2995 1.3338e-06
300 40 1.191 2.2741 1.3298e-06
300 40 1.201 2.2247 1.3221e-06
300 40 1.211 2.248 1.3323e-06
300 40 1.221 2.1926 1.3344e-06
300 40 1.231 2.1728 1.3274e-06
300 40 1.241 2.1758 1.3187e-06
300 40 1.251 2.1738 1.3154e-06
300 40 1.261 2.1298 1.309e-06
300 40 1.271 2.1314 1.3187e-06
300 40 1.281 2.1092 1.3084e-06
300 40 1.291 2.1109 1.3043e-06
300 40 1.301 2.0908 1.2823e-06
300 40 1.311 2.0462 1.3068e-06
300 40 1.321 2.0391 1.2885e-06
300 40 1.331 2.0224 1.2646e-06
300 40 1.341 2.0248 1.0957e-06
300 40 1.351 1.9932 1.1529e-06
300 40 1.361 1.9996 1.3146e-06
300 40 1.371 1.9586 1.3052e-06
300 40 1.381 1.9644 1.3107e-06
300 40 1.391 1.9815 1.3079e-06
300 40 1.401 1.9408 1.2999e-06
300 40 1.411 1.9209 1.3058e-06
300 40 1.421 1.9099 1.3049e-06
300 40 1.431 1.8738 1.2752e-06
300 40 1.441 1.8914 1.2731e-06
300 40 1.451 1.8866 1.3154e-06
300 40 1.461 1.8479 1.3125e-06
300 40 1.471 1.8404 1.3128e-06
300 40 1.481 1.8065 1.2969e-06
300 40 1.491 1.8079 1.2339e-06
300 40 1.501 1.7933 1.2743e-06
300 40 1.511 1.786 1.2706e-06
300 40 1.521 1.7671 1.2947e-06
300 40 1.531 1.7365 1.2737e-06
300 40 1.541 1.7485 1.2822e-06
300 40 1.551 1.7268 1.3111e-06
300 40 1.561 1.6994 1.311e-06
300 40 1.571 1.7089 1.3141e-06
300 40 1.581 1.7048 1.3073e-06
300 40 1.591 1.7101 1.3112e-06
300 40 1.601 1.679 1.3125e-06
300 40 1.611 1.6862 1.3048e-06
300 40 1.621 1.668 1.3013e-06
300 40 1.631 1.6725 1.3099e-06
300 40 1.641 1.6567 1.3016e-06
300 40 1.651 1.655 1.3065e-06
300 40 1.661 1.6447 1.3116e-06
300 40 1.671 1.6387 1.3108e-06
300 40 1.681 1.631 1.3078e-06
300 40 1.691 1.618 1.2992e-06
300 40 1.701 1.6012 1.2947e-06
300 40 1.711 1.5808 1.2983e-06
300 40 1.721 1.5965 1.3043e-06
300 40 1.731 1.5875 1.2934e-06
300 40 1.741 1.5566 1.2965e-06
300 40 1.751 1.5484 1.2913e-06
300 40 1.761 1.5368 1.3045e-06
300 40 1.771 1.5609 1.2983e-06
300 40 1.781 1.5283 1.2992e-06
300 40 1.791 1.4997 1.2834e-06
300 40 1.801 1.5132 1.006e-06
300 40 1.811 1.4958 9.746e-07
300 40 1.821 1.4876 1.2436e-06
300 40 1.831 1.4721 1.2662e-06
300 40 1.841 1.467 1.2577e-06
300 40 1.851 1.4689 1.1016e-06
300 40 1.861 1.4468 1.1592e-06
300 40 1.871 1.4417 1.2511e-06
300 40 1.881 1.4241 1.0513e-06
300 40 1.891 1.4211 9.328e-07
300 40 1.901 1.4198 9.445e-07
300 40 1.911 1.4019 9.169e-07
300 40 1.921 1.3916 9.2e-07
300 40 1.931 1.3919 9.294e-07
300 40 1.941 1.3691 1.1147e-06
300 40 1.951 1.3756 1.2219e-06
300 40 1.961 1.3589 1.2322e-06
300 40 1.971 1.36 1.2441e-06
300 40 1.981 1.34 1.2039e-06
300 40 1.991 1.3335 8.926e-07
400 10 0.001 9.9918 6.2328e-06
400 10 0.011 9.9183 8.2176e-06
400 10 0.021 9.7981 8.1182e-06
400 10 0.031 9.7351 8.02e-06
400 10 0.041 9.5745 7.8758e-06
400 10 0.051 9.4727 7.7534e-06
400 10 0.061 9.3358 7.6475e-06
400 10 0.071 9.2296 7.5285e-06
400 10 0.081 9.1459 7.3969e-06
400 10 0.091 8.9962 7.29e-06
400 10 0.101 8.8249 7.15e-06
400 10 0.111 8.7363 7.046e-06
400 10 0.121 8.5509 6.8985e-06
400 10 0.131 8.4437 5.4622e-06
400 10 0.141 8.3433 3.8491e-06
400 10 0.151 8.2083 3.7858e-06
400 10 0.161 8.1193 3.7284e-06
400 10 0.171 7.9542 6.1352e-06
400 10 0.181 7.8368 6.2469e-06
400 10 0.191 7.713 6.116e-06
400 10 0.201 7.5959 6.0047e-06
400 10 0.211 7.4587 6.0494e-06
400 10 0.221 7.3805 5.907e-06
400 10 0.231 7.2001 5.8567e-06
400 10 0.241 7.1539 5.7521e-06
400 10 0.251 6.9833 4.8613e-06
400 10 0.261 6.9118 3.1815e-06
400 10 0.271 6.7217 3.1208e-06
400 10 0.281 6.6616 5.204e-06
400 10 0.291 6.4735 4.0468e-06
400 10 0.301 6.3751 3.7909e-06
400 10 0.311 6.2569 4.6761e-06
400 10 0.321 6.086 4.5627e-06
400 10 0.331 6.0816 4.6878e-06
400 10 0.341 6.0027 4.6513e-06
400 10 0.351 5.8484 4.5154e-06
400 10 0.361 5.6479 4.3987e-06
400 10 0.371 5.6276 4.3493e-06
400 10 0.381 5.5215 4.2758e-06
400 10 0.391 5.4389 4.1959e-06
400 10 0.401 5.3176 4.1015e-06
400 10 0.411 5.2309 4.0412e-06
400 10 0.421 5.1125 3.9712e-06
400 10 0.431 5.0521 3.8821e-06
400 10 0.441 5.0308 3.8402e-06
400 10 0.451 4.8003 3.7545e-06
400 10 0.461 4.7614 3.7048e-06
400 10 0.471 4.6258 3.6339e-06
400 10 0.481 4.5397 3.5982e-06
400 10 0.491 4.5521 3.5485e-06
400 10 0.501 4.3983 3.4575e-06
400 10 0.511 4.3253 3.4183e-06
400 10 0.521 4.202 3.3674e-06
400 10 0.531 4.1613 3.3014e-06
400 10 0.541 4.0909 3.2452e-06
400 10 0.551 3.997 3.2197e-06
400 10 0.561 3.9502 3.1493e-06
400 10 0.571 3.7974 3.0932e-06
400 10 0.581 3.7989 3.0612e-06
400 10 0.591 3.7036 3.0176e-06
400 10 0.601 3.6448 2.9771e-06
400 10 0.611 3.5593 2.9366e-06
400 10 0.621 3.4818 2.9192e-06
400 10 0.631 3.4035 2.9273e-06
400 10 0.641 3.3116 2.8735e-06
400 10 0.651 3.2737 2.8293e-06
400 10 0.661 3.2211 2.8108e-06
400 10 0.671 3.1838 2.7465e-06
400 10 0.681 3.0793 2.2554e-06
400 10 0.691 3.0513 2.4345e-06
400 10 0.701 2.9968 2.6261e-06
400 10 0.711 2.883 2.5891e-06
400 10 0.721 2.8795 2.5729e-06
400 10 0.731 2.8027 2.5359e-06
400 10 0.741 2.7011 2.5238e-06
400 10 0.751 2.6792 2.4931e-06
400 10 0.761 2.6087 2.4652e-06
400 10 0.771 2.5552 2.4482e-06
400 10 0.781 2.5349 2.4313e-06
400 10 0.791 2.4644 2.4016e-06
400 10 0.801 2.4667 2.3835e-06
400 10 0.811 2.3548 2.3627e-06
400 10 0.821 2.3115 1.9673e-06
400 10 0.831 2.2737 1.7361e-06
400 10 0.841 2.2483 1.7417e-06
400 10 0.851 2.1979 2.0095e-06
400 10 0.861 2.1481 1.7258e-06
400 10 0.871 2.1079 2.0437e-06
400 10 0.881 2.02 2.2918e-06
400 10 0.891 1.9833 2.1329e-06
400 10 0.901 1.9733 1.6855e-06
400 10 0.911 1.9498 1.6832e-06
400 10 0.921 1.8885 1.6876e-06
400 10 0.931 1.897 1.697e-06
400 10 0.941 1.8027 1.6787e-06
400 10 0.951 1.7562 1.6601e-06
400 10 0.961 1.781 1.664e-06
400 10 0.971 1.7155 1.9149e-06
400 10 0.981 1.6675 1.7508e-06
400 10 0.991 1.6216 2.124e-06
400 10 1.001 1.5891 1.6672e-06
400 10 1.011 1.5642 1.6739e-06
400 10 1.021 1.5425 2.115e-06
400 10 1.031 1.4786 2.0812e-06
400 10 1.041 1.4799 1.898e-06
400 10 1.051 1.4477 1.6066e-06
400 10 1.061 1.3934 1.9369e-06
400 10 1.071 1.4112 2.0427e-06
400 10 1.081 1.3333 2.0537e-06
400 10 1.091 1.3273 2.0578e-06
400 10 1.101 1.319 1.9076e-06
400 10 1.111 1.2606 1.566e-06
400 10 1.121 1.2543 1.5655e-06
400 10 1.131 1.2097 1.569e-06
400 10 1.141 1.2422 1.5616e-06
400 10 1.151 1.1828 1.5508e-06
400 10 1.161 1.1655 1.5325e-06
400 10 1.171 1.1914 1.5781e-06
400 10 1.181 1.1276 1.5365e-06
400 10 1.191 1.1229 1.5273e-06
400 10 1.201 1.0863 1.5357e-06
400 10 1.211 1.0859 1.5324e-06
400 10 1.221 1.0812 1.5138e-06
400 10 1.231 1.0592 1.7336e-06
400 10 1.241 1.0457 1.8968e-06
400 10 1.251 1.0133 1.8929e-06
400 10 1.261 1.0116 1.869e-06
400 10 1.271 0.9641 1.866e-06
400 10 1.281 0.9693 1.6488e-06
400 10 1.291 0.9433 1.477e-06
400 10 1.301 0.9572 1.4711e-06
400 10 1.311 0.9265 1.4682e-06
400 10 1.321 0.9318 1.7659e-06
400 10 1.331 0.9123 1.4641e-06
400 10 1.341 0.8765 1.4596e-06
400 10 1.351 0.8908 1.4506e-06
400 10 1.361 0.8488 1.6191e-06
400 10 1.371 0.8745 1.4608e-06
400 10 1.381 0.8585 1.7483e-06
400 10 1.391 0.8255 1.7731e-06
400 10 1.401 0.8113 1.7677e-06
400 10 1.411 0.8046 1.5675e-06
400 10 1.421 0.7792 1.4522e-06
400 10 1.431 0.7669 1.571e-06
400 10 1.441 0.755 1.7641e-06
400 10 1.451 0.7424 1.7609e-06
400 10 1.461 0.7374 1.7555e-06
400 10 1.471 0.7192 1.7368e-06
400 10 1.481 0.7076 1.7318e-06
400 10 1.491 0.6975 1.735e-06
400 10 1.501 0.6848 1.5518e-06
400 10 1.511 0.6895 1.4594e-06
400 10 1.521 0.6861 1.6795e-06
400 10 1.531 0.6645 1.6738e-06
400 10 1.541 0.6527 1.6711e-06
400 10 1.551 0.6527 1.6511e-06
400 10 1.561 0.6385 1.6614e-06
400 10 1.571 0.6236 1.6471e-06
400 10 1.581 0.6221 1.6409e-06
400 10 1.591 0.5993 1.6247e-06
400 10 1.601 0.5975 1.6246e-06
400 10 1.611 0.5787 1.6458e-06
400 10 1.621 0.5842 1.3108e-06
400 10 1.631 0.5693 1.474e-06
400 10 1.641 0.5702 1.6126e-06
400 10 1.651 0.5625 1.6092e-06
400 10 1.661 0.5518 1.6084e-06
400 10 1.671 0.5445 1.6101e-06
400 10 1.681 0.5374 1.6038e-06
400 10 1.691 0.5326 1.5904e-06
400 10 1.701 0.5226 1.5911e-06
400 10 1.711 0.5109 1.5776e-06
400 10 1.721 0.4931 1.4558e-06
400 10 1.731 0.5026 1.5707e-06
400 10 1.741 0.5162 1.3584e-06
400 10 1.751 0.4913 1.5543e-06
400 10 1.761 0.4881 1.5576e-06
400 10 1.771 0.4776 1.5425e-06
400 10 1.781 0.4637 1.5095e-06
400 10 1.791 0.465 1.2787e-06
400 10 1.801 0.4684 1.2811e-06
400 10 1.811 0.4492 1.235e-06
400 10 1.821 0.4429 1.2882e-06
400 10 1.831 0.4255 1.2934e-06
400 10 1.841 0.4274 1.2288e-06
400 10 1.851 0.4235 1.4828e-06
400 10 1.861 0.4261 1.4998e-06
400 10 1.871 0.4212 1.4922e-06
400 10 1.881 0.4093 1.4982e-06
400 10 1.891 0.4071 1.4633e-06
400 10 1.901 0.3865 1.2685e-06
400 10 1.911 0.3864 1.4935e-06
400 10 1.921 0.3788 1.6161e-06
400 10 1.931 0.3738 1.6072e-06
400 10 1.941 0.3639 1.5994e-06
400 10 1.951 0.3611 1.5922e-06
400 10 1.961 0.3511 1.5701e-06
400 10 1.971 0.3485 1.5642e-06
400 10 1.981 0.3459 1.5392e-06
400 10 1.991 0.337 1.5106e-06
400 20 0.001 19.962 1.59558e-05
400 20 0.011 19.6551 1.55958e-05
400 20 0.021 19.2969 1.51529e-05
400 20 0.031 18.9207 1.47222e-05
400 20 0.041 18.4604 1.42183e-05
400 20 0.051 18.0288 1.36005e-05
400 20 0.061 17.6458 1.30556e-05
400 20 0.071 17.1915 1.25733e-05
400 20 0.081 16.8664 1.21492e-05
400 20 0.091 16.4338 1.173e-05
400 20 0.101 15.9839 1.13116e-05
400 20 0.111 15.5529 1.0816e-05
400 20 0.121 15.2231 1.04079e-05
400 20 0.131 14.6747 9.9298e-06
400 20 0.141 14.2444 9.506e-06
400 20 0.151 13.8295 9.2223e-06
400 20 0.161 13.6189 8.8803e-06
400 20 0.171 13.2165 7.7939e-06
400 20 0.181 12.7157 4.487e-06
400 20 0.191 12.4251 4.3214e-06
400 20 0.201 12.1706 4.1859e-06
400 20 0.211 11.8594 3.9931e-06
400 20 0.221 11.504 3.8759e-06
400 20 0.231 11.1727 4.9435e-06
400 20 0.241 10.9045 6.2515e-06
400 20 0.251 10.4879 5.8056e-06
400 20 0.261 10.1953 5.7506e-06
400 20 0.271 9.9702 5.5751e-06
400 20 0.281 9.7186 5.3897e-06
400 20 0.291 9.3187 5.1271e-06
400 20 0.301 8.9379 4.8778e-06
400 20 0.311 8.7984 4.7968e-06
400 20 0.321 8.6782 4.5621e-06
400 20 0.331 8.3617 4.3703e-06
400 20 0.341 8.0864 4.2482e-06
400 20 0.351 7.7436 4.0507e-06
400 20 0.361 7.7124 3.9963e-06
400 20 0.371 7.5372 3.8502e-06
400 20 0.381 7.1439 3.7077e-06
400 20 0.391 7.0011 3.5864e-06
400 20 0.401 6.9069 3.4501e-06
400 20 0.411 6.5911 3.3359e-06
400 20 0.421 6.4042 3.2492e-06
400 20 0.431 6.4155 3.173e-06
400 20 0.441 6.1295 3.0509e-06
400 20 0.451 5.9961 3.0103e-06
400 20 0.461 5.7711 2.9327e-06
400 20 0.471 5.7092 2.8503e-06
400 20 0.481 5.5671 2.7949e-06
400 20 0.491 5.3207 2.7175e-06
400 20 0.501 5.1372 2.6676e-06
400 20 0.511 5.1763 2.6196e-06
400 20 0.521 5.1341 2.5819e-06
400 20 0.531 4.7462 2.5134e-06
400 20 0.541 4.688 2.447e-06
400 20 0.551 4.515 2.3936e-06
400 20 0.561 4.501 2.4072e-06
400 20 0.571 4.3531 2.3486e-06
400 20 0.581 4.2924 2.3091e-06
400 20 0.591 4.1848 2.2875e-06
400 20 0.601 3.9889 2.2402e-06
400 20 0.611 3.8997 2.2269e-06
400 20 0.621 3.8541 2.1813e-06
400 20 0.631 3.738 2.1426e-06
400 20 0.641 3.6559 2.1481e-06
400 20 0.651 3.4946 2.1098e-06
400 20 0.661 3.462 2.0643e-06
400 20 0.671 3.3896 2.0379e-06
400 20 0.681 3.3693 2.0593e-06
400 20 0.691 3.2783 2.0455e-06
400 20 0.701 3.1934 2.0137e-06
400 20 0.711 3.0591 2.0037e-06
400 20 0.721 3.0146 1.9831e-06
400 20 0.731 2.9707 1.9757e-06
400 20 0.741 2.8956 1.9556e-06
400 20 0.751 2.7691 1.9409e-06
400 20 0.761 2.7722 1.8977e-06
400 20 0.771 2.7076 1.9087e-06
400 20 0.781 2.7142 1.9005e-06
400 20 0.791 2.651 1.9007e-06
400 20 0.801 2.4732 1.8842e-06
400 20 0.811 2.4916 1.8839e-06
400 20 0.821 2.4356 1.8595e-06
400 20 0.831 2.382 1.8259e-06
400 20 0.841 2.3024 1.6864e-06
400 20 0.851 2.2316 1.6733e-06
400 20 0.861 2.2088 1.6779e-06
400 20 0.871 2.1504 1.6787e-06
400 20 0.881 2.1165 1.658e-06
400 20 0.891 2.0256 1.6502e-06
400 20 0.901 2.0289 1.6515e-06
400 20 0.911 1.9931 1.6478e-06
400 20 0.921 1.938 1.6226e-06
400 20 0.931 1.9123 1.6048e-06
400 20 0.941 1.8199 1.6058e-06
400 20 0.951 1.8108 1.5892e-06
400 20 0.961 1.7476 1.5774e-06
400 20 0.971 1.7569 1.5829e-06
400 20 0.981 1.6541 1.575e-06
400 20 0.991 1.6869 1.5723e-06
400 20 1.001 1.6015 1.5722e-06
400 20 1.011 1.5949 1.5586e-06
400 20 1.021 1.5165 1.56e-06
400 20 1.031 1.5017 1.5561e-06
400 20 1.041 1.4545 1.544e-06
400 20 1.051 1.4272 1.3727e-06
400 20 1.061 1.4092 1.1741e-06
400 20 1.071 1.3587 1.1763e-06
400 20 1.081 1.353 1.2485e-06
400 20 1.091 1.3124 1.5379e-06
400 20 1.101 1.2957 1.5485e-06
400 20 1.111 1.2845 1.5562e-06
400 20 1.121 1.2588 1.5423e-06
400 20 1.131 1.2269 1.5379e-06
400 20 1.141 1.2137 1.5284e-06
400 20 1.151 1.1694 1.5233e-06
400 20 1.161 1.1367 1.5322e-06
400 20 1.171 1.1526 1.5272e-06
400 20 1.181 1.1498 1.5197e-06
400 20 1.191 1.1014 1.5178e-06
400 20 1.201 1.1185 1.5044e-06
400 20 1.211 1.0514 1.4567e-06
400 20 1.221 1.0686 1.1429e-06
400 20 1.231 1.0587 1.1682e-06
400 20 1.241 1.0357 1.3111e-06
400 20 1.251 1.0212 1.1728e-06
400 20 1.261 0.9968 1.513e-06
400 20 1.271 0.9836 1.6084e-06
400 20 1.281 0.9757 1.5827e-06
400 20 1.291 0.9601 1.3816e-06
400 20 1.301 0.9469 1.164e-06
400 20 1.311 0.9479 1.1701e-06
400 20 1.321 0.8941 1.1694e-06
400 20 1.331 0.8885 1.332e-06
400 20 1.341 0.8946 1.1824e-06
400 20 1.351 0.8809 1.1642e-06
400 20 1.361 0.8658 1.166e-06
400 20 1.371 0.8584 1.125e-06
400 20 1.381 0.8428 1.116e-06
400 20 1.391 0.8058 1.4294e-06
400 20 1.401 0.7921 1.5224e-06
400 20 1.411 0.7854 1.5265e-06
400 20 1.421 0.7902 1.5235e-06
400 20 1.431 0.7712 1.5265e-06
400 20 1.441 0.7702 1.518e-06
400 20 1.451 0.7212 1.5097e-06
400 20 1.461 0.7659 1.5056e-06
400 20 1.471 0.7225 1.5002e-06
400 20 1.481 0.7054 1.4952e-06
400 20 1.491 0.7043 1.4914e-06
400 20 1.501 0.6993 1.457e-06
400 20 1.511 0.6871 1.4109e-06
400 20 1.521 0.694 1.4031e-06
400 20 1.531 0.6542 1.392e-06
400 20 1.541 0.6465 1.4004e-06
400 20 1.551 0.6478 1.3909e-06
400 20 1.561 0.6412 1.3738e-06
400 20 1.571 0.6207 1.3797e-06
400 20 1.581 0.6228 1.3909e-06
400 20 1.591 0.5959 1.2732e-06
400 20 1.601 0.5952 1.2008e-06
400 20 1.611 0.5738 1.3598e-06
400 20 1.621 0.5702 1.3658e-06
400 20 1.631 0.562 1.3537e-06
400 20 1.641 0.565 1.3576e-06
400 20 1.651 0.5682 1.3372e-06
400 20 1.661 0.5522 1.3495e-06
400 20 1.671 0.5502 1.3574e-06
400 20 1.681 0.5551 1.3552e-06
400 20 1.691 0.5373 1.3499e-06
400 20 1.701 0.5174 1.3365e-06
400 20 1.711 0.5295 1.3458e-06
400 20 1.721 0.5063 1.3259e-06
400 20 1.731 0.5009 1.3387e-06
400 20 1.741 0.5001 1.3401e-06
400 20 1.751 0.4871 1.3309e-06
400 20 1.761 0.4921 1.3204e-06
400 20 1.771 0.4647 1.3389e-06
400 20 1.781 0.4654 1.1256e-06
400 20 1.791 0.4671 1.0821e-06
400 20 1.801 0.4467 1.0791e-06
400 20 1.811 0.4577 1.1923e-06
400 20 1.821 0.4541 1.3129e-06
400 20 1.831 0.4482 1.1287e-06
400 20 1.841 0.4354 1.2713e-06
400 20 1.851 0.4263 1.3082e-06
400 20 1.861 0.4163 1.0743e-06
400 20 1.871 0.4146 1.0459e-06
400 20 1.881 0.42 1.0485e-06
400 20 1.891 0.3929 1.0451e-06
400 20 1.901 0.3933 1.0984e-06
400 20 1.911 0.3925 1.2958e-06
400 20 1.921 0.3839 1.3039e-06
400 20 1.931 0.3692 1.2947e-06
400 20 1.941 0.3686 1.2938e-06
400 20 1.951 0.3608 1.2871e-06
400 20 1.961 0.3596 1.2602e-06
400 20 1.971 0.3602 9.97e-07
400 20 1.981 0.3526 1.0041e-06
400 20 1.991 0.3369 9.836e-07
400 30 0.001 29.9537 1.23864e-05
400 30 0.011 29.2498 1.72152e-05
400 30 0.021 28.4811 2.08841e-05
400 30 0.031 27.5244 1.97748e-05
400 30 0.041 26.7145 1.87156e-05
400 30 0.051 25.7377 1.77296e-05
400 30 0.061 24.8638 1.66717e-05
400 30 0.071 24.0811 1.28077e-05
400 30 0.081 23.2334 9.787e-06
400 30 0.091 22.3026 7.9926e-06
400 30 0.101 21.542 7.2244e-06
400 30 0.111 20.8 1.2049e-05
400 30 0.121 19.8155 1.1692e-05
400 30 0.131 19.4271 1.09652e-05
400 30 0.141 18.4215 1.03309e-05
400 30 0.151 17.6775 9.5915e-06
400 30 0.161 17.3858 9.0883e-06
400 30 0.171 16.5362 8.5262e-06
400 30 0.181 16.2106 7.8392e-06
400 30 0.191 15.3214 7.2935e-06
400 30 0.201 14.6588 3.944e-06
400 30 0.211 14.1661 4.3766e-06
400 30 0.221 13.6656 3.5701e-06
400 30 0.231 13.1847 3.3484e-06
400 30 0.241 12.7572 3.1964e-06
400 30 0.251 12.4334 4.0942e-06
400 30 0.261 11.8886 4.8971e-06
400 30 0.271 11.3119 4.5803e-06
400 30 0.281 11.047 4.3243e-06
400 30 0.291 10.6392 4.0038e-06
400 30 0.301 10.3154 3.8922e-06
400 30 0.311 10.0416 3.6991e-06
400 30 0.321 9.5383 3.5169e-06
400 30 0.331 9.2959 3.2602e-06
400 30 0.341 8.9125 3.0878e-06
400 30 0.351 8.7909 3.0023e-06
400 30 0.361 8.4158 2.856e-06
400 30 0.371 8.0764 2.7449e-06
400 30 0.381 7.6695 2.6495e-06
400 30 0.391 7.6176 2.5741e-06
400 30 0.401 7.3463 2.4965e-06
400 30 0.411 7.144 2.4096e-06
400 30 0.421 6.8102 2.3235e-06
400 30 0.431 6.5333 2.2464e-06
400 30 0.441 6.3216 2.2068e-06
400 30 0.451 6.1974 2.1611e-06
400 30 0.461 6.0557 2.1069e-06
400 30 0.471 5.9366 2.0622e-06
400 30 0.481 5.6427 2.0162e-06
400 30 0.491 5.5273 1.9765e-06
400 30 0.501 5.3914 1.9526e-06
400 30 0.511 5.2121 1.6917e-06
400 30 0.521 5.0827 1.8855e-06
400 30 0.531 4.9602 1.8727e-06
400 30 0.541 4.8418 1.8203e-06
400 30 0.551 4.6521 1.8074e-06
400 30 0.561 4.5714 1.7887e-06
400 30 0.571 4.4947 1.7836e-06
400 30 0.581 4.2991 1.7438e-06
400 30 0.591 4.1231 1.7204e-06
400 30 0.601 4.1142 1.7007e-06
400 30 0.611 3.9194 1.6891e-06
400 30 0.621 3.8399 1.6851e-06
400 30 0.631 3.7192 1.6787e-06
400 30 0.641 3.7258 1.6637e-06
400 30 0.651 3.6281 1.6638e-06
400 30 0.661 3.4773 1.5461e-06
400 30 0.671 3.4418 1.6561e-06
400 30 0.681 3.3119 1.3745e-06
400 30 0.691 3.3655 1.5852e-06
400 30 0.701 3.2002 1.7448e-06
400 30 0.711 3.119 1.6577e-06
400 30 0.721 2.9656 1.2796e-06
400 30 0.731 3.008 1.6234e-06
400 30 0.741 2.8258 1.6027e-06
400 30 0.751 2.7958 1.5955e-06
400 30 0.761 2.8071 1.5701e-06
400 30 0.771 2.6784 1.5628e-06
400 30 0.781 2.6564 1.564e-06
400 30 0.791 2.5568 1.5764e-06
400 30 0.801 2.5303 1.5774e-06
400 30 0.811 2.5105 1.5709e-06
400 30 0.821 2.4435 1.565e-06
400 30 0.831 2.3811 1.5695e-06
400 30 0.841 2.2783 1.5605e-06
400 30 0.851 2.2649 1.547e-06
400 30 0.861 2.1933 1.532e-06
400 30 0.871 2.1326 1.5376e-06
400 30 0.881 2.1308 1.5415e-06
400 30 0.891 2.0354 1.5251e-06
400 30 0.901 2.0558 1.4803e-06
400 30 0.911 1.9939 1.1072e-06
400 30 0.921 1.8995 1.1062e-06
400 30 0.931 1.8671 1.107e-06
400 30 0.941 1.822 1.3146e-06
400 30 0.951 1.8334 1.1885e-06
400 30 0.961 1.7554 1.4355e-06
400 30 0.971 1.7445 1.2374e-06
400 30 0.981 1.7277 1.4597e-06
400 30 0.991 1.6479 1.4758e-06
400 30 1.001 1.6175 1.4722e-06
400 30 1.011 1.6054 1.4706e-06
400 30 1.021 1.5131 1.4686e-06
400 30 1.031 1.4865 1.4513e-06
400 30 1.041 1.445 1.2724e-06
400 30 1.051 1.4179 1.4208e-06
400 30 1.061 1.3901 1.4313e-06
400 30 1.071 1.3717 1.4139e-06
400 30 1.081 1.3613 1.4188e-06
400 30 1.091 1.305 1.4065e-06
400 30 1.101 1.297 1.4058e-06
400 30 1.111 1.2588 1.4125e-06
400 30 1.121 1.2505 1.4112e-06
400 30 1.131 1.2321 1.4128e-06
400 30 1.141 1.2451 1.4002e-06
400 30 1.151 1.2099 1.2083e-06
400 30 1.161 1.2167 1.3487e-06
400 30 1.171 1.1585 1.4256e-06
400 30 1.181 1.1479 1.4305e-06
400 30 1.191 1.1363 1.4159e-06
400 30 1.201 1.0975 1.4067e-06
400 30 1.211 1.0838 1.4358e-06
400 30 1.221 1.0639 1.4324e-06
400 30 1.231 1.0753 1.4398e-06
400 30 1.241 1.0173 1.4507e-06
400 30 1.251 1.0271 1.4421e-06
400 30 1.261 0.9864 1.4302e-06
400 30 1.271 0.9904 1.4156e-06
400 30 1.281 0.9532 1.4199e-06
400 30 1.291 0.9485 1.3978e-06
400 30 1.301 0.9609 1.4124e-06
400 30 1.311 0.9292 1.4159e-06
400 30 1.321 0.925 1.3941e-06
400 30 1.331 0.8868 1.409e-06
400 30 1.341 0.8701 1.4157e-06
400 30 1.351 0.8486 1.4153e-06
400 30 1.361 0.863 1.4163e-06
400 30 1.371 0.8508 1.2538e-06
400 30 1.381 0.8345 1.3043e-06
400 30 1.391 0.8005 1.4199e-06
400 30 1.401 0.7896 1.4063e-06
400 30 1.411 0.8123 1.4122e-06
400 30 1.421 0.7735 1.4053e-06
400 30 1.431 0.7744 1.4035e-06
400 30 1.441 0.749 1.4062e-06
400 30 1.451 0.744 1.3917e-06
400 30 1.461 0.7198 1.3933e-06
400 30 1.471 0.7203 1.3963e-06
400 30 1.481 0.712 1.3847e-06
400 30 1.491 0.6991 1.3953e-06
400 30 1.501 0.6928 1.3879e-06
400 30 1.511 0.6911 1.3826e-06
400 30 1.521 0.6848 1.3953e-06
400 30 1.531 0.6664 1.3711e-06
400 30 1.541 0.6362 1.3825e-06
400 30 1.551 0.6424 1.3684e-06
400 30 1.561 0.6389 1.3194e-06
400 30 1.571 0.5959 1.042e-06
400 30 1.581 0.6001 1.0343e-06
400 30 1.591 0.6059 1.0191e-06
400 30 1.601 0.587 1.015e-06
400 30 1.611 0.576 1.0125e-06
400 30 1.621 0.5892 1.3135e-06
400 30 1.631 0.5699 1.424e-06
400 30 1.641 0.5587 1.4094e-06
400 30 1.651 0.5624 1.4099e-06
400 30 1.661 0.5645 1.4058e-06
400 30 1.671 0.5495 1.4012e-06
400 30 1.681 0.5415 1.4051e-06
400 30 1.691 0.5409 1.3977e-06
400 30 1.701 0.5235 1.3983e-06
400 30 1.711 0.5228 1.4003e-06
400 30 1.721 0.505 1.4e-06
400 30 1.731 0.504 1.3936e-06
400 30 1.741 0.4936 1.3974e-06
400 30 1.751 0.5142 1.3948e-06
400 30 1.761 0.4785 1.3965e-06
400 30 1.771 0.4904 1.3889e-06
400 30 1.781 0.4705 1.3858e-06
400 30 1.791 0.4663 1.397e-06
400 30 1.801 0.4515 1.3917e-06
400 30 1.811 0.4676 1.3929e-06
400 30 1.821 0.4492 1.3979e-06
400 30 1.831 0.4361 1.3786e-06
400 30 1.841 0.4294 1.3831e-06
400 30 1.851 0.4103 1.3898e-06
400 30 1.861 0.412 1.3855e-06
400 30 1.871 0.4146 1.252e-06
400 30 1.881 0.4074 1.3861e-06
400 30 1.891 0.4073 1.3793e-06
400 30 1.901 0.4087 1.3877e-06
400 30 1.911 0.3929 1.3804e-06
400 30 1.921 0.3832 1.3285e-06
400 30 1.931 0.37 1.2464e-06
400 30 1.941 0.3613 1.2814e-06
400 30 1.951 0.3621 1.2955e-06
400 30 1.961 0.36 1.2763e-06
400 30 1.971 0.3507 1.2761e-06
400 30 1.981 0.3441 1.2731e-06
400 30 1.991 0.3385 1.2761e-06
400 40 0.001 3267.12 2.80054e-05
400 40 0.011 3091.14 2.68201e-05
400 40 0.021 2890.7 2.5463e-05
400 40 0.031 2670.57 2.39254e-05
400 40 0.041 2497.15 2.2686e-05
400 40 0.051 2285.32 2.12022e-05
400 40 0.061 2132.21 2.05982e-05
400 40 0.071 1926.51 1.8584e-05
400 40 0.081 1788.51 1.75513e-05
400 40 0.091 1621.95 1.63414e-05
400 40 0.101 1479.35 1.52916e-05
400 40 0.111 1352.29 1.42623e-05
400 40 0.121 1199.76 1.30246e-05
400 40 0.131 1109.42 1.23234e-05
400 40 0.141 995.959 1.14263e-05
400 40 0.151 901.163 1.06559e-05
400 40 0.161 801.681 9.7585e-06
400 40 0.171 724.186 9.1128e-06
400 40 0.181 661.136 8.5358e-06
400 40 0.191 576.324 7.8286e-06
400 40 0.201 521.081 7.346e-06
400 40 0.211 476.243 6.9595e-06
400 40 0.221 426.52 6.4441e-06
400 40 0.231 365.696 5.9284e-06
400 40 0.241 329.393 5.5604e-06
400 40 0.251 290.519 5.1905e-06
400 40 0.261 269.624 5.0551e-06
400 40 0.271 229.461 4.681e-06
400 40 0.281 211.141 4.4715e-06
400 40 0.291 180.994 4.1814e-06
400 40 0.301 162.384 3.9367e-06
400 40 0.311 142.076 3.719e-06
400 40 0.321 123.439 3.4837e-06
400 40 0.331 112.268 3.347e-06
400 40 0.341 98.1602 3.19e-06
400 40 0.351 85.9367 3.03e-06
400 40 0.361 76.4314 2.8827e-06
400 40 0.371 67.8438 2.7854e-06
400 40 0.381 57.0431 2.6419e-06
400 40 0.391 54.457 2.5878e-06
400 40 0.401 46.7046 2.4874e-06
400 40 0.411 40.9113 2.4088e-06
400 40 0.421 36.8073 2.3516e-06
400 40 0.431 31.4423 2.2635e-06
400 40 0.441 27.0318 2.2038e-06
400 40 0.451 25.9081 2.1591e-06
400 40 0.461 23.3771 2.1113e-06
400 40 0.471 21.0193 2.0592e-06
400 40 0.481 19.2549 2.0265e-06
400 40 0.491 16.8942 1.9825e-06
400 40 0.501 15.1279 1.9554e-06
400 40 0.511 14.4584 1.9287e-06
400 40 0.521 12.504 1.8817e-06
400 40 0.531 11.6114 1.8637e-06
400 40 0.541 10.4875 1.8412e-06
400 40 0.551 9.354 1.8053e-06
400 40 0.561 9.2309 1.8101e-06
400 40 0.571 8.395 1.788e-06
400 40 0.581 8.1459 1.7641e-06
400 40 0.591 7.5388 1.7456e-06
400 40 0.601 6.9596 1.7365e-06
400 40 0.611 6.966 1.7245e-06
400 40 0.621 6.3134 1.6962e-06
400 40 0.631 6.1739 1.6994e-06
400 40 0.641 5.9097 1.678e-06
400 40 0.651 5.4569 1.6697e-06
400 40 0.661 5.4808 1.6606e-06
400 40 0.671 5.2016 1.6504e-06
400 40 0.681 5.0519 1.6422e-06
400 40 0.691 4.903 1.6361e-06
400 40 0.701 4.6586 1.6214e-06
400 40 0.711 4.5524 1.6099e-06
400 40 0.721 4.5164 1.6042e-06
400 40 0.731 4.4538 1.5904e-06
400 40 0.741 4.2752 1.5957e-06
400 40 0.751 4.2596 1.5754e-06
400 40 0.761 4.1163 1.5876e-06
400 40 0.771 4.0599 1.5792e-06
400 40 0.781 4.0265 1.5602e-06
400 40 0.791 3.9335 1.5591e-06
400 40 0.801 3.8707 1.5606e-06
400 40 0.811 3.7831 1.5467e-06
400 40 0.821 3.7418 1.5347e-06
400 40 0.831 3.6749 1.2056e-06
400 40 0.841 3.5875 1.1459e-06
400 40 0.851 3.5346 1.4881e-06
400 40 0.861 3.5064 1.4799e-06
400 40 0.871 3.3857 1.4627e-06
400 40 0.881 3.367 1.4471e-06
400 40 0.891 3.2946 1.4705e-06
400 40 0.901 3.211 1.4547e-06
400 40 0.911 3.2027 1.3084e-06
400 40 0.921 3.1308 1.1074e-06
400 40 0.931 3.1162 1.096e-06
400 40 0.941 3.1047 1.4639e-06
400 40 0.951 3.0267 1.4813e-06
400 40 0.961 3.0014 1.4878e-06
400 40 0.971 2.9339 1.4784e-06
400 40 0.981 2.9302 1.4752e-06
400 40 0.991 2.8594 1.4873e-06
400 40 1.001 2.8238 1.4782e-06
400 40 1.011 2.7871 1.4707e-06
400 40 1.021 2.7201 1.4634e-06
400 40 1.031 2.7189 1.4652e-06
400 40 1.041 2.6728 1.4563e-06
400 40 1.051 2.6254 1.4512e-06
400 40 1.061 2.6096 1.4525e-06
400 40 1.071 2.5909 1.4512e-06
400 40 1.081 2.5584 1.4443e-06
400 40 1.091 2.5158 1.4452e-06
400 40 1.101 2.5168 1.4517e-06
400 40 1.111 2.4687 1.4306e-06
400 40 1.121 2.4575 1.4227e-06
400 40 1.131 2.4368 1.3876e-06
400 40 1.141 2.415 1.4245e-06
400 40 1.151 2.4 1.4222e-06
400 40 1.161 2.3829 1.3961e-06
400 40 1.171 2.3763 1.3946e-06
400 40 1.181 2.3666 1.4103e-06
400 40 1.191 2.2902 1.4352e-06
400 40 1.201 2.3043 1.4173e-06
400 40 1.211 2.2665 1.4188e-06
400 40 1.221 2.2573 1.1989e-06
400 40 1.231 2.2744 1.1799e-06
400 40 1.241 2.2391 1.3979e-06
400 40 1.251 2.2125 1.413e-06
400 40 1.261 2.2139 1.405e-06
400 40 1.271 2.1964 1.4021e-06
400 40 1.281 2.1481 1.4018e-06
400 40 1.291 2.1498 1.3953e-06
400 40 1.301 2.1376 1.395e-06
400 40 1.311 2.1175 1.3973e-06
400 40 1.321 2.0973 1.4236e-06
400 40 1.331 2.0667 1.2751e-06
400 40 1.341 2.0477 1.067e-06
400 40 1.351 2.0465 1.3668e-06
400 40 1.361 2.0418 1.1546e-06
400 40 1.371 2.0559 1.3912e-06
400 40 1.381 1.9735 1.3926e-06
400 40 1.391 1.9932 1.3873e-06
400 40 1.401 1.966 1.3898e-06
400 40 1.411 1.945 1.3865e-06
400 40 1.421 1.9692 1.3929e-06
400 40 1.431 1.9289 1.3787e-06
400 40 1.441 1.9142 1.3679e-06
400 40 1.451 1.8904 1.3727e-06
400 40 1.461 1.8707 1.3715e-06
400 40 1.471 1.8806 1.3741e-06
400 40 1.481 1.8667 1.3766e-06
400 40 1.491 1.8478 1.3674e-06
400 40 1.501 1.8285 1.3709e-06
400 40 1.511 1.834 1.366e-06
400 40 1.521 1.7942 1.3699e-06
400 40 1.531 1.7928 1.3538e-06
400 40 1.541 1.7659 1.3514e-06
400 40 1.551 1.7599 1.3506e-06
400 40 1.561 1.7484 1.156e-06
400 40 1.571 1.7373 1.2878e-06
400 40 1.581 1.7147 1.3506e-06
400 40 1.591 1.7195 1.349e-06
400 40 1.601 1.7099 1.3317e-06
400 40 1.611 1.7067 1.2805e-06
400 40 1.621 1.7171 1.0292e-06
400 40 1.631 1.7018 9.927e-07
400 40 1.641 1.6989 9.828e-07
400 40 1.651 1.6711 9.797e-07
400 40 1.661 1.67 9.825e-07
400 40 1.671 1.671 9.762e-07
400 40 1.681 1.6595 9.804e-07
400 40 1.691 1.6326 9.687e-07
400 40 1.701 1.6397 9.705e-07
400 40 1.711 1.6267 9.677e-07
400 40 1.721 1.6204 9.737e-07
400 40 1.731 1.61 9.615e-07
400 40 1.741 1.5931 9.725e-07
400 40 1.751 1.5936 9.632e-07
400 40 1.761 1.5667 9.644e-07
400 40 1.771 1.5538 9.642e-07
400 40 1.781 1.5374 9.62e-07
400 40 1.791 1.5365 9.645e-07
400 40 1.801 1.5304 9.569e-07
400 40 1.811 1.5134 9.594e-07
400 40 1.821 1.5047 9.584e-07
400 40 1.831 1.4912 9.576e-07
400 40 1.841 1.4718 9.601e-07
400 40 1.851 1.4729 9.536e-07
400 40 1.861 1.4657 9.531e-07
400 40 1.871 1.4482 9.52e-07
400 40 1.881 1.4406 9.439e-07
400 40 1.891 1.4299 9.4e-07
400 40 1.901 1.3996 9.382e-07
400 40 1.911 1.4071 9.308e-07
400 40 1.921 1.4066 9.309e-07
400 40 1.931 1.3896 9.312e-07
400 40 1.941 1.3744 9.357e-07
400 40 1.951 1.373 9.346e-07
400 40 1.961 1.3618 9.235e-07
400 40 1.971 1.3543 9.237e-07
400 40 1.981 1.3417 9.224e-07
400 40 1.991 1.339 9.149e-07
