200 10 0.001 0 5.5e-07
200 10 0.011 0 5.593e-07
200 10 0.021 0 5.718e-07
200 10 0.031 0 5.628e-07
200 10 0.041 0 5.445e-07
200 10 0.051 0 5.503e-07
200 10 0.061 0 5.666e-07
200 10 0.071 0 5.538e-07
200 10 0.081 0 5.388e-07
200 10 0.091 0 5.421e-07
200 10 0.101 0 5.552e-07
200 10 0.111 0 5.363e-07
200 10 0.121 0 5.439e-07
200 10 0.131 0 5.494e-07
200 10 0.141 0 5.411e-07
200 10 0.151 0 5.467e-07
200 10 0.161 0 5.387e-07
200 10 0.171 0 5.454e-07
200 10 0.181 0 5.515e-07
200 10 0.191 0 5.525e-07
200 10 0.201 0 5.652e-07
200 10 0.211 0 5.491e-07
200 10 0.221 0 5.484e-07
200 10 0.231 0 5.466e-07
200 10 0.241 0 5.594e-07
200 10 0.251 0 5.494e-07
200 10 0.261 0 5.339e-07
200 10 0.271 0 5.128e-07
200 10 0.281 0 5.13e-07
200 10 0.291 0 5.173e-07
200 10 0.301 0 5.159e-07
200 10 0.311 0 5.198e-07
200 10 0.321 0 5.175e-07
200 10 0.331 0 5.263e-07
200 10 0.341 0 5.076e-07
200 10 0.351 0 5.243e-07
200 10 0.361 0 4.331e-07
200 10 0.371 0 4.745e-07
200 10 0.381 0 5.788e-07
200 10 0.391 0 5.511e-07
200 10 0.401 0 5.499e-07
200 10 0.411 0 5.489e-07
200 10 0.421 0 5.431e-07
200 10 0.431 0 5.551e-07
200 10 0.441 0 5.563e-07
200 10 0.451 0 5.46e-07
200 10 0.461 0 5.412e-07
200 10 0.471 0 5.284e-07
200 10 0.481 0 5.218e-07
200 10 0.491 0 5.272e-07
200 10 0.501 0 5.354e-07
200 10 0.511 0 5.366e-07
200 10 0.521 0 5.587e-07
200 10 0.531 0 5.548e-07
200 10 0.541 0 5.592e-07
200 10 0.551 0 5.533e-07
200 10 0.561 0 5.62e-07
200 10 0.571 0 5.791e-07
200 10 0.581 0 5.778e-07
200 10 0.591 0 5.581e-07
200 10 0.601 0 5.579e-07
200 10 0.611 0 5.568e-07
200 10 0.621 0 5.598e-07
200 10 0.631 0 5.482e-07
200 10 0.641 0 5.417e-07
200 10 0.651 0 5.587e-07
200 10 0.661 0 5.654e-07
200 10 0.671 0 5.625e-07
200 10 0.681 0 5.9e-07
200 10 0.691 0 5.654e-07
200 10 0.701 0 5.461e-07
200 10 0.711 0 5.415e-07
200 10 0.721 0 5.566e-07
200 10 0.731 0 5.495e-07
200 10 0.741 0 5.396e-07
200 10 0.751 0 5.563e-07
200 10 0.761 0 5.672e-07
200 10 0.771 0 5.569e-07
200 10 0.781 0 5.604e-07
200 10 0.791 0 5.605e-07
200 10 0.801 0 5.557e-07
200 10 0.811 0 5.678e-07
200 10 0.821 0 5.596e-07
200 10 0.831 0 5.501e-07
200 10 0.841 0 5.589e-07
200 10 0.851 0 5.472e-07
200 10 0.861 0 5.479e-07
200 10 0.871 0 5.742e-07
200 10 0.881 0 5.377e-07
200 10 0.891 0 5.329e-07
200 10 0.901 0 5.703e-07
200 10 0.911 0 5.352e-07
200 10 0.921 0 4.475e-07
200 10 0.931 0 4.499e-07
200 10 0.941 0 5.103e-07
200 10 0.951 0 5.387e-07
200 10 0.961 0 5.191e-07
200 10 0.971 0 5.346e-07
200 10 0.981 0 5.381e-07
200 10 0.991 0 4.802e-07
200 10 1.001 0 5.365e-07
200 10 1.011 0 5.456e-07
200 10 1.021 0 5.383e-07
200 10 1.031 0 5.588e-07
200 10 1.041 0 5.536e-07
200 10 1.051 0 5.549e-07
200 10 1.061 0 5.508e-07
200 10 1.071 0 5.514e-07
200 10 1.081 0 5.541e-07
200 10 1.091 0 5.546e-07
200 10 1.101 0 5.525e-07
200 10 1.111 0 5.466e-07
200 10 1.121 0 5.552e-07
200 10 1.131 0 5.602e-07
200 10 1.141 0 5.529e-07
200 10 1.151 0 5.583e-07
200 10 1.161 0 5.565e-07
200 10 1.171 0 5.52e-07
200 10 1.181 0 5.433e-07
200 10 1.191 0 5.532e-07
200 10 1.201 0 5.463e-07
200 10 1.211 0 5.492e-07
200 10 1.221 0 5.495e-07
200 10 1.231 0 5.457e-07
200 10 1.241 0 5.479e-07
200 10 1.251 0 5.484e-07
200 10 1.261 0 5.53e-07
200 10 1.271 0 5.483e-07
200 10 1.281 0 5.525e-07
200 10 1.291 0 5.43e-07
200 10 1.301 0 5.461e-07
200 10 1.311 0 5.292e-07
200 10 1.321 0 5.111e-07
200 10 1.331 0 4.618e-07
200 10 1.341 0 4.767e-07
200 10 1.351 0 4.904e-07
200 10 1.361 0 4.562e-07
200 10 1.371 0 4.578e-07
200 10 1.381 0 5.493e-07
200 10 1.391 0 5.472e-07
200 10 1.401 0 5.766e-07
200 10 1.411 0 5.535e-07
200 10 1.421 0 5.485e-07
200 10 1.431 0 5.669e-07
200 10 1.441 0 5.761e-07
200 10 1.451 0 4.735e-07
200 10 1.461 0 5.046e-07
200 10 1.471 0 4.813e-07
200 10 1.481 0 4.603e-07
200 10 1.491 0 4.363e-07
200 10 1.501 0 4.612e-07
200 10 1.511 0 4.522e-07
200 10 1.521 0 4.652e-07
200 10 1.531 0 5.39e-07
200 10 1.541 0 5.4e-07
200 10 1.551 0 5.498e-07
200 10 1.561 0 5.426e-07
200 10 1.571 0 5.508e-07
200 10 1.581 0 5.465e-07
200 10 1.591 0 5.518e-07
200 10 1.601 0 5.224e-07
200 10 1.611 0 4.68e-07
200 10 1.621 0 4.648e-07
200 10 1.631 0 5.108e-07
200 10 1.641 0 4.566e-07
200 10 1.651 0 4.603e-07
200 10 1.661 0 4.445e-07
200 10 1.671 0 5.324e-07
200 10 1.681 0 5.391e-07
200 10 1.691 0 5.198e-07
200 10 1.701 0 4.718e-07
200 10 1.711 0 5.352e-07
200 10 1.721 0 5.527e-07
200 10 1.731 0 5.479e-07
200 10 1.741 0 5.234e-07
200 10 1.751 0 5.442e-07
200 10 1.761 0 5.523e-07
200 10 1.771 0 5.381e-07
200 10 1.781 0 5.457e-07
200 10 1.791 0 5.085e-07
200 10 1.801 0 4.499e-07
200 10 1.811 0 5.265e-07
200 10 1.821 0 4.769e-07
200 10 1.831 0 5.066e-07
200 10 1.841 0 5.519e-07
200 10 1.851 0 5.663e-07
200 10 1.861 0 5.571e-07
200 10 1.871 0 5.505e-07
200 10 1.881 0 5.622e-07
200 10 1.891 0 5.705e-07
200 10 1.901 0 5.596e-07
200 10 1.911 0 5.437e-07
200 10 1.921 0 5.486e-07
200 10 1.931 0 5.534e-07
200 10 1.941 0 5.567e-07
200 10 1.951 0 5.622e-07
200 10 1.961 0 5.57e-07
200 10 1.971 0 5.525e-07
200 10 1.981 0 5.518e-07
200 10 1.991 0 5.434e-07
200 20 0.001 0 5.617e-07
200 20 0.011 0 5.61e-07
200 20 0.021 0 5.601e-07
200 20 0.031 0 5.789e-07
200 20 0.041 0 5.565e-07
200 20 0.051 0 5.552e-07
200 20 0.061 0 5.595e-07
200 20 0.071 0 5.618e-07
200 20 0.081 0 5.589e-07
200 20 0.091 0 5.727e-07
200 20 0.101 0 5.648e-07
200 20 0.111 0 5.625e-07
200 20 0.121 0 5.584e-07
200 20 0.131 0 5.684e-07
200 20 0.141 0 5.55e-07
200 20 0.151 0 5.515e-07
200 20 0.161 0 5.293e-07
200 20 0.171 0 5.365e-07
200 20 0.181 0 5.241e-07
200 20 0.191 0 5.346e-07
200 20 0.201 0 5.254e-07
200 20 0.211 0 5.282e-07
200 20 0.221 0 5.423e-07
200 20 0.231 0 5.324e-07
200 20 0.241 0 5.327e-07
200 20 0.251 0 5.333e-07
200 20 0.261 0 5.285e-07
200 20 0.271 0 5.359e-07
200 20 0.281 0 5.379e-07
200 20 0.291 0 5.341e-07
200 20 0.301 0 5.35e-07
200 20 0.311 0 5.531e-07
200 20 0.321 0 5.41e-07
200 20 0.331 0 5.471e-07
200 20 0.341 0 5.483e-07
200 20 0.351 0 5.393e-07
200 20 0.361 0 5.448e-07
200 20 0.371 0 5.561e-07
200 20 0.381 0 5.627e-07
200 20 0.391 0 5.635e-07
200 20 0.401 0 5.679e-07
200 20 0.411 0 4.38e-07
200 20 0.421 0 5.433e-07
200 20 0.431 0 5.813e-07
200 20 0.441 0 5.941e-07
200 20 0.451 0 5.7e-07
200 20 0.461 0 5.685e-07
200 20 0.471 0 5.384e-07
200 20 0.481 0 4.675e-07
200 20 0.491 0 4.449e-07
200 20 0.501 0 5.14e-07
200 20 0.511 0 4.741e-07
200 20 0.521 0 5.324e-07
200 20 0.531 0 5.457e-07
200 20 0.541 0 5.447e-07
200 20 0.551 0 5.413e-07
200 20 0.561 0 5.443e-07
200 20 0.571 0 5.395e-07
200 20 0.581 0 5.473e-07
200 20 0.591 0 5.407e-07
200 20 0.601 0 5.439e-07
200 20 0.611 0 5.485e-07
200 20 0.621 0 5.4e-07
200 20 0.631 0 5.468e-07
200 20 0.641 0 5.433e-07
200 20 0.651 0 5.341e-07
200 20 0.661 0 5.421e-07
200 20 0.671 0 5.402e-07
200 20 0.681 0 5.486e-07
200 20 0.691 0 5.412e-07
200 20 0.701 0 5.442e-07
200 20 0.711 0 5.38e-07
200 20 0.721 0 5.391e-07
200 20 0.731 0 5.455e-07
200 20 0.741 0 5.432e-07
200 20 0.751 0 5.371e-07
200 20 0.761 0 5.348e-07
200 20 0.771 0 5.436e-07
200 20 0.781 0 5.446e-07
200 20 0.791 0 5.496e-07
200 20 0.801 0 5.409e-07
200 20 0.811 0 5.445e-07
200 20 0.821 0 5.42e-07
200 20 0.831 0 5.428e-07
200 20 0.841 0 5.451e-07
200 20 0.851 0 5.421e-07
200 20 0.861 0 5.451e-07
200 20 0.871 0 5.458e-07
200 20 0.881 0 5.405e-07
200 20 0.891 0 5.435e-07
200 20 0.901 0 5.412e-07
200 20 0.911 0 4.828e-07
200 20 0.921 0 4.858e-07
200 20 0.931 0 4.624e-07
200 20 0.941 0 5.427e-07
200 20 0.951 0 4.98e-07
200 20 0.961 0 4.552e-07
200 20 0.971 0 4.443e-07
200 20 0.981 0 4.491e-07
200 20 0.991 0 4.397e-07
200 20 1.001 0 5.485e-07
200 20 1.011 0 5.89e-07
200 20 1.021 0 5.633e-07
200 20 1.031 0 5.552e-07
200 20 1.041 0 5.672e-07
200 20 1.051 0 5.745e-07
200 20 1.061 0 5.434e-07
200 20 1.071 0 5.401e-07
200 20 1.081 0 5.336e-07
200 20 1.091 0 5.315e-07
200 20 1.101 0 5.361e-07
200 20 1.111 0 5.647e-07
200 20 1.121 0 5.767e-07
200 20 1.131 0 5.747e-07
200 20 1.141 0 5.77e-07
200 20 1.151 0 5.459e-07
200 20 1.161 0 5.293e-07
200 20 1.171 0 5.076e-07
200 20 1.181 0 5.518e-07
200 20 1.191 0 5.349e-07
200 20 1.201 0 4.529e-07
200 20 1.211 0 4.414e-07
200 20 1.221 0 5.233e-07
200 20 1.231 0 5.489e-07
200 20 1.241 0 5.577e-07
200 20 1.251 0 5.499e-07
200 20 1.261 0 5.47e-07
200 20 1.271 0 5.493e-07
200 20 1.281 0 5.539e-07
200 20 1.291 0 5.469e-07
200 20 1.301 0 5.533e-07
200 20 1.311 0 4.423e-07
200 20 1.321 0 4.997e-07
200 20 1.331 0 5.178e-07
200 20 1.341 0 5.126e-07
200 20 1.351 0 5.195e-07
200 20 1.361 0 5.32e-07
200 20 1.371 0 5.561e-07
200 20 1.381 0 5.486e-07
200 20 1.391 0 5.471e-07
200 20 1.401 0 5.353e-07
200 20 1.411 0 5.274e-07
200 20 1.421 0 5.384e-07
200 20 1.431 0 5.349e-07
200 20 1.441 0 5.242e-07
200 20 1.451 0 5.372e-07
200 20 1.461 0 5.443e-07
200 20 1.471 0 5.498e-07
200 20 1.481 0 4.88e-07
200 20 1.491 0 4.863e-07
200 20 1.501 0 5.105e-07
200 20 1.511 0 5.187e-07
200 20 1.521 0 5.386e-07
200 20 1.531 0 5.404e-07
200 20 1.541 0 5.339e-07
200 20 1.551 0 5.39e-07
200 20 1.561 0 5.332e-07
200 20 1.571 0 5.166e-07
200 20 1.581 0 5.277e-07
200 20 1.591 0 5.691e-07
200 20 1.601 0 5.665e-07
200 20 1.611 0 5.534e-07
200 20 1.621 0 5.674e-07
200 20 1.631 0 4.572e-07
200 20 1.641 0 4.448e-07
200 20 1.651 0 5.22e-07
200 20 1.661 0 5.401e-07
200 20 1.671 0 5.558e-07
200 20 1.681 0 5.504e-07
200 20 1.691 0 5.576e-07
200 20 1.701 0 5.408e-07
200 20 1.711 0 5.451e-07
200 20 1.721 0 5.548e-07
200 20 1.731 0 5.595e-07
200 20 1.741 0 5.586e-07
200 20 1.751 0 5.382e-07
200 20 1.761 0 5.612e-07
200 20 1.771 0 5.571e-07
200 20 1.781 0 5.574e-07
200 20 1.791 0 5.524e-07
200 20 1.801 0 5.527e-07
200 20 1.811 0 5.41e-07
200 20 1.821 0 5.52e-07
200 20 1.831 0 4.569e-07
200 20 1.841 0 4.347e-07
200 20 1.851 0 4.567e-07
200 20 1.861 0 4.804e-07
200 20 1.871 0 5.418e-07
200 20 1.881 0 5.433e-07
200 20 1.891 0 5.276e-07
200 20 1.901 0 5.426e-07
200 20 1.911 0 4.899e-07
200 20 1.921 0 4.874e-07
200 20 1.931 0 5.505e-07
200 20 1.941 0 5.371e-07
200 20 1.951 0 5.312e-07
200 20 1.961 0 5.343e-07
200 20 1.971 0 5.387e-07
200 20 1.981 0 5.395e-07
200 20 1.991 0 5.36e-07
200 30 0.001 0 5.563e-07
200 30 0.011 0 5.609e-07
200 30 0.021 0 5.409e-07
200 30 0.031 0 5.58e-07
200 30 0.041 0 5.572e-07
200 30 0.051 0 5.507e-07
200 30 0.061 0 5.357e-07
200 30 0.071 0 5.49e-07
200 30 0.081 0 5.348e-07
200 30 0.091 0 5.455e-07
200 30 0.101 0 5.536e-07
200 30 0.111 0 5.095e-07
200 30 0.121 0 4.462e-07
200 30 0.131 0 4.734e-07
200 30 0.141 0 4.963e-07
200 30 0.151 0 5.31e-07
200 30 0.161 0 5.432e-07
200 30 0.171 0 5.46e-07
200 30 0.181 0 4.899e-07
200 30 0.191 0 4.32e-07
200 30 0.201 0 5.131e-07
200 30 0.211 0 5.315e-07
200 30 0.221 0 5.508e-07
200 30 0.231 0 5.312e-07
200 30 0.241 0 4.355e-07
200 30 0.251 0 4.35e-07
200 30 0.261 0 4.568e-07
200 30 0.271 0 5.52e-07
200 30 0.281 0 5.526e-07
200 30 0.291 0 5.492e-07
200 30 0.301 0 5.594e-07
200 30 0.311 0 5.326e-07
200 30 0.321 0 5.46e-07
200 30 0.331 0 4.657e-07
200 30 0.341 0 4.472e-07
200 30 0.351 0 4.812e-07
200 30 0.361 0 4.562e-07
200 30 0.371 0 4.455e-07
200 30 0.381 0 4.555e-07
200 30 0.391 0 4.425e-07
200 30 0.401 0 4.844e-07
200 30 0.411 0 5.079e-07
200 30 0.421 0 5.372e-07
200 30 0.431 0 5.188e-07
200 30 0.441 0 5.231e-07
200 30 0.451 0 5.473e-07
200 30 0.461 0 5.447e-07
200 30 0.471 0 5.494e-07
200 30 0.481 0 5.464e-07
200 30 0.491 0 5.494e-07
200 30 0.501 0 5.503e-07
200 30 0.511 0 5.545e-07
200 30 0.521 0 4.674e-07
200 30 0.531 0 4.464e-07
200 30 0.541 0 5.546e-07
200 30 0.551 0 5.71e-07
200 30 0.561 0 5.724e-07
200 30 0.571 0 5.479e-07
200 30 0.581 0 5.539e-07
200 30 0.591 0 5.588e-07
200 30 0.601 0 5.637e-07
200 30 0.611 0 5.556e-07
200 30 0.621 0 5.472e-07
200 30 0.631 0 5.303e-07
200 30 0.641 0 5.242e-07
200 30 0.651 0 5.281e-07
200 30 0.661 0 5.461e-07
200 30 0.671 0 5.551e-07
200 30 0.681 0 5.439e-07
200 30 0.691 0 5.558e-07
200 30 0.701 0 5.431e-07
200 30 0.711 0 5.391e-07
200 30 0.721 0 5.485e-07
200 30 0.731 0 5.435e-07
200 30 0.741 0 5.502e-07
200 30 0.751 0 5.583e-07
200 30 0.761 0 5.487e-07
200 30 0.771 0 5.525e-07
200 30 0.781 0 5.55e-07
200 30 0.791 0 5.575e-07
200 30 0.801 0 4.813e-07
200 30 0.811 0 5.5e-07
200 30 0.821 0 5.467e-07
200 30 0.831 0 5.572e-07
200 30 0.841 0 5.402e-07
200 30 0.851 0 5.547e-07
200 30 0.861 0 5.518e-07
200 30 0.871 0 5.518e-07
200 30 0.881 0 5.595e-07
200 30 0.891 0 5.6e-07
200 30 0.901 0 5.756e-07
200 30 0.911 0 5.679e-07
200 30 0.921 0 5.656e-07
200 30 0.931 0 5.484e-07
200 30 0.941 0 5.402e-07
200 30 0.951 0 4.376e-07
200 30 0.961 0 4.509e-07
200 30 0.971 0 4.649e-07
200 30 0.981 0 4.382e-07
200 30 0.991 0 5.812e-07
200 30 1.001 0 5.41e-07
200 30 1.011 0 4.597e-07
200 30 1.021 0 5.314e-07
200 30 1.031 0 5.814e-07
200 30 1.041 0 5.449e-07
200 30 1.051 0 5.539e-07
200 30 1.061 0 5.331e-07
200 30 1.071 0 4.784e-07
200 30 1.081 0 5.39e-07
200 30 1.091 0 5.365e-07
200 30 1.101 0 5.377e-07
200 30 1.111 0 5.375e-07
200 30 1.121 0 5.367e-07
200 30 1.131 0 5.35e-07
200 30 1.141 0 5.339e-07
200 30 1.151 0 5.421e-07
200 30 1.161 0 5.598e-07
200 30 1.171 0 5.514e-07
200 30 1.181 0 5.626e-07
200 30 1.191 0 5.493e-07
200 30 1.201 0 5.553e-07
200 30 1.211 0 5.5e-07
200 30 1.221 0 5.491e-07
200 30 1.231 0 5.468e-07
200 30 1.241 0 5.554e-07
200 30 1.251 0 5.677e-07
200 30 1.261 0 5.668e-07
200 30 1.271 0 5.449e-07
200 30 1.281 0 5.407e-07
200 30 1.291 0 5.375e-07
200 30 1.301 0 5.426e-07
200 30 1.311 0 5.288e-07
200 30 1.321 0 5.292e-07
200 30 1.331 0 5.388e-07
200 30 1.341 0 5.16e-07
200 30 1.351 0 5.29e-07
200 30 1.361 0 5.408e-07
200 30 1.371 0 5.398e-07
200 30 1.381 0 5.609e-07
200 30 1.391 0 5.369e-07
200 30 1.401 0 5.245e-07
200 30 1.411 0 5.138e-07
200 30 1.421 0 4.591e-07
200 30 1.431 0 4.609e-07
200 30 1.441 0 5.13e-07
200 30 1.451 0 5.656e-07
200 30 1.461 0 5.305e-07
200 30 1.471 0 5.502e-07
200 30 1.481 0 5.376e-07
200 30 1.491 0 5.501e-07
200 30 1.501 0 5.459e-07
200 30 1.511 0 5.507e-07
200 30 1.521 0 5.531e-07
200 30 1.531 0 5.385e-07
200 30 1.541 0 5.163e-07
200 30 1.551 0 5.62e-07
200 30 1.561 0 5.614e-07
200 30 1.571 0 5.563e-07
200 30 1.581 0 5.569e-07
200 30 1.591 0 5.67e-07
200 30 1.601 0 5.404e-07
200 30 1.611 0 5.231e-07
200 30 1.621 0 5.171e-07
200 30 1.631 0 5.225e-07
200 30 1.641 0 5.255e-07
200 30 1.651 0 5.184e-07
200 30 1.661 0 5.329e-07
200 30 1.671 0 5.174e-07
200 30 1.681 0 5.487e-07
200 30 1.691 0 4.691e-07
200 30 1.701 0 5.255e-07
200 30 1.711 0 5.384e-07
200 30 1.721 0 5.423e-07
200 30 1.731 0 5.4e-07
200 30 1.741 0 5.452e-07
200 30 1.751 0 5.496e-07
200 30 1.761 0 5.291e-07
200 30 1.771 0 5.441e-07
200 30 1.781 0 5.511e-07
200 30 1.791 0 5.433e-07
200 30 1.801 0 5.446e-07
200 30 1.811 0 5.382e-07
200 30 1.821 0 5.367e-07
200 30 1.831 0 5.378e-07
200 30 1.841 0 5.354e-07
200 30 1.851 0 5.273e-07
200 30 1.861 0 5.219e-07
200 30 1.871 0 5.321e-07
200 30 1.881 0 5.16e-07
200 30 1.891 0 5.246e-07
200 30 1.901 0 5.223e-07
200 30 1.911 0 5.291e-07
200 30 1.921 0 5.198e-07
200 30 1.931 0 5.234e-07
200 30 1.941 0 5.169e-07
200 30 1.951 0 5.244e-07
200 30 1.961 0 5.271e-07
200 30 1.971 0 5.352e-07
200 30 1.981 0 5.257e-07
200 30 1.991 0 5.167e-07
200 40 0.001 6900.31 3.79639e-05
200 40 0.011 6679.45 3.75608e-05
200 40 0.021 6438.09 3.70675e-05
200 40 0.031 6166.8 3.65755e-05
200 40 0.041 5952.37 3.61693e-05
200 40 0.051 5671.67 3.56199e-05
200 40 0.061 5447.02 3.51895e-05
200 40 0.071 5181.8 3.46716e-05
200 40 0.081 4991.83 3.43011e-05
200 40 0.091 4727.75 3.27949e-05
200 40 0.101 4536.42 3.38043e-05
200 40 0.111 4288.14 3.33268e-05
200 40 0.121 4129.32 3.30036e-05
200 40 0.131 3948 3.2673e-05
200 40 0.141 3758.2 3.23094e-05
200 40 0.151 3576.9 3.19466e-05
200 40 0.161 3449.15 3.17007e-05
200 40 0.171 3277.7 3.13389e-05
200 40 0.181 3155.01 3.11142e-05
200 40 0.191 2990.73 3.07757e-05
200 40 0.201 2882.85 3.05704e-05
200 40 0.211 2761.54 3.03408e-05
200 40 0.221 2616.97 3.00536e-05
200 40 0.231 2523.5 2.98608e-05
200 40 0.241 2402.95 2.96294e-05
200 40 0.251 2312.44 2.94416e-05
200 40 0.261 2188.54 2.91908e-05
200 40 0.271 2125.44 2.90857e-05
200 40 0.281 2031.64 2.89175e-05
200 40 0.291 1966.36 2.87925e-05
200 40 0.301 1868.78 2.85423e-05
200 40 0.311 1802.75 2.84357e-05
200 40 0.321 1753.2 2.83447e-05
200 40 0.331 1675.62 2.81787e-05
200 40 0.341 1609.18 2.80857e-05
200 40 0.351 1553.92 2.79474e-05
200 40 0.361 1505.95 2.78727e-05
200 40 0.371 1448.12 2.77317e-05
200 40 0.381 1400.85 2.57467e-05
200 40 0.391 1358 2.63968e-05
200 40 0.401 1295.63 2.74689e-05
200 40 0.411 1255.22 2.65423e-05
200 40 0.421 1225.67 2.54624e-05
200 40 0.431 1178.53 2.55825e-05
200 40 0.441 1138.43 2.58576e-05
200 40 0.451 1111.74 2.53138e-05
200 40 0.461 1066.52 2.55091e-05
200 40 0.471 1044.65 2.61227e-05
200 40 0.481 1018.11 2.60351e-05
200 40 0.491 967.556 2.59625e-05
200 40 0.501 940.256 2.58886e-05
200 40 0.511 931.288 2.58847e-05
200 40 0.521 892.522 2.58038e-05
200 40 0.531 879.883 2.57869e-05
200 40 0.541 849.65 2.5761e-05
200 40 0.551 820.179 2.56958e-05
200 40 0.561 798.798 2.56453e-05
200 40 0.571 783.935 2.55974e-05
200 40 0.581 754.159 2.55744e-05
200 40 0.591 738.454 2.55467e-05
200 40 0.601 713.729 2.78189e-05
200 40 0.611 702.212 2.75166e-05
200 40 0.621 683.362 4.84427e-05
200 40 0.631 665.108 2.85489e-05
200 40 0.641 650.689 2.58675e-05
200 40 0.651 630.069 2.58111e-05
200 40 0.661 619.212 2.56741e-05
200 40 0.671 599.756 2.5584e-05
200 40 0.681 587.971 2.56099e-05
200 40 0.691 571.217 2.66069e-05
200 40 0.701 558.878 2.68161e-05
200 40 0.711 548.893 2.68176e-05
200 40 0.721 533.021 2.67617e-05
200 40 0.731 524.473 2.67905e-05
200 40 0.741 509.6 2.67676e-05
200 40 0.751 496.734 2.67316e-05
200 40 0.761 484.709 2.6711e-05
200 40 0.771 469.918 2.67024e-05
200 40 0.781 462.929 2.6687e-05
200 40 0.791 453.712 2.66806e-05
200 40 0.801 445.114 2.66926e-05
200 40 0.811 438.232 2.6736e-05
200 40 0.821 423.105 2.66787e-05
200 40 0.831 416.464 2.66929e-05
200 40 0.841 412.803 2.66704e-05
200 40 0.851 393.694 2.66245e-05
200 40 0.861 386.4 2.66398e-05
200 40 0.871 379.461 2.66327e-05
200 40 0.881 375.625 2.66337e-05
200 40 0.891 363.211 2.66343e-05
200 40 0.901 353.064 2.66188e-05
200 40 0.911 347.228 2.66281e-05
200 40 0.921 342.676 2.66025e-05
200 40 0.931 333.646 2.66141e-05
200 40 0.941 325.901 2.65864e-05
200 40 0.951 318.695 2.65327e-05
200 40 0.961 312.589 2.43814e-05
200 40 0.971 305.483 2.44348e-05
200 40 0.981 296.724 2.4423e-05
200 40 0.991 291.466 2.43809e-05
200 40 1.001 284.576 2.443e-05
200 40 1.011 278.022 2.44063e-05
200 40 1.021 271.278 2.43931e-05
200 40 1.031 265.168 2.44263e-05
200 40 1.041 257.921 2.59397e-05
200 40 1.051 254.311 2.64372e-05
200 40 1.061 246.984 2.6421e-05
200 40 1.071 242.339 2.64086e-05
200 40 1.081 239.761 2.64246e-05
200 40 1.091 232.712 2.50281e-05
200 40 1.101 226.618 2.45186e-05
200 40 1.111 225.045 2.51193e-05
200 40 1.121 222.719 2.51411e-05
200 40 1.131 217.375 2.52345e-05
200 40 1.141 215.214 2.52092e-05
200 40 1.151 210.808 2.52457e-05
200 40 1.161 206.181 2.51506e-05
200 40 1.171 203.839 2.51214e-05
200 40 1.181 199.149 2.51057e-05
200 40 1.191 198.184 2.51214e-05
200 40 1.201 194.575 2.51556e-05
200 40 1.211 193.146 2.51123e-05
200 40 1.221 187.741 2.5177e-05
200 40 1.231 182.585 2.51277e-05
200 40 1.241 180.971 2.51703e-05
200 40 1.251 179.267 2.51127e-05
200 40 1.261 176.121 2.51198e-05
200 40 1.271 172.447 2.51245e-05
200 40 1.281 173.241 2.50908e-05
200 40 1.291 169.454 2.51137e-05
200 40 1.301 167.056 2.51601e-05
200 40 1.311 163.273 2.50839e-05
200 40 1.321 162.539 2.50728e-05
200 40 1.331 157.764 2.50132e-05
200 40 1.341 155.627 2.49284e-05
200 40 1.351 153.869 2.49589e-05
200 40 1.361 150.154 2.49814e-05
200 40 1.371 149.455 2.49922e-05
200 40 1.381 147.228 2.49048e-05
200 40 1.391 146.139 2.5004e-05
200 40 1.401 141.871 2.48613e-05
200 40 1.411 141.329 2.49301e-05
200 40 1.421 137.601 2.51439e-05
200 40 1.431 135.638 2.50898e-05
200 40 1.441 133.849 2.51173e-05
200 40 1.451 131.337 2.5065e-05
200 40 1.461 129.273 2.50902e-05
200 40 1.471 128.105 2.50847e-05
200 40 1.481 125.829 2.50603e-05
200 40 1.491 124.69 2.51142e-05
200 40 1.501 121.901 2.50787e-05
200 40 1.511 120.58 2.50961e-05
200 40 1.521 117.852 2.50741e-05
200 40 1.531 115.814 2.50777e-05
200 40 1.541 114.765 2.51029e-05
200 40 1.551 112.239 2.51026e-05
200 40 1.561 110.161 2.478e-05
200 40 1.571 108.907 2.46233e-05
200 40 1.581 107.95 2.46249e-05
200 40 1.591 105.119 2.4584e-05
200 40 1.601 104.851 2.45745e-05
200 40 1.611 103.466 2.42922e-05
200 40 1.621 102.414 2.46053e-05
200 40 1.631 99.9384 2.46324e-05
200 40 1.641 100.175 2.46121e-05
200 40 1.651 98.7469 2.45859e-05
200 40 1.661 96.8178 2.45663e-05
200 40 1.671 96.5112 2.52164e-05
200 40 1.681 94.9704 2.51457e-05
200 40 1.691 93.9915 2.50319e-05
200 40 1.701 92.3223 2.45457e-05
200 40 1.711 90.8947 2.4579e-05
200 40 1.721 90.1011 2.47624e-05
200 40 1.731 89.5316 2.48483e-05
200 40 1.741 87.8217 2.47925e-05
200 40 1.751 86.4734 2.47598e-05
200 40 1.761 85.3848 2.47565e-05
200 40 1.771 83.9721 2.47545e-05
200 40 1.781 83.0933 2.47589e-05
200 40 1.791 81.974 2.47627e-05
200 40 1.801 81.4152 2.47561e-05
200 40 1.811 79.909 2.4724e-05
200 40 1.821 78.4434 2.46509e-05
200 40 1.831 77.3398 2.46419e-05
200 40 1.841 76.3649 2.46123e-05
200 40 1.851 75.3558 2.45855e-05
200 40 1.861 74.0706 2.46235e-05
200 40 1.871 72.8677 2.45117e-05
200 40 1.881 71.6034 2.45927e-05
200 40 1.891 70.8795 2.45542e-05
200 40 1.901 69.383 2.43607e-05
200 40 1.911 68.4064 2.43791e-05
200 40 1.921 67.239 2.43101e-05
200 40 1.931 66.6477 2.42781e-05
200 40 1.941 64.8353 2.42717e-05
200 40 1.951 64.127 2.52558e-05
200 40 1.961 62.8429 2.54924e-05
200 40 1.971 61.8574 2.53935e-05
200 40 1.981 60.4726 2.52925e-05
200 40 1.991 59.4932 2.51917e-05
300 10 0.001 0 5.876e-07
300 10 0.011 0 5.909e-07
300 10 0.021 0 5.836e-07
300 10 0.031 0 5.832e-07
300 10 0.041 0 5.836e-07
300 10 0.051 0 5.877e-07
300 10 0.061 0 5.991e-07
300 10 0.071 0 4.822e-07
300 10 0.081 0 4.462e-07
300 10 0.091 0 4.527e-07
300 10 0.101 0 4.54e-07
300 10 0.111 0 4.674e-07
300 10 0.121 0 5.46e-07
300 10 0.131 0 5.621e-07
300 10 0.141 0 5.621e-07
300 10 0.151 0 5.008e-07
300 10 0.161 0 4.748e-07
300 10 0.171 0 5.314e-07
300 10 0.181 0 5.297e-07
300 10 0.191 0 5.329e-07
300 10 0.201 0 4.814e-07
300 10 0.211 0 4.328e-07
300 10 0.221 0 4.634e-07
300 10 0.231 0 5.441e-07
300 10 0.241 0 5.291e-07
300 10 0.251 0 5.377e-07
300 10 0.261 0 5.412e-07
300 10 0.271 0 5.452e-07
300 10 0.281 0 5.323e-07
300 10 0.291 0 5.397e-07
300 10 0.301 0 4.926e-07
300 10 0.311 0 4.4e-07
300 10 0.321 0 4.601e-07
300 10 0.331 0 5.524e-07
300 10 0.341 0 4.541e-07
300 10 0.351 0 4.443e-07
300 10 0.361 0 4.316e-07
300 10 0.371 0 4.972e-07
300 10 0.381 0 5.602e-07
300 10 0.391 0 5.609e-07
300 10 0.401 0 5.635e-07
300 10 0.411 0 5.679e-07
300 10 0.421 0 5.709e-07
300 10 0.431 0 5.684e-07
300 10 0.441 0 5.612e-07
300 10 0.451 0 5.658e-07
300 10 0.461 0 5.734e-07
300 10 0.471 0 5.716e-07
300 10 0.481 0 5.612e-07
300 10 0.491 0 5.601e-07
300 10 0.501 0 5.708e-07
300 10 0.511 0 5.405e-07
300 10 0.521 0 5.411e-07
300 10 0.531 0 5.339e-07
300 10 0.541 0 5.552e-07
300 10 0.551 0 5.702e-07
300 10 0.561 0 5.684e-07
300 10 0.571 0 5.197e-07
300 10 0.581 0 4.296e-07
300 10 0.591 0 4.381e-07
300 10 0.601 0 4.34e-07
300 10 0.611 0 4.469e-07
300 10 0.621 0 4.552e-07
300 10 0.631 0 4.394e-07
300 10 0.641 0 4.336e-07
300 10 0.651 0 4.388e-07
300 10 0.661 0 4.351e-07
300 10 0.671 0 4.348e-07
300 10 0.681 0 4.56e-07
300 10 0.691 0 4.42e-07
300 10 0.701 0 5.22e-07
300 10 0.711 0 5.203e-07
300 10 0.721 0 5.345e-07
300 10 0.731 0 5.385e-07
300 10 0.741 0 5.46e-07
300 10 0.751 0 5.313e-07
300 10 0.761 0 5.389e-07
300 10 0.771 0 5.417e-07
300 10 0.781 0 5.447e-07
300 10 0.791 0 5.499e-07
300 10 0.801 0 5.465e-07
300 10 0.811 0 5.546e-07
300 10 0.821 0 5.565e-07
300 10 0.831 0 5.585e-07
300 10 0.841 0 5.444e-07
300 10 0.851 0 5.573e-07
300 10 0.861 0 6.002e-07
300 10 0.871 0 5.595e-07
300 10 0.881 0 5.274e-07
300 10 0.891 0 5.511e-07
300 10 0.901 0 5.543e-07
300 10 0.911 0 5.51e-07
300 10 0.921 0 5.546e-07
300 10 0.931 0 5.461e-07
300 10 0.941 0 5.06e-07
300 10 0.951 0 4.472e-07
300 10 0.961 0 4.343e-07
300 10 0.971 0 5.154e-07
300 10 0.981 0 4.705e-07
300 10 0.991 0 5.207e-07
300 10 1.001 0 4.596e-07
300 10 1.011 0 5.628e-07
300 10 1.021 0 5.777e-07
300 10 1.031 0 5.683e-07
300 10 1.041 0 5.564e-07
300 10 1.051 0 5.493e-07
300 10 1.061 0 5.659e-07
300 10 1.071 0 5.882e-07
300 10 1.081 0 5.981e-07
300 10 1.091 0 5.933e-07
300 10 1.101 0 5.935e-07
300 10 1.111 0 6.066e-07
300 10 1.121 0 5.988e-07
300 10 1.131 0 5.82e-07
300 10 1.141 0 5.948e-07
300 10 1.151 0 5.913e-07
300 10 1.161 0 5.816e-07
300 10 1.171 0 5.847e-07
300 10 1.181 0 5.928e-07
300 10 1.191 0 5.759e-07
300 10 1.201 0 5.572e-07
300 10 1.211 0 5.519e-07
300 10 1.221 0 5.569e-07
300 10 1.231 0 5.517e-07
300 10 1.241 0 5.367e-07
300 10 1.251 0 5.47e-07
300 10 1.261 0 5.467e-07
300 10 1.271 0 5.522e-07
300 10 1.281 0 5.492e-07
300 10 1.291 0 5.485e-07
300 10 1.301 0 5.521e-07
300 10 1.311 0 5.489e-07
300 10 1.321 0 5.571e-07
300 10 1.331 0 5.611e-07
300 10 1.341 0 5.563e-07
300 10 1.351 0 5.56e-07
300 10 1.361 0 5.6e-07
300 10 1.371 0 5.355e-07
300 10 1.381 0 5.718e-07
300 10 1.391 0 5.723e-07
300 10 1.401 0 5.568e-07
300 10 1.411 0 5.636e-07
300 10 1.421 0 5.557e-07
300 10 1.431 0 5.551e-07
300 10 1.441 0 5.635e-07
300 10 1.451 0 5.505e-07
300 10 1.461 0 4.782e-07
300 10 1.471 0 4.45e-07
300 10 1.481 0 4.588e-07
300 10 1.491 0 5.51e-07
300 10 1.501 0 5.558e-07
300 10 1.511 0 5.367e-07
300 10 1.521 0 5.632e-07
300 10 1.531 0 5.642e-07
300 10 1.541 0 5.621e-07
300 10 1.551 0 5.056e-07
300 10 1.561 0 4.445e-07
300 10 1.571 0 4.63e-07
300 10 1.581 0 5.676e-07
300 10 1.591 0 5.805e-07
300 10 1.601 0 4.948e-07
300 10 1.611 0 5.306e-07
300 10 1.621 0 5.42e-07
300 10 1.631 0 5.454e-07
300 10 1.641 0 5.599e-07
300 10 1.651 0 5.586e-07
300 10 1.661 0 5.619e-07
300 10 1.671 0 5.53e-07
300 10 1.681 0 5.6e-07
300 10 1.691 0 5.509e-07
300 10 1.701 0 5.536e-07
300 10 1.711 0 5.561e-07
300 10 1.721 0 5.584e-07
300 10 1.731 0 5.531e-07
300 10 1.741 0 5.577e-07
300 10 1.751 0 5.613e-07
300 10 1.761 0 5.647e-07
300 10 1.771 0 5.509e-07
300 10 1.781 0 5.617e-07
300 10 1.791 0 5.62e-07
300 10 1.801 0 5.678e-07
300 10 1.811 0 5.648e-07
300 10 1.821 0 5.555e-07
300 10 1.831 0 5.637e-07
300 10 1.841 0 5.604e-07
300 10 1.851 0 5.694e-07
300 10 1.861 0 5.591e-07
300 10 1.871 0 5.705e-07
300 10 1.881 0 5.672e-07
300 10 1.891 0 5.563e-07
300 10 1.901 0 5.626e-07
300 10 1.911 0 5.558e-07
300 10 1.921 0 5.594e-07
300 10 1.931 0 5.576e-07
300 10 1.941 0 5.727e-07
300 10 1.951 0 5.624e-07
300 10 1.961 0 5.62e-07
300 10 1.971 0 5.573e-07
300 10 1.981 0 5.52e-07
300 10 1.991 0 5.63e-07
300 20 0.001 0 5.564e-07
300 20 0.011 0 5.472e-07
300 20 0.021 0 5.543e-07
300 20 0.031 0 5.575e-07
300 20 0.041 0 5.505e-07
300 20 0.051 0 5.536e-07
300 20 0.061 0 4.975e-07
300 20 0.071 0 4.349e-07
300 20 0.081 0 4.363e-07
300 20 0.091 0 4.321e-07
300 20 0.101 0 4.398e-07
300 20 0.111 0 4.366e-07
300 20 0.121 0 4.573e-07
300 20 0.131 0 5.172e-07
300 20 0.141 0 5.19e-07
300 20 0.151 0 5.475e-07
300 20 0.161 0 5.488e-07
300 20 0.171 0 5.489e-07
300 20 0.181 0 5.526e-07
300 20 0.191 0 5.558e-07
300 20 0.201 0 5.611e-07
300 20 0.211 0 5.731e-07
300 20 0.221 0 5.832e-07
300 20 0.231 0 5.867e-07
300 20 0.241 0 5.805e-07
300 20 0.251 0 5.554e-07
300 20 0.261 0 5.582e-07
300 20 0.271 0 5.495e-07
300 20 0.281 0 5.586e-07
300 20 0.291 0 5.506e-07
300 20 0.301 0 5.461e-07
300 20 0.311 0 5.402e-07
300 20 0.321 0 5.342e-07
300 20 0.331 0 5.454e-07
300 20 0.341 0 5.565e-07
300 20 0.351 0 5.467e-07
300 20 0.361 0 5.461e-07
300 20 0.371 0 5.402e-07
300 20 0.381 0 5.448e-07
300 20 0.391 0 5.515e-07
300 20 0.401 0 4.808e-07
300 20 0.411 0 4.352e-07
300 20 0.421 0 4.317e-07
300 20 0.431 0 4.368e-07
300 20 0.441 0 4.305e-07
300 20 0.451 0 4.257e-07
300 20 0.461 0 4.329e-07
300 20 0.471 0 4.387e-07
300 20 0.481 0 4.324e-07
300 20 0.491 0 4.657e-07
300 20 0.501 0 5.439e-07
300 20 0.511 0 5.589e-07
300 20 0.521 0 5.522e-07
300 20 0.531 0 5.531e-07
300 20 0.541 0 5.586e-07
300 20 0.551 0 5.597e-07
300 20 0.561 0 5.559e-07
300 20 0.571 0 5.548e-07
300 20 0.581 0 5.424e-07
300 20 0.591 0 5.461e-07
300 20 0.601 0 5.585e-07
300 20 0.611 0 5.471e-07
300 20 0.621 0 5.447e-07
300 20 0.631 0 5.522e-07
300 20 0.641 0 5.505e-07
300 20 0.651 0 5.528e-07
300 20 0.661 0 5.53e-07
300 20 0.671 0 5.512e-07
300 20 0.681 0 5.424e-07
300 20 0.691 0 5.533e-07
300 20 0.701 0 5.383e-07
300 20 0.711 0 5.476e-07
300 20 0.721 0 5.529e-07
300 20 0.731 0 5.551e-07
300 20 0.741 0 5.605e-07
300 20 0.751 0 5.435e-07
300 20 0.761 0 5.495e-07
300 20 0.771 0 5.52e-07
300 20 0.781 0 5.535e-07
300 20 0.791 0 5.18e-07
300 20 0.801 0 4.426e-07
300 20 0.811 0 4.264e-07
300 20 0.821 0 4.505e-07
300 20 0.831 0 6.052e-07
300 20 0.841 0 6.039e-07
300 20 0.851 0 5.881e-07
300 20 0.861 0 5.874e-07
300 20 0.871 0 5.783e-07
300 20 0.881 0 5.946e-07
300 20 0.891 0 6.008e-07
300 20 0.901 0 6.086e-07
300 20 0.911 0 5.963e-07
300 20 0.921 0 5.986e-07
300 20 0.931 0 5.251e-07
300 20 0.941 0 5.346e-07
300 20 0.951 0 4.599e-07
300 20 0.961 0 4.531e-07
300 20 0.971 0 5.053e-07
300 20 0.981 0 5.387e-07
300 20 0.991 0 5.251e-07
300 20 1.001 0 5.26e-07
300 20 1.011 0 5.237e-07
300 20 1.021 0 5.212e-07
300 20 1.031 0 4.561e-07
300 20 1.041 0 5.158e-07
300 20 1.051 0 5.61e-07
300 20 1.061 0 5.628e-07
300 20 1.071 0 5.772e-07
300 20 1.081 0 5.693e-07
300 20 1.091 0 5.644e-07
300 20 1.101 0 5.613e-07
300 20 1.111 0 5.611e-07
300 20 1.121 0 5.577e-07
300 20 1.131 0 5.687e-07
300 20 1.141 0 4.447e-07
300 20 1.151 0 4.451e-07
300 20 1.161 0 4.779e-07
300 20 1.171 0 5.483e-07
300 20 1.181 0 4.64e-07
300 20 1.191 0 5.118e-07
300 20 1.201 0 4.475e-07
300 20 1.211 0 4.614e-07
300 20 1.221 0 5.337e-07
300 20 1.231 0 4.527e-07
300 20 1.241 0 4.421e-07
300 20 1.251 0 4.685e-07
300 20 1.261 0 5.056e-07
300 20 1.271 0 4.379e-07
300 20 1.281 0 4.327e-07
300 20 1.291 0 5.567e-07
300 20 1.301 0 5.71e-07
300 20 1.311 0 5.721e-07
300 20 1.321 0 5.568e-07
300 20 1.331 0 5.661e-07
300 20 1.341 0 5.656e-07
300 20 1.351 0 5.621e-07
300 20 1.361 0 5.666e-07
300 20 1.371 0 5.706e-07
300 20 1.381 0 5.896e-07
300 20 1.391 0 5.988e-07
300 20 1.401 0 5.018e-07
300 20 1.411 0 4.538e-07
300 20 1.421 0 4.856e-07
300 20 1.431 0 5.059e-07
300 20 1.441 0 4.577e-07
300 20 1.451 0 4.441e-07
300 20 1.461 0 4.47e-07
300 20 1.471 0 4.502e-07
300 20 1.481 0 4.361e-07
300 20 1.491 0 5.359e-07
300 20 1.501 0 5.361e-07
300 20 1.511 0 5.529e-07
300 20 1.521 0 5.399e-07
300 20 1.531 0 5.452e-07
300 20 1.541 0 5.457e-07
300 20 1.551 0 5.463e-07
300 20 1.561 0 5.449e-07
300 20 1.571 0 5.63e-07
300 20 1.581 0 5.544e-07
300 20 1.591 0 5.588e-07
300 20 1.601 0 5.542e-07
300 20 1.611 0 5.625e-07
300 20 1.621 0 5.454e-07
300 20 1.631 0 5.632e-07
300 20 1.641 0 5.685e-07
300 20 1.651 0 5.462e-07
300 20 1.661 0 5.511e-07
300 20 1.671 0 5.576e-07
300 20 1.681 0 5.636e-07
300 20 1.691 0 5.391e-07
300 20 1.701 0 4.746e-07
300 20 1.711 0 4.528e-07
300 20 1.721 0 4.515e-07
300 20 1.731 0 5.442e-07
300 20 1.741 0 5.453e-07
300 20 1.751 0 5.47e-07
300 20 1.761 0 5.45e-07
300 20 1.771 0 5.598e-07
300 20 1.781 0 5.538e-07
300 20 1.791 0 5.525e-07
300 20 1.801 0 5.61e-07
300 20 1.811 0 5.618e-07
300 20 1.821 0 5.467e-07
300 20 1.831 0 5.56e-07
300 20 1.841 0 5.462e-07
300 20 1.851 0 5.556e-07
300 20 1.861 0 5.524e-07
300 20 1.871 0 5.496e-07
300 20 1.881 0 5.533e-07
300 20 1.891 0 5.244e-07
300 20 1.901 0 5.1e-07
300 20 1.911 0 4.505e-07
300 20 1.921 0 4.413e-07
300 20 1.931 0 4.884e-07
300 20 1.941 0 6.021e-07
300 20 1.951 0 5.978e-07
300 20 1.961 0 6.04e-07
300 20 1.971 0 5.936e-07
300 20 1.981 0 5.892e-07
300 20 1.991 0 5.852e-07
300 30 0.001 0 5.851e-07
300 30 0.011 0 6.087e-07
300 30 0.021 0 6.168e-07
300 30 0.031 0 6.028e-07
300 30 0.041 0 6.044e-07
300 30 0.051 0 5.283e-07
300 30 0.061 0 4.352e-07
300 30 0.071 0 4.363e-07
300 30 0.081 0 4.316e-07
300 30 0.091 0 4.295e-07
300 30 0.101 0 4.409e-07
300 30 0.111 0 4.373e-07
300 30 0.121 0 4.332e-07
300 30 0.131 0 4.354e-07
300 30 0.141 0 4.422e-07
300 30 0.151 0 5.095e-07
300 30 0.161 0 5.56e-07
300 30 0.171 0 5.512e-07
300 30 0.181 0 5.606e-07
300 30 0.191 0 5.579e-07
300 30 0.201 0 5.493e-07
300 30 0.211 0 5.434e-07
300 30 0.221 0 5.52e-07
300 30 0.231 0 5.385e-07
300 30 0.241 0 5.428e-07
300 30 0.251 0 5.468e-07
300 30 0.261 0 5.512e-07
300 30 0.271 0 5.537e-07
300 30 0.281 0 5.408e-07
300 30 0.291 0 5.404e-07
300 30 0.301 0 5.489e-07
300 30 0.311 0 5.428e-07
300 30 0.321 0 5.492e-07
300 30 0.331 0 5.503e-07
300 30 0.341 0 5.52e-07
300 30 0.351 0 5.456e-07
300 30 0.361 0 5.38e-07
300 30 0.371 0 5.388e-07
300 30 0.381 0 5.453e-07
300 30 0.391 0 5.462e-07
300 30 0.401 0 5.443e-07
300 30 0.411 0 5.467e-07
300 30 0.421 0 5.479e-07
300 30 0.431 0 5.411e-07
300 30 0.441 0 5.42e-07
300 30 0.451 0 5.473e-07
300 30 0.461 0 5.352e-07
300 30 0.471 0 5.388e-07
300 30 0.481 0 5.362e-07
300 30 0.491 0 5.326e-07
300 30 0.501 0 5.485e-07
300 30 0.511 0 5.574e-07
300 30 0.521 0 5.99e-07
300 30 0.531 0 5.898e-07
300 30 0.541 0 5.172e-07
300 30 0.551 0 4.327e-07
300 30 0.561 0 4.344e-07
300 30 0.571 0 4.384e-07
300 30 0.581 0 4.987e-07
300 30 0.591 0 5.517e-07
300 30 0.601 0 5.517e-07
300 30 0.611 0 5.552e-07
300 30 0.621 0 5.56e-07
300 30 0.631 0 5.609e-07
300 30 0.641 0 5.635e-07
300 30 0.651 0 5.495e-07
300 30 0.661 0 5.574e-07
300 30 0.671 0 5.549e-07
300 30 0.681 0 5.531e-07
300 30 0.691 0 5.481e-07
300 30 0.701 0 5.477e-07
300 30 0.711 0 5.42e-07
300 30 0.721 0 5.567e-07
300 30 0.731 0 5.602e-07
300 30 0.741 0 5.558e-07
300 30 0.751 0 4.782e-07
300 30 0.761 0 4.299e-07
300 30 0.771 0 5.503e-07
300 30 0.781 0 5.414e-07
300 30 0.791 0 5.477e-07
300 30 0.801 0 5.499e-07
300 30 0.811 0 4.863e-07
300 30 0.821 0 4.675e-07
300 30 0.831 0 4.284e-07
300 30 0.841 0 4.349e-07
300 30 0.851 0 4.323e-07
300 30 0.861 0 4.44e-07
300 30 0.871 0 4.315e-07
300 30 0.881 0 4.693e-07
300 30 0.891 0 5.574e-07
300 30 0.901 0 5.614e-07
300 30 0.911 0 5.676e-07
300 30 0.921 0 5.536e-07
300 30 0.931 0 5.649e-07
300 30 0.941 0 5.708e-07
300 30 0.951 0 5.668e-07
300 30 0.961 0 5.655e-07
300 30 0.971 0 5.716e-07
300 30 0.981 0 5.664e-07
300 30 0.991 0 5.804e-07
300 30 1.001 0 5.602e-07
300 30 1.011 0 5.614e-07
300 30 1.021 0 5.66e-07
300 30 1.031 0 5.645e-07
300 30 1.041 0 5.792e-07
300 30 1.051 0 5.684e-07
300 30 1.061 0 5.651e-07
300 30 1.071 0 5.577e-07
300 30 1.081 0 5.666e-07
300 30 1.091 0 5.686e-07
300 30 1.101 0 5.656e-07
300 30 1.111 0 5.688e-07
300 30 1.121 0 5.174e-07
300 30 1.131 0 4.404e-07
300 30 1.141 0 4.484e-07
300 30 1.151 0 5.383e-07
300 30 1.161 0 4.992e-07
300 30 1.171 0 4.413e-07
300 30 1.181 0 4.465e-07
300 30 1.191 0 5.428e-07
300 30 1.201 0 5.421e-07
300 30 1.211 0 5.531e-07
300 30 1.221 0 5.424e-07
300 30 1.231 0 5.605e-07
300 30 1.241 0 5.561e-07
300 30 1.251 0 5.579e-07
300 30 1.261 0 5.565e-07
300 30 1.271 0 5.537e-07
300 30 1.281 0 5.515e-07
300 30 1.291 0 5.487e-07
300 30 1.301 0 5.508e-07
300 30 1.311 0 5.524e-07
300 30 1.321 0 5.555e-07
300 30 1.331 0 5.496e-07
300 30 1.341 0 5.517e-07
300 30 1.351 0 5.507e-07
300 30 1.361 0 5.546e-07
300 30 1.371 0 5.506e-07
300 30 1.381 0 5.533e-07
300 30 1.391 0 5.506e-07
300 30 1.401 0 5.412e-07
300 30 1.411 0 5.499e-07
300 30 1.421 0 5.543e-07
300 30 1.431 0 5.506e-07
300 30 1.441 0 5.59e-07
300 30 1.451 0 5.529e-07
300 30 1.461 0 5.461e-07
300 30 1.471 0 5.467e-07
300 30 1.481 0 5.51e-07
300 30 1.491 0 5.555e-07
300 30 1.501 0 5.537e-07
300 30 1.511 0 5.544e-07
300 30 1.521 0 5.435e-07
300 30 1.531 0 5.492e-07
300 30 1.541 0 4.672e-07
300 30 1.551 0 4.412e-07
300 30 1.561 0 4.468e-07
300 30 1.571 0 5.094e-07
300 30 1.581 0 4.426e-07
300 30 1.591 0 4.52e-07
300 30 1.601 0 4.361e-07
300 30 1.611 0 5.158e-07
300 30 1.621 0 5.534e-07
300 30 1.631 0 5.539e-07
300 30 1.641 0 5.79e-07
300 30 1.651 0 5.526e-07
300 30 1.661 0 4.57e-07
300 30 1.671 0 4.5e-07
300 30 1.681 0 5.652e-07
300 30 1.691 0 5.564e-07
300 30 1.701 0 5.526e-07
300 30 1.711 0 5.538e-07
300 30 1.721 0 5.532e-07
300 30 1.731 0 5.495e-07
300 30 1.741 0 5.49e-07
300 30 1.751 0 5.617e-07
300 30 1.761 0 5.653e-07
300 30 1.771 0 5.797e-07
300 30 1.781 0 5.688e-07
300 30 1.791 0 5.739e-07
300 30 1.801 0 5.744e-07
300 30 1.811 0 5.616e-07
300 30 1.821 0 5.612e-07
300 30 1.831 0 5.694e-07
300 30 1.841 0 5.667e-07
300 30 1.851 0 5.606e-07
300 30 1.861 0 5.635e-07
300 30 1.871 0 5.701e-07
300 30 1.881 0 5.603e-07
300 30 1.891 0 5.577e-07
300 30 1.901 0 5.663e-07
300 30 1.911 0 5.657e-07
300 30 1.921 0 5.449e-07
300 30 1.931 0 5.541e-07
300 30 1.941 0 5.651e-07
300 30 1.951 0 5.592e-07
300 30 1.961 0 5.539e-07
300 30 1.971 0 5.599e-07
300 30 1.981 0 5.564e-07
300 30 1.991 0 5.465e-07
300 40 0.001 10784.7 4.56043e-05
300 40 0.011 10435 4.49314e-05
300 40 0.021 10054.2 4.41628e-05
300 40 0.031 9657.72 4.34217e-05
300 40 0.041 9265.46 4.26511e-05
300 40 0.051 8843.71 4.18616e-05
300 40 0.061 8510.78 4.12175e-05
300 40 0.071 8149.15 4.05652e-05
300 40 0.081 7760 3.97411e-05
300 40 0.091 7394.67 3.90043e-05
300 40 0.101 7026.21 3.82637e-05
300 40 0.111 6744.76 3.77444e-05
300 40 0.121 6442.38 3.71599e-05
300 40 0.131 6166.3 3.65776e-05
300 40 0.141 5856.96 3.59735e-05
300 40 0.151 5597.53 3.54487e-05
300 40 0.161 5363.99 3.4982e-05
300 40 0.171 5115.31 3.44525e-05
300 40 0.181 4861.94 3.39599e-05
300 40 0.191 4651.84 3.39366e-05
300 40 0.201 4447.11 3.47307e-05
300 40 0.211 4256 3.44283e-05
300 40 0.221 4067.7 3.40798e-05
300 40 0.231 3894.71 3.35807e-05
300 40 0.241 3726.78 2.82527e-05
300 40 0.251 3570.73 2.81362e-05
300 40 0.261 3414.9 2.79855e-05
300 40 0.271 3306.6 2.78901e-05
300 40 0.281 3130.56 2.95468e-05
300 40 0.291 3025.51 3.03568e-05
300 40 0.301 2916.09 3.01501e-05
300 40 0.311 2760.95 2.98656e-05
300 40 0.321 2693.64 2.97053e-05
300 40 0.331 2582.5 2.94729e-05
300 40 0.341 2499.69 2.93755e-05
300 40 0.351 2404.94 3.05283e-05
300 40 0.361 2306.84 3.05488e-05
300 40 0.371 2220.9 3.03569e-05
300 40 0.381 2177.83 2.73387e-05
300 40 0.391 2065.69 2.65536e-05
300 40 0.401 2021.66 2.74887e-05
300 40 0.411 1956.77 2.83685e-05
300 40 0.421 1891.28 2.82581e-05
300 40 0.431 1818.24 2.8194e-05
300 40 0.441 1770.35 2.80304e-05
300 40 0.451 1705.87 2.79288e-05
300 40 0.461 1678.51 2.69659e-05
300 40 0.471 1610.94 2.67463e-05
300 40 0.481 1570.63 2.75412e-05
300 40 0.491 1508.14 2.59352e-05
300 40 0.501 1483.05 2.59272e-05
300 40 0.511 1429.88 2.60385e-05
300 40 0.521 1391.73 2.7246e-05
300 40 0.531 1340.56 2.71559e-05
300 40 0.541 1286.81 2.70658e-05
300 40 0.551 1281.78 2.70849e-05
300 40 0.561 1230.59 2.70156e-05
300 40 0.571 1205.14 2.70157e-05
300 40 0.581 1172.84 2.73634e-05
300 40 0.591 1141.07 2.74035e-05
300 40 0.601 1112.61 2.70244e-05
300 40 0.611 1085.59 2.70407e-05
300 40 0.621 1061.34 2.69753e-05
300 40 0.631 1026.44 2.69238e-05
300 40 0.641 1006.66 2.68607e-05
300 40 0.651 977.391 2.68774e-05
300 40 0.661 958.956 2.68423e-05
300 40 0.671 931.848 2.67905e-05
300 40 0.681 902.693 2.6755e-05
300 40 0.691 884.005 2.67197e-05
300 40 0.701 864.241 2.66614e-05
300 40 0.711 850.206 2.66464e-05
300 40 0.721 822.418 2.6639e-05
300 40 0.731 798.112 2.62029e-05
300 40 0.741 786.28 2.62288e-05
300 40 0.751 762.583 2.61593e-05
300 40 0.761 758.655 2.55137e-05
300 40 0.771 734.662 2.61513e-05
300 40 0.781 718.208 2.62054e-05
300 40 0.791 703.118 2.62065e-05
300 40 0.801 689.127 2.6193e-05
300 40 0.811 666.746 2.60997e-05
300 40 0.821 657.532 2.69833e-05
300 40 0.831 643.826 2.73228e-05
300 40 0.841 629.09 2.73149e-05
300 40 0.851 618.263 2.67516e-05
300 40 0.861 607.654 2.56195e-05
300 40 0.871 591.155 2.5544e-05
300 40 0.881 576.711 2.55625e-05
300 40 0.891 561.658 2.60448e-05
300 40 0.901 549.142 2.5567e-05
300 40 0.911 533.367 2.55848e-05
300 40 0.921 523.92 2.53392e-05
300 40 0.931 513.51 2.5176e-05
300 40 0.941 499.951 2.51413e-05
300 40 0.951 497.143 2.51648e-05
300 40 0.961 482.888 2.51044e-05
300 40 0.971 468.175 2.55045e-05
300 40 0.981 458.274 2.53565e-05
300 40 0.991 448.603 2.53716e-05
300 40 1.001 437.267 2.54591e-05
300 40 1.011 425.552 2.57421e-05
300 40 1.021 418.211 2.71447e-05
300 40 1.031 407.922 2.54731e-05
300 40 1.041 399.125 2.56335e-05
300 40 1.051 387.936 2.60239e-05
300 40 1.061 383.598 2.60367e-05
300 40 1.071 378.875 2.60707e-05
300 40 1.081 371.464 2.6138e-05
300 40 1.091 360.577 2.60865e-05
300 40 1.101 352.006 2.61111e-05
300 40 1.111 349.961 2.6046e-05
300 40 1.121 343.964 2.60711e-05
300 40 1.131 338.972 2.60422e-05
300 40 1.141 332.36 2.59379e-05
300 40 1.151 323.566 2.56567e-05
300 40 1.161 322.607 2.55752e-05
300 40 1.171 315.259 2.56239e-05
300 40 1.181 310.881 2.58069e-05
300 40 1.191 305.396 2.57417e-05
300 40 1.201 294.995 2.56826e-05
300 40 1.211 295.69 2.57184e-05
300 40 1.221 291.403 2.57009e-05
300 40 1.231 284.607 2.58544e-05
300 40 1.241 281.15 2.57277e-05
300 40 1.251 279.64 2.57245e-05
300 40 1.261 273.283 2.57063e-05
300 40 1.271 270.884 2.57786e-05
300 40 1.281 263.425 2.60003e-05
300 40 1.291 261.486 2.61545e-05
300 40 1.301 257.259 2.61934e-05
300 40 1.311 253.099 2.61561e-05
300 40 1.321 249.749 2.61042e-05
300 40 1.331 245.376 2.61154e-05
300 40 1.341 241.075 2.61604e-05
300 40 1.351 236.445 2.61743e-05
300 40 1.361 233.531 2.61185e-05
300 40 1.371 232.706 2.55374e-05
300 40 1.381 229.658 2.57772e-05
300 40 1.391 225.754 2.60272e-05
300 40 1.401 219.912 2.55806e-05
300 40 1.411 215.236 2.55456e-05
300 40 1.421 211.64 2.5457e-05
300 40 1.431 212.002 2.55972e-05
300 40 1.441 209.495 2.63563e-05
300 40 1.451 203.479 2.61212e-05
300 40 1.461 200.889 2.57491e-05
300 40 1.471 196.865 2.59229e-05
300 40 1.481 193.607 2.61184e-05
300 40 1.491 191.951 2.60943e-05
300 40 1.501 188.897 2.61186e-05
300 40 1.511 185.783 2.61207e-05
300 40 1.521 183.187 2.59108e-05
300 40 1.531 179.186 2.58313e-05
300 40 1.541 177.099 2.61859e-05
300 40 1.551 172.594 2.62349e-05
300 40 1.561 170.36 2.61684e-05
300 40 1.571 167.991 2.60932e-05
300 40 1.581 165.163 2.60767e-05
300 40 1.591 164.094 2.60895e-05
300 40 1.601 161.672 2.61479e-05
300 40 1.611 159.258 2.61142e-05
300 40 1.621 157.676 2.61257e-05
300 40 1.631 154.75 2.6054e-05
300 40 1.641 153.479 2.60765e-05
300 40 1.651 150.781 2.58741e-05
300 40 1.661 150.992 2.67936e-05
300 40 1.671 148.266 2.67985e-05
300 40 1.681 147.432 2.63271e-05
300 40 1.691 146.081 2.57592e-05
300 40 1.701 143.135 2.57753e-05
300 40 1.711 141.042 2.56433e-05
300 40 1.721 138.784 2.56643e-05
300 40 1.731 137.719 2.54872e-05
300 40 1.741 135.325 2.60571e-05
300 40 1.751 132.544 2.54098e-05
300 40 1.761 132.164 2.5477e-05
300 40 1.771 131.167 2.54568e-05
300 40 1.781 128.637 2.54564e-05
300 40 1.791 126.352 2.54088e-05
300 40 1.801 125.56 2.53886e-05
300 40 1.811 123.741 2.53709e-05
300 40 1.821 121.397 2.53475e-05
300 40 1.831 119.018 2.53167e-05
300 40 1.841 118.484 2.53032e-05
300 40 1.851 116.694 2.52108e-05
300 40 1.861 114.975 2.50355e-05
300 40 1.871 112.546 2.49803e-05
300 40 1.881 111.275 2.51968e-05
300 40 1.891 108.73 2.52125e-05
300 40 1.901 107.208 2.47831e-05
300 40 1.911 106.217 2.4599e-05
300 40 1.921 103.771 2.4604e-05
300 40 1.931 102.619 2.45922e-05
300 40 1.941 100.513 2.46049e-05
300 40 1.951 99.1061 2.45114e-05
300 40 1.961 97.3247 2.4475e-05
300 40 1.971 95.5879 2.44789e-05
300 40 1.981 93.9486 2.46008e-05
300 40 1.991 92.3855 2.46046e-05
400 10 0.001 0 5.472e-07
400 10 0.011 0 5.497e-07
400 10 0.021 0 5.558e-07
400 10 0.031 0 5.552e-07
400 10 0.041 0 5.512e-07
400 10 0.051 0 5.615e-07
400 10 0.061 0 5.537e-07
400 10 0.071 0 5.587e-07
400 10 0.081 0 5.505e-07
400 10 0.091 0 5.505e-07
400 10 0.101 0 5.552e-07
400 10 0.111 0 5.504e-07
400 10 0.121 0 5.592e-07
400 10 0.131 0 5.611e-07
400 10 0.141 0 5.519e-07
400 10 0.151 0 5.598e-07
400 10 0.161 0 5.559e-07
400 10 0.171 0 5.628e-07
400 10 0.181 0 5.556e-07
400 10 0.191 0 5.552e-07
400 10 0.201 0 5.539e-07
400 10 0.211 0 5.408e-07
400 10 0.221 0 5.492e-07
400 10 0.231 0 4.564e-07
400 10 0.241 0 5.217e-07
400 10 0.251 0 4.768e-07
400 10 0.261 0 4.435e-07
400 10 0.271 0 4.294e-07
400 10 0.281 0 4.315e-07
400 10 0.291 0 4.426e-07
400 10 0.301 0 4.318e-07
400 10 0.311 0 4.372e-07
400 10 0.321 0 4.393e-07
400 10 0.331 0 5.571e-07
400 10 0.341 0 5.543e-07
400 10 0.351 0 4.599e-07
400 10 0.361 0 4.372e-07
400 10 0.371 0 4.354e-07
400 10 0.381 0 4.366e-07
400 10 0.391 0 4.391e-07
400 10 0.401 0 4.44e-07
400 10 0.411 0 4.322e-07
400 10 0.421 0 4.444e-07
400 10 0.431 0 4.594e-07
400 10 0.441 0 4.87e-07
400 10 0.451 0 5.623e-07
400 10 0.461 0 5.649e-07
400 10 0.471 0 5.594e-07
400 10 0.481 0 5.639e-07
400 10 0.491 0 5.63e-07
400 10 0.501 0 5.575e-07
400 10 0.511 0 5.6e-07
400 10 0.521 0 5.513e-07
400 10 0.531 0 5.583e-07
400 10 0.541 0 5.561e-07
400 10 0.551 0 5.622e-07
400 10 0.561 0 5.51e-07
400 10 0.571 0 5.044e-07
400 10 0.581 0 5.48e-07
400 10 0.591 0 5.592e-07
400 10 0.601 0 4.998e-07
400 10 0.611 0 4.388e-07
400 10 0.621 0 4.351e-07
400 10 0.631 0 4.326e-07
400 10 0.641 0 4.37e-07
400 10 0.651 0 4.419e-07
400 10 0.661 0 4.374e-07
400 10 0.671 0 4.266e-07
400 10 0.681 0 4.344e-07
400 10 0.691 0 4.412e-07
400 10 0.701 0 4.382e-07
400 10 0.711 0 4.308e-07
400 10 0.721 0 4.399e-07
400 10 0.731 0 4.357e-07
400 10 0.741 0 4.32e-07
400 10 0.751 0 4.491e-07
400 10 0.761 0 4.388e-07
400 10 0.771 0 4.351e-07
400 10 0.781 0 4.53e-07
400 10 0.791 0 5.62e-07
400 10 0.801 0 5.56e-07
400 10 0.811 0 5.56e-07
400 10 0.821 0 5.602e-07
400 10 0.831 0 4.493e-07
400 10 0.841 0 4.366e-07
400 10 0.851 0 5.252e-07
400 10 0.861 0 5.532e-07
400 10 0.871 0 5.649e-07
400 10 0.881 0 5.695e-07
400 10 0.891 0 5.766e-07
400 10 0.901 0 5.848e-07
400 10 0.911 0 4.657e-07
400 10 0.921 0 5.424e-07
400 10 0.931 0 5.364e-07
400 10 0.941 0 5.417e-07
400 10 0.951 0 5.368e-07
400 10 0.961 0 5.349e-07
400 10 0.971 0 5.349e-07
400 10 0.981 0 5.348e-07
400 10 0.991 0 5.381e-07
400 10 1.001 0 5.325e-07
400 10 1.011 0 4.686e-07
400 10 1.021 0 4.562e-07
400 10 1.031 0 4.527e-07
400 10 1.041 0 4.626e-07
400 10 1.051 0 5.408e-07
400 10 1.061 0 5.509e-07
400 10 1.071 0 5.086e-07
400 10 1.081 0 4.389e-07
400 10 1.091 0 4.364e-07
400 10 1.101 0 4.56e-07
400 10 1.111 0 4.478e-07
400 10 1.121 0 4.534e-07
400 10 1.131 0 4.496e-07
400 10 1.141 0 4.378e-07
400 10 1.151 0 4.478e-07
400 10 1.161 0 4.859e-07
400 10 1.171 0 5.515e-07
400 10 1.181 0 5.353e-07
400 10 1.191 0 5.549e-07
400 10 1.201 0 4.985e-07
400 10 1.211 0 4.419e-07
400 10 1.221 0 4.471e-07
400 10 1.231 0 4.54e-07
400 10 1.241 0 5.263e-07
400 10 1.251 0 5.392e-07
400 10 1.261 0 4.593e-07
400 10 1.271 0 4.502e-07
400 10 1.281 0 4.455e-07
400 10 1.291 0 4.499e-07
400 10 1.301 0 4.914e-07
400 10 1.311 0 5.761e-07
400 10 1.321 0 5.538e-07
400 10 1.331 0 5.791e-07
400 10 1.341 0 5.733e-07
400 10 1.351 0 5.669e-07
400 10 1.361 0 5.642e-07
400 10 1.371 0 5.443e-07
400 10 1.381 0 5.385e-07
400 10 1.391 0 5.436e-07
400 10 1.401 0 5.468e-07
400 10 1.411 0 5.485e-07
400 10 1.421 0 5.422e-07
400 10 1.431 0 5.581e-07
400 10 1.441 0 5.492e-07
400 10 1.451 0 5.506e-07
400 10 1.461 0 5.465e-07
400 10 1.471 0 5.499e-07
400 10 1.481 0 5.405e-07
400 10 1.491 0 5.701e-07
400 10 1.501 0 4.662e-07
400 10 1.511 0 4.877e-07
400 10 1.521 0 4.892e-07
400 10 1.531 0 5.112e-07
400 10 1.541 0 5.543e-07
400 10 1.551 0 5.578e-07
400 10 1.561 0 5.416e-07
400 10 1.571 0 5.422e-07
400 10 1.581 0 5.413e-07
400 10 1.591 0 5.511e-07
400 10 1.601 0 5.47e-07
400 10 1.611 0 5.466e-07
400 10 1.621 0 5.51e-07
400 10 1.631 0 4.83e-07
400 10 1.641 0 5.555e-07
400 10 1.651 0 5.613e-07
400 10 1.661 0 5.602e-07
400 10 1.671 0 5.597e-07
400 10 1.681 0 5.511e-07
400 10 1.691 0 5.713e-07
400 10 1.701 0 5.608e-07
400 10 1.711 0 5.656e-07
400 10 1.721 0 5.105e-07
400 10 1.731 0 5.498e-07
400 10 1.741 0 5.559e-07
400 10 1.751 0 5.599e-07
400 10 1.761 0 5.597e-07
400 10 1.771 0 5.462e-07
400 10 1.781 0 5.311e-07
400 10 1.791 0 5.468e-07
400 10 1.801 0 4.639e-07
400 10 1.811 0 4.644e-07
400 10 1.821 0 4.644e-07
400 10 1.831 0 5.219e-07
400 10 1.841 0 4.886e-07
400 10 1.851 0 5.494e-07
400 10 1.861 0 5.603e-07
400 10 1.871 0 5.642e-07
400 10 1.881 0 5.637e-07
400 10 1.891 0 5.687e-07
400 10 1.901 0 5.641e-07
400 10 1.911 0 5.668e-07
400 10 1.921 0 5.553e-07
400 10 1.931 0 5.653e-07
400 10 1.941 0 5.606e-07
400 10 1.951 0 5.685e-07
400 10 1.961 0 5.631e-07
400 10 1.971 0 5.559e-07
400 10 1.981 0 5.592e-07
400 10 1.991 0 5.394e-07
400 20 0.001 0 5.348e-07
400 20 0.011 0 6.158e-07
400 20 0.021 0 5.999e-07
400 20 0.031 0 6.029e-07
400 20 0.041 0 6.005e-07
400 20 0.051 0 5.92e-07
400 20 0.061 0 6.004e-07
400 20 0.071 0 5.931e-07
400 20 0.081 0 5.962e-07
400 20 0.091 0 5.845e-07
400 20 0.101 0 5.858e-07
400 20 0.111 0 5.954e-07
400 20 0.121 0 5.967e-07
400 20 0.131 0 5.964e-07
400 20 0.141 0 6.029e-07
400 20 0.151 0 6.028e-07
400 20 0.161 0 5.888e-07
400 20 0.171 0 5.945e-07
400 20 0.181 0 6.041e-07
400 20 0.191 0 5.986e-07
400 20 0.201 0 5.832e-07
400 20 0.211 0 5.917e-07
400 20 0.221 0 5.843e-07
400 20 0.231 0 5.922e-07
400 20 0.241 0 5.983e-07
400 20 0.251 0 5.763e-07
400 20 0.261 0 5.901e-07
400 20 0.271 0 5.763e-07
400 20 0.281 0 6.009e-07
400 20 0.291 0 5.935e-07
400 20 0.301 0 6.066e-07
400 20 0.311 0 6.051e-07
400 20 0.321 0 6.103e-07
400 20 0.331 0 6.12e-07
400 20 0.341 0 5.935e-07
400 20 0.351 0 5.99e-07
400 20 0.361 0 6.091e-07
400 20 0.371 0 5.949e-07
400 20 0.381 0 6.046e-07
400 20 0.391 0 5.861e-07
400 20 0.401 0 5.967e-07
400 20 0.411 0 6.027e-07
400 20 0.421 0 6.033e-07
400 20 0.431 0 6.04e-07
400 20 0.441 0 6.163e-07
400 20 0.451 0 5.947e-07
400 20 0.461 0 4.981e-07
400 20 0.471 0 4.998e-07
400 20 0.481 0 5.41e-07
400 20 0.491 0 5.457e-07
400 20 0.501 0 5.509e-07
400 20 0.511 0 5.472e-07
400 20 0.521 0 5.53e-07
400 20 0.531 0 5.404e-07
400 20 0.541 0 5.438e-07
400 20 0.551 0 5.484e-07
400 20 0.561 0 5.416e-07
400 20 0.571 0 4.507e-07
400 20 0.581 0 5.431e-07
400 20 0.591 0 5.516e-07
400 20 0.601 0 5.576e-07
400 20 0.611 0 5.526e-07
400 20 0.621 0 5.482e-07
400 20 0.631 0 5.503e-07
400 20 0.641 0 5.319e-07
400 20 0.651 0 5.405e-07
400 20 0.661 0 5.409e-07
400 20 0.671 0 5.447e-07
400 20 0.681 0 5.543e-07
400 20 0.691 0 5.532e-07
400 20 0.701 0 5.442e-07
400 20 0.711 0 5.487e-07
400 20 0.721 0 5.496e-07
400 20 0.731 0 5.458e-07
400 20 0.741 0 5.517e-07
400 20 0.751 0 5.447e-07
400 20 0.761 0 5.56e-07
400 20 0.771 0 5.605e-07
400 20 0.781 0 5.538e-07
400 20 0.791 0 5.617e-07
400 20 0.801 0 4.713e-07
400 20 0.811 0 5.358e-07
400 20 0.821 0 5.518e-07
400 20 0.831 0 5.574e-07
400 20 0.841 0 4.839e-07
400 20 0.851 0 4.646e-07
400 20 0.861 0 5.476e-07
400 20 0.871 0 5.559e-07
400 20 0.881 0 5.638e-07
400 20 0.891 0 5.467e-07
400 20 0.901 0 4.563e-07
400 20 0.911 0 4.572e-07
400 20 0.921 0 5.106e-07
400 20 0.931 0 4.415e-07
400 20 0.941 0 5.278e-07
400 20 0.951 0 5.012e-07
400 20 0.961 0 4.919e-07
400 20 0.971 0 5.55e-07
400 20 0.981 0 5.545e-07
400 20 0.991 0 5.551e-07
400 20 1.001 0 5.587e-07
400 20 1.011 0 5.585e-07
400 20 1.021 0 5.718e-07
400 20 1.031 0 5.91e-07
400 20 1.041 0 5.852e-07
400 20 1.051 0 5.916e-07
400 20 1.061 0 5.805e-07
400 20 1.071 0 5.861e-07
400 20 1.081 0 5.064e-07
400 20 1.091 0 4.914e-07
400 20 1.101 0 4.867e-07
400 20 1.111 0 5.485e-07
400 20 1.121 0 4.968e-07
400 20 1.131 0 4.497e-07
400 20 1.141 0 5.052e-07
400 20 1.151 0 5.204e-07
400 20 1.161 0 5.532e-07
400 20 1.171 0 5.563e-07
400 20 1.181 0 5.604e-07
400 20 1.191 0 5.602e-07
400 20 1.201 0 5.612e-07
400 20 1.211 0 5.623e-07
400 20 1.221 0 5.589e-07
400 20 1.231 0 5.498e-07
400 20 1.241 0 5.642e-07
400 20 1.251 0 5.529e-07
400 20 1.261 0 5.564e-07
400 20 1.271 0 5.5e-07
400 20 1.281 0 5.44e-07
400 20 1.291 0 5.469e-07
400 20 1.301 0 5.516e-07
400 20 1.311 0 5.465e-07
400 20 1.321 0 5.482e-07
400 20 1.331 0 5.475e-07
400 20 1.341 0 5.631e-07
400 20 1.351 0 5.624e-07
400 20 1.361 0 5.536e-07
400 20 1.371 0 5.516e-07
400 20 1.381 0 5.557e-07
400 20 1.391 0 5.524e-07
400 20 1.401 0 5.586e-07
400 20 1.411 0 5.594e-07
400 20 1.421 0 5.329e-07
400 20 1.431 0 4.654e-07
400 20 1.441 0 5.34e-07
400 20 1.451 0 4.767e-07
400 20 1.461 0 5.402e-07
400 20 1.471 0 5.54e-07
400 20 1.481 0 5.527e-07
400 20 1.491 0 5.631e-07
400 20 1.501 0 4.868e-07
400 20 1.511 0 4.77e-07
400 20 1.521 0 4.689e-07
400 20 1.531 0 4.779e-07
400 20 1.541 0 5.056e-07
400 20 1.551 0 5.563e-07
400 20 1.561 0 4.718e-07
400 20 1.571 0 4.456e-07
400 20 1.581 0 4.963e-07
400 20 1.591 0 5.587e-07
400 20 1.601 0 5.6e-07
400 20 1.611 0 5.614e-07
400 20 1.621 0 5.737e-07
400 20 1.631 0 5.754e-07
400 20 1.641 0 5.788e-07
400 20 1.651 0 5.866e-07
400 20 1.661 0 5.747e-07
400 20 1.671 0 5.522e-07
400 20 1.681 0 5.036e-07
400 20 1.691 0 5.482e-07
400 20 1.701 0 5.544e-07
400 20 1.711 0 5.697e-07
400 20 1.721 0 5.43e-07
400 20 1.731 0 5.614e-07
400 20 1.741 0 5.579e-07
400 20 1.751 0 5.681e-07
400 20 1.761 0 5.596e-07
400 20 1.771 0 5.587e-07
400 20 1.781 0 5.555e-07
400 20 1.791 0 5.63e-07
400 20 1.801 0 5.536e-07
400 20 1.811 0 5.594e-07
400 20 1.821 0 5.554e-07
400 20 1.831 0 5.637e-07
400 20 1.841 0 5.617e-07
400 20 1.851 0 5.668e-07
400 20 1.861 0 5.595e-07
400 20 1.871 0 5.587e-07
400 20 1.881 0 5.636e-07
400 20 1.891 0 5.557e-07
400 20 1.901 0 5.659e-07
400 20 1.911 0 5.538e-07
400 20 1.921 0 5.556e-07
400 20 1.931 0 5.508e-07
400 20 1.941 0 5.445e-07
400 20 1.951 0 5.554e-07
400 20 1.961 0 5.568e-07
400 20 1.971 0 5.472e-07
400 20 1.981 0 5.31e-07
400 20 1.991 0 5.313e-07
400 30 0.001 0 5.407e-07
400 30 0.011 0 5.496e-07
400 30 0.021 0 5.432e-07
400 30 0.031 0 5.428e-07
400 30 0.041 0 5.556e-07
400 30 0.051 0 5.507e-07
400 30 0.061 0 5.467e-07
400 30 0.071 0 5.378e-07
400 30 0.081 0 5.421e-07
400 30 0.091 0 5.483e-07
400 30 0.101 0 5.428e-07
400 30 0.111 0 4.824e-07
400 30 0.121 0 4.872e-07
400 30 0.131 0 5.785e-07
400 30 0.141 0 5.573e-07
400 30 0.151 0 5.576e-07
400 30 0.161 0 5.583e-07
400 30 0.171 0 5.585e-07
400 30 0.181 0 5.587e-07
400 30 0.191 0 5.666e-07
400 30 0.201 0 5.835e-07
400 30 0.211 0 5.744e-07
400 30 0.221 0 5.765e-07
400 30 0.231 0 5.798e-07
400 30 0.241 0 5.794e-07
400 30 0.251 0 5.803e-07
400 30 0.261 0 5.816e-07
400 30 0.271 0 5.894e-07
400 30 0.281 0 5.697e-07
400 30 0.291 0 5.845e-07
400 30 0.301 0 5.768e-07
400 30 0.311 0 5.817e-07
400 30 0.321 0 5.788e-07
400 30 0.331 0 5.68e-07
400 30 0.341 0 5.417e-07
400 30 0.351 0 5.682e-07
400 30 0.361 0 5.816e-07
400 30 0.371 0 5.867e-07
400 30 0.381 0 5.777e-07
400 30 0.391 0 5.811e-07
400 30 0.401 0 5.783e-07
400 30 0.411 0 5.794e-07
400 30 0.421 0 5.815e-07
400 30 0.431 0 5.549e-07
400 30 0.441 0 5.637e-07
400 30 0.451 0 5.54e-07
400 30 0.461 0 5.183e-07
400 30 0.471 0 5.588e-07
400 30 0.481 0 5.548e-07
400 30 0.491 0 5.582e-07
400 30 0.501 0 5.539e-07
400 30 0.511 0 5.54e-07
400 30 0.521 0 5.607e-07
400 30 0.531 0 5.576e-07
400 30 0.541 0 5.645e-07
400 30 0.551 0 5.616e-07
400 30 0.561 0 5.612e-07
400 30 0.571 0 5.548e-07
400 30 0.581 0 5.528e-07
400 30 0.591 0 5.631e-07
400 30 0.601 0 5.603e-07
400 30 0.611 0 5.569e-07
400 30 0.621 0 5.598e-07
400 30 0.631 0 5.609e-07
400 30 0.641 0 5.627e-07
400 30 0.651 0 5.562e-07
400 30 0.661 0 5.673e-07
400 30 0.671 0 5.523e-07
400 30 0.681 0 5.642e-07
400 30 0.691 0 5.391e-07
400 30 0.701 0 5.369e-07
400 30 0.711 0 5.423e-07
400 30 0.721 0 5.597e-07
400 30 0.731 0 5.521e-07
400 30 0.741 0 5.567e-07
400 30 0.751 0 5.654e-07
400 30 0.761 0 5.61e-07
400 30 0.771 0 5.578e-07
400 30 0.781 0 5.556e-07
400 30 0.791 0 5.517e-07
400 30 0.801 0 5.667e-07
400 30 0.811 0 5.551e-07
400 30 0.821 0 5.694e-07
400 30 0.831 0 4.617e-07
400 30 0.841 0 5.619e-07
400 30 0.851 0 5.246e-07
400 30 0.861 0 4.435e-07
400 30 0.871 0 5.481e-07
400 30 0.881 0 5.541e-07
400 30 0.891 0 5.667e-07
400 30 0.901 0 5.502e-07
400 30 0.911 0 5.623e-07
400 30 0.921 0 5.555e-07
400 30 0.931 0 5.656e-07
400 30 0.941 0 5.62e-07
400 30 0.951 0 5.541e-07
400 30 0.961 0 5.564e-07
400 30 0.971 0 5.605e-07
400 30 0.981 0 5.618e-07
400 30 0.991 0 5.539e-07
400 30 1.001 0 5.663e-07
400 30 1.011 0 5.693e-07
400 30 1.021 0 5.673e-07
400 30 1.031 0 5.587e-07
400 30 1.041 0 5.738e-07
400 30 1.051 0 5.665e-07
400 30 1.061 0 5.717e-07
400 30 1.071 0 5.667e-07
400 30 1.081 0 5.602e-07
400 30 1.091 0 5.686e-07
400 30 1.101 0 5.539e-07
400 30 1.111 0 5.614e-07
400 30 1.121 0 5.657e-07
400 30 1.131 0 5.647e-07
400 30 1.141 0 5.653e-07
400 30 1.151 0 5.629e-07
400 30 1.161 0 5.628e-07
400 30 1.171 0 5.591e-07
400 30 1.181 0 5.661e-07
400 30 1.191 0 5.551e-07
400 30 1.201 0 5.459e-07
400 30 1.211 0 5.614e-07
400 30 1.221 0 5.738e-07
400 30 1.231 0 5.643e-07
400 30 1.241 0 5.905e-07
400 30 1.251 0 5.548e-07
400 30 1.261 0 5.532e-07
400 30 1.271 0 5.676e-07
400 30 1.281 0 5.574e-07
400 30 1.291 0 5.659e-07
400 30 1.301 0 5.656e-07
400 30 1.311 0 5.76e-07
400 30 1.321 0 5.675e-07
400 30 1.331 0 5.744e-07
400 30 1.341 0 4.772e-07
400 30 1.351 0 4.537e-07
400 30 1.361 0 4.44e-07
400 30 1.371 0 4.489e-07
400 30 1.381 0 4.561e-07
400 30 1.391 0 4.533e-07
400 30 1.401 0 4.523e-07
400 30 1.411 0 4.925e-07
400 30 1.421 0 4.683e-07
400 30 1.431 0 4.568e-07
400 30 1.441 0 5.186e-07
400 30 1.451 0 5.569e-07
400 30 1.461 0 5.557e-07
400 30 1.471 0 5.526e-07
400 30 1.481 0 5.642e-07
400 30 1.491 0 4.887e-07
400 30 1.501 0 4.473e-07
400 30 1.511 0 5.115e-07
400 30 1.521 0 5.599e-07
400 30 1.531 0 5.54e-07
400 30 1.541 0 5.615e-07
400 30 1.551 0 5.643e-07
400 30 1.561 0 5.67e-07
400 30 1.571 0 5.701e-07
400 30 1.581 0 5.597e-07
400 30 1.591 0 5.616e-07
400 30 1.601 0 5.636e-07
400 30 1.611 0 5.653e-07
400 30 1.621 0 5.616e-07
400 30 1.631 0 5.601e-07
400 30 1.641 0 5.587e-07
400 30 1.651 0 5.593e-07
400 30 1.661 0 5.57e-07
400 30 1.671 0 5.593e-07
400 30 1.681 0 5.532e-07
400 30 1.691 0 5.653e-07
400 30 1.701 0 5.673e-07
400 30 1.711 0 5.577e-07
400 30 1.721 0 5.607e-07
400 30 1.731 0 5.633e-07
400 30 1.741 0 5.664e-07
400 30 1.751 0 5.592e-07
400 30 1.761 0 5.619e-07
400 30 1.771 0 5.624e-07
400 30 1.781 0 5.687e-07
400 30 1.791 0 5.557e-07
400 30 1.801 0 5.654e-07
400 30 1.811 0 5.51e-07
400 30 1.821 0 5.513e-07
400 30 1.831 0 5.557e-07
400 30 1.841 0 5.349e-07
400 30 1.851 0 4.982e-07
400 30 1.861 0 5.908e-07
400 30 1.871 0 4.715e-07
400 30 1.881 0 4.644e-07
400 30 1.891 0 4.549e-07
400 30 1.901 0 4.552e-07
400 30 1.911 0 4.6e-07
400 30 1.921 0 5.687e-07
400 30 1.931 0 4.451e-07
400 30 1.941 0 4.676e-07
400 30 1.951 0 5.623e-07
400 30 1.961 0 5.805e-07
400 30 1.971 0 5.694e-07
400 30 1.981 0 5.829e-07
400 30 1.991 0 5.711e-07
400 40 0.001 15050.9 5.55467e-05
400 40 0.011 14591.2 5.44903e-05
400 40 0.021 14060.4 5.32893e-05
400 40 0.031 13447.3 5.20322e-05
400 40 0.041 12943.6 5.11486e-05
400 40 0.051 12346.3 4.99798e-05
400 40 0.061 11919.1 4.909e-05
400 40 0.071 11301.8 4.79014e-05
400 40 0.081 10877.5 4.70926e-05
400 40 0.091 10385.7 4.60274e-05
400 40 0.101 9942.52 4.51492e-05
400 40 0.111 9462.13 4.39101e-05
400 40 0.121 8942.05 4.27266e-05
400 40 0.131 8606.51 4.20451e-05
400 40 0.141 8198.64 4.13034e-05
400 40 0.151 7850.26 4.06116e-05
400 40 0.161 7453.64 3.9778e-05
400 40 0.171 7114.82 3.91076e-05
400 40 0.181 6868.34 3.86782e-05
400 40 0.191 6492.37 3.78983e-05
400 40 0.201 6227.73 3.73563e-05
400 40 0.211 5995.68 3.6961e-05
400 40 0.221 5733.99 3.64348e-05
400 40 0.231 5450.07 3.58259e-05
400 40 0.241 5242.61 3.54311e-05
400 40 0.251 5065.19 3.50571e-05
400 40 0.261 4854.18 3.46711e-05
400 40 0.271 4611.5 3.41632e-05
400 40 0.281 4487.51 3.38775e-05
400 40 0.291 4299.12 3.35141e-05
400 40 0.301 4083.23 3.31251e-05
400 40 0.311 3925.88 3.27732e-05
400 40 0.321 3751.87 3.24437e-05
400 40 0.331 3644.16 3.22839e-05
400 40 0.341 3530.25 3.20057e-05
400 40 0.351 3361.61 3.17228e-05
400 40 0.361 3272.93 3.15124e-05
400 40 0.371 3160.32 3.12728e-05
400 40 0.381 3027.96 3.10682e-05
400 40 0.391 2959.2 3.11161e-05
400 40 0.401 2813.26 3.02304e-05
400 40 0.411 2757.67 2.81014e-05
400 40 0.421 2637.83 3.03828e-05
400 40 0.431 2537.72 3.01985e-05
400 40 0.441 2487.5 3.00906e-05
400 40 0.451 2394.24 2.99628e-05
400 40 0.461 2358.87 2.99195e-05
400 40 0.471 2253.5 2.96497e-05
400 40 0.481 2200.84 2.95734e-05
400 40 0.491 2129.2 2.94187e-05
400 40 0.501 2091.49 2.94158e-05
400 40 0.511 2019.99 2.92723e-05
400 40 0.521 1940.67 2.91384e-05
400 40 0.531 1904.49 2.90427e-05
400 40 0.541 1843.89 2.89357e-05
400 40 0.551 1772.04 2.88141e-05
400 40 0.561 1744.9 2.859e-05
400 40 0.571 1678.93 2.68859e-05
400 40 0.581 1658.68 2.72217e-05
400 40 0.591 1614.53 2.86787e-05
400 40 0.601 1558.71 2.83266e-05
400 40 0.611 1541.97 2.82209e-05
400 40 0.621 1483.78 2.8085e-05
400 40 0.631 1455.99 2.81264e-05
400 40 0.641 1420.33 2.79765e-05
400 40 0.651 1362.83 2.79039e-05
400 40 0.661 1346.82 2.78551e-05
400 40 0.671 1309.47 2.64569e-05
400 40 0.681 1300.99 2.59731e-05
400 40 0.691 1254.43 2.59813e-05
400 40 0.701 1215.25 2.59416e-05
400 40 0.711 1193.01 2.59475e-05
400 40 0.721 1161 2.60563e-05
400 40 0.731 1141.04 2.60204e-05
400 40 0.741 1102.53 2.60136e-05
400 40 0.751 1081.92 2.59805e-05
400 40 0.761 1055.6 2.59832e-05
400 40 0.771 1028.12 2.71478e-05
400 40 0.781 1020.82 2.75037e-05
400 40 0.791 1000.62 2.64482e-05
400 40 0.801 979.786 2.6979e-05
400 40 0.811 942.397 2.70306e-05
400 40 0.821 928.698 2.75335e-05
400 40 0.831 910.063 2.75067e-05
400 40 0.841 885.521 2.74611e-05
400 40 0.851 865.179 2.74655e-05
400 40 0.861 851.698 2.7465e-05
400 40 0.871 821.541 2.74321e-05
400 40 0.881 813.715 2.74432e-05
400 40 0.891 788.978 2.65926e-05
400 40 0.901 767.988 2.65402e-05
400 40 0.911 755.561 2.75541e-05
400 40 0.921 741.813 2.73931e-05
400 40 0.931 720.115 2.73389e-05
400 40 0.941 715.998 2.67804e-05
400 40 0.951 693.907 2.64276e-05
400 40 0.961 683.309 2.76694e-05
400 40 0.971 661.625 2.68104e-05
400 40 0.981 644.891 2.63429e-05
400 40 0.991 628.529 2.63139e-05
400 40 1.001 615.136 2.66807e-05
400 40 1.011 597.685 2.72648e-05
400 40 1.021 587.351 2.70888e-05
400 40 1.031 581.966 2.60605e-05
400 40 1.041 562.385 2.60249e-05
400 40 1.051 552.069 2.67656e-05
400 40 1.061 539.626 2.71255e-05
400 40 1.071 529.568 2.71443e-05
400 40 1.081 521.05 2.71465e-05
400 40 1.091 504.596 2.71035e-05
400 40 1.101 498.697 2.71335e-05
400 40 1.111 489.206 2.70972e-05
400 40 1.121 483.177 2.60555e-05
400 40 1.131 475.278 2.62873e-05
400 40 1.141 461.512 2.69245e-05
400 40 1.151 458.917 2.69357e-05
400 40 1.161 447.752 2.69556e-05
400 40 1.171 443.769 2.69487e-05
400 40 1.181 437.158 2.69341e-05
400 40 1.191 427.331 2.68973e-05
400 40 1.201 422.499 2.77519e-05
400 40 1.211 418.513 2.78057e-05
400 40 1.221 411.102 2.77081e-05
400 40 1.231 403.892 2.6525e-05
400 40 1.241 397.672 2.65757e-05
400 40 1.251 392.519 2.76093e-05
400 40 1.261 385.331 2.67852e-05
400 40 1.271 381.183 2.65214e-05
400 40 1.281 372.866 2.67532e-05
400 40 1.291 365.752 2.6742e-05
400 40 1.301 364.696 2.72251e-05
400 40 1.311 356.2 2.71515e-05
400 40 1.321 351.878 2.71535e-05
400 40 1.331 343.647 2.72095e-05
400 40 1.341 344.342 2.68776e-05
400 40 1.351 335.837 2.6022e-05
400 40 1.361 330.994 2.69881e-05
400 40 1.371 325.91 2.61065e-05
400 40 1.381 320.154 2.61765e-05
400 40 1.391 316.28 2.70972e-05
400 40 1.401 309.094 2.70917e-05
400 40 1.411 304.608 2.71675e-05
400 40 1.421 302.215 2.71268e-05
400 40 1.431 296.021 2.67329e-05
400 40 1.441 292.927 2.63333e-05
400 40 1.451 289.556 2.63227e-05
400 40 1.461 282.544 2.6762e-05
400 40 1.471 277.186 2.67002e-05
400 40 1.481 276.43 2.67139e-05
400 40 1.491 270.262 2.66564e-05
400 40 1.501 263.968 2.66832e-05
400 40 1.511 259.841 2.66904e-05
400 40 1.521 257.37 2.66979e-05
400 40 1.531 252.091 2.66793e-05
400 40 1.541 248.081 2.66618e-05
400 40 1.551 244.908 2.66815e-05
400 40 1.561 240.159 2.7166e-05
400 40 1.571 236.356 2.73834e-05
400 40 1.581 234.89 2.77337e-05
400 40 1.591 228.703 2.77223e-05
400 40 1.601 225.931 2.77196e-05
400 40 1.611 224.347 2.77176e-05
400 40 1.621 224.16 2.77142e-05
400 40 1.631 220.623 2.6529e-05
400 40 1.641 216.761 2.71244e-05
400 40 1.651 215.002 2.84737e-05
400 40 1.661 212.431 2.84515e-05
400 40 1.671 209.515 2.7271e-05
400 40 1.681 207.456 2.57587e-05
400 40 1.691 203.408 2.57752e-05
400 40 1.701 202.073 2.6846e-05
400 40 1.711 199.461 2.69501e-05
400 40 1.721 196.917 2.69069e-05
400 40 1.731 194.971 2.68545e-05
400 40 1.741 190.937 2.67819e-05
400 40 1.751 188.131 2.66474e-05
400 40 1.761 186.987 2.5822e-05
400 40 1.771 183.876 2.56167e-05
400 40 1.781 181.167 2.55904e-05
400 40 1.791 179.451 2.5621e-05
400 40 1.801 175.117 2.55748e-05
400 40 1.811 174.485 2.55971e-05
400 40 1.821 172.848 2.5587e-05
400 40 1.831 168.345 2.55455e-05
400 40 1.841 165.636 2.55306e-05
400 40 1.851 163.442 2.54677e-05
400 40 1.861 162.12 2.5585e-05
400 40 1.871 159.768 2.55074e-05
400 40 1.881 156.02 2.55328e-05
400 40 1.891 153.974 2.54268e-05
400 40 1.901 151.635 2.547e-05
400 40 1.911 149.272 2.54057e-05
400 40 1.921 147.628 2.53437e-05
400 40 1.931 144.986 2.5366e-05
400 40 1.941 141.959 2.52987e-05
400 40 1.951 139.573 2.53291e-05
400 40 1.961 136.847 2.52438e-05
400 40 1.971 134.769 2.51956e-05
400 40 1.981 132.736 2.51369e-05
400 40 1.991 129.745 2.51173e-05
