n=3170441 m=100 k=5
200 10 1.35691 18.084 2.0527e-06
200 20 1.35691 13.9413 1.8834e-06
200 30 1.35691 12.135 1.906e-06
200 40 1.35691 10.8116 1.9859e-06
200 50 1.35691 9.8372 2.055e-06
200 60 1.35691 9.0219 2.113e-06
200 70 1.35691 8.148 2.255e-06
200 80 1.35691 7.5269 2.3088e-06
200 90 1.35691 6.8785 2.3859e-06
200 100 1.35691 6.2809 2.4202e-06
400 10 1.35691 36.5448 3.2079e-06
400 20 1.35691 29.0954 2.9191e-06
400 30 1.35691 25.8044 2.855e-06
400 40 1.35691 23.5823 2.9332e-06
400 50 1.35691 22.1763 2.9594e-06
400 60 1.35691 20.7989 2.9949e-06
400 70 1.35691 19.5932 3.1696e-06
400 80 1.35691 18.6653 3.3645e-06
400 90 1.35691 17.8523 3.4352e-06
400 100 1.35691 16.9656 3.4495e-06
800 10 1.35691 73.6471 5.5808e-06
800 20 1.35691 58.7802 4.8644e-06
800 30 1.35691 52.9025 4.6879e-06
800 40 1.35691 49.0832 4.9039e-06
800 50 1.35691 46.538 4.8122e-06
800 60 1.35691 44.3685 4.7922e-06
800 70 1.35691 42.2776 5.0648e-06
800 80 1.35691 41.2559 5.2312e-06
800 90 1.35691 39.2967 5.2757e-06
800 100 1.35691 38.4591 5.4343e-06
1600 10 1.35691 147.952 1.03583e-05
1600 20 1.35691 120 8.7441e-06
1600 30 1.35691 107.622 8.2149e-06
1600 40 1.35691 100.781 8.2478e-06
1600 50 1.35691 94.9667 8.0508e-06
1600 60 1.35691 91.2215 7.9297e-06
1600 70 1.35691 87.8514 8.5861e-06
1600 80 1.35691 85.3778 8.9828e-06
1600 90 1.35691 83.0178 9.0584e-06
1600 100 1.35691 81.0562 8.9319e-06
3200 10 1.35691 296.334 1.91797e-05
3200 20 1.35691 239.751 1.6003e-05
3200 30 1.35691 216.461 1.48576e-05
3200 40 1.35691 202.84 1.48821e-05
3200 50 1.35691 193.024 1.45657e-05
3200 60 1.35691 185.314 1.4292e-05
3200 70 1.35691 180.069 1.52634e-05
3200 80 1.35691 174.267 1.57989e-05
3200 90 1.35691 169.47 1.57641e-05
3200 100 1.35691 164.995 1.55063e-05
6400 10 1.35691 590.433 3.73466e-05
6400 20 1.35691 480.295 3.09857e-05
6400 30 1.35691 435.836 2.89412e-05
6400 40 1.35691 408.579 2.86703e-05
6400 50 1.35691 390.437 2.76912e-05
6400 60 1.35691 374.663 2.67938e-05
6400 70 1.35691 362.14 2.84061e-05
6400 80 1.35691 355.543 2.98534e-05
6400 90 1.35691 344.303 2.95726e-05
6400 100 1.35691 336.312 2.42384e-05
12800 10 1.35691 1183.45 5.15217e-05
12800 20 1.35691 959.974 4.23663e-05
12800 30 1.35691 868.458 3.8026e-05
12800 40 1.35691 824.104 3.74305e-05
12800 50 1.35691 778.029 3.54417e-05
12800 60 1.35691 748.334 3.45509e-05
12800 70 1.35691 726.758 3.65315e-05
12800 80 1.35691 710.086 3.82718e-05
12800 90 1.35691 693.065 3.87112e-05
12800 100 1.35691 676.197 3.77254e-05
25600 10 1.35691 2365.96 0.000101633
25600 20 1.35691 1917.09 8.429e-05
25600 30 1.35691 1746.63 0.000110958
25600 40 1.35691 1653.01 0.000109653
25600 50 1.35691 1568.88 0.000105182
25600 60 1.35691 1505.79 0.000101571
25600 70 1.35691 1464.38 0.000108409
25600 80 1.35691 1426.22 0.000113366
25600 90 1.35691 1385.86 0.000112315
25600 100 1.35691 1358.41 0.000111106
51200 10 1.35691 4749.06 0.000288938
51200 20 1.35691 3840.11 0.00023574
51200 30 1.35691 3486.92 0.00021935
51200 40 1.35691 3287.96 0.000217071
51200 50 1.35691 3129.55 0.00020843
51200 60 1.35691 3035.84 0.000202827
51200 70 1.35691 2925.23 0.000215122
51200 80 1.35691 2844.16 0.000224465
51200 90 1.35691 2792.41 0.000222285
51200 100 1.35691 2726.97 0.000218274
102400 10 1.35691 9473.28 0.000572653
102400 20 1.35691 7702.89 0.000472117
102400 30 1.35691 7001.25 0.000438613
102400 40 1.35691 6544.83 0.000430741
102400 50 1.35691 6251.07 0.000416068
102400 60 1.35691 6015.13 0.000398661
102400 70 1.35691 5853.28 0.000425168
102400 80 1.35691 5696.98 0.000443535
102400 90 1.35691 5556.36 0.00044131
102400 100 1.35691 5466.47 0.000434661
204800 10 1.35691 18977.1 0.00114326
204800 20 1.35691 15365.8 0.000936138
204800 30 1.35691 14005 0.000877052
204800 40 1.35691 13129.1 0.000861517
204800 50 1.35691 12527.3 0.000826207
204800 60 1.35691 12058.7 0.000800633
204800 70 1.35691 11728.2 0.00085114
204800 80 1.35691 11452.6 0.000784094
204800 90 1.35691 11206.1 0.000579988
204800 100 1.35691 10892 0.000566496
409600 10 1.35691 37923.8 0.00158947
409600 20 1.35691 30710.4 0.00127783
409600 30 1.35691 27968.5 0.00115863
409600 40 1.35691 26331.6 0.00113335
409600 50 1.35691 25140.5 0.00107599
409600 60 1.35691 24091.7 0.00104678
409600 70 1.35691 23474.6 0.00110369
409600 80 1.35691 22822.4 0.00115259
409600 90 1.35691 22290.6 0.00115054
409600 100 1.35691 21890.9 0.00113318
819200 10 1.35691 76194.7 0.00316549
819200 20 1.35691 61418 0.00253874
819200 30 1.35691 55850.4 0.00230828
819200 40 1.35691 52179.5 0.00224834
819200 50 1.35691 50037.3 0.00213586
819200 60 1.35691 48465.6 0.00208698
819200 70 1.35691 46976.8 0.00219946
819200 80 1.35691 45449 0.00229557
819200 90 1.35691 44239.7 0.00228141
819200 100 1.35691 43630.9 0.00225727
1638400 10 1.35691 152074 0.00631237
1638400 20 1.35691 123034 0.00504678
1638400 30 1.35691 112230 0.00463629
1638400 40 1.35691 104559 0.00449368
1638400 50 1.35691 99964.4 0.00425705
1638400 60 1.35691 96924.8 0.00415929
1638400 70 1.35691 93930.4 0.0043789
1638400 80 1.35691 91373.7 0.00459582
1638400 90 1.35691 89465.2 0.0046049
1638400 100 1.35691 87164.6 0.0044719
