n=421419 m=100 k=78
200 10 3.00892 2.4226 2770.51 20.8826
200 20 3.00892 1.4491 2551.39 21.6053
200 30 3.00892 1.0951 2767.38 19.4043
200 40 3.00892 0.9106 3125.18 19.2138
200 50 3.00892 0.8185 3502.47 18.8433
200 60 3.00892 0.7384 3859.5 19.84
200 70 3.00892 0.6663 4274.91 19.3179
200 80 3.00892 0.6186 4720.5 19.5756
200 90 3.00892 0.5537 5143.55 19.5693
200 100 3.00892 0.4928 5526.28 20.0079
400 10 3.00892 4.9051 4624.24 38.9201
400 20 3.00892 3.0654 3782.02 39.8014
400 30 3.00892 2.3418 3779 34.6586
400 40 3.00892 2.0057 4075.07 32.2138
400 50 3.00892 1.8307 4409.87 29.8005
400 60 3.00892 1.6275 4695.24 30.6379
400 70 3.00892 1.5638 5112.23 29.2953
400 80 3.00892 1.4454 5620.67 29.5303
400 90 3.00892 1.3288 6046.31 29.1297
400 100 3.00892 1.2542 6428.81 29.9753
800 10 3.00892 9.9339 8343 75.4016
800 20 3.00892 6.1156 6224.63 75.3179
800 30 3.00892 4.7461 5789.16 64.3213
800 40 3.00892 4.1136 5977.38 57.9121
800 50 3.00892 3.7547 6200.17 51.478
800 60 3.00892 3.3743 6397.73 52.659
800 70 3.00892 3.1945 6808.03 49.415
800 80 3.00892 3.0403 7421.46 48.667
800 90 3.00892 2.9026 7858.46 47.6395
800 100 3.00892 2.7622 8212.66 47.9689
1600 10 3.00892 19.8927 15785.6 146.482
1600 20 3.00892 12.3169 11123 145.997
1600 30 3.00892 9.7173 9842.69 123.935
1600 40 3.00892 8.3622 9785.94 109.017
1600 50 3.00892 7.5844 9821.41 94.7563
1600 60 3.00892 6.9089 9751.58 95.4153
1600 70 3.00892 6.7303 10173.4 89.4472
1600 80 3.00892 6.3379 11036.7 87.3991
1600 90 3.00892 6.0252 11479.5 83.8199
1600 100 3.00892 5.8325 11777 83.5396
3200 10 3.00892 39.6076 30625.5 288.878
3200 20 3.00892 25.075 20942.9 287.449
3200 30 3.00892 19.6175 17933.5 241.261
3200 40 3.00892 16.8214 17410 210.994
3200 50 3.00892 15.4859 17042.6 180.806
3200 60 3.00892 14.1898 16543.9 180.839
3200 70 3.00892 13.6435 16911.8 168.493
3200 80 3.00892 12.8379 18231.1 163.634
3200 90 3.00892 12.4204 18701.9 155.515
3200 100 3.00892 11.9065 18851.2 152.643
6400 10 3.00892 79.6072 60409.6 564.243
6400 20 3.00892 49.7237 40626 564.483
6400 30 3.00892 39.1586 34094.6 469.444
6400 40 3.00892 34.0338 32702 408.424
6400 50 3.00892 31.0937 31484.8 349.569
6400 60 3.00892 28.5398 30057.2 346.339
6400 70 3.00892 27.3312 30313.9 323.147
6400 80 3.00892 26.2239 32595.8 314.009
6400 90 3.00892 25.0773 33115.8 297.559
6400 100 3.00892 24.604 33195 291.987
12800 10 3.00892 157.412 119888 1105.56
12800 20 3.00892 99.2345 79769.8 1095.45
12800 30 3.00892 79.558 66553.3 915.792
12800 40 3.00892 68.237 63137.6 796.883
12800 50 3.00892 62.4228 60385.2 679.125
12800 60 3.00892 58.1957 57121.1 669.31
12800 70 3.00892 54.6549 57437.7 629.696
12800 80 3.00892 52.1791 61377.4 605.74
12800 90 3.00892 50.1041 62243.1 575.331
12800 100 3.00892 49.0483 61784.3 559.447
25600 10 3.00892 322.778 239000 2170.4
25600 20 3.00892 197.867 158265 2153.13
25600 30 3.00892 156.687 131395 1784.65
25600 40 3.00892 137.055 124230 1548.26
25600 50 3.00892 125.172 118138 1320.87
25600 60 3.00892 115.939 111239 1294.79
25600 70 3.00892 109.01 111494 1224.86
25600 80 3.00892 105.841 119052 1177.98
25600 90 3.00892 100.638 120116 1116.43
25600 100 3.00892 97.6578 119101 1087.52
51200 10 3.00892 637.558 477183 4337.53
51200 20 3.00892 400.576 315453 4231.1
51200 30 3.00892 318.756 260608 3493.15
51200 40 3.00892 277.205 246585 3031.56
51200 50 3.00892 250.598 234045 2580.37
51200 60 3.00892 232.942 219736 2524
51200 70 3.00892 218.908 219489 2398.88
51200 80 3.00892 210.598 234813 2299.47
51200 90 3.00892 203.897 236622 2183.11
51200 100 3.00892 197.094 234295 2127.23
102400 10 3.00892 1283.98 954044 8997.97
102400 20 3.00892 800.232 630331 8316.22
102400 30 3.00892 640.332 520621 6766.41
102400 40 3.00892 553.656 492099 5935.96
102400 50 3.00892 499.237 466064 5053.76
102400 60 3.00892 466.424 437081 4963.86
102400 70 3.00892 439.516 436863 4744.92
102400 80 3.00892 419.603 465822 4518.59
102400 90 3.00892 406.411 470857 4277.1
102400 100 3.00892 392.077 463902 4161.67
204800 10 3.00892 2550.7 1.90607e+06 17864.1
204800 20 3.00892 1603.64 1.25811e+06 16436.6
204800 30 3.00892 1266.92 1.04226e+06 13394.2
204800 40 3.00892 1115.04 979964 11717.7
204800 50 3.00892 994.848 930204 9994.27
204800 60 3.00892 925.293 870024 9726.75
204800 70 3.00892 873.64 869097 9368.25
204800 80 3.00892 843.621 928931 8910.05
204800 90 3.00892 816.842 936122 8409.13
204800 100 3.00892 797.36 921149 8179.76
409600 10 3.00892 5131.04 3.80865e+06 35458.7
409600 20 3.00892 3167.27 2.51072e+06 32611.6
409600 30 3.00892 2510.1 2.07452e+06 26569.4
409600 40 3.00892 2201.03 1.95382e+06 23176.6
409600 50 3.00892 1989.92 1.85289e+06 19748.1
409600 60 3.00892 1853.57 1.73904e+06 19388.1
409600 70 3.00892 1749.72 1.73214e+06 18536.1
409600 80 3.00892 1696.86 1.84621e+06 17578.4
409600 90 3.00892 1618.54 1.85815e+06 16588.1
409600 100 3.00892 1578.05 1.83053e+06 16150.4
