n=193080 m=100 k=88
200 10 3.0439 0.0563 2038.04 1.0231
200 20 3.0439 0.03 2127.39 1.0052
200 30 3.0439 0.033 2217.41 1.0039
200 40 3.0439 0.032 1588.39 1.0045
200 50 3.0439 0.0484 1588.58 1.0031
200 60 3.0439 0.0245 1588.3 1.002
200 70 3.0439 0.028 1588.34 1.0025
200 80 3.0439 0.032 1588.37 1.0012
200 90 3.0439 0.027 1588.32 1.0018
200 100 3.0439 0.06 1588.7 1.0033
400 10 3.0439 0.0867 3738.47 1.0263
400 20 3.0439 0.0459 3827.6 1.0055
400 30 3.0439 0.057 3917.71 1.0044
400 40 3.0439 0.112 2889.35 1.0082
400 50 3.0439 0.0916 2889.08 1.0052
400 60 3.0439 0.096 2889.12 1.0041
400 70 3.0439 0.077 2888.89 1.0029
400 80 3.0439 0.184 2890.13 1.0073
400 90 3.0439 0.171 2889.96 1.0051
400 100 3.0439 0.12 2889.38 1.0042
800 10 3.0439 0.1758 7140.07 1.0569
800 20 3.0439 0.06 7227.79 1.0089
800 30 3.0439 0.141 7318.75 1.0088
800 40 3.0439 0.14 5489.68 1.0093
800 50 3.0439 0.185 5490.18 1.0099
800 60 3.0439 0.222 5490.59 1.0098
800 70 3.0439 0.315 5491.66 1.0148
800 80 3.0439 0.24 5490.76 1.0088
800 90 3.0439 0.297 5491.41 1.0083
800 100 3.0439 0.5245 5493.99 1.0149
1600 10 3.0439 0.4167 13944.1 1.1186
1600 20 3.0439 0.17 14029.3 1.0182
1600 30 3.0439 0.225 14119.8 1.0129
1600 40 3.0439 0.304 10691.6 1.0207
1600 50 3.0439 0.43 10693.1 1.0221
1600 60 3.0439 0.45 10693.3 1.0193
1600 70 3.0439 0.581 10694.7 1.0209
1600 80 3.0439 0.6911 10696 1.0224
1600 90 3.0439 0.603 10694.9 1.0177
1600 100 3.0439 0.65 10695.4 1.0176
3200 10 3.0439 0.8657 27552 1.2621
3200 20 3.0439 0.3389 27631.5 1.0328
3200 30 3.0439 0.5437 27723.7 1.038
3200 40 3.0439 0.5698 21094.8 1.0374
3200 50 3.0439 0.8439 21098 1.0731
3200 60 3.0439 0.9891 21099.5 1.0413
3200 70 3.0439 1.1163 21100.9 1.0399
3200 80 3.0439 1.2877 21102.8 1.042
3200 90 3.0439 1.458 21104.7 1.0411
3200 100 3.0439 1.18 21101.5 1.0309
6400 10 3.0439 1.3269 54760.1 1.3881
6400 20 3.0439 0.6785 54835.9 1.0761
6400 30 3.0439 0.936 54928.6 1.0773
6400 40 3.0439 1.3195 41903.8 1.0832
6400 50 3.0439 1.5275 41906 1.0767
6400 60 3.0439 2.1162 41912.7 1.0892
6400 70 3.0439 2.2727 41914.3 1.0826
6400 80 3.0439 2.7119 41919.2 1.0856
6400 90 3.0439 3.1546 41924.1 1.0906
6400 100 3.0439 2.8627 41920.7 1.0736
12800 10 3.0439 3.2248 109192 1.8725
12800 20 3.0439 1.3358 109245 1.1521
12800 30 3.0439 1.8749 109340 1.1591
12800 40 3.0439 2.7059 83520.5 1.1708
12800 50 3.0439 3.0537 83524.1 1.1541
12800 60 3.0439 3.9479 83534.1 1.1668
12800 70 3.0439 4.5641 83540.8 1.1645
12800 80 3.0439 5.3272 83549.3 1.1717
12800 90 3.0439 6.0659 83557.5 1.1714
12800 100 3.0439 6.93 83567 1.1742
25600 10 3.0439 5.9243 218040 2.6389
25600 20 3.0439 2.8967 218065 1.3401
25600 30 3.0439 3.8993 218165 1.3261
25600 40 3.0439 5.4635 166754 1.4215
25600 50 3.0439 6.5224 166765 1.3336
25600 60 3.0439 7.8187 166779 1.331
25600 70 3.0439 9.2816 166795 1.3353
25600 80 3.0439 10.9402 166814 1.3467
25600 90 3.0439 11.4081 166819 1.3186
25600 100 3.0439 13.4766 166842 1.3409
51200 10 3.0439 12.9758 435762 4.3854
51200 20 3.0439 5.6507 435701 1.4548
51200 30 3.0439 8.0519 435817 1.4054
51200 40 3.0439 10.6436 333216 1.6685
51200 50 3.0439 13.4683 333247 1.6687
51200 60 3.0439 16.234 333277 1.6775
51200 70 3.0439 18.5269 333302 1.6644
51200 80 3.0439 20.4643 333323 1.6431
51200 90 3.0439 24.206 333365 1.6808
51200 100 3.0439 26.2806 333388 1.6651
102400 10 3.0439 25.7792 871180 7.3698
102400 20 3.0439 11.524 870979 1.905
102400 30 3.0439 16.0992 871116 1.8178
102400 40 3.0439 21.5667 666147 2.3544
102400 50 3.0439 26.4577 666200 2.3374
102400 60 3.0439 31.6335 666257 2.3297
102400 70 3.0439 37.8018 666326 2.3556
102400 80 3.0439 43.3219 666387 2.3766
102400 90 3.0439 47.9575 666437 2.344
102400 100 3.0439 53.5449 666499 2.3511
