n=4047392 m=100 k=62
200 10 2.97344 0.0423 2037.94 1.0281
200 20 2.97344 0.01 2127.13 1.0033
200 30 2.97344 0 2217 1.0008
200 40 2.97344 0.008 1588.1 1.0026
200 50 2.97344 0.005 1588.06 1.0008
200 60 2.97344 0.006 1588.07 1.0003
200 70 2.97344 0 1588 1.0012
200 80 2.97344 0.008 1588.09 1.0004
200 90 2.97344 0 1588 1.0006
200 100 2.97344 0 1588 1.0002
400 10 2.97344 0.101 3739.01 1.0495
400 20 2.97344 0.004 3827.06 1.0023
400 30 2.97344 0.006 3917.07 1.0017
400 40 2.97344 0.004 2888.05 1.0011
400 50 2.97344 0.01 2888.12 1.0012
400 60 2.97344 0.006 2888.07 1.0006
400 70 2.97344 0.007 2888.08 1.0007
400 80 2.97344 0 2888 1.0002
400 90 2.97344 0 2888 1.0001
400 100 2.97344 0 2888 1.0003
800 10 2.97344 0.2413 7141.58 1.0973
800 20 2.97344 0.0171 7227.23 1.0041
800 30 2.97344 0.0119 7317.15 1.0028
800 40 2.97344 0 5488 1.0007
800 50 2.97344 0.0371 5488.44 1.0026
800 60 2.97344 0.0173 5488.2 1.0012
800 70 2.97344 0.014 5488.16 1.0007
800 80 2.97344 0.0214 5488.25 1.001
800 90 2.97344 0.0319 5488.38 1.0021
800 100 2.97344 0.02 5488.23 1.0011
1600 10 2.97344 0.4553 13945.8 1.1866
1600 20 2.97344 0.0099 14027.1 1.002
1600 30 2.97344 0.009 14117.1 1.0028
1600 40 2.97344 0.0262 10688.3 1.0031
1600 50 2.97344 0.03 10688.4 1.0015
1600 60 2.97344 0.006 10688.1 1.0004
1600 70 2.97344 0.042 10688.5 1.0017
1600 80 2.97344 0.0209 10688.2 1.0011
1600 90 2.97344 0.018 10688.2 1.001
1600 100 2.97344 0.09 10689 1.0028
3200 10 2.97344 0.9176 27554.7 1.3593
3200 20 2.97344 0.024 27627.3 1.0064
3200 30 2.97344 0.0269 27717.3 1.0035
3200 40 2.97344 0.024 21088.3 1.0024
3200 50 2.97344 0.01 21088.1 1.0017
3200 60 2.97344 0.0497 21088.6 1.0035
3200 70 2.97344 0.071 21088.8 1.0035
3200 80 2.97344 0.056 21088.6 1.0024
3200 90 2.97344 0.0876 21089 1.003
3200 100 2.97344 0.0937 21089.1 1.0037
6400 10 2.97344 1.7591 54771.2 1.7114
6400 20 2.97344 0.1151 54828.5 1.0136
6400 30 2.97344 0.06 54917.7 1.0067
6400 40 2.97344 0.0629 41888.8 1.0064
6400 50 2.97344 0.105 41889.2 1.0056
6400 60 2.97344 0.1217 41889.4 1.0055
6400 70 2.97344 0.1218 41889.4 1.0051
6400 80 2.97344 0.136 41889.6 1.0048
6400 90 2.97344 0.081 41888.9 1.0024
6400 100 2.97344 0.1515 41889.7 1.0049
12800 10 2.97344 3.8894 109211 2.43
12800 20 2.97344 0.2445 109230 1.0284
12800 30 2.97344 0.1556 109319 1.016
12800 40 2.97344 0.19 83490.3 1.0164
12800 50 2.97344 0.2055 83490.4 1.0132
12800 60 2.97344 0.2522 83491 1.0147
12800 70 2.97344 0.235 83490.7 1.0121
12800 80 2.97344 0.2509 83490.9 1.0093
12800 90 2.97344 0.3535 83492.1 1.0114
12800 100 2.97344 0.4393 83493 1.0145
25600 10 2.97344 7.2767 218077 3.6666
25600 20 2.97344 0.3318 218032 1.0402
25600 30 2.97344 0.2194 218120 1.0214
25600 40 2.97344 0.2847 166691 1.0323
25600 50 2.97344 0.4178 166693 1.0272
25600 60 2.97344 0.4067 166693 1.0243
25600 70 2.97344 0.3469 166692 1.0208
25600 80 2.97344 0.6484 166695 1.031
25600 90 2.97344 0.6071 166695 1.0284
25600 100 2.97344 0.7242 166696 1.0297
51200 10 2.97344 14.4982 435815 6.0899
51200 20 2.97344 0.8079 435638 1.0952
51200 30 2.97344 0.5639 435724 1.0357
51200 40 2.97344 0.6966 333096 1.0502
51200 50 2.97344 0.7054 333096 1.0423
51200 60 2.97344 0.8049 333097 1.04
51200 70 2.97344 1.0606 333100 1.0464
51200 80 2.97344 1.4187 333105 1.059
51200 90 2.97344 1.1799 333102 1.0399
51200 100 2.97344 1.4636 333105 1.0519
102400 10 2.97344 27.7821 871278 10.7563
102400 20 2.97344 1.9171 870853 1.1928
102400 30 2.97344 1.0421 870930 1.0807
102400 40 2.97344 1.2112 665903 1.1007
102400 50 2.97344 1.4408 665905 1.1028
102400 60 2.97344 1.5337 665906 1.0889
102400 70 2.97344 2.37 665916 1.1155
102400 80 2.97344 2.2596 665914 1.0953
102400 90 2.97344 2.4563 665916 1.0838
102400 100 2.97344 2.9813 665922 1.0926
204800 10 2.97344 59.9318 1.74229e+06 19.4324
204800 20 2.97344 4.1261 1.74128e+06 1.5463
204800 30 2.97344 2.2394 1.74134e+06 1.2176
204800 40 2.97344 2.6445 1.33152e+06 1.1963
204800 50 2.97344 3.099 1.33152e+06 1.1972
204800 60 2.97344 3.7031 1.33153e+06 1.1938
204800 70 2.97344 3.8693 1.33153e+06 1.1596
204800 80 2.97344 4.6895 1.33154e+06 1.1626
204800 90 2.97344 5.1273 1.33155e+06 1.1668
204800 100 2.97344 5.9388 1.33156e+06 1.1818
409600 10 2.97344 119.928 3.48423e+06 36.2847
409600 20 2.97344 8.2607 3.48214e+06 2.0359
409600 30 2.97344 4.0943 3.48217e+06 1.4273
409600 40 2.97344 5.0585 2.66275e+06 1.3764
409600 50 2.97344 5.8015 2.66276e+06 1.345
409600 60 2.97344 7.4023 2.66278e+06 1.3779
409600 70 2.97344 8.058 2.66278e+06 1.3259
409600 80 2.97344 8.6912 2.66279e+06 1.3156
409600 90 2.97344 10.094 2.6628e+06 1.3206
409600 100 2.97344 11.3307 2.66282e+06 1.3474
819200 10 2.97344 233.62 6.96805e+06 69.8743
819200 20 2.97344 14.601 6.96382e+06 2.6264
819200 30 2.97344 7.9697 6.96382e+06 1.4337
819200 40 2.97344 9.2892 5.3252e+06 1.6211
819200 50 2.97344 11.9413 5.32523e+06 1.6667
819200 60 2.97344 13.8861 5.32525e+06 1.6191
819200 70 2.97344 16.0602 5.32528e+06 1.6382
819200 80 2.97344 18.416 5.3253e+06 1.6636
819200 90 2.97344 19.9853 5.32532e+06 1.628
819200 100 2.97344 22.3677 5.32534e+06 1.641
1638400 10 2.97344 447.426 1.39354e+07 134.086
1638400 20 2.97344 24.5832 1.39272e+07 3.4582
1638400 30 2.97344 16.2838 1.39271e+07 1.9309
1638400 40 2.97344 19.259 1.06501e+07 2.344
1638400 50 2.97344 22.8718 1.06502e+07 2.2535
1638400 60 2.97344 27.4798 1.06502e+07 2.2738
1638400 70 2.97344 33.2172 1.06503e+07 2.3703
1638400 80 2.97344 36.2493 1.06503e+07 2.3086
1638400 90 2.97344 39.9444 1.06503e+07 2.2775
1638400 100 2.97344 43.7108 1.06504e+07 2.3054
3276800 10 2.97344 968.942 2.78717e+07 280.497
3276800 20 2.97344 51.8698 2.78539e+07 6.0523
3276800 30 2.97344 33.9633 2.78537e+07 2.921
3276800 40 2.97344 40.4965 2.13e+07 3.9384
3276800 50 2.97344 48.1565 2.13001e+07 3.6211
3276800 60 2.97344 57.0369 2.13002e+07 3.6551
3276800 70 2.97344 64.852 2.13002e+07 3.6281
3276800 80 2.97344 72.275 2.13003e+07 3.5502
3276800 90 2.97344 83.1691 2.13004e+07 3.7053
3276800 100 2.97344 88.526 2.13005e+07 3.5399
