n=3170441 m=100 k=5
200 10 1.35691 30.1662 1.9708e-06
200 20 1.35691 2.1202 9.554e-07
200 30 1.35691 0.1473 8.453e-07
200 40 1.35691 0.1423 7.765e-07
200 50 1.35691 0.1341 7.721e-07
200 60 1.35691 0.1197 7.685e-07
200 70 1.35691 0.1082 7.765e-07
200 80 1.35691 0.1053 7.722e-07
200 90 1.35691 0.098 7.763e-07
200 100 1.35691 0.0901 7.743e-07
400 10 1.35691 62.9129 3.3001e-06
400 20 1.35691 4.3964 1.1756e-06
400 30 1.35691 0.3044 9.39e-07
400 40 1.35691 0.315 8.525e-07
400 50 1.35691 0.3078 8.525e-07
400 60 1.35691 0.3106 8.552e-07
400 70 1.35691 0.2796 8.607e-07
400 80 1.35691 0.2831 8.607e-07
400 90 1.35691 0.2808 8.692e-07
400 100 1.35691 0.2682 8.678e-07
800 10 1.35691 126.094 5.8862e-06
800 20 1.35691 9.0252 1.6424e-06
800 30 1.35691 0.6596 1.169e-06
800 40 1.35691 0.6877 1.0337e-06
800 50 1.35691 0.6428 1.0353e-06
800 60 1.35691 0.6617 1.039e-06
800 70 1.35691 0.6398 1.0335e-06
800 80 1.35691 0.6016 1.0286e-06
800 90 1.35691 0.689 1.0379e-06
800 100 1.35691 0.617 1.0301e-06
1600 10 1.35691 254.285 1.09526e-05
1600 20 1.35691 18.3729 2.5987e-06
1600 30 1.35691 1.3649 1.6006e-06
1600 40 1.35691 1.3622 1.3253e-06
1600 50 1.35691 1.377 1.3262e-06
1600 60 1.35691 1.3953 1.3269e-06
1600 70 1.35691 1.3437 1.3091e-06
1600 80 1.35691 1.3492 1.3047e-06
1600 90 1.35691 1.3777 1.3036e-06
1600 100 1.35691 1.4014 1.3145e-06
3200 10 1.35691 506.397 2.06963e-05
3200 20 1.35691 37.1809 4.4398e-06
3200 30 1.35691 2.782 2.4707e-06
3200 40 1.35691 2.7715 1.9148e-06
3200 50 1.35691 2.7925 1.9158e-06
3200 60 1.35691 2.7786 1.9049e-06
3200 70 1.35691 2.7633 1.9085e-06
3200 80 1.35691 2.7354 1.9037e-06
3200 90 1.35691 2.7963 1.9056e-06
3200 100 1.35691 2.8385 1.9147e-06
6400 10 1.35691 1013.28 3.97964e-05
6400 20 1.35691 73.4922 8.1448e-06
6400 30 1.35691 5.5304 4.296e-06
6400 40 1.35691 5.6046 3.2207e-06
6400 50 1.35691 5.6479 3.1866e-06
6400 60 1.35691 5.699 3.188e-06
6400 70 1.35691 5.7627 3.1907e-06
6400 80 1.35691 5.7407 3.1944e-06
6400 90 1.35691 5.685 3.2028e-06
6400 100 1.35691 5.6248 3.2062e-06
12800 10 1.35691 2036.2 7.78905e-05
12800 20 1.35691 146.731 1.54523e-05
12800 30 1.35691 11.3383 7.9168e-06
12800 40 1.35691 11.3441 6.0026e-06
12800 50 1.35691 11.3204 5.7628e-06
12800 60 1.35691 11.1939 5.7686e-06
12800 70 1.35691 11.3139 5.7624e-06
12800 80 1.35691 11.4707 5.7632e-06
12800 90 1.35691 11.4188 5.762e-06
12800 100 1.35691 11.5413 5.7595e-06
25600 10 1.35691 4067.04 0.000152547
25600 20 1.35691 296.183 3.01013e-05
25600 30 1.35691 22.4394 1.51412e-05
25600 40 1.35691 22.8446 1.15985e-05
25600 50 1.35691 22.5379 1.10853e-05
25600 60 1.35691 22.7924 1.09258e-05
25600 70 1.35691 22.9806 1.0925e-05
25600 80 1.35691 23.0161 1.09256e-05
25600 90 1.35691 23.0963 1.09308e-05
25600 100 1.35691 22.894 1.09442e-05
51200 10 1.35691 8153.81 0.00030143
51200 20 1.35691 593.472 5.91905e-05
51200 30 1.35691 45.5722 2.9678e-05
51200 40 1.35691 45.0929 2.26417e-05
51200 50 1.35691 45.5229 2.2098e-05
51200 60 1.35691 45.4718 2.12676e-05
51200 70 1.35691 45.4702 2.12812e-05
51200 80 1.35691 45.4295 2.12845e-05
51200 90 1.35691 46.2097 2.12887e-05
51200 100 1.35691 45.8365 2.12364e-05
102400 10 1.35691 16256.1 0.000598242
102400 20 1.35691 1188.94 0.000117672
102400 30 1.35691 90.7606 5.87918e-05
102400 40 1.35691 90.6572 4.47598e-05
102400 50 1.35691 90.3404 4.44238e-05
102400 60 1.35691 91.4094 4.21025e-05
102400 70 1.35691 91.0245 4.20856e-05
102400 80 1.35691 91.2541 4.21181e-05
102400 90 1.35691 91.4716 4.20433e-05
102400 100 1.35691 91.5847 4.1972e-05
204800 10 1.35691 32632.4 0.00119319
204800 20 1.35691 2367.06 0.000234743
204800 30 1.35691 180.747 0.000117806
204800 40 1.35691 179.105 8.96545e-05
204800 50 1.35691 179.664 8.94278e-05
204800 60 1.35691 179.722 8.39674e-05
204800 70 1.35691 183.668 8.38691e-05
204800 80 1.35691 181.929 8.37595e-05
204800 90 1.35691 182.509 8.38399e-05
204800 100 1.35691 184.11 8.38478e-05
409600 10 1.35691 64931.5 0.00237627
409600 20 1.35691 4726.18 0.000463897
409600 30 1.35691 358.943 0.000231783
409600 40 1.35691 357.661 0.000176145
409600 50 1.35691 362.563 0.000176112
409600 60 1.35691 363.915 0.000167904
409600 70 1.35691 360.771 0.00016587
409600 80 1.35691 364.284 0.000165983
409600 90 1.35691 366.28 0.000165984
409600 100 1.35691 367.01 0.000165946
819200 10 1.35691 129850 0.00471958
819200 20 1.35691 9354.83 0.000920878
819200 30 1.35691 709.55 0.000460242
819200 40 1.35691 718.029 0.000349293
819200 50 1.35691 720.777 0.000334992
819200 60 1.35691 732.399 0.000188013
819200 70 1.35691 722.427 0.000192426
819200 80 1.35691 729.974 0.000187732
819200 90 1.35691 731.319 0.000187795
819200 100 1.35691 736.502 0.000188817
1638400 10 1.35691 261202 0.00780847
1638400 20 1.35691 18944.5 0.00155121
1638400 30 1.35691 1435.58 0.000816456
1638400 40 1.35691 1441.58 0.000375232
1638400 50 1.35691 1437.78 0.000375114
1638400 60 1.35691 1450.87 0.000373989
1638400 70 1.35691 1459.07 0.000375248
1638400 80 1.35691 1454.03 0.000373735
1638400 90 1.35691 1452.07 0.000373834
1638400 100 1.35691 1475.77 0.000373868
