n=3170441 m=100 k=5
200 10 1.35691 30.3528 3226.03 59.3659
200 20 1.35691 2.0736 1150.58 8.5747
200 30 1.35691 0.1477 1062.57 1.6061
200 40 1.35691 0.1304 734.664 1.5705
200 50 1.35691 0.1341 735.005 1.5963
200 60 1.35691 0.1185 734.853 1.6145
200 70 1.35691 0.1145 734.621 1.6138
200 80 1.35691 0.1164 734.735 1.6416
200 90 1.35691 0.1012 734.173 1.615
200 100 1.35691 0.0928 733.535 1.5999
400 10 1.35691 62.5547 6194.93 117.202
400 20 1.35691 4.4978 1905.07 16.5617
400 30 1.35691 0.3304 1638.37 2.2535
400 40 1.35691 0.3218 1179.57 2.2553
400 50 1.35691 0.2987 1178.19 2.2354
400 60 1.35691 0.3191 1179.27 2.2809
400 70 1.35691 0.3114 1178.91 2.296
400 80 1.35691 0.2706 1177.48 2.2465
400 90 1.35691 0.2804 1178.12 2.2923
400 100 1.35691 0.2668 1177.26 2.2991
800 10 1.35691 126.913 12189 227.707
800 20 1.35691 9.1166 3432.35 32.5152
800 30 1.35691 0.6829 2805.61 3.5411
800 40 1.35691 0.6851 2081.06 3.5556
800 50 1.35691 0.7096 2081.35 3.5973
800 60 1.35691 0.6442 2079.48 3.5218
800 70 1.35691 0.6539 2080.34 3.5897
800 80 1.35691 0.6527 2079.9 3.6007
800 90 1.35691 0.6472 2079.37 3.596
800 100 1.35691 0.6256 2078.82 3.5785
1600 10 1.35691 254.739 24119.7 434.983
1600 20 1.35691 18.2463 6453.23 63.6446
1600 30 1.35691 1.3817 5123.19 6.0662
1600 40 1.35691 1.3924 3870.55 6.1579
1600 50 1.35691 1.3749 3869.34 6.1112
1600 60 1.35691 1.3439 3869.72 6.127
1600 70 1.35691 1.3649 3869.34 6.1675
1600 80 1.35691 1.3369 3868.12 6.1077
1600 90 1.35691 1.3256 3867 6.0652
1600 100 1.35691 1.3587 3868.81 6.1875
3200 10 1.35691 507.817 47938.4 830.417
3200 20 1.35691 36.7894 12530.6 125.448
3200 30 1.35691 2.7432 9777.08 11.2194
3200 40 1.35691 2.8178 7464.02 11.3987
3200 50 1.35691 2.7667 7462.48 11.3409
3200 60 1.35691 2.7894 7460.04 11.2623
3200 70 1.35691 2.7887 7460.74 11.3024
3200 80 1.35691 2.8164 7463.95 11.4486
3200 90 1.35691 2.8333 7462 11.3522
3200 100 1.35691 2.8084 7463.78 11.4541
6400 10 1.35691 1022.05 95626.5 1589.77
6400 20 1.35691 74.399 24670.2 246.993
6400 30 1.35691 5.5433 19065.1 21.3155
6400 40 1.35691 5.6183 14636.3 21.6577
6400 50 1.35691 5.5717 14631.9 21.4217
6400 60 1.35691 5.6086 14630.5 21.4371
6400 70 1.35691 5.7353 14637.7 21.6756
6400 80 1.35691 5.6997 14637.2 21.6854
6400 90 1.35691 5.5703 14633.5 21.5549
6400 100 1.35691 5.6598 14636.2 21.7136
12800 10 1.35691 2038.73 190951 3057.9
12800 20 1.35691 148.141 48955 483.973
12800 30 1.35691 11.306 37669.2 41.8099
12800 40 1.35691 11.1733 28986.9 41.6504
12800 50 1.35691 11.1324 28985.3 41.6713
12800 60 1.35691 11.443 28993 42.0258
12800 70 1.35691 11.3497 28993.5 42.0222
12800 80 1.35691 11.4194 28992.3 42.0536
12800 90 1.35691 11.5521 28997.9 42.205
12800 100 1.35691 11.5355 28992.7 42.0206
25600 10 1.35691 4075.96 381665 5926.45
25600 20 1.35691 295.988 97438.4 947.277
25600 30 1.35691 22.2916 74834.5 81.3669
25600 40 1.35691 22.5785 57681.1 81.8836
25600 50 1.35691 22.6888 57702.1 82.7442
25600 60 1.35691 22.6145 57689.4 82.1589
25600 70 1.35691 22.7602 57694.1 82.2663
25600 80 1.35691 22.7976 57688.6 82.2462
25600 90 1.35691 22.9154 57695.2 82.2919
25600 100 1.35691 23.099 57700 82.6205
51200 10 1.35691 8108.25 762531 11535.8
51200 20 1.35691 590.853 194579 1855.43
51200 30 1.35691 44.6864 149201 160.175
51200 40 1.35691 45.4711 115127 162.816
51200 50 1.35691 45.3898 115091 161.652
51200 60 1.35691 45.3902 115094 161.826
51200 70 1.35691 45.4914 115092 161.497
51200 80 1.35691 46.2161 115127 162.872
51200 90 1.35691 46.0127 115108 162.021
51200 100 1.35691 45.8774 115116 162.485
102400 10 1.35691 16238.4 1.52501e+06 22667
102400 20 1.35691 1184.86 388568 3650.12
102400 30 1.35691 90.0785 297944 318.672
102400 40 1.35691 90.4851 229902 321.497
102400 50 1.35691 89.6554 229844 318.656
102400 60 1.35691 90.2616 229873 319.498
102400 70 1.35691 92.2513 229958 323.539
102400 80 1.35691 91.5453 229901 320.552
102400 90 1.35691 92.1788 229931 321.94
102400 100 1.35691 92.6022 229935 321.47
204800 10 1.35691 32623.7 3.05079e+06 44879.4
204800 20 1.35691 2374.28 777089 7244.57
204800 30 1.35691 179.329 595356 629.399
204800 40 1.35691 180.362 459521 637.943
204800 50 1.35691 180.907 459564 639.017
204800 60 1.35691 181.182 459493 635.907
204800 70 1.35691 182.421 459517 637.306
204800 80 1.35691 182.838 459516 636.907
204800 90 1.35691 184.89 459604 640.266
204800 100 1.35691 183.414 459534 637.069
409600 10 1.35691 64946.5 6.09469e+06 89328.4
409600 20 1.35691 4723.04 1.55287e+06 14373.1
409600 30 1.35691 361.349 1.1904e+06 1254.91
409600 40 1.35691 358.88 918669 1264.03
409600 50 1.35691 358.62 918499 1254.76
409600 60 1.35691 360.432 918665 1262.03
409600 70 1.35691 361.781 918673 1260.12
409600 80 1.35691 366.685 918768 1263.75
409600 90 1.35691 366.212 918714 1260.78
409600 100 1.35691 366.386 918749 1262.22
819200 10 1.35691 130075 1.21945e+07 177818
819200 20 1.35691 9415.94 3.10258e+06 28490.4
819200 30 1.35691 706.872 2.37952e+06 2463.4
819200 40 1.35691 715.066 1.83665e+06 2496.35
819200 50 1.35691 718.236 1.83692e+06 2501.64
819200 60 1.35691 721.928 1.83696e+06 2501.22
819200 70 1.35691 720.641 1.83679e+06 2491.48
819200 80 1.35691 728.598 1.83688e+06 2496.25
819200 90 1.35691 729.655 1.83716e+06 2510.07
819200 100 1.35691 726.865 1.83673e+06 2491.86
1638400 10 1.35691 260069 2.43876e+07 354478
1638400 20 1.35691 19010.1 6.21738e+06 57294.9
1638400 30 1.35691 1432.24 4.75937e+06 4933.1
1638400 40 1.35691 1432.83 3.67334e+06 4972.82
1638400 50 1.35691 1442.58 3.67343e+06 4972.51
1638400 60 1.35691 1454.76 3.67391e+06 4982.26
1638400 70 1.35691 1461.47 3.674e+06 4987.46
1638400 80 1.35691 1465.75 3.6748e+06 5020.37
1638400 90 1.35691 1474.74 3.67474e+06 5010.14
1638400 100 1.35691 1468.5 3.67389e+06 4979.42
