n=4638690 m=100 k=4
200 10 1.38617 27.2123 3105.38 54.7566
200 20 1.38617 1.6232 1120.11 7.2094
200 30 1.38617 0.1078 1059.44 1.435
200 40 1.38617 0.0959 731.206 1.4159
200 50 1.38617 0.0888 731.293 1.4344
200 60 1.38617 0.0848 731.12 1.4243
200 70 1.38617 0.0732 730.76 1.4487
200 80 1.38617 0.0625 730.312 1.4186
200 90 1.38617 0.0705 731.108 1.4743
200 100 1.38617 0.0581 730.142 1.4216
400 10 1.38617 55.5194 5931.63 106.46
400 20 1.38617 3.4367 1840.75 13.7286
400 30 1.38617 0.206 1629.49 1.8468
400 40 1.38617 0.2009 1170.98 1.8577
400 50 1.38617 0.2042 1170.92 1.8763
400 60 1.38617 0.1859 1170.45 1.8571
400 70 1.38617 0.2272 1170.65 1.8787
400 80 1.38617 0.1918 1170.44 1.8885
400 90 1.38617 0.1897 1170.51 1.9087
400 100 1.38617 0.1654 1169.53 1.8874
800 10 1.38617 112.234 11664.2 207.973
800 20 1.38617 7.0126 3299.45 26.7324
800 30 1.38617 0.4457 2789.51 2.7979
800 40 1.38617 0.4245 2063.16 2.7609
800 50 1.38617 0.4556 2064.14 2.8181
800 60 1.38617 0.4244 2062.75 2.7882
800 70 1.38617 0.4369 2062.97 2.7985
800 80 1.38617 0.4415 2062.66 2.7906
800 90 1.38617 0.4222 2063.08 2.8335
800 100 1.38617 0.3993 2062.4 2.8068
1600 10 1.38617 226.677 23050.8 403.993
1600 20 1.38617 14.1373 6194.13 52.4526
1600 30 1.38617 0.9145 5092.33 4.6686
1600 40 1.38617 0.9201 3836.71 4.665
1600 50 1.38617 0.8973 3834.88 4.573
1600 60 1.38617 0.892 3836.2 4.6625
1600 70 1.38617 0.9023 3835.2 4.6117
1600 80 1.38617 0.9337 3835.17 4.6669
1600 90 1.38617 0.918 3836.19 4.7299
1600 100 1.38617 0.8725 3834.42 4.6465
3200 10 1.38617 453.087 45844.1 775.88
3200 20 1.38617 28.6409 12013.7 104.274
3200 30 1.38617 1.8114 9710.21 8.1977
3200 40 1.38617 1.8138 7392.97 8.3052
3200 50 1.38617 1.8113 7391.18 8.2643
3200 60 1.38617 1.8386 7392.96 8.3333
3200 70 1.38617 1.7949 7392.69 8.3004
3200 80 1.38617 1.8197 7391.59 8.2732
3200 90 1.38617 1.8564 7392.59 8.2981
3200 100 1.38617 1.8077 7392.41 8.3369
6400 10 1.38617 906.125 91440.3 1493.24
6400 20 1.38617 57.3719 23611.4 206.577
6400 30 1.38617 3.7034 18934 15.5256
6400 40 1.38617 3.7284 14496.4 15.8515
6400 50 1.38617 3.7535 14496.6 15.7627
6400 60 1.38617 3.6509 14492.4 15.5976
6400 70 1.38617 3.6715 14491.8 15.5212
6400 80 1.38617 3.7824 14497.2 15.8134
6400 90 1.38617 3.726 14494.6 15.7188
6400 100 1.38617 3.6908 14493.5 15.6537
12800 10 1.38617 1820.22 182797 2895.1
12800 20 1.38617 114.196 46816 409.209
12800 30 1.38617 7.4563 37405 30.5079
12800 40 1.38617 7.4045 28711.1 30.4103
12800 50 1.38617 7.4158 28706.6 30.2125
12800 60 1.38617 7.4091 28711.3 30.3812
12800 70 1.38617 7.4534 28709.4 30.3144
12800 80 1.38617 7.5046 28712.6 30.4876
12800 90 1.38617 7.5342 28709.2 30.2892
12800 100 1.38617 7.616 28712.7 30.4359
25600 10 1.38617 3628.56 365053 5616.16
25600 20 1.38617 229.295 93259.7 807.097
25600 30 1.38617 14.8971 74318.2 59.9403
25600 40 1.38617 14.7071 57123.8 59.5789
25600 50 1.38617 14.9512 57130.9 59.7084
25600 60 1.38617 14.9266 57127.6 59.7985
25600 70 1.38617 14.9236 57127.3 59.6038
25600 80 1.38617 14.9732 57132.3 59.9229
25600 90 1.38617 15.1164 57133.5 59.8891
25600 100 1.38617 15.3326 57136.5 60.1103
51200 10 1.38617 7280.72 729843 11055.2
51200 20 1.38617 459.71 186182 1592.28
51200 30 1.38617 29.6128 148155 118.402
51200 40 1.38617 29.8007 113982 118.949
51200 50 1.38617 29.8035 113978 118.461
51200 60 1.38617 29.9504 113978 118.436
51200 70 1.38617 30.1599 113983 118.656
51200 80 1.38617 30.1119 113983 118.755
51200 90 1.38617 30.0868 113979 118.626
51200 100 1.38617 30.5347 113983 118.62
102400 10 1.38617 14554.3 1.46026e+06 21778.5
102400 20 1.38617 918.215 371966 3149.83
102400 30 1.38617 59.223 295814 236.432
102400 40 1.38617 59.3826 227666 237.553
102400 50 1.38617 59.7862 227673 237.589
102400 60 1.38617 59.8499 227668 237.515
102400 70 1.38617 60.128 227677 237.312
102400 80 1.38617 60.3292 227681 237.943
102400 90 1.38617 60.4837 227682 237.517
102400 100 1.38617 60.9229 227692 237.687
204800 10 1.38617 29094.2 2.9195e+06 43136.3
204800 20 1.38617 1839.79 743565 6245.94
204800 30 1.38617 118.329 591157 470.257
204800 40 1.38617 119.127 455075 473.174
204800 50 1.38617 119.67 455059 472.486
204800 60 1.38617 119.917 455077 472.594
204800 70 1.38617 120.189 455093 473.377
204800 80 1.38617 120.715 455077 472.582
204800 90 1.38617 121.821 455104 473.063
204800 100 1.38617 121.357 455085 472.236
409600 10 1.38617 58147.5 5.83674e+06 85859.5
409600 20 1.38617 3669.33 1.48644e+06 12412.7
409600 30 1.38617 236.833 1.18185e+06 934.157
409600 40 1.38617 237.732 909815 939.176
409600 50 1.38617 238.335 909823 939.136
409600 60 1.38617 239.365 909868 941.519
409600 70 1.38617 241.104 909884 941.547
409600 80 1.38617 241.409 909883 940.443
409600 90 1.38617 242.732 909904 941.788
409600 100 1.38617 243.804 909907 940.548
819200 10 1.38617 116353 1.16769e+07 170301
819200 20 1.38617 7352.52 2.97261e+06 24762.1
819200 30 1.38617 473.512 2.36321e+06 1863.14
819200 40 1.38617 474.248 1.81935e+06 1871.99
819200 50 1.38617 477.371 1.81937e+06 1872.38
819200 60 1.38617 480.509 1.81944e+06 1874.57
819200 70 1.38617 481.008 1.81941e+06 1873.69
819200 80 1.38617 483.057 1.81946e+06 1875.47
819200 90 1.38617 484.527 1.81945e+06 1871.61
819200 100 1.38617 487.247 1.81947e+06 1874.68
1638400 10 1.38617 232934 2.33541e+07 344418
1638400 20 1.38617 14677.7 5.94406e+06 49384.7
1638400 30 1.38617 947.384 4.72594e+06 3687.73
1638400 40 1.38617 951.855 3.6385e+06 3726.59
1638400 50 1.38617 954.835 3.63838e+06 3717.93
1638400 60 1.38617 957.001 3.63845e+06 3720.06
1638400 70 1.38617 964.16 3.63866e+06 3726.42
1638400 80 1.38617 966.156 3.63865e+06 3724.85
1638400 90 1.38617 967.107 3.63844e+06 3714.39
1638400 100 1.38617 972.16 3.63867e+06 3721.49
3276800 10 1.38617 465106 4.67072e+07 688973
3276800 20 1.38617 29393.3 1.18893e+07 98688.8
3276800 30 1.38617 1893.53 9.45142e+06 7366.87
3276800 40 1.38617 1904.97 7.27676e+06 7439.23
3276800 50 1.38617 1913.94 7.2769e+06 7441.61
3276800 60 1.38617 1917.64 7.27681e+06 7434.9
3276800 70 1.38617 1926.41 7.27688e+06 7434.13
3276800 80 1.38617 1931.81 7.27688e+06 7431.57
3276800 90 1.38617 1942.57 7.27708e+06 7438.29
3276800 100 1.38617 1948.46 7.27703e+06 7428.9
