n=4047392 m=100 k=62
200 10 2.97344 5.3451 1.1779e-06
200 20 2.97344 0.0441 8.244e-07
200 30 2.97344 0.0061 8.406e-07
200 40 2.97344 0.0001 7.746e-07
200 50 2.97344 0.0102 7.897e-07
200 60 2.97344 0.0002 7.926e-07
200 70 2.97344 0.0004 7.972e-07
200 80 2.97344 0.0001 7.967e-07
200 90 2.97344 0.0062 7.929e-07
200 100 2.97344 0.0002 7.983e-07
400 10 2.97344 11.0097 1.6825e-06
400 20 2.97344 0.0797 9.756e-07
400 30 2.97344 0.012 9.844e-07
400 40 2.97344 0.0021 9.096e-07
400 50 2.97344 0.0057 9.009e-07
400 60 2.97344 0.0122 9.1e-07
400 70 2.97344 0.0076 9.122e-07
400 80 2.97344 0.0109 9.091e-07
400 90 2.97344 0 9.12e-07
400 100 2.97344 0 9.151e-07
800 10 2.97344 21.6917 2.6805e-06
800 20 2.97344 0.1642 1.2058e-06
800 30 2.97344 0.0095 1.2234e-06
800 40 2.97344 0.0108 1.1003e-06
800 50 2.97344 0.0159 1.1049e-06
800 60 2.97344 0.0187 1.0985e-06
800 70 2.97344 0.0089 1.0851e-06
800 80 2.97344 0.0189 1.089e-06
800 90 2.97344 0.02 1.1008e-06
800 100 2.97344 0.0252 1.1092e-06
1600 10 2.97344 44.8632 4.7017e-06
1600 20 2.97344 0.3581 1.5884e-06
1600 30 2.97344 0.0318 1.5758e-06
1600 40 2.97344 0.0257 1.3619e-06
1600 50 2.97344 0.0346 1.4039e-06
1600 60 2.97344 0.0298 1.4108e-06
1600 70 2.97344 0.0342 1.4029e-06
1600 80 2.97344 0.0036 1.4153e-06
1600 90 2.97344 0.0504 1.3996e-06
1600 100 2.97344 0.0734 1.3548e-06
3200 10 2.97344 90.4831 8.6122e-06
3200 20 2.97344 0.7211 2.3805e-06
3200 30 2.97344 0.0404 2.356e-06
3200 40 2.97344 0.0408 1.8366e-06
3200 50 2.97344 0.0641 1.8268e-06
3200 60 2.97344 0.0661 1.8267e-06
3200 70 2.97344 0.0632 1.8718e-06
3200 80 2.97344 0.0836 1.9961e-06
3200 90 2.97344 0.1053 2.0003e-06
3200 100 2.97344 0.0583 2.0063e-06
6400 10 2.97344 179.203 1.65654e-05
6400 20 2.97344 1.3714 4.0375e-06
6400 30 2.97344 0.0563 3.9573e-06
6400 40 2.97344 0.0742 2.992e-06
6400 50 2.97344 0.1451 2.9961e-06
6400 60 2.97344 0.1084 2.9929e-06
6400 70 2.97344 0.1495 3.0032e-06
6400 80 2.97344 0.1928 2.9982e-06
6400 90 2.97344 0.2377 3.0064e-06
6400 100 2.97344 0.2726 3.0136e-06
12800 10 2.97344 358.86 3.24447e-05
12800 20 2.97344 2.8261 7.3248e-06
12800 30 2.97344 0.2047 7.1767e-06
12800 40 2.97344 0.2788 5.395e-06
12800 50 2.97344 0.2053 5.3857e-06
12800 60 2.97344 0.2729 5.3996e-06
12800 70 2.97344 0.3055 5.3564e-06
12800 80 2.97344 0.4028 5.3639e-06
12800 90 2.97344 0.2916 5.3764e-06
12800 100 2.97344 0.4096 5.3656e-06
25600 10 2.97344 721.132 6.35535e-05
25600 20 2.97344 5.4812 1.47308e-05
25600 30 2.97344 0.3712 1.35386e-05
25600 40 2.97344 0.4181 1.01433e-05
25600 50 2.97344 0.552 1.0089e-05
25600 60 2.97344 0.559 1.00737e-05
25600 70 2.97344 0.4849 1.00856e-05
25600 80 2.97344 0.7319 1.01187e-05
25600 90 2.97344 0.6843 1.01476e-05
25600 100 2.97344 0.6642 1.01284e-05
51200 10 2.97344 1416.52 0.000124652
51200 20 2.97344 11.0224 2.9429e-05
51200 30 2.97344 0.4982 2.68369e-05
51200 40 2.97344 0.7423 1.95827e-05
51200 50 2.97344 1.1296 1.95891e-05
51200 60 2.97344 1.1424 1.95968e-05
51200 70 2.97344 1.3896 1.96484e-05
51200 80 2.97344 1.4699 1.96302e-05
51200 90 2.97344 1.6409 1.96706e-05
51200 100 2.97344 1.3995 1.96262e-05
102400 10 2.97344 2834.52 0.000247419
102400 20 2.97344 22.9998 5.81029e-05
102400 30 2.97344 1.1546 5.42765e-05
102400 40 2.97344 1.6465 3.87409e-05
102400 50 2.97344 1.8859 3.87243e-05
102400 60 2.97344 1.9831 3.86684e-05
102400 70 2.97344 2.6483 3.87361e-05
102400 80 2.97344 2.8562 3.8738e-05
102400 90 2.97344 2.8272 3.87905e-05
102400 100 2.97344 2.9336 3.88219e-05
204800 10 2.97344 5778.7 0.000493353
204800 20 2.97344 45.8837 0.000117217
204800 30 2.97344 2.5458 0.000110359
204800 40 2.97344 2.9231 7.84862e-05
204800 50 2.97344 4.207 7.88981e-05
204800 60 2.97344 4.2518 7.90266e-05
204800 70 2.97344 4.6884 7.86585e-05
204800 80 2.97344 4.9434 7.84327e-05
204800 90 2.97344 6.055 7.83843e-05
204800 100 2.97344 6.1693 7.8548e-05
409600 10 2.97344 11537.1 0.000984601
409600 20 2.97344 89.5533 0.000233254
409600 30 2.97344 5.2934 0.000220159
409600 40 2.97344 6.7507 0.000157415
409600 50 2.97344 8.0546 0.00015764
409600 60 2.97344 8.3258 0.000158166
409600 70 2.97344 9.3276 0.000157457
409600 80 2.97344 10.4005 0.000157844
409600 90 2.97344 11.5283 0.000157736
409600 100 2.97344 12.5867 0.000157148
819200 10 2.97344 22950.5 0.00190359
819200 20 2.97344 176.235 0.000421638
819200 30 2.97344 9.9707 0.000414894
819200 40 2.97344 12.2383 0.000312131
819200 50 2.97344 15.0801 0.000312549
819200 60 2.97344 16.9627 0.000313146
819200 70 2.97344 18.9196 0.000312566
819200 80 2.97344 20.4764 0.000313121
819200 90 2.97344 21.9934 0.000314077
819200 100 2.97344 24.4242 0.000314555
1638400 10 2.97344 46190.8 0.00437288
1638400 20 2.97344 363.244 0.000844099
1638400 30 2.97344 20.5136 0.000764307
1638400 40 2.97344 24.8261 0.000319194
1638400 50 2.97344 28.8743 0.000315819
1638400 60 2.97344 33.6378 0.000315447
1638400 70 2.97344 36.6278 0.000317673
1638400 80 2.97344 42.6187 0.000314789
1638400 90 2.97344 45.0237 0.000317358
1638400 100 2.97344 49.1253 0.000316278
3276800 10 2.97344 91257.5 0.00637001
3276800 20 2.97344 738.814 0.00154349
3276800 30 2.97344 40.8071 0.00151101
3276800 40 2.97344 49.8931 0.000617258
3276800 50 2.97344 58.388 0.000615103
3276800 60 2.97344 68.371 0.000615871
3276800 70 2.97344 76.4939 0.000615039
3276800 80 2.97344 85.3625 0.000616521
3276800 90 2.97344 92.2085 0.000615557
3276800 100 2.97344 98.0413 0.000616059
