n=4047392 m=100 k=62
200 10 2.97344 0.0642 1.0592e-06
200 20 2.97344 0.0039 1.0747e-06
200 30 2.97344 0.006 1.1102e-06
200 40 2.97344 0 1.0198e-06
200 50 2.97344 0.01 1.0213e-06
200 60 2.97344 0 1.0287e-06
200 70 2.97344 0 1.0212e-06
200 80 2.97344 0 1.0292e-06
200 90 2.97344 0.0031 1.026e-06
200 100 2.97344 0 1.0346e-06
400 10 2.97344 0.1266 1.3604e-06
400 20 2.97344 0.0001 1.3946e-06
400 30 2.97344 0.009 1.4237e-06
400 40 2.97344 0 1.2713e-06
400 50 2.97344 0.005 1.2797e-06
400 60 2.97344 0.012 1.2735e-06
400 70 2.97344 0.0044 1.2722e-06
400 80 2.97344 0.008 1.2858e-06
400 90 2.97344 0 1.2951e-06
400 100 2.97344 0 1.3035e-06
800 10 2.97344 0.203 2.0062e-06
800 20 2.97344 0.012 2.0474e-06
800 30 2.97344 0.009 2.0773e-06
800 40 2.97344 0.008 1.7301e-06
800 50 2.97344 0.015 1.7283e-06
800 60 2.97344 0.018 1.7445e-06
800 70 2.97344 0.007 1.7518e-06
800 80 2.97344 0.016 1.7595e-06
800 90 2.97344 0.0194 1.755e-06
800 100 2.97344 0.0219 1.774e-06
1600 10 2.97344 0.4543 3.2728e-06
1600 20 2.97344 0.0298 3.2857e-06
1600 30 2.97344 0.03 3.3e-06
1600 40 2.97344 0.0224 2.6406e-06
1600 50 2.97344 0.03 2.6395e-06
1600 60 2.97344 0.0232 2.6429e-06
1600 70 2.97344 0.032 2.6446e-06
1600 80 2.97344 0 2.6622e-06
1600 90 2.97344 0.045 2.6495e-06
1600 100 2.97344 0.0706 2.6521e-06
3200 10 2.97344 0.9369 5.6876e-06
3200 20 2.97344 0.0639 5.7197e-06
3200 30 2.97344 0.033 5.7526e-06
3200 40 2.97344 0.0315 4.3975e-06
3200 50 2.97344 0.0526 4.3994e-06
3200 60 2.97344 0.054 4.4123e-06
3200 70 2.97344 0.0564 4.3892e-06
3200 80 2.97344 0.08 4.3886e-06
3200 90 2.97344 0.088 4.4132e-06
3200 100 2.97344 0.0533 4.4089e-06
6400 10 2.97344 1.7942 1.05766e-05
6400 20 2.97344 0.0918 1.06417e-05
6400 30 2.97344 0.045 1.06455e-05
6400 40 2.97344 0.0589 7.9531e-06
6400 50 2.97344 0.1232 7.9457e-06
6400 60 2.97344 0.0936 7.9519e-06
6400 70 2.97344 0.1242 7.9435e-06
6400 80 2.97344 0.1712 7.9509e-06
6400 90 2.97344 0.2131 7.9345e-06
6400 100 2.97344 0.2367 7.9175e-06
12800 10 2.97344 3.5703 2.02764e-05
12800 20 2.97344 0.2687 2.02765e-05
12800 30 2.97344 0.1769 2.0343e-05
12800 40 2.97344 0.2328 1.49942e-05
12800 50 2.97344 0.1721 1.50193e-05
12800 60 2.97344 0.2464 1.49922e-05
12800 70 2.97344 0.2499 1.4927e-05
12800 80 2.97344 0.3645 1.49367e-05
12800 90 2.97344 0.2567 1.50126e-05
12800 100 2.97344 0.3886 1.49498e-05
25600 10 2.97344 7.039 3.96784e-05
25600 20 2.97344 0.4064 3.96479e-05
25600 30 2.97344 0.3182 4.0175e-05
25600 40 2.97344 0.3209 2.91674e-05
25600 50 2.97344 0.4635 2.90056e-05
25600 60 2.97344 0.4999 2.88938e-05
25600 70 2.97344 0.4272 2.88346e-05
25600 80 2.97344 0.6288 2.93488e-05
25600 90 2.97344 0.6071 2.92051e-05
25600 100 2.97344 0.5826 2.90508e-05
51200 10 2.97344 13.243 7.81721e-05
51200 20 2.97344 0.6873 7.95594e-05
51200 30 2.97344 0.3661 7.89913e-05
51200 40 2.97344 0.6003 5.76384e-05
51200 50 2.97344 0.8894 5.9615e-05
51200 60 2.97344 0.9979 5.82351e-05
51200 70 2.97344 1.1843 5.77882e-05
51200 80 2.97344 1.313 6.1726e-05
51200 90 2.97344 1.4286 6.11949e-05
51200 100 2.97344 1.2312 6.01032e-05
102400 10 2.97344 29.2037 0.000167903
102400 20 2.97344 1.6259 0.000170115
102400 30 2.97344 0.9226 0.000172938
102400 40 2.97344 1.2414 0.000132979
102400 50 2.97344 1.6164 0.000130631
102400 60 2.97344 1.7166 0.000130819
102400 70 2.97344 2.255 0.000135441
102400 80 2.97344 2.5362 0.000137855
102400 90 2.97344 2.5204 0.000136206
102400 100 2.97344 2.5568 0.000135284
204800 10 2.97344 62.3783 0.000361317
204800 20 2.97344 3.6441 0.000368776
204800 30 2.97344 2.0548 0.000367213
204800 40 2.97344 2.2759 0.000274532
204800 50 2.97344 3.4249 0.000275384
204800 60 2.97344 3.6151 0.000279054
204800 70 2.97344 4.0867 0.000280179
204800 80 2.97344 4.3379 0.000279421
204800 90 2.97344 5.2625 0.000279242
204800 100 2.97344 5.5408 0.000279704
409600 10 2.97344 114.743 0.000743943
409600 20 2.97344 6.2954 0.000743397
409600 30 2.97344 4.3057 0.000740915
409600 40 2.97344 5.3788 0.000558774
409600 50 2.97344 6.7386 0.00055905
409600 60 2.97344 7.2051 0.000560742
409600 70 2.97344 8.2528 0.000562258
409600 80 2.97344 9.1798 0.000562066
409600 90 2.97344 10.2289 0.000564299
409600 100 2.97344 11.1868 0.000566241
819200 10 2.97344 231.532 0.00148465
819200 20 2.97344 13.1014 0.00148108
819200 30 2.97344 7.7722 0.00148194
819200 40 2.97344 9.9198 0.000962163
819200 50 2.97344 12.7579 0.000485075
819200 60 2.97344 14.6096 0.000484246
819200 70 2.97344 16.1024 0.000484695
819200 80 2.97344 18.1697 0.000484028
819200 90 2.97344 19.6395 0.000484106
819200 100 2.97344 21.9008 0.000483455
1638400 10 2.97344 482.955 0.00228019
1638400 20 2.97344 27.1084 0.00227155
1638400 30 2.97344 16.422 0.00226668
1638400 40 2.97344 19.8431 0.00095082
1638400 50 2.97344 23.9906 0.000949994
1638400 60 2.97344 28.9505 0.000949596
1638400 70 2.97344 31.6823 0.000949434
1638400 80 2.97344 37.013 0.000950703
1638400 90 2.97344 39.9475 0.000950194
1638400 100 2.97344 43.9575 0.0009491
3276800 10 2.97344 963.469 0.00453028
3276800 20 2.97344 59.3001 0.00452607
3276800 30 2.97344 32.3569 0.00452606
3276800 40 2.97344 40.3371 0.00188346
3276800 50 2.97344 48.4614 0.00187887
3276800 60 2.97344 57.8219 0.00187953
3276800 70 2.97344 65.6364 0.00187816
3276800 80 2.97344 75.307 0.00188104
3276800 90 2.97344 82.0977 0.00187821
3276800 100 2.97344 88.5712 0.00187923
