n=3170441 m=100 k=5
200 10 1.35691 0.354 2053.33 1.5383
200 20 1.35691 0.0032 2127.08 1.0062
200 30 1.35691 0 2217 1.0011
200 40 1.35691 0.0016 1588.03 1.002
200 50 1.35691 0.005 1588.06 1.0004
200 60 1.35691 0 1588 1.0003
200 70 1.35691 0 1588 1.0003
200 80 1.35691 0 1588 1
200 90 1.35691 0 1588.01 1.0003
200 100 1.35691 0 1588 1
400 10 1.35691 0.7879 3772.26 2.1406
400 20 1.35691 0.0203 3827.32 1.0098
400 30 1.35691 0.0066 3917.09 1.0017
400 40 1.35691 0.008 2888.1 1.0011
400 50 1.35691 0.0069 2888.09 1.0013
400 60 1.35691 0.0248 2888.3 1.0028
400 70 1.35691 0.008 2888.1 1.0007
400 80 1.35691 0.008 2888.1 1.0008
400 90 1.35691 0.018 2888.21 1.0007
400 100 1.35691 0 2888 1
800 10 1.35691 1.5634 7207.15 3.2968
800 20 1.35691 0.0174 7227.42 1.0149
800 30 1.35691 0.012 7317.15 1.003
800 40 1.35691 0.0227 5488.28 1.0028
800 50 1.35691 0.0296 5488.37 1.0032
800 60 1.35691 0.0262 5488.31 1.0021
800 70 1.35691 0.032 5488.38 1.0023
800 80 1.35691 0.0257 5488.31 1.0021
800 90 1.35691 0.0214 5488.26 1.002
800 100 1.35691 0.02 5488.23 1.0007
1600 10 1.35691 3.1391 14076.7 5.4665
1600 20 1.35691 0.0435 14027.8 1.0238
1600 30 1.35691 0.033 14117.4 1.0059
1600 40 1.35691 0.0272 10688.3 1.0021
1600 50 1.35691 0.0437 10688.5 1.0032
1600 60 1.35691 0.0297 10688.4 1.0037
1600 70 1.35691 0.0298 10688.4 1.0028
1600 80 1.35691 0.0324 10688.4 1.0018
1600 90 1.35691 0.0511 10688.6 1.0031
1600 100 1.35691 0.0569 10688.7 1.0031
3200 10 1.35691 6.2366 27815.5 9.8523
3200 20 1.35691 0.0638 27628.3 1.0387
3200 30 1.35691 0.0372 27717.5 1.0061
3200 40 1.35691 0.0415 21088.5 1.0061
3200 50 1.35691 0.047 21088.6 1.0041
3200 60 1.35691 0.0567 21088.7 1.0049
3200 70 1.35691 0.0873 21089.1 1.0074
3200 80 1.35691 0.0788 21088.9 1.0057
3200 90 1.35691 0.1042 21089.2 1.0064
3200 100 1.35691 0.0829 21089 1.0046
6400 10 1.35691 12.477 55294.4 18.5279
6400 20 1.35691 0.1498 54830.2 1.0883
6400 30 1.35691 0.0805 54918.2 1.0163
6400 40 1.35691 0.0921 41889.2 1.0125
6400 50 1.35691 0.1165 41889.4 1.0093
6400 60 1.35691 0.1322 41889.6 1.0087
6400 70 1.35691 0.2161 41890.6 1.0129
6400 80 1.35691 0.1798 41890.2 1.0204
6400 90 1.35691 0.1417 41889.7 1.0138
6400 100 1.35691 0.1913 41890.3 1.0113
12800 10 1.35691 24.9719 110255 35.5689
12800 20 1.35691 0.3076 109233 1.1526
12800 30 1.35691 0.2307 109320 1.0391
12800 40 1.35691 0.1998 83490.6 1.024
12800 50 1.35691 0.1753 83490.2 1.0173
12800 60 1.35691 0.3527 83492.4 1.0279
12800 70 1.35691 0.3328 83492.1 1.0216
12800 80 1.35691 0.3688 83492.4 1.0209
12800 90 1.35691 0.3731 83492.5 1.0184
12800 100 1.35691 0.4921 83493.9 1.0405
25600 10 1.35691 49.4747 220154 68.9002
25600 20 1.35691 0.4859 218038 1.2697
25600 30 1.35691 0.2946 218121 1.0537
25600 40 1.35691 0.4024 166693 1.0456
25600 50 1.35691 0.4518 166694 1.047
25600 60 1.35691 0.4936 166694 1.0442
25600 70 1.35691 0.6047 166695 1.0393
25600 80 1.35691 0.6811 166696 1.0451
25600 90 1.35691 0.8083 166698 1.0425
25600 100 1.35691 0.8187 166698 1.043
51200 10 1.35691 99.5463 440000 136.511
51200 20 1.35691 0.9432 435649 1.5661
51200 30 1.35691 0.7279 435727 1.1145
51200 40 1.35691 0.867 333099 1.0908
51200 50 1.35691 1.0488 333101 1.0987
51200 60 1.35691 1.2472 333103 1.0955
51200 70 1.35691 1.3477 333104 1.0881
51200 80 1.35691 1.6545 333108 1.1044
51200 90 1.35691 1.6515 333108 1.0847
51200 100 1.35691 1.6691 333108 1.0833
102400 10 1.35691 195.989 879549 267.365
102400 20 1.35691 2.0862 870873 2.111
102400 30 1.35691 1.3989 870936 1.2047
102400 40 1.35691 1.741 665910 1.2155
102400 50 1.35691 2.1036 665914 1.2047
102400 60 1.35691 2.3998 665918 1.2099
102400 70 1.35691 2.5386 665919 1.1861
102400 80 1.35691 3.0167 665924 1.2068
102400 90 1.35691 3.2825 665927 1.1922
102400 100 1.35691 3.7334 665932 1.1868
204800 10 1.35691 395.424 1.75891e+06 534.67
204800 20 1.35691 3.9886 1.74132e+06 3.1106
204800 30 1.35691 2.7316 1.74136e+06 1.3751
204800 40 1.35691 3.4914 1.33153e+06 1.4505
204800 50 1.35691 3.7771 1.33154e+06 1.388
204800 60 1.35691 4.7159 1.33155e+06 1.4062
204800 70 1.35691 5.2261 1.33155e+06 1.3849
204800 80 1.35691 6.2268 1.33156e+06 1.3896
204800 90 1.35691 6.4086 1.33156e+06 1.3545
204800 100 1.35691 6.7132 1.33157e+06 1.3399
409600 10 1.35691 782.217 3.5173e+06 1052.08
409600 20 1.35691 7.7768 3.4822e+06 4.9617
409600 30 1.35691 5.7306 3.4822e+06 1.7181
409600 40 1.35691 6.5199 2.66277e+06 1.7794
409600 50 1.35691 7.686 2.66278e+06 1.7416
409600 60 1.35691 9.2412 2.6628e+06 1.7185
409600 70 1.35691 10.5811 2.66282e+06 1.7601
409600 80 1.35691 12.2546 2.66284e+06 1.7979
409600 90 1.35691 13.5363 2.66285e+06 1.7097
409600 100 1.35691 13.8118 2.66285e+06 1.6924
819200 10 1.35691 1565.01 7.0343e+06 2101.69
819200 20 1.35691 17.1458 6.96402e+06 8.9307
819200 30 1.35691 10.4891 6.96386e+06 2.2279
819200 40 1.35691 13.1275 5.32526e+06 2.5289
819200 50 1.35691 16.0676 5.32529e+06 2.499
819200 60 1.35691 18.1487 5.32531e+06 2.5098
819200 70 1.35691 20.8563 5.32534e+06 2.4317
819200 80 1.35691 24.0616 5.32538e+06 2.4685
819200 90 1.35691 25.5246 5.32539e+06 2.1109
819200 100 1.35691 29.0899 5.32543e+06 2.2004
1638400 10 1.35691 3169.9 1.40694e+07 4239.07
1638400 20 1.35691 34.783 1.39276e+07 16.4531
1638400 30 1.35691 21.7637 1.39272e+07 3.0149
1638400 40 1.35691 25.7676 1.06502e+07 3.2654
1638400 50 1.35691 32.4721 1.06503e+07 3.3197
1638400 60 1.35691 37.2996 1.06503e+07 3.4117
1638400 70 1.35691 42.3307 1.06504e+07 3.3806
1638400 80 1.35691 46.405 1.06504e+07 3.1256
1638400 90 1.35691 53.3878 1.06505e+07 3.3045
1638400 100 1.35691 57.7239 1.06506e+07 3.234
