n=207205 m=100 k=77
200 10 2.90019 3.5579 1365.18 17.1657
200 20 2.90019 0.038 974.241 1.0913
200 30 2.90019 0.018 1050.23 1.0047
200 40 2.90019 0.0359 722.451 1.0056
200 50 2.90019 0.0477 722.582 1.0042
200 60 2.90019 0.0446 722.544 1.0042
200 70 2.90019 0.0615 722.738 1.0052
200 80 2.90019 0.0481 722.572 1.0038
200 90 2.90019 0.0487 722.594 1.0047
200 100 2.90019 0.05 722.602 1.0039
400 10 2.90019 7.4114 2466.45 33.1481
400 20 2.90019 0.0949 1537.87 1.1809
400 30 2.90019 0.066 1611.82 1.0096
400 40 2.90019 0.0652 1151.81 1.0072
400 50 2.90019 0.1153 1152.4 1.0085
400 60 2.90019 0.1132 1152.36 1.0074
400 70 2.90019 0.1102 1152.31 1.0065
400 80 2.90019 0.1395 1152.65 1.0078
400 90 2.90019 0.1553 1152.8 1.0064
400 100 2.90019 0.1267 1152.5 1.0083
800 10 2.90019 14.8283 4689.32 65.3271
800 20 2.90019 0.1773 2681.8 1.3506
800 30 2.90019 0.1317 2751.67 1.0171
800 40 2.90019 0.1201 2023.51 1.0119
800 50 2.90019 0.1997 2024.41 1.0145
800 60 2.90019 0.2402 2024.85 1.0135
800 70 2.90019 0.2783 2025.3 1.0143
800 80 2.90019 0.3018 2025.55 1.0153
800 90 2.90019 0.3449 2026 1.0134
800 100 2.90019 0.3485 2026.09 1.0178
1600 10 2.90019 29.7108 9078.83 127.784
1600 20 2.90019 0.353 4952.18 1.6679
1600 30 2.90019 0.3041 5014.85 1.0314
1600 40 2.90019 0.3414 3755.24 1.0323
1600 50 2.90019 0.4053 3755.91 1.0299
1600 60 2.90019 0.5017 3756.96 1.029
1600 70 2.90019 0.6187 3758.32 1.0317
1600 80 2.90019 0.6068 3758.16 1.0309
1600 90 2.90019 0.7941 3760.25 1.0333
1600 100 2.90019 0.6531 3758.58 1.0251
3200 10 2.90019 59.097 17855.9 251.008
3200 20 2.90019 0.7812 9511.53 2.3392
3200 30 2.90019 0.5194 9556.58 1.0552
3200 40 2.90019 0.7269 7231.02 1.0703
3200 50 2.90019 0.8645 7232.53 1.0675
3200 60 2.90019 0.8875 7232.61 1.0572
3200 70 2.90019 1.0421 7234.28 1.0528
3200 80 2.90019 1.5083 7239.65 1.0704
3200 90 2.90019 1.3627 7237.91 1.0561
3200 100 2.90019 1.7106 7241.83 1.0684
6400 10 2.90019 120.963 35682.1 502.017
6400 20 2.90019 1.5146 18612.4 3.6711
6400 30 2.90019 1.1056 18625 1.1027
6400 40 2.90019 1.3164 14167.2 1.1172
6400 50 2.90019 1.8125 14172.9 1.1312
6400 60 2.90019 2.0677 14175.7 1.1236
6400 70 2.90019 2.407 14179.4 1.1248
6400 80 2.90019 2.3001 14178 1.1094
6400 90 2.90019 2.7059 14182.5 1.1149
6400 100 2.90019 2.613 14181.3 1.1036
12800 10 2.90019 237.996 70908.4 982.422
12800 20 2.90019 2.942 36830 6.327
12800 30 2.90019 2.0772 36776.4 1.1932
12800 40 2.90019 2.5894 28054.1 1.2363
12800 50 2.90019 3.1243 28059.9 1.2313
12800 60 2.90019 4.0266 28069.9 1.2349
12800 70 2.90019 4.6663 28077.1 1.2425
12800 80 2.90019 5.2499 28083.5 1.2404
12800 90 2.90019 5.5934 28087.2 1.242
12800 100 2.90019 6.1822 28093.6 1.2274
25600 10 2.90019 485.478 141712 1932.41
25600 20 2.90019 5.6296 73241.2 11.35
25600 30 2.90019 3.9492 73061 1.3534
25600 40 2.90019 5.3348 55816.9 1.4743
25600 50 2.90019 6.7221 55832.5 1.4933
25600 60 2.90019 7.8706 55845 1.4908
25600 70 2.90019 9.5226 55863.5 1.496
25600 80 2.90019 10.7561 55876.9 1.4842
25600 90 2.90019 11.4056 55883.8 1.4665
25600 100 2.90019 12.7187 55898.3 1.4702
51200 10 2.90019 964.982 283210 3822.9
51200 20 2.90019 11.5871 146105 21.817
51200 30 2.90019 8.5897 145659 1.822
51200 40 2.90019 10.8481 111356 1.9394
51200 50 2.90019 13.4551 111385 1.9468
51200 60 2.90019 15.8737 111411 1.9441
51200 70 2.90019 18.6911 111443 1.9651
51200 80 2.90019 20.3902 111461 1.9405
51200 90 2.90019 23.6691 111497 1.9572
51200 100 2.90019 24.4577 111505 1.9101
102400 10 2.90019 1919.1 566246 7584.95
102400 20 2.90019 23.9405 291813 41.8021
102400 30 2.90019 16.1874 290816 2.3265
102400 40 2.90019 21.2588 222414 2.8648
102400 50 2.90019 26.6815 222474 2.8801
102400 60 2.90019 31.7009 222530 2.914
102400 70 2.90019 37.0192 222588 2.9152
102400 80 2.90019 41.7704 222640 2.8736
102400 90 2.90019 46.489 222692 2.8956
102400 100 2.90019 51.4305 222746 2.8571
204800 10 2.90019 3826.82 1.13124e+06 15028.5
204800 20 2.90019 46.3789 583171 79.3379
204800 30 2.90019 32.9562 581168 3.7183
204800 40 2.90019 44.2929 444570 5.1721
204800 50 2.90019 54.8431 444686 4.8526
204800 60 2.90019 65.7726 444807 4.9239
204800 70 2.90019 74.7048 444904 4.8134
204800 80 2.90019 85.5689 445024 4.8528
204800 90 2.90019 94.7219 445125 4.8648
204800 100 2.90019 105.81 445248 4.923
