n=207205 m=100 k=77
200 10 2.90019 0.0513 1.0852e-06
200 20 2.90019 0.0299 9.086e-07
200 30 2.90019 0.033 9.329e-07
200 40 2.90019 0.0192 7.735e-07
200 50 2.90019 0.049 7.723e-07
200 60 2.90019 0.0337 7.724e-07
200 70 2.90019 0.07 7.749e-07
200 80 2.90019 0.072 7.741e-07
200 90 2.90019 0.0591 7.744e-07
200 100 2.90019 0.01 7.889e-07
400 10 2.90019 0.1017 1.186e-06
400 20 2.90019 0.0479 1.2075e-06
400 30 2.90019 0.051 1.2311e-06
400 40 2.90019 0.1198 9.63e-07
400 50 2.90019 0.1078 9.622e-07
400 60 2.90019 0.132 9.615e-07
400 70 2.90019 0.148 9.602e-07
400 80 2.90019 0.116 9.624e-07
400 90 2.90019 0.1428 7.91e-07
400 100 2.90019 0.1878 6.841e-07
800 10 2.90019 0.2025 1.5447e-06
800 20 2.90019 0.1078 1.5535e-06
800 30 2.90019 0.162 1.5696e-06
800 40 2.90019 0.12 9.191e-07
800 50 2.90019 0.1827 9.213e-07
800 60 2.90019 0.234 9.19e-07
800 70 2.90019 0.2439 9.276e-07
800 80 2.90019 0.3623 9.252e-07
800 90 2.90019 0.3201 9.196e-07
800 100 2.90019 0.2546 9.204e-07
1600 10 2.90019 0.4585 2.6456e-06
1600 20 2.90019 0.202 2.6557e-06
1600 30 2.90019 0.24 2.6718e-06
1600 40 2.90019 0.2628 1.3897e-06
1600 50 2.90019 0.3928 1.3869e-06
1600 60 2.90019 0.5874 1.3883e-06
1600 70 2.90019 0.5754 1.3877e-06
1600 80 2.90019 0.5995 1.3889e-06
1600 90 2.90019 0.646 1.3846e-06
1600 100 2.90019 0.9308 1.3883e-06
3200 10 2.90019 0.7929 4.8558e-06
3200 20 2.90019 0.4047 4.8654e-06
3200 30 2.90019 0.518 4.8807e-06
3200 40 2.90019 0.7481 2.3293e-06
3200 50 2.90019 0.732 2.3266e-06
3200 60 2.90019 0.9628 2.3243e-06
3200 70 2.90019 1.0962 2.3242e-06
3200 80 2.90019 1.1788 2.3263e-06
3200 90 2.90019 1.4445 2.3231e-06
3200 100 2.90019 1.4615 2.3231e-06
6400 10 2.90019 1.6001 9.2761e-06
6400 20 2.90019 0.7852 9.2851e-06
6400 30 2.90019 0.9358 9.2976e-06
6400 40 2.90019 1.4318 4.2016e-06
6400 50 2.90019 1.5517 4.1977e-06
6400 60 2.90019 2.0328 4.1973e-06
6400 70 2.90019 1.9923 4.2008e-06
6400 80 2.90019 2.5858 4.1985e-06
6400 90 2.90019 3.2603 4.2031e-06
6400 100 2.90019 3.2192 4.1957e-06
12800 10 2.90019 3.176 1.81215e-05
12800 20 2.90019 1.5442 1.81378e-05
12800 30 2.90019 2.1386 1.81629e-05
12800 40 2.90019 2.5372 8.31e-06
12800 50 2.90019 3.3851 7.9507e-06
12800 60 2.90019 3.7601 7.9591e-06
12800 70 2.90019 4.3906 7.9557e-06
12800 80 2.90019 5.334 7.957e-06
12800 90 2.90019 5.8578 8.0873e-06
12800 100 2.90019 6.5504 8.3347e-06
25600 10 2.90019 6.2174 3.58207e-05
25600 20 2.90019 2.9425 3.58366e-05
25600 30 2.90019 3.8984 3.58271e-05
25600 40 2.90019 5.244 1.54339e-05
25600 50 2.90019 6.4794 1.54155e-05
25600 60 2.90019 7.726 1.54238e-05
25600 70 2.90019 9.1535 1.5418e-05
25600 80 2.90019 10.3879 1.54351e-05
25600 90 2.90019 11.2217 1.54397e-05
25600 100 2.90019 12.5013 1.5437e-05
51200 10 2.90019 13.4903 7.12018e-05
51200 20 2.90019 6.1672 7.1168e-05
51200 30 2.90019 8.2238 7.12122e-05
51200 40 2.90019 10.5842 3.14286e-05
51200 50 2.90019 13.1957 3.03215e-05
51200 60 2.90019 15.7294 3.0486e-05
51200 70 2.90019 18.0749 3.03504e-05
51200 80 2.90019 20.5523 3.03534e-05
51200 90 2.90019 23.0552 3.03278e-05
51200 100 2.90019 25.3486 3.03379e-05
102400 10 2.90019 27.0383 0.000141944
102400 20 2.90019 12.6529 0.000141873
102400 30 2.90019 16.1033 0.000142017
102400 40 2.90019 20.7521 6.04799e-05
102400 50 2.90019 26.0539 5.9805e-05
102400 60 2.90019 30.9939 5.98466e-05
102400 70 2.90019 36.4732 5.9838e-05
102400 80 2.90019 41.2579 5.98619e-05
102400 90 2.90019 45.8928 5.98808e-05
102400 100 2.90019 51.154 5.99061e-05
204800 10 2.90019 50.5073 0.000283505
204800 20 2.90019 25.2038 0.000283701
204800 30 2.90019 32.9385 0.000283301
204800 40 2.90019 43.9542 0.000118432
204800 50 2.90019 53.4476 0.000117899
204800 60 2.90019 64.3381 0.000117914
204800 70 2.90019 74.2702 0.000117916
204800 80 2.90019 83.8611 0.00011931
204800 90 2.90019 93.6723 0.000118265
204800 100 2.90019 103.371 0.000117932
