n=4047392 m=100 k=62
200 10 2.97344 12.2979 8.232e-07
200 20 2.97344 18.8089 7.903e-07
200 30 2.97344 25.8377 8.393e-07
200 40 2.97344 26.1266 8.363e-07
200 50 2.97344 25.1936 8.234e-07
200 60 2.97344 24.1519 8.157e-07
200 70 2.97344 23.1308 8.187e-07
200 80 2.97344 21.977 8.123e-07
200 90 2.97344 21.4438 8.098e-07
200 100 2.97344 20.2997 8.081e-07
400 10 2.97344 15.5265 9.859e-07
400 20 2.97344 20.9121 9.633e-07
400 30 2.97344 27.4232 1.0169e-06
400 40 2.97344 27.9147 1.0196e-06
400 50 2.97344 26.924 9.916e-07
400 60 2.97344 25.7442 9.934e-07
400 70 2.97344 24.7704 9.921e-07
400 80 2.97344 23.5417 9.929e-07
400 90 2.97344 23.0151 9.959e-07
400 100 2.97344 22.1125 9.855e-07
800 10 2.97344 21.3939 1.3376e-06
800 20 2.97344 24.8602 1.2743e-06
800 30 2.97344 30.6834 1.3069e-06
800 40 2.97344 30.9074 1.3231e-06
800 50 2.97344 29.7866 1.3309e-06
800 60 2.97344 28.6678 1.3304e-06
800 70 2.97344 27.6632 1.3457e-06
800 80 2.97344 26.7276 1.3581e-06
800 90 2.97344 25.9818 1.3579e-06
800 100 2.97344 25.0836 1.3479e-06
1600 10 2.97344 33.415 1.9237e-06
1600 20 2.97344 32.3518 1.6686e-06
1600 30 2.97344 36.6367 1.624e-06
1600 40 2.97344 36.7036 1.6067e-06
1600 50 2.97344 35.4631 1.6441e-06
1600 60 2.97344 34.2478 1.655e-06
1600 70 2.97344 33.6665 1.6723e-06
1600 80 2.97344 32.5186 1.6856e-06
1600 90 2.97344 31.4904 1.7068e-06
1600 100 2.97344 30.9768 1.7203e-06
3200 10 2.97344 55.8557 2.9883e-06
3200 20 2.97344 46.5437 2.2304e-06
3200 30 2.97344 48.2686 2.0034e-06
3200 40 2.97344 47.5229 1.9506e-06
3200 50 2.97344 46.7713 1.9667e-06
3200 60 2.97344 45.7526 1.9766e-06
3200 70 2.97344 44.6928 1.9829e-06
3200 80 2.97344 43.9338 1.9997e-06
3200 90 2.97344 42.6844 1.9991e-06
3200 100 2.97344 41.6501 1.9859e-06
6400 10 2.97344 99.1619 5.2215e-06
6400 20 2.97344 74.2674 3.6741e-06
6400 30 2.97344 70.3333 3.1829e-06
6400 40 2.97344 69.2943 3.0753e-06
6400 50 2.97344 68.7349 3.0947e-06
6400 60 2.97344 67.1119 3.0918e-06
6400 70 2.97344 65.5135 3.0853e-06
6400 80 2.97344 65.2762 3.083e-06
6400 90 2.97344 64.2146 3.1066e-06
6400 100 2.97344 63.459 3.0843e-06
12800 10 2.97344 186.293 9.6087e-06
12800 20 2.97344 128.947 6.5209e-06
12800 30 2.97344 113.977 5.4616e-06
12800 40 2.97344 113.455 5.2731e-06
12800 50 2.97344 111.086 5.2667e-06
12800 60 2.97344 109.463 5.2652e-06
12800 70 2.97344 108.569 5.2541e-06
12800 80 2.97344 108.413 5.2248e-06
12800 90 2.97344 106.426 5.2698e-06
12800 100 2.97344 104.363 5.2841e-06
25600 10 2.97344 356.275 1.84592e-05
25600 20 2.97344 236.116 1.21125e-05
25600 30 2.97344 200.724 9.9521e-06
25600 40 2.97344 192.649 9.6007e-06
25600 50 2.97344 192.974 9.6067e-06
25600 60 2.97344 194.258 9.5624e-06
25600 70 2.97344 190.782 9.6085e-06
25600 80 2.97344 189.572 9.5511e-06
25600 90 2.97344 189.055 9.6269e-06
25600 100 2.97344 188.342 9.6321e-06
51200 10 2.97344 689.057 3.57954e-05
51200 20 2.97344 445.263 2.30946e-05
51200 30 2.97344 367.819 1.88799e-05
51200 40 2.97344 354.323 1.82674e-05
51200 50 2.97344 359.545 1.82907e-05
51200 60 2.97344 356.117 1.82188e-05
51200 70 2.97344 353.281 1.82464e-05
51200 80 2.97344 348.531 1.81834e-05
51200 90 2.97344 357.492 1.8335e-05
51200 100 2.97344 347.787 1.83892e-05
102400 10 2.97344 1349.19 7.03026e-05
102400 20 2.97344 859.886 4.50422e-05
102400 30 2.97344 714.986 3.67912e-05
102400 40 2.97344 672.044 3.63843e-05
102400 50 2.97344 681.405 3.55251e-05
102400 60 2.97344 673.788 3.5336e-05
102400 70 2.97344 670.333 3.54206e-05
102400 80 2.97344 676.593 3.54322e-05
102400 90 2.97344 663.397 3.54482e-05
102400 100 2.97344 659.909 3.55642e-05
204800 10 2.97344 2694.69 0.000139699
204800 20 2.97344 1664.83 8.91016e-05
204800 30 2.97344 1346.3 7.30498e-05
204800 40 2.97344 1329.89 7.04106e-05
204800 50 2.97344 1317.24 7.68363e-05
204800 60 2.97344 1310.02 8.04051e-05
204800 70 2.97344 1288.82 8.0443e-05
204800 80 2.97344 1294.98 8.05361e-05
204800 90 2.97344 1311.24 8.09621e-05
204800 100 2.97344 1305.87 8.11568e-05
409600 10 2.97344 5213.01 0.000295314
409600 20 2.97344 3309.75 0.000192405
409600 30 2.97344 2636 0.000160256
409600 40 2.97344 2571.34 0.000155263
409600 50 2.97344 2537.82 0.000155624
409600 60 2.97344 2583.94 0.000156295
409600 70 2.97344 2564.32 0.00015609
409600 80 2.97344 2541.7 0.000156748
409600 90 2.97344 2561.02 0.000155334
409600 100 2.97344 2556.02 0.0001542
819200 10 2.97344 10198 0.000585457
819200 20 2.97344 6574.84 0.000381385
819200 30 2.97344 5235.83 0.00031467
819200 40 2.97344 5066 0.000305203
819200 50 2.97344 5092.49 0.000303461
819200 60 2.97344 4948.82 0.000303315
819200 70 2.97344 5069.88 0.00030471
819200 80 2.97344 5026.07 0.000303367
819200 90 2.97344 5077.85 0.000304724
819200 100 2.97344 5015.12 0.00030409
1638400 10 2.97344 20511.2 0.00111912
1638400 20 2.97344 12751.7 0.000740552
1638400 30 2.97344 10342.4 0.000613243
1638400 40 2.97344 9983.37 0.000598484
1638400 50 2.97344 9911.07 0.000592972
1638400 60 2.97344 10019.8 0.000591311
1638400 70 2.97344 10027.9 0.00057075
1638400 80 2.97344 9969.01 0.000560731
1638400 90 2.97344 10096 0.000560348
1638400 100 2.97344 10102.9 0.000553309
3276800 10 2.97344 40078.4 0.00219471
3276800 20 2.97344 25511.6 0.00144645
3276800 30 2.97344 20442 0.00119139
3276800 40 2.97344 19707.1 0.00115356
3276800 50 2.97344 19935.7 0.00115379
3276800 60 2.97344 19823.3 0.0011111
3276800 70 2.97344 19843.1 0.00107446
3276800 80 2.97344 19641.4 0.00107421
3276800 90 2.97344 20000.1 0.00107085
3276800 100 2.97344 19867.2 0.00106933
