n=421419 m=100 k=78
200 10 3.00892 11.3666 1.1161e-06
200 20 3.00892 18.6288 8.843e-07
200 30 3.00892 25.9718 9.322e-07
200 40 3.00892 26.8317 9.147e-07
200 50 3.00892 25.6125 9.116e-07
200 60 3.00892 24.8116 9.09e-07
200 70 3.00892 23.8354 9.089e-07
200 80 3.00892 23.0949 9.03e-07
200 90 3.00892 22.7174 9.005e-07
200 100 3.00892 21.7707 8.979e-07
400 10 3.00892 13.2441 1.005e-06
400 20 3.00892 19.9494 9.675e-07
400 30 3.00892 27.2246 1.0181e-06
400 40 3.00892 27.7617 1.016e-06
400 50 3.00892 26.7616 1.0119e-06
400 60 3.00892 25.902 1.0076e-06
400 70 3.00892 25.6083 1.0056e-06
400 80 3.00892 24.4392 1.0024e-06
400 90 3.00892 23.5028 1.0009e-06
400 100 3.00892 23.0134 1.0002e-06
800 10 3.00892 17.2539 1.277e-06
800 20 3.00892 22.4432 1.1717e-06
800 30 3.00892 29.343 1.1963e-06
800 40 3.00892 30.0226 1.1938e-06
800 50 3.00892 29.0937 1.1894e-06
800 60 3.00892 27.8724 1.1823e-06
800 70 3.00892 27.1023 1.1796e-06
800 80 3.00892 26.6403 1.1817e-06
800 90 3.00892 25.8892 1.1772e-06
800 100 3.00892 25.0216 1.1731e-06
1600 10 3.00892 25.2753 1.8065e-06
1600 20 3.00892 27.4282 1.504e-06
1600 30 3.00892 33.3532 1.4879e-06
1600 40 3.00892 33.8203 1.4483e-06
1600 50 3.00892 33.2668 1.4646e-06
1600 60 3.00892 32.2463 1.442e-06
1600 70 3.00892 31.3154 1.4771e-06
1600 80 3.00892 30.8083 1.4644e-06
1600 90 3.00892 29.7731 1.4445e-06
1600 100 3.00892 29.0837 1.4544e-06
3200 10 3.00892 41.8987 2.858e-06
3200 20 3.00892 38.2218 2.1594e-06
3200 30 3.00892 41.6454 1.9752e-06
3200 40 3.00892 41.9835 1.9482e-06
3200 50 3.00892 40.8826 1.9403e-06
3200 60 3.00892 40.2266 1.9336e-06
3200 70 3.00892 39.5367 1.9399e-06
3200 80 3.00892 38.6027 1.9365e-06
3200 90 3.00892 37.9889 1.9303e-06
3200 100 3.00892 37.2238 1.9388e-06
6400 10 3.00892 75.686 4.9972e-06
6400 20 3.00892 58.9717 3.4895e-06
6400 30 3.00892 58.5452 3.0484e-06
6400 40 3.00892 58.1388 2.9941e-06
6400 50 3.00892 57.4444 2.9896e-06
6400 60 3.00892 56.4841 2.9818e-06
6400 70 3.00892 55.5178 2.9798e-06
6400 80 3.00892 55.2299 2.9841e-06
6400 90 3.00892 53.9886 2.9733e-06
6400 100 3.00892 53.5352 2.9836e-06
12800 10 3.00892 139.427 9.2205e-06
12800 20 3.00892 97.2792 6.0692e-06
12800 30 3.00892 90.3066 5.1575e-06
12800 40 3.00892 89.1996 5.065e-06
12800 50 3.00892 89.3927 5.0763e-06
12800 60 3.00892 87.8114 5.0883e-06
12800 70 3.00892 87.9413 5.1105e-06
12800 80 3.00892 87.9635 5.1099e-06
12800 90 3.00892 87.756 5.0889e-06
12800 100 3.00892 86.0143 5.0925e-06
25600 10 3.00892 270.292 1.76715e-05
25600 20 3.00892 179.731 1.13601e-05
25600 30 3.00892 154.34 9.4317e-06
25600 40 3.00892 153.161 9.2332e-06
25600 50 3.00892 153.323 9.272e-06
25600 60 3.00892 153.212 9.2743e-06
25600 70 3.00892 152.361 9.2762e-06
25600 80 3.00892 151.66 9.2683e-06
25600 90 3.00892 153.575 9.3148e-06
25600 100 3.00892 151.063 9.326e-06
51200 10 3.00892 518.078 3.43421e-05
51200 20 3.00892 337.72 2.19917e-05
51200 30 3.00892 282.416 1.80667e-05
51200 40 3.00892 279.564 1.75101e-05
51200 50 3.00892 282.079 1.75291e-05
51200 60 3.00892 280.729 1.75232e-05
51200 70 3.00892 276.32 1.74915e-05
51200 80 3.00892 279.774 1.7498e-05
51200 90 3.00892 282.023 1.75181e-05
51200 100 3.00892 281.262 1.75533e-05
102400 10 3.00892 1038.74 6.79216e-05
102400 20 3.00892 661.471 4.30741e-05
102400 30 3.00892 538.049 3.5104e-05
102400 40 3.00892 529.171 3.39232e-05
102400 50 3.00892 526.74 3.39339e-05
102400 60 3.00892 531.99 3.39401e-05
102400 70 3.00892 537.126 3.39972e-05
102400 80 3.00892 540.427 3.40339e-05
102400 90 3.00892 539.668 3.40042e-05
102400 100 3.00892 538.922 3.39915e-05
204800 10 3.00892 2052.05 0.000134739
204800 20 3.00892 1279.84 8.52463e-05
204800 30 3.00892 1048.53 6.96053e-05
204800 40 3.00892 1012.11 6.70624e-05
204800 50 3.00892 1033.57 6.73748e-05
204800 60 3.00892 1034.73 6.74326e-05
204800 70 3.00892 1039.71 6.73264e-05
204800 80 3.00892 1052.59 6.7343e-05
204800 90 3.00892 1045.84 6.72875e-05
204800 100 3.00892 1063.22 6.75484e-05
409600 10 3.00892 4074.74 0.000268327
409600 20 3.00892 2613.92 0.000170522
409600 30 3.00892 2097.77 0.000139343
409600 40 3.00892 2030.56 0.00013481
409600 50 3.00892 2042.2 0.000134829
409600 60 3.00892 2043.96 0.000134704
409600 70 3.00892 2069.52 0.000134752
409600 80 3.00892 2089.58 0.000134776
409600 90 3.00892 2107.11 0.000135
409600 100 3.00892 2117.98 0.00013509
