n=4638690 m=100 k=4
200 10 1.38617 24.7915 1.2867e-06
200 20 1.38617 19.545 1.1791e-06
200 30 1.38617 16.1658 1.1784e-06
200 40 1.38617 13.9163 1.153e-06
200 50 1.38617 12.4195 1.1322e-06
200 60 1.38617 11.3595 1.1403e-06
200 70 1.38617 10.4412 1.1427e-06
200 80 1.38617 9.5579 1.1078e-06
200 90 1.38617 8.9109 1.1022e-06
200 100 1.38617 8.1777 1.0898e-06
400 10 1.38617 45.4366 1.6973e-06
400 20 1.38617 35.2664 1.4949e-06
400 30 1.38617 29.199 1.4454e-06
400 40 1.38617 26.387 1.404e-06
400 50 1.38617 24.8645 1.388e-06
400 60 1.38617 23.8574 1.3821e-06
400 70 1.38617 22.9035 1.3973e-06
400 80 1.38617 22.0177 1.3713e-06
400 90 1.38617 21.4054 1.3756e-06
400 100 1.38617 20.7226 1.3881e-06
800 10 1.38617 87.2051 2.5893e-06
800 20 1.38617 66.6313 2.1369e-06
800 30 1.38617 55.0923 1.9918e-06
800 40 1.38617 51.3828 1.9353e-06
800 50 1.38617 49.8442 1.901e-06
800 60 1.38617 48.8487 1.8881e-06
800 70 1.38617 47.9467 1.9165e-06
800 80 1.38617 47.0845 1.8921e-06
800 90 1.38617 46.5243 1.9122e-06
800 100 1.38617 45.5928 1.8784e-06
1600 10 1.38617 170.664 4.2675e-06
1600 20 1.38617 129.306 3.2934e-06
1600 30 1.38617 106.84 2.927e-06
1600 40 1.38617 101.366 2.8268e-06
1600 50 1.38617 99.7971 2.8082e-06
1600 60 1.38617 98.9142 2.7903e-06
1600 70 1.38617 98.1762 2.7785e-06
1600 80 1.38617 97.1082 2.7704e-06
1600 90 1.38617 96.3426 2.7631e-06
1600 100 1.38617 95.8804 2.7568e-06
3200 10 1.38617 337.702 7.3865e-06
3200 20 1.38617 254.712 5.2243e-06
3200 30 1.38617 210.517 4.3107e-06
3200 40 1.38617 201.625 4.1277e-06
3200 50 1.38617 200.481 4.0811e-06
3200 60 1.38617 198.844 4.0689e-06
3200 70 1.38617 198.057 4.0772e-06
3200 80 1.38617 197.055 4.0906e-06
3200 90 1.38617 196.484 4.0951e-06
3200 100 1.38617 195.812 4.0561e-06
6400 10 1.38617 665.867 1.36783e-05
6400 20 1.38617 507.495 9.4264e-06
6400 30 1.38617 416.438 7.4568e-06
6400 40 1.38617 401.298 7.1086e-06
6400 50 1.38617 400.302 7.1171e-06
6400 60 1.38617 398.992 7.1198e-06
6400 70 1.38617 397.152 7.1623e-06
6400 80 1.38617 397.093 7.1491e-06
6400 90 1.38617 396.16 7.0926e-06
6400 100 1.38617 395.289 7.0714e-06
12800 10 1.38617 1330.98 2.61902e-05
12800 20 1.38617 1010.61 1.76795e-05
12800 30 1.38617 830.19 1.38251e-05
12800 40 1.38617 800.125 1.31887e-05
12800 50 1.38617 798.638 1.3202e-05
12800 60 1.38617 797.294 1.31986e-05
12800 70 1.38617 797.8 1.32489e-05
12800 80 1.38617 796.875 1.32211e-05
12800 90 1.38617 795.879 1.3146e-05
12800 100 1.38617 794.784 1.30809e-05
25600 10 1.38617 2669.99 5.1328e-05
25600 20 1.38617 2020.53 3.42641e-05
25600 30 1.38617 1660.89 2.65204e-05
25600 40 1.38617 1598.67 2.50526e-05
25600 50 1.38617 1602.4 2.51755e-05
25600 60 1.38617 1597.08 2.51955e-05
25600 70 1.38617 1599.25 2.52612e-05
25600 80 1.38617 1596.36 2.51247e-05
25600 90 1.38617 1590.23 2.50848e-05
25600 100 1.38617 1597.72 2.5071e-05
51200 10 1.38617 5309.55 0.000101186
51200 20 1.38617 4019.02 6.71907e-05
51200 30 1.38617 3313.29 5.21105e-05
51200 40 1.38617 3193.89 4.93666e-05
51200 50 1.38617 3202.45 4.94017e-05
51200 60 1.38617 3197.43 4.93249e-05
51200 70 1.38617 3191.71 4.91966e-05
51200 80 1.38617 3194.24 4.91943e-05
51200 90 1.38617 3193.09 4.92307e-05
51200 100 1.38617 3185.89 4.91461e-05
102400 10 1.38617 10567.3 0.000204121
102400 20 1.38617 8033.12 0.000137445
102400 30 1.38617 6610.42 0.000105996
102400 40 1.38617 6400.86 0.00010025
102400 50 1.38617 6372.24 0.000100317
102400 60 1.38617 6383.46 0.000100545
102400 70 1.38617 6397.44 9.99864e-05
102400 80 1.38617 6357.47 9.7148e-05
102400 90 1.38617 6373.86 9.72882e-05
102400 100 1.38617 6380.32 9.71814e-05
204800 10 1.38617 21184.4 0.000407724
204800 20 1.38617 16077.4 0.000271823
204800 30 1.38617 13189.3 0.000209621
204800 40 1.38617 12758 0.000197021
204800 50 1.38617 12790.9 0.000197776
204800 60 1.38617 12779.8 0.000197807
204800 70 1.38617 12787 0.00019789
204800 80 1.38617 12775.3 0.000198202
204800 90 1.38617 12763 0.000197956
204800 100 1.38617 12766.3 0.000198271
409600 10 1.38617 42304.4 0.000811069
409600 20 1.38617 32032.3 0.000537145
409600 30 1.38617 26399.1 0.00041435
409600 40 1.38617 25437.4 0.00038999
409600 50 1.38617 25562.7 0.000391245
409600 60 1.38617 25507 0.000391249
409600 70 1.38617 25558.7 0.000391676
409600 80 1.38617 25548.1 0.000391434
409600 90 1.38617 25537.7 0.000391099
409600 100 1.38617 25562.6 0.000390641
819200 10 1.38617 85027.9 0.00162343
819200 20 1.38617 64318.3 0.0010769
819200 30 1.38617 52725.1 0.00082276
819200 40 1.38617 51011.8 0.000758951
819200 50 1.38617 51108.5 0.000662942
819200 60 1.38617 50872.5 0.000661796
819200 70 1.38617 50997 0.000662
819200 80 1.38617 51078.2 0.000662242
819200 90 1.38617 50817.5 0.00065819
819200 100 1.38617 51059.6 0.000660959
1638400 10 1.38617 169295 0.00282444
1638400 20 1.38617 128291 0.00186049
1638400 30 1.38617 105707 0.00141518
1638400 40 1.38617 102103 0.00130111
1638400 50 1.38617 102151 0.00130447
1638400 60 1.38617 102485 0.00130641
1638400 70 1.38617 101996 0.00130652
1638400 80 1.38617 102038 0.00130349
1638400 90 1.38617 102124 0.00129973
1638400 100 1.38617 102169 0.00129913
3276800 10 1.38617 338111 0.00563659
3276800 20 1.38617 256369 0.0036995
3276800 30 1.38617 211379 0.00280662
3276800 40 1.38617 204478 0.00258565
3276800 50 1.38617 204449 0.00258526
3276800 60 1.38617 204442 0.0025894
3276800 70 1.38617 203649 0.00258586
3276800 80 1.38617 204005 0.00258354
3276800 90 1.38617 204162 0.00258163
3276800 100 1.38617 203853 0.00258017
