n=207205 m=100 k=77
200 10 2.90019 11.3007 1098.56 4.9872
200 20 2.90019 18.8953 1300.87 3.7848
200 30 2.90019 26.8044 1646.65 3.2836
200 40 2.90019 27.6927 1636.47 4.0094
200 50 2.90019 27.1749 1630.17 3.8293
200 60 2.90019 26.3055 1620.88 3.7671
200 70 2.90019 25.6413 1613.46 3.6435
200 80 2.90019 25.2468 1608.76 3.5179
200 90 2.90019 24.6585 1602.06 3.4763
200 100 2.90019 24.1368 1595.99 3.3964
400 10 2.90019 12.3911 1272.59 6.5963
400 20 2.90019 19.9169 1407.92 4.992
400 30 2.90019 27.871 1731.04 4.2272
400 40 2.90019 28.72 1716.38 5.1283
400 50 2.90019 28.2845 1710.62 5.0157
400 60 2.90019 27.3339 1700.63 4.9779
400 70 2.90019 26.8841 1695.31 4.8514
400 80 2.90019 26.2162 1688.11 4.8151
400 90 2.90019 25.7337 1682.64 4.7302
400 100 2.90019 25.2889 1677.55 4.7119
800 10 2.90019 15.345 1629.79 10.0961
800 20 2.90019 21.6453 1616.4 7.3668
800 30 2.90019 29.4487 1889.89 6.0385
800 40 2.90019 30.4801 1871.94 7.01
800 50 2.90019 29.8598 1865.61 6.9697
800 60 2.90019 29.0473 1857.18 6.9204
800 70 2.90019 28.5557 1851.93 6.7411
800 80 2.90019 27.9795 1843.08 6.6642
800 90 2.90019 27.5519 1838.88 6.6518
800 100 2.90019 26.8227 1831.5 6.64
1600 10 2.90019 21.337 2349.33 16.5094
1600 20 2.90019 25.216 2037.58 11.3707
1600 30 2.90019 32.3541 2209.45 9.5841
1600 40 2.90019 33.2275 2176.63 10.2757
1600 50 2.90019 32.6403 2168.46 10.1605
1600 60 2.90019 32.092 2161.4 9.8681
1600 70 2.90019 31.6249 2156.2 9.9434
1600 80 2.90019 30.8368 2149.1 9.7878
1600 90 2.90019 30.3842 2141.49 9.7458
1600 100 2.90019 29.8603 2134.45 9.5931
3200 10 2.90019 31.7786 3739.58 27.2178
3200 20 2.90019 31.7967 2851.66 18.0654
3200 30 2.90019 37.5825 2823.74 14.706
3200 40 2.90019 38.5641 2765.86 15.2554
3200 50 2.90019 37.794 2755.42 15.0065
3200 60 2.90019 37.1326 2752.87 14.834
3200 70 2.90019 36.6444 2745.61 14.9038
3200 80 2.90019 36.8721 2748.93 14.8312
3200 90 2.90019 36.0832 2743.16 14.8877
3200 100 2.90019 35.5653 2738.64 14.7904
6400 10 2.90019 54.5321 6575.17 50.4794
6400 20 2.90019 44.9889 4498.82 31.4395
6400 30 2.90019 47.8239 4069.18 24.8152
6400 40 2.90019 48.6111 3964.71 25.4044
6400 50 2.90019 48.5468 3970.26 25.3258
6400 60 2.90019 47.9615 3965.56 25.1487
6400 70 2.90019 48.1852 3977.51 25.8384
6400 80 2.90019 47.3773 3970.2 25.5511
6400 90 2.90019 46.6805 3958.67 25.0514
6400 100 2.90019 46.3276 3958.31 25.095
12800 10 2.90019 99.0522 12246.8 96.0832
12800 20 2.90019 71.4115 7820 58.1014
12800 30 2.90019 69.2762 6618.27 46.266
12800 40 2.90019 69.8447 6425.09 46.0319
12800 50 2.90019 69.8545 6431.86 46.1448
12800 60 2.90019 70.2046 6430.71 46.4662
12800 70 2.90019 70.2121 6412.72 45.8866
12800 80 2.90019 69.7371 6389.96 45.4533
12800 90 2.90019 69.976 6403.78 46.128
12800 100 2.90019 69.7347 6405.44 45.5847
25600 10 2.90019 191.419 23652.4 191.265
25600 20 2.90019 127.204 14537.3 115.038
25600 30 2.90019 114.29 11705.7 90.9035
25600 40 2.90019 113.704 11312.5 89.0639
25600 50 2.90019 114.137 11322.1 88.3794
25600 60 2.90019 115.537 11342.3 89.3398
25600 70 2.90019 115.776 11348.5 88.7906
25600 80 2.90019 116.85 11365.6 88.8876
25600 90 2.90019 116.886 11320.8 88.666
25600 100 2.90019 115.943 11279.8 87.2376
51200 10 2.90019 366.66 46180.1 371.2
51200 20 2.90019 233.733 27707.9 223.558
51200 30 2.90019 197.345 21707.2 172.443
51200 40 2.90019 197.331 20970.1 170.486
51200 50 2.90019 201.215 21011.5 172.33
51200 60 2.90019 202.66 21010.6 172.164
51200 70 2.90019 204.379 20998.4 171.393
51200 80 2.90019 203.623 20975.8 169.16
51200 90 2.90019 203.024 20907.6 165.716
51200 100 2.90019 206.416 20988 168.722
102400 10 2.90019 735.764 91804.9 746.782
102400 20 2.90019 451.911 54306.1 442.119
102400 30 2.90019 372.944 42037.5 345.912
102400 40 2.90019 369.008 40368.6 337.401
102400 50 2.90019 370.141 40341 334.164
102400 60 2.90019 370.074 40260.1 329.235
102400 70 2.90019 383.37 40496.6 338.579
102400 80 2.90019 386.463 40510 337.703
102400 90 2.90019 389.18 40493.5 336.34
102400 100 2.90019 395.528 40617.1 337.467
204800 10 2.90019 1457.81 182662 1517.54
204800 20 2.90019 914.909 107953 923.262
204800 30 2.90019 721.13 82506.8 692.249
204800 40 2.90019 709.618 79247.2 667.83
204800 50 2.90019 713.817 79150.7 662.427
204800 60 2.90019 729.368 79345 668.967
204800 70 2.90019 742.264 79511.9 674.863
204800 80 2.90019 749.667 79558.5 672.637
204800 90 2.90019 761.498 79727.7 674.447
204800 100 2.90019 766.825 79795.8 668.779
