n=207205 m=100 k=77
200 10 2.90019 11.2911 8.748e-07
200 20 2.90019 18.8633 6.414e-07
200 30 2.90019 26.7672 6.614e-07
200 40 2.90019 27.8111 6.61e-07
200 50 2.90019 27.0977 6.587e-07
200 60 2.90019 26.4926 6.599e-07
200 70 2.90019 25.6854 6.47e-07
200 80 2.90019 24.9296 6.391e-07
200 90 2.90019 24.5223 6.324e-07
200 100 2.90019 23.8975 6.338e-07
400 10 2.90019 12.4842 7.652e-07
400 20 2.90019 19.8884 7.108e-07
400 30 2.90019 27.8422 7.174e-07
400 40 2.90019 28.98 7.227e-07
400 50 2.90019 28.0329 7.194e-07
400 60 2.90019 27.3815 7.137e-07
400 70 2.90019 26.8866 7.153e-07
400 80 2.90019 26.2647 7.109e-07
400 90 2.90019 25.4744 7.123e-07
400 100 2.90019 24.9695 7.09e-07
800 10 2.90019 15.7281 1.0186e-06
800 20 2.90019 21.808 8.573e-07
800 30 2.90019 29.4749 8.395e-07
800 40 2.90019 30.3592 8.17e-07
800 50 2.90019 29.6823 8.192e-07
800 60 2.90019 29.0873 8.191e-07
800 70 2.90019 28.4627 8.144e-07
800 80 2.90019 27.8565 8.117e-07
800 90 2.90019 26.9439 8.102e-07
800 100 2.90019 26.7103 8.117e-07
1600 10 2.90019 21.8435 1.4795e-06
1600 20 2.90019 25.6412 1.133e-06
1600 30 2.90019 32.5419 1.0541e-06
1600 40 2.90019 33.3065 1.0323e-06
1600 50 2.90019 32.744 1.0318e-06
1600 60 2.90019 32.1693 1.0284e-06
1600 70 2.90019 31.6744 1.0445e-06
1600 80 2.90019 30.9278 1.0416e-06
1600 90 2.90019 30.2996 1.0444e-06
1600 100 2.90019 30.0296 1.0409e-06
3200 10 2.90019 34.6732 2.4137e-06
3200 20 2.90019 33.6162 1.7105e-06
3200 30 2.90019 38.3532 1.4988e-06
3200 40 2.90019 39.5605 1.4679e-06
3200 50 2.90019 38.7527 1.4688e-06
3200 60 2.90019 38.3296 1.466e-06
3200 70 2.90019 38.042 1.4603e-06
3200 80 2.90019 37.2279 1.4636e-06
3200 90 2.90019 36.9402 1.4546e-06
3200 100 2.90019 36.2917 1.466e-06
6400 10 2.90019 61.3273 4.3197e-06
6400 20 2.90019 49.1568 2.8478e-06
6400 30 2.90019 51.5781 2.4156e-06
6400 40 2.90019 52.0193 2.3329e-06
6400 50 2.90019 51.3147 2.3423e-06
6400 60 2.90019 50.9353 2.3415e-06
6400 70 2.90019 49.8568 2.3347e-06
6400 80 2.90019 49.78 2.3295e-06
6400 90 2.90019 50.2563 2.3293e-06
6400 100 2.90019 49.8461 2.3367e-06
12800 10 2.90019 111.919 8.0167e-06
12800 20 2.90019 78.6453 5.0859e-06
12800 30 2.90019 74.8512 4.1756e-06
12800 40 2.90019 73.7385 4.0236e-06
12800 50 2.90019 74.8087 4.017e-06
12800 60 2.90019 73.9507 4.0127e-06
12800 70 2.90019 74.3082 4.0261e-06
12800 80 2.90019 74.6975 4.0014e-06
12800 90 2.90019 74.511 4.0138e-06
12800 100 2.90019 75.15 4.0009e-06
25600 10 2.90019 214.981 1.54803e-05
25600 20 2.90019 139.73 9.568e-06
25600 30 2.90019 122.863 7.7113e-06
25600 40 2.90019 123.729 7.4396e-06
25600 50 2.90019 126.009 7.4516e-06
25600 60 2.90019 124.237 7.4326e-06
25600 70 2.90019 124.356 7.4275e-06
25600 80 2.90019 125.687 7.9753e-06
25600 90 2.90019 125.641 7.427e-06
25600 100 2.90019 125.811 7.3984e-06
51200 10 2.90019 424.589 3.04142e-05
51200 20 2.90019 264.936 1.86129e-05
51200 30 2.90019 223.143 1.4794e-05
51200 40 2.90019 216.578 1.42344e-05
51200 50 2.90019 220.623 1.42914e-05
51200 60 2.90019 221.136 1.42696e-05
51200 70 2.90019 223.328 1.42987e-05
51200 80 2.90019 222.892 1.42652e-05
51200 90 2.90019 225.24 1.42809e-05
51200 100 2.90019 225.889 1.42188e-05
102400 10 2.90019 808.443 5.98115e-05
102400 20 2.90019 509.887 3.64194e-05
102400 30 2.90019 408.649 2.88522e-05
102400 40 2.90019 403.417 2.78195e-05
102400 50 2.90019 405.548 2.78206e-05
102400 60 2.90019 415.197 2.78412e-05
102400 70 2.90019 415.404 2.78489e-05
102400 80 2.90019 425.638 2.78479e-05
102400 90 2.90019 422.026 2.78429e-05
102400 100 2.90019 429.757 2.81134e-05
204800 10 2.90019 1590.72 0.000119277
204800 20 2.90019 1001.85 7.21168e-05
204800 30 2.90019 803.058 5.7057e-05
204800 40 2.90019 772.757 5.48688e-05
204800 50 2.90019 782.146 5.49251e-05
204800 60 2.90019 793.622 5.49465e-05
204800 70 2.90019 807.083 5.4915e-05
204800 80 2.90019 820.252 5.53701e-05
204800 90 2.90019 825.828 5.49943e-05
204800 100 2.90019 832.758 5.56001e-05
