n=4047392 m=100 k=62
200 10 2.97344 0.8773 8.743e-07
200 20 2.97344 0.8365 8.212e-07
200 30 2.97344 0.7679 7.824e-07
200 40 2.97344 0.6801 7.802e-07
200 50 2.97344 0.6622 7.68e-07
200 60 2.97344 0.6607 7.692e-07
200 70 2.97344 0.6286 7.728e-07
200 80 2.97344 0.6337 7.761e-07
200 90 2.97344 0.6168 7.777e-07
200 100 2.97344 0.5969 7.831e-07
400 10 2.97344 1.2728 1.083e-06
400 20 2.97344 1.2082 9.528e-07
400 30 2.97344 1.1229 8.746e-07
400 40 2.97344 1.0998 8.769e-07
400 50 2.97344 1.0827 8.719e-07
400 60 2.97344 1.0341 8.627e-07
400 70 2.97344 0.9901 8.699e-07
400 80 2.97344 0.9777 8.644e-07
400 90 2.97344 0.9713 8.701e-07
400 100 2.97344 0.9618 8.644e-07
800 10 2.97344 1.9292 1.4897e-06
800 20 2.97344 1.7971 1.194e-06
800 30 2.97344 1.6853 1.0723e-06
800 40 2.97344 1.6665 1.0318e-06
800 50 2.97344 1.6617 1.0291e-06
800 60 2.97344 1.5873 1.0313e-06
800 70 2.97344 1.5449 1.0426e-06
800 80 2.97344 1.5486 1.0432e-06
800 90 2.97344 1.4766 1.0406e-06
800 100 2.97344 1.498 1.0497e-06
1600 10 2.97344 2.8573 1.986e-06
1600 20 2.97344 2.8081 1.4308e-06
1600 30 2.97344 2.6145 1.3234e-06
1600 40 2.97344 2.5986 1.1624e-06
1600 50 2.97344 2.5077 1.1774e-06
1600 60 2.97344 2.459 1.1791e-06
1600 70 2.97344 2.3827 1.1894e-06
1600 80 2.97344 2.3253 1.2008e-06
1600 90 2.97344 2.2652 1.2113e-06
1600 100 2.97344 2.3092 1.2049e-06
3200 10 2.97344 4.4671 2.6307e-06
3200 20 2.97344 4.3351 1.7382e-06
3200 30 2.97344 4.1453 1.4556e-06
3200 40 2.97344 3.9833 1.4532e-06
3200 50 2.97344 3.8136 1.446e-06
3200 60 2.97344 3.8589 1.4706e-06
3200 70 2.97344 3.8266 1.4745e-06
3200 80 2.97344 3.708 1.4873e-06
3200 90 2.97344 3.6364 1.4964e-06
3200 100 2.97344 3.3791 1.5178e-06
6400 10 2.97344 6.68 4.2749e-06
6400 20 2.97344 6.7375 2.4999e-06
6400 30 2.97344 6.4478 1.9854e-06
6400 40 2.97344 6.2657 1.9543e-06
6400 50 2.97344 6.2546 1.9783e-06
6400 60 2.97344 6.1735 1.9746e-06
6400 70 2.97344 5.9579 1.9487e-06
6400 80 2.97344 5.9744 1.9606e-06
6400 90 2.97344 5.7406 1.9753e-06
6400 100 2.97344 5.6516 2.0029e-06
12800 10 2.97344 10.5413 7.3954e-06
12800 20 2.97344 10.7759 4.0096e-06
12800 30 2.97344 10.2553 2.9878e-06
12800 40 2.97344 9.9723 2.9067e-06
12800 50 2.97344 9.649 2.9064e-06
12800 60 2.97344 9.8249 2.9891e-06
12800 70 2.97344 9.6747 2.9565e-06
12800 80 2.97344 9.8869 2.9787e-06
12800 90 2.97344 9.1634 2.9841e-06
12800 100 2.97344 9.3208 2.9577e-06
25600 10 2.97344 17.3634 1.35822e-05
25600 20 2.97344 17.4725 6.9398e-06
25600 30 2.97344 16.7312 5.0865e-06
25600 40 2.97344 16.3463 4.9767e-06
25600 50 2.97344 16.1511 4.9595e-06
25600 60 2.97344 15.8982 5.042e-06
25600 70 2.97344 15.6085 5.0485e-06
25600 80 2.97344 15.3193 4.88e-06
25600 90 2.97344 14.9946 4.9521e-06
25600 100 2.97344 14.8298 4.964e-06
51200 10 2.97344 28.4398 2.58097e-05
51200 20 2.97344 27.9921 1.26907e-05
51200 30 2.97344 27.3873 8.9464e-06
51200 40 2.97344 26.8788 8.7009e-06
51200 50 2.97344 26.3986 8.9202e-06
51200 60 2.97344 25.7932 8.972e-06
51200 70 2.97344 25.7615 9.0389e-06
51200 80 2.97344 25.3892 9.1785e-06
51200 90 2.97344 25.0334 8.8567e-06
51200 100 2.97344 24.5059 8.8918e-06
102400 10 2.97344 47.466 5.00516e-05
102400 20 2.97344 45.7434 2.43825e-05
102400 30 2.97344 44.6717 1.67219e-05
102400 40 2.97344 44.1115 1.65919e-05
102400 50 2.97344 44.4134 1.64769e-05
102400 60 2.97344 43.3902 1.65456e-05
102400 70 2.97344 43.5776 1.6738e-05
102400 80 2.97344 42.432 1.70251e-05
102400 90 2.97344 41.8287 1.68567e-05
102400 100 2.97344 41.203 1.68511e-05
204800 10 2.97344 80.4078 0.000100051
204800 20 2.97344 76.6552 4.85701e-05
204800 30 2.97344 76.238 3.3062e-05
204800 40 2.97344 74.9294 3.22495e-05
204800 50 2.97344 74.6049 3.25629e-05
204800 60 2.97344 73.4449 3.25806e-05
204800 70 2.97344 74.3994 3.29296e-05
204800 80 2.97344 73.1552 3.31755e-05
204800 90 2.97344 71.4081 3.31774e-05
204800 100 2.97344 71.1093 3.2306e-05
409600 10 2.97344 131.154 0.000194658
409600 20 2.97344 130.257 8.93464e-05
409600 30 2.97344 128.412 6.20397e-05
409600 40 2.97344 128.051 6.26028e-05
409600 50 2.97344 124.966 5.76501e-05
409600 60 2.97344 124.766 5.94945e-05
409600 70 2.97344 125.606 3.3358e-05
409600 80 2.97344 124.569 2.82001e-05
409600 90 2.97344 120.302 2.82976e-05
409600 100 2.97344 124.049 2.83356e-05
819200 10 2.97344 221.52 0.000216457
819200 20 2.97344 223.985 9.04254e-05
819200 30 2.97344 220.336 5.98723e-05
819200 40 2.97344 218.294 5.47617e-05
819200 50 2.97344 223.207 5.45765e-05
819200 60 2.97344 217.982 5.474e-05
819200 70 2.97344 220.942 5.74376e-05
819200 80 2.97344 221.655 5.52065e-05
819200 90 2.97344 221.738 5.5597e-05
819200 100 2.97344 220.286 5.58007e-05
1638400 10 2.97344 390.974 0.000427403
1638400 20 2.97344 397.086 0.000180957
1638400 30 2.97344 401.516 0.000120382
1638400 40 2.97344 398.472 0.000112393
1638400 50 2.97344 401.052 0.000108856
1638400 60 2.97344 403.491 0.000107996
1638400 70 2.97344 404.957 0.000108827
1638400 80 2.97344 408.609 0.000107742
1638400 90 2.97344 402.377 0.000109709
1638400 100 2.97344 408.367 0.000112461
3276800 10 2.97344 751.343 0.000860807
3276800 20 2.97344 755.535 0.000357022
3276800 30 2.97344 754.393 0.000234974
3276800 40 2.97344 763.369 0.000213339
3276800 50 2.97344 777.738 0.000217028
3276800 60 2.97344 791.184 0.000215858
3276800 70 2.97344 796.851 0.000214314
3276800 80 2.97344 803.361 0.000216858
3276800 90 2.97344 815.453 0.00021392
3276800 100 2.97344 817.754 0.000216264
