n=193080 m=100 k=88
200 10 3.0439 0.2829 866.812 0.2892
200 20 3.0439 0.2073 590.063 0.1705
200 30 3.0439 0.1958 637.987 0.1368
200 40 3.0439 0.1569 575.319 0.6019
200 50 3.0439 0.1624 575.357 0.5933
200 60 3.0439 0.1454 575.221 0.596
200 70 3.0439 0.1678 575.383 0.5942
200 80 3.0439 0.1365 575.088 0.5907
200 90 3.0439 0.1442 575.15 0.5754
200 100 3.0439 0.2146 575.827 0.5917
400 10 3.0439 0.1279 1369.36 1.1035
400 20 3.0439 0.1647 805.714 0.1121
400 30 3.0439 0.173 763.82 0.1032
400 40 3.0439 0.2764 709.5 0.6236
400 50 3.0439 0.2248 709.026 0.6082
400 60 3.0439 0.2334 709.056 0.62
400 70 3.0439 0.2099 708.811 0.5956
400 80 3.0439 0.3997 710.613 0.6222
400 90 3.0439 0.3252 709.936 0.6157
400 100 3.0439 0.2973 709.609 0.6151
800 10 3.0439 0.2063 2396.24 1.1299
800 20 3.0439 0.1998 1220.1 1.1178
800 30 3.0439 0.3612 1035.72 0.1545
800 40 3.0439 0.3699 976.44 0.6604
800 50 3.0439 0.4211 976.935 0.6668
800 60 3.0439 0.4679 977.331 0.6607
800 70 3.0439 0.5954 978.547 0.6849
800 80 3.0439 0.4605 977.218 0.6473
800 90 3.0439 0.5515 978.041 0.663
800 100 3.0439 0.7891 980.316 0.667
1600 10 3.0439 0.328 4467.31 1.1905
1600 20 3.0439 0.432 2068.51 1.1944
1600 30 3.0439 0.5898 1577.9 1.1769
1600 40 3.0439 0.7143 1511.79 1.2793
1600 50 3.0439 0.8343 1512.95 1.2684
1600 60 3.0439 0.8655 1513.14 1.2787
1600 70 3.0439 1.0137 1514.54 1.3014
1600 80 3.0439 1.1258 1515.53 1.2725
1600 90 3.0439 1.0497 1514.8 1.2849
1600 100 3.0439 1.1135 1515.35 1.2824
3200 10 3.0439 0.6396 8574.84 1.3235
3200 20 3.0439 0.7738 3781.66 1.2938
3200 30 3.0439 1.1579 2645.61 1.3013
3200 40 3.0439 1.2793 2562.42 1.8127
3200 50 3.0439 1.6486 2566.01 1.8528
3200 60 3.0439 1.7346 2566.59 1.838
3200 70 3.0439 2.0009 2569.17 1.8896
3200 80 3.0439 2.1314 2570.27 1.8921
3200 90 3.0439 2.3065 2571.87 1.8932
3200 100 3.0439 1.9884 2568.8 1.8678
6400 10 3.0439 1.1813 16806.9 1.5828
6400 20 3.0439 1.5574 7173.51 1.5427
6400 30 3.0439 2.0982 4779.44 1.5343
6400 40 3.0439 2.7491 4667.34 2.0992
6400 50 3.0439 3.0318 4669.84 2.1144
6400 60 3.0439 3.6762 4675.86 2.1535
6400 70 3.0439 3.7945 4676.77 2.1858
6400 80 3.0439 4.2322 4680.79 2.1687
6400 90 3.0439 4.7137 4685.25 2.1698
6400 100 3.0439 4.3323 4681.33 2.1626
12800 10 3.0439 2.3507 33287.4 2.0902
12800 20 3.0439 2.9107 13955.7 1.9452
12800 30 3.0439 4.2402 9067.45 1.9962
12800 40 3.0439 5.5268 8893.72 2.6116
12800 50 3.0439 5.9046 8896.76 2.6295
12800 60 3.0439 6.8445 8905.46 2.6429
12800 70 3.0439 7.517 8911.51 2.7441
12800 80 3.0439 8.3689 8919.37 2.7755
12800 90 3.0439 9.2081 8927.14 2.7755
12800 100 3.0439 9.9385 8933.65 2.7676
25600 10 3.0439 4.5002 66215.6 3.0995
25600 20 3.0439 5.963 27540.5 2.8579
25600 30 3.0439 8.608 17658.8 3.0321
25600 40 3.0439 10.8152 17326.7 3.5998
25600 50 3.0439 12.2289 17339.4 3.6658
25600 60 3.0439 13.5556 17351.1 3.8261
25600 70 3.0439 15.2109 17366.6 3.9129
25600 80 3.0439 16.8074 17381 3.9078
25600 90 3.0439 17.3683 17385.5 3.9648
25600 100 3.0439 19.5509 17405.6 4.029
51200 10 3.0439 9.2995 132094 5.3289
51200 20 3.0439 12.1656 54710.4 4.8984
51200 30 3.0439 17.9012 34815.1 5.1953
51200 40 3.0439 21.8096 34212.5 5.8322
51200 50 3.0439 25.019 34242 5.9158
51200 60 3.0439 27.7888 34266.9 5.923
51200 70 3.0439 30.3138 34289.4 6.3378
51200 80 3.0439 32.0903 34304.7 6.3224
51200 90 3.0439 36.0013 34340.8 6.2854
51200 100 3.0439 38.2051 34360.4 6.4256
102400 10 3.0439 19.2036 263860 9.6053
102400 20 3.0439 27.156 109075 9.5601
102400 30 3.0439 37.6684 69141.8 10.0482
102400 40 3.0439 44.6547 67982.7 10.5713
102400 50 3.0439 49.6492 68027.4 10.613
102400 60 3.0439 55.0544 68076.2 10.6442
102400 70 3.0439 61.3018 68133.1 11.2335
102400 80 3.0439 66.3029 68177.7 11.112
102400 90 3.0439 71.329 68222.8 11.2014
102400 100 3.0439 77.1303 68275.3 11.3945
