n=193080 m=100 k=88
200 10 3.0439 0.3075 9.64e-07
200 20 3.0439 0.1981 6.199e-07
200 30 3.0439 0.1747 6.379e-07
200 40 3.0439 0.1519 6.252e-07
200 50 3.0439 0.1535 6.235e-07
200 60 3.0439 0.1751 6.263e-07
200 70 3.0439 0.1234 6.25e-07
200 80 3.0439 0.1771 6.25e-07
200 90 3.0439 0.1636 6.218e-07
200 100 3.0439 0.1322 6.22e-07
400 10 3.0439 0.1377 7.425e-07
400 20 3.0439 0.1437 6.572e-07
400 30 3.0439 0.2107 6.628e-07
400 40 3.0439 0.2229 6.504e-07
400 50 3.0439 0.2232 6.502e-07
400 60 3.0439 0.2985 6.516e-07
400 70 3.0439 0.3331 6.515e-07
400 80 3.0439 0.2779 6.545e-07
400 90 3.0439 0.2994 6.519e-07
400 100 3.0439 0.3666 6.509e-07
800 10 3.0439 0.205 8.922e-07
800 20 3.0439 0.2471 7.283e-07
800 30 3.0439 0.2904 7.163e-07
800 40 3.0439 0.3312 7.056e-07
800 50 3.0439 0.3433 7.03e-07
800 60 3.0439 0.5353 7.055e-07
800 70 3.0439 0.5553 7.074e-07
800 80 3.0439 0.5257 7.072e-07
800 90 3.0439 0.4737 7.024e-07
800 100 3.0439 0.5574 7.061e-07
1600 10 3.0439 0.3372 1.2087e-06
1600 20 3.0439 0.4181 8.476e-07
1600 30 3.0439 0.5878 8.021e-07
1600 40 3.0439 0.6791 8.087e-07
1600 50 3.0439 0.757 8.054e-07
1600 60 3.0439 0.9942 8.099e-07
1600 70 3.0439 1.0164 8.11e-07
1600 80 3.0439 1.1667 7.96e-07
1600 90 3.0439 1.2325 8.099e-07
1600 100 3.0439 1.1394 8.011e-07
3200 10 3.0439 0.6107 1.8469e-06
3200 20 3.0439 0.7687 1.1206e-06
3200 30 3.0439 1.1235 9.636e-07
3200 40 3.0439 1.3905 1.0243e-06
3200 50 3.0439 1.5279 1.0251e-06
3200 60 3.0439 1.6887 1.0147e-06
3200 70 3.0439 1.9314 1.0073e-06
3200 80 3.0439 2.1663 1.0039e-06
3200 90 3.0439 2.2113 1.0104e-06
3200 100 3.0439 2.4036 1.0095e-06
6400 10 3.0439 1.2101 3.1837e-06
6400 20 3.0439 1.5336 1.6707e-06
6400 30 3.0439 2.0492 1.3269e-06
6400 40 3.0439 2.6318 1.4182e-06
6400 50 3.0439 3.1719 1.4489e-06
6400 60 3.0439 3.7284 1.4663e-06
6400 70 3.0439 3.9587 1.4275e-06
6400 80 3.0439 3.7739 1.4363e-06
6400 90 3.0439 4.4771 1.4177e-06
6400 100 3.0439 4.7799 1.4202e-06
12800 10 3.0439 2.2733 6.0211e-06
12800 20 3.0439 3.1033 2.8556e-06
12800 30 3.0439 4.4177 2.1172e-06
12800 40 3.0439 5.5406 2.3334e-06
12800 50 3.0439 6.2134 2.3443e-06
12800 60 3.0439 6.6955 2.3478e-06
12800 70 3.0439 7.3105 2.2907e-06
12800 80 3.0439 8.3922 2.2768e-06
12800 90 3.0439 8.4606 2.2722e-06
12800 100 3.0439 9.9748 2.2699e-06
25600 10 3.0439 4.7522 1.21082e-05
25600 20 3.0439 6.0481 5.4155e-06
25600 30 3.0439 8.716 4.0859e-06
25600 40 3.0439 10.9959 4.1033e-06
25600 50 3.0439 12.1504 4.1029e-06
25600 60 3.0439 13.7964 4.0877e-06
25600 70 3.0439 14.9409 4.0219e-06
25600 80 3.0439 16.3175 4.0158e-06
25600 90 3.0439 18.3058 4.0182e-06
25600 100 3.0439 19.5461 4.0045e-06
51200 10 3.0439 9.1642 2.48462e-05
51200 20 3.0439 12.0796 1.14087e-05
51200 30 3.0439 17.9002 7.5285e-06
51200 40 3.0439 22.1928 7.7188e-06
51200 50 3.0439 24.8828 7.7215e-06
51200 60 3.0439 28.1802 7.6587e-06
51200 70 3.0439 29.8917 7.667e-06
51200 80 3.0439 33.8454 7.5823e-06
51200 90 3.0439 36.2611 7.5627e-06
51200 100 3.0439 37.9191 7.5499e-06
102400 10 3.0439 19.0549 5.1851e-05
102400 20 3.0439 26.9769 2.24158e-05
102400 30 3.0439 37.4783 1.45144e-05
102400 40 3.0439 44.7164 1.49436e-05
102400 50 3.0439 50.2946 1.48761e-05
102400 60 3.0439 55.5782 1.48743e-05
102400 70 3.0439 60.9824 1.48284e-05
102400 80 3.0439 66.2971 1.48195e-05
102400 90 3.0439 71.5072 1.47892e-05
102400 100 3.0439 76.6755 1.48103e-05
