n=3170441 m=100 k=5
200 10 1.35691 2.7986 7.922e-07
200 20 1.35691 2.5869 7.36e-07
200 30 1.35691 2.5781 7.529e-07
200 40 1.35691 2.365 7.368e-07
200 50 1.35691 2.3928 7.388e-07
200 60 1.35691 2.3752 7.342e-07
200 70 1.35691 2.3607 7.385e-07
200 80 1.35691 2.3501 7.407e-07
200 90 1.35691 2.3345 7.399e-07
200 100 1.35691 2.4014 7.463e-07
400 10 1.35691 5.0168 8.876e-07
400 20 1.35691 4.9673 8.056e-07
400 30 1.35691 4.7146 8.107e-07
400 40 1.35691 4.6914 7.834e-07
400 50 1.35691 4.6776 7.827e-07
400 60 1.35691 4.726 7.828e-07
400 70 1.35691 4.6341 7.803e-07
400 80 1.35691 4.6276 7.8e-07
400 90 1.35691 4.6463 7.838e-07
400 100 1.35691 4.6833 7.856e-07
800 10 1.35691 9.7401 1.0933e-06
800 20 1.35691 9.6114 9.299e-07
800 30 1.35691 9.388 9.072e-07
800 40 1.35691 9.333 8.745e-07
800 50 1.35691 9.2885 8.723e-07
800 60 1.35691 9.2292 8.718e-07
800 70 1.35691 9.2594 8.772e-07
800 80 1.35691 9.2441 8.794e-07
800 90 1.35691 9.2921 8.911e-07
800 100 1.35691 9.2657 8.882e-07
1600 10 1.35691 19.2293 1.5093e-06
1600 20 1.35691 18.7699 1.1421e-06
1600 30 1.35691 18.4537 1.0781e-06
1600 40 1.35691 18.5033 1.0279e-06
1600 50 1.35691 18.2975 1.0258e-06
1600 60 1.35691 18.352 1.021e-06
1600 70 1.35691 18.334 1.0185e-06
1600 80 1.35691 18.3596 1.0194e-06
1600 90 1.35691 18.3347 1.0145e-06
1600 100 1.35691 18.3997 1.0185e-06
3200 10 1.35691 37.7743 2.2871e-06
3200 20 1.35691 37.2686 1.5554e-06
3200 30 1.35691 36.361 1.3682e-06
3200 40 1.35691 36.3533 1.344e-06
3200 50 1.35691 36.2434 1.3559e-06
3200 60 1.35691 35.8345 1.3529e-06
3200 70 1.35691 36.1413 1.3539e-06
3200 80 1.35691 36.0571 1.3477e-06
3200 90 1.35691 36.2492 1.349e-06
3200 100 1.35691 36.2372 1.3374e-06
6400 10 1.35691 74.458 3.9862e-06
6400 20 1.35691 73.427 2.447e-06
6400 30 1.35691 72.0666 2.0228e-06
6400 40 1.35691 71.6526 2.0042e-06
6400 50 1.35691 71.2693 2.0137e-06
6400 60 1.35691 71.6879 2.0093e-06
6400 70 1.35691 71.5427 2.0046e-06
6400 80 1.35691 71.396 2.0056e-06
6400 90 1.35691 71.5374 1.9957e-06
6400 100 1.35691 71.5872 1.9983e-06
12800 10 1.35691 147.734 7.4951e-06
12800 20 1.35691 145.841 4.2415e-06
12800 30 1.35691 142.838 3.3513e-06
12800 40 1.35691 141.875 3.3374e-06
12800 50 1.35691 142.546 3.3379e-06
12800 60 1.35691 141.386 3.3483e-06
12800 70 1.35691 141.56 3.3689e-06
12800 80 1.35691 142.023 3.3971e-06
12800 90 1.35691 141.699 3.3482e-06
12800 100 1.35691 141.87 3.3326e-06
25600 10 1.35691 291.778 1.45589e-05
25600 20 1.35691 291.019 7.8499e-06
25600 30 1.35691 283.726 6.0413e-06
25600 40 1.35691 282.679 5.9994e-06
25600 50 1.35691 282.98 6.0044e-06
25600 60 1.35691 282.948 6.0033e-06
25600 70 1.35691 282.007 6.011e-06
25600 80 1.35691 281.966 5.9982e-06
25600 90 1.35691 282.099 5.9853e-06
25600 100 1.35691 281.336 5.9832e-06
51200 10 1.35691 582.483 2.87103e-05
51200 20 1.35691 572.69 1.50234e-05
51200 30 1.35691 563.161 1.14468e-05
51200 40 1.35691 561.043 1.13515e-05
51200 50 1.35691 560.886 1.13439e-05
51200 60 1.35691 560.653 1.13644e-05
51200 70 1.35691 561.555 1.13628e-05
51200 80 1.35691 560.186 1.13385e-05
51200 90 1.35691 560.583 1.1339e-05
51200 100 1.35691 561.693 1.13235e-05
102400 10 1.35691 1155.68 5.70772e-05
102400 20 1.35691 1148.92 2.94587e-05
102400 30 1.35691 1125.37 2.22586e-05
102400 40 1.35691 1118.56 2.21775e-05
102400 50 1.35691 1119.26 2.22448e-05
102400 60 1.35691 1114.73 2.2219e-05
102400 70 1.35691 1115.3 2.22523e-05
102400 80 1.35691 1117.16 2.22171e-05
102400 90 1.35691 1114.12 2.21641e-05
102400 100 1.35691 1118.21 2.2287e-05
204800 10 1.35691 2304.9 0.000113965
204800 20 1.35691 2280.54 5.85318e-05
204800 30 1.35691 2236.27 4.39996e-05
204800 40 1.35691 2230.24 4.38704e-05
204800 50 1.35691 2227.55 4.40834e-05
204800 60 1.35691 2220.46 4.41704e-05
204800 70 1.35691 2227.46 4.43978e-05
204800 80 1.35691 2226.66 4.43879e-05
204800 90 1.35691 2226.14 4.41849e-05
204800 100 1.35691 2223.84 4.41899e-05
409600 10 1.35691 4574.81 0.000226964
409600 20 1.35691 4551.62 0.000116119
409600 30 1.35691 4458.6 8.69762e-05
409600 40 1.35691 4445.63 8.70681e-05
409600 50 1.35691 4447.9 8.75655e-05
409600 60 1.35691 4445.96 8.78165e-05
409600 70 1.35691 4448.66 8.80184e-05
409600 80 1.35691 4449.24 8.82699e-05
409600 90 1.35691 4442.11 8.78662e-05
409600 100 1.35691 4455.27 8.80514e-05
819200 10 1.35691 9140.22 0.000453277
819200 20 1.35691 9089.43 0.000231031
819200 30 1.35691 8902.21 0.000173058
819200 40 1.35691 8864.26 0.000137059
819200 50 1.35691 8852.45 0.000112907
819200 60 1.35691 8845.36 0.000113009
819200 70 1.35691 8843.91 0.000115263
819200 80 1.35691 8855.06 0.000113882
819200 90 1.35691 8876.99 0.000116169
819200 100 1.35691 8856.73 0.000113678
1638400 10 1.35691 18282 0.000542804
1638400 20 1.35691 18135.4 0.000297608
1638400 30 1.35691 17765.7 0.000233052
1638400 40 1.35691 17655.9 0.000226235
1638400 50 1.35691 17686.1 0.000223801
1638400 60 1.35691 17723.8 0.000226488
1638400 70 1.35691 17673.1 0.00022375
1638400 80 1.35691 17686.3 0.000223983
1638400 90 1.35691 17669.1 0.000226021
1638400 100 1.35691 17744.2 0.000224975
