n=421419 m=100 k=78
200 10 3.00892 26.144 18255.1 24.0745
200 20 3.00892 15.9055 28153.3 40.1217
200 30 3.00892 8.3332 36367.9 50.8688
200 40 3.00892 30.4762 43820.6 59.7482
200 50 3.00892 37.0739 50504.4 67.8351
200 60 3.00892 28.559 56812.4 73.1153
200 70 3.00892 6.409 62516 78.7088
200 80 3.00892 27.0357 68385.1 85.863
200 90 3.00892 46.1289 74285.1 93.0307
200 100 3.00892 63.8785 80144.7 99.8069
400 10 3.00892 45.4855 18277.5 25.7381
400 20 3.00892 33.939 28184.5 42.6638
400 30 3.00892 15.5514 36309.4 53.5247
400 40 3.00892 31.3762 43649.3 60.9633
400 50 3.00892 38.1943 50453.1 67.6993
400 60 3.00892 14.1434 56633 73.1836
400 70 3.00892 13.8752 62656 79.0109
400 80 3.00892 55.8126 68979.9 86.3791
400 90 3.00892 34.2248 74736.8 92.4496
400 100 3.00892 66.6215 80918.3 100.059
800 10 3.00892 90.057 18782.5 27.9839
800 20 3.00892 51.2308 28417.8 45.2734
800 30 3.00892 31.9957 36677.9 56.5225
800 40 3.00892 30.8433 43995.7 65.1848
800 50 3.00892 38.0738 50800.1 71.9481
800 60 3.00892 29.3135 57276.9 77.9486
800 70 3.00892 28.2951 63286.2 83.7086
800 80 3.00892 57.277 69646.7 90.2251
800 90 3.00892 49.7006 75459.4 95.6996
800 100 3.00892 68.0369 81283 102.303
1600 10 3.00892 176.096 19881.4 31.7347
1600 20 3.00892 86.1772 28981.3 49.3312
1600 30 3.00892 64.9437 37231 60.7644
1600 40 3.00892 62.6542 44662.8 69.0697
1600 50 3.00892 36.531 51146.3 76.6145
1600 60 3.00892 58.9723 57875.7 81.9427
1600 70 3.00892 57.9689 63887.2 88.208
1600 80 3.00892 56.3123 69894.3 93.9344
1600 90 3.00892 69.07 76132.5 100.293
1600 100 3.00892 67.6768 81643 106.832
3200 10 3.00892 348.612 22170.3 39.5518
3200 20 3.00892 166.187 30207.1 57.3501
3200 30 3.00892 107.971 38095.7 68.7681
3200 40 3.00892 92.8958 45327.8 76.5871
3200 50 3.00892 74.2095 51944.1 83.3377
3200 60 3.00892 72.0029 58371.7 88.751
3200 70 3.00892 63.0069 64396.2 94.6791
3200 80 3.00892 53.8675 70276.1 101.421
3200 90 3.00892 87.2909 76564 109.35
3200 100 3.00892 65.4128 82160.2 113.668
6400 10 3.00892 694.248 26682.8 54.6469
6400 20 3.00892 324.392 32515.6 72.1398
6400 30 3.00892 213.26 39778.6 83.4743
6400 40 3.00892 156.788 46451.9 91.3364
6400 50 3.00892 139.821 53083.5 97.5779
6400 60 3.00892 103.908 59243.6 104.142
6400 70 3.00892 116.903 65426 108.775
6400 80 3.00892 107.704 71449.4 115.22
6400 90 3.00892 112.001 77187.6 120.583
6400 100 3.00892 64.6841 82377.2 128.982
12800 10 3.00892 1384.7 35636.1 85.3693
12800 20 3.00892 640.182 36886.5 102.641
12800 30 3.00892 413.85 42742 113.132
12800 40 3.00892 306.739 48769.9 120.318
12800 50 3.00892 250.258 54888.7 125.114
12800 60 3.00892 199.722 60688.6 131.142
12800 70 3.00892 192.491 66729.8 135.107
12800 80 3.00892 157.248 72314.7 142.25
12800 90 3.00892 160.557 78250.3 145.967
12800 100 3.00892 125.755 83516.9 152.23
25600 10 3.00892 2768.14 53600.9 142.823
25600 20 3.00892 1274.04 45793.5 159.758
25600 30 3.00892 816.885 48763.7 168.665
25600 40 3.00892 599.115 53459.8 173.536
25600 50 3.00892 473.172 58645 178.189
25600 60 3.00892 390.825 64084.8 183.813
25600 70 3.00892 339.985 69485.6 186.391
25600 80 3.00892 304.709 74907.9 192.424
25600 90 3.00892 258.902 80255.3 198.258
25600 100 3.00892 245.133 85836.6 202.865
51200 10 3.00892 5527.35 89590.8 270.278
51200 20 3.00892 2537.59 63631.3 280.494
51200 30 3.00892 1618.74 60909.5 288.993
51200 40 3.00892 1179.67 62843.1 289.512
51200 50 3.00892 925.688 66507.9 289.449
51200 60 3.00892 761.43 70840.7 290.641
51200 70 3.00892 646.904 75432.7 293.163
51200 80 3.00892 565.239 80308.9 294.948
51200 90 3.00892 506.904 85503.3 297.419
51200 100 3.00892 457.341 90541.7 299.359
102400 10 3.00892 11058.7 161383 506.736
102400 20 3.00892 5071.32 99333.3 516.421
102400 30 3.00892 3230.69 85407.7 517.598
102400 40 3.00892 2345.28 81766.8 517.612
102400 50 3.00892 1831.79 82093.6 514.114
102400 60 3.00892 1501.3 84306 509.958
102400 70 3.00892 1270.41 87380.3 503.194
102400 80 3.00892 1104.07 90884.4 502.066
102400 90 3.00892 977.746 95086.5 496.521
102400 100 3.00892 880.167 99272.2 495.936
204800 10 3.00892 22114.5 305157 984.661
204800 20 3.00892 10138.3 170784 991.094
204800 30 3.00892 6454.21 134265 985.131
204800 40 3.00892 4687.68 119572 966.171
204800 50 3.00892 3659.63 113251 947.205
204800 60 3.00892 2992.19 111059 932.391
204800 70 3.00892 2528.99 110939 914.119
204800 80 3.00892 2183.93 112228 908.044
204800 90 3.00892 1928.87 114513 892.039
204800 100 3.00892 1728.6 117262 881.639
409600 10 3.00892 44219 593271 1970.17
409600 20 3.00892 20302.2 314377 1963.58
409600 30 3.00892 12944 232727 1933.21
409600 40 3.00892 9404.39 195807 1883.38
409600 50 3.00892 7338.72 176198 1835.05
409600 60 3.00892 5989.23 165010 1794.73
409600 70 3.00892 5047.18 158450 1750.15
409600 80 3.00892 4358.59 154906 1714.82
409600 90 3.00892 3831.32 153333 1681.35
409600 100 3.00892 3421.74 152955 1652.28
