n=193080 m=100 k=88
200 10 3.0439 26.4983 18548.5 23.7378
200 20 3.0439 16.5058 29260.5 41.6444
200 30 3.0439 8.193 38315.7 54.3074
200 40 3.0439 32.7331 46405.1 63.5915
200 50 3.0439 40.2272 53786.3 73.1236
200 60 3.0439 31.4436 60560 79.7191
200 70 3.0439 7.3315 66826.3 87.6971
200 80 3.0439 30.5058 73179.4 94.8442
200 90 3.0439 53.0756 79224.3 101.517
200 100 3.0439 74.4315 85146.5 108.74
400 10 3.0439 46.4544 18621.8 24.7373
400 20 3.0439 35.5794 29350.5 42.3256
400 30 3.0439 16.6151 38355.1 55.3096
400 40 3.0439 33.9422 46449.9 64.3342
400 50 3.0439 41.3822 53624.6 72.2906
400 60 3.0439 15.6066 60156 78.7015
400 70 3.0439 15.4072 66657.7 85.1637
400 80 3.0439 63.3594 73284.1 91.0512
400 90 3.0439 38.0772 78992.6 96.5823
400 100 3.0439 75.295 84867.5 103.8
800 10 3.0439 90.6358 19112.8 26.5287
800 20 3.0439 53.2821 29409.8 44.8796
800 30 3.0439 33.8468 38293.5 57.4238
800 40 3.0439 32.8132 46097.6 66.9884
800 50 3.0439 40.6339 53303.7 74.6372
800 60 3.0439 31.3134 59786.1 80.9773
800 70 3.0439 30.7101 65915.6 88.721
800 80 3.0439 61.5347 72266.7 93.0295
800 90 3.0439 45.0794 78437.2 98.873
800 100 3.0439 74.4874 84921.5 106.637
1600 10 3.0439 177.331 20169.3 30.4796
1600 20 3.0439 88.4144 29820 48.7201
1600 30 3.0439 67.6832 38709 61.3098
1600 40 3.0439 66.3405 46684.4 70.418
1600 50 3.0439 39.6335 53449.9 79.1527
1600 60 3.0439 62.9047 60403.9 85.342
1600 70 3.0439 61.662 66775.6 91.4601
1600 80 3.0439 60.3487 72625.2 97.6428
1600 90 3.0439 68.0591 78649.2 103.585
1600 100 3.0439 71.8554 84486.5 110.342
3200 10 3.0439 350.764 22379 37.457
3200 20 3.0439 167.519 30935.9 55.5687
3200 30 3.0439 110.398 39290 67.7213
3200 40 3.0439 97.336 46982.4 77.2047
3200 50 3.0439 78.3368 53894.4 85.1744
3200 60 3.0439 76.2104 60475.2 91.5367
3200 70 3.0439 66.4947 66595.2 97.7419
3200 80 3.0439 58.4754 72650.1 104.462
3200 90 3.0439 91.0002 79046.5 109.362
3200 100 3.0439 71.2367 84621.4 115.342
6400 10 3.0439 698.715 26873.9 50.4838
6400 20 3.0439 328.455 33194.5 68.1164
6400 30 3.0439 219.089 40930.8 79.8162
6400 40 3.0439 162.702 48083.7 89.1235
6400 50 3.0439 140.557 54695.8 96.3878
6400 60 3.0439 109.004 61029.7 103.438
6400 70 3.0439 117.234 67355.3 108.719
6400 80 3.0439 115.486 73383.2 115.738
6400 90 3.0439 121.574 79459.1 121.643
6400 100 3.0439 73.8475 84706.4 128.771
12800 10 3.0439 1392.45 35774.8 78.6306
12800 20 3.0439 647.508 37509.5 95.2922
12800 30 3.0439 422.147 43800.1 105.287
12800 40 3.0439 317.404 50337.7 114.371
12800 50 3.0439 257.998 56599.4 120.885
12800 60 3.0439 211.464 62586.3 128.487
12800 70 3.0439 201.088 68700.1 133.719
12800 80 3.0439 171.672 74577.8 139.978
12800 90 3.0439 174.532 80562.3 145.191
12800 100 3.0439 142.656 85818.9 153.165
25600 10 3.0439 2781.02 53656.5 132.841
25600 20 3.0439 1287.88 46315.5 147.067
25600 30 3.0439 832.124 49766.7 155.83
25600 40 3.0439 616.739 54936.8 162.133
25600 50 3.0439 492.987 60471 168.674
25600 60 3.0439 414.38 66155 179.823
25600 70 3.0439 363.653 71764 188.273
25600 80 3.0439 327.34 77369.8 187.824
25600 90 3.0439 289.431 83017.9 192.092
25600 100 3.0439 277.318 88318.1 197.078
51200 10 3.0439 5562.24 89375.2 239.196
51200 20 3.0439 2571.12 63960.2 247.531
51200 30 3.0439 1655.07 61871.5 257.55
51200 40 3.0439 1218.97 64223.8 264.333
51200 50 3.0439 965.781 68149.2 272.292
51200 60 3.0439 803.779 72789.1 285.255
51200 70 3.0439 693.302 77600.9 281.865
51200 80 3.0439 615.479 82698.4 285.782
51200 90 3.0439 558.875 87861.3 290.494
51200 100 3.0439 508.822 92832.3 299.972
102400 10 3.0439 11122.4 160958 456.188
102400 20 3.0439 5138.1 99503.8 474.108
102400 30 3.0439 3309.86 86183.4 480.116
102400 40 3.0439 2431.33 83116.2 485.246
102400 50 3.0439 1924.61 83870.4 484.211
102400 60 3.0439 1594.52 86308.4 485.573
102400 70 3.0439 1370.71 89544 476.197
102400 80 3.0439 1207.09 93396.6 475.054
102400 90 3.0439 1083 97648.8 477.53
102400 100 3.0439 989.022 102007 477.201
