n=207205 m=100 k=77
200 10 2.90019 26.3528 2.41352e-05
200 20 2.90019 16.3019 2.62359e-05
200 30 2.90019 8.1733 2.86456e-05
200 40 2.90019 32.1197 3.10745e-05
200 50 2.90019 39.3174 3.29349e-05
200 60 2.90019 30.5761 3.54843e-05
200 70 2.90019 7.1384 3.65049e-05
200 80 2.90019 29.9022 3.98234e-05
200 90 2.90019 51.0458 4.11547e-05
200 100 2.90019 71.3785 4.31789e-05
400 10 2.90019 46.324 2.43642e-05
400 20 2.90019 35.3459 2.70964e-05
400 30 2.90019 16.4828 2.94987e-05
400 40 2.90019 33.5681 3.19692e-05
400 50 2.90019 41.5023 2.81976e-05
400 60 2.90019 15.6567 2.71014e-05
400 70 2.90019 15.4888 2.87084e-05
400 80 2.90019 62.7251 3.06994e-05
400 90 2.90019 38.0383 3.18113e-05
400 100 2.90019 74.5306 3.35984e-05
800 10 2.90019 90.3958 2.04355e-05
800 20 2.90019 53.1064 2.20707e-05
800 30 2.90019 33.7429 2.3076e-05
800 40 2.90019 32.7477 2.60274e-05
800 50 2.90019 40.483 2.60274e-05
800 60 2.90019 31.3965 2.76165e-05
800 70 2.90019 30.8689 2.89157e-05
800 80 2.90019 62.1784 3.07459e-05
800 90 2.90019 43.2479 3.18089e-05
800 100 2.90019 75.5526 3.35649e-05
1600 10 2.90019 177.771 2.058e-05
1600 20 2.90019 89.5202 2.21408e-05
1600 30 2.90019 68.7648 2.3296e-05
1600 40 2.90019 66.9783 2.47143e-05
1600 50 2.90019 40.075 2.59417e-05
1600 60 2.90019 64.1478 2.76258e-05
1600 70 2.90019 63.1271 2.92868e-05
1600 80 2.90019 61.9705 3.0762e-05
1600 90 2.90019 65.7556 3.21519e-05
1600 100 2.90019 74.5526 3.35991e-05
3200 10 2.90019 351.103 2.09117e-05
3200 20 2.90019 167.554 2.27624e-05
3200 30 2.90019 110.85 2.34147e-05
3200 40 2.90019 97.6807 2.48183e-05
3200 50 2.90019 78.4199 2.62211e-05
3200 60 2.90019 76.5989 2.78901e-05
3200 70 2.90019 67.5607 2.96648e-05
3200 80 2.90019 59.2736 3.06647e-05
3200 90 2.90019 90.8018 3.23216e-05
3200 100 2.90019 72.747 3.36113e-05
6400 10 2.90019 698.435 2.14229e-05
6400 20 2.90019 328.429 2.2712e-05
6400 30 2.90019 218.845 2.38209e-05
6400 40 2.90019 162.536 2.50867e-05
6400 50 2.90019 139.629 2.66127e-05
6400 60 2.90019 109.202 2.79079e-05
6400 70 2.90019 115.68 2.96871e-05
6400 80 2.90019 118.391 3.12723e-05
6400 90 2.90019 124.257 3.32061e-05
6400 100 2.90019 75.7236 3.38058e-05
12800 10 2.90019 1394.45 2.27435e-05
12800 20 2.90019 649.35 2.36845e-05
12800 30 2.90019 423.511 2.45636e-05
12800 40 2.90019 317.916 2.58679e-05
12800 50 2.90019 258.647 2.7283e-05
12800 60 2.90019 215.571 2.8675e-05
12800 70 2.90019 200.366 3.03201e-05
12800 80 2.90019 176.427 3.16883e-05
12800 90 2.90019 180.301 3.32587e-05
12800 100 2.90019 145.06 3.44021e-05
25600 10 2.90019 2785.43 2.5006e-05
25600 20 2.90019 1291.35 2.50477e-05
25600 30 2.90019 835.833 2.5879e-05
25600 40 2.90019 619.52 2.7072e-05
25600 50 2.90019 495.059 2.85214e-05
25600 60 2.90019 418.056 2.99544e-05
25600 70 2.90019 367.412 3.19055e-05
25600 80 2.90019 327.182 3.28416e-05
25600 90 2.90019 295.227 3.47294e-05
25600 100 2.90019 283.058 3.57834e-05
51200 10 2.90019 5568.73 2.96891e-05
51200 20 2.90019 2577.51 2.82136e-05
51200 30 2.90019 1661.72 2.87179e-05
51200 40 2.90019 1223.43 2.9753e-05
51200 50 2.90019 970.271 3.11372e-05
51200 60 2.90019 810.816 3.25314e-05
51200 70 2.90019 700.538 3.39146e-05
51200 80 2.90019 619.928 3.5206e-05
51200 90 2.90019 559.906 3.65869e-05
51200 100 2.90019 509.881 3.79784e-05
102400 10 2.90019 11128.7 3.91261e-05
102400 20 2.90019 5149.97 3.45574e-05
102400 30 2.90019 3319.6 3.44364e-05
102400 40 2.90019 2442.74 3.51035e-05
102400 50 2.90019 1935.36 3.60819e-05
102400 60 2.90019 1604.92 3.72082e-05
102400 70 2.90019 1380.68 3.83315e-05
102400 80 2.90019 1214.77 3.9379e-05
102400 90 2.90019 1088.96 4.05611e-05
102400 100 2.90019 994.025 4.1831e-05
204800 10 2.90019 22294.8 5.70545e-05
204800 20 2.90019 10355.3 4.68424e-05
204800 30 2.90019 6687.91 4.51169e-05
204800 40 2.90019 4922.86 4.4767e-05
204800 50 2.90019 3896.15 4.48062e-05
204800 60 2.90019 3223.25 4.55687e-05
204800 70 2.90019 2755.86 4.62622e-05
204800 80 2.90019 2416.66 4.70044e-05
204800 90 2.90019 2157.39 4.81544e-05
204800 100 2.90019 1956.38 4.91568e-05
