n=4638690 m=100 k=4
200 10 1.38617 62.728 1.5226e-06
200 20 1.38617 69.9071 1.5678e-06
200 30 1.38617 78.4542 1.6164e-06
200 40 1.38617 87.109 1.6745e-06
200 50 1.38617 95.6234 1.7322e-06
200 60 1.38617 104.147 1.7755e-06
200 70 1.38617 112.521 1.8177e-06
200 80 1.38617 121.128 1.8714e-06
200 90 1.38617 129.883 1.9266e-06
200 100 1.38617 138.271 1.9743e-06
400 10 1.38617 117.799 2.275e-06
400 20 1.38617 122.942 2.301e-06
400 30 1.38617 132.197 2.3607e-06
400 40 1.38617 140.321 2.3938e-06
400 50 1.38617 148.468 2.1742e-06
400 60 1.38617 157.625 2.2209e-06
400 70 1.38617 166.365 2.2732e-06
400 80 1.38617 174.366 2.3018e-06
400 90 1.38617 183.17 2.3362e-06
400 100 1.38617 191.672 2.3855e-06
800 10 1.38617 227.353 3.4882e-06
800 20 1.38617 230.195 3.413e-06
800 30 1.38617 238.816 3.4772e-06
800 40 1.38617 248.067 3.5743e-06
800 50 1.38617 256.074 3.6535e-06
800 60 1.38617 264.25 3.6267e-06
800 70 1.38617 273.351 3.6793e-06
800 80 1.38617 281.017 3.7091e-06
800 90 1.38617 290.138 3.742e-06
800 100 1.38617 299.501 3.8124e-06
1600 10 1.38617 446.643 6.1231e-06
1600 20 1.38617 444.338 6.0188e-06
1600 30 1.38617 452.906 6.0897e-06
1600 40 1.38617 462.236 6.1613e-06
1600 50 1.38617 470.593 6.194e-06
1600 60 1.38617 479.048 6.246e-06
1600 70 1.38617 486.353 6.2692e-06
1600 80 1.38617 495.021 6.3144e-06
1600 90 1.38617 504.844 6.3395e-06
1600 100 1.38617 511.275 6.3483e-06
3200 10 1.38617 887.71 1.14301e-05
3200 20 1.38617 873.221 1.11733e-05
3200 30 1.38617 878.965 1.12036e-05
3200 40 1.38617 886.455 1.12493e-05
3200 50 1.38617 900.354 1.13776e-05
3200 60 1.38617 904.841 1.1332e-05
3200 70 1.38617 910.501 1.13418e-05
3200 80 1.38617 922.457 1.14306e-05
3200 90 1.38617 931.069 1.1449e-05
3200 100 1.38617 942.068 1.14855e-05
6400 10 1.38617 1767.97 2.2161e-05
6400 20 1.38617 1729.1 2.166e-05
6400 30 1.38617 1741.22 2.17767e-05
6400 40 1.38617 1744.36 2.18465e-05
6400 50 1.38617 1751.86 2.18956e-05
6400 60 1.38617 1758.59 2.17398e-05
6400 70 1.38617 1771.69 2.18173e-05
6400 80 1.38617 1778.58 2.18423e-05
6400 90 1.38617 1779.09 2.20931e-05
6400 100 1.38617 1798.54 2.19621e-05
12800 10 1.38617 3540.22 4.37386e-05
12800 20 1.38617 3443.43 4.27537e-05
12800 30 1.38617 3445.61 4.25505e-05
12800 40 1.38617 3444.98 4.24627e-05
12800 50 1.38617 3458.85 4.25053e-05
12800 60 1.38617 3465.9 4.25129e-05
12800 70 1.38617 3475.56 4.25416e-05
12800 80 1.38617 3482.75 4.26017e-05
12800 90 1.38617 3498.7 4.43439e-05
12800 100 1.38617 3507.44 4.7221e-05
25600 10 1.38617 7047.89 9.4753e-05
25600 20 1.38617 6861.28 9.24302e-05
25600 30 1.38617 6832.54 9.21448e-05
25600 40 1.38617 6892.7 9.2748e-05
25600 50 1.38617 6887.58 9.22162e-05
25600 60 1.38617 6893.13 9.24685e-05
25600 70 1.38617 6912.27 9.29038e-05
25600 80 1.38617 6900.86 9.26699e-05
25600 90 1.38617 6908.12 9.26682e-05
25600 100 1.38617 6917.23 9.30519e-05
51200 10 1.38617 14107.7 0.000189951
51200 20 1.38617 13664.2 0.000183646
51200 30 1.38617 13705.3 0.000184287
51200 40 1.38617 13780.6 0.000185507
51200 50 1.38617 13691.8 0.000183819
51200 60 1.38617 13748.7 0.00018694
51200 70 1.38617 13736.9 0.000186194
51200 80 1.38617 13719.6 0.000185261
51200 90 1.38617 13727.7 0.00018727
51200 100 1.38617 13752.4 0.000188487
102400 10 1.38617 28158.1 0.000381928
102400 20 1.38617 27362.8 0.000374399
102400 30 1.38617 27410.3 0.000376014
102400 40 1.38617 27402.7 0.00037403
102400 50 1.38617 27350.6 0.000370958
102400 60 1.38617 27436.2 0.000377554
102400 70 1.38617 27421.6 0.000377613
102400 80 1.38617 27472.7 0.000377493
102400 90 1.38617 27512.3 0.000377687
102400 100 1.38617 27469.6 0.000376482
204800 10 1.38617 56352 0.000772197
204800 20 1.38617 54872 0.000758035
204800 30 1.38617 54893.9 0.000754556
204800 40 1.38617 54973.5 0.000754825
204800 50 1.38617 54833.6 0.000751749
204800 60 1.38617 54745.6 0.00075117
204800 70 1.38617 55096.3 0.000757773
204800 80 1.38617 54968.9 0.000758756
204800 90 1.38617 54712.6 0.000755343
204800 100 1.38617 54646.6 0.000753919
409600 10 1.38617 112950 0.00155118
409600 20 1.38617 109736 0.00150508
409600 30 1.38617 109173 0.00149244
409600 40 1.38617 109900 0.00150156
409600 50 1.38617 109420 0.00149959
409600 60 1.38617 109086 0.00149649
409600 70 1.38617 109584 0.00150202
409600 80 1.38617 109443 0.00150002
409600 90 1.38617 109532 0.001501
409600 100 1.38617 109892 0.00148163
819200 10 1.38617 224955 0.00273212
819200 20 1.38617 219927 0.00267301
819200 30 1.38617 218987 0.00265879
819200 40 1.38617 218816 0.00265501
819200 50 1.38617 217931 0.00264421
819200 60 1.38617 218942 0.00265538
819200 70 1.38617 219272 0.00266257
819200 80 1.38617 218999 0.00265901
819200 90 1.38617 218475 0.00265273
819200 100 1.38617 220299 0.00267272
1638400 10 1.38617 450257 0.00544901
1638400 20 1.38617 436894 0.00528236
1638400 30 1.38617 437748 0.0052942
1638400 40 1.38617 437932 0.00529546
1638400 50 1.38617 436778 0.00527989
1638400 60 1.38617 438513 0.00530287
1638400 70 1.38617 438006 0.00529487
1638400 80 1.38617 438745 0.00530544
1638400 90 1.38617 436906 0.00527993
1638400 100 1.38617 438027 0.00529519
3276800 10 1.38617 897598 0.0108283
3276800 20 1.38617 875578 0.0105762
3276800 30 1.38617 877609 0.010604
3276800 40 1.38617 875059 0.0105719
3276800 50 1.38617 872741 0.0105436
3276800 60 1.38617 876021 0.0105881
3276800 70 1.38617 875853 0.0105826
3276800 80 1.38617 873501 0.0105554
3276800 90 1.38617 875847 0.0105442
3276800 100 1.38617 877466 0.010334
