n=4047392 m=100 k=62
200 10 2.97344 34.6706 1121.13 7.0298
200 20 2.97344 36.5519 1279.92 7.2841
200 30 2.97344 43.6969 1513.81 7.9298
200 40 2.97344 52.418 1772.38 9.7409
200 50 2.97344 61.7626 2037.96 10.6365
200 60 2.97344 71.5194 2310.4 11.4765
200 70 2.97344 81.3996 2584.75 12.4834
200 80 2.97344 91.478 2861.98 13.4568
200 90 2.97344 101.434 3137.68 14.3874
200 100 2.97344 111.457 3414.88 15.3091
400 10 2.97344 60.779 1500.03 11.5213
400 20 2.97344 53.7572 1528.6 10.0992
400 30 2.97344 57.6946 1716.92 10.2496
400 40 2.97344 64.7301 1951.04 11.7686
400 50 2.97344 73.1358 2203.17 12.5735
400 60 2.97344 81.8903 2460.64 13.2422
400 70 2.97344 91.3296 2728.29 14.0724
400 80 2.97344 100.806 2997.17 15.0772
400 90 2.97344 110.575 3270.47 15.9395
400 100 2.97344 120.417 3544.33 16.8418
800 10 2.97344 112.792 2255.52 20.7246
800 20 2.97344 88.4308 2035.08 15.9671
800 30 2.97344 85.7165 2124.66 14.961
800 40 2.97344 89.3218 2307.4 15.8365
800 50 2.97344 95.6184 2528.86 16.1867
800 60 2.97344 102.668 2762.81 16.622
800 70 2.97344 111.003 3015.08 17.2721
800 80 2.97344 119.382 3267.42 17.9901
800 90 2.97344 128.597 3532.63 18.9207
800 100 2.97344 137.883 3797.25 19.4224
1600 10 2.97344 216.387 3761.88 38.5829
1600 20 2.97344 157.464 3033.94 27.656
1600 30 2.97344 141.961 2945.06 24.5915
1600 40 2.97344 138.884 3026.87 24.2049
1600 50 2.97344 140.466 3180.96 23.7379
1600 60 2.97344 144.427 3373.16 23.8293
1600 70 2.97344 150.529 3591.42 24.1289
1600 80 2.97344 157.193 3818.66 24.5853
1600 90 2.97344 164.8 4059.4 24.8818
1600 100 2.97344 172.637 4305.99 25.3233
3200 10 2.97344 424.85 6793.69 74.926
3200 20 2.97344 295.959 5037.78 50.7488
3200 30 2.97344 254.824 4584.11 43.8256
3200 40 2.97344 237.212 4454.37 40.6438
3200 50 2.97344 230.157 4491.33 39.1742
3200 60 2.97344 228.021 4590.64 37.8465
3200 70 2.97344 229.293 4735.68 37.2956
3200 80 2.97344 232.442 4913.7 37.1351
3200 90 2.97344 236.965 5109.55 36.9853
3200 100 2.97344 242.121 5313.67 36.6617
6400 10 2.97344 839.859 12801.4 145.994
6400 20 2.97344 573.321 9067.6 98.2335
6400 30 2.97344 478.353 7794.23 79.896
6400 40 2.97344 434.781 7336.9 74.7926
6400 50 2.97344 409.796 7107.57 69.6941
6400 60 2.97344 395.475 7031.15 66.5814
6400 70 2.97344 386.977 7050.3 65.0338
6400 80 2.97344 382.966 7107.56 62.9192
6400 90 2.97344 381.391 7215.78 61.5879
6400 100 2.97344 381.651 7341.9 60.6118
12800 10 2.97344 1670.79 24920.3 293.745
12800 20 2.97344 1126.4 17110.1 193.891
12800 30 2.97344 930.423 14424.4 160.273
12800 40 2.97344 829.993 13090 142.898
12800 50 2.97344 769.909 12326.4 130.449
12800 60 2.97344 729.375 11890.5 123.495
12800 70 2.97344 701.272 11610.5 117.961
12800 80 2.97344 683.08 11484 114.174
12800 90 2.97344 670.37 11447.5 112.056
12800 100 2.97344 660.952 11412.3 108.081
25600 10 2.97344 3330.58 48994 582.913
25600 20 2.97344 2231.95 33066.3 378.834
25600 30 2.97344 1830.51 27452.1 311.903
25600 40 2.97344 1618.76 24584.7 278.125
25600 50 2.97344 1489.26 22808.9 252.964
25600 60 2.97344 1398.04 21553.2 233.621
25600 70 2.97344 1330.86 20737.2 222.889
25600 80 2.97344 1283.29 20218.8 216.01
25600 90 2.97344 1245.36 19775.1 208.296
25600 100 2.97344 1218.13 19545.1 204.741
51200 10 2.97344 6647.89 96770 1139.01
51200 20 2.97344 4450.22 65449.5 768.038
51200 30 2.97344 3631.71 53714.4 625.421
51200 40 2.97344 3197.48 47520.9 548.944
51200 50 2.97344 2919.93 43643.7 500.265
51200 60 2.97344 2734.78 41062.4 466.304
51200 70 2.97344 2592.08 39085.8 440.806
51200 80 2.97344 2489.39 37737.7 422.038
51200 90 2.97344 2398.63 36612.5 408.765
51200 100 2.97344 2328.44 35663.6 394.11
102400 10 2.97344 13294.5 193013 2273.27
102400 20 2.97344 8873.08 129710 1522.87
102400 30 2.97344 7232.23 105941 1230.09
102400 40 2.97344 6359.86 93808.1 1101.75
102400 50 2.97344 5796.82 85352.3 984.344
102400 60 2.97344 5409.51 80017 924.886
102400 70 2.97344 5112.91 76162.5 888.228
102400 80 2.97344 4883.2 72578.5 831.27
102400 90 2.97344 4698.63 69883.4 792.932
102400 100 2.97344 4565.19 68370.9 786.023
204800 10 2.97344 26591 387002 4612.54
204800 20 2.97344 17731 258118 3023.9
204800 30 2.97344 14415.7 210474 2458.54
204800 40 2.97344 12644.2 184358 2131.23
204800 50 2.97344 11546.8 169105 1967.67
204800 60 2.97344 10759.4 157881 1835.08
204800 70 2.97344 10177.4 149409 1728.48
204800 80 2.97344 9707.39 142721 1650.26
204800 90 2.97344 9319.8 137507 1599.42
204800 100 2.97344 9009.92 133130 1546.89
409600 10 2.97344 53198.9 772403 9185.88
409600 20 2.97344 35466.3 515205 6020.47
409600 30 2.97344 28847.3 420082 4905.62
409600 40 2.97344 25313.6 368533 4273.09
409600 50 2.97344 23009.3 335282 3883.54
409600 60 2.97344 21439 313124 3643.28
409600 70 2.97344 20213.8 295157 3415.48
409600 80 2.97344 19347.2 282783 3279.15
409600 90 2.97344 18551.8 272193 3184.01
409600 100 2.97344 17941.1 262533 3033.95
819200 10 2.97344 106313 1.54511e+06 18412.7
819200 20 2.97344 70830.8 1.03052e+06 12113.9
819200 30 2.97344 57539.2 834489 9654.19
819200 40 2.97344 50519.5 734629 8545.62
819200 50 2.97344 45950.6 668159 7734.03
819200 60 2.97344 42830 623823 7256.18
819200 70 2.97344 40438.4 590166 6882.25
819200 80 2.97344 38415.8 561827 6585.56
819200 90 2.97344 36949 541115 6370.62
819200 100 2.97344 35721 521235 6051.02
1638400 10 2.97344 212489 3.08019e+06 36472.4
1638400 20 2.97344 141529 2.05279e+06 23973.1
1638400 30 2.97344 114911 1.67173e+06 19569.8
1638400 40 2.97344 100833 1.46984e+06 17235.5
1638400 50 2.97344 91881 1.33293e+06 15382.1
1638400 60 2.97344 85403.2 1.24412e+06 14534.1
1638400 70 2.97344 80725.5 1.17629e+06 13735
1638400 80 2.97344 76754.5 1.11717e+06 12980
1638400 90 2.97344 73920.7 1.07994e+06 12697.1
1638400 100 2.97344 71088.9 1.03695e+06 12123.1
3276800 10 2.97344 425610 6.18673e+06 73616
3276800 20 2.97344 283426 4.1146e+06 48095.3
3276800 30 2.97344 230098 3.34215e+06 38959.7
3276800 40 2.97344 202209 2.93609e+06 34083.7
3276800 50 2.97344 183855 2.66748e+06 30811.2
3276800 60 2.97344 171069 2.50078e+06 29568.4
3276800 70 2.97344 161492 2.35663e+06 27661
3276800 80 2.97344 153715 2.24003e+06 26183.4
3276800 90 2.97344 147746 2.15902e+06 25440.1
3276800 100 2.97344 142717 2.08492e+06 24529.6
