n=3170441 m=100 k=5
200 10 1.35691 63.4119 2006.89 47.3517
200 20 1.35691 69.1676 2176.28 47.9677
200 30 1.35691 77.483 2413.42 50.4813
200 40 1.35691 85.7189 2631.71 53.3481
200 50 1.35691 94.2406 2870.98 55.9325
200 60 1.35691 102.824 3105.21 58.2967
200 70 1.35691 111.412 3342.55 60.5172
200 80 1.35691 119.878 3576.07 62.823
200 90 1.35691 128.276 3804.62 64.8046
200 100 1.35691 136.695 4039.44 67.4259
400 10 1.35691 119.068 3296.49 89.3769
400 20 1.35691 122.435 3420.06 88.4365
400 30 1.35691 129.91 3631.48 90.034
400 40 1.35691 138.061 3862.74 93.2239
400 50 1.35691 146.801 4095.19 95.3954
400 60 1.35691 155.142 4333.16 97.1317
400 70 1.35691 163.836 4562.76 99.466
400 80 1.35691 172.617 4807.48 101.611
400 90 1.35691 180.738 5028.95 104.193
400 100 1.35691 189.508 5267.04 106.5
800 10 1.35691 230.15 5880.6 172.705
800 20 1.35691 227.303 5853.46 166.1
800 30 1.35691 235.39 6095.17 168.88
800 40 1.35691 242.723 6297.32 170.623
800 50 1.35691 251.713 6546.08 173.824
800 60 1.35691 259.369 6758.07 175.554
800 70 1.35691 268.16 7015.86 178.395
800 80 1.35691 277.235 7243.98 179.077
800 90 1.35691 285.519 7463.43 181.729
800 100 1.35691 293.799 7709.43 184.574
1600 10 1.35691 453.755 11066.8 338.696
1600 20 1.35691 440.38 10841.1 325.008
1600 30 1.35691 446.122 11020.9 326.812
1600 40 1.35691 452.994 11208.5 327.668
1600 50 1.35691 462.606 11470.5 330.343
1600 60 1.35691 469.826 11680 332.455
1600 70 1.35691 478.5 11912.2 334.478
1600 80 1.35691 488.089 12173.3 337.098
1600 90 1.35691 492.888 12324.8 337.373
1600 100 1.35691 502.76 12577.5 341.225
3200 10 1.35691 893.181 21281.6 665.691
3200 20 1.35691 861.587 20693.1 639.823
3200 30 1.35691 870.118 20901.4 640.394
3200 40 1.35691 871.582 20985.2 639.934
3200 50 1.35691 884.235 21301.4 645.181
3200 60 1.35691 887.78 21367.5 642.261
3200 70 1.35691 897.641 21695.4 646.736
3200 80 1.35691 909.917 21999.8 653.324
3200 90 1.35691 912.835 22131.4 651.874
3200 100 1.35691 921.005 22330.4 652.789
6400 10 1.35691 1785.92 42089.1 1327.34
6400 20 1.35691 1710.63 40337.6 1260.41
6400 30 1.35691 1712.06 40588.2 1261.31
6400 40 1.35691 1709.76 40534.6 1257.44
6400 50 1.35691 1727.71 40963.8 1264.51
6400 60 1.35691 1726.99 40969.8 1261.19
6400 70 1.35691 1732.31 41206.3 1263.91
6400 80 1.35691 1742.82 41435.4 1265.88
6400 90 1.35691 1749.61 41658.2 1269.96
6400 100 1.35691 1757.71 41905.8 1272.15
12800 10 1.35691 3552.64 83334.1 2624.51
12800 20 1.35691 3409.34 80184.9 2510.41
12800 30 1.35691 3389.65 79655.1 2485.09
12800 40 1.35691 3397.85 79969.2 2494.97
12800 50 1.35691 3394.85 80003 2492.55
12800 60 1.35691 3409.5 80163.5 2488.9
12800 70 1.35691 3409.82 80427 2496.42
12800 80 1.35691 3435.44 80938.1 2500.78
12800 90 1.35691 3417.2 80661.5 2492.95
12800 100 1.35691 3440.49 80974.4 2497.23
25600 10 1.35691 7095.62 165375 5198.58
25600 20 1.35691 6781.3 158191 4933.64
25600 30 1.35691 6717.67 157312 4915.15
25600 40 1.35691 6730.85 157957 4938.92
25600 50 1.35691 6751.72 158343 4946.84
25600 60 1.35691 6743.65 157514 4904.33
25600 70 1.35691 6755.18 157834 4919.85
25600 80 1.35691 6764.14 158764 4941.61
25600 90 1.35691 6787.34 159172 4950.38
25600 100 1.35691 6787.58 159253 4954.58
51200 10 1.35691 14261.6 332155 10418.2
51200 20 1.35691 13527 316096 9881.35
51200 30 1.35691 13500.5 315649 9867.41
51200 40 1.35691 13445.4 315127 9883.8
51200 50 1.35691 13461.1 314214 9823.72
51200 60 1.35691 13458 314764 9867.94
51200 70 1.35691 13497.4 315671 9867.71
51200 80 1.35691 13464.4 316014 9892.88
51200 90 1.35691 13493.4 314870 9814.14
51200 100 1.35691 13517.1 317016 9892.96
102400 10 1.35691 28388.3 659343 20627.3
102400 20 1.35691 27145.5 633322 19796
102400 30 1.35691 27005.4 632188 19793.6
102400 40 1.35691 26892.3 629069 19688.9
102400 50 1.35691 26832.3 625611 19545.1
102400 60 1.35691 26853.8 628283 19645.6
102400 70 1.35691 26942.8 628654 19697.7
102400 80 1.35691 26887.9 627132 19559.8
102400 90 1.35691 26943.4 629382 19692.2
102400 100 1.35691 26809.9 626639 19607.3
204800 10 1.35691 56992.9 1.32474e+06 41536.6
204800 20 1.35691 54151.8 1.26461e+06 39554.1
204800 30 1.35691 53931.6 1.25643e+06 39273.4
204800 40 1.35691 53738.8 1.25351e+06 39171.2
204800 50 1.35691 53541.9 1.24838e+06 38998.3
204800 60 1.35691 53567.4 1.24896e+06 38998.5
204800 70 1.35691 53708.5 1.25351e+06 39230.4
204800 80 1.35691 53429.1 1.2485e+06 39058.6
204800 90 1.35691 53673.6 1.25178e+06 39207
204800 100 1.35691 53518.5 1.2505e+06 39119.3
409600 10 1.35691 113464 2.63586e+06 82650.9
409600 20 1.35691 108431 2.52663e+06 78870.6
409600 30 1.35691 107779 2.51309e+06 78668.6
409600 40 1.35691 107127 2.50062e+06 78265.7
409600 50 1.35691 106886 2.48862e+06 77724.6
409600 60 1.35691 107459 2.50828e+06 78475.2
409600 70 1.35691 107079 2.4976e+06 78129.3
409600 80 1.35691 107311 2.50481e+06 78523.4
409600 90 1.35691 107475 2.5081e+06 78590.3
409600 100 1.35691 107484 2.51057e+06 78629.2
819200 10 1.35691 226437 5.25047e+06 164833
819200 20 1.35691 215968 5.03952e+06 157736
819200 30 1.35691 214992 5.02191e+06 157259
819200 40 1.35691 214916 5.00897e+06 156782
819200 50 1.35691 213401 4.97372e+06 155875
819200 60 1.35691 214074 4.99435e+06 156501
819200 70 1.35691 214855 5.01266e+06 157082
819200 80 1.35691 215686 5.03241e+06 158029
819200 90 1.35691 214252 4.99958e+06 156653
819200 100 1.35691 214809 4.99476e+06 156215
1638400 10 1.35691 454656 1.05655e+07 332085
1638400 20 1.35691 432237 1.00742e+07 315601
1638400 30 1.35691 430531 1.00312e+07 314054
1638400 40 1.35691 430775 1.00645e+07 316191
1638400 50 1.35691 430117 1.00348e+07 314445
1638400 60 1.35691 427881 9.95833e+06 312130
1638400 70 1.35691 428010 9.99474e+06 313645
1638400 80 1.35691 427986 9.99168e+06 313154
1638400 90 1.35691 428222 1.00231e+07 314952
1638400 100 1.35691 429224 9.99505e+06 313120
