n=3170441 m=100 k=5
200 10 1.35691 63.3191 1.5438e-06
200 20 1.35691 69.0047 1.5541e-06
200 30 1.35691 77.357 1.5901e-06
200 40 1.35691 85.9917 1.6557e-06
200 50 1.35691 94.2476 1.7102e-06
200 60 1.35691 102.823 1.7577e-06
200 70 1.35691 111.336 1.8001e-06
200 80 1.35691 119.648 1.8633e-06
200 90 1.35691 128.52 1.9432e-06
200 100 1.35691 136.802 1.9979e-06
400 10 1.35691 119.172 2.3121e-06
400 20 1.35691 122.413 2.3111e-06
400 30 1.35691 129.999 2.3466e-06
400 40 1.35691 137.997 2.4037e-06
400 50 1.35691 147.273 2.4792e-06
400 60 1.35691 155.245 2.5348e-06
400 70 1.35691 163.664 2.6386e-06
400 80 1.35691 171.791 2.6974e-06
400 90 1.35691 180.451 2.7624e-06
400 100 1.35691 188.87 2.798e-06
800 10 1.35691 230.043 3.9247e-06
800 20 1.35691 228.027 3.8489e-06
800 30 1.35691 234.625 3.8748e-06
800 40 1.35691 242.371 3.9386e-06
800 50 1.35691 251.966 4.0001e-06
800 60 1.35691 260.46 4.1233e-06
800 70 1.35691 268.635 4.1892e-06
800 80 1.35691 276.948 4.2547e-06
800 90 1.35691 284.696 4.2998e-06
800 100 1.35691 294.5 4.3777e-06
1600 10 1.35691 452.778 7.1041e-06
1600 20 1.35691 442.396 6.9023e-06
1600 30 1.35691 444.092 6.8556e-06
1600 40 1.35691 451.53 6.9086e-06
1600 50 1.35691 460.163 7.0106e-06
1600 60 1.35691 469.976 7.1486e-06
1600 70 1.35691 478.792 7.1895e-06
1600 80 1.35691 485.789 7.242e-06
1600 90 1.35691 495.181 7.2971e-06
1600 100 1.35691 503.47 7.3611e-06
3200 10 1.35691 897.422 1.33297e-05
3200 20 1.35691 863.619 1.27902e-05
3200 30 1.35691 863.36 1.27282e-05
3200 40 1.35691 872.787 1.27872e-05
3200 50 1.35691 879.887 1.28356e-05
3200 60 1.35691 889.434 1.29962e-05
3200 70 1.35691 897.853 1.30654e-05
3200 80 1.35691 906.051 1.3187e-05
3200 90 1.35691 913.703 1.3205e-05
3200 100 1.35691 919.13 1.32302e-05
6400 10 1.35691 1782.36 2.56516e-05
6400 20 1.35691 1712.02 2.46312e-05
6400 30 1.35691 1698.83 2.44068e-05
6400 40 1.35691 1709.5 2.44665e-05
6400 50 1.35691 1719.3 2.45398e-05
6400 60 1.35691 1723.97 2.47387e-05
6400 70 1.35691 1736.08 2.48876e-05
6400 80 1.35691 1747.37 2.50588e-05
6400 90 1.35691 1754.68 2.51429e-05
6400 100 1.35691 1763.54 2.51784e-05
12800 10 1.35691 3556.78 5.0471e-05
12800 20 1.35691 3398.89 4.82488e-05
12800 30 1.35691 3367.48 4.7658e-05
12800 40 1.35691 3405.9 4.81924e-05
12800 50 1.35691 3389.61 4.7945e-05
12800 60 1.35691 3394.77 4.8142e-05
12800 70 1.35691 3407.38 4.83138e-05
12800 80 1.35691 3424.95 4.87547e-05
12800 90 1.35691 3422.87 4.87052e-05
12800 100 1.35691 3428.13 4.87543e-05
25600 10 1.35691 7110.6 0.00010018
25600 20 1.35691 6774.51 9.53634e-05
25600 30 1.35691 6735.96 8.43466e-05
25600 40 1.35691 6782.47 8.37775e-05
25600 50 1.35691 6745.07 8.31811e-05
25600 60 1.35691 6742.09 8.30022e-05
25600 70 1.35691 6757.41 8.33642e-05
25600 80 1.35691 6802.89 8.38629e-05
25600 90 1.35691 6786.88 8.37129e-05
25600 100 1.35691 6786.12 9.59903e-05
51200 10 1.35691 14235.8 0.000200209
51200 20 1.35691 13558.8 0.000191216
51200 30 1.35691 13425.7 0.000188937
51200 40 1.35691 13438.4 0.000189105
51200 50 1.35691 13428.4 0.000189046
51200 60 1.35691 13519.2 0.000190554
51200 70 1.35691 13465.2 0.000189844
51200 80 1.35691 13471.3 0.000190227
51200 90 1.35691 13499 0.000191396
51200 100 1.35691 13474 0.000191026
102400 10 1.35691 28334.7 0.000398134
102400 20 1.35691 27159.8 0.000381689
102400 30 1.35691 26878.1 0.000377832
102400 40 1.35691 26828 0.000376951
102400 50 1.35691 26935.9 0.000378057
102400 60 1.35691 26794.9 0.000377004
102400 70 1.35691 26858.9 0.000378997
102400 80 1.35691 26882.6 0.000336291
102400 90 1.35691 26856.8 0.000329281
102400 100 1.35691 26888.4 0.000330852
204800 10 1.35691 56810.7 0.000695394
204800 20 1.35691 53934.6 0.000662642
204800 30 1.35691 53957.6 0.000659984
204800 40 1.35691 53748.3 0.000658462
204800 50 1.35691 53733.9 0.000658019
204800 60 1.35691 53776.8 0.000657329
204800 70 1.35691 53787.4 0.000658135
204800 80 1.35691 53917.4 0.000660148
204800 90 1.35691 53765.4 0.000658593
204800 100 1.35691 53642 0.000657213
409600 10 1.35691 113785 0.00138896
409600 20 1.35691 108470 0.00132537
409600 30 1.35691 107891 0.0013212
409600 40 1.35691 107502 0.00131633
409600 50 1.35691 107626 0.00131574
409600 60 1.35691 107112 0.00130769
409600 70 1.35691 107464 0.00131326
409600 80 1.35691 107610 0.00131511
409600 90 1.35691 107403 0.00131223
409600 100 1.35691 106945 0.00130743
819200 10 1.35691 227748 0.00276945
819200 20 1.35691 216544 0.00263536
819200 30 1.35691 214148 0.00260993
819200 40 1.35691 214058 0.00260741
819200 50 1.35691 214320 0.0026142
819200 60 1.35691 215151 0.00262403
819200 70 1.35691 215771 0.00262983
819200 80 1.35691 213647 0.00260233
819200 90 1.35691 213736 0.00260381
819200 100 1.35691 214357 0.00261114
1638400 10 1.35691 454766 0.00551729
1638400 20 1.35691 432970 0.00527316
1638400 30 1.35691 432030 0.00525541
1638400 40 1.35691 428380 0.00521339
1638400 50 1.35691 427555 0.00521405
1638400 60 1.35691 429752 0.00523855
1638400 70 1.35691 430966 0.00525753
1638400 80 1.35691 429591 0.00523285
1638400 90 1.35691 430446 0.00520497
1638400 100 1.35691 427917 0.00512269
