n=4638690 m=100 k=4
200 10 1.38617 7.8716 1.6275e-06
200 20 1.38617 6.3094 1.6673e-06
200 30 1.38617 5.6913 1.7227e-06
200 40 1.38617 5.8554 1.8049e-06
200 50 1.38617 6.6827 1.8812e-06
200 60 1.38617 8.3283 1.9205e-06
200 70 1.38617 10.7086 1.963e-06
200 80 1.38617 13.8415 1.9906e-06
200 90 1.38617 19.7352 2.0406e-06
200 100 1.38617 22.2808 2.052e-06
400 10 1.38617 311.952 2.4358e-06
400 20 1.38617 376.694 2.5364e-06
400 30 1.38617 326.375 2.4553e-06
400 40 1.38617 224.588 2.5848e-06
400 50 1.38617 149.558 2.0283e-06
400 60 1.38617 107.785 1.5855e-06
400 70 1.38617 76.5773 1.5889e-06
400 80 1.38617 65.8466 1.5902e-06
400 90 1.38617 66.9137 1.6083e-06
400 100 1.38617 71.5764 1.6393e-06
800 10 1.38617 1010.82 2.8361e-06
800 20 1.38617 1257.88 3.0726e-06
800 30 1.38617 1021.91 2.764e-06
800 40 1.38617 727.76 2.6038e-06
800 50 1.38617 448.626 2.24e-06
800 60 1.38617 295.372 2.131e-06
800 70 1.38617 209.029 2.0176e-06
800 80 1.38617 172.755 1.9432e-06
800 90 1.38617 154.942 1.9426e-06
800 100 1.38617 155.392 1.9536e-06
1600 10 1.38617 2275.81 4.8212e-06
1600 20 1.38617 2794.63 5.0137e-06
1600 30 1.38617 2323.68 4.3722e-06
1600 40 1.38617 1566.64 3.6535e-06
1600 50 1.38617 992.191 2.9458e-06
1600 60 1.38617 630.617 2.5023e-06
1600 70 1.38617 440.466 2.2615e-06
1600 80 1.38617 344.199 2.1738e-06
1600 90 1.38617 321.638 2.1598e-06
1600 100 1.38617 317.801 2.1882e-06
3200 10 1.38617 4693.49 8.8023e-06
3200 20 1.38617 5779.31 9.1499e-06
3200 30 1.38617 4812.09 7.7491e-06
3200 40 1.38617 3279.12 6.2282e-06
3200 50 1.38617 2120.65 4.7484e-06
3200 60 1.38617 1369.38 3.7454e-06
3200 70 1.38617 923.426 3.149e-06
3200 80 1.38617 752.235 2.9246e-06
3200 90 1.38617 643.77 2.7792e-06
3200 100 1.38617 653.924 2.7944e-06
6400 10 1.38617 9523.88 1.67045e-05
6400 20 1.38617 11665 1.72429e-05
6400 30 1.38617 9552.18 1.42148e-05
6400 40 1.38617 6773.71 1.14605e-05
6400 50 1.38617 4235.25 8.1662e-06
6400 60 1.38617 2705.07 6.1218e-06
6400 70 1.38617 1857.23 4.9706e-06
6400 80 1.38617 1418.16 4.3528e-06
6400 90 1.38617 1298.52 4.1248e-06
6400 100 1.38617 1260.7 4.0311e-06
12800 10 1.38617 19099.3 3.24644e-05
12800 20 1.38617 23928.8 3.40267e-05
12800 30 1.38617 19356.2 2.79489e-05
12800 40 1.38617 13647.8 2.26406e-05
12800 50 1.38617 8460.81 1.51229e-05
12800 60 1.38617 5193.05 1.08259e-05
12800 70 1.38617 3736.54 8.7354e-06
12800 80 1.38617 2775.36 7.4113e-06
12800 90 1.38617 2608.43 7.0368e-06
12800 100 1.38617 2517.54 6.7714e-06
25600 10 1.38617 37975.2 6.37632e-05
25600 20 1.38617 46662.4 6.62375e-05
25600 30 1.38617 38809.4 5.37827e-05
25600 40 1.38617 27002.6 4.23575e-05
25600 50 1.38617 16161.5 2.79896e-05
25600 60 1.38617 10890.8 2.07968e-05
25600 70 1.38617 7103.74 1.58193e-05
25600 80 1.38617 5608 1.3643e-05
25600 90 1.38617 5092.29 1.26228e-05
25600 100 1.38617 4891.4 1.20409e-05
51200 10 1.38617 76453.1 0.000128546
51200 20 1.38617 93103.1 0.000130218
51200 30 1.38617 78888.4 0.000107123
51200 40 1.38617 54842.9 8.39983e-05
51200 50 1.38617 34327 5.65803e-05
51200 60 1.38617 21035.9 3.90937e-05
51200 70 1.38617 14914.2 3.06168e-05
51200 80 1.38617 11752.8 2.73201e-05
51200 90 1.38617 10045.9 2.34771e-05
51200 100 1.38617 10154.9 2.28857e-05
102400 10 1.38617 153180 0.000253507
102400 20 1.38617 189539 0.000263461
102400 30 1.38617 159062 0.000215531
102400 40 1.38617 107094 0.000162755
102400 50 1.38617 69608.9 0.000113193
102400 60 1.38617 43985.1 7.81249e-05
102400 70 1.38617 29949.2 5.96296e-05
102400 80 1.38617 23606 5.05462e-05
102400 90 1.38617 20585.1 4.54637e-05
102400 100 1.38617 19903.9 4.34265e-05
204800 10 1.38617 306052 0.000507346
204800 20 1.38617 377333 0.000522492
204800 30 1.38617 310833 0.000419661
204800 40 1.38617 220434 0.000334466
204800 50 1.38617 135790 0.000221198
204800 60 1.38617 89015.3 0.000156979
204800 70 1.38617 60804.9 0.000119031
204800 80 1.38617 47729.4 9.98265e-05
204800 90 1.38617 43590.2 9.23095e-05
204800 100 1.38617 41786.1 8.75018e-05
409600 10 1.38617 613602 0.00101668
409600 20 1.38617 753979 0.00104559
409600 30 1.38617 634387 0.000860489
409600 40 1.38617 430957 0.000658417
409600 50 1.38617 284389 0.000461918
409600 60 1.38617 179285 0.000321964
409600 70 1.38617 124820 0.000246802
409600 80 1.38617 98253.7 0.000207773
409600 90 1.38617 85784.9 0.000187693
409600 100 1.38617 88558.4 0.000187224
819200 10 1.38617 1.22997e+06 0.00202965
819200 20 1.38617 1.54078e+06 0.0032291
819200 30 1.38617 1.27731e+06 0.00319973
819200 40 1.38617 884655 0.00239895
819200 50 1.38617 585776 0.001619
819200 60 1.38617 360699 0.00106022
819200 70 1.38617 247746 0.000775369
819200 80 1.38617 204848 0.000658872
819200 90 1.38617 176748 0.000581388
819200 100 1.38617 176508 0.000568523
1638400 10 1.38617 2.47948e+06 0.00736993
1638400 20 1.38617 3.09258e+06 0.00552421
1638400 30 1.38617 2.56475e+06 0.00338967
1638400 40 1.38617 1.86664e+06 0.00275011
1638400 50 1.38617 1.2427e+06 0.00190544
1638400 60 1.38617 861285 0.00138697
1638400 70 1.38617 583874 0.00102639
1638400 80 1.38617 489079 0.00088377
1638400 90 1.38617 410677 0.000767893
1638400 100 1.38617 373947 0.000703329
3276800 10 1.38617 4.97636e+06 0.00804983
3276800 20 1.38617 6.48363e+06 0.00869632
3276800 30 1.38617 6.03188e+06 0.00773038
3276800 40 1.38617 4.83852e+06 0.0068041
3276800 50 1.38617 3.78804e+06 0.00529602
3276800 60 1.38617 2.84154e+06 0.00402514
3276800 70 1.38617 2.18701e+06 0.00316423
3276800 80 1.38617 1.68104e+06 0.002518
3276800 90 1.38617 1.21478e+06 0.00194089
3276800 100 1.38617 955585 0.00161219
