n=207205 m=100 k=77
200 10 2.90019 1.4278 1.3696e-06
200 20 2.90019 4.2348 1.1879e-06
200 30 2.90019 9.1139 1.2781e-06
200 40 2.90019 9.0489 1.3242e-06
200 50 2.90019 10.7286 1.3821e-06
200 60 2.90019 24.9062 1.4627e-06
200 70 2.90019 15.7534 1.5071e-06
200 80 2.90019 29.2862 1.5948e-06
200 90 2.90019 37.4705 1.6684e-06
200 100 2.90019 9.4637 1.6658e-06
400 10 2.90019 85.014 1.449e-06
400 20 2.90019 19.3775 1.3236e-06
400 30 2.90019 16.7442 1.3673e-06
400 40 2.90019 18.6446 1.4176e-06
400 50 2.90019 22.883 1.4562e-06
400 60 2.90019 33.2875 1.5092e-06
400 70 2.90019 36.3453 1.598e-06
400 80 2.90019 38.2858 1.6689e-06
400 90 2.90019 56.2191 1.7132e-06
400 100 2.90019 33.2821 1.7042e-06
800 10 2.90019 224.206 2.0148e-06
800 20 2.90019 46.8694 1.542e-06
800 30 2.90019 31.4854 1.4354e-06
800 40 2.90019 35.8936 1.4759e-06
800 50 2.90019 40.6194 1.5535e-06
800 60 2.90019 49.2707 1.6408e-06
800 70 2.90019 53.1211 1.6991e-06
800 80 2.90019 57.7962 1.76e-06
800 90 2.90019 62.6725 1.8064e-06
800 100 2.90019 61.578 1.8414e-06
1600 10 2.90019 513.948 3.1469e-06
1600 20 2.90019 107.044 1.9247e-06
1600 30 2.90019 63.9736 1.7433e-06
1600 40 2.90019 78.581 1.7343e-06
1600 50 2.90019 81.8606 1.7606e-06
1600 60 2.90019 90.6382 1.8284e-06
1600 70 2.90019 117.037 1.9166e-06
1600 80 2.90019 123.01 1.9721e-06
1600 90 2.90019 113.033 1.9792e-06
1600 100 2.90019 104.036 2.0016e-06
3200 10 2.90019 974.334 5.1872e-06
3200 20 2.90019 206.087 2.7553e-06
3200 30 2.90019 117.187 2.2659e-06
3200 40 2.90019 133.83 2.1856e-06
3200 50 2.90019 145.39 2.1642e-06
3200 60 2.90019 162.075 2.207e-06
3200 70 2.90019 172.009 2.2704e-06
3200 80 2.90019 166.869 2.2806e-06
3200 90 2.90019 204.202 2.4178e-06
3200 100 2.90019 235.137 2.5307e-06
6400 10 2.90019 2142.49 9.9736e-06
6400 20 2.90019 447.007 4.5691e-06
6400 30 2.90019 275.801 3.532e-06
6400 40 2.90019 304.533 3.2907e-06
6400 50 2.90019 357.015 3.2453e-06
6400 60 2.90019 389.171 3.238e-06
6400 70 2.90019 410.234 3.2438e-06
6400 80 2.90019 423.354 3.2231e-06
6400 90 2.90019 396.835 3.1301e-06
6400 100 2.90019 402.468 3.1685e-06
12800 10 2.90019 4161.18 1.91126e-05
12800 20 2.90019 998.093 8.2288e-06
12800 30 2.90019 557.734 5.9179e-06
12800 40 2.90019 597.411 5.3274e-06
12800 50 2.90019 683.199 5.11e-06
12800 60 2.90019 718.97 5.0279e-06
12800 70 2.90019 834.186 5.1396e-06
12800 80 2.90019 894.647 5.1389e-06
12800 90 2.90019 916.643 5.0985e-06
12800 100 2.90019 1004.25 5.2291e-06
25600 10 2.90019 9317.1 4.06852e-05
25600 20 2.90019 2236.99 1.59997e-05
25600 30 2.90019 1535.81 1.1676e-05
25600 40 2.90019 1644.62 1.03997e-05
25600 50 2.90019 1719.4 9.7059e-06
25600 60 2.90019 1638.85 9.0291e-06
25600 70 2.90019 1711 8.858e-06
25600 80 2.90019 1840.76 8.8507e-06
25600 90 2.90019 1954.23 8.9368e-06
25600 100 2.90019 1854.35 8.5022e-06
51200 10 2.90019 18140.3 7.89466e-05
51200 20 2.90019 6498.42 3.50843e-05
51200 30 2.90019 5072.57 2.60159e-05
51200 40 2.90019 5553.24 2.45859e-05
51200 50 2.90019 5272.45 2.20283e-05
51200 60 2.90019 4878.83 2.02906e-05
51200 70 2.90019 4609.19 1.89514e-05
51200 80 2.90019 4406.56 1.77558e-05
51200 90 2.90019 3929.49 1.61128e-05
51200 100 2.90019 3378.44 1.44242e-05
102400 10 2.90019 41075.7 0.000167583
102400 20 2.90019 31385.1 0.000110417
102400 30 2.90019 32288.4 9.95433e-05
102400 40 2.90019 31164.2 9.56534e-05
102400 50 2.90019 28004.6 8.40035e-05
102400 60 2.90019 23712.7 7.14136e-05
102400 70 2.90019 18830 5.82731e-05
102400 80 2.90019 14461.1 4.67345e-05
102400 90 2.90019 9749.72 2.51477e-05
102400 100 2.90019 7655.7 1.96837e-05
204800 10 2.90019 126759 0.000252424
204800 20 2.90019 187477 0.000281901
204800 30 2.90019 198831 0.000267227
204800 40 2.90019 182960 0.000256844
204800 50 2.90019 148811 0.000205413
204800 60 2.90019 114733 0.000161809
204800 70 2.90019 82573 0.000118694
204800 80 2.90019 53100.8 8.37376e-05
204800 90 2.90019 29876.6 5.55426e-05
204800 100 2.90019 15429.8 3.81592e-05
