n=3170441 m=100 k=5
200 10 1.35691 8.481 2.3602e-06
200 20 1.35691 6.6165 2.3824e-06
200 30 1.35691 6.2617 2.4504e-06
200 40 1.35691 6.9134 2.495e-06
200 50 1.35691 8.833 2.5418e-06
200 60 1.35691 11.6441 2.5913e-06
200 70 1.35691 16.1184 2.6399e-06
200 80 1.35691 22.5046 2.6558e-06
200 90 1.35691 30.3231 2.686e-06
200 100 1.35691 36.9664 2.7162e-06
400 10 1.35691 465.519 3.4382e-06
400 20 1.35691 576.516 3.6326e-06
400 30 1.35691 469.662 3.4301e-06
400 40 1.35691 321.351 3.228e-06
400 50 1.35691 190.802 2.9758e-06
400 60 1.35691 132.36 2.8923e-06
400 70 1.35691 108.143 2.8864e-06
400 80 1.35691 100.776 2.9197e-06
400 90 1.35691 102.469 2.9693e-06
400 100 1.35691 106.222 3.0049e-06
800 10 1.35691 1230.92 5.6169e-06
800 20 1.35691 1515.18 5.9717e-06
800 30 1.35691 1260.31 5.3751e-06
800 40 1.35691 834.673 4.6624e-06
800 50 1.35691 522.304 3.9873e-06
800 60 1.35691 337.043 3.6099e-06
800 70 1.35691 234.519 3.4155e-06
800 80 1.35691 230.092 3.4446e-06
800 90 1.35691 213.446 3.4473e-06
800 100 1.35691 225.124 3.4999e-06
1600 10 1.35691 2548 9.4041e-06
1600 20 1.35691 3121.76 1.00111e-05
1600 30 1.35691 2577.83 8.6349e-06
1600 40 1.35691 1702.83 7.0185e-06
1600 50 1.35691 1080.85 5.5523e-06
1600 60 1.35691 701.934 4.7118e-06
1600 70 1.35691 516.818 4.3322e-06
1600 80 1.35691 473.051 4.2589e-06
1600 90 1.35691 444.273 4.2e-06
1600 100 1.35691 535.145 4.4092e-06
3200 10 1.35691 5247.56 1.7153e-05
3200 20 1.35691 6492.8 1.83557e-05
3200 30 1.35691 5258.78 1.51628e-05
3200 40 1.35691 3516.42 1.19169e-05
3200 50 1.35691 2225.74 8.8341e-06
3200 60 1.35691 1453.81 7.0532e-06
3200 70 1.35691 1085.77 6.161e-06
3200 80 1.35691 923.575 5.811e-06
3200 90 1.35691 876.856 5.676e-06
3200 100 1.35691 929.284 5.7712e-06
6400 10 1.35691 10439.8 3.19472e-05
6400 20 1.35691 12968.9 3.44076e-05
6400 30 1.35691 10593.7 2.81326e-05
6400 40 1.35691 7240.35 2.17881e-05
6400 50 1.35691 4442.06 1.50929e-05
6400 60 1.35691 2868.44 1.12953e-05
6400 70 1.35691 2146.59 9.5352e-06
6400 80 1.35691 1750.61 8.5324e-06
6400 90 1.35691 1829.61 8.673e-06
6400 100 1.35691 1957.62 8.8777e-06
12800 10 1.35691 20929.5 6.19591e-05
12800 20 1.35691 25774 6.6197e-05
12800 30 1.35691 20850.1 5.30032e-05
12800 40 1.35691 14096.8 4.00183e-05
12800 50 1.35691 8826.43 2.73121e-05
12800 60 1.35691 5817.2 1.99913e-05
12800 70 1.35691 4254.54 1.61951e-05
12800 80 1.35691 3816.44 1.48455e-05
12800 90 1.35691 3541.94 1.39627e-05
12800 100 1.35691 3994.35 1.4756e-05
25600 10 1.35691 42112.7 0.000123129
25600 20 1.35691 51886.4 0.000132828
25600 30 1.35691 41449.2 0.000104968
25600 40 1.35691 29161.1 8.09644e-05
25600 50 1.35691 18445.1 5.42353e-05
25600 60 1.35691 11709.7 3.77258e-05
25600 70 1.35691 8495.89 2.96311e-05
25600 80 1.35691 6959.57 2.55376e-05
25600 90 1.35691 7705.32 2.67247e-05
25600 100 1.35691 7866.32 2.65362e-05
51200 10 1.35691 84153.3 0.000250061
51200 20 1.35691 103024 0.000265905
51200 30 1.35691 84308.4 0.000215812
51200 40 1.35691 55962.3 0.000155488
51200 50 1.35691 35319.7 0.000102397
51200 60 1.35691 22422.3 7.02514e-05
51200 70 1.35691 17155.1 5.62139e-05
51200 80 1.35691 15632 5.16367e-05
51200 90 1.35691 14247.4 4.74905e-05
51200 100 1.35691 16174.3 5.11031e-05
102400 10 1.35691 168100 0.000505438
102400 20 1.35691 205427 0.000534896
102400 30 1.35691 165704 0.000421562
102400 40 1.35691 113136 0.000313014
102400 50 1.35691 72700.6 0.000207303
102400 60 1.35691 48389.8 0.000145219
102400 70 1.35691 36009.8 0.000112815
102400 80 1.35691 31771.3 0.00010047
102400 90 1.35691 31180.6 9.72026e-05
102400 100 1.35691 31927.6 9.69965e-05
204800 10 1.35691 333631 0.00100315
204800 20 1.35691 407726 0.000754495
204800 30 1.35691 338318 0.000451172
204800 40 1.35691 229768 0.000344618
204800 50 1.35691 146350 0.000232381
204800 60 1.35691 92852.7 0.000163827
204800 70 1.35691 70835.6 0.000130879
204800 80 1.35691 62267.2 0.000116023
204800 90 1.35691 60843.9 0.000111347
204800 100 1.35691 63067.8 0.000110117
409600 10 1.35691 671289 0.00107607
409600 20 1.35691 832853 0.00112663
409600 30 1.35691 678462 0.000898415
409600 40 1.35691 460854 0.000690726
409600 50 1.35691 303567 0.000479653
409600 60 1.35691 206398 0.000345726
409600 70 1.35691 154496 0.000274283
409600 80 1.35691 132003 0.000240912
409600 90 1.35691 138541 0.000238963
409600 100 1.35691 135336 0.000230905
819200 10 1.35691 1.34982e+06 0.00215325
819200 20 1.35691 1.70775e+06 0.00228638
819200 30 1.35691 1.39134e+06 0.00182679
819200 40 1.35691 978744 0.00143962
819200 50 1.35691 642878 0.000982627
819200 60 1.35691 463780 0.000736983
819200 70 1.35691 353118 0.000586388
819200 80 1.35691 318148 0.000527618
819200 90 1.35691 286789 0.000477042
819200 100 1.35691 296687 0.000474463
1638400 10 1.35691 2.72733e+06 0.00430159
1638400 20 1.35691 3.52923e+06 0.00468341
1638400 30 1.35691 3.09105e+06 0.00397687
1638400 40 1.35691 2.34444e+06 0.00332422
1638400 50 1.35691 1.82184e+06 0.00257871
1638400 60 1.35691 1.44836e+06 0.00205848
1638400 70 1.35691 1.12509e+06 0.00162631
1638400 80 1.35691 967418 0.00141603
1638400 90 1.35691 802192 0.00120278
1638400 100 1.35691 713864 0.00107438
