n=4047392 m=100 k=62
200 10 2.97344 1.3481 1151.31 7.536
200 20 2.97344 1.0334 1435.41 8.2409
200 30 2.97344 1.2998 1779.85 9.797
200 40 2.97344 2.2692 2149.95 11.9443
200 50 2.97344 3.3848 2527.57 12.5258
200 60 2.97344 5.8257 2927.53 12.9293
200 70 2.97344 7.3566 3326.07 13.0134
200 80 2.97344 11.243 3750.49 13.0778
200 90 2.97344 17.1533 4200.47 12.4145
200 100 2.97344 12.0646 4513.36 11.8098
400 10 2.97344 102.16 2758.27 7.6111
400 20 2.97344 123.576 3127.6 8.5596
400 30 2.97344 102.855 3132.11 10.2613
400 40 2.97344 61.2134 2943.14 12.8028
400 50 2.97344 37.5221 3007.98 12.3535
400 60 2.97344 28.7794 3267.38 12.0637
400 70 2.97344 27.4157 3628.59 11.984
400 80 2.97344 21.7988 3928 11.5943
400 90 2.97344 29.9939 4396.3 11.5058
400 100 2.97344 23.1065 4682.92 10.9817
800 10 2.97344 301.265 5932.74 9.9804
800 20 2.97344 353.105 6296.45 10.9227
800 30 2.97344 258.667 5213.24 12.1943
800 40 2.97344 167.861 4352.12 16.7256
800 50 2.97344 95.1779 3784.61 14.5687
800 60 2.97344 58.2685 3683.62 13.7341
800 70 2.97344 48.7532 3937.8 13.2339
800 80 2.97344 37.9882 4166.84 12.6458
800 90 2.97344 39.0787 4551.57 12.4216
800 100 2.97344 38.7251 4913.65 12.0248
1600 10 2.97344 657.662 11711.7 14.6547
1600 20 2.97344 694.751 11133.8 16.2188
1600 30 2.97344 541.811 9058.37 17.2916
1600 40 2.97344 323.25 6477.17 24.4607
1600 50 2.97344 193.27 5140 19.7035
1600 60 2.97344 111.729 4461.41 17.1564
1600 70 2.97344 74.5936 4358.03 15.7483
1600 80 2.97344 65.5952 4595.4 15.0017
1600 90 2.97344 67.0077 4970.49 14.7136
1600 100 2.97344 66.0871 5321.64 14.2094
3200 10 2.97344 1315.32 22501.4 25.0906
3200 20 2.97344 1499.13 22439.7 26.7989
3200 30 2.97344 1129.19 17038.1 26.7417
3200 40 2.97344 652.965 10978.9 39.9158
3200 50 2.97344 368.689 7617.88 29.0115
3200 60 2.97344 219.467 6039.59 24.1691
3200 70 2.97344 148.988 5489.34 21.4341
3200 80 2.97344 115.806 5407.71 19.8473
3200 90 2.97344 116.375 5751.16 18.8453
3200 100 2.97344 124.076 6190.1 18.2877
6400 10 2.97344 2776.48 46233.2 45.8437
6400 20 2.97344 3094 44888.8 47.2165
6400 30 2.97344 2271.02 32593 44.3774
6400 40 2.97344 1310.37 19965.9 69.6182
6400 50 2.97344 739.121 12821.2 48.2773
6400 60 2.97344 405.89 8851.38 37.6754
6400 70 2.97344 292.676 7703.45 32.6084
6400 80 2.97344 239.128 7311.66 29.4217
6400 90 2.97344 221.699 7389.97 27.2238
6400 100 2.97344 230.588 7814.06 25.7717
12800 10 2.97344 5573.56 91904.6 84.5184
12800 20 2.97344 6326.96 90354.1 84.3924
12800 30 2.97344 4496.74 62966.2 76.735
12800 40 2.97344 2802.32 40211 121.764
12800 50 2.97344 1592.95 24655.7 86.9207
12800 60 2.97344 839.809 15231.5 63.1301
12800 70 2.97344 586.438 12200.1 53.3332
12800 80 2.97344 439.133 10547.7 46.6
12800 90 2.97344 440.267 10779.7 43.522
12800 100 2.97344 426.826 10849.2 39.8968
25600 10 2.97344 11267.7 184668 161.435
25600 20 2.97344 12469 177068 158.695
25600 30 2.97344 9107.78 125751 142.672
25600 40 2.97344 5615.33 78528.4 241.053
25600 50 2.97344 3159.66 46548.9 159.86
25600 60 2.97344 1965.75 31212.5 119.557
25600 70 2.97344 1083.97 20068.1 92.9336
25600 80 2.97344 978.83 18738 84.2002
25600 90 2.97344 819.013 16846.2 73.9275
25600 100 2.97344 883.27 17734.4 68.9909
51200 10 2.97344 22740.5 371540 312.654
51200 20 2.97344 24934.1 352697 298.764
51200 30 2.97344 18622.2 255154 267.443
51200 40 2.97344 11200.1 154585 456.901
51200 50 2.97344 6334.45 90839.4 302.756
51200 60 2.97344 3597.98 55422.1 217.233
51200 70 2.97344 2526.14 41388.7 177.355
51200 80 2.97344 1887.22 33027 150.991
51200 90 2.97344 1773.93 31347.9 135.984
51200 100 2.97344 1751.11 30948 125.673
102400 10 2.97344 45017.9 735481 608.953
102400 20 2.97344 50553.7 713314 570.51
102400 30 2.97344 37830.1 516332 501.253
102400 40 2.97344 23735.3 324226 974.312
102400 50 2.97344 12197.5 173464 568.938
102400 60 2.97344 7369.32 110182 407.902
102400 70 2.97344 4700.3 75219.9 324.345
102400 80 2.97344 3880.74 63860 282.349
102400 90 2.97344 3457.76 57722.3 253.544
102400 100 2.97344 3498.31 57480.8 231.87
204800 10 2.97344 92649.2 1.50854e+06 1204.83
204800 20 2.97344 103626 1.45899e+06 1126.29
204800 30 2.97344 79139.1 1.0755e+06 972.058
204800 40 2.97344 47552.2 647289 1910.14
204800 50 2.97344 25389.2 357311 1135.1
204800 60 2.97344 14954.6 220407 791.765
204800 70 2.97344 9762.3 151637 625.734
204800 80 2.97344 8129.72 128562 548.292
204800 90 2.97344 7848.86 123111 503.78
204800 100 2.97344 8215.42 125650 463.982
409600 10 2.97344 190835 3.09843e+06 2423.7
409600 20 2.97344 219959 3.08711e+06 2259.21
409600 30 2.97344 163294 2.21522e+06 1918.47
409600 40 2.97344 103013 1.39375e+06 4015.42
409600 50 2.97344 56163.6 779917 2346.59
409600 60 2.97344 33086.2 478191 1632.2
409600 70 2.97344 23349 348563 1301.74
409600 80 2.97344 16931.8 262484 1075.62
409600 90 2.97344 15663.4 241922 969.186
409600 100 2.97344 15496.6 234894 876.94
819200 10 2.97344 380801 6.18252e+06 4798.36
819200 20 2.97344 438239 6.15057e+06 4440.1
819200 30 2.97344 327939 4.4471e+06 3824.83
819200 40 2.97344 208701 2.81854e+06 8017.61
819200 50 2.97344 118221 1.63049e+06 4745.39
819200 60 2.97344 71784.4 1.02272e+06 3271.99
819200 70 2.97344 48157.8 712091 2548.65
819200 80 2.97344 42480.6 627291 2233.86
819200 90 2.97344 37549.4 557248 1975.33
819200 100 2.97344 35032.8 516944 1755.83
1638400 10 2.97344 768247 1.24638e+07 9441.04
1638400 20 2.97344 903649 1.26599e+07 8919.7
1638400 30 2.97344 710506 9.59208e+06 7477.73
1638400 40 2.97344 449023 6.03642e+06 15583.2
1638400 50 2.97344 289543 3.9213e+06 10566.8
1638400 60 2.97344 187602 2.5892e+06 7268.61
1638400 70 2.97344 133114 1.87185e+06 5544.25
1638400 80 2.97344 100029 1.43644e+06 4587.23
1638400 90 2.97344 79760.7 1.16398e+06 3881.93
1638400 100 2.97344 77263.5 1.11624e+06 3545.84
3276800 10 2.97344 1.5877e+06 2.56768e+07 17758.3
3276800 20 2.97344 1.93781e+06 2.7054e+07 16053.6
3276800 30 2.97344 1.76064e+06 2.35471e+07 13704.4
3276800 40 2.97344 1.39335e+06 1.83166e+07 44867.4
3276800 50 2.97344 1.13826e+06 1.48324e+07 31600.1
3276800 60 2.97344 834498 1.08717e+07 21562.9
3276800 70 2.97344 568434 7.46938e+06 14942
3276800 80 2.97344 393698 5.24566e+06 11465.4
3276800 90 2.97344 263256 3.58959e+06 9070.75
3276800 100 2.97344 165062 2.35252e+06 7307.34
