n=421419 m=100 k=78
200 10 3.00892 1.0512 1140.19 6.7384
200 20 3.00892 2.6936 1459.94 7.8882
200 30 3.00892 6.6788 1858.63 9.1161
200 40 3.00892 9.128 2247.54 9.7416
200 50 3.00892 10.3918 2630.57 9.1787
200 60 3.00892 22.763 3159.02 9.0369
200 70 3.00892 16.3288 3460.72 8.331
200 80 3.00892 28.3585 3987.23 8.5944
200 90 3.00892 36.3285 4461.43 8.4571
200 100 3.00892 12.8287 4550.43 7.8453
400 10 3.00892 136.345 3192.46 6.5576
400 20 3.00892 56.2913 2201.68 9.437
400 30 3.00892 23.0867 2108.83 10.3491
400 40 3.00892 18.3044 2400.05 10.9076
400 50 3.00892 19.8944 2781.71 10.6201
400 60 3.00892 25.6997 3225.35 10.4309
400 70 3.00892 31.2318 3671.36 10.2024
400 80 3.00892 27.3027 3993.9 9.9088
400 90 3.00892 45.3023 4592.05 10.0981
400 100 3.00892 31.6533 4800.51 9.4399
800 10 3.00892 297.459 5849.53 11.2928
800 20 3.00892 127.253 3313.91 14.5436
800 30 3.00892 41.2185 2459.23 14.0319
800 40 3.00892 33.4771 2684.74 14.093
800 50 3.00892 36.7068 3068.87 13.5152
800 60 3.00892 46.8603 3548.75 13.1165
800 70 3.00892 54.7182 4015.52 12.6465
800 80 3.00892 52.9397 4355.71 11.9303
800 90 3.00892 63.9434 4862.96 11.77
800 100 3.00892 56.2867 5137.05 11.4314
1600 10 3.00892 595.868 10812.8 18.059
1600 20 3.00892 255.474 5351.95 22.9804
1600 30 3.00892 79.7071 3190.66 20.2129
1600 40 3.00892 60.7575 3218.64 19.0422
1600 50 3.00892 70.3844 3641.52 17.7293
1600 60 3.00892 82.2457 4115.9 16.5761
1600 70 3.00892 97.176 4644.07 15.6713
1600 80 3.00892 105.587 5099.6 15.0076
1600 90 3.00892 102.29 5415.4 14.3402
1600 100 3.00892 124.279 6045.38 14.1715
3200 10 3.00892 1336.13 22867.8 33.8379
3200 20 3.00892 541.343 9827 40.3311
3200 30 3.00892 171.757 4859.71 33.7781
3200 40 3.00892 140.698 4602.44 30.4854
3200 50 3.00892 151.507 4966.35 26.8189
3200 60 3.00892 183.699 5637.33 24.7944
3200 70 3.00892 223.337 6430.23 23.4468
3200 80 3.00892 252.402 7113.17 22.5055
3200 90 3.00892 293.662 7942.66 21.2438
3200 100 3.00892 331.431 8747.93 20.8742
6400 10 3.00892 3054.82 50553.4 66.2521
6400 20 3.00892 1408.85 22788.8 78.8204
6400 30 3.00892 447.84 9446.61 63.3275
6400 40 3.00892 341.201 7968.11 56.5342
6400 50 3.00892 332.349 7875.29 46.0892
6400 60 3.00892 432.398 9287.66 42.7718
6400 70 3.00892 508.361 10432.4 40.0821
6400 80 3.00892 492.109 10455.7 34.5492
6400 90 3.00892 548.96 11445.9 33.0858
6400 100 3.00892 706.56 13681.9 33.6767
12800 10 3.00892 6628.55 107979 131.327
12800 20 3.00892 3156.41 48911.7 153.859
12800 30 3.00892 1066.57 19550.5 138.663
12800 40 3.00892 814.28 15620.6 111.507
12800 50 3.00892 893.764 16275.2 92.9575
12800 60 3.00892 999.274 17431.7 79.7997
12800 70 3.00892 1113.92 18863.9 71.1758
12800 80 3.00892 1333.99 21683.8 67.3372
12800 90 3.00892 1412.49 22800.6 62.6058
12800 100 3.00892 1686.8 26382.3 61.0258
25600 10 3.00892 14261.6 230023 267.063
25600 20 3.00892 6907.48 104649 303.842
25600 30 3.00892 2535.07 42650.4 238.619
25600 40 3.00892 1925.46 32996.5 215.701
25600 50 3.00892 2244.69 35864.4 184.877
25600 60 3.00892 2508.17 38504.9 162.634
25600 70 3.00892 2985.04 43990.2 147.895
25600 80 3.00892 3178.64 46134.1 134.088
25600 90 3.00892 3130.12 45457.9 119.224
25600 100 3.00892 2871.98 42232.2 103.209
51200 10 3.00892 25929.6 420478 494.533
51200 20 3.00892 12183.9 185603 535.403
51200 30 3.00892 4768.17 79210.6 404.05
51200 40 3.00892 3760.65 62249.1 375.298
51200 50 3.00892 4234.96 65659.3 320.873
51200 60 3.00892 4748.67 70363.7 274.596
51200 70 3.00892 4707.34 68646.1 235.327
51200 80 3.00892 4620.73 66883.3 210.098
51200 90 3.00892 4719.56 67703.5 191.865
51200 100 3.00892 5471.55 76676.9 187.478
102400 10 3.00892 53495.6 864272 967.718
102400 20 3.00892 29268.4 435395 1032.78
102400 30 3.00892 15077.1 228096 770.197
102400 40 3.00892 13140 193446 852.353
102400 50 3.00892 13604.2 193106 708.227
102400 60 3.00892 15607.1 213974 646.517
102400 70 3.00892 14175.5 193306 543.892
102400 80 3.00892 13574.1 183746 468.123
102400 90 3.00892 12362.6 167497 406.852
102400 100 3.00892 10967.2 149217 346.156
204800 10 3.00892 107169 1.72932e+06 1724.06
204800 20 3.00892 82695.9 1.18961e+06 3029.96
204800 30 3.00892 74361.8 1.02054e+06 1860.9
204800 40 3.00892 71656.2 956154 2700.4
204800 50 3.00892 68569.9 899932 2164.32
204800 60 3.00892 57131.4 745632 1607.7
204800 70 3.00892 48150.6 627235 1265.71
204800 80 3.00892 37431 489901 983.571
204800 90 3.00892 28970.6 382634 816.844
204800 100 3.00892 25863.7 342678 739.335
409600 10 3.00892 272572 4.30845e+06 2127.67
409600 20 3.00892 408834 5.60514e+06 11139.1
409600 30 3.00892 454687 5.96514e+06 2851.61
409600 40 3.00892 418322 5.38107e+06 11971.9
409600 50 3.00892 354500 4.51272e+06 8380.96
409600 60 3.00892 283459 3.58883e+06 5909.83
409600 70 3.00892 220812 2.78977e+06 4230.37
409600 80 3.00892 143869 1.82587e+06 2881.67
409600 90 3.00892 91246.8 1.17028e+06 2034.46
409600 100 3.00892 51939.5 682697 1520.28
