n=207205 m=100 k=77
200 10 2.90019 1.4026 1137.2 6.4865
200 20 2.90019 4.1896 1471.4 7.7239
200 30 2.90019 9.2565 1883.8 7.8201
200 40 2.90019 10.2858 2258.41 8.3001
200 50 2.90019 12.0962 2649.96 8.2858
200 60 2.90019 25.1268 3188.71 8.6173
200 70 2.90019 17.1512 3475.64 8.0619
200 80 2.90019 30.6437 4015.27 8.4364
200 90 2.90019 38.4365 4488.77 8.3906
200 100 2.90019 12.9309 4548.19 7.7303
400 10 2.90019 100.537 2676.14 7.5727
400 20 2.90019 24.7559 1806.15 9.9336
400 30 2.90019 18.5262 2056.66 9.9518
400 40 2.90019 20.0427 2424.29 10.4475
400 50 2.90019 24.3406 2840.14 10.5271
400 60 2.90019 30.6079 3287.03 10.2764
400 70 2.90019 31.9093 3678.81 9.9365
400 80 2.90019 23.9297 3952.49 9.421
400 90 2.90019 38.7819 4514.57 9.4264
400 100 2.90019 23.1735 4698.51 8.7923
800 10 2.90019 182.868 4166.52 12.0302
800 20 2.90019 38.1351 2140.95 13.2814
800 30 2.90019 25.8046 2259.55 12.3351
800 40 2.90019 29.2694 2623.29 12.64
800 50 2.90019 33.0073 3017.08 12.2783
800 60 2.90019 39.0399 3449.52 12.1418
800 70 2.90019 46.1287 3904.6 11.8078
800 80 2.90019 43.809 4243.07 11.3527
800 90 2.90019 52.1016 4718.67 11.1945
800 100 2.90019 50.0192 5058.71 10.9776
1600 10 2.90019 406.053 8031.77 21.5131
1600 20 2.90019 86.104 3120.55 22.7011
1600 30 2.90019 54.2572 2865.64 19.0885
1600 40 2.90019 64.8744 3262.22 18.4148
1600 50 2.90019 76.9037 3717.55 17.3492
1600 60 2.90019 90.5165 4212.94 16.3923
1600 70 2.90019 94.9766 4618.16 15.4338
1600 80 2.90019 88.496 4889.74 14.6299
1600 90 2.90019 100.269 5392.57 14.2129
1600 100 2.90019 125.086 6061.44 14.0587
3200 10 2.90019 924.127 16837.8 42.594
3200 20 2.90019 191.197 5213.65 41.6813
3200 30 2.90019 126.942 4301.09 33.0169
3200 40 2.90019 151.247 4734.99 30.045
3200 50 2.90019 202.663 5601.55 28.0584
3200 60 2.90019 202.368 5857.58 24.452
3200 70 2.90019 230.42 6509.22 22.8963
3200 80 2.90019 227.762 6795.58 21.1364
3200 90 2.90019 211.047 6916.71 19.3763
3200 100 2.90019 222.811 7407.95 18.4516
6400 10 2.90019 1869.72 33087.5 78.0451
6400 20 2.90019 413.239 9532.21 75.3125
6400 30 2.90019 251.59 6875.29 57.4903
6400 40 2.90019 300.974 7364.63 50.1514
6400 50 2.90019 344.452 7972.3 43.6518
6400 60 2.90019 401.331 8830.93 39.3475
6400 70 2.90019 471.471 9928.69 37.0348
6400 80 2.90019 482.237 10318.8 34.1353
6400 90 2.90019 559.452 11565.4 33.2962
6400 100 2.90019 477.609 10862.5 29.8118
12800 10 2.90019 4342.75 74382.9 167.147
12800 20 2.90019 994.626 20207.9 155.75
12800 30 2.90019 603.247 13494.2 112.615
12800 40 2.90019 642.854 13212.9 93.3762
12800 50 2.90019 707.354 13721.7 77.5371
12800 60 2.90019 709.001 13648.2 65.0269
12800 70 2.90019 747.982 14185.7 57.673
12800 80 2.90019 949.503 16849.3 57.0032
12800 90 2.90019 1015.65 17855 52.8884
12800 100 2.90019 882.073 16428.6 46.4811
25600 10 2.90019 8052.39 138286 292.503
25600 20 2.90019 1990.01 38810.9 260.549
25600 30 2.90019 1344.79 26664.3 184.119
25600 40 2.90019 1438.41 26090.9 161.967
25600 50 2.90019 1570.13 26741 135.183
25600 60 2.90019 1445.21 24649.8 110.853
25600 70 2.90019 1675.37 27281.2 103.276
25600 80 2.90019 1868.23 29671.7 99.8154
25600 90 2.90019 1661.56 27148.7 86.8839
25600 100 2.90019 2169.14 33546 92.6243
51200 10 2.90019 19490.2 326423 637.698
51200 20 2.90019 6981.55 116897 544.474
51200 30 2.90019 5760.65 91710 388.156
51200 40 2.90019 5899.75 88704.3 408.588
51200 50 2.90019 6177.13 89587.6 346.018
51200 60 2.90019 5729.28 82118.1 279.568
51200 70 2.90019 5098.74 73364.9 235.169
51200 80 2.90019 5147.78 73390.9 216.95
51200 90 2.90019 4485.8 64850.1 190.18
51200 100 2.90019 4468.37 64346 174.133
102400 10 2.90019 44842.8 738549 1117.84
102400 20 2.90019 34003.2 499198 902.074
102400 30 2.90019 36144.4 497769 674.23
102400 40 2.90019 35104.7 469666 1358.83
102400 50 2.90019 32430.2 427866 1061.07
102400 60 2.90019 26006.3 342605 785.739
102400 70 2.90019 20420.6 270028 602.364
102400 80 2.90019 17887.6 236802 527.289
102400 90 2.90019 11919.3 162032 405.972
102400 100 2.90019 8779.68 122662 336.775
204800 10 2.90019 142770 2.25047e+06 1122.13
204800 20 2.90019 214182 2.93377e+06 6236.42
204800 30 2.90019 231225 3.03369e+06 1531.58
204800 40 2.90019 209991 2.70232e+06 6008.36
204800 50 2.90019 178523 2.2738e+06 4271.16
204800 60 2.90019 134829 1.71074e+06 2841.11
204800 70 2.90019 101005 1.28069e+06 1949.79
204800 80 2.90019 62510.4 798729 1336.1
204800 90 2.90019 38827.7 504191 1001.42
204800 100 2.90019 21273.2 286679 739.037
