n=4047392 m=100 k=62
200 10 2.97344 4.4403 814.86 6.8192
200 20 2.97344 3.5828 793.544 5.7117
200 30 2.97344 2.8212 836.009 4.5364
200 40 2.97344 2.8176 840.35 4.4526
200 50 2.97344 2.8084 840.277 4.4042
200 60 2.97344 2.8329 840.462 4.3959
200 70 2.97344 2.8092 840.227 4.3758
200 80 2.97344 2.7996 840.135 4.3792
200 90 2.97344 2.8547 840.815 4.4233
200 100 2.97344 2.8033 840.116 4.3693
400 10 2.97344 9.0468 1071.6 11.9157
400 20 2.97344 7.0804 934.442 9.976
400 30 2.97344 6.0211 942.125 8.8672
400 40 2.97344 6.0637 949.026 9.0065
400 50 2.97344 5.9606 947.9 8.842
400 60 2.97344 5.9601 947.95 8.8801
400 70 2.97344 5.9692 947.9 8.8588
400 80 2.97344 6.0554 948.953 8.9649
400 90 2.97344 5.9787 948.16 8.8258
400 100 2.97344 5.985 948.183 8.8498
800 10 2.97344 18.0585 1583.99 21.5547
800 20 2.97344 14.2348 1217.7 17.9169
800 30 2.97344 12.1897 1147.27 15.9025
800 40 2.97344 12.0652 1156.3 15.8474
800 50 2.97344 12.2035 1157.78 15.8541
800 60 2.97344 12.1656 1157.48 15.8616
800 70 2.97344 12.2534 1158.61 15.9521
800 80 2.97344 12.1269 1157.03 15.8075
800 90 2.97344 12.145 1157.22 15.8501
800 100 2.97344 12.2089 1157.78 15.8888
1600 10 2.97344 35.7811 2605.9 40.3264
1600 20 2.97344 28.3321 1785.22 33.2895
1600 30 2.97344 24.5461 1558.11 29.6948
1600 40 2.97344 24.5741 1576.74 29.7584
1600 50 2.97344 24.4379 1575.08 29.5986
1600 60 2.97344 24.4673 1575.39 29.6068
1600 70 2.97344 24.5397 1576.39 29.6073
1600 80 2.97344 24.5803 1576.74 29.6301
1600 90 2.97344 24.3515 1574.38 29.4545
1600 100 2.97344 24.6641 1577.56 29.6802
3200 10 2.97344 71.9308 4658.18 78.729
3200 20 2.97344 56.9009 2924.89 64.2778
3200 30 2.97344 49.3049 2379.98 56.7768
3200 40 2.97344 48.9477 2410.06 56.5793
3200 50 2.97344 48.8713 2409.63 56.6764
3200 60 2.97344 49.2293 2413.35 56.9647
3200 70 2.97344 49.0596 2411.03 56.7513
3200 80 2.97344 49.3239 2414.45 56.987
3200 90 2.97344 49.4598 2415.59 56.9907
3200 100 2.97344 49.3578 2414.53 56.8037
6400 10 2.97344 144.314 8762.46 155.669
6400 20 2.97344 114.227 5205.87 126.34
6400 30 2.97344 98.0858 4015.21 110.21
6400 40 2.97344 98.4082 4085 110.645
6400 50 2.97344 98.8119 4089.23 111.243
6400 60 2.97344 98.3226 4084.18 111.053
6400 70 2.97344 98.5411 4086.45 111.182
6400 80 2.97344 98.3898 4084.14 111.078
6400 90 2.97344 98.8006 4089.15 111.553
6400 100 2.97344 98.4241 4084.92 111.077
12800 10 2.97344 287.923 16959.2 309.714
12800 20 2.97344 229.62 9776.12 251.763
12800 30 2.97344 198.506 7319.22 220.41
12800 40 2.97344 197.291 7434.24 218.775
12800 50 2.97344 196.789 7427.24 217.902
12800 60 2.97344 197.655 7437.69 218.894
12800 70 2.97344 197.681 7439.08 219.063
12800 80 2.97344 196.839 7428.52 218.457
12800 90 2.97344 196.394 7423.36 218.037
12800 100 2.97344 197.983 7440.87 219.915
25600 10 2.97344 578.111 33385.9 619.553
25600 20 2.97344 456.811 18875.7 501.063
25600 30 2.97344 394.247 13868.2 437.397
25600 40 2.97344 394.515 14126.4 436.789
25600 50 2.97344 396.36 14146.3 438.09
25600 60 2.97344 394.01 14119.3 435.369
25600 70 2.97344 393.757 14117.5 435.239
25600 80 2.97344 394.623 14128.4 435.806
25600 90 2.97344 394.39 14124.9 435.365
25600 100 2.97344 396.231 14145.2 437.522
51200 10 2.97344 1140.66 66020 1213.05
51200 20 2.97344 910.7 37072.1 991.747
51200 30 2.97344 793.675 27054.9 875.406
51200 40 2.97344 788.939 27513.1 868.259
51200 50 2.97344 796.034 27592.9 875.744
51200 60 2.97344 789.331 27512.7 866.884
51200 70 2.97344 789.971 27522 867.775
51200 80 2.97344 784.785 27458.2 860.906
51200 90 2.97344 787.331 27492.4 863.971
51200 100 2.97344 786.708 27483.1 862.732
102400 10 2.97344 2279.52 131470 2408.51
102400 20 2.97344 1831.77 73617.4 1976.46
102400 30 2.97344 1568.79 53169.1 1712.36
102400 40 2.97344 1582.89 54335.6 1727.88
102400 50 2.97344 1573.68 54228.2 1718.52
102400 60 2.97344 1572.31 54213 1716.61
102400 70 2.97344 1576.29 54253.5 1718.99
102400 80 2.97344 1573.67 54220.8 1715.84
102400 90 2.97344 1578.59 54279.2 1720.11
102400 100 2.97344 1572.63 54218 1713.95
204800 10 2.97344 4619.42 263121 4855.13
204800 20 2.97344 3653.96 146464 3921.04
204800 30 2.97344 3155.54 105797 3424.9
204800 40 2.97344 3168.16 107959 3441.1
204800 50 2.97344 3168.61 107951 3441.13
204800 60 2.97344 3156.06 107803 3428.1
204800 70 2.97344 3145.23 107679 3416.98
204800 80 2.97344 3161.49 107872 3431.81
204800 90 2.97344 3162.31 107883 3431.96
204800 100 2.97344 3155.77 107801 3423.6
409600 10 2.97344 9205.58 525282 9645.49
409600 20 2.97344 7355.06 292808 7867.25
409600 30 2.97344 6344.31 211204 6856.68
409600 40 2.97344 6292.2 214648 6809.35
409600 50 2.97344 6334.49 215144 6855.48
409600 60 2.97344 6340.19 215220 6863.04
409600 70 2.97344 6324.91 215046 6850.6
409600 80 2.97344 6355.15 215376 6885.01
409600 90 2.97344 6352.1 215329 6874.15
409600 100 2.97344 6323.72 215012 6842.91
819200 10 2.97344 18428.2 1.05021e+06 19261.5
819200 20 2.97344 14723 585107 15696.1
819200 30 2.97344 12678.3 421532 13666.9
819200 40 2.97344 12646.8 429285 13653.8
819200 50 2.97344 12673.9 429629 13690.6
819200 60 2.97344 12773.2 430701 13792.5
819200 70 2.97344 12691.1 429786 13707.8
819200 80 2.97344 12692.4 429784 13713.5
819200 90 2.97344 12745.3 430417 13768.6
819200 100 2.97344 12682.1 429676 13699.7
1638400 10 2.97344 36593.9 2.09673e+06 38205.4
1638400 20 2.97344 29223.3 1.16708e+06 31102.5
1638400 30 2.97344 25327.8 842099 27253.6
1638400 40 2.97344 25260.5 857331 27216.4
1638400 50 2.97344 25383.2 858850 27366.9
1638400 60 2.97344 25223.9 856948 27202.7
1638400 70 2.97344 25289.5 857675 27258.1
1638400 80 2.97344 25211.4 856801 27190.6
1638400 90 2.97344 25336.6 858237 27319.6
1638400 100 2.97344 25215.9 856805 27193.1
3276800 10 2.97344 74076.2 4.2034e+06 77191.1
3276800 20 2.97344 58430.4 2.33332e+06 62090
3276800 30 2.97344 50468.6 1.68118e+06 54210.3
3276800 40 2.97344 50454.7 1.71345e+06 54324.5
3276800 50 2.97344 50890.2 1.71842e+06 54821.6
3276800 60 2.97344 50968.4 1.71929e+06 54907.3
3276800 70 2.97344 50720.4 1.71622e+06 54611
3276800 80 2.97344 50855.8 1.71786e+06 54778
3276800 90 2.97344 50584.8 1.71489e+06 54504.7
3276800 100 2.97344 50786.8 1.71723e+06 54694.4
