n=193080 m=100 k=88
200 10 3.0439 2.8748 796.017 4.8301
200 20 3.0439 2.2032 777.068 3.7852
200 30 3.0439 1.852 825.24 3.1506
200 40 3.0439 1.8144 828.827 3.1005
200 50 3.0439 1.8197 828.901 3.0298
200 60 3.0439 1.8079 828.787 3.0265
200 70 3.0439 1.8547 829.265 3.0569
200 80 3.0439 1.8317 829.062 3.0583
200 90 3.0439 1.8258 828.953 3.0133
200 100 3.0439 1.9151 829.905 3.0673
400 10 3.0439 5.7168 1031.33 8.1178
400 20 3.0439 4.4188 904.525 6.7462
400 30 3.0439 3.8586 918.341 6.1034
400 40 3.0439 3.9434 924.712 6.1277
400 50 3.0439 3.861 923.885 6.0442
400 60 3.0439 3.8541 923.75 6.0252
400 70 3.0439 3.8324 923.51 6.026
400 80 3.0439 4.0111 925.238 6.0288
400 90 3.0439 3.9694 924.908 6.0606
400 100 3.0439 3.9316 924.552 6.0308
800 10 3.0439 11.4768 1503.57 14.1739
800 20 3.0439 8.7753 1155.71 11.5207
800 30 3.0439 7.7482 1094.96 10.4751
800 40 3.0439 7.719 1102.95 10.8503
800 50 3.0439 7.7151 1102.77 10.8035
800 60 3.0439 7.7416 1102.92 10.733
800 70 3.0439 7.9225 1104.84 10.8053
800 80 3.0439 7.7782 1103.5 10.7964
800 90 3.0439 7.8882 1104.52 10.8277
800 100 3.0439 8.2304 1107.88 10.9153
1600 10 3.0439 23.1895 2451.5 26.3519
1600 20 3.0439 17.5678 1660.29 20.8109
1600 30 3.0439 15.5574 1454.93 18.8918
1600 40 3.0439 15.5414 1468.55 18.9021
1600 50 3.0439 15.7141 1470.24 18.9469
1600 60 3.0439 15.8601 1471.9 19.0968
1600 70 3.0439 15.7705 1470.43 18.8543
1600 80 3.0439 16.0274 1473.19 19.1221
1600 90 3.0439 16.002 1473.14 19.0499
1600 100 3.0439 16.0136 1473.05 19.0252
3200 10 3.0439 46.184 4342.17 50.1519
3200 20 3.0439 35.3337 2674.95 39.5051
3200 30 3.0439 31.3097 2175.72 35.5398
3200 40 3.0439 31.4786 2203.16 35.8925
3200 50 3.0439 31.6215 2204.24 35.6409
3200 60 3.0439 31.8768 2206.92 35.7829
3200 70 3.0439 31.9076 2206.82 35.6811
3200 80 3.0439 32.1202 2208.43 35.7427
3200 90 3.0439 32.2017 2209.11 35.6702
3200 100 3.0439 31.9263 2206.62 35.6405
6400 10 3.0439 92.1961 8125.65 98.1686
6400 20 3.0439 70.6816 4701.63 76.4792
6400 30 3.0439 62.6846 3613.8 68.5986
6400 40 3.0439 63.3031 3668.88 69.4663
6400 50 3.0439 63.1926 3666.95 69.0705
6400 60 3.0439 63.8849 3673 69.0076
6400 70 3.0439 64.2707 3677.67 69.1548
6400 80 3.0439 64.6023 3680.26 69.0251
6400 90 3.0439 64.9671 3683.32 69.0067
6400 100 3.0439 64.5386 3678.99 68.9717
12800 10 3.0439 185.664 15706.4 195.303
12800 20 3.0439 141.22 8753.25 150.701
12800 30 3.0439 125.7 6493.28 134.907
12800 40 3.0439 127.192 6602.94 136.536
12800 50 3.0439 127.393 6605.28 136.837
12800 60 3.0439 127.736 6605.63 136.066
12800 70 3.0439 128.844 6617.94 136.409
12800 80 3.0439 128.626 6612.79 135.119
12800 90 3.0439 130.637 6634.71 136.387
12800 100 3.0439 131.327 6640.73 136.11
25600 10 3.0439 370.07 30839.9 388.681
25600 20 3.0439 285.92 16896.7 303.915
25600 30 3.0439 251.59 12249.8 267.664
25600 40 3.0439 253.765 12458.1 268.73
25600 50 3.0439 254.784 12466.3 268.723
25600 60 3.0439 256.052 12479.4 269.454
25600 70 3.0439 257.973 12497.9 270.299
25600 80 3.0439 259.43 12510.4 270.112
25600 90 3.0439 260.065 12515.6 270.363
25600 100 3.0439 261.804 12530.2 269.75
51200 10 3.0439 746.15 61193 780.257
51200 20 3.0439 573.104 33163.2 608.482
51200 30 3.0439 507.033 23803 538.723
51200 40 3.0439 508.716 24189.8 538.086
51200 50 3.0439 509.093 24183.5 535.329
51200 60 3.0439 515.222 24250.6 539.268
51200 70 3.0439 517.045 24266.7 540.361
51200 80 3.0439 519.912 24292.3 541.493
51200 90 3.0439 523.469 24325.5 541.129
51200 100 3.0439 524.468 24334.5 539.931
102400 10 3.0439 1475.44 121617 1531.55
102400 20 3.0439 1140.47 65612.4 1202.76
102400 30 3.0439 1011.43 46837 1066.93
102400 40 3.0439 1024.31 47717.9 1074.9
102400 50 3.0439 1021.51 47666.5 1066.74
102400 60 3.0439 1027.66 47730.1 1067.91
102400 70 3.0439 1036.49 47823.5 1071.95
102400 80 3.0439 1040.91 47850.7 1070.89
102400 90 3.0439 1043.76 47876 1069.77
102400 100 3.0439 1052.26 47957.6 1071.85
