n=207205 m=100 k=77
200 10 2.90019 2.9699 797.079 4.9486
200 20 2.90019 2.2471 777.737 3.8553
200 30 2.90019 1.8564 825.347 3.1762
200 40 2.90019 1.8742 829.571 3.1356
200 50 2.90019 1.894 829.74 3.0859
200 60 2.90019 1.9174 830.044 3.1292
200 70 2.90019 1.91 829.98 3.1069
200 80 2.90019 1.9105 829.911 3.097
200 90 2.90019 1.9177 829.922 3.0871
200 100 2.90019 1.9406 830.179 3.0887
400 10 2.90019 5.9355 1033.91 8.3664
400 20 2.90019 4.5795 906.305 6.9133
400 30 2.90019 3.9744 919.635 6.1946
400 40 2.90019 3.9934 925.432 6.241
400 50 2.90019 4.0729 926.213 6.24
400 60 2.90019 4.0044 925.428 6.1429
400 70 2.90019 4.0641 926.111 6.2113
400 80 2.90019 4.0443 925.843 6.1527
400 90 2.90019 4.0943 926.371 6.1841
400 100 2.90019 4.0732 926.034 6.1075
800 10 2.90019 11.9085 1509.2 14.6334
800 20 2.90019 9.0643 1158.99 11.8123
800 30 2.90019 7.9539 1097.43 10.6942
800 40 2.90019 7.9111 1105.46 10.7151
800 50 2.90019 8.0026 1106.37 10.7216
800 60 2.90019 8.0272 1106.53 10.7003
800 70 2.90019 8.244 1108.9 10.8814
800 80 2.90019 8.1259 1107.53 10.7119
800 90 2.90019 8.1975 1108.27 10.7551
800 100 2.90019 8.218 1108.3 10.733
1600 10 2.90019 23.7996 2459.57 27.0078
1600 20 2.90019 18.4224 1670.51 21.71
1600 30 2.90019 16.1482 1461.56 19.4089
1600 40 2.90019 16.0597 1474.83 19.3031
1600 50 2.90019 16.2925 1477.25 19.4531
1600 60 2.90019 16.3505 1477.79 19.4328
1600 70 2.90019 16.4077 1478.05 19.3521
1600 80 2.90019 16.2535 1476.33 19.2056
1600 90 2.90019 16.6594 1480.61 19.465
1600 100 2.90019 16.4248 1478.07 19.3239
3200 10 2.90019 47.6135 4361.18 51.8894
3200 20 2.90019 36.8701 2693.21 41.05
3200 30 2.90019 32.2474 2186.5 36.4291
3200 40 2.90019 32.3432 2213.3 36.4341
3200 50 2.90019 32.5594 2215.42 36.5047
3200 60 2.90019 32.695 2216.85 36.5509
3200 70 2.90019 32.8918 2219.06 36.7093
3200 80 2.90019 33.1975 2221.11 36.4856
3200 90 2.90019 33.0999 2220.27 36.4609
3200 100 2.90019 33.5622 2224.75 36.6402
6400 10 2.90019 95.3149 8164.6 101.566
6400 20 2.90019 73.322 4733.02 79.242
6400 30 2.90019 64.6445 3636.28 70.4251
6400 40 2.90019 65.3998 3694.39 71.149
6400 50 2.90019 65.5063 3694.04 70.6909
6400 60 2.90019 65.83 3697.34 70.775
6400 70 2.90019 66.2762 3701.75 70.9048
6400 80 2.90019 66.2519 3702.07 71.1384
6400 90 2.90019 66.5555 3703.87 70.9382
6400 100 2.90019 66.7576 3706.88 71.364
12800 10 2.90019 191.804 15786.1 203.025
12800 20 2.90019 146.999 8821.31 156.801
12800 30 2.90019 129.437 6535.75 138.739
12800 40 2.90019 130.4 6642.21 139.675
12800 50 2.90019 130.727 6645.22 139.831
12800 60 2.90019 131.848 6655.34 139.951
12800 70 2.90019 132.409 6660.59 139.853
12800 80 2.90019 132.819 6664.2 139.751
12800 90 2.90019 133.184 6667.55 139.677
12800 100 2.90019 133.898 6674.1 139.037
25600 10 2.90019 381.795 30990.1 402.381
25600 20 2.90019 293.801 16992.8 312.175
25600 30 2.90019 258.97 12334.5 276.549
25600 40 2.90019 260.437 12540.3 276.719
25600 50 2.90019 263.167 12569 278.247
25600 60 2.90019 264.76 12582.3 278.545
25600 70 2.90019 266.191 12594 278.054
25600 80 2.90019 265.795 12586.2 276.446
25600 90 2.90019 267.747 12608.4 277.826
25600 100 2.90019 267.776 12605.7 276.723
51200 10 2.90019 771.507 61519.8 809.254
51200 20 2.90019 587.614 33335 622.543
51200 30 2.90019 520.529 23956.1 551.884
51200 40 2.90019 523.707 24370 553.845
51200 50 2.90019 527.582 24407.5 554.824
51200 60 2.90019 527.993 24404.2 552.64
51200 70 2.90019 532.673 24450.4 554.882
51200 80 2.90019 534.348 24469 555.277
51200 90 2.90019 535.844 24475.4 552.745
51200 100 2.90019 538.029 24498.7 554.479
102400 10 2.90019 1543.08 122473 1608.69
102400 20 2.90019 1187.12 66156.5 1251.86
102400 30 2.90019 1046.45 47233.8 1105.39
102400 40 2.90019 1055.59 48090.4 1110.33
102400 50 2.90019 1064.37 48183.3 1113.78
102400 60 2.90019 1067.03 48198.4 1111.21
102400 70 2.90019 1071.25 48231.4 1110.17
102400 80 2.90019 1078.33 48302.5 1113.19
102400 90 2.90019 1079.22 48301 1109.08
102400 100 2.90019 1082.91 48331.7 1107.47
204800 10 2.90019 3054.4 244012 3176.13
204800 20 2.90019 2343.5 131317 2460.04
204800 30 2.90019 2070.76 93499 2175.51
204800 40 2.90019 2077.77 95048.9 2170.89
204800 50 2.90019 2094.25 95222.1 2176.52
204800 60 2.90019 2105.89 95324 2177.34
204800 70 2.90019 2108.56 95318.3 2172.85
204800 80 2.90019 2131.05 95569.4 2184.35
204800 90 2.90019 2145.08 95714.6 2190.22
204800 100 2.90019 2153.6 95783.1 2187.14
