n=207205 m=100 k=77
200 10 2.90019 9.5769 2.0654e-06
200 20 2.90019 18.5825 1.792e-06
200 30 2.90019 27.1896 1.8229e-06
200 40 2.90019 35.6479 1.8937e-06
200 50 2.90019 44.4563 1.9534e-06
200 60 2.90019 52.9098 2.0489e-06
200 70 2.90019 60.3557 2.0924e-06
200 80 2.90019 69.7212 2.1664e-06
200 90 2.90019 78.3945 2.2616e-06
200 100 2.90019 85.8775 2.2652e-06
400 10 2.90019 9.8208 1.8882e-06
400 20 2.90019 18.7027 1.9332e-06
400 30 2.90019 27.4873 1.9274e-06
400 40 2.90019 36.4358 2.0714e-06
400 50 2.90019 44.8066 2.0106e-06
400 60 2.90019 53.3099 2.1379e-06
400 70 2.90019 61.7511 2.216e-06
400 80 2.90019 69.8057 2.2305e-06
400 90 2.90019 77.7681 2.3354e-06
400 100 2.90019 85.5251 2.3639e-06
800 10 2.90019 10.2309 2.1872e-06
800 20 2.90019 18.9496 2.0529e-06
800 30 2.90019 27.792 2.1932e-06
800 40 2.90019 36.2336 2.2878e-06
800 50 2.90019 44.7425 2.2836e-06
800 60 2.90019 53.1682 2.3239e-06
800 70 2.90019 61.3025 2.496e-06
800 80 2.90019 70.1294 2.3648e-06
800 90 2.90019 77.7694 2.4964e-06
800 100 2.90019 85.8234 2.5387e-06
1600 10 2.90019 11.0231 2.7074e-06
1600 20 2.90019 19.5207 2.3896e-06
1600 30 2.90019 28.2336 2.3819e-06
1600 40 2.90019 36.7306 2.4589e-06
1600 50 2.90019 45.7242 2.4719e-06
1600 60 2.90019 54.051 2.5241e-06
1600 70 2.90019 62.3399 2.5478e-06
1600 80 2.90019 70.3825 2.5351e-06
1600 90 2.90019 78.7138 2.6999e-06
1600 100 2.90019 86.5974 2.7429e-06
3200 10 2.90019 12.9065 3.6831e-06
3200 20 2.90019 20.7062 3.061e-06
3200 30 2.90019 29.1796 2.8966e-06
3200 40 2.90019 37.797 2.9188e-06
3200 50 2.90019 46.1659 2.9211e-06
3200 60 2.90019 54.4396 2.9566e-06
3200 70 2.90019 62.8419 2.973e-06
3200 80 2.90019 71.6633 2.9337e-06
3200 90 2.90019 78.6434 2.9627e-06
3200 100 2.90019 87.0734 3.0664e-06
6400 10 2.90019 16.9195 5.7565e-06
6400 20 2.90019 22.866 4.306e-06
6400 30 2.90019 31.0927 3.8641e-06
6400 40 2.90019 39.5405 3.6837e-06
6400 50 2.90019 47.8857 3.6818e-06
6400 60 2.90019 56.8084 3.5919e-06
6400 70 2.90019 64.5789 3.6615e-06
6400 80 2.90019 73.6499 3.5767e-06
6400 90 2.90019 82.0228 3.6282e-06
6400 100 2.90019 89.6951 3.6473e-06
12800 10 2.90019 24.1847 9.7622e-06
12800 20 2.90019 27.6995 6.8094e-06
12800 30 2.90019 35.1863 5.9168e-06
12800 40 2.90019 43.1471 5.5146e-06
12800 50 2.90019 52.176 5.2878e-06
12800 60 2.90019 60.1635 5.1248e-06
12800 70 2.90019 68.62 4.8736e-06
12800 80 2.90019 78.2583 4.8023e-06
12800 90 2.90019 86.892 4.8191e-06
12800 100 2.90019 95.0751 4.7536e-06
25600 10 2.90019 40.5763 1.77787e-05
25600 20 2.90019 35.9689 1.15366e-05
25600 30 2.90019 42.8431 9.6602e-06
25600 40 2.90019 50.2198 8.6529e-06
25600 50 2.90019 58.9971 8.1854e-06
25600 60 2.90019 68.4383 7.8839e-06
25600 70 2.90019 77.2915 7.6756e-06
25600 80 2.90019 86.8796 7.3995e-06
25600 90 2.90019 95.1361 7.2216e-06
25600 100 2.90019 104.874 7.1649e-06
51200 10 2.90019 67.8544 3.36202e-05
51200 20 2.90019 54.7379 2.10922e-05
51200 30 2.90019 57.0192 1.71257e-05
51200 40 2.90019 64.9343 1.52908e-05
51200 50 2.90019 75.5437 1.42472e-05
51200 60 2.90019 84.7866 1.337e-05
51200 70 2.90019 94.6234 1.27515e-05
51200 80 2.90019 103.804 1.23378e-05
51200 90 2.90019 114.806 1.19958e-05
51200 100 2.90019 122.839 1.15435e-05
102400 10 2.90019 129.022 6.54572e-05
102400 20 2.90019 97.699 4.10643e-05
102400 30 2.90019 94.8419 3.32243e-05
102400 40 2.90019 101.024 2.87102e-05
102400 50 2.90019 111.007 2.62832e-05
102400 60 2.90019 118.417 2.45761e-05
102400 70 2.90019 130.538 2.3213e-05
102400 80 2.90019 141.304 2.21115e-05
102400 90 2.90019 150.913 2.11656e-05
102400 100 2.90019 163.399 2.04742e-05
204800 10 2.90019 259.246 0.000128454
204800 20 2.90019 199.096 8.086e-05
204800 30 2.90019 180.591 6.09105e-05
204800 40 2.90019 182.817 5.17587e-05
204800 50 2.90019 191.728 4.69959e-05
204800 60 2.90019 197.911 4.38257e-05
204800 70 2.90019 209.718 4.1039e-05
204800 80 2.90019 218.8 3.8753e-05
204800 90 2.90019 227.76 3.6935e-05
204800 100 2.90019 239.859 3.52893e-05
