n=421419 m=100 k=78
200 10 3.00892 9.4997 5226.11 6.4289
200 20 3.00892 18.1598 5883.21 6.7191
200 30 3.00892 26.4609 6530.25 7.5886
200 40 3.00892 34.3819 6310.43 9.4801
200 50 3.00892 42.446 6874.81 10.6663
200 60 3.00892 50.7119 7118.94 11.2209
200 70 3.00892 57.3164 7589.69 11.8444
200 80 3.00892 66.4053 7879.53 12.5392
200 90 3.00892 73.6034 8155.73 13.2476
200 100 3.00892 79.4854 8675.35 13.8139
400 10 3.00892 9.7327 5533.31 9.3163
400 20 3.00892 18.2784 5654.16 8.6072
400 30 3.00892 26.704 6105.21 9.0292
400 40 3.00892 34.9549 6437.95 10.7212
400 50 3.00892 43.1801 6689.04 11.9288
400 60 3.00892 50.7003 7184.79 12.4925
400 70 3.00892 57.8909 7396.79 13.0762
400 80 3.00892 66.5889 8102.65 13.7854
400 90 3.00892 72.8534 8424.63 14.4284
400 100 3.00892 79.9734 8351.03 14.7366
800 10 3.00892 10.2689 6054.25 14.4494
800 20 3.00892 18.639 5779.73 12.211
800 30 3.00892 27.0607 6233.69 11.8314
800 40 3.00892 35.3787 6951.78 13.5541
800 50 3.00892 43.4484 6894.61 14.2611
800 60 3.00892 50.9709 7479.61 14.7046
800 70 3.00892 58.5796 7722.17 15.0332
800 80 3.00892 66.29 7951.79 15.5125
800 90 3.00892 73.7263 8372.77 16.1817
800 100 3.00892 81.4492 8621.22 16.6818
1600 10 3.00892 11.1775 6761.52 23.5483
1600 20 3.00892 19.2074 6396.63 18.4311
1600 30 3.00892 27.5348 6815.42 17.1031
1600 40 3.00892 35.7991 7107.75 18.0622
1600 50 3.00892 43.5709 7375.06 18.9587
1600 60 3.00892 51.7245 7556.37 18.9534
1600 70 3.00892 59.7897 8053.92 19.2964
1600 80 3.00892 67.2093 8194.75 19.2802
1600 90 3.00892 74.5723 8714.33 19.9042
1600 100 3.00892 81.5606 9079.65 20.0065
3200 10 3.00892 12.9713 7948.57 40.5822
3200 20 3.00892 20.593 7390.39 30.1241
3200 30 3.00892 28.7954 7457.36 26.4545
3200 40 3.00892 36.7288 7400 26.446
3200 50 3.00892 45.1844 7831.76 26.4959
3200 60 3.00892 52.9227 7946.43 26.0722
3200 70 3.00892 60.9392 8278.54 25.9041
3200 80 3.00892 67.9088 8675.46 26.4341
3200 90 3.00892 75.4186 9179.73 26.5122
3200 100 3.00892 83.0322 9097.25 26.601
6400 10 3.00892 16.7819 10678.1 73.238
6400 20 3.00892 22.5198 8667.55 50.5166
6400 30 3.00892 30.7889 8900.41 43.8263
6400 40 3.00892 38.2152 8392.49 41.7938
6400 50 3.00892 46.5762 8557.61 40.8055
6400 60 3.00892 54.5436 8974.74 40.0173
6400 70 3.00892 62.3794 9069.6 39.1094
6400 80 3.00892 69.4346 9366.04 39.0053
6400 90 3.00892 76.6629 9819.48 39.2847
6400 100 3.00892 85.1258 9777.07 38.7403
12800 10 3.00892 24.8704 16216.7 139.81
12800 20 3.00892 27.5224 12251 94.6266
12800 30 3.00892 33.8491 10760.5 77.9623
12800 40 3.00892 42.0532 10855 72.7772
12800 50 3.00892 49.9228 10599.9 68.8495
12800 60 3.00892 57.8136 10695 66.9353
12800 70 3.00892 65.4683 11013.9 65.6598
12800 80 3.00892 73.6771 11094.4 63.7773
12800 90 3.00892 80.6101 11013.2 62.9166
12800 100 3.00892 88.6024 11364.1 61.0376
25600 10 3.00892 40.4787 27273.1 270.087
25600 20 3.00892 36.6443 18957.4 177.865
25600 30 3.00892 41.8401 16424.7 144.851
25600 40 3.00892 48.8705 15255.1 131.506
25600 50 3.00892 56.6741 14719.6 123.639
25600 60 3.00892 64.2324 14402.4 119.197
25600 70 3.00892 72.1879 14090.8 114.163
25600 80 3.00892 80.9613 14514.3 111.954
25600 90 3.00892 87.6449 14201.6 111.296
25600 100 3.00892 95.9533 14236.3 107.925
51200 10 3.00892 68.0851 48815.5 540.38
51200 20 3.00892 54.5084 31963 346.012
51200 30 3.00892 58.6587 27135.2 284.559
51200 40 3.00892 63.8825 24283 255.366
51200 50 3.00892 70.2131 22667.9 237.054
51200 60 3.00892 78.3809 21635.6 221.574
51200 70 3.00892 85.6488 20955 212.144
51200 80 3.00892 93.9486 20568.5 205.991
51200 90 3.00892 102.281 20400.5 201.135
51200 100 3.00892 110.452 19902.6 193.014
102400 10 3.00892 132.143 92491.3 1048.4
102400 20 3.00892 90.2923 58618.3 669.827
102400 30 3.00892 88.5945 47664.9 546.381
102400 40 3.00892 93.2683 42123.1 493.525
102400 50 3.00892 98.4103 38589.8 459.235
102400 60 3.00892 103.457 36083.3 424.052
102400 70 3.00892 111.482 34217.9 401.276
102400 80 3.00892 121.836 33274.4 390.086
102400 90 3.00892 131.741 32625.2 378.44
102400 100 3.00892 138.375 31695.4 364.958
204800 10 3.00892 256.89 179920 2095.39
204800 20 3.00892 165.312 112085 1317.54
204800 30 3.00892 155.801 89698 1077.58
204800 40 3.00892 152.555 77712.1 960.358
204800 50 3.00892 154.946 70434.8 871.119
204800 60 3.00892 166.368 65871.9 818.367
204800 70 3.00892 173.303 61947.9 780.824
204800 80 3.00892 181.74 59191.3 755.029
204800 90 3.00892 191.44 57115.7 730.825
204800 100 3.00892 198.648 55009.8 698.638
409600 10 3.00892 528.133 355504 4209.92
409600 20 3.00892 353.237 219716 2626.15
409600 30 3.00892 300.045 172757 2150.67
409600 40 3.00892 292.399 149077 1891.66
409600 50 3.00892 292.637 134246 1723.25
409600 60 3.00892 285.751 123583 1606.04
409600 70 3.00892 291.491 116317 1532.74
409600 80 3.00892 304.866 110673 1487.77
409600 90 3.00892 309.47 105715 1425.67
409600 100 3.00892 324.785 102333 1384.4
