n=207205 m=100 k=77
200 10 2.90019 9.5477 4942.84 5.8167
200 20 2.90019 18.331 5066.32 6.0104
200 30 2.90019 27.24 5603.23 6.6159
200 40 2.90019 35.8793 6074.55 8.6695
200 50 2.90019 44.4159 6219.15 9.8539
200 60 2.90019 52.7011 6640.89 10.4156
200 70 2.90019 60.6641 6894.84 10.8103
200 80 2.90019 70.369 6926.29 11.3526
200 90 2.90019 79.3479 7490.81 11.8416
200 100 2.90019 86.7429 8152.9 12.5703
400 10 2.90019 9.8649 5080.99 7.7752
400 20 2.90019 18.8172 5414.12 7.2762
400 30 2.90019 27.7325 5512.83 7.4025
400 40 2.90019 36.5152 5730.14 9.2722
400 50 2.90019 45.4276 5810.27 10.3916
400 60 2.90019 54.1348 6245.3 10.8231
400 70 2.90019 61.9485 6833.06 11.3935
400 80 2.90019 70.8071 7132.3 11.871
400 90 2.90019 79.1975 7436.63 12.5473
400 100 2.90019 86.1905 7418.31 12.9478
800 10 2.90019 10.2098 5328.18 11.4793
800 20 2.90019 18.9979 5089.09 9.508
800 30 2.90019 27.8177 5637.48 9.4263
800 40 2.90019 36.8758 5784.88 10.874
800 50 2.90019 45.364 5812.36 11.9526
800 60 2.90019 53.9913 6557.19 12.4596
800 70 2.90019 61.9993 6889.8 12.8804
800 80 2.90019 70.494 7014.11 13.4107
800 90 2.90019 79.1906 7696.06 13.6911
800 100 2.90019 86.7029 7798.49 14.3563
1600 10 2.90019 11.0353 5968.23 18.9697
1600 20 2.90019 19.506 5621 14.5663
1600 30 2.90019 28.4443 5845.44 13.3882
1600 40 2.90019 37.257 6119.84 14.6201
1600 50 2.90019 46.0035 6348.26 15.0499
1600 60 2.90019 54.2623 6436.17 15.0537
1600 70 2.90019 62.8076 6640.15 15.0931
1600 80 2.90019 71.7286 7043.26 15.3632
1600 90 2.90019 80.6872 7545.96 15.6743
1600 100 2.90019 88.5374 7729.25 15.9199
3200 10 2.90019 12.3422 7152.61 30.1477
3200 20 2.90019 20.3282 6148.77 20.9933
3200 30 2.90019 29.2211 6308.29 19.1432
3200 40 2.90019 38.1299 6164.68 19.1625
3200 50 2.90019 46.9969 6222.29 19.6505
3200 60 2.90019 55.6098 6739.8 19.7452
3200 70 2.90019 64.1307 6865.46 19.5445
3200 80 2.90019 72.6947 7295.55 19.9559
3200 90 2.90019 80.9197 7409.39 20.3539
3200 100 2.90019 89.4919 8105.73 20.8384
6400 10 2.90019 15.8277 9647.3 56.9355
6400 20 2.90019 22.2902 7931.3 38.5642
6400 30 2.90019 30.8556 7482.71 31.9128
6400 40 2.90019 39.5718 7279.9 31.2129
6400 50 2.90019 48.7284 7706.49 30.5386
6400 60 2.90019 57.2133 7526.29 29.5091
6400 70 2.90019 66.0672 7916.28 29.4017
6400 80 2.90019 74.3335 7926.57 29.5526
6400 90 2.90019 82.759 8394.6 29.2246
6400 100 2.90019 90.4828 8670.68 29.4959
12800 10 2.90019 20.9007 14358.1 107.702
12800 20 2.90019 26.0399 10842.5 68.6018
12800 30 2.90019 33.5955 9589.67 56.3744
12800 40 2.90019 42.6749 9194.36 51.1266
12800 50 2.90019 51.5128 9081.42 48.0238
12800 60 2.90019 60.4927 9357.06 47.7239
12800 70 2.90019 69.8188 9226.73 45.7399
12800 80 2.90019 78.0477 9221.03 44.9062
12800 90 2.90019 86.9119 9457.47 43.35
12800 100 2.90019 96.0343 10061.5 42.7397
25600 10 2.90019 32.9809 24672 202.823
25600 20 2.90019 32.715 16795.3 126.76
25600 30 2.90019 40.1808 14345.8 102.081
25600 40 2.90019 49.2068 13193.8 90.9104
25600 50 2.90019 58.4179 12611.1 86.1497
25600 60 2.90019 67.6431 12599.7 82.8981
25600 70 2.90019 77.3212 12069.5 77.795
25600 80 2.90019 86.704 12021.8 75.6742
25600 90 2.90019 95.4724 12365.1 74.6544
25600 100 2.90019 104.335 12530.9 71.7722
51200 10 2.90019 57.4779 45162.2 411.381
51200 20 2.90019 46.3929 28565.7 248.158
51200 30 2.90019 53.1842 23324.3 194.762
51200 40 2.90019 60.8135 20255 170.257
51200 50 2.90019 70.3042 18777.5 152.594
51200 60 2.90019 80.9332 18116.8 147.508
51200 70 2.90019 92.6459 17730.3 141.181
51200 80 2.90019 101.364 17328.8 136.382
51200 90 2.90019 112.482 17199.2 131.344
51200 100 2.90019 121.029 16907.6 129.399
102400 10 2.90019 109.991 86141 802.597
102400 20 2.90019 77.8797 52435 479.056
102400 30 2.90019 84.2748 41829.1 380.929
102400 40 2.90019 93.2543 36300.6 336.979
102400 50 2.90019 100.794 32534.6 302.357
102400 60 2.90019 110.94 30408.6 280.519
102400 70 2.90019 123.032 28871 267.076
102400 80 2.90019 133.772 27469.4 254.969
102400 90 2.90019 146.289 27027.7 248.695
102400 100 2.90019 159.821 26747.2 241.174
204800 10 2.90019 219.53 167330 1580.08
204800 20 2.90019 172.34 100711 960.916
204800 30 2.90019 164.497 77990.4 749.677
204800 40 2.90019 163.673 66137.9 639.761
204800 50 2.90019 178.809 59619 594.528
204800 60 2.90019 186.383 54955.8 542.975
204800 70 2.90019 189.663 50710.2 510.069
204800 80 2.90019 205.343 48761.9 486.609
204800 90 2.90019 217.72 46936 475.141
204800 100 2.90019 228.871 45363.8 451.529
