n=421419 m=100 k=78
200 10 3.00892 9.5397 2.1328e-06
200 20 3.00892 18.1326 1.9246e-06
200 30 3.00892 26.4189 2.0191e-06
200 40 3.00892 34.3879 2.0581e-06
200 50 3.00892 42.4818 2.0887e-06
200 60 3.00892 50.7437 2.1489e-06
200 70 3.00892 57.4352 2.2652e-06
200 80 3.00892 66.3335 2.3285e-06
200 90 3.00892 74.1907 2.4026e-06
200 100 3.00892 80.0431 2.4158e-06
400 10 3.00892 9.7676 2.0286e-06
400 20 3.00892 18.4071 1.9775e-06
400 30 3.00892 26.7084 2.1663e-06
400 40 3.00892 34.8717 2.1993e-06
400 50 3.00892 43.0171 2.234e-06
400 60 3.00892 51.046 2.3225e-06
400 70 3.00892 57.8793 2.3755e-06
400 80 3.00892 65.8064 2.4212e-06
400 90 3.00892 73.3089 2.4798e-06
400 100 3.00892 80.4688 2.4913e-06
800 10 3.00892 10.2235 2.3066e-06
800 20 3.00892 18.6158 2.2791e-06
800 30 3.00892 26.9093 2.3356e-06
800 40 3.00892 35.3515 2.3127e-06
800 50 3.00892 43.5005 2.4581e-06
800 60 3.00892 50.8035 2.4557e-06
800 70 3.00892 58.6821 2.4981e-06
800 80 3.00892 66.3516 2.5489e-06
800 90 3.00892 73.9624 2.6367e-06
800 100 3.00892 80.1211 2.7052e-06
1600 10 3.00892 11.2464 2.8851e-06
1600 20 3.00892 19.2516 2.5662e-06
1600 30 3.00892 27.5012 2.5501e-06
1600 40 3.00892 35.8622 2.5792e-06
1600 50 3.00892 43.9724 2.6189e-06
1600 60 3.00892 51.7465 2.696e-06
1600 70 3.00892 59.5217 2.8081e-06
1600 80 3.00892 66.8714 2.785e-06
1600 90 3.00892 74.2122 2.9026e-06
1600 100 3.00892 82.2023 2.8783e-06
3200 10 3.00892 13.0165 3.914e-06
3200 20 3.00892 20.3922 3.1601e-06
3200 30 3.00892 28.7256 3.0707e-06
3200 40 3.00892 36.6225 3.0256e-06
3200 50 3.00892 44.7192 3.0664e-06
3200 60 3.00892 53.0354 3.1128e-06
3200 70 3.00892 60.731 3.1009e-06
3200 80 3.00892 68.0111 3.1935e-06
3200 90 3.00892 76.0396 3.1559e-06
3200 100 3.00892 82.4632 3.2078e-06
6400 10 3.00892 16.689 5.9616e-06
6400 20 3.00892 22.6689 4.5276e-06
6400 30 3.00892 30.4513 4.1972e-06
6400 40 3.00892 38.2988 3.9485e-06
6400 50 3.00892 46.7013 3.8751e-06
6400 60 3.00892 54.3881 3.7616e-06
6400 70 3.00892 62.5707 3.7667e-06
6400 80 3.00892 69.813 3.7824e-06
6400 90 3.00892 77.4495 3.7968e-06
6400 100 3.00892 84.9595 3.8355e-06
12800 10 3.00892 23.5364 1.00858e-05
12800 20 3.00892 26.9092 7.1088e-06
12800 30 3.00892 34.1356 6.2755e-06
12800 40 3.00892 42.0175 5.8701e-06
12800 50 3.00892 49.88 5.6119e-06
12800 60 3.00892 57.8025 5.4644e-06
12800 70 3.00892 65.8065 5.3431e-06
12800 80 3.00892 73.0452 5.3026e-06
12800 90 3.00892 80.749 5.2413e-06
12800 100 3.00892 88.785 5.1081e-06
25600 10 3.00892 36.9964 1.82386e-05
25600 20 3.00892 35.0953 1.2166e-05
25600 30 3.00892 41.1386 1.03762e-05
25600 40 3.00892 47.7384 9.4109e-06
25600 50 3.00892 56.1996 8.941e-06
25600 60 3.00892 64.8799 8.6167e-06
25600 70 3.00892 72.1326 8.2219e-06
25600 80 3.00892 79.9731 8.0509e-06
25600 90 3.00892 88.6502 7.9388e-06
25600 100 3.00892 96.4513 7.7236e-06
51200 10 3.00892 68.4776 3.46717e-05
51200 20 3.00892 52.9943 2.25687e-05
51200 30 3.00892 56.9495 1.88525e-05
51200 40 3.00892 63.107 1.69904e-05
51200 50 3.00892 70.0142 1.56405e-05
51200 60 3.00892 78.1546 1.47868e-05
51200 70 3.00892 85.4665 1.40926e-05
51200 80 3.00892 95.4754 1.36817e-05
51200 90 3.00892 103.498 1.3221e-05
51200 100 3.00892 111.315 1.28138e-05
102400 10 3.00892 131.464 6.7888e-05
102400 20 3.00892 93.3066 4.37642e-05
102400 30 3.00892 86.2962 3.60854e-05
102400 40 3.00892 89.7093 3.23678e-05
102400 50 3.00892 96.4804 3.00746e-05
102400 60 3.00892 101.686 2.82469e-05
102400 70 3.00892 112.704 2.69237e-05
102400 80 3.00892 120.97 2.56984e-05
102400 90 3.00892 129.989 2.36448e-05
102400 100 3.00892 137.121 2.27705e-05
204800 10 3.00892 243.643 0.000133178
204800 20 3.00892 164.577 8.46751e-05
204800 30 3.00892 154.77 6.98368e-05
204800 40 3.00892 145.307 6.18073e-05
204800 50 3.00892 151.468 5.70115e-05
204800 60 3.00892 163.497 5.37218e-05
204800 70 3.00892 164.868 5.07355e-05
204800 80 3.00892 175.465 4.83642e-05
204800 90 3.00892 188.217 4.65121e-05
204800 100 3.00892 194.764 4.49358e-05
409600 10 3.00892 502.929 0.000255112
409600 20 3.00892 342.075 0.000158706
409600 30 3.00892 288.44 0.000129053
409600 40 3.00892 290.311 0.000114264
409600 50 3.00892 278.82 0.000104973
409600 60 3.00892 290.329 9.81016e-05
409600 70 3.00892 287.368 9.24705e-05
409600 80 3.00892 301.024 8.75277e-05
409600 90 3.00892 299.854 8.3758e-05
409600 100 3.00892 308.063 8.03964e-05
