n=4638690 m=100 k=4
200 10 1.38617 13.4127 18957.1 32.7763
200 20 1.38617 14.0239 18166.2 30.4633
200 30 1.38617 14.3505 19366.5 29.6311
200 40 1.38617 13.8123 20207.6 29.9083
200 50 1.38617 12.2348 20331.8 31.1924
200 60 1.38617 18.9902 20889.3 33.399
200 70 1.38617 8.336 22059.4 33.4236
200 80 1.38617 14.7384 22580.8 36.5612
200 90 1.38617 26.2947 23682.4 39.3328
200 100 1.38617 22.2138 24455.2 38.6947
400 10 1.38617 21.3703 18603.8 56.8042
400 20 1.38617 20.2203 18548.4 49.2759
400 30 1.38617 20.3292 19524.5 45.7497
400 40 1.38617 20.3387 20000.9 44.5441
400 50 1.38617 20.1038 20173 44.4545
400 60 1.38617 20.7415 21142.6 44.559
400 70 1.38617 20.8638 22256.8 45.6513
400 80 1.38617 15.9133 23090.1 45.7661
400 90 1.38617 23.6303 23699.2 48.4523
400 100 1.38617 12.2934 24334.3 47.7998
800 10 1.38617 36.7262 19271 103.099
800 20 1.38617 33.2801 19296.4 85.7823
800 30 1.38617 32.4384 20172.6 76.999
800 40 1.38617 31.4098 21206.8 72.5762
800 50 1.38617 30.8178 21482.3 69.5971
800 60 1.38617 30.612 22160.1 68.0486
800 70 1.38617 29.849 22480.1 67.1379
800 80 1.38617 30.2694 23321.3 66.8536
800 90 1.38617 29.8819 24208.3 67.1241
800 100 1.38617 27.8148 25000.2 67.5663
1600 10 1.38617 68.0027 21234 192.582
1600 20 1.38617 58.892 20629.1 156.039
1600 30 1.38617 55.9468 21473.9 137.49
1600 40 1.38617 53.5625 21169.6 126.188
1600 50 1.38617 51.9757 21999.9 118.844
1600 60 1.38617 51.2384 23312.6 113.787
1600 70 1.38617 50.7455 23797.7 109.992
1600 80 1.38617 49.6764 23981.3 107.115
1600 90 1.38617 49.4018 25398.6 105.437
1600 100 1.38617 49.3923 25413.6 104.104
3200 10 1.38617 130.285 25572.4 366.675
3200 20 1.38617 110.987 24329.1 292.195
3200 30 1.38617 103.771 24403.6 256.27
3200 40 1.38617 98.895 24553.2 232.589
3200 50 1.38617 94.8349 24615.2 215.282
3200 60 1.38617 93.4647 25758.1 204.162
3200 70 1.38617 90.8932 25652.4 194.165
3200 80 1.38617 89.8554 26601.1 187.118
3200 90 1.38617 88.492 27301.3 181.24
3200 100 1.38617 87.308 27854.5 176.803
6400 10 1.38617 254.815 33579 702.063
6400 20 1.38617 211.909 30188.2 551.897
6400 30 1.38617 196.201 29408.7 480.455
6400 40 1.38617 187.505 29374.8 436.933
6400 50 1.38617 181.382 30026.5 405.828
6400 60 1.38617 174.964 29742.7 380.13
6400 70 1.38617 172.29 30110.1 361.287
6400 80 1.38617 170.174 31245.4 347.456
6400 90 1.38617 167.842 31499.6 334.171
6400 100 1.38617 166.682 32475.5 323.596
12800 10 1.38617 506.603 50201.8 1350.97
12800 20 1.38617 424.765 43801 1054.65
12800 30 1.38617 389.321 41657.7 913.889
12800 40 1.38617 366.458 39947.7 826.153
12800 50 1.38617 351.333 39333.2 765.796
12800 60 1.38617 341.708 39180.5 719.692
12800 70 1.38617 333.658 39002.7 683.856
12800 80 1.38617 326.948 39388.5 653.06
12800 90 1.38617 324.369 39525 629.51
12800 100 1.38617 319.701 39807.1 606.589
25600 10 1.38617 1003.99 82635 2613.59
25600 20 1.38617 826.662 68678.2 2014.32
25600 30 1.38617 765.701 63718 1743.84
25600 40 1.38617 721.654 60375.4 1577.4
25600 50 1.38617 699.988 59090.7 1467.57
25600 60 1.38617 668.539 56967.2 1374.09
25600 70 1.38617 653.993 55825.4 1313.03
25600 80 1.38617 649.834 56666.6 1263.24
25600 90 1.38617 639.699 56657 1213.82
25600 100 1.38617 633.201 56809.1 1171.27
51200 10 1.38617 1991.68 148078 5122.85
51200 20 1.38617 1655.97 120573 3923.05
51200 30 1.38617 1510.59 108272 3372.19
51200 40 1.38617 1427.89 101269 3043.04
51200 50 1.38617 1379.65 97513 2831.94
51200 60 1.38617 1336.77 94598.4 2674.73
51200 70 1.38617 1302.56 92116.3 2552.95
51200 80 1.38617 1279.24 90821.5 2448.28
51200 90 1.38617 1264.49 89782.1 2365.84
51200 100 1.38617 1242.44 88326.3 2278.28
102400 10 1.38617 3998.51 279417 10110.6
102400 20 1.38617 3290.87 223249 7667.24
102400 30 1.38617 3054.6 199938 6593.79
102400 40 1.38617 2869.23 184713 5932.32
102400 50 1.38617 2746.82 174656 5517.22
102400 60 1.38617 2653.36 167515 5228.4
102400 70 1.38617 2592.79 162401 5012.09
102400 80 1.38617 2548.11 159156 4823.03
102400 90 1.38617 2529.48 157343 4667.67
102400 100 1.38617 2485.47 154167 4501.9
204800 10 1.38617 7849.31 536950 19870.2
204800 20 1.38617 6471.96 425276 15049.1
204800 30 1.38617 6043.1 378682 12918.9
204800 40 1.38617 5701.87 349257 11666.7
204800 50 1.38617 5503.34 330089 10876.8
204800 60 1.38617 5305.96 314377 10272.8
204800 70 1.38617 5172.31 304317 9872.09
204800 80 1.38617 5106.69 297115 9536.77
204800 90 1.38617 5010.4 290055 9203.3
204800 100 1.38617 4948.44 284765 8907.78
409600 10 1.38617 15536.4 1.05603e+06 39597.2
409600 20 1.38617 13084.3 835661 29803.5
409600 30 1.38617 12005.4 737227 25514.2
409600 40 1.38617 11411.1 680120 23062.3
409600 50 1.38617 10941.4 639307 21500
409600 60 1.38617 10546.3 607934 20538.1
409600 70 1.38617 10365.4 587704 19765.2
409600 80 1.38617 10159 570580 19105.8
409600 90 1.38617 10045.7 558727 18556.3
409600 100 1.38617 9911.47 547851 17982.8
819200 10 1.38617 31586.8 2.10278e+06 79351.2
819200 20 1.38617 26118.6 1.65621e+06 59578.3
819200 30 1.38617 24287.6 1.46436e+06 51106.2
819200 40 1.38617 22697.3 1.33747e+06 45998.7
819200 50 1.38617 21836.4 1.25509e+06 42767.2
819200 60 1.38617 21210.6 1.19691e+06 40796.6
819200 70 1.38617 20703.7 1.15354e+06 39283.9
819200 80 1.38617 20373.3 1.11997e+06 38065.6
819200 90 1.38617 20092.4 1.09323e+06 36899.5
819200 100 1.38617 19806.7 1.0709e+06 35800
1638400 10 1.38617 63087.4 4.19917e+06 158629
1638400 20 1.38617 52604.2 3.30596e+06 119147
1638400 30 1.38617 48050.3 2.89757e+06 101403
1638400 40 1.38617 45460.8 2.65844e+06 91490.5
1638400 50 1.38617 43455.8 2.4866e+06 85267.5
1638400 60 1.38617 42566.9 2.37874e+06 81559.4
1638400 70 1.38617 41430.3 2.28607e+06 78326.7
1638400 80 1.38617 40714 2.21684e+06 75832.5
1638400 90 1.38617 40133.9 2.1643e+06 73715.1
1638400 100 1.38617 39620.8 2.11765e+06 71488.4
3276800 10 1.38617 126223 8.36323e+06 316278
3276800 20 1.38617 104765 6.58428e+06 237704
3276800 30 1.38617 95827.6 5.7724e+06 202725
3276800 40 1.38617 91509 5.29903e+06 182318
3276800 50 1.38617 86946.9 4.95622e+06 170176
3276800 60 1.38617 84825.4 4.73111e+06 162408
3276800 70 1.38617 82392.4 4.53978e+06 156090
3276800 80 1.38617 81417.6 4.41467e+06 151493
3276800 90 1.38617 80485 4.31066e+06 147375
3276800 100 1.38617 79229.3 4.21111e+06 142798
