n=4638690 m=100 k=4
200 10 1.38617 0.1472 2082.89 2.8896
200 20 1.38617 0.0339 1104.19 1.655
200 30 1.38617 0.019 1103.69 1.7572
200 40 1.38617 0.011 1173.71 1.334
200 50 1.38617 0.012 1287.75 1.6975
200 60 1.38617 0.0077 1416.54 1.6877
200 70 1.38617 0.0066 1540.1 1.4133
200 80 1.38617 0.0055 1675.37 1.6916
200 90 1.38617 0.0063 1820.39 1.6298
200 100 1.38617 0.0063 1938.54 1.7308
400 10 1.38617 0.3075 3566.93 4.0045
400 20 1.38617 0.075 1453.28 2.3549
400 30 1.38617 0.0417 1309.2 1.9858
400 40 1.38617 0.0267 1316.48 1.9061
400 50 1.38617 0.0227 1403.64 1.8895
400 60 1.38617 0.0159 1513.69 1.8655
400 70 1.38617 0.0357 1620.09 1.8394
400 80 1.38617 0.0194 1750.09 1.7865
400 90 1.38617 0.0227 1883.32 2.7166
400 100 1.38617 0.0094 1995.55 1.1867
800 10 1.38617 0.6149 6532.25 4.9394
800 20 1.38617 0.1501 2156.47 2.7406
800 30 1.38617 0.0791 1715.38 3.1754
800 40 1.38617 0.0596 1606.91 2.1768
800 50 1.38617 0.0605 1632 2.1174
800 60 1.38617 0.0456 1704.45 2.0976
800 70 1.38617 0.0535 1784.17 1.9537
800 80 1.38617 0.0657 1895.04 1.1003
800 90 1.38617 0.0336 2015.04 2.5295
800 100 1.38617 0.0246 2114.65 1.4431
1600 10 1.38617 1.221 12464.4 7.767
1600 20 1.38617 0.3069 3561.9 3.3346
1600 30 1.38617 0.1851 2529.97 2.8283
1600 40 1.38617 0.1228 2188.7 2.2254
1600 50 1.38617 0.1033 2090.16 1.7818
1600 60 1.38617 0.0857 2085.04 1.6808
1600 70 1.38617 0.0945 2111.53 1.7375
1600 80 1.38617 0.0894 2185.6 1.8284
1600 90 1.38617 0.0824 2276.26 1.5432
1600 100 1.38617 0.069 2352.22 1.4411
3200 10 1.38617 2.4738 24325.4 12.4808
3200 20 1.38617 0.5876 6369.94 4.8564
3200 30 1.38617 0.3656 4158.29 4.075
3200 40 1.38617 0.2674 3352.4 2.8565
3200 50 1.38617 0.238 3006.18 2.6763
3200 60 1.38617 0.1774 2845.68 2.1483
3200 70 1.38617 0.1585 2767.57 2.2847
3200 80 1.38617 0.1879 2764.86 1.9522
3200 90 1.38617 0.1631 2799.11 2.2787
3200 100 1.38617 0.1345 2830.31 2.131
6400 10 1.38617 5.0008 48056.8 22.4399
6400 20 1.38617 1.207 11988.5 7.3429
6400 30 1.38617 0.7498 7418.39 5.6818
6400 40 1.38617 0.5278 5680.7 4.5416
6400 50 1.38617 0.4701 4837.78 3.9243
6400 60 1.38617 0.3539 4368.19 3.4132
6400 70 1.38617 0.3826 4079.55 2.924
6400 80 1.38617 0.3565 3924.66 3.1816
6400 90 1.38617 0.3187 3843.74 3.9069
6400 100 1.38617 0.2743 3784.75 2.8742
12800 10 1.38617 10.0049 95514.7 42.3402
12800 20 1.38617 2.4833 23224.4 11.9292
12800 30 1.38617 1.5178 13932 8.6256
12800 40 1.38617 1.1008 10336.8 6.4069
12800 50 1.38617 0.8818 8498.23 5.8395
12800 60 1.38617 0.8131 7415.01 5.1692
12800 70 1.38617 0.7991 6706.05 5.006
12800 80 1.38617 0.6662 6244.14 4.4104
12800 90 1.38617 0.6683 5930.89 4.1784
12800 100 1.38617 0.7288 5692.06 4.0576
25600 10 1.38617 20.021 190428 81.9834
25600 20 1.38617 4.9167 45700.3 21.7445
25600 30 1.38617 3.0312 26964 14.2288
25600 40 1.38617 2.2215 19650.4 10.547
25600 50 1.38617 1.9217 15827 9.1148
25600 60 1.38617 1.6243 13506 8.0486
25600 70 1.38617 1.479 11954.8 7.1599
25600 80 1.38617 1.4122 10885 6.6272
25600 90 1.38617 1.3514 10111.3 6.7015
25600 100 1.38617 1.402 9514.27 5.9696
51200 10 1.38617 39.9167 380234 161.314
51200 20 1.38617 9.8589 90653.6 40.8407
51200 30 1.38617 5.9434 53032.3 25.3594
51200 40 1.38617 4.362 38266.6 18.465
51200 50 1.38617 3.6064 30484.5 15.055
51200 60 1.38617 3.2579 25690.3 13.1575
51200 70 1.38617 3.0059 22455.9 11.5245
51200 80 1.38617 2.788 20160.3 10.4001
51200 90 1.38617 2.7162 18467.9 10.3797
51200 100 1.38617 2.8407 17148.4 9.1435
102400 10 1.38617 79.9846 759884 323.445
102400 20 1.38617 19.834 180554 79.5113
102400 30 1.38617 11.9704 105172 47.5559
102400 40 1.38617 8.8248 75528.3 34.5941
102400 50 1.38617 7.3469 59780.6 27.586
102400 60 1.38617 6.4895 50054.3 23.6603
102400 70 1.38617 5.9255 43457.8 20.7235
102400 80 1.38617 5.7326 38742.3 18.8486
102400 90 1.38617 5.4315 35194.1 17.7271
102400 100 1.38617 5.4364 32422.6 16.0402
204800 10 1.38617 158.942 1.51915e+06 638.691
204800 20 1.38617 39.4239 360371 155.972
204800 30 1.38617 23.6985 209402 91.6544
204800 40 1.38617 17.8194 150070 66.7148
204800 50 1.38617 14.8531 118424 52.884
204800 60 1.38617 12.9563 98836 44.6633
204800 70 1.38617 11.6467 85469.1 38.783
204800 80 1.38617 11.3381 75862.3 34.81
204800 90 1.38617 11.2021 68615.8 31.9206
204800 100 1.38617 10.8971 62963 29.1904
409600 10 1.38617 318.102 3.03769e+06 1269.12
409600 20 1.38617 78.1279 719999 308.164
409600 30 1.38617 47.4598 417875 182.14
409600 40 1.38617 35.4539 299116 131.418
409600 50 1.38617 29.538 235650 105.421
409600 60 1.38617 25.5502 196351 87.6289
409600 70 1.38617 23.7794 169537 75.8058
409600 80 1.38617 22.8617 150142 66.9494
409600 90 1.38617 21.8903 135522 60.4899
409600 100 1.38617 22.1262 124069 56.8125
819200 10 1.38617 633.905 6.07463e+06 2538.11
819200 20 1.38617 158.424 1.43923e+06 622.493
819200 30 1.38617 95.3758 834974 363.281
819200 40 1.38617 70.9889 597205 262.666
819200 50 1.38617 59.0595 470256 207.992
819200 60 1.38617 51.5271 391397 173.765
819200 70 1.38617 48.2223 337652 150.836
819200 80 1.38617 45.3871 298715 132.411
819200 90 1.38617 43.9666 269312 119.306
819200 100 1.38617 43.2348 246268 109.801
1638400 10 1.38617 1275.17 1.21495e+07 5100.46
1638400 20 1.38617 315.233 2.87791e+06 1233.54
1638400 30 1.38617 189.917 1.6691e+06 717.352
1638400 40 1.38617 141.533 1.19333e+06 513.643
1638400 50 1.38617 118.232 939365 410.931
1638400 60 1.38617 104.123 781356 344.1
1638400 70 1.38617 94.8983 673850 294.709
1638400 80 1.38617 90.4265 595860 261.8
1638400 90 1.38617 88.1725 536969 239.223
1638400 100 1.38617 85.8811 490704 218.544
3276800 10 1.38617 2544.93 2.4298e+07 10139
3276800 20 1.38617 632.132 5.7552e+06 2443.81
3276800 30 1.38617 382.032 3.33764e+06 1420.87
3276800 40 1.38617 288.003 2.38603e+06 1024.28
3276800 50 1.38617 239.236 1.87742e+06 805.006
3276800 60 1.38617 210.498 1.56114e+06 669.425
3276800 70 1.38617 194.257 1.34591e+06 581.173
3276800 80 1.38617 184.047 1.18992e+06 516.094
3276800 90 1.38617 177.006 1.07244e+06 462.495
3276800 100 1.38617 173.395 979493 424.136
