n=3170441 m=100 k=5
200 10 1.35691 0.3435 8.689e-07
200 20 1.35691 0.1553 8.038e-07
200 30 1.35691 0.1161 8.073e-07
200 40 1.35691 0.0735 8.091e-07
200 50 1.35691 0.0724 8.215e-07
200 60 1.35691 0.068 8.277e-07
200 70 1.35691 0.0447 8.527e-07
200 80 1.35691 0.0463 8.654e-07
200 90 1.35691 0.0403 8.873e-07
200 100 1.35691 0.037 9.635e-07
400 10 1.35691 0.6949 1.3461e-06
400 20 1.35691 0.3386 7.277e-07
400 30 1.35691 0.2257 7.034e-07
400 40 1.35691 0.1752 7.029e-07
400 50 1.35691 0.1382 7.041e-07
400 60 1.35691 0.1327 7.041e-07
400 70 1.35691 0.1253 7.087e-07
400 80 1.35691 0.1041 7.108e-07
400 90 1.35691 0.0911 7.172e-07
400 100 1.35691 0.1045 7.148e-07
800 10 1.35691 1.3871 1.1325e-06
800 20 1.35691 0.6337 8.747e-07
800 30 1.35691 0.4595 8.26e-07
800 40 1.35691 0.3761 8.158e-07
800 50 1.35691 0.2959 8.067e-07
800 60 1.35691 0.2693 8.082e-07
800 70 1.35691 0.2686 8.225e-07
800 80 1.35691 0.2219 8.207e-07
800 90 1.35691 0.2589 8.382e-07
800 100 1.35691 0.2211 8.378e-07
1600 10 1.35691 2.7027 1.7387e-06
1600 20 1.35691 1.3104 1.1634e-06
1600 30 1.35691 0.8912 1.0217e-06
1600 40 1.35691 0.7113 9.783e-07
1600 50 1.35691 0.5927 9.501e-07
1600 60 1.35691 0.5557 9.371e-07
1600 70 1.35691 0.5218 9.193e-07
1600 80 1.35691 0.4688 9.194e-07
1600 90 1.35691 0.4692 9.188e-07
1600 100 1.35691 0.4817 9.074e-07
3200 10 1.35691 5.3456 2.9379e-06
3200 20 1.35691 2.6179 1.7559e-06
3200 30 1.35691 1.8164 1.4401e-06
3200 40 1.35691 1.4294 1.3296e-06
3200 50 1.35691 1.2583 1.2654e-06
3200 60 1.35691 1.1294 1.2255e-06
3200 70 1.35691 1.0161 1.207e-06
3200 80 1.35691 0.9696 1.1982e-06
3200 90 1.35691 0.995 1.1834e-06
3200 100 1.35691 0.9367 1.1698e-06
6400 10 1.35691 10.7507 5.3733e-06
6400 20 1.35691 5.1808 2.9427e-06
6400 30 1.35691 3.5262 2.3145e-06
6400 40 1.35691 2.8614 2.0797e-06
6400 50 1.35691 2.5362 1.9373e-06
6400 60 1.35691 2.2166 1.8475e-06
6400 70 1.35691 2.1444 1.7951e-06
6400 80 1.35691 2.0043 1.7377e-06
6400 90 1.35691 1.8843 1.7012e-06
6400 100 1.35691 1.891 1.6756e-06
12800 10 1.35691 20.9983 1.0213e-05
12800 20 1.35691 10.2726 5.3645e-06
12800 30 1.35691 7.1339 4.0883e-06
12800 40 1.35691 5.8383 3.5864e-06
12800 50 1.35691 4.9738 3.3001e-06
12800 60 1.35691 4.4236 3.0981e-06
12800 70 1.35691 4.0712 3.2714e-06
12800 80 1.35691 3.9701 2.9142e-06
12800 90 1.35691 3.7953 2.8194e-06
12800 100 1.35691 3.7152 2.7436e-06
25600 10 1.35691 41.9881 1.9916e-05
25600 20 1.35691 20.1364 1.01693e-05
25600 30 1.35691 13.9337 7.6509e-06
25600 40 1.35691 11.4042 6.6057e-06
25600 50 1.35691 9.7586 6.0307e-06
25600 60 1.35691 8.9587 5.641e-06
25600 70 1.35691 8.1724 5.3486e-06
25600 80 1.35691 8.0164 5.1209e-06
25600 90 1.35691 7.6089 4.9702e-06
25600 100 1.35691 7.3521 4.842e-06
51200 10 1.35691 84.0386 3.96255e-05
51200 20 1.35691 40.1746 1.98026e-05
51200 30 1.35691 28.189 1.4729e-05
51200 40 1.35691 22.8172 1.26921e-05
51200 50 1.35691 19.5714 1.15177e-05
51200 60 1.35691 17.8089 1.07012e-05
51200 70 1.35691 16.5901 1.00693e-05
51200 80 1.35691 15.5567 9.6468e-06
51200 90 1.35691 14.8851 9.3229e-06
51200 100 1.35691 14.7971 9.0777e-06
102400 10 1.35691 166.579 7.97788e-05
102400 20 1.35691 80.5754 4.05955e-05
102400 30 1.35691 56.1407 3.03773e-05
102400 40 1.35691 45.0591 2.66643e-05
102400 50 1.35691 39.2918 2.45278e-05
102400 60 1.35691 35.0771 2.15555e-05
102400 70 1.35691 32.5434 2.02996e-05
102400 80 1.35691 30.9802 1.95995e-05
102400 90 1.35691 29.4022 1.87901e-05
102400 100 1.35691 28.8322 1.82904e-05
204800 10 1.35691 330.123 0.000160717
204800 20 1.35691 159.35 8.06512e-05
204800 30 1.35691 111.857 6.0277e-05
204800 40 1.35691 90.079 5.26352e-05
204800 50 1.35691 77.7333 4.74177e-05
204800 60 1.35691 69.6038 4.3002e-05
204800 70 1.35691 64.7599 4.04998e-05
204800 80 1.35691 61.3969 3.85201e-05
204800 90 1.35691 59.6385 3.72159e-05
204800 100 1.35691 57.8278 3.61993e-05
409600 10 1.35691 663.741 0.000320551
409600 20 1.35691 314.91 0.000160704
409600 30 1.35691 221.558 0.000119747
409600 40 1.35691 179.156 0.000104284
409600 50 1.35691 155.36 9.40643e-05
409600 60 1.35691 140.218 8.65207e-05
409600 70 1.35691 129.527 8.12755e-05
409600 80 1.35691 123.579 7.71602e-05
409600 90 1.35691 118.52 7.44687e-05
409600 100 1.35691 114.774 7.25125e-05
819200 10 1.35691 1319.62 0.000639496
819200 20 1.35691 637.18 0.000320276
819200 30 1.35691 443.266 0.000238222
819200 40 1.35691 353.525 0.00020691
819200 50 1.35691 307.289 0.000184339
819200 60 1.35691 278.726 0.000169444
819200 70 1.35691 259.987 0.000159444
819200 80 1.35691 245.677 0.000151848
819200 90 1.35691 235.876 0.00014659
819200 100 1.35691 227.438 0.000142572
1638400 10 1.35691 2615.23 0.00127816
1638400 20 1.35691 1267.49 0.000638638
1638400 30 1.35691 894.269 0.000470645
1638400 40 1.35691 711.936 0.000407655
1638400 50 1.35691 615.242 0.000363409
1638400 60 1.35691 558.183 0.000335415
1638400 70 1.35691 517.305 0.000315094
1638400 80 1.35691 490.588 0.00029147
1638400 90 1.35691 473.65 0.000280074
1638400 100 1.35691 459.626 0.000272081
