n=4047392 m=100 k=62
200 10 2.97344 0.0752 1.2265e-06
200 20 2.97344 0.0089 8.841e-07
200 30 2.97344 0.0103 8.638e-07
200 40 2.97344 0.0014 8.605e-07
200 50 2.97344 0.0122 8.784e-07
200 60 2.97344 0.0013 8.946e-07
200 70 2.97344 0.0012 9.05e-07
200 80 2.97344 0.0016 9.271e-07
200 90 2.97344 0.0007 9.54e-07
200 100 2.97344 0.0014 9.752e-07
400 10 2.97344 0.1046 1.6922e-06
400 20 2.97344 0.0132 1.0075e-06
400 30 2.97344 0.0183 9.593e-07
400 40 2.97344 0.005 9.573e-07
400 50 2.97344 0.0097 9.951e-07
400 60 2.97344 0.0197 1.0155e-06
400 70 2.97344 0.0031 1.0258e-06
400 80 2.97344 0.0105 1.0409e-06
400 90 2.97344 0.0034 1.0551e-06
400 100 2.97344 0.0017 1.0818e-06
800 10 2.97344 0.1418 2.6704e-06
800 20 2.97344 0.0293 1.2675e-06
800 30 2.97344 0.0274 1.1459e-06
800 40 2.97344 0.0193 1.1193e-06
800 50 2.97344 0.0235 1.1323e-06
800 60 2.97344 0.0251 1.1673e-06
800 70 2.97344 0.014 1.215e-06
800 80 2.97344 0.0212 1.2174e-06
800 90 2.97344 0.0135 1.2532e-06
800 100 2.97344 0.0236 1.2919e-06
1600 10 2.97344 0.2414 4.607e-06
1600 20 2.97344 0.0528 1.7448e-06
1600 30 2.97344 0.0536 1.4215e-06
1600 40 2.97344 0.0368 1.3393e-06
1600 50 2.97344 0.0422 1.3327e-06
1600 60 2.97344 0.0241 1.3423e-06
1600 70 2.97344 0.0366 1.363e-06
1600 80 2.97344 0.0102 1.3678e-06
1600 90 2.97344 0.0532 1.3879e-06
1600 100 2.97344 0.0675 1.4053e-06
3200 10 2.97344 0.4764 8.5192e-06
3200 20 2.97344 0.1417 2.6651e-06
3200 30 2.97344 0.0987 1.9679e-06
3200 40 2.97344 0.0733 1.7176e-06
3200 50 2.97344 0.0693 1.572e-06
3200 60 2.97344 0.0821 1.5135e-06
3200 70 2.97344 0.0719 1.5291e-06
3200 80 2.97344 0.0863 1.4954e-06
3200 90 2.97344 0.0796 1.5005e-06
3200 100 2.97344 0.0646 1.5148e-06
6400 10 2.97344 0.9177 1.62972e-05
6400 20 2.97344 0.2635 4.542e-06
6400 30 2.97344 0.164 3.0448e-06
6400 40 2.97344 0.1379 2.4669e-06
6400 50 2.97344 0.1607 2.1771e-06
6400 60 2.97344 0.1445 2.0197e-06
6400 70 2.97344 0.1645 1.9796e-06
6400 80 2.97344 0.2149 1.9131e-06
6400 90 2.97344 0.199 1.8782e-06
6400 100 2.97344 0.1824 1.8729e-06
12800 10 2.97344 1.717 3.16559e-05
12800 20 2.97344 0.5189 8.2259e-06
12800 30 2.97344 0.3521 5.2483e-06
12800 40 2.97344 0.3194 4.078e-06
12800 50 2.97344 0.2732 3.5066e-06
12800 60 2.97344 0.3352 3.1434e-06
12800 70 2.97344 0.3342 2.913e-06
12800 80 2.97344 0.4108 2.7263e-06
12800 90 2.97344 0.3127 2.6461e-06
12800 100 2.97344 0.4236 2.6289e-06
25600 10 2.97344 3.4877 6.2376e-05
25600 20 2.97344 1.0897 1.56112e-05
25600 30 2.97344 0.7994 9.6034e-06
25600 40 2.97344 0.599 7.2511e-06
25600 50 2.97344 0.6325 6.019e-06
25600 60 2.97344 0.6117 5.2051e-06
25600 70 2.97344 0.5707 4.8574e-06
25600 80 2.97344 0.6588 4.4152e-06
25600 90 2.97344 0.6793 4.1031e-06
25600 100 2.97344 0.675 3.9353e-06
51200 10 2.97344 6.9499 0.000123956
51200 20 2.97344 2.0324 3.03692e-05
51200 30 2.97344 1.4292 1.83607e-05
51200 40 2.97344 1.2466 1.3525e-05
51200 50 2.97344 1.1966 1.10446e-05
51200 60 2.97344 1.2568 9.4748e-06
51200 70 2.97344 1.2795 8.6002e-06
51200 80 2.97344 1.477 7.702e-06
51200 90 2.97344 1.4279 7.0181e-06
51200 100 2.97344 1.3846 6.6987e-06
102400 10 2.97344 13.7544 0.000247505
102400 20 2.97344 4.1031 5.9879e-05
102400 30 2.97344 2.8275 3.56685e-05
102400 40 2.97344 2.4088 2.60771e-05
102400 50 2.97344 2.4114 2.08622e-05
102400 60 2.97344 2.3685 1.78483e-05
102400 70 2.97344 2.6071 1.60931e-05
102400 80 2.97344 2.7609 1.44919e-05
102400 90 2.97344 2.7971 1.32254e-05
102400 100 2.97344 2.6628 1.247e-05
204800 10 2.97344 27.4264 0.000494684
204800 20 2.97344 8.1734 0.000120655
204800 30 2.97344 5.7261 7.24079e-05
204800 40 2.97344 4.9081 5.22581e-05
204800 50 2.97344 4.5732 4.1775e-05
204800 60 2.97344 4.8486 3.54009e-05
204800 70 2.97344 4.8755 3.21034e-05
204800 80 2.97344 5.1588 2.81566e-05
204800 90 2.97344 5.7923 2.56484e-05
204800 100 2.97344 6.1439 2.42348e-05
409600 10 2.97344 54.7007 0.00098908
409600 20 2.97344 16.0094 0.000239962
409600 30 2.97344 11.4954 0.000142987
409600 40 2.97344 9.803 0.000103766
409600 50 2.97344 9.3742 8.34514e-05
409600 60 2.97344 9.4248 7.08445e-05
409600 70 2.97344 9.9748 6.53268e-05
409600 80 2.97344 10.4691 5.72171e-05
409600 90 2.97344 11.2469 5.32158e-05
409600 100 2.97344 12.3334 5.07228e-05
819200 10 2.97344 108.6 0.00194443
819200 20 2.97344 32.5768 0.000459474
819200 30 2.97344 22.7917 0.000271447
819200 40 2.97344 19.3495 0.000197159
819200 50 2.97344 18.7584 0.000157661
819200 60 2.97344 19.02 0.000131267
819200 70 2.97344 20.2869 0.000115388
819200 80 2.97344 21.1696 0.000103206
819200 90 2.97344 22.3729 9.58503e-05
819200 100 2.97344 23.9595 9.05706e-05
1638400 10 2.97344 213.614 0.00387228
1638400 20 2.97344 64.3565 0.000914261
1638400 30 2.97344 44.4807 0.00053679
1638400 40 2.97344 39.0213 0.000382037
1638400 50 2.97344 38.1121 0.000303576
1638400 60 2.97344 38.9224 0.000255505
1638400 70 2.97344 39.8672 0.000225067
1638400 80 2.97344 42.4989 0.000200137
1638400 90 2.97344 45.5198 0.000186617
1638400 100 2.97344 47.8946 0.00017524
3276800 10 2.97344 438.009 0.00780925
3276800 20 2.97344 131.943 0.00180324
3276800 30 2.97344 95.1976 0.00103795
3276800 40 2.97344 84.7046 0.00074057
3276800 50 2.97344 82.1335 0.000583578
3276800 60 2.97344 83.7785 0.000489693
3276800 70 2.97344 85.4378 0.000427909
3276800 80 2.97344 88.0571 0.000383657
3276800 90 2.97344 92.8849 0.000357462
3276800 100 2.97344 96.6365 0.000338048
