n=3170441 m=100 k=5
200 10 1.35691 0.0917 9.426e-07
200 20 1.35691 0.0316 8.107e-07
200 30 1.35691 0.0218 8.138e-07
200 40 1.35691 0.0119 8.206e-07
200 50 1.35691 0.0097 8.381e-07
200 60 1.35691 0.0148 8.493e-07
200 70 1.35691 0.0057 8.649e-07
200 80 1.35691 0.0063 8.804e-07
200 90 1.35691 0.005 9.08e-07
200 100 1.35691 0.0053 9.191e-07
400 10 1.35691 0.1792 1.1323e-06
400 20 1.35691 0.0668 9.061e-07
400 30 1.35691 0.0409 8.908e-07
400 40 1.35691 0.0312 8.979e-07
400 50 1.35691 0.0242 9.102e-07
400 60 1.35691 0.0238 9.259e-07
400 70 1.35691 0.0221 9.457e-07
400 80 1.35691 0.0135 9.626e-07
400 90 1.35691 0.0119 9.716e-07
400 100 1.35691 0.0206 9.897e-07
800 10 1.35691 0.343 1.5405e-06
800 20 1.35691 0.1358 1.0724e-06
800 30 1.35691 0.0849 9.897e-07
800 40 1.35691 0.0662 9.87e-07
800 50 1.35691 0.0493 1.0017e-06
800 60 1.35691 0.0492 1.0354e-06
800 70 1.35691 0.0556 1.0612e-06
800 80 1.35691 0.0297 1.0667e-06
800 90 1.35691 0.0706 1.0835e-06
800 100 1.35691 0.0419 1.0983e-06
1600 10 1.35691 0.6696 2.395e-06
1600 20 1.35691 0.2518 1.4073e-06
1600 30 1.35691 0.1625 1.1915e-06
1600 40 1.35691 0.1273 1.109e-06
1600 50 1.35691 0.1029 1.0961e-06
1600 60 1.35691 0.1039 1.1106e-06
1600 70 1.35691 0.1107 1.1395e-06
1600 80 1.35691 0.0861 1.1477e-06
1600 90 1.35691 0.0925 1.1705e-06
1600 100 1.35691 0.1175 1.1825e-06
3200 10 1.35691 1.3608 4.0468e-06
3200 20 1.35691 0.5438 2.042e-06
3200 30 1.35691 0.365 1.5879e-06
3200 40 1.35691 0.2688 1.4124e-06
3200 50 1.35691 0.2267 1.3058e-06
3200 60 1.35691 0.2134 1.2821e-06
3200 70 1.35691 0.1602 1.273e-06
3200 80 1.35691 0.1799 1.2592e-06
3200 90 1.35691 0.2339 1.2496e-06
3200 100 1.35691 0.1984 1.2504e-06
6400 10 1.35691 2.7358 7.3635e-06
6400 20 1.35691 1.0472 3.321e-06
6400 30 1.35691 0.6859 2.4005e-06
6400 40 1.35691 0.5469 1.9986e-06
6400 50 1.35691 0.5164 1.8063e-06
6400 60 1.35691 0.4493 1.727e-06
6400 70 1.35691 0.4368 1.6818e-06
6400 80 1.35691 0.4341 1.6275e-06
6400 90 1.35691 0.36 1.5915e-06
6400 100 1.35691 0.4475 1.5729e-06
12800 10 1.35691 5.4092 1.40179e-05
12800 20 1.35691 2.1482 6.1746e-06
12800 30 1.35691 1.4062 4.2366e-06
12800 40 1.35691 1.124 3.3018e-06
12800 50 1.35691 0.9193 2.8124e-06
12800 60 1.35691 0.8075 2.6098e-06
12800 70 1.35691 0.7958 2.5705e-06
12800 80 1.35691 0.8193 2.4044e-06
12800 90 1.35691 0.8227 2.2875e-06
12800 100 1.35691 0.8149 2.2363e-06
25600 10 1.35691 10.7408 2.72431e-05
25600 20 1.35691 4.239 1.10525e-05
25600 30 1.35691 2.725 7.3269e-06
25600 40 1.35691 2.1731 5.6535e-06
25600 50 1.35691 1.8114 4.8191e-06
25600 60 1.35691 1.7347 4.3693e-06
25600 70 1.35691 1.6409 4.1081e-06
25600 80 1.35691 1.7521 3.8736e-06
25600 90 1.35691 1.6836 3.7066e-06
25600 100 1.35691 1.5936 3.7216e-06
51200 10 1.35691 21.3582 5.39571e-05
51200 20 1.35691 8.3761 2.11544e-05
51200 30 1.35691 5.6018 1.37509e-05
51200 40 1.35691 4.4222 1.05068e-05
51200 50 1.35691 3.6455 8.8257e-06
51200 60 1.35691 3.4583 7.8966e-06
51200 70 1.35691 3.2397 7.3636e-06
51200 80 1.35691 3.1442 6.8787e-06
51200 90 1.35691 3.0792 6.5181e-06
51200 100 1.35691 3.4485 6.2475e-06
102400 10 1.35691 42.5666 0.00010591
102400 20 1.35691 16.8463 4.16034e-05
102400 30 1.35691 11.1636 2.66001e-05
102400 40 1.35691 8.6404 1.99224e-05
102400 50 1.35691 7.5611 1.65148e-05
102400 60 1.35691 6.9323 1.4602e-05
102400 70 1.35691 6.447 1.37198e-05
102400 80 1.35691 6.3031 1.27609e-05
102400 90 1.35691 6.0906 1.19753e-05
102400 100 1.35691 6.2318 1.1359e-05
204800 10 1.35691 85.7002 0.000210752
204800 20 1.35691 33.5602 8.19691e-05
204800 30 1.35691 22.2745 5.25994e-05
204800 40 1.35691 17.2324 3.98187e-05
204800 50 1.35691 14.9897 3.28871e-05
204800 60 1.35691 13.5162 2.90795e-05
204800 70 1.35691 12.6962 2.75027e-05
204800 80 1.35691 12.4801 2.4149e-05
204800 90 1.35691 12.7808 2.27793e-05
204800 100 1.35691 12.9002 2.17428e-05
409600 10 1.35691 169.589 0.000419212
409600 20 1.35691 66.1542 0.000163524
409600 30 1.35691 43.8944 0.000104181
409600 40 1.35691 34.6271 7.87179e-05
409600 50 1.35691 29.6327 6.49546e-05
409600 60 1.35691 27.7183 5.71009e-05
409600 70 1.35691 26.0404 5.31887e-05
409600 80 1.35691 25.2054 4.88682e-05
409600 90 1.35691 25.2471 4.64837e-05
409600 100 1.35691 25.4212 4.3778e-05
819200 10 1.35691 335.885 0.000836499
819200 20 1.35691 133.802 0.000325154
819200 30 1.35691 88.107 0.00020795
819200 40 1.35691 69.1879 0.000156346
819200 50 1.35691 60.2657 0.000127964
819200 60 1.35691 54.5675 0.000111385
819200 70 1.35691 52.879 0.000102518
819200 80 1.35691 50.6639 9.53346e-05
819200 90 1.35691 50.7065 8.94737e-05
819200 100 1.35691 50.2728 8.51864e-05
1638400 10 1.35691 671.533 0.00167308
1638400 20 1.35691 266.453 0.00064194
1638400 30 1.35691 179.359 0.000404788
1638400 40 1.35691 140.386 0.000302473
1638400 50 1.35691 121.307 0.000248051
1638400 60 1.35691 110.78 0.000215735
1638400 70 1.35691 105.925 0.000195828
1638400 80 1.35691 102.463 0.00018221
1638400 90 1.35691 101.059 0.000171881
1638400 100 1.35691 101.61 0.000164798
