n=207205 m=100 k=77
200 10 2.90019 0.0343 1150.87 2.2285
200 20 2.90019 0.0204 932.754 1.4736
200 30 2.90019 0.0232 973.689 1.5945
200 40 2.90019 0.0251 1043.61 1.5221
200 50 2.90019 0.0459 1145.18 1.4114
200 60 2.90019 0.0367 1250.11 1.5404
200 70 2.90019 0.0564 1357.21 1.1898
200 80 2.90019 0.048 1466.06 1.5726
200 90 2.90019 0.0461 1582.42 1.3997
200 100 2.90019 0.0508 1682.13 1.2404
400 10 2.90019 0.0931 1689.39 2.5126
400 20 2.90019 0.044 1137.82 1.8019
400 30 2.90019 0.0579 1105.29 1.7819
400 40 2.90019 0.0708 1141.02 1.6384
400 50 2.90019 0.1123 1219.99 1.7506
400 60 2.90019 0.1041 1315.98 1.6494
400 70 2.90019 0.0925 1411.17 1.5852
400 80 2.90019 0.1293 1517.1 1.7122
400 90 2.90019 0.154 1625.41 1.6927
400 100 2.90019 0.1204 1721.29 1.7026
800 10 2.90019 0.1511 2771.74 3.0988
800 20 2.90019 0.0893 1553.04 2.3818
800 30 2.90019 0.1204 1364.55 2.2258
800 40 2.90019 0.1139 1331.23 2.0405
800 50 2.90019 0.184 1373.79 1.9975
800 60 2.90019 0.2208 1443.86 1.9948
800 70 2.90019 0.2764 1522.35 1.9962
800 80 2.90019 0.2914 1615.44 1.9882
800 90 2.90019 0.3277 1715.8 1.984
800 100 2.90019 0.3318 1802.77 1.9817
1600 10 2.90019 0.3054 4936.44 4.0665
1600 20 2.90019 0.1687 2381.44 2.857
1600 30 2.90019 0.2835 1885.27 2.531
1600 40 2.90019 0.3214 1715.25 2.4131
1600 50 2.90019 0.3802 1680.79 2.3511
1600 60 2.90019 0.4382 1701.29 2.2884
1600 70 2.90019 0.5455 1745.47 2.2605
1600 80 2.90019 0.5721 1813.75 2.2219
1600 90 2.90019 0.7696 1895.68 2.214
1600 100 2.90019 0.6353 1966.03 2.2117
3200 10 2.90019 0.6413 9266.49 5.4377
3200 20 2.90019 0.4292 4038 3.7033
3200 30 2.90019 0.5015 2925.12 3.0924
3200 40 2.90019 0.6978 2482.2 2.8481
3200 50 2.90019 0.7969 2294.23 2.7063
3200 60 2.90019 0.8438 2215.68 2.5939
3200 70 2.90019 0.944 2189.84 2.5186
3200 80 2.90019 1.4176 2211.69 2.4871
3200 90 2.90019 1.2563 2252.24 2.4412
3200 100 2.90019 1.6196 2296.39 2.4882
6400 10 2.90019 1.3235 17925.1 7.9865
6400 20 2.90019 0.7939 7349.92 4.8593
6400 30 2.90019 1.0728 5007.65 4.1103
6400 40 2.90019 1.2508 4017.36 3.6838
6400 50 2.90019 1.6904 3521.04 3.4515
6400 60 2.90019 1.9729 3246.78 3.208
6400 70 2.90019 2.2399 3086.13 3.1471
6400 80 2.90019 2.1995 3001.77 2.9727
6400 90 2.90019 2.5636 2969.03 2.8945
6400 100 2.90019 2.5072 2948.05 2.8769
12800 10 2.90019 2.6427 35244.4 12.9864
12800 20 2.90019 1.5741 13976.1 6.8448
12800 30 2.90019 1.9538 9165.78 5.4605
12800 40 2.90019 2.4955 7084.9 4.874
12800 50 2.90019 3.0085 5975.07 4.4877
12800 60 2.90019 3.8495 5306.62 4.2621
12800 70 2.90019 4.5061 4872.19 4.0937
12800 80 2.90019 5.0987 4593.23 3.9685
12800 90 2.90019 5.3424 4401.86 3.759
12800 100 2.90019 5.9391 4267.28 3.3837
25600 10 2.90019 5.2336 69880.3 22.1575
25600 20 2.90019 2.9034 27223.9 9.8085
25600 30 2.90019 3.8939 17490.1 6.9679
25600 40 2.90019 5.1129 13223 6.0842
25600 50 2.90019 6.4764 10885.1 5.284
25600 60 2.90019 7.4813 9427.12 4.8632
25600 70 2.90019 8.9702 8448.02 4.7853
25600 80 2.90019 10.2964 7768.09 5.0575
25600 90 2.90019 10.9939 7269.74 4.9505
25600 100 2.90019 12.2338 6890.73 4.7778
51200 10 2.90019 10.068 139148 41.3234
51200 20 2.90019 6.2365 53724.9 17.3184
51200 30 2.90019 8.711 34144.5 12.2902
51200 40 2.90019 10.6601 25511.5 10.1156
51200 50 2.90019 13.1246 20708.9 8.8935
51200 60 2.90019 15.4952 17677.5 8.0014
51200 70 2.90019 18.1587 15605.8 7.6448
51200 80 2.90019 19.8348 14113.5 7.1422
51200 90 2.90019 22.8357 13015.9 6.9646
51200 100 2.90019 23.8728 12145.4 6.768
102400 10 2.90019 22.3896 277717 81.6816
102400 20 2.90019 16.7504 106778 33.6789
102400 30 2.90019 19.9312 67489.3 22.825
102400 40 2.90019 24.0882 50116.1 18.3826
102400 50 2.90019 28.3636 40382.9 15.6186
102400 60 2.90019 32.6751 34193.3 13.6478
102400 70 2.90019 37.4599 29928.4 12.4347
102400 80 2.90019 41.8341 26831.8 11.4104
102400 90 2.90019 45.5176 24501.6 10.5057
102400 100 2.90019 50.4171 22672.3 10.0899
204800 10 2.90019 64.7481 555023 166.863
204800 20 2.90019 63.7178 213158 68.9227
204800 30 2.90019 67.0059 134417 45.5121
204800 40 2.90019 71.2461 99520.4 36.5374
204800 50 2.90019 75.4659 79883.3 30.0525
204800 60 2.90019 80.0994 67340.2 26.3332
204800 70 2.90019 85.3265 58654.5 23.0995
204800 80 2.90019 89.44 52308.5 20.8537
204800 90 2.90019 95.2474 47499.1 19.1667
204800 100 2.90019 100.329 43711.9 18.0623
