n=193080 m=100 k=88
200 10 3.0439 0.0365 903.351 1.8847
200 20 3.0439 0.0325 827.097 1.3343
200 30 3.0439 0.035 869.032 1.3293
200 40 3.0439 0.0334 936.779 1.391
200 50 3.0439 0.0462 1014.12 1.3298
200 60 3.0439 0.025 1094.22 1.5376
200 70 3.0439 0.0288 1185.53 1.7155
200 80 3.0439 0.0327 1273.24 2.6225
200 90 3.0439 0.0273 1361.15 2.4176
200 100 3.0439 0.0608 1449.72 2.2713
400 10 3.0439 0.0745 1209.33 2.4442
400 20 3.0439 0.0522 964.681 1.8646
400 30 3.0439 0.0607 958.722 1.7936
400 40 3.0439 0.116 1004.7 1.7405
400 50 3.0439 0.0912 1068.61 1.7532
400 60 3.0439 0.0983 1140.34 1.7647
400 70 3.0439 0.0786 1228.29 1.7772
400 80 3.0439 0.1855 1312.02 2.7148
400 90 3.0439 0.1715 1394.06 2.7049
400 100 3.0439 0.1226 1478.92 2.6957
800 10 3.0439 0.1732 1823.49 2.943
800 20 3.0439 0.0688 1242.33 2.3753
800 30 3.0439 0.1557 1142.09 2.1304
800 40 3.0439 0.1451 1142.96 2.0372
800 50 3.0439 0.1961 1180.36 2.0156
800 60 3.0439 0.2326 1236.04 1.9908
800 70 3.0439 0.3257 1312.94 2.0297
800 80 3.0439 0.245 1384.33 2.9653
800 90 3.0439 0.2994 1461.41 2.9458
800 100 3.0439 0.5231 1542.54 2.9722
1600 10 3.0439 0.3376 3050.95 3.8943
1600 20 3.0439 0.1926 1799.79 2.818
1600 30 3.0439 0.2453 1508.32 2.5476
1600 40 3.0439 0.314 1419.63 2.4009
1600 50 3.0439 0.4474 1405.05 2.3298
1600 60 3.0439 0.4722 1426.4 2.2633
1600 70 3.0439 0.599 1479.46 2.2679
1600 80 3.0439 0.6948 1534.57 3.1988
1600 90 3.0439 0.637 1596.75 3.1758
1600 100 3.0439 0.6592 1664.39 3.1554
3200 10 3.0439 0.6169 5506.38 5.1638
3200 20 3.0439 0.3799 2915.56 3.7205
3200 30 3.0439 0.5753 2242.88 3.1458
3200 40 3.0439 0.602 1972.21 2.839
3200 50 3.0439 0.8682 1855.02 2.7294
3200 60 3.0439 1.0105 1808.42 2.6338
3200 70 3.0439 1.1429 1812.68 2.5965
3200 80 3.0439 1.3053 1832.23 3.4951
3200 90 3.0439 1.4894 1868.18 3.4575
3200 100 3.0439 1.1933 1911.64 3.3914
6400 10 3.0439 1.3865 10419.1 7.418
6400 20 3.0439 0.7859 5146.99 4.8851
6400 30 3.0439 1.0003 3710.6 4.1938
6400 40 3.0439 1.3823 3080.75 3.7793
6400 50 3.0439 1.5691 2750.22 3.5308
6400 60 3.0439 2.1543 2571.9 3.3276
6400 70 3.0439 2.3116 2479.78 3.1991
6400 80 3.0439 2.7447 2430.81 4.0624
6400 90 3.0439 3.1849 2414.83 3.9987
6400 100 3.0439 2.8832 2413.91 3.9035
12800 10 3.0439 2.7101 20246.3 11.7648
12800 20 3.0439 1.5865 9614.04 6.8918
12800 30 3.0439 2.0441 6648.65 5.6659
12800 40 3.0439 2.8194 5300.18 5.0834
12800 50 3.0439 3.1542 4550.51 4.6777
12800 60 3.0439 4.0439 4098.47 4.5106
12800 70 3.0439 4.6762 3815.13 4.28
12800 80 3.0439 5.4278 3624.56 5.1241
12800 90 3.0439 6.1393 3500.8 5.0582
12800 100 3.0439 7.0626 3422.94 4.9306
25600 10 3.0439 5.4436 39896.4 20.6195
25600 20 3.0439 3.3392 18545.4 10.8145
25600 30 3.0439 4.2598 12527.5 8.3784
25600 40 3.0439 5.6995 9737.51 7.2304
25600 50 3.0439 6.7963 8150.74 6.5735
25600 60 3.0439 8.0358 7149.72 6.1025
25600 70 3.0439 9.4804 6488.83 5.8635
25600 80 3.0439 11.1603 6019.26 6.5979
25600 90 3.0439 11.6483 5667.36 6.3634
25600 100 3.0439 13.6232 5422.49 6.062
51200 10 3.0439 11.141 79198.2 38.3009
51200 20 3.0439 6.995 36410.5 18.6568
51200 30 3.0439 9.073 24282.3 13.7298
51200 40 3.0439 11.6211 18616.9 11.5945
51200 50 3.0439 14.3318 15360.6 10.256
51200 60 3.0439 16.9074 13266.8 9.3768
51200 70 3.0439 19.0614 11832.4 8.7369
51200 80 3.0439 20.8722 10800.6 9.2699
51200 90 3.0439 24.7055 10032.2 8.9254
51200 100 3.0439 26.5508 9420.03 8.555
102400 10 3.0439 24.865 157824 73.8422
102400 20 3.0439 19.5095 72210.2 35.4743
102400 30 3.0439 23.2015 47868.6 25.5352
102400 40 3.0439 27.639 36426 21.0274
102400 50 3.0439 31.3977 29799.3 17.868
102400 60 3.0439 35.6912 25515 16.1313
102400 70 3.0439 41.0188 22553.1 14.6742
102400 80 3.0439 45.3873 20368.3 14.6054
102400 90 3.0439 49.5346 18720 13.7076
102400 100 3.0439 54.0635 17435.2 13.0987
