n=3170441 m=100 k=5
200 10 1.35691 0.1529 1.2063e-06
200 20 1.35691 0.0334 8.566e-07
200 30 1.35691 0.0215 8.464e-07
200 40 1.35691 0.0104 8.519e-07
200 50 1.35691 0.0106 8.76e-07
200 60 1.35691 0.0143 8.907e-07
200 70 1.35691 0.0085 9.043e-07
200 80 1.35691 0.0063 9.264e-07
200 90 1.35691 0.0058 9.54e-07
200 100 1.35691 0.006 9.728e-07
400 10 1.35691 0.3125 1.6779e-06
400 20 1.35691 0.0743 9.86e-07
400 30 1.35691 0.0453 9.387e-07
400 40 1.35691 0.0262 9.326e-07
400 50 1.35691 0.0226 9.575e-07
400 60 1.35691 0.0247 9.749e-07
400 70 1.35691 0.0225 9.953e-07
400 80 1.35691 0.0136 1.015e-06
400 90 1.35691 0.0104 1.0357e-06
400 100 1.35691 0.0209 1.0575e-06
800 10 1.35691 0.6265 2.6465e-06
800 20 1.35691 0.1489 1.2263e-06
800 30 1.35691 0.0836 1.0845e-06
800 40 1.35691 0.0656 1.0502e-06
800 50 1.35691 0.0502 1.0621e-06
800 60 1.35691 0.0461 1.1058e-06
800 70 1.35691 0.0533 1.1355e-06
800 80 1.35691 0.0307 1.1487e-06
800 90 1.35691 0.0707 1.1631e-06
800 100 1.35691 0.0435 1.1786e-06
1600 10 1.35691 1.2355 4.5692e-06
1600 20 1.35691 0.3009 1.6644e-06
1600 30 1.35691 0.18 1.3263e-06
1600 40 1.35691 0.132 1.2195e-06
1600 50 1.35691 0.0986 1.1923e-06
1600 60 1.35691 0.1158 1.1929e-06
1600 70 1.35691 0.1075 1.2232e-06
1600 80 1.35691 0.0827 1.2155e-06
1600 90 1.35691 0.0988 1.2448e-06
1600 100 1.35691 0.115 1.2758e-06
3200 10 1.35691 2.5264 8.3886e-06
3200 20 1.35691 0.6037 2.556e-06
3200 30 1.35691 0.3796 1.8268e-06
3200 40 1.35691 0.2926 1.5593e-06
3200 50 1.35691 0.2343 1.4251e-06
3200 60 1.35691 0.2097 1.3973e-06
3200 70 1.35691 0.158 1.381e-06
3200 80 1.35691 0.169 1.357e-06
3200 90 1.35691 0.2382 1.3456e-06
3200 100 1.35691 0.1968 1.3478e-06
6400 10 1.35691 5.0214 1.59962e-05
6400 20 1.35691 1.2573 4.3722e-06
6400 30 1.35691 0.7274 2.8685e-06
6400 40 1.35691 0.5615 2.2986e-06
6400 50 1.35691 0.514 2.0145e-06
6400 60 1.35691 0.4418 1.8681e-06
6400 70 1.35691 0.4421 1.822e-06
6400 80 1.35691 0.4379 1.7734e-06
6400 90 1.35691 0.362 1.7359e-06
6400 100 1.35691 0.4409 1.6836e-06
12800 10 1.35691 9.9143 3.12053e-05
12800 20 1.35691 2.5183 7.9733e-06
12800 30 1.35691 1.4956 4.963e-06
12800 40 1.35691 1.1407 3.7878e-06
12800 50 1.35691 0.9707 3.1998e-06
12800 60 1.35691 0.809 2.8701e-06
12800 70 1.35691 0.7786 2.6763e-06
12800 80 1.35691 0.8347 2.5315e-06
12800 90 1.35691 0.8182 2.4379e-06
12800 100 1.35691 0.7972 2.3582e-06
25600 10 1.35691 19.986 6.162e-05
25600 20 1.35691 4.9426 1.51699e-05
25600 30 1.35691 2.9567 9.1362e-06
25600 40 1.35691 2.2979 6.7745e-06
25600 50 1.35691 1.8366 5.579e-06
25600 60 1.35691 1.8139 4.8732e-06
25600 70 1.35691 1.677 4.4508e-06
25600 80 1.35691 1.7609 4.1193e-06
25600 90 1.35691 1.6517 3.9262e-06
25600 100 1.35691 1.5788 3.7829e-06
51200 10 1.35691 39.9515 0.000125442
51200 20 1.35691 9.8957 3.11108e-05
51200 30 1.35691 6.0697 1.83884e-05
51200 40 1.35691 4.6108 1.34279e-05
51200 50 1.35691 3.7756 1.08531e-05
51200 60 1.35691 3.4879 9.3825e-06
51200 70 1.35691 3.2869 8.562e-06
51200 80 1.35691 3.1585 7.8222e-06
51200 90 1.35691 3.1125 7.3141e-06
51200 100 1.35691 3.4261 6.9318e-06
102400 10 1.35691 80.1478 0.000257737
102400 20 1.35691 20.0044 6.169e-05
102400 30 1.35691 12.1615 3.61049e-05
102400 40 1.35691 9.0819 2.61465e-05
102400 50 1.35691 7.6865 2.09587e-05
102400 60 1.35691 6.9283 1.80057e-05
102400 70 1.35691 6.3989 1.62834e-05
102400 80 1.35691 6.3743 1.47512e-05
102400 90 1.35691 6.0808 1.37679e-05
102400 100 1.35691 6.2426 1.29764e-05
204800 10 1.35691 160.729 0.000514922
204800 20 1.35691 39.9475 0.000122922
204800 30 1.35691 24.377 7.21384e-05
204800 40 1.35691 18.2748 5.23494e-05
204800 50 1.35691 15.4827 4.20521e-05
204800 60 1.35691 13.8807 3.62889e-05
204800 70 1.35691 12.9562 3.32158e-05
204800 80 1.35691 12.6012 3.00993e-05
204800 90 1.35691 12.7156 2.80185e-05
204800 100 1.35691 12.822 2.64958e-05
409600 10 1.35691 320.905 0.00102956
409600 20 1.35691 79.2494 0.000244835
409600 30 1.35691 48.2675 0.000143108
409600 40 1.35691 36.6598 0.000103604
409600 50 1.35691 30.7048 8.29449e-05
409600 60 1.35691 28.2063 7.11908e-05
409600 70 1.35691 26.2152 6.47737e-05
409600 80 1.35691 25.3248 5.82195e-05
409600 90 1.35691 25.2536 5.40039e-05
409600 100 1.35691 25.3039 5.08588e-05
819200 10 1.35691 640.041 0.00205999
819200 20 1.35691 159.41 0.000488631
819200 30 1.35691 96.7434 0.000284225
819200 40 1.35691 73.3083 0.000203918
819200 50 1.35691 62.0923 0.000162557
819200 60 1.35691 56.0531 0.000138905
819200 70 1.35691 53.385 0.000125464
819200 80 1.35691 51.1241 0.000113033
819200 90 1.35691 50.5623 0.000104639
819200 100 1.35691 50.2578 9.84221e-05
1638400 10 1.35691 1268.46 0.00390295
1638400 20 1.35691 317.585 0.000906229
1638400 30 1.35691 196.409 0.000525577
1638400 40 1.35691 148.107 0.000376894
1638400 50 1.35691 125.418 0.000298934
1638400 60 1.35691 113.531 0.000252294
1638400 70 1.35691 107.045 0.00022223
1638400 80 1.35691 103.492 0.000199647
1638400 90 1.35691 101.378 0.000186625
1638400 100 1.35691 101.583 0.000177551
