n=421419 m=100 k=78
200 10 3.00892 0.0317 1.0362e-06
200 20 3.00892 0.0162 5.446e-07
200 30 3.00892 0.0107 5.431e-07
200 40 3.00892 0.0293 5.419e-07
200 50 3.00892 0.0162 5.437e-07
200 60 3.00892 0.031 5.537e-07
200 70 3.00892 0.0423 5.471e-07
200 80 3.00892 0.0089 5.554e-07
200 90 3.00892 0.0365 5.579e-07
200 100 3.00892 0.0308 5.664e-07
400 10 3.00892 0.0581 8.579e-07
400 20 3.00892 0.0223 6.242e-07
400 30 3.00892 0.02 5.714e-07
400 40 3.00892 0.0393 5.661e-07
400 50 3.00892 0.0475 5.754e-07
400 60 3.00892 0.0445 5.676e-07
400 70 3.00892 0.03 5.756e-07
400 80 3.00892 0.0503 5.848e-07
400 90 3.00892 0.0374 5.985e-07
400 100 3.00892 0.0513 6.516e-07
800 10 3.00892 0.1291 1.2553e-06
800 20 3.00892 0.0692 7.781e-07
800 30 3.00892 0.0407 6.727e-07
800 40 3.00892 0.1108 6.426e-07
800 50 3.00892 0.1106 6.273e-07
800 60 3.00892 0.1191 6.327e-07
800 70 3.00892 0.1217 6.48e-07
800 80 3.00892 0.2355 6.503e-07
800 90 3.00892 0.1296 6.53e-07
800 100 3.00892 0.1533 6.56e-07
1600 10 3.00892 0.243 2.0782e-06
1600 20 3.00892 0.1199 1.1013e-06
1600 30 3.00892 0.1255 8.898e-07
1600 40 3.00892 0.1652 8.022e-07
1600 50 3.00892 0.1916 7.659e-07
1600 60 3.00892 0.2848 7.482e-07
1600 70 3.00892 0.2801 7.391e-07
1600 80 3.00892 0.3261 7.165e-07
1600 90 3.00892 0.2864 7.28e-07
1600 100 3.00892 0.4253 7.33e-07
3200 10 3.00892 0.4844 3.6634e-06
3200 20 3.00892 0.2804 1.709e-06
3200 30 3.00892 0.294 1.2602e-06
3200 40 3.00892 0.3397 1.0734e-06
3200 50 3.00892 0.3769 9.762e-07
3200 60 3.00892 0.5027 9.437e-07
3200 70 3.00892 0.5334 9.214e-07
3200 80 3.00892 0.5965 8.842e-07
3200 90 3.00892 0.7161 8.773e-07
3200 100 3.00892 0.7215 8.61e-07
6400 10 3.00892 0.912 6.827e-06
6400 20 3.00892 0.5619 2.9143e-06
6400 30 3.00892 0.5119 2.0251e-06
6400 40 3.00892 0.6834 1.644e-06
6400 50 3.00892 0.7863 1.437e-06
6400 60 3.00892 0.998 1.3208e-06
6400 70 3.00892 1.0597 1.2657e-06
6400 80 3.00892 1.379 1.2136e-06
6400 90 3.00892 1.3035 1.1702e-06
6400 100 3.00892 1.5323 1.1686e-06
12800 10 3.00892 1.8484 1.3207e-05
12800 20 3.00892 1.0426 5.3635e-06
12800 30 3.00892 1.0851 3.5697e-06
12800 40 3.00892 1.3426 2.7909e-06
12800 50 3.00892 1.5218 2.3669e-06
12800 60 3.00892 1.9435 2.1177e-06
12800 70 3.00892 2.2533 1.9631e-06
12800 80 3.00892 2.3794 1.8691e-06
12800 90 3.00892 2.7706 1.7926e-06
12800 100 3.00892 3.1394 1.7385e-06
25600 10 3.00892 3.685 2.59272e-05
25600 20 3.00892 1.9647 1.02392e-05
25600 30 3.00892 2.0391 6.6363e-06
25600 40 3.00892 2.4965 5.0609e-06
25600 50 3.00892 3.0903 4.2049e-06
25600 60 3.00892 3.8941 3.6953e-06
25600 70 3.00892 4.5994 3.3558e-06
25600 80 3.00892 4.6133 3.1684e-06
25600 90 3.00892 5.7611 3.0081e-06
25600 100 3.00892 6.1634 2.8835e-06
51200 10 3.00892 7.2694 5.13773e-05
51200 20 3.00892 3.9835 1.99735e-05
51200 30 3.00892 4.3973 1.27591e-05
51200 40 3.00892 5.3551 9.6885e-06
51200 50 3.00892 6.5522 8.343e-06
51200 60 3.00892 7.3303 7.292e-06
51200 70 3.00892 8.5694 6.7726e-06
51200 80 3.00892 9.6733 6.3113e-06
51200 90 3.00892 11.2726 5.9583e-06
51200 100 3.00892 12.2023 5.6919e-06
102400 10 3.00892 14.7743 0.000104344
102400 20 3.00892 8.3625 4.03571e-05
102400 30 3.00892 8.9183 2.56308e-05
102400 40 3.00892 11.2208 1.9202e-05
102400 50 3.00892 13.1844 1.57309e-05
102400 60 3.00892 15.8511 1.37842e-05
102400 70 3.00892 17.4702 1.27199e-05
102400 80 3.00892 19.7427 1.17746e-05
102400 90 3.00892 22.4553 1.10545e-05
102400 100 3.00892 23.722 1.05025e-05
204800 10 3.00892 31.2761 0.00020813
204800 20 3.00892 19.614 8.00647e-05
204800 30 3.00892 21.0841 5.0646e-05
204800 40 3.00892 25.2364 3.77619e-05
204800 50 3.00892 28.7141 3.08428e-05
204800 60 3.00892 33.4507 2.69667e-05
204800 70 3.00892 37.1384 2.48596e-05
204800 80 3.00892 40.902 2.29233e-05
204800 90 3.00892 45.4629 2.14839e-05
204800 100 3.00892 50.0167 2.03203e-05
409600 10 3.00892 73.1262 0.000415585
409600 20 3.00892 65.5738 0.000159542
409600 30 3.00892 67.7832 0.000100778
409600 40 3.00892 71.7622 7.52772e-05
409600 50 3.00892 75.2912 6.17191e-05
409600 60 3.00892 79.4725 5.42372e-05
409600 70 3.00892 84.6801 5.03809e-05
409600 80 3.00892 89.746 4.65476e-05
409600 90 3.00892 94.9202 4.36839e-05
409600 100 3.00892 99.5315 4.13813e-05
