n=193080 m=100 k=88
200 10 3.0439 0.0407 2078.42 2.5137
200 20 3.0439 0.0321 1101.49 1.4372
200 30 3.0439 0.0347 1101.04 1.6157
200 40 3.0439 0.0329 1172.04 1.217
200 50 3.0439 0.0455 1285.05 1.5816
200 60 3.0439 0.0254 1412.94 1.6168
200 70 3.0439 0.0304 1538 1.2861
200 80 3.0439 0.0328 1672.2 1.6239
200 90 3.0439 0.0273 1817.67 1.471
200 100 3.0439 0.0606 1936.73 1.1113
400 10 3.0439 0.0923 3557.18 3.03
400 20 3.0439 0.0542 1447.02 1.8169
400 30 3.0439 0.0615 1303.14 1.7636
400 40 3.0439 0.1154 1312.62 1.6175
400 50 3.0439 0.0922 1398.73 1.7102
400 60 3.0439 0.0979 1508.33 1.7035
400 70 3.0439 0.0796 1615.17 1.7275
400 80 3.0439 0.185 1745.5 1.718
400 90 3.0439 0.1722 1878.79 1.6839
400 100 3.0439 0.1219 1991.26 1.7033
800 10 3.0439 0.2132 6510.75 3.9002
800 20 3.0439 0.0726 2143.47 2.0883
800 30 3.0439 0.1561 1704.25 1.9953
800 40 3.0439 0.146 1596.07 1.8688
800 50 3.0439 0.1958 1621.37 1.9546
800 60 3.0439 0.2318 1694.21 1.874
800 70 3.0439 0.325 1774.72 1.9186
800 80 3.0439 0.2439 1884.54 1.7962
800 90 3.0439 0.2996 2005.65 1.815
800 100 3.0439 0.5229 2107.8 1.8219
1600 10 3.0439 0.4179 12420.3 5.5156
1600 20 3.0439 0.1996 3534.66 2.7084
1600 30 3.0439 0.2459 2507.05 2.3588
1600 40 3.0439 0.3183 2166.81 2.3114
1600 50 3.0439 0.4447 2070.37 1.9801
1600 60 3.0439 0.473 2064.31 2.0268
1600 70 3.0439 0.5961 2092.84 2.0206
1600 80 3.0439 0.6937 2167.01 1.9713
1600 90 3.0439 0.6358 2257.88 1.9948
1600 100 3.0439 0.6559 2335.13 1.8183
3200 10 3.0439 0.7745 24238.1 7.8355
3200 20 3.0439 0.3884 6316.86 3.4689
3200 30 3.0439 0.5792 4112.85 3.1704
3200 40 3.0439 0.6018 3308.06 2.7648
3200 50 3.0439 0.8681 2964.27 2.4479
3200 60 3.0439 1.0121 2806.81 2.1646
3200 70 3.0439 1.1422 2730.27 2.4782
3200 80 3.0439 1.3036 2729.22 2.0813
3200 90 3.0439 1.4874 2763.63 2.2169
3200 100 3.0439 1.1907 2792.44 2.1677
6400 10 3.0439 1.6911 47878.4 12.9306
6400 20 3.0439 0.8039 11882.4 5.0541
6400 30 3.0439 1.0101 7321.66 4.0326
6400 40 3.0439 1.3813 5592.51 3.771
6400 50 3.0439 1.5678 4751.63 2.9964
6400 60 3.0439 2.15 4291.56 2.9662
6400 70 3.0439 2.308 4005.04 3.0208
6400 80 3.0439 2.7508 3853.88 2.9701
6400 90 3.0439 3.1759 3776.96 2.6098
6400 100 3.0439 2.8872 3716.42 3.5588
12800 10 3.0439 3.3858 95161.3 23.1398
12800 20 3.0439 1.6298 23015.2 7.7666
12800 30 3.0439 2.0511 13743.5 5.8377
12800 40 3.0439 2.8293 10163.3 5.1372
12800 50 3.0439 3.1555 8332.55 4.3728
12800 60 3.0439 4.0301 7257.44 4.1803
12800 70 3.0439 4.6736 6558.05 3.9474
12800 80 3.0439 5.4133 6102.06 4.0782
12800 90 3.0439 6.1404 5799.19 3.6035
12800 100 3.0439 7.049 5567.74 4.3317
25600 10 3.0439 6.7654 189722 43.0704
25600 20 3.0439 3.4206 45283.7 12.787
25600 30 3.0439 4.2738 26589.4 8.9584
25600 40 3.0439 5.6954 19304.6 7.5175
25600 50 3.0439 6.7883 15498 6.6166
25600 60 3.0439 8.0229 13193.3 6.2134
25600 70 3.0439 9.4638 11660.1 5.7866
25600 80 3.0439 11.1459 10608.4 5.7561
25600 90 3.0439 11.6453 9838.39 5.2929
25600 100 3.0439 13.6001 9257.3 5.8638
51200 10 3.0439 13.7371 378844 82.9667
51200 20 3.0439 7.1576 89813.5 22.0425
51200 30 3.0439 9.1171 52284 14.3494
51200 40 3.0439 11.6144 37591.5 12.0824
51200 50 3.0439 14.3094 29833.3 10.1534
51200 60 3.0439 16.8981 25078.6 9.061
51200 70 3.0439 19.0416 21859.9 7.9894
51200 80 3.0439 20.8679 19596.5 7.9769
51200 90 3.0439 24.6548 17937.5 7.4375
51200 100 3.0439 26.5264 16631.8 7.5648
102400 10 3.0439 30.3443 757110 164.249
102400 20 3.0439 19.9091 178936 42.5493
102400 30 3.0439 23.2512 103729 26.4478
102400 40 3.0439 27.6717 74213.1 21.1297
102400 50 3.0439 31.3607 58522.4 17.2801
102400 60 3.0439 35.6291 48848.7 15.3028
102400 70 3.0439 40.9599 42315.3 14.1556
102400 80 3.0439 45.3068 37626.1 13.138
102400 90 3.0439 49.5118 34116.4 11.9817
102400 100 3.0439 54.0072 31394.7 11.9665
