n=207205 m=100 k=77
200 10 2.90019 0.0477 1.2818e-06
200 20 2.90019 0.0238 7.424e-07
200 30 2.90019 0.0264 7.288e-07
200 40 2.90019 0.0176 7.328e-07
200 50 2.90019 0.0462 7.507e-07
200 60 2.90019 0.0371 7.679e-07
200 70 2.90019 0.0711 7.883e-07
200 80 2.90019 0.0725 8.295e-07
200 90 2.90019 0.0454 8.549e-07
200 100 2.90019 0.0211 8.71e-07
400 10 2.90019 0.1149 1.5984e-06
400 20 2.90019 0.0455 8.926e-07
400 30 2.90019 0.0548 8.176e-07
400 40 2.90019 0.1159 8.077e-07
400 50 2.90019 0.1015 8.209e-07
400 60 2.90019 0.1278 8.336e-07
400 70 2.90019 0.1345 8.514e-07
400 80 2.90019 0.1131 8.711e-07
400 90 2.90019 0.1361 8.891e-07
400 100 2.90019 0.1815 9.089e-07
800 10 2.90019 0.1892 2.5636e-06
800 20 2.90019 0.1035 1.112e-06
800 30 2.90019 0.1574 9.62e-07
800 40 2.90019 0.1185 8.996e-07
800 50 2.90019 0.1755 8.846e-07
800 60 2.90019 0.2265 8.924e-07
800 70 2.90019 0.2213 8.945e-07
800 80 2.90019 0.3397 9.431e-07
800 90 2.90019 0.3144 9.457e-07
800 100 2.90019 0.2428 9.586e-07
1600 10 2.90019 0.4264 4.4742e-06
1600 20 2.90019 0.2207 1.5792e-06
1600 30 2.90019 0.2564 1.2149e-06
1600 40 2.90019 0.2505 1.0911e-06
1600 50 2.90019 0.3868 1.0445e-06
1600 60 2.90019 0.5668 1.0302e-06
1600 70 2.90019 0.5239 1.0255e-06
1600 80 2.90019 0.5662 1.0196e-06
1600 90 2.90019 0.6268 1.0215e-06
1600 100 2.90019 0.9264 1.0442e-06
3200 10 2.90019 0.8177 8.2581e-06
3200 20 2.90019 0.4125 2.4684e-06
3200 30 2.90019 0.4932 1.7255e-06
3200 40 2.90019 0.6942 1.441e-06
3200 50 2.90019 0.7108 1.3292e-06
3200 60 2.90019 0.9539 1.271e-06
3200 70 2.90019 1.0682 1.2457e-06
3200 80 2.90019 1.0764 1.2297e-06
3200 90 2.90019 1.3528 1.2322e-06
3200 100 2.90019 1.4217 1.2293e-06
6400 10 2.90019 1.6094 1.58825e-05
6400 20 2.90019 0.7799 4.2686e-06
6400 30 2.90019 0.9688 2.7867e-06
6400 40 2.90019 1.373 2.2347e-06
6400 50 2.90019 1.5164 1.944e-06
6400 60 2.90019 1.8648 1.7897e-06
6400 70 2.90019 1.8606 1.7116e-06
6400 80 2.90019 2.4536 1.6495e-06
6400 90 2.90019 3.1944 1.6206e-06
6400 100 2.90019 3.1142 1.6008e-06
12800 10 2.90019 3.1649 3.11437e-05
12800 20 2.90019 1.6071 7.88e-06
12800 30 2.90019 2.1909 4.8698e-06
12800 40 2.90019 2.5449 3.7153e-06
12800 50 2.90019 3.3129 3.1325e-06
12800 60 2.90019 3.6063 2.8209e-06
12800 70 2.90019 4.2343 2.635e-06
12800 80 2.90019 5.1095 2.5024e-06
12800 90 2.90019 5.8257 2.3957e-06
12800 100 2.90019 6.3968 2.3207e-06
25600 10 2.90019 6.6388 6.17769e-05
25600 20 2.90019 3.0812 1.50644e-05
25600 30 2.90019 4.0399 9.0598e-06
25600 40 2.90019 5.2879 6.7257e-06
25600 50 2.90019 6.3823 5.5328e-06
25600 60 2.90019 7.5572 4.8434e-06
25600 70 2.90019 8.8502 4.4506e-06
25600 80 2.90019 10.0484 4.1093e-06
25600 90 2.90019 10.9225 3.8883e-06
25600 100 2.90019 12.2699 3.7221e-06
51200 10 2.90019 13.1419 0.0001229
51200 20 2.90019 6.8818 2.94898e-05
51200 30 2.90019 8.5609 1.74085e-05
51200 40 2.90019 10.7818 1.27012e-05
51200 50 2.90019 13.2547 1.02534e-05
51200 60 2.90019 15.7017 8.8416e-06
51200 70 2.90019 18.0118 8.0251e-06
51200 80 2.90019 20.0682 7.3116e-06
51200 90 2.90019 22.4409 6.8553e-06
51200 100 2.90019 24.7674 6.4763e-06
102400 10 2.90019 27.9892 0.000245262
102400 20 2.90019 17.6751 5.82419e-05
102400 30 2.90019 21.038 3.40172e-05
102400 40 2.90019 24.6065 2.4526e-05
102400 50 2.90019 29.2273 1.95962e-05
102400 60 2.90019 32.7503 1.67195e-05
102400 70 2.90019 37.773 1.50828e-05
102400 80 2.90019 41.6094 1.3646e-05
102400 90 2.90019 45.7871 1.26789e-05
102400 100 2.90019 50.2134 1.19154e-05
204800 10 2.90019 76.5581 0.000487651
204800 20 2.90019 65.7067 0.000112592
204800 30 2.90019 68.0538 6.5207e-05
204800 40 2.90019 72.9039 4.6659e-05
204800 50 2.90019 77.7583 3.68701e-05
204800 60 2.90019 81.2661 3.10994e-05
204800 70 2.90019 86.5625 2.71759e-05
204800 80 2.90019 90.9438 2.4396e-05
204800 90 2.90019 95.7051 2.26898e-05
204800 100 2.90019 100.607 2.14354e-05
