n=3170441 m=100 k=5
200 10 1.35691 0.1438 2082.03 2.8258
200 20 1.35691 0.0368 1103.37 1.6124
200 30 1.35691 0.0224 1103.03 1.7283
200 40 1.35691 0.0142 1172.91 1.296
200 50 1.35691 0.0162 1286.43 1.6694
200 60 1.35691 0.0087 1415.08 1.6888
200 70 1.35691 0.0081 1539.22 1.3739
200 80 1.35691 0.0055 1674.07 1.6879
200 90 1.35691 0.0062 1819.28 1.5789
200 100 1.35691 0.0039 1937.31 1.3818
400 10 1.35691 0.3014 3565.13 3.8763
400 20 1.35691 0.0771 1451.11 2.3363
400 30 1.35691 0.0542 1307.24 2.0114
400 40 1.35691 0.0385 1314.94 1.88
400 50 1.35691 0.0313 1401.58 1.8428
400 60 1.35691 0.0421 1511.48 1.8204
400 70 1.35691 0.0229 1618.14 1.8183
400 80 1.35691 0.0226 1747.62 1.7907
400 90 1.35691 0.0289 1880.58 1.8285
400 100 1.35691 0.0134 1993.81 1.8184
800 10 1.35691 0.6492 6527.2 5.34
800 20 1.35691 0.154 2152.46 2.8357
800 30 1.35691 0.1029 1711.51 2.4198
800 40 1.35691 0.0689 1602.23 2.2313
800 50 1.35691 0.0584 1627.51 2.1856
800 60 1.35691 0.0647 1699.51 2.131
800 70 1.35691 0.0621 1778.73 2.133
800 80 1.35691 0.05 1889.58 2.153
800 90 1.35691 0.0419 2010.43 2.0766
800 100 1.35691 0.0423 2110.11 2.0673
1600 10 1.35691 1.2171 12452.6 7.6819
1600 20 1.35691 0.3136 3552.15 3.8111
1600 30 1.35691 0.2031 2521.32 2.9763
1600 40 1.35691 0.1433 2179.9 2.6526
1600 50 1.35691 0.1372 2081.06 2.4733
1600 60 1.35691 0.1065 2076.07 2.3705
1600 70 1.35691 0.0907 2102.53 2.3713
1600 80 1.35691 0.087 2175.47 2.3655
1600 90 1.35691 0.084 2266.69 2.3067
1600 100 1.35691 0.0977 2343.4 2.2949
3200 10 1.35691 2.5145 24306.9 12.4134
3200 20 1.35691 0.6324 6353.21 5.2303
3200 30 1.35691 0.3825 4140.85 4.1217
3200 40 1.35691 0.2847 3335.45 3.5105
3200 50 1.35691 0.2275 2987.41 3.1334
3200 60 1.35691 0.1994 2827.2 2.8805
3200 70 1.35691 0.2073 2749.79 2.7243
3200 80 1.35691 0.1976 2745.93 2.6933
3200 90 1.35691 0.1947 2779.94 2.5447
3200 100 1.35691 0.1632 2811.29 2.4848
6400 10 1.35691 5.055 48013.8 21.8484
6400 20 1.35691 1.2749 11953.2 7.5686
6400 30 1.35691 0.719 7380.21 5.7298
6400 40 1.35691 0.5772 5644.07 4.7885
6400 50 1.35691 0.4948 4800.76 4.3042
6400 60 1.35691 0.4415 4332.48 4.0252
6400 70 1.35691 0.4699 4045.22 3.6968
6400 80 1.35691 0.4129 3888.52 3.5154
6400 90 1.35691 0.3406 3806.43 3.2909
6400 100 1.35691 0.3718 3747.12 3.1702
12800 10 1.35691 10.036 95429.8 40.6081
12800 20 1.35691 2.4786 23152.3 12.0167
12800 30 1.35691 1.5838 13857.7 8.2909
12800 40 1.35691 1.1451 10262.2 6.7667
12800 50 1.35691 0.9131 8426.04 5.9321
12800 60 1.35691 0.8463 7339.88 5.425
12800 70 1.35691 0.8257 6629.37 5.0043
12800 80 1.35691 0.7809 6171.15 4.7488
12800 90 1.35691 0.7676 5856.87 4.5755
12800 100 1.35691 0.846 5618.38 4.3857
25600 10 1.35691 20.0006 190238 77.3318
25600 20 1.35691 5.0031 45553.4 21.063
25600 30 1.35691 3.0042 26816.2 13.5734
25600 40 1.35691 2.3001 19501.5 10.5266
25600 50 1.35691 1.8994 15677.1 8.9261
25600 60 1.35691 1.654 13356 7.9114
25600 70 1.35691 1.5937 11805.5 7.2467
25600 80 1.35691 1.5302 10734.5 6.8082
25600 90 1.35691 1.5792 9965.56 6.4403
25600 100 1.35691 1.4948 9359.54 6.0924
51200 10 1.35691 39.6621 379876 152.987
51200 20 1.35691 9.9665 90353.7 38.9876
51200 30 1.35691 6.0453 52732.5 24.1832
51200 40 1.35691 4.5856 37980.8 17.9025
51200 50 1.35691 3.8377 30182 14.6973
51200 60 1.35691 3.5084 25392.6 12.81
51200 70 1.35691 3.3321 22159.4 11.5037
51200 80 1.35691 3.3094 19870 10.4723
51200 90 1.35691 3.2398 18177.3 9.8315
51200 100 1.35691 3.0915 16853.6 9.3162
102400 10 1.35691 79.5737 759192 305.399
102400 20 1.35691 19.8966 179954 75.0796
102400 30 1.35691 12.1223 104560 44.901
102400 40 1.35691 9.1768 74939.2 32.6947
102400 50 1.35691 7.8234 59204.4 26.5202
102400 60 1.35691 6.8869 49471.3 22.4275
102400 70 1.35691 6.584 42868.6 19.9408
102400 80 1.35691 6.4459 38143.5 17.9672
102400 90 1.35691 6.2909 34600.1 16.6108
102400 100 1.35691 6.4591 31830.2 15.4077
204800 10 1.35691 159.609 1.51781e+06 604.887
204800 20 1.35691 39.9787 359177 148.865
204800 30 1.35691 24.2846 208240 86.5698
204800 40 1.35691 18.4236 148886 62.7525
204800 50 1.35691 15.3439 117257 49.8686
204800 60 1.35691 13.9133 97618.3 42.0217
204800 70 1.35691 12.9413 84304.5 36.502
204800 80 1.35691 12.9718 74696.4 33.3636
204800 90 1.35691 12.5859 67463 30.3782
204800 100 1.35691 12.2612 61790 28.1802
409600 10 1.35691 319.116 3.03511e+06 1204.64
409600 20 1.35691 80.0232 717709 295.51
409600 30 1.35691 49.024 415613 172.123
409600 40 1.35691 36.8037 296802 123.056
409600 50 1.35691 30.9034 233355 97.308
409600 60 1.35691 27.8921 193953 81.2033
409600 70 1.35691 26.5865 167160 70.5678
409600 80 1.35691 25.8671 147815 63.6618
409600 90 1.35691 25.7632 133205 57.6831
409600 100 1.35691 24.8533 121725 52.9981
819200 10 1.35691 640.539 6.06952e+06 2403.75
819200 20 1.35691 159.69 1.43453e+06 583.819
819200 30 1.35691 96.9794 830244 339.115
819200 40 1.35691 74.026 592547 243.191
819200 50 1.35691 62.1665 465592 191.478
819200 60 1.35691 55.5059 386636 159.342
819200 70 1.35691 52.9914 332881 137.438
819200 80 1.35691 51.6661 294104 122.908
819200 90 1.35691 50.3063 264624 110.59
819200 100 1.35691 51.0971 241559 101.442
1638400 10 1.35691 1276.16 1.21383e+07 4764.63
1638400 20 1.35691 320.615 2.86822e+06 1155.88
1638400 30 1.35691 196.112 1.65974e+06 673.492
1638400 40 1.35691 148.841 1.1841e+06 482.84
1638400 50 1.35691 125.784 929628 379.716
1638400 60 1.35691 114.053 772056 317.214
1638400 70 1.35691 106.691 664381 272.817
1638400 80 1.35691 103.484 586459 242.168
1638400 90 1.35691 102.688 527551 218.934
1638400 100 1.35691 101.528 481281 199.535
