n=193080 m=100 k=88
200 10 3.0439 0.044 1.2142e-06
200 20 3.0439 0.0141 7.412e-07
200 30 3.0439 0.026 7.224e-07
200 40 3.0439 0.0372 7.46e-07
200 50 3.0439 0.0367 7.619e-07
200 60 3.0439 0.0656 7.881e-07
200 70 3.0439 0.0147 7.999e-07
200 80 3.0439 0.0249 8.232e-07
200 90 3.0439 0.0458 8.514e-07
200 100 3.0439 0.0204 8.692e-07
400 10 3.0439 0.1025 1.5875e-06
400 20 3.0439 0.043 8.608e-07
400 30 3.0439 0.0717 7.822e-07
400 40 3.0439 0.0869 7.81e-07
400 50 3.0439 0.0777 7.924e-07
400 60 3.0439 0.1404 8.115e-07
400 70 3.0439 0.1705 8.273e-07
400 80 3.0439 0.1292 8.446e-07
400 90 3.0439 0.1451 8.664e-07
400 100 3.0439 0.1709 8.832e-07
800 10 3.0439 0.1996 2.5292e-06
800 20 3.0439 0.1044 1.0949e-06
800 30 3.0439 0.1166 9.378e-07
800 40 3.0439 0.1313 8.805e-07
800 50 3.0439 0.1245 8.757e-07
800 60 3.0439 0.2803 8.849e-07
800 70 3.0439 0.2902 8.961e-07
800 80 3.0439 0.2586 9.12e-07
800 90 3.0439 0.2376 9.301e-07
800 100 3.0439 0.3026 9.437e-07
1600 10 3.0439 0.402 4.4399e-06
1600 20 3.0439 0.2117 1.5753e-06
1600 30 3.0439 0.2795 1.2226e-06
1600 40 3.0439 0.2884 1.1062e-06
1600 50 3.0439 0.3654 1.0533e-06
1600 60 3.0439 0.5551 1.0401e-06
1600 70 3.0439 0.5735 1.0339e-06
1600 80 3.0439 0.7103 1.024e-06
1600 90 3.0439 0.781 1.0531e-06
1600 100 3.0439 0.7144 1.0584e-06
3200 10 3.0439 0.8042 8.2904e-06
3200 20 3.0439 0.4037 2.4986e-06
3200 30 3.0439 0.5217 1.7531e-06
3200 40 3.0439 0.6851 1.4592e-06
3200 50 3.0439 0.815 1.3375e-06
3200 60 3.0439 0.98 1.2786e-06
3200 70 3.0439 1.1938 1.2591e-06
3200 80 3.0439 1.3659 1.2355e-06
3200 90 3.0439 1.3924 1.2377e-06
3200 100 3.0439 1.5719 1.2402e-06
6400 10 3.0439 1.5816 1.59236e-05
6400 20 3.0439 0.8135 4.2744e-06
6400 30 3.0439 0.9643 2.8103e-06
6400 40 3.0439 1.31 2.2334e-06
6400 50 3.0439 1.7165 1.9566e-06
6400 60 3.0439 2.2596 1.8122e-06
6400 70 3.0439 2.4188 1.7368e-06
6400 80 3.0439 2.3684 1.6849e-06
6400 90 3.0439 3.0076 1.6483e-06
6400 100 3.0439 3.3348 1.616e-06
12800 10 3.0439 3.2588 3.12466e-05
12800 20 3.0439 1.6835 7.9228e-06
12800 30 3.0439 2.1567 4.9115e-06
12800 40 3.0439 2.8621 3.7345e-06
12800 50 3.0439 3.4146 3.1336e-06
12800 60 3.0439 3.8845 2.815e-06
12800 70 3.0439 4.4966 2.646e-06
12800 80 3.0439 5.4688 2.4929e-06
12800 90 3.0439 5.6351 2.3942e-06
12800 100 3.0439 6.8512 2.3179e-06
25600 10 3.0439 6.4877 6.19166e-05
25600 20 3.0439 3.3879 1.51516e-05
25600 30 3.0439 4.3095 9.0711e-06
25600 40 3.0439 5.6357 6.6995e-06
25600 50 3.0439 6.6627 5.5026e-06
25600 60 3.0439 8.2076 4.8012e-06
25600 70 3.0439 9.3559 4.4413e-06
25600 80 3.0439 10.5758 4.1144e-06
25600 90 3.0439 12.4075 3.899e-06
25600 100 3.0439 13.6697 3.7126e-06
51200 10 3.0439 13.0805 0.000123198
51200 20 3.0439 7.095 2.95821e-05
51200 30 3.0439 9.1909 1.73661e-05
51200 40 3.0439 11.6761 1.26555e-05
51200 50 3.0439 13.9145 1.02007e-05
51200 60 3.0439 16.9201 8.7922e-06
51200 70 3.0439 18.6957 8.0666e-06
51200 80 3.0439 22.3177 7.3653e-06
51200 90 3.0439 24.5816 6.8902e-06
51200 100 3.0439 26.2715 6.5138e-06
102400 10 3.0439 28.9153 0.000245759
102400 20 3.0439 19.566 5.71965e-05
102400 30 3.0439 22.6843 3.28515e-05
102400 40 3.0439 26.7872 2.35811e-05
102400 50 3.0439 31.2016 1.87141e-05
102400 60 3.0439 35.5854 1.57732e-05
102400 70 3.0439 40.1655 1.38612e-05
102400 80 3.0439 44.8765 1.24891e-05
102400 90 3.0439 49.3653 1.16318e-05
102400 100 3.0439 53.8918 1.09957e-05
