n=4638690 m=100 k=4
200 10 1.38617 0.2676 933.515 3.3993
200 20 1.38617 0.1315 850.993 2.6045
200 30 1.38617 0.0824 892.195 2.3364
200 40 1.38617 0.0641 961.087 2.2752
200 50 1.38617 0.0528 1038.25 2.2331
200 60 1.38617 0.0473 1120.16 2.2124
200 70 1.38617 0.0439 1214.25 2.2571
200 80 1.38617 0.036 1300.64 3.176
200 90 1.38617 0.0362 1387.28 3.1537
200 100 1.38617 0.0286 1475.39 3.1439
400 10 1.38617 0.5538 1271.78 4.9342
400 20 1.38617 0.2728 1016.72 3.4407
400 30 1.38617 0.1918 1010.25 2.9504
400 40 1.38617 0.1412 1055.65 2.7127
400 50 1.38617 0.1108 1119.77 2.5936
400 60 1.38617 0.1058 1193.35 2.5687
400 70 1.38617 0.1117 1281.9 2.5784
400 80 1.38617 0.0954 1364.58 3.4569
400 90 1.38617 0.0885 1447.86 3.4476
400 100 1.38617 0.0737 1532.94 3.4258
800 10 1.38617 1.1306 1946.4 7.279
800 20 1.38617 0.5208 1347.57 4.8581
800 30 1.38617 0.3638 1243.7 4.0044
800 40 1.38617 0.2883 1244.76 3.5496
800 50 1.38617 0.2572 1283.42 3.3017
800 60 1.38617 0.2056 1340.29 3.1598
800 70 1.38617 0.2129 1418.27 3.1062
800 80 1.38617 0.2175 1491.37 3.9599
800 90 1.38617 0.1786 1569.08 3.9277
800 100 1.38617 0.1618 1648.74 3.9076
1600 10 1.38617 2.2182 3295.38 11.3129
1600 20 1.38617 1.0465 2011.59 7.0773
1600 30 1.38617 0.718 1712.83 5.8021
1600 40 1.38617 0.5848 1621.61 5.1472
1600 50 1.38617 0.5075 1610.45 4.7197
1600 60 1.38617 0.4312 1632.54 4.3718
1600 70 1.38617 0.4262 1686.86 4.329
1600 80 1.38617 0.3915 1744.63 5.0061
1600 90 1.38617 0.3651 1810.98 4.9615
1600 100 1.38617 0.3489 1881.13 4.8781
3200 10 1.38617 4.3882 5990.28 19.4086
3200 20 1.38617 2.1434 3336.49 11.0453
3200 30 1.38617 1.478 2652.28 8.6887
3200 40 1.38617 1.1929 2380.53 7.6172
3200 50 1.38617 1.0154 2261.96 6.9214
3200 60 1.38617 0.8827 2219.01 6.5064
3200 70 1.38617 0.8131 2226.15 6.2866
3200 80 1.38617 0.8122 2254.63 6.9966
3200 90 1.38617 0.7296 2293.05 6.7653
3200 100 1.38617 0.7015 2346.75 6.6554
6400 10 1.38617 8.9072 11391.7 36.1903
6400 20 1.38617 4.1981 5987.47 19.0054
6400 30 1.38617 2.9631 4526.94 14.3737
6400 40 1.38617 2.3611 3892.95 12.1338
6400 50 1.38617 2.0136 3563.67 10.6868
6400 60 1.38617 1.7757 3388.46 9.8949
6400 70 1.38617 1.7096 3309.4 9.6101
6400 80 1.38617 1.5953 3267.51 9.9925
6400 90 1.38617 1.5177 3258.14 9.7124
6400 100 1.38617 1.402 3270.48 9.4245
12800 10 1.38617 17.6155 22170.1 68.1347
12800 20 1.38617 8.4421 11282.2 35.0851
12800 30 1.38617 5.9527 8271.8 25.7447
12800 40 1.38617 4.7449 6912.25 21.2506
12800 50 1.38617 3.9837 6172.53 18.6169
12800 60 1.38617 3.66 5727.88 16.877
12800 70 1.38617 3.4006 5467.83 15.6548
12800 80 1.38617 3.1116 5293.81 15.8367
12800 90 1.38617 2.9933 5183.7 15.0935
12800 100 1.38617 2.9911 5123.59 14.7091
25600 10 1.38617 35.0234 43738.8 133.044
25600 20 1.38617 16.7932 21876.9 66.0658
25600 30 1.38617 11.8489 15769.2 48.2456
25600 40 1.38617 9.4395 12947.9 39.1396
25600 50 1.38617 8.2704 11397.2 34.2949
25600 60 1.38617 7.3009 10409.8 30.8628
25600 70 1.38617 6.809 9788.54 28.8911
25600 80 1.38617 6.3472 9341.91 27.8903
25600 90 1.38617 6.0137 9042.21 26.2611
25600 100 1.38617 5.9034 8840.27 25.5165
51200 10 1.38617 70.1225 86882.8 264.533
51200 20 1.38617 33.7323 43057.6 129.683
51200 30 1.38617 23.6994 30756.5 92.1489
51200 40 1.38617 18.7966 25017.5 74.7848
51200 50 1.38617 16.3079 21794 65.388
51200 60 1.38617 14.5312 19759.9 58.6744
51200 70 1.38617 13.5805 18404.5 55.2211
51200 80 1.38617 12.6721 17447.9 51.9053
51200 90 1.38617 12.2073 16740.6 49.6021
51200 100 1.38617 11.991 16246.8 47.5843
102400 10 1.38617 139.845 173084 524.621
102400 20 1.38617 67.4878 85428.2 257.844
102400 30 1.38617 47.0153 60717.7 180.925
102400 40 1.38617 37.8381 49190.8 146.664
102400 50 1.38617 32.1354 42592.7 125.126
102400 60 1.38617 29.0146 38469.6 113.688
102400 70 1.38617 26.6223 35609.2 104.721
102400 80 1.38617 25.6615 33666 100.115
102400 90 1.38617 24.3318 32183.5 95.0906
102400 100 1.38617 23.5512 31103.4 90.9926
204800 10 1.38617 279.34 345664 1048.21
204800 20 1.38617 133.451 170156 506.87
204800 30 1.38617 93.5589 120624 359.375
204800 40 1.38617 75.3094 97530.9 290.784
204800 50 1.38617 64.7564 84319 249.728
204800 60 1.38617 58.1558 76005.4 224.851
204800 70 1.38617 53.1468 70143.7 208.591
204800 80 1.38617 50.8765 66115.4 196.691
204800 90 1.38617 48.8027 63031.5 185.653
204800 100 1.38617 47.1703 60698.7 178.951
409600 10 1.38617 559.593 690728 2093.77
409600 20 1.38617 268.105 339878 1010.83
409600 30 1.38617 188.954 240405 718.326
409600 40 1.38617 149.995 194157 574.162
409600 50 1.38617 129.695 167650 494.291
409600 60 1.38617 116.065 150910 443.042
409600 70 1.38617 107.206 139393 405.077
409600 80 1.38617 101.485 130825 379.831
409600 90 1.38617 97.1292 124740 362.07
409600 100 1.38617 94.6482 120022 346.906
819200 10 1.38617 1104.42 1.3797e+06 4075.14
819200 20 1.38617 535.694 678274 2003.82
819200 30 1.38617 376.711 480045 1418.06
819200 40 1.38617 301.383 387365 1138.89
819200 50 1.38617 258.656 334387 976.401
819200 60 1.38617 232.09 300502 876.588
819200 70 1.38617 216.086 277640 809.788
819200 80 1.38617 201.874 260359 752.518
819200 90 1.38617 194.042 248134 717.161
819200 100 1.38617 188.414 238709 690.775
1638400 10 1.38617 2237.39 2.76101e+06 8236.6
1638400 20 1.38617 1078.59 1.35694e+06 4023.81
1638400 30 1.38617 748.264 959042 2809.6
1638400 40 1.38617 597.649 773634 2251.19
1638400 50 1.38617 521.801 668506 1965.36
1638400 60 1.38617 464.642 600431 1762.29
1638400 70 1.38617 429.92 553826 1635.24
1638400 80 1.38617 403.349 519631 1521.62
1638400 90 1.38617 390.632 495221 1464.15
1638400 100 1.38617 375.934 475776 1403.02
3276800 10 1.38617 4452.84 5.51948e+06 16433.9
3276800 20 1.38617 2151.16 2.71393e+06 7997.89
3276800 30 1.38617 1500.12 1.91775e+06 5618.6
3276800 40 1.38617 1204.23 1.54708e+06 4529.21
3276800 50 1.38617 1037.34 1.33499e+06 3884.25
3276800 60 1.38617 923.419 1.19686e+06 3455.79
3276800 70 1.38617 863.352 1.1051e+06 3217.79
3276800 80 1.38617 811.558 1.03752e+06 3007.05
3276800 90 1.38617 772.884 987499 2832.9
3276800 100 1.38617 752.081 948795 2733.66
