n=4638690 m=100 k=4
200 10 1.38617 0.0791 1154.54 2.4972
200 20 1.38617 0.0308 936.506 1.822
200 30 1.38617 0.0172 977.629 1.7491
200 40 1.38617 0.0128 1046.98 1.7163
200 50 1.38617 0.0099 1147.81 1.6243
200 60 1.38617 0.0072 1253.67 1.7088
200 70 1.38617 0.005 1359.41 1.3795
200 80 1.38617 0.0046 1469.67 1.7174
200 90 1.38617 0.004 1585.5 1.6639
200 100 1.38617 0.0036 1684.55 1.4814
400 10 1.38617 0.1622 1698.73 2.9688
400 20 1.38617 0.057 1145.83 2.1636
400 30 1.38617 0.036 1112.35 1.9659
400 40 1.38617 0.0279 1147.08 1.9458
400 50 1.38617 0.0179 1226.38 1.8933
400 60 1.38617 0.0158 1321.72 1.8789
400 70 1.38617 0.0351 1416.85 1.8736
400 80 1.38617 0.0228 1522.69 1.8427
400 90 1.38617 0.0197 1631.7 1.8972
400 100 1.38617 0.0105 1726.68 1.9232
800 10 1.38617 0.3145 2790.02 4.0269
800 20 1.38617 0.1233 1567.87 2.7475
800 30 1.38617 0.0768 1378.53 2.4913
800 40 1.38617 0.0531 1344.68 2.2707
800 50 1.38617 0.0609 1386.48 2.2432
800 60 1.38617 0.0368 1455.58 2.172
800 70 1.38617 0.0535 1533.54 2.1516
800 80 1.38617 0.0715 1627.45 2.1333
800 90 1.38617 0.0336 1726.83 2.1263
800 100 1.38617 0.0252 1813.47 2.1358
1600 10 1.38617 0.6305 4972.42 5.5032
1600 20 1.38617 0.2456 2411.12 3.5459
1600 30 1.38617 0.1558 1912.63 2.9882
1600 40 1.38617 0.1062 1739.8 2.7013
1600 50 1.38617 0.0955 1705.71 2.5541
1600 60 1.38617 0.0822 1724.65 2.467
1600 70 1.38617 0.0951 1768.21 2.4756
1600 80 1.38617 0.0929 1836.5 2.4077
1600 90 1.38617 0.0759 1915.77 2.3546
1600 100 1.38617 0.0675 1987.62 2.3736
3200 10 1.38617 1.2833 9336.83 7.9944
3200 20 1.38617 0.4908 4095.98 4.886
3200 30 1.38617 0.3403 2979.33 3.9912
3200 40 1.38617 0.2479 2533.79 3.4887
3200 50 1.38617 0.2305 2343.03 3.1681
3200 60 1.38617 0.1606 2263.31 2.9515
3200 70 1.38617 0.1631 2236.81 2.8741
3200 80 1.38617 0.1809 2254.15 2.7625
3200 90 1.38617 0.154 2294.73 2.7197
3200 100 1.38617 0.1346 2335.28 2.7072
6400 10 1.38617 2.5826 18067.4 12.9599
6400 20 1.38617 0.9958 7465.22 6.8327
6400 30 1.38617 0.655 5114.25 5.4784
6400 40 1.38617 0.4847 4118.97 4.7888
6400 50 1.38617 0.4399 3618.92 4.353
6400 60 1.38617 0.3506 3339.33 3.9975
6400 70 1.38617 0.3833 3174.41 3.7548
6400 80 1.38617 0.3357 3089.91 3.5208
6400 90 1.38617 0.3146 3053.98 3.4342
6400 100 1.38617 0.2682 3031.8 3.411
12800 10 1.38617 5.1058 35526.1 22.808
12800 20 1.38617 1.9786 14201.7 10.5934
12800 30 1.38617 1.3164 9379.2 7.8642
12800 40 1.38617 0.9881 7286.95 6.6202
12800 50 1.38617 0.8119 6163.57 5.9269
12800 60 1.38617 0.7566 5486.36 5.4129
12800 70 1.38617 0.756 5047.65 5.1072
12800 80 1.38617 0.6361 4761.11 4.9418
12800 90 1.38617 0.6648 4571.13 4.6953
12800 100 1.38617 0.7148 4423.79 4.5816
25600 10 1.38617 10.0859 70437.1 42.2152
25600 20 1.38617 3.9309 27677.2 18.2036
25600 30 1.38617 2.6243 17913.5 12.731
25600 40 1.38617 2.0113 13625.7 10.1915
25600 50 1.38617 1.7914 11265.8 8.842
25600 60 1.38617 1.5335 9792.15 7.9117
25600 70 1.38617 1.3969 8797.34 7.3079
25600 80 1.38617 1.3523 8101.96 6.8292
25600 90 1.38617 1.3173 7598.99 6.4884
25600 100 1.38617 1.3865 7209.53 6.3375
51200 10 1.38617 20.414 140264 82.5158
51200 20 1.38617 7.9054 54632.6 33.3851
51200 30 1.38617 5.2082 34985.2 22.3077
51200 40 1.38617 4.0321 26301.1 17.3386
51200 50 1.38617 3.3849 21459.1 14.6366
51200 60 1.38617 3.0703 18393.9 12.7976
51200 70 1.38617 2.9136 16297.2 11.5232
51200 80 1.38617 2.6712 14781.2 10.5745
51200 90 1.38617 2.6154 13657.9 9.9037
51200 100 1.38617 2.7963 12781.1 9.4906
102400 10 1.38617 40.5641 279892 163.315
102400 20 1.38617 15.889 108545 64.0821
102400 30 1.38617 10.5319 69129 41.7098
102400 40 1.38617 8.12 51654.1 31.8788
102400 50 1.38617 6.8621 41848.1 25.9282
102400 60 1.38617 6.1824 35608.5 22.5802
102400 70 1.38617 5.6464 31288.5 19.8745
102400 80 1.38617 5.5629 28163.9 18.383
102400 90 1.38617 5.259 25783.7 16.8401
102400 100 1.38617 5.3318 23922.8 15.9025
204800 10 1.38617 80.4296 559222 321.416
204800 20 1.38617 31.7851 216361 125.662
204800 30 1.38617 20.8719 137384 80.1075
204800 40 1.38617 16.3017 102372 60.475
204800 50 1.38617 13.9173 82666.5 49.2414
204800 60 1.38617 12.2745 70084.7 42.2485
204800 70 1.38617 11.1352 61286.7 37.0359
204800 80 1.38617 10.8032 54894.2 33.1593
204800 90 1.38617 10.9203 50045.8 30.6503
204800 100 1.38617 10.6531 46206 28.5107
409600 10 1.38617 161.128 1.11785e+06 636.491
409600 20 1.38617 63.1382 432067 247.669
409600 30 1.38617 41.8586 273933 159.194
409600 40 1.38617 32.4987 203823 119.052
409600 50 1.38617 27.263 164238 95.9921
409600 60 1.38617 24.2234 138978 81.5759
409600 70 1.38617 22.9011 121336 71.3928
409600 80 1.38617 22.1721 108411 63.9096
409600 90 1.38617 21.2722 98557.5 58.0735
409600 100 1.38617 21.6916 90806.9 54.2569
819200 10 1.38617 320.691 2.23498e+06 1258.08
819200 20 1.38617 127.205 863251 495.048
819200 30 1.38617 84.1677 547140 318.46
819200 40 1.38617 64.484 406708 235.498
819200 50 1.38617 55.1894 327528 191.524
819200 60 1.38617 49.0883 276742 162.573
819200 70 1.38617 46.0742 241439 141.545
819200 80 1.38617 43.6102 215418 124.905
819200 90 1.38617 42.7759 195589 114.308
819200 100 1.38617 42.3434 179977 105.938
1638400 10 1.38617 644.331 4.46968e+06 2514.41
1638400 20 1.38617 254.549 1.7262e+06 981.48
1638400 30 1.38617 167.157 1.09341e+06 623.425
1638400 40 1.38617 129.93 812455 467.331
1638400 50 1.38617 110.187 654234 378.276
1638400 60 1.38617 98.1839 552348 317.528
1638400 70 1.38617 90.9134 481536 272.108
1638400 80 1.38617 87.4741 429516 243.685
1638400 90 1.38617 86.2048 389894 224.709
1638400 100 1.38617 84.0035 358369 205.333
3276800 10 1.38617 1285.7 8.93868e+06 4960.83
3276800 20 1.38617 511.756 3.45225e+06 1937.05
3276800 30 1.38617 335.453 2.18628e+06 1220.95
3276800 40 1.38617 264.388 1.62444e+06 917.912
3276800 50 1.38617 223.52 1.30683e+06 734.833
3276800 60 1.38617 199.544 1.10277e+06 619.159
3276800 70 1.38617 186.094 961540 542.899
3276800 80 1.38617 177.436 857294 483.948
3276800 90 1.38617 172.44 777794 439.78
3276800 100 1.38617 169.282 714824 404.13
