n=421419 m=100 k=78
200 10 3.00892 0.0333 8.947e-07
200 20 3.00892 0.0184 6.776e-07
200 30 3.00892 0.0128 6.83e-07
200 40 3.00892 0.0301 6.854e-07
200 50 3.00892 0.0169 6.968e-07
200 60 3.00892 0.031 7.142e-07
200 70 3.00892 0.0427 7.272e-07
200 80 3.00892 0.0092 7.494e-07
200 90 3.00892 0.0367 7.549e-07
200 100 3.00892 0.0308 7.656e-07
400 10 3.00892 0.0556 8.824e-07
400 20 3.00892 0.0227 7.467e-07
400 30 3.00892 0.0197 7.336e-07
400 40 3.00892 0.041 7.364e-07
400 50 3.00892 0.0487 7.47e-07
400 60 3.00892 0.0447 7.565e-07
400 70 3.00892 0.031 7.74e-07
400 80 3.00892 0.0501 7.882e-07
400 90 3.00892 0.0378 7.994e-07
400 100 3.00892 0.0514 8.026e-07
800 10 3.00892 0.1304 1.167e-06
800 20 3.00892 0.0703 8.828e-07
800 30 3.00892 0.0445 8.247e-07
800 40 3.00892 0.1123 8.169e-07
800 50 3.00892 0.1116 8.179e-07
800 60 3.00892 0.1201 8.33e-07
800 70 3.00892 0.1229 8.464e-07
800 80 3.00892 0.2348 8.598e-07
800 90 3.00892 0.1311 8.627e-07
800 100 3.00892 0.1552 8.705e-07
1600 10 3.00892 0.2391 1.7217e-06
1600 20 3.00892 0.1253 1.1331e-06
1600 30 3.00892 0.1304 9.92e-07
1600 40 3.00892 0.1678 9.379e-07
1600 50 3.00892 0.1918 9.311e-07
1600 60 3.00892 0.2908 9.272e-07
1600 70 3.00892 0.2812 9.382e-07
1600 80 3.00892 0.3286 9.394e-07
1600 90 3.00892 0.2863 9.439e-07
1600 100 3.00892 0.4275 9.559e-07
3200 10 3.00892 0.4685 2.8219e-06
3200 20 3.00892 0.2837 1.6447e-06
3200 30 3.00892 0.3027 1.3285e-06
3200 40 3.00892 0.3468 1.2008e-06
3200 50 3.00892 0.3802 1.1492e-06
3200 60 3.00892 0.5085 1.1257e-06
3200 70 3.00892 0.5359 1.1304e-06
3200 80 3.00892 0.6044 1.1133e-06
3200 90 3.00892 0.7207 1.1022e-06
3200 100 3.00892 0.7245 1.1054e-06
6400 10 3.00892 0.9028 5.0138e-06
6400 20 3.00892 0.5832 2.6498e-06
6400 30 3.00892 0.5275 1.9918e-06
6400 40 3.00892 0.6968 1.7118e-06
6400 50 3.00892 0.7991 1.5845e-06
6400 60 3.00892 0.9949 1.5223e-06
6400 70 3.00892 1.0727 1.4762e-06
6400 80 3.00892 1.3884 1.4395e-06
6400 90 3.00892 1.3132 1.4109e-06
6400 100 3.00892 1.5286 1.3931e-06
12800 10 3.00892 1.825 9.4057e-06
12800 20 3.00892 1.0586 4.6533e-06
12800 30 3.00892 1.1047 3.3225e-06
12800 40 3.00892 1.3565 2.7417e-06
12800 50 3.00892 1.5416 2.4481e-06
12800 60 3.00892 1.9561 2.3008e-06
12800 70 3.00892 2.2652 2.2171e-06
12800 80 3.00892 2.4041 2.099e-06
12800 90 3.00892 2.7894 2.0405e-06
12800 100 3.00892 3.144 1.9993e-06
25600 10 3.00892 3.6016 1.81565e-05
25600 20 3.00892 2.0207 8.6704e-06
25600 30 3.00892 2.0755 6.0158e-06
25600 40 3.00892 2.5346 4.7972e-06
25600 50 3.00892 3.1084 4.1778e-06
25600 60 3.00892 3.9283 3.8575e-06
25600 70 3.00892 4.6423 3.6684e-06
25600 80 3.00892 4.6396 3.4248e-06
25600 90 3.00892 5.8013 3.2715e-06
25600 100 3.00892 6.1823 3.1514e-06
51200 10 3.00892 7.0848 3.56544e-05
51200 20 3.00892 4.0968 1.66386e-05
51200 30 3.00892 4.4765 1.12376e-05
51200 40 3.00892 5.4298 8.808e-06
51200 50 3.00892 6.6139 7.5716e-06
51200 60 3.00892 7.3828 6.9359e-06
51200 70 3.00892 8.6437 6.5347e-06
51200 80 3.00892 9.7205 5.8904e-06
51200 90 3.00892 11.3042 5.4398e-06
51200 100 3.00892 12.2278 5.179e-06
102400 10 3.00892 14.4137 6.94409e-05
102400 20 3.00892 8.5567 3.19166e-05
102400 30 3.00892 9.0763 2.12308e-05
102400 40 3.00892 11.3966 1.63948e-05
102400 50 3.00892 13.3067 1.38938e-05
102400 60 3.00892 15.9727 1.2562e-05
102400 70 3.00892 17.5858 1.16957e-05
102400 80 3.00892 19.8273 1.08314e-05
102400 90 3.00892 22.5663 1.0175e-05
102400 100 3.00892 23.8101 9.6805e-06
204800 10 3.00892 30.5139 0.000138365
204800 20 3.00892 19.9708 6.33121e-05
204800 30 3.00892 21.4902 4.20004e-05
204800 40 3.00892 25.5611 3.27466e-05
204800 50 3.00892 29.0254 2.73811e-05
204800 60 3.00892 33.7535 2.47876e-05
204800 70 3.00892 37.3854 2.30136e-05
204800 80 3.00892 41.0954 2.12672e-05
204800 90 3.00892 45.6775 2.06995e-05
204800 100 3.00892 50.1951 1.89767e-05
409600 10 3.00892 71.5172 0.000276398
409600 20 3.00892 66.2875 0.000127008
409600 30 3.00892 68.553 8.46875e-05
409600 40 3.00892 72.4673 6.57939e-05
409600 50 3.00892 75.8784 5.61743e-05
409600 60 3.00892 80.0753 5.21598e-05
409600 70 3.00892 85.1092 4.92358e-05
409600 80 3.00892 90.2498 4.55335e-05
409600 90 3.00892 95.2975 4.2723e-05
409600 100 3.00892 99.8992 4.06913e-05
