n=421419 m=100 k=78
200 10 3.00892 0.028 903.713 1.9058
200 20 3.00892 0.0138 827.384 1.376
200 30 3.00892 0.0147 869.47 1.3854
200 40 3.00892 0.0104 937.312 1.5
200 50 3.00892 0.0218 1014.64 1.4141
200 60 3.00892 0.0129 1094.88 1.6112
200 70 3.00892 0.0219 1186.4 1.77
200 80 3.00892 0.0247 1274.11 2.6624
200 90 3.00892 0.0276 1361.72 2.4916
200 100 3.00892 0.0308 1449.97 2.3139
400 10 3.00892 0.0571 1210.78 2.4589
400 20 3.00892 0.0335 965.66 1.8933
400 30 3.00892 0.0296 959.922 1.8192
400 40 3.00892 0.0358 1005.38 1.7705
400 50 3.00892 0.0733 1070.07 1.7775
400 60 3.00892 0.0564 1141.27 1.7993
400 70 3.00892 0.093 1229.7 1.9071
400 80 3.00892 0.0579 1311.94 2.7801
400 90 3.00892 0.0739 1394.4 2.7594
400 100 3.00892 0.0415 1479.46 2.7766
800 10 3.00892 0.1372 1825.94 3.0123
800 20 3.00892 0.0801 1244.73 2.4147
800 30 3.00892 0.0549 1143.77 2.1612
800 40 3.00892 0.083 1144.24 2.0622
800 50 3.00892 0.0927 1181.62 2.0341
800 60 3.00892 0.0783 1237.32 2.0263
800 70 3.00892 0.137 1313.39 2.1095
800 80 3.00892 0.1233 1385.58 3.0305
800 90 3.00892 0.1567 1462.04 2.993
800 100 3.00892 0.1541 1541.12 2.9761
1600 10 3.00892 0.2199 3054.45 4.0031
1600 20 3.00892 0.1175 1803.3 2.8909
1600 30 3.00892 0.136 1511.73 2.5668
1600 40 3.00892 0.1268 1421.84 2.4132
1600 50 3.00892 0.1514 1407.03 2.3485
1600 60 3.00892 0.1801 1428.24 2.2874
1600 70 3.00892 0.2906 1480.57 2.3404
1600 80 3.00892 0.2967 1534.56 3.2206
1600 90 3.00892 0.3046 1597.08 3.2223
1600 100 3.00892 0.2958 1664.74 3.2486
3200 10 3.00892 0.4676 5512.61 5.2942
3200 20 3.00892 0.249 2922.94 3.8202
3200 30 3.00892 0.2827 2248.07 3.2059
3200 40 3.00892 0.3079 1977.49 2.9029
3200 50 3.00892 0.3906 1857.6 2.7261
3200 60 3.00892 0.4039 1810.43 2.6175
3200 70 3.00892 0.657 1814.88 2.6785
3200 80 3.00892 0.5445 1832.04 3.4698
3200 90 3.00892 0.7364 1869.06 3.4423
3200 100 3.00892 0.7387 1915.19 3.4222
6400 10 3.00892 0.9415 10431.8 7.5934
6400 20 3.00892 0.5457 5162.69 5.0576
6400 30 3.00892 0.5795 3723.19 4.2834
6400 40 3.00892 0.686 3091.38 3.883
6400 50 3.00892 0.8011 2761.39 3.5816
6400 60 3.00892 1.0129 2576.21 3.2722
6400 70 3.00892 1.0579 2483.25 3.2579
6400 80 3.00892 1.2244 2429.9 4.0236
6400 90 3.00892 1.3408 2410.09 3.9386
6400 100 3.00892 1.5276 2414.37 3.8849
12800 10 3.00892 1.7961 20265.7 12.0316
12800 20 3.00892 1.1009 9638.74 7.1288
12800 30 3.00892 1.0971 6671.03 5.7466
12800 40 3.00892 1.3506 5317.79 5.1107
12800 50 3.00892 1.6684 4568.56 4.7114
12800 60 3.00892 2.0291 4113.08 4.4853
12800 70 3.00892 2.0757 3822.6 4.3618
12800 80 3.00892 2.5703 3628.01 5.0636
12800 90 3.00892 2.7724 3500.38 4.9557
12800 100 3.00892 3.1499 3414.98 4.8093
25600 10 3.00892 3.6729 39946.8 21.3078
25600 20 3.00892 2.0777 18596.7 11.2192
25600 30 3.00892 2.2516 12570.1 8.5157
25600 40 3.00892 2.6742 9769.07 7.2527
25600 50 3.00892 3.312 8179.86 6.5217
25600 60 3.00892 3.7915 7170.41 6.0314
25600 70 3.00892 4.1778 6497.07 5.7895
25600 80 3.00892 5.073 6020.91 6.4806
25600 90 3.00892 5.8742 5667.52 6.2449
25600 100 3.00892 6.3485 5407.24 6.0784
51200 10 3.00892 7.3736 79268.7 39.0117
51200 20 3.00892 4.058 36496.4 19.3761
51200 30 3.00892 4.5916 24354.2 13.8935
51200 40 3.00892 5.5538 18666.9 11.3557
51200 50 3.00892 6.545 15394.3 9.983
51200 60 3.00892 8.0451 13288.1 8.982
51200 70 3.00892 8.6243 11842.8 8.5151
51200 80 3.00892 9.509 10789.5 8.8151
51200 90 3.00892 11.3836 9999.78 8.4651
51200 100 3.00892 12.7186 9391.9 8.1661
102400 10 3.00892 14.7226 157951 75.107
102400 20 3.00892 8.66 72310 35.6394
102400 30 3.00892 9.3038 47937.6 24.8392
102400 40 3.00892 10.9336 36465 19.6519
102400 50 3.00892 13.3645 29834.5 16.8174
102400 60 3.00892 16.392 25537.7 15.0268
102400 70 3.00892 17.9345 22536.5 13.7565
102400 80 3.00892 20.2695 20347.3 13.5786
102400 90 3.00892 22.3988 18678.5 12.8913
102400 100 3.00892 24.3254 17368.8 12.2668
204800 10 3.00892 30.0218 315292 148.845
204800 20 3.00892 20.285 143953 68.3958
204800 30 3.00892 21.3716 95145 47.4776
204800 40 3.00892 25.2185 72111 37.0733
204800 50 3.00892 29.391 58764.7 31.2535
204800 60 3.00892 33.4637 50062.5 27.2566
204800 70 3.00892 38.0745 43972.7 25.6968
204800 80 3.00892 41.377 39473 23.5606
204800 90 3.00892 45.7672 36038.6 21.7111
204800 100 3.00892 50.0056 33333.7 20.4832
409600 10 3.00892 71.7913 630187 298.803
409600 20 3.00892 66.2822 287539 141.127
409600 30 3.00892 69.1075 189822 96.4467
409600 40 3.00892 71.7645 143609 75.7842
409600 50 3.00892 76.6465 116767 65.089
409600 60 3.00892 80.7171 99232.9 54.4601
409600 70 3.00892 85.1944 86925.5 47.612
409600 80 3.00892 90.6021 77815.5 43.7998
409600 90 3.00892 94.6976 70807.3 42.1677
409600 100 3.00892 99.9327 65275.6 39.0668
