n=193080 m=100 k=88
200 10 3.0439 0.0348 1.0855e-06
200 20 3.0439 0.0135 7.132e-07
200 30 3.0439 0.0254 6.816e-07
200 40 3.0439 0.0372 6.877e-07
200 50 3.0439 0.0361 6.964e-07
200 60 3.0439 0.0613 7.147e-07
200 70 3.0439 0.0148 7.281e-07
200 80 3.0439 0.0246 7.472e-07
200 90 3.0439 0.0455 7.598e-07
200 100 3.0439 0.0202 7.898e-07
400 10 3.0439 0.0819 1.0322e-06
400 20 3.0439 0.0389 7.867e-07
400 30 3.0439 0.0697 7.577e-07
400 40 3.0439 0.087 7.522e-07
400 50 3.0439 0.0769 7.538e-07
400 60 3.0439 0.1393 7.511e-07
400 70 3.0439 0.1699 7.632e-07
400 80 3.0439 0.1291 7.804e-07
400 90 3.0439 0.1456 7.951e-07
400 100 3.0439 0.1716 8.054e-07
800 10 3.0439 0.1687 1.4218e-06
800 20 3.0439 0.0999 9.401e-07
800 30 3.0439 0.1119 8.386e-07
800 40 3.0439 0.1303 8.137e-07
800 50 3.0439 0.1247 7.968e-07
800 60 3.0439 0.2793 8.105e-07
800 70 3.0439 0.297 8.217e-07
800 80 3.0439 0.2588 8.343e-07
800 90 3.0439 0.2375 8.444e-07
800 100 3.0439 0.306 8.558e-07
1600 10 3.0439 0.3401 2.2421e-06
1600 20 3.0439 0.2036 1.2694e-06
1600 30 3.0439 0.2811 1.0512e-06
1600 40 3.0439 0.2905 9.627e-07
1600 50 3.0439 0.3645 9.291e-07
1600 60 3.0439 0.5523 9.183e-07
1600 70 3.0439 0.5747 9.189e-07
1600 80 3.0439 0.7096 9.208e-07
1600 90 3.0439 0.779 9.283e-07
1600 100 3.0439 0.7143 9.366e-07
3200 10 3.0439 0.6674 3.8423e-06
3200 20 3.0439 0.3907 1.8908e-06
3200 30 3.0439 0.5147 1.4653e-06
3200 40 3.0439 0.6814 1.2867e-06
3200 50 3.0439 0.8115 1.2027e-06
3200 60 3.0439 0.976 1.1364e-06
3200 70 3.0439 1.1892 1.1173e-06
3200 80 3.0439 1.3643 1.0998e-06
3200 90 3.0439 1.3882 1.0903e-06
3200 100 3.0439 1.5723 1.0841e-06
6400 10 3.0439 1.3063 7.0532e-06
6400 20 3.0439 0.7845 3.101e-06
6400 30 3.0439 0.9538 2.2036e-06
6400 40 3.0439 1.3078 1.8555e-06
6400 50 3.0439 1.701 1.6756e-06
6400 60 3.0439 2.2535 1.573e-06
6400 70 3.0439 2.4201 1.5119e-06
6400 80 3.0439 2.3586 1.4928e-06
6400 90 3.0439 2.994 1.438e-06
6400 100 3.0439 3.3248 1.4453e-06
12800 10 3.0439 2.7035 1.36088e-05
12800 20 3.0439 1.6319 5.5615e-06
12800 30 3.0439 2.1429 3.7542e-06
12800 40 3.0439 2.8546 2.9748e-06
12800 50 3.0439 3.4052 2.5641e-06
12800 60 3.0439 3.8611 2.3288e-06
12800 70 3.0439 4.5053 2.2231e-06
12800 80 3.0439 5.4532 2.1552e-06
12800 90 3.0439 5.6215 2.078e-06
12800 100 3.0439 6.8424 2.0249e-06
25600 10 3.0439 5.3958 2.65724e-05
25600 20 3.0439 3.2852 1.06083e-05
25600 30 3.0439 4.2682 6.8528e-06
25600 40 3.0439 5.6248 5.2729e-06
25600 50 3.0439 6.6427 4.4246e-06
25600 60 3.0439 8.19 3.9351e-06
25600 70 3.0439 9.3557 3.6518e-06
25600 80 3.0439 10.5866 3.4311e-06
25600 90 3.0439 12.4088 3.2766e-06
25600 100 3.0439 13.6685 3.1558e-06
51200 10 3.0439 10.8035 5.22746e-05
51200 20 3.0439 6.887 2.06301e-05
51200 30 3.0439 9.1123 1.32719e-05
51200 40 3.0439 11.6141 9.8922e-06
51200 50 3.0439 13.9054 8.1374e-06
51200 60 3.0439 16.8789 7.1309e-06
51200 70 3.0439 18.6542 6.4969e-06
51200 80 3.0439 22.3184 6.0849e-06
51200 90 3.0439 24.5833 5.759e-06
51200 100 3.0439 26.2713 5.5004e-06
102400 10 3.0439 24.5852 0.000103441
102400 20 3.0439 19.1762 3.94943e-05
102400 30 3.0439 22.5475 2.50299e-05
102400 40 3.0439 26.7048 1.86661e-05
102400 50 3.0439 31.1651 1.51765e-05
102400 60 3.0439 35.5757 1.30258e-05
102400 70 3.0439 40.1672 1.16102e-05
102400 80 3.0439 44.8754 1.08061e-05
102400 90 3.0439 49.3602 1.0134e-05
102400 100 3.0439 53.8687 9.6076e-06
