n=4047392 m=100 k=62
200 10 2.97344 0.0622 9.275e-07
200 20 2.97344 0.0085 8.264e-07
200 30 2.97344 0.0104 8.396e-07
200 40 2.97344 0.0018 8.392e-07
200 50 2.97344 0.0121 8.472e-07
200 60 2.97344 0.0014 8.556e-07
200 70 2.97344 0.0008 8.599e-07
200 80 2.97344 0.0013 8.851e-07
200 90 2.97344 0.0013 8.996e-07
200 100 2.97344 0.0006 9.213e-07
400 10 2.97344 0.0771 1.1429e-06
400 20 2.97344 0.0147 9.623e-07
400 30 2.97344 0.0176 9.418e-07
400 40 2.97344 0.0051 9.512e-07
400 50 2.97344 0.0091 9.682e-07
400 60 2.97344 0.0206 9.953e-07
400 70 2.97344 0.0032 1.0015e-06
400 80 2.97344 0.0099 1.0056e-06
400 90 2.97344 0.0022 1.016e-06
400 100 2.97344 0.0023 1.0232e-06
800 10 2.97344 0.0872 1.5531e-06
800 20 2.97344 0.026 1.1588e-06
800 30 2.97344 0.025 1.0856e-06
800 40 2.97344 0.0203 1.0969e-06
800 50 2.97344 0.0244 1.1216e-06
800 60 2.97344 0.0242 1.1704e-06
800 70 2.97344 0.0115 1.1897e-06
800 80 2.97344 0.0196 1.1942e-06
800 90 2.97344 0.0131 1.2103e-06
800 100 2.97344 0.0269 1.2236e-06
1600 10 2.97344 0.134 2.4037e-06
1600 20 2.97344 0.045 1.4335e-06
1600 30 2.97344 0.0463 1.2954e-06
1600 40 2.97344 0.0372 1.2416e-06
1600 50 2.97344 0.0391 1.2498e-06
1600 60 2.97344 0.0251 1.271e-06
1600 70 2.97344 0.0403 1.3039e-06
1600 80 2.97344 0.0111 1.3271e-06
1600 90 2.97344 0.0527 1.3475e-06
1600 100 2.97344 0.0697 1.3613e-06
3200 10 2.97344 0.2529 4.0587e-06
3200 20 2.97344 0.1195 2.0801e-06
3200 30 2.97344 0.0867 1.6691e-06
3200 40 2.97344 0.0637 1.4839e-06
3200 50 2.97344 0.07 1.4156e-06
3200 60 2.97344 0.0752 1.4295e-06
3200 70 2.97344 0.0735 1.441e-06
3200 80 2.97344 0.0844 1.4328e-06
3200 90 2.97344 0.0818 1.4094e-06
3200 100 2.97344 0.0655 1.4129e-06
6400 10 2.97344 0.4902 7.3809e-06
6400 20 2.97344 0.2121 3.3817e-06
6400 30 2.97344 0.1462 2.4696e-06
6400 40 2.97344 0.1248 2.0875e-06
6400 50 2.97344 0.1582 1.9004e-06
6400 60 2.97344 0.1397 1.8223e-06
6400 70 2.97344 0.1624 1.8009e-06
6400 80 2.97344 0.2091 1.727e-06
6400 90 2.97344 0.1955 1.6978e-06
6400 100 2.97344 0.1786 1.7065e-06
12800 10 2.97344 0.8985 1.40147e-05
12800 20 2.97344 0.4434 5.9426e-06
12800 30 2.97344 0.3214 4.1127e-06
12800 40 2.97344 0.298 3.3066e-06
12800 50 2.97344 0.2616 2.8826e-06
12800 60 2.97344 0.3239 2.681e-06
12800 70 2.97344 0.3288 2.5631e-06
12800 80 2.97344 0.4006 2.4336e-06
12800 90 2.97344 0.3077 2.3746e-06
12800 100 2.97344 0.4194 2.3245e-06
25600 10 2.97344 1.7755 2.72365e-05
25600 20 2.97344 0.9096 1.11043e-05
25600 30 2.97344 0.711 7.4135e-06
25600 40 2.97344 0.554 5.7115e-06
25600 50 2.97344 0.6199 4.8078e-06
25600 60 2.97344 0.5863 4.3722e-06
25600 70 2.97344 0.5467 4.1359e-06
25600 80 2.97344 0.6454 3.8731e-06
25600 90 2.97344 0.6626 3.6801e-06
25600 100 2.97344 0.6692 3.5979e-06
51200 10 2.97344 3.5641 5.37094e-05
51200 20 2.97344 1.7016 2.13785e-05
51200 30 2.97344 1.273 1.39189e-05
51200 40 2.97344 1.1626 1.04969e-05
51200 50 2.97344 1.1419 8.6543e-06
51200 60 2.97344 1.2358 7.736e-06
51200 70 2.97344 1.2414 7.2574e-06
51200 80 2.97344 1.4448 6.785e-06
51200 90 2.97344 1.3836 6.4562e-06
51200 100 2.97344 1.3537 6.1723e-06
102400 10 2.97344 7.0179 0.000106613
102400 20 2.97344 3.4037 4.18731e-05
102400 30 2.97344 2.589 2.68667e-05
102400 40 2.97344 2.2613 2.00661e-05
102400 50 2.97344 2.2925 1.64483e-05
102400 60 2.97344 2.2805 1.45727e-05
102400 70 2.97344 2.5302 1.36389e-05
102400 80 2.97344 2.7069 1.25664e-05
102400 90 2.97344 2.7715 1.18283e-05
102400 100 2.97344 2.634 1.12536e-05
204800 10 2.97344 14.0069 0.000213326
204800 20 2.97344 6.8034 8.43696e-05
204800 30 2.97344 5.2097 5.45399e-05
204800 40 2.97344 4.572 4.12168e-05
204800 50 2.97344 4.3335 3.38116e-05
204800 60 2.97344 4.6748 3.01547e-05
204800 70 2.97344 4.7302 2.69546e-05
204800 80 2.97344 5.0585 2.4386e-05
204800 90 2.97344 5.7024 2.29915e-05
204800 100 2.97344 6.0534 2.1733e-05
409600 10 2.97344 27.9317 0.000425161
409600 20 2.97344 13.3372 0.000167765
409600 30 2.97344 10.4463 0.000107673
409600 40 2.97344 9.1541 8.08754e-05
409600 50 2.97344 8.9243 6.61336e-05
409600 60 2.97344 9.0773 5.91792e-05
409600 70 2.97344 9.7037 5.6408e-05
409600 80 2.97344 10.2067 5.16721e-05
409600 90 2.97344 11.112 4.88635e-05
409600 100 2.97344 12.2348 4.65917e-05
819200 10 2.97344 55.7318 0.000849311
819200 20 2.97344 26.8697 0.000331362
819200 30 2.97344 20.4477 0.000212587
819200 40 2.97344 18.101 0.000159874
819200 50 2.97344 17.8121 0.000130202
819200 60 2.97344 18.2685 0.00011577
819200 70 2.97344 19.6993 0.00010906
819200 80 2.97344 20.7258 0.000100682
819200 90 2.97344 21.9477 9.50082e-05
819200 100 2.97344 23.6449 9.1434e-05
1638400 10 2.97344 109.312 0.00169796
1638400 20 2.97344 53.2729 0.000661743
1638400 30 2.97344 40.1701 0.000420607
1638400 40 2.97344 36.3259 0.000311789
1638400 50 2.97344 36.2542 0.000255803
1638400 60 2.97344 37.53 0.000224883
1638400 70 2.97344 38.7365 0.000208905
1638400 80 2.97344 41.4797 0.000192631
1638400 90 2.97344 44.6928 0.000181098
1638400 100 2.97344 47.0966 0.00017214
3276800 10 2.97344 224.514 0.00338903
3276800 20 2.97344 109.505 0.00131722
3276800 30 2.97344 86.0492 0.000826765
3276800 40 2.97344 79.3944 0.000609437
3276800 50 2.97344 78.4505 0.000496365
3276800 60 2.97344 81.0038 0.000435008
3276800 70 2.97344 83.1755 0.000403792
3276800 80 2.97344 86.4223 0.000358565
3276800 90 2.97344 91.3767 0.00032312
3276800 100 2.97344 95.3235 0.000306793
