n=207205 m=100 k=77
200 10 2.90019 0.0421 2078.27 2.5008
200 20 2.90019 0.0197 1101.54 1.4326
200 30 2.90019 0.0244 1100.54 1.576
200 40 2.90019 0.0253 1171.75 1.1829
200 50 2.90019 0.0461 1284.56 1.5742
200 60 2.90019 0.0366 1413.17 1.6057
200 70 2.90019 0.0567 1538.39 1.2761
200 80 2.90019 0.0483 1672.43 1.6113
200 90 2.90019 0.0456 1817.65 1.4353
200 100 2.90019 0.0504 1936.56 1.291
400 10 2.90019 0.1098 3557.12 3.0858
400 20 2.90019 0.0469 1446.48 2.0902
400 30 2.90019 0.059 1303.51 1.792
400 40 2.90019 0.0704 1311.67 1.598
400 50 2.90019 0.1116 1398.93 1.7269
400 60 2.90019 0.1037 1508.17 1.6952
400 70 2.90019 0.0926 1614.74 1.702
400 80 2.90019 0.13 1744.84 1.7118
400 90 2.90019 0.1548 1877.99 1.7058
400 100 2.90019 0.1213 1991.38 1.72
800 10 2.90019 0.1875 6510.29 4.0101
800 20 2.90019 0.0947 2143.33 2.4529
800 30 2.90019 0.1227 1703.71 2.2266
800 40 2.90019 0.113 1595.75 2.0237
800 50 2.90019 0.187 1621.06 1.9689
800 60 2.90019 0.22 1693.69 1.9787
800 70 2.90019 0.2759 1773.74 1.9543
800 80 2.90019 0.2919 1884.57 1.9391
800 90 2.90019 0.3285 2005.71 1.9178
800 100 2.90019 0.3327 2105.18 1.9251
1600 10 2.90019 0.3678 12419.1 5.4052
1600 20 2.90019 0.1727 3533.95 3.0281
1600 30 2.90019 0.2882 2506.28 2.5774
1600 40 2.90019 0.325 2166.8 2.4084
1600 50 2.90019 0.3802 2068.44 2.3519
1600 60 2.90019 0.4393 2063.97 2.2865
1600 70 2.90019 0.5498 2092.29 2.2456
1600 80 2.90019 0.567 2165.76 2.176
1600 90 2.90019 0.7708 2258.62 2.2585
1600 100 2.90019 0.6499 2334.78 2.1555
3200 10 2.90019 0.762 24237.9 7.9166
3200 20 2.90019 0.4379 6316.85 4.095
3200 30 2.90019 0.5017 4110.89 3.2764
3200 40 2.90019 0.7006 3308.25 2.8979
3200 50 2.90019 0.7965 2963.44 2.7131
3200 60 2.90019 0.8462 2804 2.6187
3200 70 2.90019 0.9455 2727.79 2.5317
3200 80 2.90019 1.4128 2728.83 2.5021
3200 90 2.90019 1.2532 2760.7 2.5066
3200 100 2.90019 1.6248 2795.96 2.4181
6400 10 2.90019 1.5526 47875.2 12.7587
6400 20 2.90019 0.8176 11882.9 5.6221
6400 30 2.90019 1.0821 7321.43 4.3284
6400 40 2.90019 1.2522 5591.87 3.8175
6400 50 2.90019 1.692 4753.14 3.5601
6400 60 2.90019 1.9737 4287.13 3.2868
6400 70 2.90019 2.2432 4002.45 3.1625
6400 80 2.90019 2.2026 3847.15 3.0556
6400 90 2.90019 2.5698 3769.93 3.0404
6400 100 2.90019 2.5004 3710.29 2.8773
12800 10 2.90019 3.1665 95153.4 22.6237
12800 20 2.90019 1.6231 23010.5 8.1615
12800 30 2.90019 1.9764 13738.2 5.9657
12800 40 2.90019 2.5027 10156.5 5.0642
12800 50 2.90019 3.0088 8327.91 4.6831
12800 60 2.90019 3.858 7254.38 4.4129
12800 70 2.90019 4.5033 6550.43 4.1685
12800 80 2.90019 5.1059 6098.38 4.0991
12800 90 2.90019 5.3334 5786.23 4.0133
12800 100 2.90019 5.9474 5553.27 3.88
25600 10 2.90019 6.2723 189704 42.152
25600 20 2.90019 2.9835 45269.4 12.5688
25600 30 2.90019 3.9337 26577.4 8.6753
25600 40 2.90019 5.1369 19289.7 7.2341
25600 50 2.90019 6.4906 15489.9 6.5977
25600 60 2.90019 7.4924 13180.2 5.9939
25600 70 2.90019 8.9976 11646.3 5.6641
25600 80 2.90019 10.3091 10592.5 5.4929
25600 90 2.90019 10.9935 9824.89 5.3654
25600 100 2.90019 12.2364 9234.69 5.0669
51200 10 2.90019 12.0866 378794 80.9433
51200 20 2.90019 6.4291 89788 21.8482
51200 30 2.90019 8.7818 52266.5 14.3671
51200 40 2.90019 10.7074 37559.8 11.4568
51200 50 2.90019 13.1369 29806.1 9.9825
51200 60 2.90019 15.4951 25042.5 8.9406
51200 70 2.90019 18.188 21845.9 8.3209
51200 80 2.90019 19.8465 19568.7 7.9359
51200 90 2.90019 22.8399 17908.9 7.6533
51200 100 2.90019 23.89 16595.5 7.1306
102400 10 2.90019 26.4737 757031 163.271
102400 20 2.90019 17.1361 178878 41.5976
102400 30 2.90019 20.0954 103664 26.0226
102400 40 2.90019 24.1815 74145 20.5223
102400 50 2.90019 28.4214 58480.2 17.2527
102400 60 2.90019 32.7162 48795.3 15.1423
102400 70 2.90019 37.502 42251 13.7304
102400 80 2.90019 41.8687 37568.1 12.8218
102400 90 2.90019 45.5207 34059.7 11.8864
102400 100 2.90019 50.46 31327.2 11.2791
204800 10 2.90019 72.9153 1.51365e+06 325.784
204800 20 2.90019 64.499 357332 84.7452
204800 30 2.90019 67.2066 206717 51.9842
204800 40 2.90019 71.3762 147504 40.3077
204800 50 2.90019 75.5235 115970 33.1576
204800 60 2.90019 80.1575 96418.4 28.1436
204800 70 2.90019 85.4273 83153.8 25.632
204800 80 2.90019 89.4269 73575.1 22.4869
204800 90 2.90019 95.3023 66393.2 20.8752
204800 100 2.90019 100.317 60771.6 19.6036
