n=421419 m=100 k=78
200 10 3.00892 21.8571 1565 6.5543
200 20 3.00892 11.779 1562.87 13.1419
200 30 3.00892 7.5236 1767.41 17.8831
200 40 3.00892 6.6517 2084.27 22.57
200 50 3.00892 5.5695 2395.4 26.3107
200 60 3.00892 4.3498 2706.02 30.326
200 70 3.00892 3.0415 3013.64 34.0905
200 80 3.00892 3.122 3364.82 38.831
200 90 3.00892 3.2342 3717.01 43.1713
200 100 3.00892 3.3411 4065.01 47.4857
400 10 3.00892 43.7924 2301.12 8.3538
400 20 3.00892 23.6219 1948.68 15.7877
400 30 3.00892 16.3115 2047.1 20.3463
400 40 3.00892 13.2406 2289.93 24.4886
400 50 3.00892 11.2023 2568.38 28.7541
400 60 3.00892 8.7131 2837.61 33.1267
400 70 3.00892 7.6095 3149.13 37.5057
400 80 3.00892 7.8064 3503.3 42.0841
400 90 3.00892 6.4534 3810.13 44.9357
400 100 3.00892 6.6017 4160.67 49.5877
800 10 3.00892 87.7163 3775.24 13.1514
800 20 3.00892 47.1417 2714.61 19.5191
800 30 3.00892 32.6799 2566.2 23.8652
800 40 3.00892 26.6063 2705.83 28.2215
800 50 3.00892 22.2718 2907.29 32.2089
800 60 3.00892 18.8483 3143.03 36.5289
800 70 3.00892 16.603 3417.96 41.1741
800 80 3.00892 15.644 3733.01 46.0435
800 90 3.00892 12.9724 4000.09 49.3303
800 100 3.00892 13.2134 4352.12 53.5392
1600 10 3.00892 176.031 6737.05 20.1417
1600 20 3.00892 94.2627 4251 26.2675
1600 30 3.00892 66.5998 3645.78 30.5416
1600 40 3.00892 53.051 3531.03 34.9502
1600 50 3.00892 44.5829 3591.51 39.2188
1600 60 3.00892 37.7708 3714.69 43.2109
1600 70 3.00892 33.2961 3914.47 47.5186
1600 80 3.00892 31.2576 4191.51 51.7802
1600 90 3.00892 27.4464 4420.24 55.1098
1600 100 3.00892 26.4911 4735.37 59.3997
3200 10 3.00892 352.222 12652.2 34.0392
3200 20 3.00892 188.996 7334.63 40.5126
3200 30 3.00892 133.647 5777.79 44.3801
3200 40 3.00892 106.105 5183.24 48.0372
3200 50 3.00892 89.0965 4956.21 51.631
3200 60 3.00892 77.0453 4900.77 55.2489
3200 70 3.00892 68.2966 4955.74 59.0189
3200 80 3.00892 62.4917 5112.06 62.688
3200 90 3.00892 56.567 5269.45 65.8486
3200 100 3.00892 53.1742 5508.54 70.2382
6400 10 3.00892 705.383 24499 62.2551
6400 20 3.00892 378.192 13498.6 68.6725
6400 30 3.00892 268.083 10052.7 72.184
6400 40 3.00892 212.402 8495.51 75.1244
6400 50 3.00892 178.306 7686.8 78.0084
6400 60 3.00892 154.384 7232.1 80.4174
6400 70 3.00892 137.442 7020.71 83.2099
6400 80 3.00892 125.514 6966.94 86.468
6400 90 3.00892 114.8 6968.3 88.4694
6400 100 3.00892 106.821 7053.55 91.1383
12800 10 3.00892 1410.38 48162.3 118.842
12800 20 3.00892 756.682 25830.9 124.692
12800 30 3.00892 537.378 18606.3 125.856
12800 40 3.00892 425.265 15128.2 126.933
12800 50 3.00892 356.917 13157.5 128.471
12800 60 3.00892 310.091 11930.9 129.461
12800 70 3.00892 276.273 11155.9 131.041
12800 80 3.00892 250.617 10654.2 132.227
12800 90 3.00892 229.811 10319.8 133.395
12800 100 3.00892 213.087 10124.8 134.03
25600 10 3.00892 2824.04 95568.4 232.247
25600 20 3.00892 1513.89 50499.4 239.587
25600 30 3.00892 1074.56 35689.4 238.022
25600 40 3.00892 850.829 28388 235.623
25600 50 3.00892 713.546 24086.7 232.67
25600 60 3.00892 620.48 21309.8 230.686
25600 70 3.00892 552.581 19392.1 228.82
25600 80 3.00892 501.892 18050.5 227.177
25600 90 3.00892 460.265 17036.8 223.615
25600 100 3.00892 426.97 16300.5 221.1
51200 10 3.00892 5647.68 190295 449.999
51200 20 3.00892 3028.75 99843.4 461.202
51200 30 3.00892 2151.46 69905.3 456.445
51200 40 3.00892 1704.29 54959.5 448.687
51200 50 3.00892 1429.76 46007.1 439.974
51200 60 3.00892 1244.08 40108.2 432.415
51200 70 3.00892 1107.26 35910.4 423.733
51200 80 3.00892 1002.46 32804.7 414.016
51200 90 3.00892 921.624 30480.8 405.483
51200 100 3.00892 854.885 28652.2 394.891
102400 10 3.00892 11296 379810 891.007
102400 20 3.00892 6064.3 198637 908.819
102400 30 3.00892 4303.97 138323 891.711
102400 40 3.00892 3409.8 108070 871.716
102400 50 3.00892 2863.01 89863.8 851.943
102400 60 3.00892 2490.42 77688.7 829.743
102400 70 3.00892 2216.97 68951.1 809.269
102400 80 3.00892 2007.4 62391.6 785.535
102400 90 3.00892 1843.68 57360.7 764.287
102400 100 3.00892 1709.6 53330 741.092
204800 10 3.00892 22581.8 758557 1758.44
204800 20 3.00892 12122.5 395990 1796.09
204800 30 3.00892 8615.65 275257 1767.66
204800 40 3.00892 6822.2 214324 1717.79
204800 50 3.00892 5723.78 177475 1669.5
204800 60 3.00892 4976.59 152734 1621.62
204800 70 3.00892 4438.07 135062 1578.37
204800 80 3.00892 4015.22 121534 1523.23
204800 90 3.00892 3690.58 111166 1478.2
204800 100 3.00892 3425.12 102835 1428.72
409600 10 3.00892 45184.9 1.51665e+06 3520.6
409600 20 3.00892 24224.4 790475 3553.8
409600 30 3.00892 17214.4 548703 3492.97
409600 40 3.00892 13615.6 426196 3368.9
409600 50 3.00892 11434 352458 3282.94
409600 60 3.00892 9953.87 302922 3202.41
409600 70 3.00892 8866.1 267033 3104.89
409600 80 3.00892 8022.25 239660 2988.94
409600 90 3.00892 7367.58 218448 2892.09
409600 100 3.00892 6832.86 201338 2783.95
