n=3170441 m=100 k=5
200 10 1.35691 35.7559 1940.72 25.5384
200 20 1.35691 21.9573 2017.56 27.208
200 30 1.35691 14.9595 2313.44 31.1691
200 40 1.35691 13.4746 2759.98 37.7354
200 50 1.35691 11.4502 3190.4 44.0548
200 60 1.35691 9.031 3543.61 48.4072
200 70 1.35691 8.5196 3689.49 50.2011
200 80 1.35691 8.5346 3695.29 49.958
200 90 1.35691 8.5705 3695.59 49.7543
200 100 1.35691 8.5738 3700.12 49.8143
400 10 1.35691 72.4069 2948.53 39.9287
400 20 1.35691 43.8579 2585.43 35.7596
400 30 1.35691 32.201 2751.08 37.3134
400 40 1.35691 27.0445 3095.86 42.2066
400 50 1.35691 23.0196 3474.41 47.7933
400 60 1.35691 18.719 3779.9 51.7073
400 70 1.35691 18.3454 3924 53.3269
400 80 1.35691 18.3491 3936.98 53.5928
400 90 1.35691 18.2977 3937.94 53.5948
400 100 1.35691 18.3075 3934.72 53.4407
800 10 1.35691 145.808 4962.91 69.2939
800 20 1.35691 88.5681 3746.41 53.6121
800 30 1.35691 66.3119 3610.77 49.539
800 40 1.35691 54.0365 3766.75 51.6124
800 50 1.35691 45.9659 4038.06 55.0914
800 60 1.35691 39.859 4297.16 58.2647
800 70 1.35691 38.2435 4410.81 59.4574
800 80 1.35691 38.1265 4420.31 59.2479
800 90 1.35691 38.1821 4418.88 59.4421
800 100 1.35691 38.1523 4414.95 59.4117
1600 10 1.35691 291.685 8978.57 126.378
1600 20 1.35691 178.327 6077.2 88.7764
1600 30 1.35691 133.44 5308.47 73.6321
1600 40 1.35691 108.17 5110.7 69.9922
1600 50 1.35691 91.9671 5167.56 70.0138
1600 60 1.35691 80.4592 5286.03 70.9423
1600 70 1.35691 77.8618 5374.53 71.6397
1600 80 1.35691 77.7144 5384.96 71.6309
1600 90 1.35691 77.7118 5382.69 71.9569
1600 100 1.35691 77.7007 5383.22 71.8683
3200 10 1.35691 584.993 17036.2 241.29
3200 20 1.35691 357.205 10730.5 158.408
3200 30 1.35691 267.725 8704.25 121.869
3200 40 1.35691 217.282 7821.14 107.059
3200 50 1.35691 184.509 7437.43 99.9503
3200 60 1.35691 163.114 7301.65 96.7649
3200 70 1.35691 157.385 7312.71 96.0732
3200 80 1.35691 157.354 7315.43 96.4199
3200 90 1.35691 157.065 7313.1 96.0764
3200 100 1.35691 157.16 7312.52 96.2241
6400 10 1.35691 1171.69 33152.7 470.659
6400 20 1.35691 716.289 20050.3 296.936
6400 30 1.35691 537.388 15512.6 216.729
6400 40 1.35691 436.295 13267.4 180.174
6400 50 1.35691 370.571 12007.3 160.245
6400 60 1.35691 328.666 11340.6 148.635
6400 70 1.35691 317.027 11191.4 145.619
6400 80 1.35691 316.041 11179.8 145.624
6400 90 1.35691 315.717 11170.4 145.852
6400 100 1.35691 316.099 11178.5 145.383
12800 10 1.35691 2338.95 65282.5 919.123
12800 20 1.35691 1434.64 38706.8 574.391
12800 30 1.35691 1076.25 29131.9 409.683
12800 40 1.35691 873.363 24123.7 328.623
12800 50 1.35691 742.599 21136.3 279.578
12800 60 1.35691 659.851 19411.8 250.74
12800 70 1.35691 635.141 18932.9 242.622
12800 80 1.35691 632.929 18889 242.694
12800 90 1.35691 633.2 18893.5 241.9
12800 100 1.35691 633.18 18891.6 241.209
25600 10 1.35691 4687.85 129795 1820.45
25600 20 1.35691 2869.34 75964.3 1115.82
25600 30 1.35691 2152.19 56322.8 786.613
25600 40 1.35691 1747.6 45859.2 619.8
25600 50 1.35691 1483.32 39346.9 517.087
25600 60 1.35691 1319.34 35502.4 454.29
25600 70 1.35691 1271.14 34404.8 439.171
25600 80 1.35691 1267.93 34335.1 438.611
25600 90 1.35691 1267.11 34317.2 438.857
25600 100 1.35691 1268.3 34344 438.619
51200 10 1.35691 9357.19 258322 3606.65
51200 20 1.35691 5726.29 150277 2205.4
51200 30 1.35691 4304.36 110735 1534.29
51200 40 1.35691 3495.55 89298.9 1201.84
51200 50 1.35691 2970.63 75870.2 989.069
51200 60 1.35691 2639.13 67684.1 860.861
51200 70 1.35691 2546.65 65433.1 825.987
51200 80 1.35691 2537.57 65231.3 823.679
51200 90 1.35691 2532.45 65099.9 822.829
51200 100 1.35691 2536.9 65214.1 823.555
102400 10 1.35691 18719.4 515748 7186.46
102400 20 1.35691 11464.2 299287 4357.36
102400 30 1.35691 8619.31 219713 3027.71
102400 40 1.35691 7000.93 176372 2346.79
102400 50 1.35691 5939.31 148806 1918.07
102400 60 1.35691 5285.49 132219 1655.36
102400 70 1.35691 5088.9 127282 1589.37
102400 80 1.35691 5066.23 126763 1582.91
102400 90 1.35691 5073.32 126945 1591.12
102400 100 1.35691 5075.82 126970 1590.83
204800 10 1.35691 37453.7 1.03077e+06 14362.7
204800 20 1.35691 22944.2 597570 8697.21
204800 30 1.35691 17233.8 437436 6006.56
204800 40 1.35691 13997.8 350260 4652.08
204800 50 1.35691 11886.9 294890 3795.78
204800 60 1.35691 10557.5 260848 3273.78
204800 70 1.35691 10166.4 250835 3123.94
204800 80 1.35691 10140.3 250267 3115.89
204800 90 1.35691 10157.9 250596 3117.04
204800 100 1.35691 10146.5 250379 3107.35
409600 10 1.35691 74889.5 2.06075e+06 28668.6
409600 20 1.35691 45842.7 1.19266e+06 17348
409600 30 1.35691 34432.6 872142 11975.4
409600 40 1.35691 27983.3 697846 9263.29
409600 50 1.35691 23753.8 586542 7527.46
409600 60 1.35691 21109.5 518237 6490.4
409600 70 1.35691 20335.1 498425 6187.72
409600 80 1.35691 20282.5 497000 6164.24
409600 90 1.35691 20285.7 497217 6167.16
409600 100 1.35691 20311 497723 6176.43
819200 10 1.35691 149635 4.1172e+06 57253.9
819200 20 1.35691 91638.5 2.38376e+06 34549.3
819200 30 1.35691 68832.7 1.74201e+06 23834.2
819200 40 1.35691 55914.9 1.39212e+06 18401.8
819200 50 1.35691 47513 1.17038e+06 14988.4
819200 60 1.35691 42246.2 1.03399e+06 12909.3
819200 70 1.35691 40599.9 991610 12250
819200 80 1.35691 40605.4 991284 12256.2
819200 90 1.35691 40553.2 990341 12273.7
819200 100 1.35691 40516.3 989558 12250.3
1638400 10 1.35691 299515 8.23843e+06 114744
1638400 20 1.35691 183579 4.77109e+06 69241.1
1638400 30 1.35691 137980 3.48771e+06 47665.1
1638400 40 1.35691 111935 2.78421e+06 36725.1
1638400 50 1.35691 95063.1 2.33844e+06 29794.7
1638400 60 1.35691 84536.7 2.06487e+06 25593.3
1638400 70 1.35691 81396.4 1.98432e+06 24495.9
1638400 80 1.35691 81245.4 1.97994e+06 24469.2
1638400 90 1.35691 81238 1.9802e+06 24515.2
1638400 100 1.35691 81229.4 1.97982e+06 24310.7
