n=193080 m=100 k=88
200 10 3.0439 21.7757 1556.86 5.2813
200 20 3.0439 11.7194 1549.74 11.8188
200 30 3.0439 7.497 1749 16.5141
200 40 3.0439 6.5879 2059.29 20.6984
200 50 3.0439 5.5494 2367.11 23.8638
200 60 3.0439 4.296 2669.31 27.5523
200 70 3.0439 2.9452 2969.45 31.1215
200 80 3.0439 3.0658 3316.23 35.1203
200 90 3.0439 3.1312 3659.07 39.0683
200 100 3.0439 3.305 4006.02 43.1754
400 10 3.0439 43.5426 2289.54 7.5909
400 20 3.0439 23.4002 1932.09 14.0942
400 30 3.0439 16.2051 2026.88 18.4194
400 40 3.0439 13.2475 2265.8 22.0808
400 50 3.0439 11.0015 2535.53 26.187
400 60 3.0439 8.6224 2800.91 29.7298
400 70 3.0439 7.4413 3105.9 33.5221
400 80 3.0439 7.8407 3455.87 37.7102
400 90 3.0439 6.4163 3755.36 40.4873
400 100 3.0439 6.4874 4099.6 44.4264
800 10 3.0439 87.4239 3762.39 10.2548
800 20 3.0439 46.7533 2695.42 17.3788
800 30 3.0439 32.4097 2543.33 21.4701
800 40 3.0439 26.3131 2675.54 25.4798
800 50 3.0439 22.0482 2873.59 29.2322
800 60 3.0439 18.7656 3107.25 32.8631
800 70 3.0439 16.5428 3376.74 36.4903
800 80 3.0439 15.4118 3680.14 40.4319
800 90 3.0439 12.8076 3942.5 43.7545
800 100 3.0439 13.4448 4298.85 47.9941
1600 10 3.0439 175.293 6712.66 16.8733
1600 20 3.0439 93.5372 4223.94 24.2194
1600 30 3.0439 65.9955 3614.81 28.0919
1600 40 3.0439 52.751 3501.13 31.9823
1600 50 3.0439 44.3554 3556.78 35.4801
1600 60 3.0439 37.4491 3673.05 38.5301
1600 70 3.0439 33.0387 3867.15 41.8082
1600 80 3.0439 31.1563 4143.65 45.8572
1600 90 3.0439 27.2621 4365.09 49.5502
1600 100 3.0439 26.3188 4674.84 53.0461
3200 10 3.0439 350.962 12613.2 29.9266
3200 20 3.0439 187.371 7288.53 37.0579
3200 30 3.0439 132.703 5740.7 41.0848
3200 40 3.0439 105.295 5144.03 44.3705
3200 50 3.0439 88.5483 4914.34 47.4111
3200 60 3.0439 76.5892 4854.92 50.491
3200 70 3.0439 67.4707 4898.19 53.2274
3200 80 3.0439 62.251 5063.07 56.9383
3200 90 3.0439 56.1129 5207.43 59.4859
3200 100 3.0439 52.5 5434.29 63.0939
6400 10 3.0439 701.083 24395.7 55.0146
6400 20 3.0439 375.404 13428 63.396
6400 30 3.0439 266.118 9993.94 66.9156
6400 40 3.0439 211.086 8445.24 69.5821
6400 50 3.0439 176.93 7632.33 71.8719
6400 60 3.0439 153.407 7178.75 73.7228
6400 70 3.0439 136.663 6963.31 76.0586
6400 80 3.0439 124.544 6899.6 78.3512
6400 90 3.0439 114.657 6912.83 80.951
6400 100 3.0439 105.687 6972.68 83.1104
12800 10 3.0439 1404.75 48019.9 107.3
12800 20 3.0439 751.346 25707.4 115.999
12800 30 3.0439 532.96 18500.6 118.551
12800 40 3.0439 422.725 15052.7 120.183
12800 50 3.0439 354.754 13083.6 121.119
12800 60 3.0439 307.74 11850.1 120.45
12800 70 3.0439 274.473 11076.3 121.548
12800 80 3.0439 248.969 10574.1 121.942
12800 90 3.0439 229.229 10254.7 123.344
12800 100 3.0439 213.558 10076.3 124.059
25600 10 3.0439 2810.02 95234.7 211.375
25600 20 3.0439 1505.74 50312 224.256
25600 30 3.0439 1067.07 35517.6 221.751
25600 40 3.0439 846.436 28277.8 221.098
25600 50 3.0439 710.107 23988.6 218.413
25600 60 3.0439 617.103 21203.9 214.913
25600 70 3.0439 550.156 19301.7 212.283
25600 80 3.0439 499.635 17956.6 209.634
25600 90 3.0439 457.66 16928.3 206.937
25600 100 3.0439 427.538 16250.6 206.051
51200 10 3.0439 5623.47 189713 421.562
51200 20 3.0439 3011.22 99462.3 437.227
51200 30 3.0439 2138.73 69622.7 434.698
51200 40 3.0439 1693.9 54729.1 426.175
51200 50 3.0439 1420.75 45798 414.422
51200 60 3.0439 1236.72 39919.5 405.444
51200 70 3.0439 1101.8 35751.9 395.387
51200 80 3.0439 998.167 32670.8 386.344
51200 90 3.0439 920.17 30394.7 378.673
51200 100 3.0439 853.798 28572.4 369.639
102400 10 3.0439 11243.6 378529 829.422
102400 20 3.0439 6020.89 197723 855.843
102400 30 3.0439 4275.22 137709 846.772
102400 40 3.0439 3393.79 107726 834.139
102400 50 3.0439 2845.94 89481.2 806.207
102400 60 3.0439 2475.66 77351.7 783.514
102400 70 3.0439 2205.9 68684.2 759.185
102400 80 3.0439 2000.2 62202.2 736.553
102400 90 3.0439 1838.7 57193.9 716.194
102400 100 3.0439 1709.03 53263.4 696.155
