n=421419 m=100 k=78
200 10 3.00892 197.606 4012.96 17.7494
200 20 3.00892 197.636 4172.99 19.3138
200 30 3.00892 197.581 4332.42 20.3065
200 40 3.00892 197.586 4492.99 21.2673
200 50 3.00892 197.628 4652.3 21.8731
200 60 3.00892 197.529 4812.09 23.045
200 70 3.00892 197.572 4971.16 23.6212
200 80 3.00892 197.623 5131.98 24.4655
200 90 3.00892 197.638 5292.33 25.3579
200 100 3.00892 197.593 5452.94 26.2502
400 10 3.00892 395.26 7681.96 33.603
400 20 3.00892 395.244 7842.13 35.3156
400 30 3.00892 395.387 8001.34 35.846
400 40 3.00892 395.31 8160.28 36.6369
400 50 3.00892 395.183 8323.98 38.4296
400 60 3.00892 395.252 8483.17 39.0429
400 70 3.00892 395.242 8643.82 39.9281
400 80 3.00892 395.199 8803 40.7207
400 90 3.00892 395.25 8962.79 41.4813
400 100 3.00892 395.28 9123.21 42.4499
800 10 3.00892 790.73 15022.9 65.4864
800 20 3.00892 790.711 15182.3 67.0749
800 30 3.00892 790.569 15340.2 67.8831
800 40 3.00892 790.638 15499.8 68.5352
800 50 3.00892 790.714 15659.2 69.0613
800 60 3.00892 790.418 15818 70.2666
800 70 3.00892 790.596 15978.9 70.9597
800 80 3.00892 790.331 16140.7 72.6219
800 90 3.00892 790.507 16296.9 72.5193
800 100 3.00892 790.585 16457 73.1084
1600 10 3.00892 1580.85 29697.5 130.288
1600 20 3.00892 1581.36 29864.4 132.238
1600 30 3.00892 1581.27 30019.3 132.209
1600 40 3.00892 1581.31 30178.3 132.947
1600 50 3.00892 1580.82 30329.3 133.058
1600 60 3.00892 1580.95 30493.6 134.349
1600 70 3.00892 1581.36 30658.5 135.214
1600 80 3.00892 1581.01 30814.7 135.86
1600 90 3.00892 1581.02 30980.2 137.969
1600 100 3.00892 1580.76 31137.7 138.55
3200 10 3.00892 3162.17 59047.2 257.362
3200 20 3.00892 3162.58 59222.5 260.769
3200 30 3.00892 3162.36 59366.3 259.367
3200 40 3.00892 3161.96 59539.5 262.628
3200 50 3.00892 3162.73 59694.9 260.806
3200 60 3.00892 3162.46 59854.6 262.352
3200 70 3.00892 3162.51 60005.8 261.567
3200 80 3.00892 3161.84 60169 264.498
3200 90 3.00892 3161.98 60335.9 266.332
3200 100 3.00892 3161.67 60490.6 265.95
6400 10 3.00892 6325 117778 513.032
6400 20 3.00892 6325.34 117935 513.272
6400 30 3.00892 6323.25 118064 511.352
6400 40 3.00892 6324.99 118260 515.5
6400 50 3.00892 6324.19 118409 515.796
6400 60 3.00892 6324.36 118574 516.767
6400 70 3.00892 6325.88 118712 511.29
6400 80 3.00892 6323.96 118910 522.123
6400 90 3.00892 6325.38 119042 514.82
6400 100 3.00892 6324.77 119212 518.167
12800 10 3.00892 12646.5 235219 1026.33
12800 20 3.00892 12654.2 235399 1015.78
12800 30 3.00892 12649.7 235509 1017.23
12800 40 3.00892 12651.5 235715 1021.07
12800 50 3.00892 12647.9 235822 1017.16
12800 60 3.00892 12649.2 235933 1007.49
12800 70 3.00892 12650.6 236161 1018.78
12800 80 3.00892 12647.5 236325 1025.44
12800 90 3.00892 12648.7 236452 1017.33
12800 100 3.00892 12644.1 236637 1028.05
25600 10 3.00892 25296.2 470014 2017.44
25600 20 3.00892 25302.3 470159 2004.82
25600 30 3.00892 25298.1 470299 2009.07
25600 40 3.00892 25302.3 470404 1990.76
25600 50 3.00892 25298.7 470550 1997.97
25600 60 3.00892 25305.8 470774 1995.85
25600 70 3.00892 25301.8 470983 2011.81
25600 80 3.00892 25302.8 471152 2009.43
25600 90 3.00892 25296 471342 2026.51
25600 100 3.00892 25300.2 471407 2018.24
51200 10 3.00892 50598.4 939969 4113.96
51200 20 3.00892 50610.2 939819 4276.8
51200 30 3.00892 50593.9 940314 4422.76
51200 40 3.00892 50597.6 940167 4327.88
51200 50 3.00892 50590.9 940181 4327.03
51200 60 3.00892 50594.6 940129 4277.19
51200 70 3.00892 50602.7 940681 4333.42
51200 80 3.00892 50603 940674 4262.82
51200 90 3.00892 50597 940930 4318.05
51200 100 3.00892 50595.3 941283 4351.06
102400 10 3.00892 101229 1.8793e+06 8678.53
102400 20 3.00892 101177 1.87931e+06 8701.37
102400 30 3.00892 101204 1.87972e+06 8765.12
102400 40 3.00892 101194 1.87999e+06 8758.96
102400 50 3.00892 101174 1.87996e+06 8859.07
102400 60 3.00892 101180 1.87989e+06 8771.71
102400 70 3.00892 101202 1.87979e+06 8585.81
102400 80 3.00892 101152 1.88018e+06 8702.81
102400 90 3.00892 101198 1.88048e+06 8666.04
102400 100 3.00892 101169 1.88081e+06 8879.63
204800 10 3.00892 202463 3.75832e+06 17434.8
204800 20 3.00892 202362 3.7586e+06 17720.2
204800 30 3.00892 202427 3.75968e+06 17618.9
204800 40 3.00892 202437 3.75756e+06 17188.7
204800 50 3.00892 202422 3.75875e+06 17223.8
204800 60 3.00892 202392 3.75948e+06 17192.6
204800 70 3.00892 202330 3.75898e+06 17154.2
204800 80 3.00892 202353 3.7595e+06 17149.3
204800 90 3.00892 202392 3.76048e+06 17254.6
204800 100 3.00892 202406 3.75901e+06 16917.4
409600 10 3.00892 404925 7.5155e+06 33704.6
409600 20 3.00892 404918 7.51587e+06 33761.7
409600 30 3.00892 404867 7.51489e+06 33642.4
409600 40 3.00892 404852 7.51664e+06 33960.4
409600 50 3.00892 404823 7.51512e+06 33648.8
409600 60 3.00892 404885 7.51623e+06 34047.5
409600 70 3.00892 404872 7.51751e+06 34220.5
409600 80 3.00892 404786 7.51548e+06 33946.4
409600 90 3.00892 404814 7.51651e+06 34070.9
409600 100 3.00892 404617 7.51557e+06 34200.2
