n=3170441 m=100 k=5
200 10 1.35691 171.819 2.0077e-06
200 20 1.35691 171.733 2.0473e-06
200 30 1.35691 171.922 2.1262e-06
200 40 1.35691 171.831 2.2104e-06
200 50 1.35691 171.715 2.2704e-06
200 60 1.35691 171.767 2.3478e-06
200 70 1.35691 171.827 2.4308e-06
200 80 1.35691 171.837 2.4808e-06
200 90 1.35691 172.04 2.5604e-06
200 100 1.35691 171.751 2.635e-06
400 10 1.35691 343.137 3.3061e-06
400 20 1.35691 343.745 3.4029e-06
400 30 1.35691 344.194 3.4508e-06
400 40 1.35691 343.295 3.538e-06
400 50 1.35691 343.565 3.6303e-06
400 60 1.35691 343.941 3.7233e-06
400 70 1.35691 344.598 3.7776e-06
400 80 1.35691 343.984 3.8274e-06
400 90 1.35691 343.606 3.9063e-06
400 100 1.35691 344.09 3.9775e-06
800 10 1.35691 687.875 6.0645e-06
800 20 1.35691 687.547 6.1036e-06
800 30 1.35691 688.008 6.1106e-06
800 40 1.35691 687.673 6.1823e-06
800 50 1.35691 688.924 6.3295e-06
800 60 1.35691 688.109 6.4653e-06
800 70 1.35691 688.405 6.5198e-06
800 80 1.35691 687.202 6.518e-06
800 90 1.35691 687.455 6.5517e-06
800 100 1.35691 687.344 6.6402e-06
1600 10 1.35691 1375.36 1.13429e-05
1600 20 1.35691 1375.4 1.14304e-05
1600 30 1.35691 1376.93 1.14995e-05
1600 40 1.35691 1377.12 1.15198e-05
1600 50 1.35691 1373.08 1.15424e-05
1600 60 1.35691 1377 1.15893e-05
1600 70 1.35691 1374.6 1.18146e-05
1600 80 1.35691 1374.42 1.18489e-05
1600 90 1.35691 1375.23 1.19596e-05
1600 100 1.35691 1375.42 1.19883e-05
3200 10 1.35691 2754.42 2.18306e-05
3200 20 1.35691 2749.69 2.18708e-05
3200 30 1.35691 2749.96 2.18065e-05
3200 40 1.35691 2748.75 2.19545e-05
3200 50 1.35691 2752.71 2.21925e-05
3200 60 1.35691 2754.69 2.21869e-05
3200 70 1.35691 2747.72 2.01329e-05
3200 80 1.35691 2754.82 1.89279e-05
3200 90 1.35691 2749.71 1.88992e-05
3200 100 1.35691 2745.6 1.89652e-05
6400 10 1.35691 5504.71 3.61868e-05
6400 20 1.35691 5500.04 3.60001e-05
6400 30 1.35691 5508.41 3.61251e-05
6400 40 1.35691 5502.13 3.61727e-05
6400 50 1.35691 5503.81 3.67275e-05
6400 60 1.35691 5506.3 3.63478e-05
6400 70 1.35691 5498.42 3.64113e-05
6400 80 1.35691 5506.22 3.64565e-05
6400 90 1.35691 5495.19 3.65639e-05
6400 100 1.35691 5510.34 3.64655e-05
12800 10 1.35691 11018.6 7.11486e-05
12800 20 1.35691 11004.4 7.10307e-05
12800 30 1.35691 11008.7 7.1637e-05
12800 40 1.35691 10997.5 7.15311e-05
12800 50 1.35691 11017.6 7.15301e-05
12800 60 1.35691 11014.8 7.63764e-05
12800 70 1.35691 11003.9 8.54725e-05
12800 80 1.35691 11007.2 8.64131e-05
12800 90 1.35691 10998.9 8.64213e-05
12800 100 1.35691 11011 8.68264e-05
25600 10 1.35691 22044 0.000170622
25600 20 1.35691 22010 0.000169676
25600 30 1.35691 22039.5 0.000170745
25600 40 1.35691 21996.6 0.000169092
25600 50 1.35691 22006.6 0.000168708
25600 60 1.35691 21985.4 0.00016901
25600 70 1.35691 21996.8 0.000168443
25600 80 1.35691 21991.5 0.000169927
25600 90 1.35691 22015.5 0.000171092
25600 100 1.35691 21992.4 0.000171765
51200 10 1.35691 44041.1 0.000340968
51200 20 1.35691 44028.5 0.000339626
51200 30 1.35691 44037 0.000340189
51200 40 1.35691 44051.5 0.000335209
51200 50 1.35691 44028 0.000336525
51200 60 1.35691 43995.5 0.000336908
51200 70 1.35691 43997 0.000335687
51200 80 1.35691 44074.6 0.000338197
51200 90 1.35691 44048.3 0.000340466
51200 100 1.35691 44041.1 0.000340688
102400 10 1.35691 88127.4 0.00067761
102400 20 1.35691 88031.1 0.000673854
102400 30 1.35691 88048.8 0.000677054
102400 40 1.35691 88031.2 0.000669201
102400 50 1.35691 88083 0.000666484
102400 60 1.35691 88056.2 0.000668383
102400 70 1.35691 88050.1 0.000669574
102400 80 1.35691 88089.9 0.000670988
102400 90 1.35691 88022.3 0.000674084
102400 100 1.35691 88062.1 0.000677572
204800 10 1.35691 176340 0.00135456
204800 20 1.35691 176455 0.00127656
204800 30 1.35691 176212 0.00111977
204800 40 1.35691 176176 0.00111543
204800 50 1.35691 176382 0.00111612
204800 60 1.35691 176219 0.00111256
204800 70 1.35691 176042 0.00111672
204800 80 1.35691 176229 0.00111357
204800 90 1.35691 176151 0.00111401
204800 100 1.35691 176193 0.00111252
409600 10 1.35691 352989 0.0022339
409600 20 1.35691 352513 0.00222893
409600 30 1.35691 352201 0.00222839
409600 40 1.35691 352443 0.0022308
409600 50 1.35691 352052 0.00222246
409600 60 1.35691 352356 0.0022244
409600 70 1.35691 352315 0.00222181
409600 80 1.35691 352053 0.00221988
409600 90 1.35691 352547 0.00222472
409600 100 1.35691 352151 0.0022285
819200 10 1.35691 704029 0.00445079
819200 20 1.35691 705371 0.00445479
819200 30 1.35691 704118 0.00445435
819200 40 1.35691 705153 0.0044628
819200 50 1.35691 703859 0.00445753
819200 60 1.35691 703653 0.00445879
819200 70 1.35691 705343 0.00445481
819200 80 1.35691 704801 0.00445626
819200 90 1.35691 704271 0.00446033
819200 100 1.35691 703346 0.00445341
1638400 10 1.35691 1.40811e+06 0.00888705
1638400 20 1.35691 1.40948e+06 0.00863643
1638400 30 1.35691 1.40942e+06 0.00846655
1638400 40 1.35691 1.40993e+06 0.00848204
1638400 50 1.35691 1.40851e+06 0.00847439
1638400 60 1.35691 1.4075e+06 0.00823561
1638400 70 1.35691 1.40723e+06 0.00792837
1638400 80 1.35691 1.41035e+06 0.0078951
1638400 90 1.35691 1.40965e+06 0.00790989
1638400 100 1.35691 1.40827e+06 0.00791639
