n=193080 m=100 k=88
200 10 3.0439 197.829 4000.29 16.4982
200 20 3.0439 197.814 4161.1 17.6306
200 30 3.0439 197.734 4320.64 18.505
200 40 3.0439 197.747 4481.08 19.1648
200 50 3.0439 197.767 4640.23 19.8284
200 60 3.0439 197.76 4801.15 20.8474
200 70 3.0439 197.789 4961.16 21.6835
200 80 3.0439 197.801 5119.48 21.9544
200 90 3.0439 197.754 5279.58 22.9056
200 100 3.0439 197.668 5438.64 23.6413
400 10 3.0439 395.705 7657.13 30.7387
400 20 3.0439 395.58 7819.04 31.3689
400 30 3.0439 395.583 7978.18 32.4225
400 40 3.0439 395.516 8137.73 33.1501
400 50 3.0439 395.712 8299.19 34.3342
400 60 3.0439 395.614 8459.51 35.5891
400 70 3.0439 395.629 8617.93 36.0415
400 80 3.0439 395.436 8777.11 36.4222
400 90 3.0439 395.533 8935.89 36.7988
400 100 3.0439 395.512 9100.53 38.7314
800 10 3.0439 791.374 14976.3 59.1851
800 20 3.0439 791.305 15133.6 59.4053
800 30 3.0439 791.276 15292.9 61.2179
800 40 3.0439 791.388 15453.8 62.6336
800 50 3.0439 791.167 15611 63.1129
800 60 3.0439 791.31 15774.6 63.3359
800 70 3.0439 791.146 15930.9 63.9605
800 80 3.0439 791.086 16094.7 65.9641
800 90 3.0439 791.348 16254.6 65.9763
800 100 3.0439 790.983 16412.6 66.9317
1600 10 3.0439 1582.82 29611.2 118.303
1600 20 3.0439 1583.36 29765.6 116.823
1600 30 3.0439 1582.94 29928.9 119.545
1600 40 3.0439 1582.76 30096.3 120.663
1600 50 3.0439 1582.48 30244.9 120.152
1600 60 3.0439 1582.37 30403.3 120.776
1600 70 3.0439 1582.76 30568.1 120.579
1600 80 3.0439 1582.1 30719.3 121.659
1600 90 3.0439 1581.98 30877.7 123.025
1600 100 3.0439 1582.14 31035 122.085
3200 10 3.0439 3165.17 58862.6 229.418
3200 20 3.0439 3165.11 59043.6 234.175
3200 30 3.0439 3165.75 59195.1 234.514
3200 40 3.0439 3164.96 59346.4 228.804
3200 50 3.0439 3165.25 59512.1 233.649
3200 60 3.0439 3164.04 59675.9 235.406
3200 70 3.0439 3164.81 59832 233.915
3200 80 3.0439 3163.94 59988 237.306
3200 90 3.0439 3164.05 60144 235.887
3200 100 3.0439 3164.49 60307 234.322
6400 10 3.0439 6331.57 117380 447.703
6400 20 3.0439 6331.4 117573 460.968
6400 30 3.0439 6331.7 117712 450.139
6400 40 3.0439 6330.32 117860 442.936
6400 50 3.0439 6329.11 118029 457.954
6400 60 3.0439 6328.81 118186 454.98
6400 70 3.0439 6327.86 118376 464.275
6400 80 3.0439 6328.64 118526 455.467
6400 90 3.0439 6327.56 118631 448.235
6400 100 3.0439 6328.68 118810 454.573
12800 10 3.0439 12663.8 234436 895.241
12800 20 3.0439 12663.2 234648 919.588
12800 30 3.0439 12664.1 234779 901.639
12800 40 3.0439 12658.4 234961 910.075
12800 50 3.0439 12658.8 235090 904.61
12800 60 3.0439 12658 235298 907.651
12800 70 3.0439 12658.6 235404 918.565
12800 80 3.0439 12659.9 235566 897.614
12800 90 3.0439 12655.4 235712 901.999
12800 100 3.0439 12654.7 235889 911.316
25600 10 3.0439 25317.4 468632 1804.65
25600 20 3.0439 25320.8 468834 1810.33
25600 30 3.0439 25324.4 468969 1798.11
25600 40 3.0439 25323.2 469102 1811.19
25600 50 3.0439 25320.6 469126 1782.64
25600 60 3.0439 25318.3 469354 1791.94
25600 70 3.0439 25316.3 469511 1821.52
25600 80 3.0439 25316.9 469539 1799.31
25600 90 3.0439 25317.4 469749 1774.38
25600 100 3.0439 25306.5 469897 1800.11
51200 10 3.0439 50641.7 936810 3582.16
51200 20 3.0439 50656.4 937014 3572.72
51200 30 3.0439 50632.4 937239 3679.05
51200 40 3.0439 50644.5 937187 3605.52
51200 50 3.0439 50637.3 937720 3686.68
51200 60 3.0439 50635.3 937526 3658.67
51200 70 3.0439 50619.2 937646 3606.71
51200 80 3.0439 50628.9 937958 3664.47
51200 90 3.0439 50639.3 938067 3665.44
51200 100 3.0439 50625.7 938170 3535.08
102400 10 3.0439 101281 1.87305e+06 6995.47
102400 20 3.0439 101277 1.87355e+06 7066.9
102400 30 3.0439 101296 1.87397e+06 7069.67
102400 40 3.0439 101263 1.87327e+06 6961.63
102400 50 3.0439 101251 1.87417e+06 7110.48
102400 60 3.0439 101260 1.87471e+06 7165.83
102400 70 3.0439 101235 1.87359e+06 6976.88
102400 80 3.0439 101286 1.87427e+06 7042.2
102400 90 3.0439 101243 1.8745e+06 7086.27
102400 100 3.0439 101259 1.87508e+06 7170.74
