n=4047392 m=100 k=62
200 10 2.97344 196.583 4021.72 22.226
200 20 2.97344 196.557 4182.16 23.8731
200 30 2.97344 196.586 4340.82 24.8188
200 40 2.97344 196.515 4499.58 25.9974
200 50 2.97344 196.504 4659.57 27.4584
200 60 2.97344 196.546 4818.72 28.3604
200 70 2.97344 196.516 4979.31 29.7725
200 80 2.97344 196.545 5137.91 30.7329
200 90 2.97344 196.537 5296.79 31.6734
200 100 2.97344 196.528 5454.95 32.4938
400 10 2.97344 393.07 7699.48 42.7554
400 20 2.97344 393.248 7856.61 43.1044
400 30 2.97344 393.259 8017.61 44.6276
400 40 2.97344 393.289 8178.4 46.0157
400 50 2.97344 393.069 8339.8 47.8241
400 60 2.97344 393.117 8498.41 48.9111
400 70 2.97344 393.354 8657.52 49.6144
400 80 2.97344 393.028 8819.64 51.6974
400 90 2.97344 393.132 8975.28 51.9844
400 100 2.97344 393.288 9135.67 53.1749
800 10 2.97344 786.139 15057 82.8466
800 20 2.97344 786.734 15211.6 82.0422
800 30 2.97344 786.574 15372.5 83.73
800 40 2.97344 786.496 15537.9 86.3493
800 50 2.97344 786.532 15696.9 87.1916
800 60 2.97344 786.127 15851.5 88.0459
800 70 2.97344 786.7 16017.6 89.2909
800 80 2.97344 786.453 16170.2 90.0476
800 90 2.97344 786.351 16334 92.0924
800 100 2.97344 786.619 16492.4 92.242
1600 10 2.97344 1572.44 29771.3 161.363
1600 20 2.97344 1572.8 29933 163.131
1600 30 2.97344 1572.65 30088.7 163.977
1600 40 2.97344 1572.75 30250.8 165.027
1600 50 2.97344 1572.81 30408.1 165.332
1600 60 2.97344 1573.15 30564.9 165.897
1600 70 2.97344 1572.7 30728 168.159
1600 80 2.97344 1572.26 30893.6 171.637
1600 90 2.97344 1572.3 31051.1 171.981
1600 100 2.97344 1573.25 31201.5 169.241
3200 10 2.97344 3145.25 59183.7 314.488
3200 20 2.97344 3146.07 59341.4 315
3200 30 2.97344 3145.81 59545.3 325.363
3200 40 2.97344 3146.06 59660.9 317.402
3200 50 2.97344 3145.95 59828.2 320.391
3200 60 2.97344 3146.39 59963.8 315.299
3200 70 2.97344 3146.3 60139.4 318.992
3200 80 2.97344 3146.04 60305.5 322.73
3200 90 2.97344 3144.6 60486.1 330.273
3200 100 2.97344 3144.69 60600.1 322.067
6400 10 2.97344 6290.01 118020 620.806
6400 20 2.97344 6290.54 118190 623.767
6400 30 2.97344 6290.13 118374 629.57
6400 40 2.97344 6292.13 118514 605.623
6400 50 2.97344 6293.9 118671 590.591
6400 60 2.97344 6290.82 118804 590.96
6400 70 2.97344 6288.81 118993 600.431
6400 80 2.97344 6291.27 119206 608.173
6400 90 2.97344 6293.11 119312 596.691
6400 100 2.97344 6290.47 119512 609.111
12800 10 2.97344 12583 235771 1170.39
12800 20 2.97344 12578.7 235837 1161.08
12800 30 2.97344 12582.7 236070 1170.58
12800 40 2.97344 12579.2 236246 1176.71
12800 50 2.97344 12579 236414 1180.64
12800 60 2.97344 12585.8 236533 1166.06
12800 70 2.97344 12587.5 236709 1167.49
12800 80 2.97344 12585.6 236907 1176.69
12800 90 2.97344 12583.4 237036 1175.21
12800 100 2.97344 12585.2 237234 1180.78
25600 10 2.97344 25154.1 471235 2333.41
25600 20 2.97344 25162.6 471274 2303.99
25600 30 2.97344 25157.7 471531 2326.43
25600 40 2.97344 25171.9 471784 2326.76
25600 50 2.97344 25165.5 471797 2308.97
25600 60 2.97344 25166.3 472015 2318.97
25600 70 2.97344 25165.7 472076 2305.38
25600 80 2.97344 25168.9 472239 2301.73
25600 90 2.97344 25167.3 472466 2315.32
25600 100 2.97344 25163.3 472664 2328.88
51200 10 2.97344 50321.2 942245 4637.45
51200 20 2.97344 50328.1 941892 4527.36
51200 30 2.97344 50320.8 942461 4620.29
51200 40 2.97344 50321.3 942293 4554.65
51200 50 2.97344 50342.6 942417 4523.02
51200 60 2.97344 50350.2 942823 4561.74
51200 70 2.97344 50315.7 942866 4584.63
51200 80 2.97344 50341.4 943173 4575.85
51200 90 2.97344 50339.5 943129 4557.55
51200 100 2.97344 50337.7 943552 4601.99
102400 10 2.97344 100661 1.88418e+06 9212.13
102400 20 2.97344 100669 1.8841e+06 9179.42
102400 30 2.97344 100709 1.88412e+06 9099.92
102400 40 2.97344 100650 1.88415e+06 9164.16
102400 50 2.97344 100697 1.88428e+06 9112.95
102400 60 2.97344 100681 1.88464e+06 9162.17
102400 70 2.97344 100694 1.88397e+06 9009.3
102400 80 2.97344 100703 1.88424e+06 9026.03
102400 90 2.97344 100690 1.88472e+06 9099.41
102400 100 2.97344 100595 1.8852e+06 9268.5
204800 10 2.97344 201338 3.76695e+06 18260.9
204800 20 2.97344 201319 3.76777e+06 18432.2
204800 30 2.97344 201315 3.76767e+06 18404.8
204800 40 2.97344 201293 3.76783e+06 18415.1
204800 50 2.97344 201295 3.76779e+06 19065.5
204800 60 2.97344 201376 3.76735e+06 19064.4
204800 70 2.97344 201299 3.76787e+06 19249.7
204800 80 2.97344 201320 3.76923e+06 19424.4
204800 90 2.97344 201336 3.76844e+06 19259.9
204800 100 2.97344 201349 3.76808e+06 19147.4
409600 10 2.97344 402582 7.53572e+06 38837.8
409600 20 2.97344 402535 7.53417e+06 38564
409600 30 2.97344 402703 7.53555e+06 38626
409600 40 2.97344 402596 7.53175e+06 37973.5
409600 50 2.97344 402651 7.53281e+06 38099.5
409600 60 2.97344 402592 7.53265e+06 38100.2
409600 70 2.97344 402597 7.53186e+06 37930.6
409600 80 2.97344 402673 7.53702e+06 38821.2
409600 90 2.97344 402629 7.53444e+06 38520.7
409600 100 2.97344 402773 7.53509e+06 38420.8
819200 10 2.97344 805252 1.50625e+07 76308.1
819200 20 2.97344 805426 1.50658e+07 77106.5
819200 30 2.97344 805428 1.50669e+07 78210.7
819200 40 2.97344 805277 1.50707e+07 80617.8
819200 50 2.97344 805237 1.50662e+07 80071
819200 60 2.97344 805237 1.50704e+07 81559.4
819200 70 2.97344 805139 1.50645e+07 81165.9
819200 80 2.97344 805234 1.50701e+07 82494.2
819200 90 2.97344 804884 1.507e+07 83053.9
819200 100 2.97344 805424 1.50689e+07 80565.2
1638400 10 2.97344 1.61044e+06 3.01415e+07 161117
1638400 20 2.97344 1.61058e+06 3.01285e+07 160431
1638400 30 2.97344 1.61021e+06 3.0139e+07 162537
1638400 40 2.97344 1.61034e+06 3.01269e+07 161028
1638400 50 2.97344 1.60992e+06 3.01321e+07 162050
1638400 60 2.97344 1.61097e+06 3.01355e+07 153597
1638400 70 2.97344 1.61005e+06 3.01323e+07 154038
1638400 80 2.97344 1.61073e+06 3.01334e+07 153193
1638400 90 2.97344 1.61042e+06 3.01387e+07 154683
1638400 100 2.97344 1.6106e+06 3.01412e+07 154881
3276800 10 2.97344 3.22168e+06 6.02428e+07 301173
3276800 20 2.97344 3.22093e+06 6.02522e+07 304178
3276800 30 2.97344 3.22034e+06 6.02538e+07 304904
3276800 40 2.97344 3.22085e+06 6.02761e+07 309085
3276800 50 2.97344 3.22115e+06 6.02642e+07 306153
3276800 60 2.97344 3.22115e+06 6.02617e+07 307108
3276800 70 2.97344 3.22083e+06 6.02532e+07 308543
3276800 80 2.97344 3.21947e+06 6.02478e+07 309788
3276800 90 2.97344 3.22148e+06 6.02535e+07 308469
3276800 100 2.97344 3.22158e+06 6.02628e+07 310221
