n=3170441 m=100 k=5
200 10 1.35691 239.05 4737.59 74.866
200 20 1.35691 226.52 4718.39 75.1282
200 30 1.35691 213.795 4696.99 76.5322
200 40 1.35691 201.503 4682.89 77.16
200 50 1.35691 188.84 4661.67 77.072
200 60 1.35691 176.31 4643.36 77.3837
200 70 1.35691 164.004 4629.6 77.443
200 80 1.35691 151.438 4608.35 77.8599
200 90 1.35691 138.977 4592.33 77.8556
200 100 1.35691 126.367 4572.28 78.2922
400 10 1.35691 489.394 9123.51 149.185
400 20 1.35691 477.318 9115.62 149.419
400 30 1.35691 464.377 9089.43 149.239
400 40 1.35691 451.288 9061.97 148.337
400 50 1.35691 439.12 9048.08 149.908
400 60 1.35691 426.526 9026.95 149.825
400 70 1.35691 413.943 9008.15 150.147
400 80 1.35691 401.187 8986.61 146.354
400 90 1.35691 389.151 8977.56 144.529
400 100 1.35691 376.892 8961.95 145.68
800 10 1.35691 989.957 17893.6 279.905
800 20 1.35691 976.316 17860.4 278.306
800 30 1.35691 963.85 17842.9 282.384
800 40 1.35691 951.766 17832.1 281.686
800 50 1.35691 938.881 17809 281.97
800 60 1.35691 926.631 17793.8 283.107
800 70 1.35691 913.507 17763.2 282.085
800 80 1.35691 900.779 17743.9 280.34
800 90 1.35691 889.121 17739.2 283.41
800 100 1.35691 877.129 17728.2 283.639
1600 10 1.35691 1990.31 35427.5 566.799
1600 20 1.35691 1975.7 35376 566.106
1600 30 1.35691 1964.63 35383.7 564.663
1600 40 1.35691 1951.91 35356.4 563.342
1600 50 1.35691 1937.16 35308.1 561.037
1600 60 1.35691 1926.52 35316.2 564.38
1600 70 1.35691 1912.07 35264.2 564.23
1600 80 1.35691 1900.57 35261.7 563.794
1600 90 1.35691 1888.24 35254.2 561.403
1600 100 1.35691 1877.5 35264.4 561.564
3200 10 1.35691 3987.15 70428.4 1112.48
3200 20 1.35691 3973.85 70400.3 1112.79
3200 30 1.35691 3963.01 70412.6 1112.31
3200 40 1.35691 3950.57 70385.6 1113.4
3200 50 1.35691 3943.25 70448.3 1121.4
3200 60 1.35691 3930.97 70434.3 1123.32
3200 70 1.35691 3911.56 70311.1 1112.64
3200 80 1.35691 3904.4 70372.6 1119.42
3200 90 1.35691 3891.33 70354.9 1120.99
3200 100 1.35691 3875.14 70268.3 1116.57
6400 10 1.35691 7994.94 140648 2215.92
6400 20 1.35691 7990.46 140777 2230.28
6400 30 1.35691 7962.99 140507 2207.99
6400 40 1.35691 7959.23 140646 2218.26
6400 50 1.35691 7936.78 140459 2203.78
6400 60 1.35691 7932.15 140567 2220.88
6400 70 1.35691 7911.89 140427 2213.7
6400 80 1.35691 7899.01 140380 2209.11
6400 90 1.35691 7891.84 140460 2216.87
6400 100 1.35691 7880 140467 2211.4
12800 10 1.35691 15996.3 280898 4403.59
12800 20 1.35691 15985 280892 4403.98
12800 30 1.35691 15973.3 280883 4405.24
12800 40 1.35691 15957.5 280801 4401.66
12800 50 1.35691 15937.4 280651 4390.81
12800 60 1.35691 15934.7 280830 4400.58
12800 70 1.35691 15912.5 280602 4397.42
12800 80 1.35691 15896.2 280570 4387.45
12800 90 1.35691 15883.1 280507 4391.78
12800 100 1.35691 15881 280662 4405.37
25600 10 1.35691 31973.2 560918 8735.19
25600 20 1.35691 31983.9 561307 8757.33
25600 30 1.35691 31983.9 561507 8775.2
25600 40 1.35691 31937.7 560927 8737.84
25600 50 1.35691 31946.9 561305 8760.54
25600 60 1.35691 31930 561129 8774.47
25600 70 1.35691 31922 561177 8768.55
25600 80 1.35691 31909.2 561151 8774.21
25600 90 1.35691 31887.3 561064 8733.56
25600 100 1.35691 31916.7 561640 8826.2
51200 10 1.35691 63950.5 1.1214e+06 17420.6
51200 20 1.35691 63922.4 1.12118e+06 17410.7
51200 30 1.35691 63947.7 1.12184e+06 17436.4
51200 40 1.35691 63976.6 1.12244e+06 17505.3
51200 50 1.35691 63946.1 1.12201e+06 17499.9
51200 60 1.35691 63939.2 1.12216e+06 17482.1
51200 70 1.35691 63934.8 1.12228e+06 17509.6
51200 80 1.35691 63920.6 1.12222e+06 17691.8
51200 90 1.35691 63904.7 1.12198e+06 17769.6
51200 100 1.35691 63881.1 1.12191e+06 17737.2
102400 10 1.35691 127861 2.24149e+06 35065.8
102400 20 1.35691 128054 2.24493e+06 35050.4
102400 30 1.35691 127951 2.24336e+06 34978.6
102400 40 1.35691 127980 2.24421e+06 35004.3
102400 50 1.35691 127939 2.24368e+06 34968.8
102400 60 1.35691 127953 2.24408e+06 35075.3
102400 70 1.35691 128087 2.24629e+06 35509.7
102400 80 1.35691 127941 2.2442e+06 35320.9
102400 90 1.35691 128030 2.24598e+06 35486.8
102400 100 1.35691 127850 2.24313e+06 35260.9
204800 10 1.35691 256025 4.4876e+06 70567.3
204800 20 1.35691 256159 4.49026e+06 70696.3
204800 30 1.35691 256156 4.4904e+06 70647.5
204800 40 1.35691 255875 4.4859e+06 70264.4
204800 50 1.35691 255877 4.48602e+06 70238.9
204800 60 1.35691 255784 4.48463e+06 70148.7
204800 70 1.35691 256041 4.48856e+06 70584.4
204800 80 1.35691 255938 4.48761e+06 70377
204800 90 1.35691 256109 4.49034e+06 70576.1
204800 100 1.35691 255902 4.48727e+06 70390.2
409600 10 1.35691 512043 8.9749e+06 140442
409600 20 1.35691 511691 8.96859e+06 139868
409600 30 1.35691 512210 8.97801e+06 140724
409600 40 1.35691 511964 8.97381e+06 140256
409600 50 1.35691 511802 8.97164e+06 140250
409600 60 1.35691 511628 8.96822e+06 139933
409600 70 1.35691 511643 8.9693e+06 140910
409600 80 1.35691 512054 8.97567e+06 141861
409600 90 1.35691 512222 8.97987e+06 141825
409600 100 1.35691 511458 8.96607e+06 140873
819200 10 1.35691 1.02395e+06 1.79473e+07 282547
819200 20 1.35691 1.0238e+06 1.7945e+07 282587
819200 30 1.35691 1.02316e+06 1.79343e+07 281455
819200 40 1.35691 1.0229e+06 1.79296e+07 281272
819200 50 1.35691 1.02419e+06 1.79514e+07 283089
819200 60 1.35691 1.02304e+06 1.79325e+07 281585
819200 70 1.35691 1.02359e+06 1.79425e+07 282250
819200 80 1.35691 1.02466e+06 1.79597e+07 283591
819200 90 1.35691 1.02341e+06 1.79388e+07 282152
819200 100 1.35691 1.02432e+06 1.79553e+07 283156
1638400 10 1.35691 2.04834e+06 3.58991e+07 566391
1638400 20 1.35691 2.04886e+06 3.59079e+07 566744
1638400 30 1.35691 2.04805e+06 3.58937e+07 565603
1638400 40 1.35691 2.04973e+06 3.59277e+07 566887
1638400 50 1.35691 2.04867e+06 3.59077e+07 565855
1638400 60 1.35691 2.04928e+06 3.59138e+07 567681
1638400 70 1.35691 2.04881e+06 3.59067e+07 567073
1638400 80 1.35691 2.04765e+06 3.5889e+07 565131
1638400 90 1.35691 2.04938e+06 3.59186e+07 566895
1638400 100 1.35691 2.04923e+06 3.59161e+07 567171
