n=4047392 m=100 k=62
200 10 2.97344 205.393 4210.7 19.8962
200 20 2.97344 194.777 4207.91 20.7104
200 30 2.97344 183.839 4199.43 21.0907
200 40 2.97344 173.048 4193.31 21.2084
200 50 2.97344 162.364 4190.1 21.4577
200 60 2.97344 151.584 4184.65 21.4806
200 70 2.97344 140.952 4181.88 21.8653
200 80 2.97344 130.076 4175.35 21.7906
200 90 2.97344 119.311 4169.16 21.8805
200 100 2.97344 108.482 4162.41 21.8129
400 10 2.97344 420.368 8056.45 39.7162
400 20 2.97344 409.05 8041.95 39.3496
400 30 2.97344 398.59 8042.73 39.5367
400 40 2.97344 388.024 8040.94 39.8971
400 50 2.97344 377.675 8042.84 40.8825
400 60 2.97344 366.761 8035.26 40.6153
400 70 2.97344 355.784 8027 40.3346
400 80 2.97344 345.618 8031.92 41.3519
400 90 2.97344 334.303 8016.85 40.7336
400 100 2.97344 323.622 8014.34 40.8652
800 10 2.97344 850.588 15754.2 76.7598
800 20 2.97344 838.68 15732.1 75.3609
800 30 2.97344 828.148 15729.2 76.1915
800 40 2.97344 818.308 15739.6 77.592
800 50 2.97344 807.557 15735.8 77.6174
800 60 2.97344 796.392 15721.3 77.4043
800 70 2.97344 786.186 15729.1 77.6973
800 80 2.97344 774.687 15709.8 77.359
800 90 2.97344 764.61 15716.6 78.3179
800 100 2.97344 753.58 15708.2 77.7286
1600 10 2.97344 1710.67 31142.9 152.2
1600 20 2.97344 1699.97 31140.2 152.215
1600 30 2.97344 1688.81 31127.2 151.957
1600 40 2.97344 1678.48 31131.8 153.055
1600 50 2.97344 1667.31 31119.1 152.704
1600 60 2.97344 1655.85 31103.3 152.25
1600 70 2.97344 1646.12 31115.2 153.607
1600 80 2.97344 1636.69 31132.1 155.1
1600 90 2.97344 1625.4 31116.4 155.057
1600 100 2.97344 1612.81 31084.4 152.355
3200 10 2.97344 3428.3 61877.6 296.511
3200 20 2.97344 3416.52 61856.8 295.528
3200 30 2.97344 3413.64 61994.7 303.593
3200 40 2.97344 3395.33 61854.5 295.868
3200 50 2.97344 3386.11 61877.3 298.282
3200 60 2.97344 3371.21 61799.8 293.343
3200 70 2.97344 3363.03 61839.4 295.955
3200 80 2.97344 3353.4 61852.6 297.303
3200 90 2.97344 3347.27 61924.9 303.242
3200 100 2.97344 3328.92 61780.9 295.865
6400 10 2.97344 6865.89 123383 585.573
6400 20 2.97344 6857.24 123422 590.074
6400 30 2.97344 6850.49 123485 595.305
6400 40 2.97344 6835.19 123409 590.466
6400 50 2.97344 6823.17 123396 587.373
6400 60 2.97344 6809.82 123325 586.645
6400 70 2.97344 6804.37 123395 595.067
6400 80 2.97344 6801.74 123558 601.203
6400 90 2.97344 6781.2 123388 589.025
6400 100 2.97344 6778.4 123510 600.433
12800 10 2.97344 13752.6 246625 1171.34
12800 20 2.97344 13730.1 246388 1161.35
12800 30 2.97344 13727.7 246551 1171.03
12800 40 2.97344 13722.5 246627 1175.96
12800 50 2.97344 13712.2 246622 1178.7
12800 60 2.97344 13691.6 246492 1163.32
12800 70 2.97344 13681.9 246510 1164.05
12800 80 2.97344 13678.9 246634 1171.51
12800 90 2.97344 13664.1 246540 1170.02
12800 100 2.97344 13658.6 246641 1176.14
25600 10 2.97344 27525.9 492996 2337.08
25600 20 2.97344 27491.7 492632 2309.14
25600 30 2.97344 27498.7 492908 2329.83
25600 40 2.97344 27497 493171 2332.44
25600 50 2.97344 27464.6 492726 2312.88
25600 60 2.97344 27461.7 492860 2321.32
25600 70 2.97344 27437.4 492625 2307.34
25600 80 2.97344 27421.6 492529 2303.57
25600 90 2.97344 27426.4 492810 2319.09
25600 100 2.97344 27425.6 492967 2328.59
51200 10 2.97344 55073.9 985945 4649.56
51200 20 2.97344 54975.8 984423 4545.46
51200 30 2.97344 55044.5 985841 4634.17
51200 40 2.97344 54973.8 984722 4567.83
51200 50 2.97344 54942.7 984488 4537.95
51200 60 2.97344 54967.2 985156 4573.52
51200 70 2.97344 54961.9 985053 4595.92
51200 80 2.97344 54950.5 985131 4587.02
51200 90 2.97344 54911.8 984648 4562.85
51200 100 2.97344 54947.1 985470 4604.29
102400 10 2.97344 110151 1.97151e+06 9228.09
102400 20 2.97344 110105 1.97098e+06 9179.52
102400 30 2.97344 110043 1.97028e+06 9105.82
102400 40 2.97344 110045 1.97012e+06 9151.94
102400 50 2.97344 110002 1.96986e+06 9098.03
102400 60 2.97344 110035 1.97052e+06 9147.99
102400 70 2.97344 109890 1.96827e+06 8988.73
102400 80 2.97344 109873 1.9681e+06 8990.24
102400 90 2.97344 109930 1.96926e+06 9063.25
102400 100 2.97344 110039 1.97086e+06 9228.85
204800 10 2.97344 220142 3.93991e+06 18203.2
204800 20 2.97344 220252 3.94185e+06 18325.2
204800 30 2.97344 220195 3.94095e+06 18288.9
204800 40 2.97344 220199 3.94115e+06 18299.5
204800 50 2.97344 220148 3.94032e+06 18234.2
204800 60 2.97344 219996 3.93833e+06 18064.6
204800 70 2.97344 220108 3.94018e+06 18237.8
204800 80 2.97344 220259 3.94302e+06 18391.4
204800 90 2.97344 220081 3.94014e+06 18156.2
204800 100 2.97344 219978 3.93857e+06 17967.9
409600 10 2.97344 440668 7.88522e+06 36452.1
409600 20 2.97344 440445 7.88131e+06 36243.6
409600 30 2.97344 440551 7.88456e+06 36568.6
409600 40 2.97344 439919 7.8726e+06 35994.5
409600 50 2.97344 440010 7.87466e+06 36049.8
409600 60 2.97344 440005 7.87444e+06 36063.7
409600 70 2.97344 439793 7.87065e+06 35889.1
409600 80 2.97344 440602 7.88602e+06 36700.6
409600 90 2.97344 440211 7.87927e+06 36282.2
409600 100 2.97344 440162 7.8793e+06 36197.4
819200 10 2.97344 879959 1.57465e+07 71961.4
819200 20 2.97344 880333 1.5754e+07 72454.4
819200 30 2.97344 880420 1.57552e+07 72638.3
819200 40 2.97344 881099 1.57667e+07 73606.7
819200 50 2.97344 880369 1.57538e+07 73122.1
819200 60 2.97344 880937 1.57635e+07 74043.7
819200 70 2.97344 880056 1.57479e+07 73092.1
819200 80 2.97344 880906 1.5764e+07 74264.8
819200 90 2.97344 881124 1.57662e+07 74698.4
819200 100 2.97344 880479 1.57576e+07 73646.8
1638400 10 2.97344 1.76269e+06 3.15411e+07 149364
1638400 20 2.97344 1.76039e+06 3.15003e+07 146624
1638400 30 2.97344 1.76242e+06 3.15351e+07 148607
1638400 40 2.97344 1.76018e+06 3.14954e+07 146605
1638400 50 2.97344 1.76125e+06 3.15115e+07 147757
1638400 60 2.97344 1.76108e+06 3.15154e+07 147180
1638400 70 2.97344 1.76117e+06 3.15119e+07 147681
1638400 80 2.97344 1.76097e+06 3.15135e+07 147231
1638400 90 2.97344 1.76188e+06 3.1527e+07 148598
1638400 100 2.97344 1.76234e+06 3.1538e+07 146825
3276800 10 2.97344 3.51819e+06 6.29568e+07 285277
3276800 20 2.97344 3.52057e+06 6.29975e+07 287815
3276800 30 2.97344 3.52091e+06 6.29977e+07 288493
3276800 40 2.97344 3.52462e+06 6.30709e+07 292268
3276800 50 2.97344 3.52183e+06 6.30189e+07 289893
3276800 60 2.97344 3.52117e+06 6.30048e+07 288826
3276800 70 2.97344 3.52011e+06 6.2986e+07 287729
3276800 80 2.97344 3.52042e+06 6.29859e+07 288866
3276800 90 2.97344 3.52009e+06 6.29933e+07 287564
3276800 100 2.97344 3.52153e+06 6.30194e+07 289091
