n=207205 m=100 k=77
200 10 2.90019 202.059 4158.38 15.1632
200 20 2.90019 191.617 4156.33 15.7886
200 30 2.90019 180.979 4151.22 16.2226
200 40 2.90019 170.405 4147.15 16.3697
200 50 2.90019 159.716 4141.05 16.2263
200 60 2.90019 149.237 4139.12 16.5122
200 70 2.90019 138.663 4135.01 16.5599
200 80 2.90019 127.991 4129.12 16.5519
200 90 2.90019 117.578 4128.94 16.9226
200 100 2.90019 106.979 4124.35 16.9667
400 10 2.90019 413.871 7957.47 29.5927
400 20 2.90019 403.045 7949.29 29.6973
400 30 2.90019 392.407 7943.07 30.1532
400 40 2.90019 382.047 7942.77 30.6289
400 50 2.90019 371.145 7932.31 30.259
400 60 2.90019 360.828 7934.05 30.6019
400 70 2.90019 350.127 7927.31 30.6343
400 80 2.90019 339.605 7924.94 30.6558
400 90 2.90019 329.193 7923.64 30.9744
400 100 2.90019 318.391 7914.48 30.6894
800 10 2.90019 836.976 15546.4 57.899
800 20 2.90019 826.772 15549.1 58.6599
800 30 2.90019 815.495 15531.5 58.4095
800 40 2.90019 805.566 15538.5 59.6403
800 50 2.90019 794.249 15521.1 58.8296
800 60 2.90019 784.908 15540.2 60.1927
800 70 2.90019 773.643 15522.5 59.3352
800 80 2.90019 763.256 15523 59.6739
800 90 2.90019 752.529 15515 59.7265
800 100 2.90019 741.786 15508.9 59.3662
1600 10 2.90019 1682.63 30713.6 113.602
1600 20 2.90019 1673.05 30726.2 115.31
1600 30 2.90019 1662.36 30719.5 115.758
1600 40 2.90019 1651.52 30711 115.137
1600 50 2.90019 1640.34 30697.5 114.47
1600 60 2.90019 1630.33 30700.9 115.367
1600 70 2.90019 1619.62 30692.3 115.625
1600 80 2.90019 1609.85 30706.4 116.154
1600 90 2.90019 1598.09 30678.2 115.158
1600 100 2.90019 1589.28 30706.5 117.158
3200 10 2.90019 3375.41 61078.5 226.791
3200 20 2.90019 3364.09 61057.5 226.427
3200 30 2.90019 3350.95 61006 223.676
3200 40 2.90019 3346.93 61119.2 231.043
3200 50 2.90019 3336.22 61110.7 231.38
3200 60 2.90019 3323.43 61069.9 228.444
3200 70 2.90019 3312.15 61050.6 228.148
3200 80 2.90019 3300.39 61021.3 226.892
3200 90 2.90019 3291.15 61040.6 228.775
3200 100 2.90019 3281.43 61051.7 229.499
6400 10 2.90019 6769.68 121961 461.278
6400 20 2.90019 6748.3 121753 450.694
6400 30 2.90019 6740.99 121801 454.013
6400 40 2.90019 6733.81 121857 457.422
6400 50 2.90019 6719.61 121791 450.637
6400 60 2.90019 6704.76 121713 445.532
6400 70 2.90019 6698.25 121773 451.145
6400 80 2.90019 6684.78 121719 448.194
6400 90 2.90019 6680.3 121824 454.417
6400 100 2.90019 6665.6 121746 449.293
12800 10 2.90019 13528.5 243187 885.916
12800 20 2.90019 13516.4 243141 885.639
12800 30 2.90019 13518 243342 899.538
12800 40 2.90019 13512.8 243444 903.348
12800 50 2.90019 13493.2 243272 893.831
12800 60 2.90019 13481 243237 892.261
12800 70 2.90019 13479.5 243389 903.657
12800 80 2.90019 13466.6 243348 900.363
12800 90 2.90019 13460.8 243422 907.339
12800 100 2.90019 13441.6 243238 900.159
25600 10 2.90019 27108.4 486765 1807.08
25600 20 2.90019 27063.7 486118 1769.43
25600 30 2.90019 27069.8 486395 1788.7
25600 40 2.90019 27041.6 486066 1773
25600 50 2.90019 27032 486108 1767.96
25600 60 2.90019 27029 486216 1784.74
25600 70 2.90019 27016.3 486166 1783.64
25600 80 2.90019 27002.1 486082 1781.77
25600 90 2.90019 26995 486156 1782.26
25600 100 2.90019 26994.8 486307 1796.78
51200 10 2.90019 54186.1 972421 3569.86
51200 20 2.90019 54170.3 972295 3559.65
51200 30 2.90019 54160.3 972244 3566.5
51200 40 2.90019 54190.6 972991 3609.37
51200 50 2.90019 54107.7 971677 3529.3
51200 60 2.90019 54130.8 972217 3573.74
51200 70 2.90019 54154.4 972778 3612.24
51200 80 2.90019 54115.3 972310 3574.37
51200 90 2.90019 54087.6 972014 3554.35
51200 100 2.90019 54067.5 971807 3541.82
102400 10 2.90019 108335 1.94362e+06 7066.02
102400 20 2.90019 108415 1.94507e+06 7168.63
102400 30 2.90019 108371 1.94447e+06 7133.64
102400 40 2.90019 108322 1.94378e+06 7078.3
102400 50 2.90019 108365 1.94457e+06 7156.23
102400 60 2.90019 108344 1.94443e+06 7132.98
102400 70 2.90019 108374 1.94518e+06 7173.7
102400 80 2.90019 108384 1.9455e+06 7193.99
102400 90 2.90019 108264 1.94345e+06 7082.79
102400 100 2.90019 108277 1.94387e+06 7103.93
204800 10 2.90019 216677 3.88693e+06 14080.2
204800 20 2.90019 216660 3.88668e+06 14069.5
204800 30 2.90019 216636 3.88643e+06 14051.8
204800 40 2.90019 216804 3.88958e+06 14251.8
204800 50 2.90019 216706 3.88794e+06 14155.9
204800 60 2.90019 216565 3.88558e+06 13983.9
204800 70 2.90019 216554 3.88554e+06 13990.9
204800 80 2.90019 216622 3.88677e+06 14085.2
204800 90 2.90019 216644 3.88711e+06 14149.1
204800 100 2.90019 216746 3.88914e+06 14258.4
