n=207205 m=100 k=77
200 10 2.90019 202.207 1.3511e-06
200 20 2.90019 191.339 9.411e-07
200 30 2.90019 180.875 9.497e-07
200 40 2.90019 170.266 9.64e-07
200 50 2.90019 159.939 9.697e-07
200 60 2.90019 149.107 9.789e-07
200 70 2.90019 138.586 9.914e-07
200 80 2.90019 128.072 1.0055e-06
200 90 2.90019 117.416 1.0111e-06
200 100 2.90019 106.853 1.0286e-06
400 10 2.90019 413.827 1.381e-06
400 20 2.90019 403.03 1.3968e-06
400 30 2.90019 392.591 1.4085e-06
400 40 2.90019 382.247 1.4174e-06
400 50 2.90019 371.412 1.4354e-06
400 60 2.90019 361.171 1.4507e-06
400 70 2.90019 350.443 1.4668e-06
400 80 2.90019 339.76 1.4698e-06
400 90 2.90019 328.937 1.4816e-06
400 100 2.90019 318.767 1.5027e-06
800 10 2.90019 836.402 2.3171e-06
800 20 2.90019 826.184 2.3341e-06
800 30 2.90019 815.541 2.3497e-06
800 40 2.90019 805.052 2.3568e-06
800 50 2.90019 794.508 2.3755e-06
800 60 2.90019 783.537 2.395e-06
800 70 2.90019 773.416 2.4036e-06
800 80 2.90019 763.122 2.4158e-06
800 90 2.90019 752.341 2.4277e-06
800 100 2.90019 741.864 2.4475e-06
1600 10 2.90019 1681.65 4.2045e-06
1600 20 2.90019 1672.79 4.2195e-06
1600 30 2.90019 1663.04 4.2365e-06
1600 40 2.90019 1652.29 4.2461e-06
1600 50 2.90019 1640.98 4.2519e-06
1600 60 2.90019 1632.1 4.2765e-06
1600 70 2.90019 1618.9 4.2714e-06
1600 80 2.90019 1609.33 4.2884e-06
1600 90 2.90019 1599.92 4.3105e-06
1600 100 2.90019 1588.31 4.3206e-06
3200 10 2.90019 3377.26 7.9676e-06
3200 20 2.90019 3366.68 7.9973e-06
3200 30 2.90019 3354.19 7.992e-06
3200 40 2.90019 3344.44 8.002e-06
3200 50 2.90019 3334.92 8.0233e-06
3200 60 2.90019 3324.16 8.0397e-06
3200 70 2.90019 3311.25 8.0348e-06
3200 80 2.90019 3301.31 8.0526e-06
3200 90 2.90019 3292.08 8.0702e-06
3200 100 2.90019 3280.54 8.0737e-06
6400 10 2.90019 6762.75 1.54746e-05
6400 20 2.90019 6752.82 1.5531e-05
6400 30 2.90019 6742.26 1.55166e-05
6400 40 2.90019 6731.43 1.54972e-05
6400 50 2.90019 6722.2 1.57915e-05
6400 60 2.90019 6712.02 1.60458e-05
6400 70 2.90019 6690.21 1.54618e-05
6400 80 2.90019 6690.34 2.29143e-05
6400 90 2.90019 6675.73 2.29945e-05
6400 100 2.90019 6663.01 2.29208e-05
12800 10 2.90019 13545.5 4.50603e-05
12800 20 2.90019 13519.4 4.48954e-05
12800 30 2.90019 13514.3 4.49676e-05
12800 40 2.90019 13509.6 4.54058e-05
12800 50 2.90019 13499.5 4.54552e-05
12800 60 2.90019 13472.4 4.50619e-05
12800 70 2.90019 13483.9 4.53292e-05
12800 80 2.90019 13462.6 4.53461e-05
12800 90 2.90019 13452.1 4.52389e-05
12800 100 2.90019 13430.3 4.51252e-05
25600 10 2.90019 27071.4 8.98728e-05
25600 20 2.90019 27065.5 9.00068e-05
25600 30 2.90019 27047.2 9.01433e-05
25600 40 2.90019 27046.6 8.73161e-05
25600 50 2.90019 27036.1 6.02365e-05
25600 60 2.90019 27051.2 6.04364e-05
25600 70 2.90019 27052.9 6.12279e-05
25600 80 2.90019 26986.7 6.01571e-05
25600 90 2.90019 26985.5 6.02678e-05
25600 100 2.90019 26974.8 6.02743e-05
51200 10 2.90019 54181.1 0.000119925
51200 20 2.90019 54185 0.000120191
51200 30 2.90019 54122 0.000119742
51200 40 2.90019 54111.9 0.00011969
51200 50 2.90019 54161.4 0.00012012
51200 60 2.90019 54116.9 0.000120306
51200 70 2.90019 54106.9 0.000120018
51200 80 2.90019 54102.6 0.000119888
51200 90 2.90019 54117.8 0.000120244
51200 100 2.90019 54086.9 0.000120159
102400 10 2.90019 108366 0.000239251
102400 20 2.90019 108434 0.000240541
102400 30 2.90019 108380 0.00023942
102400 40 2.90019 108404 0.000234755
102400 50 2.90019 108329 0.000234234
102400 60 2.90019 108288 0.000231641
102400 70 2.90019 108264 0.00023812
102400 80 2.90019 108407 0.00023682
102400 90 2.90019 108338 0.00023453
102400 100 2.90019 108260 0.00023186
204800 10 2.90019 216711 0.000464378
204800 20 2.90019 216766 0.000455813
204800 30 2.90019 216643 0.000452663
204800 40 2.90019 216701 0.000452401
204800 50 2.90019 216723 0.00045256
204800 60 2.90019 216427 0.000449822
204800 70 2.90019 216779 0.000452666
204800 80 2.90019 216625 0.000451181
204800 90 2.90019 216566 0.00045048
204800 100 2.90019 216744 0.000436214
