n=3170441 m=100 k=5
200 10 1.35691 238.683 1.9083e-06
200 20 1.35691 226.353 1.902e-06
200 30 1.35691 213.907 1.9233e-06
200 40 1.35691 201.665 1.9428e-06
200 50 1.35691 188.898 1.9653e-06
200 60 1.35691 176.41 1.8356e-06
200 70 1.35691 163.795 1.593e-06
200 80 1.35691 151.401 1.6213e-06
200 90 1.35691 138.908 1.6503e-06
200 100 1.35691 126.458 1.673e-06
400 10 1.35691 489.378 2.5097e-06
400 20 1.35691 476.73 2.5356e-06
400 30 1.35691 463.747 2.553e-06
400 40 1.35691 451.268 2.5658e-06
400 50 1.35691 439.468 2.6207e-06
400 60 1.35691 426.052 2.6343e-06
400 70 1.35691 413.989 2.6547e-06
400 80 1.35691 401.572 2.676e-06
400 90 1.35691 389.137 2.6939e-06
400 100 1.35691 376.307 2.7228e-06
800 10 1.35691 989.27 4.5132e-06
800 20 1.35691 976.599 4.5423e-06
800 30 1.35691 964.453 4.5791e-06
800 40 1.35691 952.232 4.6214e-06
800 50 1.35691 938.812 4.6072e-06
800 60 1.35691 927.342 4.6383e-06
800 70 1.35691 914.587 4.6737e-06
800 80 1.35691 901.563 4.7186e-06
800 90 1.35691 888.458 4.6953e-06
800 100 1.35691 877.015 4.7351e-06
1600 10 1.35691 1990.96 8.151e-06
1600 20 1.35691 1976.39 8.1609e-06
1600 30 1.35691 1964.53 8.1744e-06
1600 40 1.35691 1951.7 8.469e-06
1600 50 1.35691 1939.75 8.3171e-06
1600 60 1.35691 1926.58 8.2499e-06
1600 70 1.35691 1915.6 8.2615e-06
1600 80 1.35691 1901.08 8.2848e-06
1600 90 1.35691 1890.1 8.3472e-06
1600 100 1.35691 1876.4 8.3658e-06
3200 10 1.35691 3991.16 1.51424e-05
3200 20 1.35691 3979.44 1.52065e-05
3200 30 1.35691 3963.24 1.51649e-05
3200 40 1.35691 3950.34 1.52124e-05
3200 50 1.35691 3943.36 1.52762e-05
3200 60 1.35691 3926.08 1.52554e-05
3200 70 1.35691 3912.87 1.52251e-05
3200 80 1.35691 3900.14 1.52574e-05
3200 90 1.35691 3891.83 1.52969e-05
3200 100 1.35691 3879.33 1.53466e-05
6400 10 1.35691 7989.95 2.93392e-05
6400 20 1.35691 7975.32 2.94444e-05
6400 30 1.35691 7964.8 3.04141e-05
6400 40 1.35691 7957.52 2.95187e-05
6400 50 1.35691 7941.8 3.00457e-05
6400 60 1.35691 7928.32 2.95148e-05
6400 70 1.35691 7921.01 2.96256e-05
6400 80 1.35691 7900.09 2.95475e-05
6400 90 1.35691 7898.33 2.96727e-05
6400 100 1.35691 7874.13 3.07549e-05
12800 10 1.35691 16000.9 5.7951e-05
12800 20 1.35691 15965.4 5.7686e-05
12800 30 1.35691 15965.6 5.81754e-05
12800 40 1.35691 15970.3 5.80972e-05
12800 50 1.35691 15938.8 5.80138e-05
12800 60 1.35691 15915.7 5.79463e-05
12800 70 1.35691 15925.5 5.8226e-05
12800 80 1.35691 15920 5.83552e-05
12800 90 1.35691 15887.3 5.82578e-05
12800 100 1.35691 15883.4 5.81068e-05
25600 10 1.35691 31999.5 0.000145736
25600 20 1.35691 31955.2 0.000148564
25600 30 1.35691 31958.9 0.000148271
25600 40 1.35691 31974.4 0.000151377
25600 50 1.35691 31948.6 0.000150431
25600 60 1.35691 31936.1 0.000162268
25600 70 1.35691 31884.4 0.000161768
25600 80 1.35691 31908.7 0.000161277
25600 90 1.35691 31891.1 0.000165215
25600 100 1.35691 31883.2 0.000166991
51200 10 1.35691 64026.8 0.000332152
51200 20 1.35691 64026.5 0.000329211
51200 30 1.35691 63996.9 0.000326714
51200 40 1.35691 63917.5 0.000329255
51200 50 1.35691 64007 0.000335505
51200 60 1.35691 63974.6 0.000334339
51200 70 1.35691 63906.2 0.000332451
51200 80 1.35691 63932.9 0.000331641
51200 90 1.35691 63927.2 0.000330575
51200 100 1.35691 63821.8 0.000328573
102400 10 1.35691 128007 0.000657365
102400 20 1.35691 128013 0.000668291
102400 30 1.35691 128006 0.000668252
102400 40 1.35691 128013 0.000667088
102400 50 1.35691 127909 0.000663028
102400 60 1.35691 127954 0.000485015
102400 70 1.35691 128023 0.000456943
102400 80 1.35691 127967 0.000456745
102400 90 1.35691 127930 0.000456277
102400 100 1.35691 127868 0.000456961
204800 10 1.35691 256253 0.000917366
204800 20 1.35691 256091 0.000914322
204800 30 1.35691 256416 0.000919823
204800 40 1.35691 256108 0.000913904
204800 50 1.35691 256015 0.000913238
204800 60 1.35691 255838 0.000910495
204800 70 1.35691 256288 0.000915433
204800 80 1.35691 255861 0.000910029
204800 90 1.35691 255938 0.000910999
204800 100 1.35691 255680 0.000907669
409600 10 1.35691 512431 0.00182875
409600 20 1.35691 512191 0.00182221
409600 30 1.35691 512261 0.00182461
409600 40 1.35691 512679 0.0018263
409600 50 1.35691 512091 0.00181987
409600 60 1.35691 511982 0.00181884
409600 70 1.35691 511700 0.00181308
409600 80 1.35691 511799 0.00181325
409600 90 1.35691 511922 0.0018153
409600 100 1.35691 512115 0.00181586
819200 10 1.35691 1.02364e+06 0.00362261
819200 20 1.35691 1.02395e+06 0.00362507
819200 30 1.35691 1.02367e+06 0.00361368
819200 40 1.35691 1.02358e+06 0.00361674
819200 50 1.35691 1.02421e+06 0.00362493
819200 60 1.35691 1.02398e+06 0.0036248
819200 70 1.35691 1.0237e+06 0.00362056
819200 80 1.35691 1.02375e+06 0.00362029
819200 90 1.35691 1.02371e+06 0.00361906
819200 100 1.35691 1.02332e+06 0.00361844
1638400 10 1.35691 2.0486e+06 0.00726404
1638400 20 1.35691 2.0495e+06 0.00727248
1638400 30 1.35691 2.04758e+06 0.00724464
1638400 40 1.35691 2.04863e+06 0.00717113
1638400 50 1.35691 2.04854e+06 0.00697122
1638400 60 1.35691 2.04806e+06 0.00691578
1638400 70 1.35691 2.04728e+06 0.00691116
1638400 80 1.35691 2.04801e+06 0.00692514
1638400 90 1.35691 2.04943e+06 0.0069283
1638400 100 1.35691 2.05e+06 0.0065809
