n=4047392 m=100 k=62
200 10 2.97344 205.363 1.3801e-06
200 20 2.97344 194.553 1.3862e-06
200 30 2.97344 183.707 1.4066e-06
200 40 2.97344 173.216 1.4275e-06
200 50 2.97344 162.195 1.4201e-06
200 60 2.97344 151.58 1.4401e-06
200 70 2.97344 140.861 1.447e-06
200 80 2.97344 130.079 1.465e-06
200 90 2.97344 119.341 1.4914e-06
200 100 2.97344 108.596 1.4831e-06
400 10 2.97344 420.434 2.0945e-06
400 20 2.97344 409.402 2.1071e-06
400 30 2.97344 399.139 2.1196e-06
400 40 2.97344 388.464 2.1388e-06
400 50 2.97344 377.298 2.0569e-06
400 60 2.97344 366.68 1.6666e-06
400 70 2.97344 355.862 1.6951e-06
400 80 2.97344 344.913 1.6995e-06
400 90 2.97344 334.445 1.7207e-06
400 100 2.97344 323.434 1.7391e-06
800 10 2.97344 849.68 2.6204e-06
800 20 2.97344 838.929 2.6394e-06
800 30 2.97344 827.934 2.649e-06
800 40 2.97344 818.641 2.6854e-06
800 50 2.97344 807.819 2.7052e-06
800 60 2.97344 795.909 2.7198e-06
800 70 2.97344 785.614 2.7548e-06
800 80 2.97344 774.981 2.7604e-06
800 90 2.97344 763.813 2.7702e-06
800 100 2.97344 753.356 2.798e-06
1600 10 2.97344 1710.79 4.6671e-06
1600 20 2.97344 1700.61 4.6952e-06
1600 30 2.97344 1689.98 4.715e-06
1600 40 2.97344 1678.39 4.7205e-06
1600 50 2.97344 1668.78 4.7477e-06
1600 60 2.97344 1656.81 4.7536e-06
1600 70 2.97344 1644.83 4.7615e-06
1600 80 2.97344 1636.78 4.8334e-06
1600 90 2.97344 1626.35 4.8407e-06
1600 100 2.97344 1614.77 4.8566e-06
3200 10 2.97344 3431.22 8.6269e-06
3200 20 2.97344 3420.9 8.6466e-06
3200 30 2.97344 3407.67 8.6372e-06
3200 40 2.97344 3401.01 8.6914e-06
3200 50 2.97344 3386.83 8.6828e-06
3200 60 2.97344 3376.31 8.6986e-06
3200 70 2.97344 3367.16 8.7469e-06
3200 80 2.97344 3356.29 9.0281e-06
3200 90 2.97344 3345.66 9.0925e-06
3200 100 2.97344 3332.14 8.7863e-06
6400 10 2.97344 6870.37 1.65959e-05
6400 20 2.97344 6854.16 1.65828e-05
6400 30 2.97344 6850.03 1.66772e-05
6400 40 2.97344 6839.61 1.66474e-05
6400 50 2.97344 6826.7 1.66817e-05
6400 60 2.97344 6816.02 1.72541e-05
6400 70 2.97344 6808.12 1.67258e-05
6400 80 2.97344 6791.23 1.66682e-05
6400 90 2.97344 6786.02 1.67096e-05
6400 100 2.97344 6768.94 1.66888e-05
12800 10 2.97344 13747.6 3.24133e-05
12800 20 2.97344 13725.1 3.23618e-05
12800 30 2.97344 13730.5 3.25246e-05
12800 40 2.97344 13705.8 3.30679e-05
12800 50 2.97344 13707.1 3.25433e-05
12800 60 2.97344 13697.3 3.25375e-05
12800 70 2.97344 13675.7 3.24486e-05
12800 80 2.97344 13676.9 3.25541e-05
12800 90 2.97344 13672.8 3.2692e-05
12800 100 2.97344 13643.1 3.39783e-05
25600 10 2.97344 27515 6.41493e-05
25600 20 2.97344 27503.4 6.41178e-05
25600 30 2.97344 27487.2 6.4135e-05
25600 40 2.97344 27500.5 6.43659e-05
25600 50 2.97344 27451.5 6.40616e-05
25600 60 2.97344 27450.5 6.41241e-05
25600 70 2.97344 27454.7 6.42599e-05
25600 80 2.97344 27445.7 6.46683e-05
25600 90 2.97344 27424 6.42602e-05
25600 100 2.97344 27418.8 6.56305e-05
51200 10 2.97344 55013.5 0.000127214
51200 20 2.97344 54983.4 0.000128891
51200 30 2.97344 55015 0.000128067
51200 40 2.97344 54979.5 0.000127393
51200 50 2.97344 54960.5 0.000127313
51200 60 2.97344 54966.8 0.000128128
51200 70 2.97344 54942 0.000129348
51200 80 2.97344 54965.2 0.000127902
51200 90 2.97344 54977 0.00012773
51200 100 2.97344 54991.3 0.000127986
102400 10 2.97344 110033 0.000254839
102400 20 2.97344 110106 0.000256535
102400 30 2.97344 110115 0.000256351
102400 40 2.97344 109985 0.000253778
102400 50 2.97344 109982 0.000255076
102400 60 2.97344 110055 0.000254458
102400 70 2.97344 110081 0.000254872
102400 80 2.97344 110070 0.000256289
102400 90 2.97344 110054 0.000257325
102400 100 2.97344 109962 0.00025487
204800 10 2.97344 220130 0.000511125
204800 20 2.97344 220132 0.000510722
204800 30 2.97344 220089 0.000512565
204800 40 2.97344 220119 0.000510381
204800 50 2.97344 220219 0.000510104
204800 60 2.97344 220041 0.000510343
204800 70 2.97344 220047 0.000509694
204800 80 2.97344 219916 0.0005107
204800 90 2.97344 220097 0.00057706
204800 100 2.97344 219999 0.000790646
409600 10 2.97344 440334 0.001257
409600 20 2.97344 440493 0.00102444
409600 30 2.97344 440134 0.00101806
409600 40 2.97344 440635 0.00101925
409600 50 2.97344 440831 0.00102179
409600 60 2.97344 440133 0.00101663
409600 70 2.97344 440336 0.00101903
409600 80 2.97344 440374 0.00101761
409600 90 2.97344 440303 0.00101745
409600 100 2.97344 439955 0.00126431
819200 10 2.97344 880280 0.00203014
819200 20 2.97344 881011 0.00201123
819200 30 2.97344 880316 0.00200362
819200 40 2.97344 880627 0.00200432
819200 50 2.97344 880149 0.00199855
819200 60 2.97344 881540 0.0020079
819200 70 2.97344 880431 0.00200109
819200 80 2.97344 880064 0.0019962
819200 90 2.97344 880066 0.00199621
819200 100 2.97344 880762 0.00200158
1638400 10 2.97344 1.76145e+06 0.00399974
1638400 20 2.97344 1.76192e+06 0.00400323
1638400 30 2.97344 1.76121e+06 0.00399428
1638400 40 2.97344 1.76078e+06 0.00399159
1638400 50 2.97344 1.76147e+06 0.00399931
1638400 60 2.97344 1.7628e+06 0.00400943
1638400 70 2.97344 1.7611e+06 0.00399731
1638400 80 2.97344 1.75896e+06 0.00398045
1638400 90 2.97344 1.76077e+06 0.00399615
1638400 100 2.97344 1.76144e+06 0.00397347
3276800 10 2.97344 3.52008e+06 0.00782338
3276800 20 2.97344 3.52488e+06 0.00768838
3276800 30 2.97344 3.52183e+06 0.007617
3276800 40 2.97344 3.52148e+06 0.00761766
3276800 50 2.97344 3.52107e+06 0.00760842
3276800 60 2.97344 3.52298e+06 0.00762642
3276800 70 2.97344 3.5227e+06 0.00763705
3276800 80 2.97344 3.52175e+06 0.00761986
3276800 90 2.97344 3.52005e+06 0.00761107
3276800 100 2.97344 3.52179e+06 0.00749901
