n=3170441 m=100 k=5
200 10 1.35691 0.007 1012.94 22.5859
200 20 1.35691 0.002 865.408 12.5189
200 30 1.35691 0 871.513 8.1456
200 40 1.35691 0 849.835 11.377
200 50 1.35691 0.0051 902.425 9.6519
200 60 1.35691 0 949.811 7.632
200 70 1.35691 0 953.187 7.34
200 80 1.35691 0 986.917 5.4892
200 90 1.35691 0 1080.32 5.4572
200 100 1.35691 0.0031 1118.35 8.0624
400 10 1.35691 0.034 1648.84 44.335
400 20 1.35691 0.018 1208.59 23.8627
400 30 1.35691 0.006 1125.92 16.2672
400 40 1.35691 0.0094 1082.34 20.8098
400 50 1.35691 0.0067 1092.52 17.115
400 60 1.35691 0.0241 1110.79 14.0312
400 70 1.35691 0.0083 1149.38 15.2681
400 80 1.35691 0.0082 1174.03 13.1475
400 90 1.35691 0.018 1214.06 10.9551
400 100 1.35691 0.0117 1286.19 14.6785
800 10 1.35691 0.054 2919.79 87.5192
800 20 1.35691 0.01 1908.27 46.8608
800 30 1.35691 0.012 1625.71 32.0719
800 40 1.35691 0.0232 1567.84 40.7311
800 50 1.35691 0.0151 1484.18 32.5267
800 60 1.35691 0.0243 1453.74 27.2073
800 70 1.35691 0.0323 1533.31 30.0294
800 80 1.35691 0.0249 1520.32 26.2109
800 90 1.35691 0.0184 1531.96 22.6372
800 100 1.35691 0.0386 1651.38 27.9792
1600 10 1.35691 0.091 5458.67 171.825
1600 20 1.35691 0.018 3313.19 92.3532
1600 30 1.35691 0.03 2612.46 63.3146
1600 40 1.35691 0.027 2535.43 79.9845
1600 50 1.35691 0.0423 2283.58 64.2692
1600 60 1.35691 0.024 2141.84 53.5485
1600 70 1.35691 0.0321 2305.5 59.6739
1600 80 1.35691 0.0328 2218.36 52.6414
1600 90 1.35691 0.0478 2146.61 45.2357
1600 100 1.35691 0.095 2391.83 54.6968
3200 10 1.35691 0.249 10537.4 340.504
3200 20 1.35691 0.044 6118.81 182.801
3200 30 1.35691 0.033 4587.34 124.809
3200 40 1.35691 0.0464 4466.05 157.665
3200 50 1.35691 0.0457 3886.89 126.746
3200 60 1.35691 0.0513 3509.07 106.125
3200 70 1.35691 0.092 3868.74 120.314
3200 80 1.35691 0.0838 3618.09 105.721
3200 90 1.35691 0.1042 3382.01 90.2069
3200 100 1.35691 0.1766 3877.73 107.788
6400 10 1.35691 0.337 20710.4 671.886
6400 20 1.35691 0.078 11736.4 363.607
6400 30 1.35691 0.06 8544.71 248.312
6400 40 1.35691 0.0977 8340.24 312.384
6400 50 1.35691 0.1142 7078.11 250.057
6400 60 1.35691 0.1183 6242.93 209.559
6400 70 1.35691 0.2348 6989.39 238.976
6400 80 1.35691 0.1784 6406.41 209.04
6400 90 1.35691 0.1471 5844.15 179.397
6400 100 1.35691 0.3874 6824.33 211.727
12800 10 1.35691 0.727 41001.7 1324.82
12800 20 1.35691 0.178 22979.5 716.566
12800 30 1.35691 0.18 16459.8 494.267
12800 40 1.35691 0.2049 16087.1 617.454
12800 50 1.35691 0.1707 13461.9 494.242
12800 60 1.35691 0.2371 11709.2 413.561
12800 70 1.35691 0.3637 13203.2 472.624
12800 80 1.35691 0.3709 12011.4 415.586
12800 90 1.35691 0.3694 10783.7 356.513
12800 100 1.35691 0.9094 12786.2 417.591
25600 10 1.35691 1.418 81687.5 2631.21
25600 20 1.35691 0.234 45439.6 1420.77
25600 30 1.35691 0.261 32274.1 977.89
25600 40 1.35691 0.4056 31575.7 1213.01
25600 50 1.35691 0.4267 26224.9 975.942
25600 60 1.35691 0.4524 22640.1 817.707
25600 70 1.35691 0.6566 25633.8 932.396
25600 80 1.35691 0.6286 23175.7 817.832
25600 90 1.35691 0.7616 20624.2 703.222
25600 100 1.35691 1.6365 24589.9 821.68
51200 10 1.35691 2.919 163025 5209.23
51200 20 1.35691 0.466 90280.1 2810.63
51200 30 1.35691 0.564 63909.6 1933.93
51200 40 1.35691 0.8756 62443.1 2389.02
51200 50 1.35691 0.8872 51751.3 1919.79
51200 60 1.35691 1.0861 44463.1 1606.78
51200 70 1.35691 1.442 50511.4 1834.6
51200 80 1.35691 1.5765 45476.2 1614.68
51200 90 1.35691 1.5867 40364.1 1386.93
51200 100 1.35691 3.3037 48453.6 1625.86
102400 10 1.35691 5.449 325829 10358.8
102400 20 1.35691 1.106 180110 5601.9
102400 30 1.35691 1.185 127236 3853.88
102400 40 1.35691 1.7912 124584 4737.1
102400 50 1.35691 1.9108 102909 3815.7
102400 60 1.35691 2.0911 88214.4 3197.66
102400 70 1.35691 2.7871 100229 3629.4
102400 80 1.35691 2.9226 90230.2 3191.35
102400 90 1.35691 3.1018 79758.5 2749.05
102400 100 1.35691 6.8362 95504.3 3181.08
204800 10 1.35691 11.006 650842 20723.4
204800 20 1.35691 2.126 359850 11179
204800 30 1.35691 2.199 253821 7675.11
204800 40 1.35691 3.4375 248371 9406.96
204800 50 1.35691 3.5265 205184 7579.99
204800 60 1.35691 4.1981 175552 6344.09
204800 70 1.35691 5.5388 199808 7205.02
204800 80 1.35691 6.0876 179490 6317.53
204800 90 1.35691 6.2296 158584 5436.26
204800 100 1.35691 12.8853 189880 6272.73
409600 10 1.35691 21.796 1.30062e+06 41358.8
409600 20 1.35691 3.922 719158 22274.5
409600 30 1.35691 4.686 506579 15339.6
409600 40 1.35691 6.6554 495953 18791.2
409600 50 1.35691 7.1523 409452 15111.1
409600 60 1.35691 8.3727 350536 12661.1
409600 70 1.35691 11.2486 398679 14299.3
409600 80 1.35691 11.8428 357932 12556.3
409600 90 1.35691 13.0459 316300 10812.5
409600 100 1.35691 26.3176 379615 12533.6
819200 10 1.35691 39.147 2.5993e+06 82874.6
819200 20 1.35691 8.738 1.43667e+06 44640.1
819200 30 1.35691 8.895 1.0128e+06 32038.1
819200 40 1.35691 13.4959 990851 39600.6
819200 50 1.35691 14.5416 818439 32009.2
819200 60 1.35691 16.2433 698803 26710.5
819200 70 1.35691 22.4653 795724 30036.6
819200 80 1.35691 23.2463 715845 26540.3
819200 90 1.35691 24.3187 632087 22909.8
819200 100 1.35691 53.1498 758314 26376.1
1638400 10 1.35691 90.616 5.20426e+06 169107
1638400 20 1.35691 17.988 2.87496e+06 93447.3
1638400 30 1.35691 18.195 2.02665e+06 64195.4
1638400 40 1.35691 26.2623 1.98172e+06 79370.3
1638400 50 1.35691 29.4345 1.63429e+06 63759.4
1638400 60 1.35691 33.3807 1.3989e+06 53503.8
1638400 70 1.35691 44.3032 1.59008e+06 60018
1638400 80 1.35691 45.4888 1.43086e+06 52925.9
1638400 90 1.35691 50.2075 1.26382e+06 45784.3
1638400 100 1.35691 107.2 1.51873e+06 52776.8
