n=3170441 m=100 k=5
200 10 1.35691 0.015 1.1003e-06
200 20 1.35691 0 9.644e-07
200 30 1.35691 0.003 9.023e-07
200 40 1.35691 0 9.75e-07
200 50 1.35691 0.0002 9.75e-07
200 60 1.35691 0.006 9.336e-07
200 70 1.35691 0.0011 9.491e-07
200 80 1.35691 0 9.334e-07
200 90 1.35691 0 9.633e-07
200 100 1.35691 0.0037 9.934e-07
400 10 1.35691 0.021 1.4593e-06
400 20 1.35691 0 1.1464e-06
400 30 1.35691 0.003 1.0422e-06
400 40 1.35691 0.0032 1.1217e-06
400 50 1.35691 0 1.0918e-06
400 60 1.35691 0.006 1.0673e-06
400 70 1.35691 0.0086 1.1088e-06
400 80 1.35691 0 1.1084e-06
400 90 1.35691 0 1.1001e-06
400 100 1.35691 0.0266 1.1667e-06
800 10 1.35691 0.051 2.19e-06
800 20 1.35691 0.008 1.5708e-06
800 30 1.35691 0.009 1.3729e-06
800 40 1.35691 0.0073 1.4857e-06
800 50 1.35691 0.0057 1.4019e-06
800 60 1.35691 0.0087 1.3587e-06
800 70 1.35691 0.0231 1.4188e-06
800 80 1.35691 0.0003 1.3798e-06
800 90 1.35691 0.0473 1.3532e-06
800 100 1.35691 0.0458 1.4237e-06
1600 10 1.35691 0.104 3.6139e-06
1600 20 1.35691 0.016 2.3299e-06
1600 30 1.35691 0.024 1.8576e-06
1600 40 1.35691 0.0179 2.0886e-06
1600 50 1.35691 0.0117 1.8866e-06
1600 60 1.35691 0.042 1.7498e-06
1600 70 1.35691 0.0402 1.854e-06
1600 80 1.35691 0.0269 1.757e-06
1600 90 1.35691 0.0472 1.6452e-06
1600 100 1.35691 0.1214 1.7878e-06
3200 10 1.35691 0.183 6.5346e-06
3200 20 1.35691 0.056 3.8934e-06
3200 30 1.35691 0.045 2.9314e-06
3200 40 1.35691 0.0486 3.2308e-06
3200 50 1.35691 0.0535 2.7783e-06
3200 60 1.35691 0.0543 2.4712e-06
3200 70 1.35691 0.0411 2.6893e-06
3200 80 1.35691 0.0598 2.4883e-06
3200 90 1.35691 0.1276 2.2894e-06
3200 100 1.35691 0.2081 2.5593e-06
6400 10 1.35691 0.391 1.23364e-05
6400 20 1.35691 0.068 7.0681e-06
6400 30 1.35691 0.045 5.1404e-06
6400 40 1.35691 0.099 5.6998e-06
6400 50 1.35691 0.1487 4.7949e-06
6400 60 1.35691 0.1555 4.1957e-06
6400 70 1.35691 0.1995 4.6071e-06
6400 80 1.35691 0.2254 4.1998e-06
6400 90 1.35691 0.1605 3.7725e-06
6400 100 1.35691 0.4633 4.284e-06
12800 10 1.35691 0.79 2.38084e-05
12800 20 1.35691 0.106 1.33841e-05
12800 30 1.35691 0.174 9.5619e-06
12800 40 1.35691 0.1891 1.06639e-05
12800 50 1.35691 0.2141 8.8235e-06
12800 60 1.35691 0.2251 7.5663e-06
12800 70 1.35691 0.3168 8.4287e-06
12800 80 1.35691 0.3835 7.6211e-06
12800 90 1.35691 0.402 6.7642e-06
12800 100 1.35691 0.8534 7.7426e-06
25600 10 1.35691 1.551 4.71262e-05
25600 20 1.35691 0.222 2.59903e-05
25600 30 1.35691 0.276 1.83114e-05
25600 40 1.35691 0.4176 2.03939e-05
25600 50 1.35691 0.3631 1.67559e-05
25600 60 1.35691 0.5773 1.43314e-05
25600 70 1.35691 0.7346 1.59583e-05
25600 80 1.35691 0.8571 1.42944e-05
25600 90 1.35691 0.8367 1.26485e-05
25600 100 1.35691 1.6818 1.44687e-05
51200 10 1.35691 2.834 9.4087e-05
51200 20 1.35691 0.616 5.12857e-05
51200 30 1.35691 0.582 3.26023e-05
51200 40 1.35691 0.9648 3.31702e-05
51200 50 1.35691 0.7956 2.70655e-05
51200 60 1.35691 1.0382 2.31239e-05
51200 70 1.35691 1.397 2.57797e-05
51200 80 1.35691 1.4327 2.29024e-05
51200 90 1.35691 1.4936 1.99974e-05
51200 100 1.35691 3.6033 2.28179e-05
102400 10 1.35691 5.231 0.000146092
102400 20 1.35691 1.122 8.09464e-05
102400 30 1.35691 1.242 5.62622e-05
102400 40 1.35691 1.5118 6.56656e-05
102400 50 1.35691 1.8045 5.40382e-05
102400 60 1.35691 2.0922 4.52066e-05
102400 70 1.35691 2.7165 5.0494e-05
102400 80 1.35691 2.8359 4.49722e-05
102400 90 1.35691 2.9337 3.91554e-05
102400 100 1.35691 6.5724 4.47003e-05
204800 10 1.35691 12.483 0.000291672
204800 20 1.35691 1.992 0.000160946
204800 30 1.35691 2.31 0.000114065
204800 40 1.35691 3.25 0.000131912
204800 50 1.35691 3.6139 0.000106567
204800 60 1.35691 4.197 8.96876e-05
204800 70 1.35691 5.5002 0.000100025
204800 80 1.35691 5.5488 8.87808e-05
204800 90 1.35691 6.3899 7.76251e-05
204800 100 1.35691 13.4759 8.85321e-05
409600 10 1.35691 22.937 0.000583275
409600 20 1.35691 4.462 0.000323249
409600 30 1.35691 4.362 0.000226793
409600 40 1.35691 6.5829 0.000263365
409600 50 1.35691 7.2108 0.000214493
409600 60 1.35691 8.5835 0.000180144
409600 70 1.35691 11.6101 0.000201473
409600 80 1.35691 11.193 0.000178016
409600 90 1.35691 12.4793 0.000155525
409600 100 1.35691 26.7299 0.000177585
819200 10 1.35691 45.463 0.00116596
819200 20 1.35691 8.416 0.000640202
819200 30 1.35691 8.892 0.000444264
819200 40 1.35691 13.3682 0.00051849
819200 50 1.35691 14.7514 0.000423045
819200 60 1.35691 16.6458 0.000356473
819200 70 1.35691 22.7158 0.000395145
819200 80 1.35691 22.8854 0.000350517
819200 90 1.35691 24.9257 0.000305823
819200 100 1.35691 53.4759 0.000347693
1638400 10 1.35691 92.091 0.002314
1638400 20 1.35691 16.838 0.00127111
1638400 30 1.35691 17.805 0.000883377
1638400 40 1.35691 27.2893 0.0010272
1638400 50 1.35691 28.9192 0.000834835
1638400 60 1.35691 32.7902 0.000704836
1638400 70 1.35691 44.7505 0.000784634
1638400 80 1.35691 46.1435 0.000695044
1638400 90 1.35691 49.1875 0.000607328
1638400 100 1.35691 108.009 0.000690361
