n=193080 m=100 k=88
200 10 3.0439 0.04 798.295 11.3326
200 20 3.0439 0.03 753.116 7.7771
200 30 3.0439 0.033 801.671 4.9
200 40 3.0439 0.032 752.047 5.0759
200 50 3.0439 0.045 819.892 4.2236
200 60 3.0439 0.024 885.078 3.2074
200 70 3.0439 0.028 849.035 1.9382
200 80 3.0439 0.032 918.286 1.9734
200 90 3.0439 0.027 1011.2 2.0589
200 100 3.0439 0.06 1023.85 3.4569
400 10 3.0439 0.071 1205.16 21.5823
400 20 3.0439 0.044 983.71 14.5178
400 30 3.0439 0.057 975.826 9.4199
400 40 3.0439 0.112 882.752 8.6747
400 50 3.0439 0.09 928.048 7.474
400 60 3.0439 0.0961 968.209 6.2002
400 70 3.0439 0.077 934.829 5.4242
400 80 3.0439 0.1841 1006.69 5.58
400 90 3.0439 0.171 1071.25 4.5751
400 100 3.0439 0.1205 1085.18 6.5712
800 10 3.0439 0.122 2026.55 42.9776
800 20 3.0439 0.06 1444.08 27.898
800 30 3.0439 0.141 1299.93 17.7398
800 40 3.0439 0.1402 1142.75 15.4206
800 50 3.0439 0.185 1143.46 12.8102
800 60 3.0439 0.222 1163.34 11.1208
800 70 3.0439 0.3151 1107.77 10.5755
800 80 3.0439 0.24 1151.71 9.9145
800 90 3.0439 0.2972 1196.05 8.6477
800 100 3.0439 0.5205 1211.29 11.222
1600 10 3.0439 0.312 3666.41 84.6574
1600 20 3.0439 0.166 2368.12 54.4198
1600 30 3.0439 0.225 1972.49 34.8568
1600 40 3.0439 0.3042 1663.72 28.747
1600 50 3.0439 0.4302 1576.91 23.9253
1600 60 3.0439 0.4505 1525.41 20.3368
1600 70 3.0439 0.5817 1453.34 20.6334
1600 80 3.0439 0.6887 1446.23 18.5632
1600 90 3.0439 0.6033 1464.94 16.5578
1600 100 3.0439 0.6505 1456.51 19.4799
3200 10 3.0439 0.651 6945.52 167.675
3200 20 3.0439 0.332 4215.59 107.874
3200 30 3.0439 0.543 3300.98 69.4425
3200 40 3.0439 0.5641 2708.91 55.8061
3200 50 3.0439 0.8405 2440.97 45.4596
3200 60 3.0439 0.9844 2276.25 39.0493
3200 70 3.0439 1.1146 2122.02 40.2887
3200 80 3.0439 1.2809 2062.01 37.0911
3200 90 3.0439 1.4591 2002.85 32.7331
3200 100 3.0439 1.1809 1949.62 36.1442
6400 10 3.0439 0.957 13505.1 334.898
6400 20 3.0439 0.67 7926.41 213.866
6400 30 3.0439 0.936 5966.32 137.859
6400 40 3.0439 1.3167 4808.08 109.801
6400 50 3.0439 1.5204 4178.09 89.3373
6400 60 3.0439 2.1007 3769.49 76.3584
6400 70 3.0439 2.2575 3474.41 79.703
6400 80 3.0439 2.708 3272.11 72.1481
6400 90 3.0439 3.1438 3081.16 64.1318
6400 100 3.0439 2.8528 2949.93 69.6881
12800 10 3.0439 2.564 26644 670.751
12800 20 3.0439 1.32 15350.7 427.742
12800 30 3.0439 1.872 11302.3 275.309
12800 40 3.0439 2.694 9017.46 218.343
12800 50 3.0439 3.0408 7667.42 176.294
12800 60 3.0439 3.9316 6748.26 151.074
12800 70 3.0439 4.5702 6172.46 157.409
12800 80 3.0439 5.3074 5699.36 143.24
12800 90 3.0439 6.0524 5230.55 127.753
12800 100 3.0439 6.9391 4977.23 137.024
25600 10 3.0439 4.424 52946.4 1342.14
25600 20 3.0439 2.844 30214.4 849.199
25600 30 3.0439 3.888 21985.1 550.156
25600 40 3.0439 5.4173 17434.5 438.277
25600 50 3.0439 6.499 14641.8 353.287
25600 60 3.0439 7.7791 12724.1 300.01
25600 70 3.0439 9.2331 11570.5 314.888
25600 80 3.0439 10.8901 10565.6 286.327
25600 90 3.0439 11.3923 9519.88 253.426
25600 100 3.0439 13.463 9007.26 271.094
51200 10 3.0439 9.65 105407 2666.32
51200 20 3.0439 5.594 59918.2 1688.6
51200 30 3.0439 8.04 43344.3 1098.66
51200 40 3.0439 10.5864 34262.7 870.318
51200 50 3.0439 13.4227 28581.9 701.486
51200 60 3.0439 16.1315 24688.5 599.175
51200 70 3.0439 18.4789 22383.5 628.811
51200 80 3.0439 20.3558 20279 571.055
51200 90 3.0439 24.1187 18120.6 509.023
51200 100 3.0439 26.1955 17055 541.639
102400 10 3.0439 19.052 210594 5290.76
102400 20 3.0439 11.364 119459 3353.57
102400 30 3.0439 16.086 86077.1 2181.18
102400 40 3.0439 21.4335 67972.8 1720.36
102400 50 3.0439 26.2433 56532.4 1388.39
102400 60 3.0439 31.3807 48565.7 1186.94
102400 70 3.0439 37.6871 43997 1246.62
102400 80 3.0439 42.9954 39763.5 1139.18
102400 90 3.0439 47.7639 35327.8 1014.26
102400 100 3.0439 53.3418 33199.1 1084.63
