n=421419 m=100 k=78
200 10 3.00892 0.026 9.721e-07
200 20 3.00892 0.012 7.502e-07
200 30 3.00892 0.009 7.283e-07
200 40 3.00892 0.028 7.363e-07
200 50 3.00892 0.015 7.451e-07
200 60 3.00892 0.03 7.515e-07
200 70 3.00892 0.042 7.444e-07
200 80 3.00892 0.008 7.558e-07
200 90 3.00892 0.036 7.828e-07
200 100 3.00892 0.02 8.056e-07
400 10 3.00892 0.049 1.0589e-06
400 20 3.00892 0.012 8.933e-07
400 30 3.00892 0.015 8.433e-07
400 40 3.00892 0.036 8.297e-07
400 50 3.00892 0.04 8.098e-07
400 60 3.00892 0.042 8.086e-07
400 70 3.00892 0.0281 8.096e-07
400 80 3.00892 0.048 8.248e-07
400 90 3.00892 0.036 8.351e-07
400 100 3.00892 0.04 8.655e-07
800 10 3.00892 0.101 1.4762e-06
800 20 3.00892 0.044 1.121e-06
800 30 3.00892 0.033 9.864e-07
800 40 3.00892 0.1041 9.692e-07
800 50 3.00892 0.1052 9.414e-07
800 60 3.00892 0.114 9.268e-07
800 70 3.00892 0.1191 9.305e-07
800 80 3.00892 0.2322 9.363e-07
800 90 3.00892 0.126 9.293e-07
800 100 3.00892 0.1501 9.549e-07
1600 10 3.00892 0.232 2.3213e-06
1600 20 3.00892 0.066 1.572e-06
1600 30 3.00892 0.105 1.2949e-06
1600 40 3.00892 0.1443 1.2217e-06
1600 50 3.00892 0.18 1.1564e-06
1600 60 3.00892 0.2761 1.1069e-06
1600 70 3.00892 0.2732 1.149e-06
1600 80 3.00892 0.3121 1.1214e-06
1600 90 3.00892 0.2791 1.1012e-06
1600 100 3.00892 0.421 1.1246e-06
3200 10 3.00892 0.445 4.0574e-06
3200 20 3.00892 0.178 2.536e-06
3200 30 3.00892 0.246 1.9539e-06
3200 40 3.00892 0.3166 1.7934e-06
3200 50 3.00892 0.3503 1.6282e-06
3200 60 3.00892 0.4863 1.5129e-06
3200 70 3.00892 0.5182 1.5496e-06
3200 80 3.00892 0.5688 1.4799e-06
3200 90 3.00892 0.7026 1.4246e-06
3200 100 3.00892 0.7009 1.4748e-06
6400 10 3.00892 1.034 7.4292e-06
6400 20 3.00892 0.396 4.3853e-06
6400 30 3.00892 0.432 3.23e-06
6400 40 3.00892 0.6245 2.8877e-06
6400 50 3.00892 0.7407 2.5173e-06
6400 60 3.00892 0.9543 2.3052e-06
6400 70 3.00892 1.0228 2.3682e-06
6400 80 3.00892 1.3449 2.2374e-06
6400 90 3.00892 1.2786 2.0782e-06
6400 100 3.00892 1.501 2.119e-06
12800 10 3.00892 1.682 1.43185e-05
12800 20 3.00892 0.698 8.225e-06
12800 30 3.00892 0.93 5.7551e-06
12800 40 3.00892 1.2128 5.0628e-06
12800 50 3.00892 1.4303 4.2945e-06
12800 60 3.00892 1.8311 3.8261e-06
12800 70 3.00892 2.1739 3.9219e-06
12800 80 3.00892 2.3057 3.632e-06
12800 90 3.00892 2.7109 3.3096e-06
12800 100 3.00892 3.0737 3.3892e-06
25600 10 3.00892 3.505 2.75797e-05
25600 20 3.00892 1.272 1.55904e-05
25600 30 3.00892 1.713 1.08504e-05
25600 40 3.00892 2.2502 9.4894e-06
25600 50 3.00892 2.8769 8.0197e-06
25600 60 3.00892 3.7159 7.0663e-06
25600 70 3.00892 4.464 7.2794e-06
25600 80 3.00892 4.4885 6.6516e-06
25600 90 3.00892 5.6191 5.9074e-06
25600 100 3.00892 6.047 6.0317e-06
51200 10 3.00892 6.808 5.48979e-05
51200 20 3.00892 2.578 3.05648e-05
51200 30 3.00892 3.693 2.09623e-05
51200 40 3.00892 4.8491 1.80236e-05
51200 50 3.00892 6.0847 1.53827e-05
51200 60 3.00892 6.9817 1.34505e-05
51200 70 3.00892 8.247 1.37466e-05
51200 80 3.00892 9.3599 1.26103e-05
51200 90 3.00892 10.9871 1.11892e-05
51200 100 3.00892 11.9027 1.14499e-05
102400 10 3.00892 14.326 0.00011004
102400 20 3.00892 5.296 6.00169e-05
102400 30 3.00892 7.269 4.04921e-05
102400 40 3.00892 9.8954 3.55734e-05
102400 50 3.00892 12.1877 2.999e-05
102400 60 3.00892 15.0023 2.56772e-05
102400 70 3.00892 16.618 2.64122e-05
102400 80 3.00892 19.0748 2.43291e-05
102400 90 3.00892 21.9214 2.14704e-05
102400 100 3.00892 23.2528 2.21855e-05
204800 10 3.00892 28.829 0.00022073
204800 20 3.00892 10.496 0.000119262
204800 30 3.00892 14.622 8.0269e-05
204800 40 3.00892 19.4901 7.0505e-05
204800 50 3.00892 23.9997 5.87828e-05
204800 60 3.00892 29.605 5.07461e-05
204800 70 3.00892 34.1498 5.21262e-05
204800 80 3.00892 38.4953 4.80599e-05
204800 90 3.00892 43.5501 4.2758e-05
204800 100 3.00892 48.9836 4.37189e-05
409600 10 3.00892 57.386 0.000448014
409600 20 3.00892 20.76 0.00023901
409600 30 3.00892 29.211 0.000161804
409600 40 3.00892 38.8678 0.000142719
409600 50 3.00892 48.6289 0.000115679
409600 60 3.00892 58.361 0.000100456
409600 70 3.00892 68.2076 0.000104475
409600 80 3.00892 77.9451 9.57186e-05
409600 90 3.00892 87.5975 8.50598e-05
409600 100 3.00892 97.5691 8.674e-05
