n=4638690 m=100 k=4
200 10 1.38617 0.008 1.0814e-06
200 20 1.38617 0 9.457e-07
200 30 1.38617 0 8.876e-07
200 40 1.38617 0 9.626e-07
200 50 1.38617 0 9.57e-07
200 60 1.38617 0.006 9.444e-07
200 70 1.38617 0.0004 9.928e-07
200 80 1.38617 0 9.362e-07
200 90 1.38617 0 9.834e-07
200 100 1.38617 0.0026 1.0823e-06
400 10 1.38617 0.008 1.4589e-06
400 20 1.38617 0 1.1685e-06
400 30 1.38617 0.003 1.0613e-06
400 40 1.38617 0 1.1624e-06
400 50 1.38617 0 1.1308e-06
400 60 1.38617 0.0123 1.0956e-06
400 70 1.38617 0.0006 1.1647e-06
400 80 1.38617 0.016 1.1491e-06
400 90 1.38617 0 1.1239e-06
400 100 1.38617 0.0169 1.2558e-06
800 10 1.38617 0.019 2.2036e-06
800 20 1.38617 0.002 1.5873e-06
800 30 1.38617 0.006 1.3808e-06
800 40 1.38617 0.0042 1.5178e-06
800 50 1.38617 0 1.4279e-06
800 60 1.38617 0.012 1.3797e-06
800 70 1.38617 0.009 1.4481e-06
800 80 1.38617 0.0081 1.4162e-06
800 90 1.38617 0.0181 1.4074e-06
800 100 1.38617 0.0362 1.5661e-06
1600 10 1.38617 0.034 3.5815e-06
1600 20 1.38617 0.012 2.3433e-06
1600 30 1.38617 0.009 1.8937e-06
1600 40 1.38617 0.0081 2.1827e-06
1600 50 1.38617 0.0503 1.9532e-06
1600 60 1.38617 0.0126 1.7932e-06
1600 70 1.38617 0.0231 1.9163e-06
1600 80 1.38617 0.0248 1.8352e-06
1600 90 1.38617 0.0273 1.7339e-06
1600 100 1.38617 0.0473 1.9022e-06
3200 10 1.38617 0.068 6.2347e-06
3200 20 1.38617 0.01 3.787e-06
3200 30 1.38617 0.024 2.8536e-06
3200 40 1.38617 0.0289 3.2526e-06
3200 50 1.38617 0.0403 2.8289e-06
3200 60 1.38617 0.0541 2.529e-06
3200 70 1.38617 0.0475 2.7779e-06
3200 80 1.38617 0.0414 2.57e-06
3200 90 1.38617 0.0722 2.3472e-06
3200 100 1.38617 0.1257 2.6426e-06
6400 10 1.38617 0.155 1.14663e-05
6400 20 1.38617 0.026 6.7742e-06
6400 30 1.38617 0.048 4.9373e-06
6400 40 1.38617 0.0576 5.6861e-06
6400 50 1.38617 0.0703 4.7663e-06
6400 60 1.38617 0.1149 4.1759e-06
6400 70 1.38617 0.0917 4.719e-06
6400 80 1.38617 0.0737 4.2894e-06
6400 90 1.38617 0.1195 3.8376e-06
6400 100 1.38617 0.371 4.4166e-06
12800 10 1.38617 0.313 2.21703e-05
12800 20 1.38617 0.036 1.24473e-05
12800 30 1.38617 0.102 9.0728e-06
12800 40 1.38617 0.0896 1.05387e-05
12800 50 1.38617 0.161 8.6764e-06
12800 60 1.38617 0.1877 7.4909e-06
12800 70 1.38617 0.257 8.4999e-06
12800 80 1.38617 0.3258 7.6247e-06
12800 90 1.38617 0.259 6.7685e-06
12800 100 1.38617 0.6165 7.9327e-06
25600 10 1.38617 0.519 4.41722e-05
25600 20 1.38617 0.112 2.40394e-05
25600 30 1.38617 0.147 1.68726e-05
25600 40 1.38617 0.2528 2.00601e-05
25600 50 1.38617 0.2702 1.64484e-05
25600 60 1.38617 0.3143 1.39771e-05
25600 70 1.38617 0.4435 1.60572e-05
25600 80 1.38617 0.4471 1.43485e-05
25600 90 1.38617 0.4335 1.2639e-05
25600 100 1.38617 1.332 1.47907e-05
51200 10 1.38617 1.097 8.83507e-05
51200 20 1.38617 0.236 4.71811e-05
51200 30 1.38617 0.426 3.25665e-05
51200 40 1.38617 0.415 3.88077e-05
51200 50 1.38617 0.5428 3.17921e-05
51200 60 1.38617 0.7661 2.70283e-05
51200 70 1.38617 0.8033 3.07631e-05
51200 80 1.38617 0.8236 2.7491e-05
51200 90 1.38617 0.8742 2.41011e-05
51200 100 1.38617 2.4913 2.84121e-05
102400 10 1.38617 2.111 0.00017731
102400 20 1.38617 0.486 9.48576e-05
102400 30 1.38617 0.672 6.51199e-05
102400 40 1.38617 0.9488 7.72412e-05
102400 50 1.38617 1.0664 6.24576e-05
102400 60 1.38617 1.415 5.30954e-05
102400 70 1.38617 2.0077 6.03971e-05
102400 80 1.38617 1.7029 5.39395e-05
102400 90 1.38617 2.001 4.72045e-05
102400 100 1.38617 5.1157 5.55631e-05
204800 10 1.38617 4.281 0.000354709
204800 20 1.38617 0.964 0.000188945
204800 30 1.38617 1.368 0.000129426
204800 40 1.38617 1.9061 0.000152949
204800 50 1.38617 2.0767 0.000124405
204800 60 1.38617 2.7525 0.000105441
204800 70 1.38617 3.4574 0.000119613
204800 80 1.38617 3.8642 0.000106652
204800 90 1.38617 4.506 9.33866e-05
204800 100 1.38617 10.3318 0.000110288
409600 10 1.38617 8.604 0.000708504
409600 20 1.38617 1.82 0.00037558
409600 30 1.38617 2.937 0.000256563
409600 40 1.38617 3.927 0.000304024
409600 50 1.38617 4.4989 0.000251377
409600 60 1.38617 5.4553 0.000213055
409600 70 1.38617 7.0131 0.000241469
409600 80 1.38617 7.3372 0.000214513
409600 90 1.38617 8.1958 0.000187944
409600 100 1.38617 19.2239 0.000222451
819200 10 1.38617 17.177 0.00141211
819200 20 1.38617 3.796 0.00075125
819200 30 1.38617 5.682 0.000512116
819200 40 1.38617 7.623 0.000603349
819200 50 1.38617 8.9817 0.000495092
819200 60 1.38617 11.0204 0.000419557
819200 70 1.38617 14.3382 0.000476719
819200 80 1.38617 15.3042 0.00042258
819200 90 1.38617 16.9039 0.000371817
819200 100 1.38617 40.0301 0.000438265
1638400 10 1.38617 34.082 0.00282262
1638400 20 1.38617 7.452 0.00150014
1638400 30 1.38617 11.118 0.0010148
1638400 40 1.38617 14.7683 0.00119214
1638400 50 1.38617 18.7437 0.000895361
1638400 60 1.38617 22.039 0.000703877
1638400 70 1.38617 28.7041 0.000799293
1638400 80 1.38617 30.1832 0.000710337
1638400 90 1.38617 33.4437 0.000617941
1638400 100 1.38617 79.1736 0.000726148
3276800 10 1.38617 67.861 0.0044993
3276800 20 1.38617 15.264 0.00247559
3276800 30 1.38617 22.197 0.00166781
3276800 40 1.38617 29.8046 0.00204938
3276800 50 1.38617 37.0746 0.00165437
3276800 60 1.38617 44.5147 0.00139632
3276800 70 1.38617 56.621 0.00158724
3276800 80 1.38617 60.9793 0.00140805
3276800 90 1.38617 65.8132 0.00122415
3276800 100 1.38617 157.168 0.00143608
