n=4047392 m=100 k=62
200 10 2.97344 0.02 831.308 14.3915
200 20 2.97344 0.01 771.409 8.5757
200 30 2.97344 0 812.739 5.4621
200 40 2.97344 0.008 760.818 5.1977
200 50 2.97344 0.005 826.736 4.4001
200 60 2.97344 0.006 890.214 3.6142
200 70 2.97344 0 853.712 2.4679
200 80 2.97344 0.008 922.005 2.3894
200 90 2.97344 0 1015.31 2.4964
200 100 2.97344 0 1028.43 3.8162
400 10 2.97344 0.056 1274.7 27.9304
400 20 2.97344 0.004 1020.18 16.036
400 30 2.97344 0.006 999.747 10.8665
400 40 2.97344 0.004 899.144 9.4938
400 50 2.97344 0.01 941.237 8.6289
400 60 2.97344 0.006 978.142 7.3118
400 70 2.97344 0.007 945.295 6.5395
400 80 2.97344 0 1014.91 6.8914
400 90 2.97344 0 1078.35 6.0507
400 100 2.97344 0 1094.53 7.4045
800 10 2.97344 0.14 2162.2 54.8083
800 20 2.97344 0.016 1518.12 30.9334
800 30 2.97344 0.009 1348.21 20.8071
800 40 2.97344 0 1175.39 17.8207
800 50 2.97344 0.03 1170.42 15.1405
800 60 2.97344 0.012 1183.15 13.4042
800 70 2.97344 0.014 1127.79 13.0227
800 80 2.97344 0.016 1170.82 12.5718
800 90 2.97344 0.027 1215.7 10.9105
800 100 2.97344 0.0201 1227.65 13.3604
1600 10 2.97344 0.268 3933.51 107.529
1600 20 2.97344 0.008 2515.59 61.1446
1600 30 2.97344 0.009 2069.65 41.5245
1600 40 2.97344 0.02 1733.29 34.5761
1600 50 2.97344 0.03 1628.19 29.1088
1600 60 2.97344 0.006 1569.01 25.2591
1600 70 2.97344 0.042 1494.33 26.2236
1600 80 2.97344 0.016 1482.72 23.5142
1600 90 2.97344 0.018 1502.1 20.8789
1600 100 2.97344 0.09 1493.2 23.9234
3200 10 2.97344 0.54 7492.3 213.391
3200 20 2.97344 0.024 4517.69 121.095
3200 30 2.97344 0.024 3500.83 82.1281
3200 40 2.97344 0.024 2850.37 68.0795
3200 50 2.97344 0.01 2546.5 57.1421
3200 60 2.97344 0.042 2361.2 49.4123
3200 70 2.97344 0.0491 2213.46 51.3895
3200 80 2.97344 0.0561 2135.05 46.7269
3200 90 2.97344 0.081 2073.52 41.5488
3200 100 2.97344 0.08 2026.59 45.6359
6400 10 2.97344 0.97 14611.4 425.099
6400 20 2.97344 0.102 8530.72 239.482
6400 30 2.97344 0.06 6365.18 163.45
6400 40 2.97344 0.0557 5090.24 135.328
6400 50 2.97344 0.1051 4394.26 112.126
6400 60 2.97344 0.114 3939.29 96.692
6400 70 2.97344 0.1051 3653.16 102.067
6400 80 2.97344 0.136 3424.96 91.572
6400 90 2.97344 0.081 3211.97 81.0888
6400 100 2.97344 0.1403 3113.5 89.5114
12800 10 2.97344 2.407 28803.2 843.402
12800 20 2.97344 0.216 16546.7 478.344
12800 30 2.97344 0.15 12104.2 327.148
12800 40 2.97344 0.1761 9574.62 270.635
12800 50 2.97344 0.19 8093.72 223.46
12800 60 2.97344 0.24 7091.93 191.393
12800 70 2.97344 0.1962 6530.32 202.227
12800 80 2.97344 0.2482 6013.05 183.236
12800 90 2.97344 0.324 5489.7 161.912
12800 100 2.97344 0.4084 5281.68 176.837
25600 10 2.97344 4.475 57277.3 1683.16
25600 20 2.97344 0.292 32594.7 953.838
25600 30 2.97344 0.216 23550.9 648.959
25600 40 2.97344 0.2646 18547.2 540.975
25600 50 2.97344 0.34 15484.4 445.296
25600 60 2.97344 0.3182 13395.6 381.563
25600 70 2.97344 0.3362 12283.7 403.246
25600 80 2.97344 0.6324 11175 362.302
25600 90 2.97344 0.5582 10047.2 320.728
25600 100 2.97344 0.6307 9616.48 350.521
51200 10 2.97344 8.69 114034 3323.42
51200 20 2.97344 0.698 64615.5 1838.03
51200 30 2.97344 0.561 46506.6 1268.46
51200 40 2.97344 0.571 36480.9 1063.09
51200 50 2.97344 0.5723 30258.7 880.749
51200 60 2.97344 0.7021 26012.9 753.889
51200 70 2.97344 0.9453 23780 786.659
51200 80 2.97344 1.1444 21507.2 707.43
51200 90 2.97344 1.0446 19151.5 624.105
51200 100 2.97344 1.2705 18274.6 670.393
102400 10 2.97344 15.701 227652 6620.96
102400 20 2.97344 1.7 128730 3677.97
102400 30 2.97344 1.008 92244.4 2502.5
102400 40 2.97344 1.0762 72381.2 2118.78
102400 50 2.97344 1.2929 59833.4 1747.32
102400 60 2.97344 1.4118 51230.3 1496.09
102400 70 2.97344 1.989 46783.9 1568.95
102400 80 2.97344 2.0552 42162.4 1410.98
102400 90 2.97344 2.1696 37376.1 1246.84
102400 100 2.97344 2.6714 35628.2 1340.15
204800 10 2.97344 35.342 454961 13202
204800 20 2.97344 3.7 257004 7309.7
204800 30 2.97344 2.184 183904 5011.24
204800 40 2.97344 2.4079 144121 4236.55
204800 50 2.97344 2.7504 118984 3492.92
204800 60 2.97344 3.2276 101663 2987.09
204800 70 2.97344 3.4252 92839.2 3139.63
204800 80 2.97344 4.3512 83522.4 2821.18
204800 90 2.97344 4.5737 73817.4 2483.09
204800 100 2.97344 5.2544 70311.2 2668.65
409600 10 2.97344 69.507 910339 26363.5
409600 20 2.97344 7.034 513740 14618.4
409600 30 2.97344 4.023 367513 10016.2
409600 40 2.97344 4.4653 287735 8446.21
409600 50 2.97344 5.2914 237324 6961.47
409600 60 2.97344 6.2058 202553 5967.89
409600 70 2.97344 7.4581 184902 6250.34
409600 80 2.97344 7.9043 166189 5616.83
409600 90 2.97344 9.2733 146741 4961.23
409600 100 2.97344 10.337 139697 5314.86
819200 10 2.97344 134.866 1.81995e+06 52673.2
819200 20 2.97344 12.9 1.02694e+06 29164.5
819200 30 2.97344 7.722 734233 20047.2
819200 40 2.97344 8.6357 574565 16893.3
819200 50 2.97344 10.7725 473784 13916.6
819200 60 2.97344 12.5284 404586 11942.8
819200 70 2.97344 14.3585 369070 12495.2
819200 80 2.97344 16.1551 331438 11218.7
819200 90 2.97344 18.225 292521 9903.63
819200 100 2.97344 20.4176 278320 10590.8
1638400 10 2.97344 257.142 3.63545e+06 105145
1638400 20 2.97344 21.5 2.05128e+06 58185.7
1638400 30 2.97344 15.819 1.46668e+06 40075.8
1638400 40 2.97344 17.9593 1.14821e+06 33750.3
1638400 50 2.97344 20.8152 947284 27809
1638400 60 2.97344 24.8109 807376 23764
1638400 70 2.97344 29.6895 737007 24949.8
1638400 80 2.97344 33.1882 661619 22374
1638400 90 2.97344 36.303 583972 20188.1
1638400 100 2.97344 40.5268 555398 22095.1
3276800 10 2.97344 582.663 7.28309e+06 212730
3276800 20 2.97344 45.276 4.10345e+06 119762
3276800 30 2.97344 32.994 2.93137e+06 81840.5
3276800 40 2.97344 36.6391 2.29752e+06 68821.6
3276800 50 2.97344 42.9474 1.89446e+06 56504.8
3276800 60 2.97344 50.4844 1.61551e+06 48277.1
3276800 70 2.97344 58.4771 1.47374e+06 51028.5
3276800 80 2.97344 65.9161 1.32345e+06 45913.1
3276800 90 2.97344 74.6991 1.16749e+06 40715.6
3276800 100 2.97344 81.8617 1.11037e+06 44284.4
