n=3170441 m=100 k=5
200 10 1.35691 260.586 3511.35 73.8362
200 20 1.35691 247.102 3339.08 69.8274
200 30 1.35691 232.979 3160.77 66.0313
200 40 1.35691 219.72 2990.54 62.1312
200 50 1.35691 205.953 2815.68 57.9213
200 60 1.35691 192.287 2641.67 54.2065
200 70 1.35691 178.578 2467.11 51.3894
200 80 1.35691 165.259 2296.54 47.7192
200 90 1.35691 151.358 2120.21 43.4854
200 100 1.35691 137.816 1947.46 39.2365
400 10 1.35691 533.837 6990.7 148.819
400 20 1.35691 520.769 6822.02 142.699
400 30 1.35691 506.49 6642.39 140.079
400 40 1.35691 492.315 6463.8 134.5
400 50 1.35691 478.985 6292.85 130.938
400 60 1.35691 465.606 6121.78 127.411
400 70 1.35691 451.64 5944.92 124.089
400 80 1.35691 437.577 5767.15 119.454
400 90 1.35691 424.392 5597.53 118.511
400 100 1.35691 411.037 5426.38 113.361
800 10 1.35691 1081.29 13958.5 290.638
800 20 1.35691 1065.65 13766 286.158
800 30 1.35691 1051.12 13583.8 282.749
800 40 1.35691 1038.13 13416 281.771
800 50 1.35691 1024.11 13238.7 276.513
800 60 1.35691 1010.97 13069.8 270.486
800 70 1.35691 997.002 12893.2 268.143
800 80 1.35691 981.992 12706.3 261.659
800 90 1.35691 969.468 12542.9 261.101
800 100 1.35691 956.964 12379.8 258.413
1600 10 1.35691 2172.47 27858.6 573.248
1600 20 1.35691 2154.81 27647.4 566.902
1600 30 1.35691 2142.78 27488.2 568.213
1600 40 1.35691 2131.58 27338.4 566.572
1600 50 1.35691 2111.34 27101.9 562.932
1600 60 1.35691 2101.73 26966.4 555.115
1600 70 1.35691 2088.18 26794.2 552.298
1600 80 1.35691 2074.14 26616.1 547.957
1600 90 1.35691 2057.65 26414.8 545.998
1600 100 1.35691 2048.32 26281.6 544.854
3200 10 1.35691 4352.53 55639.1 1131.43
3200 20 1.35691 4335.5 55432.8 1126.14
3200 30 1.35691 4321.07 55250.6 1114.89
3200 40 1.35691 4313.02 55130.8 1116.71
3200 50 1.35691 4303.59 54995.8 1122.53
3200 60 1.35691 4290.65 54828 1122.91
3200 70 1.35691 4266.14 54553 1101.51
3200 80 1.35691 4262.76 54475.9 1102.83
3200 90 1.35691 4243.82 54251.3 1103.92
3200 100 1.35691 4230.11 54078.5 1097.51
6400 10 1.35691 8728.81 111349 2243.72
6400 20 1.35691 8724.08 111255 2253.91
6400 30 1.35691 8687.64 110871 2219.69
6400 40 1.35691 8681.26 110761 2226.08
6400 50 1.35691 8659.12 110511 2210.38
6400 60 1.35691 8656.05 110436 2214.22
6400 70 1.35691 8632.32 110168 2208.57
6400 80 1.35691 8619.39 110003 2225.9
6400 90 1.35691 8615.67 109920 2220.69
6400 100 1.35691 8598.82 109715 2205.6
12800 10 1.35691 17457.4 222542 4445.52
12800 20 1.35691 17439.6 222329 4445.27
12800 30 1.35691 17416.8 222069 4443.98
12800 40 1.35691 17415 222009 4448.23
12800 50 1.35691 17401.5 221839 4430.32
12800 60 1.35691 17380.8 221592 4438.53
12800 70 1.35691 17364.6 221400 4427.4
12800 80 1.35691 17350.6 221223 4394.86
12800 90 1.35691 17337.7 221057 4415.03
12800 100 1.35691 17336 220993 4416.15
25600 10 1.35691 34906.2 444861 8834.72
25600 20 1.35691 34925.6 444992 8838.49
25600 30 1.35691 34892.3 444626 8895.31
25600 40 1.35691 34836.4 444064 8815.8
25600 50 1.35691 34860.3 444233 8834.68
25600 60 1.35691 34837.3 443978 8811.07
25600 70 1.35691 34851.7 444071 8814.55
25600 80 1.35691 34828.4 443807 8850.8
25600 90 1.35691 34798.9 443483 8791.74
25600 100 1.35691 34815.2 443579 8906.73
51200 10 1.35691 69757.2 889052 17616.5
51200 20 1.35691 69748.2 888922 17629.3
51200 30 1.35691 69724 888632 17701
51200 40 1.35691 69786.3 889168 17691.9
51200 50 1.35691 69772.4 889002 17675.2
51200 60 1.35691 69745.1 888694 17767.2
51200 70 1.35691 69746.2 888657 17632
51200 80 1.35691 69721 888382 17648.5
51200 90 1.35691 69758.7 888698 17810.2
51200 100 1.35691 69671.1 887827 17690.4
102400 10 1.35691 139541 1.77822e+06 35081.9
102400 20 1.35691 139762 1.7802e+06 35884.1
102400 30 1.35691 139606 1.7787e+06 36206.8
102400 40 1.35691 139675 1.77928e+06 36222.9
102400 50 1.35691 139547 1.77805e+06 36163.5
102400 60 1.35691 139518 1.77773e+06 36231.3
102400 70 1.35691 139883 1.7811e+06 36460
102400 80 1.35691 139542 1.77786e+06 36291.1
102400 90 1.35691 139689 1.77915e+06 36379
102400 100 1.35691 139532 1.7777e+06 36115.7
204800 10 1.35691 279423 3.55942e+06 72493.4
204800 20 1.35691 279455 3.55959e+06 72637.7
204800 30 1.35691 279397 3.55899e+06 72568.2
204800 40 1.35691 279150 3.55671e+06 72226.7
204800 50 1.35691 279169 3.55685e+06 72319.1
204800 60 1.35691 279124 3.55642e+06 72275.7
204800 70 1.35691 279544 3.5603e+06 72567.9
204800 80 1.35691 279234 3.5573e+06 72402.3
204800 90 1.35691 279652 3.56117e+06 72620.9
204800 100 1.35691 279110 3.55605e+06 72353.8
409600 10 1.35691 558415 7.11454e+06 144749
409600 20 1.35691 558518 7.11566e+06 144241
409600 30 1.35691 558975 7.11975e+06 144714
409600 40 1.35691 558377 7.11413e+06 144613
409600 50 1.35691 558116 7.11157e+06 144615
409600 60 1.35691 558158 7.11206e+06 144333
409600 70 1.35691 558070 7.11113e+06 144040
409600 80 1.35691 558787 7.11779e+06 144844
409600 90 1.35691 558399 7.11391e+06 144296
409600 100 1.35691 557853 7.10909e+06 143877
819200 10 1.35691 1.11723e+06 1.42328e+07 288078
819200 20 1.35691 1.11623e+06 1.42232e+07 288230
819200 30 1.35691 1.11599e+06 1.42213e+07 286780
819200 40 1.35691 1.11658e+06 1.42269e+07 287239
819200 50 1.35691 1.11684e+06 1.42288e+07 288933
819200 60 1.35691 1.11619e+06 1.4223e+07 287559
819200 70 1.35691 1.1161e+06 1.42218e+07 287734
819200 80 1.35691 1.11799e+06 1.42395e+07 289026
819200 90 1.35691 1.11667e+06 1.42273e+07 287606
819200 100 1.35691 1.11675e+06 1.42276e+07 288791
1638400 10 1.35691 2.23443e+06 2.84651e+07 576211
1638400 20 1.35691 2.23544e+06 2.84744e+07 577329
1638400 30 1.35691 2.23545e+06 2.8475e+07 575633
1638400 40 1.35691 2.23562e+06 2.84755e+07 577059
1638400 50 1.35691 2.23483e+06 2.84685e+07 576153
1638400 60 1.35691 2.23669e+06 2.84861e+07 579623
1638400 70 1.35691 2.23546e+06 2.84745e+07 579380
1638400 80 1.35691 2.23434e+06 2.84642e+07 577655
1638400 90 1.35691 2.23498e+06 2.84697e+07 578939
1638400 100 1.35691 2.23525e+06 2.84721e+07 579710
