n=421419 m=100 k=78
200 10 3.00892 205.647 1.4359e-06
200 20 3.00892 194.88 1.0655e-06
200 30 3.00892 183.98 1.033e-06
200 40 3.00892 173.216 1.006e-06
200 50 3.00892 162.509 9.858e-07
200 60 3.00892 151.752 9.816e-07
200 70 3.00892 140.949 9.249e-07
200 80 3.00892 130.346 8.922e-07
200 90 3.00892 119.601 8.584e-07
200 100 3.00892 108.716 8.223e-07
400 10 3.00892 420.608 1.6947e-06
400 20 3.00892 409.941 1.6681e-06
400 30 3.00892 399.08 1.6352e-06
400 40 3.00892 388.307 1.6067e-06
400 50 3.00892 377.64 1.5929e-06
400 60 3.00892 366.614 1.5536e-06
400 70 3.00892 356.272 1.5128e-06
400 80 3.00892 345.31 1.4691e-06
400 90 3.00892 334.812 1.4571e-06
400 100 3.00892 323.848 1.4232e-06
800 10 3.00892 850.688 2.9279e-06
800 20 3.00892 840.104 2.8954e-06
800 30 3.00892 829.428 2.8312e-06
800 40 3.00892 818.869 2.7833e-06
800 50 3.00892 808.298 2.7776e-06
800 60 3.00892 797.297 2.7509e-06
800 70 3.00892 787.162 2.7488e-06
800 80 3.00892 775.973 2.7093e-06
800 90 3.00892 765.233 2.6805e-06
800 100 3.00892 754.123 2.6e-06
1600 10 3.00892 1712.84 5.2793e-06
1600 20 3.00892 1699.82 5.2479e-06
1600 30 3.00892 1689.7 5.2655e-06
1600 40 3.00892 1679.4 5.2398e-06
1600 50 3.00892 1669.23 5.1356e-06
1600 60 3.00892 1658.43 5.0998e-06
1600 70 3.00892 1648.32 5.0828e-06
1600 80 3.00892 1634.91 5.0434e-06
1600 90 3.00892 1626.1 5.0575e-06
1600 100 3.00892 1616.16 5.0488e-06
3200 10 3.00892 3434.53 1.01168e-05
3200 20 3.00892 3421.14 9.9504e-06
3200 30 3.00892 3412.53 9.9566e-06
3200 40 3.00892 3399.64 9.9076e-06
3200 50 3.00892 3393.36 9.9528e-06
3200 60 3.00892 3377.75 9.9156e-06
3200 70 3.00892 3369.46 9.9818e-06
3200 80 3.00892 3358.54 9.8043e-06
3200 90 3.00892 3345.35 9.7405e-06
3200 100 3.00892 3336.24 9.7266e-06
6400 10 3.00892 6877.24 1.94699e-05
6400 20 3.00892 6868.66 1.94768e-05
6400 30 3.00892 6849.52 1.94037e-05
6400 40 3.00892 6848.07 1.95707e-05
6400 50 3.00892 6832.76 1.95292e-05
6400 60 3.00892 6822.86 1.93192e-05
6400 70 3.00892 6814.84 1.93018e-05
6400 80 3.00892 6800.36 1.92451e-05
6400 90 3.00892 6798.48 1.92989e-05
6400 100 3.00892 6782.44 1.92139e-05
12800 10 3.00892 13763.1 3.83988e-05
12800 20 3.00892 13762.3 3.85381e-05
12800 30 3.00892 13741.8 3.8659e-05
12800 40 3.00892 13743 3.85579e-05
12800 50 3.00892 13725.8 3.83089e-05
12800 60 3.00892 13704.7 3.81602e-05
12800 70 3.00892 13700.6 3.81851e-05
12800 80 3.00892 13691 3.8183e-05
12800 90 3.00892 13671.5 3.80574e-05
12800 100 3.00892 13672.6 3.81967e-05
25600 10 3.00892 27540.2 7.6329e-05
25600 20 3.00892 27512.3 7.64275e-05
25600 30 3.00892 27508.1 7.65093e-05
25600 40 3.00892 27522.3 7.624e-05
25600 50 3.00892 27495.9 7.60753e-05
25600 60 3.00892 27495.7 7.60939e-05
25600 70 3.00892 27486.6 7.61029e-05
25600 80 3.00892 27447.9 7.5804e-05
25600 90 3.00892 27462.3 7.60257e-05
25600 100 3.00892 27449.9 7.60113e-05
51200 10 3.00892 55116.4 0.000153004
51200 20 3.00892 55063.6 0.000152785
51200 30 3.00892 55094.6 0.000152145
51200 40 3.00892 55067.4 0.000151741
51200 50 3.00892 55059.7 0.000151765
51200 60 3.00892 55027.2 0.000151502
51200 70 3.00892 55052.1 0.000151791
51200 80 3.00892 55043.9 0.000151836
51200 90 3.00892 54998.7 0.000151536
51200 100 3.00892 54992.9 0.000151607
102400 10 3.00892 110175 0.000303476
102400 20 3.00892 110209 0.000301907
102400 30 3.00892 110229 0.000238255
102400 40 3.00892 110066 0.000236324
102400 50 3.00892 110118 0.000236929
102400 60 3.00892 110062 0.000236315
102400 70 3.00892 110142 0.000237405
102400 80 3.00892 110168 0.000236643
102400 90 3.00892 110149 0.000236494
102400 100 3.00892 110095 0.000236929
204800 10 3.00892 220336 0.000472381
204800 20 3.00892 220379 0.000472978
204800 30 3.00892 220537 0.000473349
204800 40 3.00892 220473 0.000474415
204800 50 3.00892 220291 0.000472857
204800 60 3.00892 220332 0.000472884
204800 70 3.00892 220513 0.000474013
204800 80 3.00892 220344 0.000472466
204800 90 3.00892 220291 0.000472539
204800 100 3.00892 220286 0.000472149
409600 10 3.00892 440607 0.000944291
409600 20 3.00892 441130 0.000947349
409600 30 3.00892 441072 0.000946019
409600 40 3.00892 440992 0.000934355
409600 50 3.00892 440943 0.000923001
409600 60 3.00892 440751 0.000922438
409600 70 3.00892 440630 0.000921092
409600 80 3.00892 440791 0.000920354
409600 90 3.00892 440937 0.000923124
409600 100 3.00892 440674 0.000920519
