n=3170441 m=100 k=5
200 10 1.35691 0.0015 9.485e-07
200 20 1.35691 0 9.435e-07
200 30 1.35691 0.0001 9.516e-07
200 40 1.35691 0 9.628e-07
200 50 1.35691 0 9.56e-07
200 60 1.35691 0.0061 9.586e-07
200 70 1.35691 0 9.636e-07
200 80 1.35691 0 9.678e-07
200 90 1.35691 0 9.656e-07
200 100 1.35691 0.0101 9.734e-07
400 10 1.35691 0.0021 1.2414e-06
400 20 1.35691 0 1.2438e-06
400 30 1.35691 0.0001 1.2397e-06
400 40 1.35691 0 1.262e-06
400 50 1.35691 0 1.2561e-06
400 60 1.35691 0.0061 1.2545e-06
400 70 1.35691 0.0071 1.259e-06
400 80 1.35691 0 1.2683e-06
400 90 1.35691 0.0034 1.2625e-06
400 100 1.35691 0.0101 1.3181e-06
800 10 1.35691 0.0051 1.8119e-06
800 20 1.35691 0.0004 1.8273e-06
800 30 1.35691 0.0003 1.8256e-06
800 40 1.35691 0.0041 1.8553e-06
800 50 1.35691 0.0051 1.8544e-06
800 60 1.35691 0.0061 1.8571e-06
800 70 1.35691 0.0213 1.8608e-06
800 80 1.35691 0 1.8597e-06
800 90 1.35691 0.0455 1.9121e-06
800 100 1.35691 0.0202 1.923e-06
1600 10 1.35691 0.0104 2.95e-06
1600 20 1.35691 0.0008 2.968e-06
1600 30 1.35691 0.0008 2.9693e-06
1600 40 1.35691 0.0164 3.0474e-06
1600 50 1.35691 0.0137 3.0361e-06
1600 60 1.35691 0.0415 3.023e-06
1600 70 1.35691 0.0355 3.0215e-06
1600 80 1.35691 0.0243 3.0978e-06
1600 90 1.35691 0.0602 3.1097e-06
1600 100 1.35691 0.074 3.1133e-06
3200 10 1.35691 0.0183 5.1889e-06
3200 20 1.35691 0.0028 5.1968e-06
3200 30 1.35691 0.0015 5.2053e-06
3200 40 1.35691 0.0443 5.3809e-06
3200 50 1.35691 0.0545 5.3701e-06
3200 60 1.35691 0.0598 5.3658e-06
3200 70 1.35691 0.0284 5.4653e-06
3200 80 1.35691 0.0567 5.472e-06
3200 90 1.35691 0.1442 5.4785e-06
3200 100 1.35691 0.101 5.4353e-06
6400 10 1.35691 0.0391 9.7145e-06
6400 20 1.35691 0.0034 9.6965e-06
6400 30 1.35691 0.0015 9.7156e-06
6400 40 1.35691 0.107 1.01482e-05
6400 50 1.35691 0.1428 1.01573e-05
6400 60 1.35691 0.1646 1.01915e-05
6400 70 1.35691 0.1775 1.01865e-05
6400 80 1.35691 0.2171 1.01863e-05
6400 90 1.35691 0.162 1.0188e-05
6400 100 1.35691 0.2561 1.01857e-05
12800 10 1.35691 0.079 1.87056e-05
12800 20 1.35691 0.0053 1.87248e-05
12800 30 1.35691 0.0058 1.86998e-05
12800 40 1.35691 0.1757 1.97412e-05
12800 50 1.35691 0.215 1.97359e-05
12800 60 1.35691 0.2228 1.96725e-05
12800 70 1.35691 0.3099 1.96484e-05
12800 80 1.35691 0.363 1.96537e-05
12800 90 1.35691 0.4086 1.9659e-05
12800 100 1.35691 0.4437 1.96566e-05
25600 10 1.35691 0.1551 3.67557e-05
25600 20 1.35691 0.0111 3.67361e-05
25600 30 1.35691 0.0092 3.66843e-05
25600 40 1.35691 0.366 3.89619e-05
25600 50 1.35691 0.3712 3.88803e-05
25600 60 1.35691 0.5573 3.86065e-05
25600 70 1.35691 0.6954 3.85721e-05
25600 80 1.35691 0.8955 3.85997e-05
25600 90 1.35691 0.8367 3.86326e-05
25600 100 1.35691 0.8482 3.86028e-05
51200 10 1.35691 0.2834 7.27913e-05
51200 20 1.35691 0.0308 7.28391e-05
51200 30 1.35691 0.0194 7.28682e-05
51200 40 1.35691 0.8527 7.78011e-05
51200 50 1.35691 0.799 7.7099e-05
51200 60 1.35691 1.1126 7.65203e-05
51200 70 1.35691 1.2471 7.6521e-05
51200 80 1.35691 1.3419 7.65666e-05
51200 90 1.35691 1.5317 7.65406e-05
51200 100 1.35691 1.9299 7.65577e-05
102400 10 1.35691 0.5231 0.000145208
102400 20 1.35691 0.0561 0.000145542
102400 30 1.35691 0.0414 0.000145539
102400 40 1.35691 1.4268 0.000155569
102400 50 1.35691 1.7363 0.000153595
102400 60 1.35691 2.1499 0.000152417
102400 70 1.35691 2.3707 0.000152341
102400 80 1.35691 2.7691 0.000152371
102400 90 1.35691 2.9451 0.000152356
102400 100 1.35691 3.3489 0.000152545
204800 10 1.35691 1.2483 0.000291199
204800 20 1.35691 0.0996 0.00029121
204800 30 1.35691 0.077 0.000290036
204800 40 1.35691 2.8832 0.000309541
204800 50 1.35691 3.6334 0.000306805
204800 60 1.35691 4.2605 0.000305368
204800 70 1.35691 4.9099 0.000305375
204800 80 1.35691 5.5643 0.00030507
204800 90 1.35691 6.4002 0.000305274
204800 100 1.35691 6.9645 0.000305544
409600 10 1.35691 2.2937 0.000581759
409600 20 1.35691 0.2231 0.000578065
409600 30 1.35691 0.1454 0.000575182
409600 40 1.35691 5.8752 0.000616448
409600 50 1.35691 7.1699 0.00060996
409600 60 1.35691 8.9812 0.000607242
409600 70 1.35691 10.198 0.000606861
409600 80 1.35691 10.9105 0.00060683
409600 90 1.35691 12.6159 0.000606772
409600 100 1.35691 13.6749 0.00060666
819200 10 1.35691 4.5463 0.00115328
819200 20 1.35691 0.4208 0.00115241
819200 30 1.35691 0.2964 0.00114485
819200 40 1.35691 12.1067 0.00113415
819200 50 1.35691 14.727 0.00113357
819200 60 1.35691 17.2225 0.00113331
819200 70 1.35691 20.2548 0.00113286
819200 80 1.35691 22.4169 0.00113246
819200 90 1.35691 25.2415 0.00113227
819200 100 1.35691 27.1783 0.0011324
1638400 10 1.35691 9.2091 0.00226446
1638400 20 1.35691 0.8419 0.00226427
1638400 30 1.35691 0.5935 0.00226393
1638400 40 1.35691 24.1784 0.00226391
1638400 50 1.35691 29.0641 0.00226368
1638400 60 1.35691 34.5115 0.00226319
1638400 70 1.35691 39.4938 0.00226331
1638400 80 1.35691 44.9002 0.0022637
1638400 90 1.35691 49.6282 0.00226331
1638400 100 1.35691 55.1367 0.00226319
