n=421419 m=100 k=78
200 10 3.00892 0.0026 1.0144e-06
200 20 3.00892 0.0006 8.886e-07
200 30 3.00892 0.0003 9.038e-07
200 40 3.00892 0.0287 9.089e-07
200 50 3.00892 0.0153 8.959e-07
200 60 3.00892 0.0305 8.965e-07
200 70 3.00892 0.0426 8.957e-07
200 80 3.00892 0.0081 8.95e-07
200 90 3.00892 0.0546 8.977e-07
200 100 3.00892 0.0505 8.977e-07
400 10 3.00892 0.0049 1.1384e-06
400 20 3.00892 0.0006 1.1568e-06
400 30 3.00892 0.0005 1.1608e-06
400 40 3.00892 0.0369 1.1913e-06
400 50 3.00892 0.0408 1.1879e-06
400 60 3.00892 0.0488 1.1888e-06
400 70 3.00892 0.0355 1.1924e-06
400 80 3.00892 0.0486 1.1891e-06
400 90 3.00892 0.0455 1.1897e-06
400 100 3.00892 0.0606 1.1937e-06
800 10 3.00892 0.0101 1.6965e-06
800 20 3.00892 0.0022 1.7054e-06
800 30 3.00892 0.0011 1.7251e-06
800 40 3.00892 0.1066 1.7723e-06
800 50 3.00892 0.1105 1.7759e-06
800 60 3.00892 0.122 1.7739e-06
800 70 3.00892 0.1207 1.7758e-06
800 80 3.00892 0.243 1.7736e-06
800 90 3.00892 0.1491 1.7769e-06
800 100 3.00892 0.1818 1.7779e-06
1600 10 3.00892 0.0232 2.8097e-06
1600 20 3.00892 0.0033 2.8197e-06
1600 30 3.00892 0.0035 2.836e-06
1600 40 3.00892 0.1476 2.9338e-06
1600 50 3.00892 0.1836 2.9419e-06
1600 60 3.00892 0.2867 2.9355e-06
1600 70 3.00892 0.2769 2.9414e-06
1600 80 3.00892 0.3197 2.9416e-06
1600 90 3.00892 0.3003 2.9426e-06
1600 100 3.00892 0.4444 2.941e-06
3200 10 3.00892 0.0445 5.0272e-06
3200 20 3.00892 0.0089 5.0387e-06
3200 30 3.00892 0.0082 5.0537e-06
3200 40 3.00892 0.3239 5.27e-06
3200 50 3.00892 0.3605 5.2671e-06
3200 60 3.00892 0.5002 5.2742e-06
3200 70 3.00892 0.5254 5.2781e-06
3200 80 3.00892 0.5832 5.2746e-06
3200 90 3.00892 0.7189 5.2865e-06
3200 100 3.00892 0.7373 5.3051e-06
6400 10 3.00892 0.1034 9.4799e-06
6400 20 3.00892 0.0198 9.4809e-06
6400 30 3.00892 0.0144 9.4868e-06
6400 40 3.00892 0.6396 9.9398e-06
6400 50 3.00892 0.7548 9.9415e-06
6400 60 3.00892 0.9736 9.9392e-06
6400 70 3.00892 1.0437 9.9457e-06
6400 80 3.00892 1.3848 9.9514e-06
6400 90 3.00892 1.3104 9.9492e-06
6400 100 3.00892 1.515 9.9474e-06
12800 10 3.00892 0.1682 1.83541e-05
12800 20 3.00892 0.0349 1.83611e-05
12800 30 3.00892 0.031 1.84313e-05
12800 40 3.00892 1.2458 1.96192e-05
12800 50 3.00892 1.4586 1.95962e-05
12800 60 3.00892 1.8643 1.94954e-05
12800 70 3.00892 2.2152 1.91566e-05
12800 80 3.00892 2.3328 1.93571e-05
12800 90 3.00892 2.7482 1.93019e-05
12800 100 3.00892 3.1007 1.95075e-05
25600 10 3.00892 0.3505 3.62248e-05
25600 20 3.00892 0.0636 3.62446e-05
25600 30 3.00892 0.0571 3.62662e-05
25600 40 3.00892 2.3041 3.86789e-05
25600 50 3.00892 2.9393 3.82063e-05
25600 60 3.00892 3.7799 3.77284e-05
25600 70 3.00892 4.5372 3.81695e-05
25600 80 3.00892 4.5557 3.81225e-05
25600 90 3.00892 5.6963 3.81238e-05
25600 100 3.00892 6.1242 3.82826e-05
51200 10 3.00892 0.6808 7.19294e-05
51200 20 3.00892 0.1289 7.19576e-05
51200 30 3.00892 0.1231 7.2073e-05
51200 40 3.00892 4.9688 7.67136e-05
51200 50 3.00892 6.2082 7.47018e-05
51200 60 3.00892 7.0977 7.52136e-05
51200 70 3.00892 8.3567 7.45148e-05
51200 80 3.00892 9.4727 7.149e-05
51200 90 3.00892 11.109 7.14281e-05
51200 100 3.00892 12.0089 7.13727e-05
102400 10 3.00892 1.4326 0.000141826
102400 20 3.00892 0.2648 0.000141925
102400 30 3.00892 0.2423 0.000141846
102400 40 3.00892 10.1531 0.000142109
102400 50 3.00892 12.4428 0.000142005
102400 60 3.00892 15.2767 0.000142218
102400 70 3.00892 16.8591 0.000142053
102400 80 3.00892 19.325 0.00014202
102400 90 3.00892 22.1978 0.000142015
102400 100 3.00892 23.4936 0.000142282
204800 10 3.00892 2.8829 0.000283213
204800 20 3.00892 0.5248 0.000283218
204800 30 3.00892 0.4874 0.000283407
204800 40 3.00892 19.9727 0.00028352
204800 50 3.00892 24.4782 0.000283626
204800 60 3.00892 30.102 0.000283389
204800 70 3.00892 34.6206 0.000283515
204800 80 3.00892 38.9594 0.000283254
204800 90 3.00892 44.0394 0.000283571
204800 100 3.00892 49.4521 0.00028328
409600 10 3.00892 5.7386 0.000566032
409600 20 3.00892 1.038 0.000566018
409600 30 3.00892 0.9737 0.000566069
409600 40 3.00892 39.85 0.00056667
409600 50 3.00892 49.6893 0.0005663
409600 60 3.00892 59.4143 0.000566439
409600 70 3.00892 69.1553 0.000566397
409600 80 3.00892 78.952 0.000566587
409600 90 3.00892 88.5989 0.000566715
409600 100 3.00892 98.5514 0.000566808
