n=207205 m=100 k=77
200 10 2.90019 0.0041 9.405e-07
200 20 2.90019 0.0014 8.788e-07
200 30 2.90019 0.0011 8.908e-07
200 40 2.90019 0.0197 8.991e-07
200 50 2.90019 0.0551 9.042e-07
200 60 2.90019 0.0526 9.001e-07
200 70 2.90019 0.0781 8.94e-07
200 80 2.90019 0.081 8.955e-07
200 90 2.90019 0.0781 8.958e-07
200 100 2.90019 0.0707 8.979e-07
400 10 2.90019 0.0081 1.1441e-06
400 20 2.90019 0.0023 1.153e-06
400 30 2.90019 0.0017 1.1525e-06
400 40 2.90019 0.1228 1.1663e-06
400 50 2.90019 0.1151 1.1647e-06
400 60 2.90019 0.1342 1.167e-06
400 70 2.90019 0.1786 1.1669e-06
400 80 2.90019 0.1552 1.1687e-06
400 90 2.90019 0.1627 1.1679e-06
400 100 2.90019 0.213 1.1634e-06
800 10 2.90019 0.016 1.6802e-06
800 20 2.90019 0.0052 1.6928e-06
800 30 2.90019 0.0054 1.7085e-06
800 40 2.90019 0.1271 1.9842e-06
800 50 2.90019 0.1915 1.5658e-06
800 60 2.90019 0.244 1.5679e-06
800 70 2.90019 0.2475 1.5675e-06
800 80 2.90019 0.4043 1.5611e-06
800 90 2.90019 0.3507 1.5393e-06
800 100 2.90019 0.2877 1.5674e-06
1600 10 2.90019 0.036 2.6484e-06
1600 20 2.90019 0.0101 2.6633e-06
1600 30 2.90019 0.008 2.665e-06
1600 40 2.90019 0.2694 2.6642e-06
1600 50 2.90019 0.4007 2.664e-06
1600 60 2.90019 0.6011 2.6645e-06
1600 70 2.90019 0.5912 2.6602e-06
1600 80 2.90019 0.6236 2.6665e-06
1600 90 2.90019 0.6718 2.665e-06
1600 100 2.90019 0.9888 2.6636e-06
3200 10 2.90019 0.0591 4.8618e-06
3200 20 2.90019 0.0199 4.8731e-06
3200 30 2.90019 0.0171 4.8774e-06
3200 40 2.90019 0.7665 4.8876e-06
3200 50 2.90019 0.7452 4.8833e-06
3200 60 2.90019 0.9833 4.8812e-06
3200 70 2.90019 1.1259 4.8805e-06
3200 80 2.90019 1.2041 4.8812e-06
3200 90 2.90019 1.4867 4.8847e-06
3200 100 2.90019 1.5171 4.8839e-06
6400 10 2.90019 0.1264 9.2832e-06
6400 20 2.90019 0.038 9.2893e-06
6400 30 2.90019 0.031 9.2994e-06
6400 40 2.90019 1.4643 9.3e-06
6400 50 2.90019 1.5838 9.3033e-06
6400 60 2.90019 2.0762 9.3029e-06
6400 70 2.90019 2.0432 9.3055e-06
6400 80 2.90019 2.6376 9.304e-06
6400 90 2.90019 3.3132 9.3266e-06
6400 100 2.90019 3.3049 9.3036e-06
12800 10 2.90019 0.2416 1.81065e-05
12800 20 2.90019 0.0764 1.81406e-05
12800 30 2.90019 0.0711 1.81565e-05
12800 40 2.90019 2.5926 1.83181e-05
12800 50 2.90019 3.4493 1.84569e-05
12800 60 2.90019 3.8274 1.82032e-05
12800 70 2.90019 4.4472 1.82025e-05
12800 80 2.90019 5.4164 1.82083e-05
12800 90 2.90019 5.9191 1.81984e-05
12800 100 2.90019 6.631 1.82102e-05
25600 10 2.90019 0.4779 3.57789e-05
25600 20 2.90019 0.1435 3.57849e-05
25600 30 2.90019 0.1296 3.57903e-05
25600 40 2.90019 5.379 3.59985e-05
25600 50 2.90019 6.5887 3.59016e-05
25600 60 2.90019 7.8391 3.59767e-05
25600 70 2.90019 9.2958 3.60386e-05
25600 80 2.90019 10.5299 3.60187e-05
25600 90 2.90019 11.3641 3.61809e-05
25600 100 2.90019 12.6183 3.59604e-05
51200 10 2.90019 1.024 7.11367e-05
51200 20 2.90019 0.3014 7.11278e-05
51200 30 2.90019 0.2728 7.11319e-05
51200 40 2.90019 10.8194 7.14566e-05
51200 50 2.90019 13.4207 7.15869e-05
51200 60 2.90019 15.9806 7.12628e-05
51200 70 2.90019 18.2849 7.14105e-05
51200 80 2.90019 20.7713 7.16977e-05
51200 90 2.90019 23.3219 7.13717e-05
51200 100 2.90019 25.6211 7.13026e-05
102400 10 2.90019 2.0833 0.000141857
102400 20 2.90019 0.6185 0.000141939
102400 30 2.90019 0.5341 0.000141918
102400 40 2.90019 21.178 0.000142004
102400 50 2.90019 26.5444 0.000142232
102400 60 2.90019 31.4428 0.0001425
102400 70 2.90019 36.9695 0.000142267
102400 80 2.90019 41.7255 0.000142256
102400 90 2.90019 46.3787 0.00014208
102400 100 2.90019 51.612 0.000142105
204800 10 2.90019 3.9465 0.000283174
204800 20 2.90019 1.2373 0.00028322
204800 30 2.90019 1.0933 0.000277275
204800 40 2.90019 44.8897 0.000276585
204800 50 2.90019 54.4263 0.000278193
204800 60 2.90019 65.3243 0.000281691
204800 70 2.90019 75.1505 0.000276718
204800 80 2.90019 84.7699 0.000275064
204800 90 2.90019 94.6531 0.000276698
204800 100 2.90019 104.389 0.000275511
