n=421419 m=100 k=78
200 10 3.00892 0.0023 1869.07 1.0068
200 20 3.00892 0.0004 1929 1.0018
200 30 3.00892 0.0004 1989 1.0015
200 40 3.00892 0.0123 2200.12 1.0023
200 50 3.00892 0.0204 2200.2 1.0012
200 60 3.00892 0.0183 2200.18 1.0011
200 70 3.00892 0.0355 2200.35 1.0016
200 80 3.00892 0.0324 2200.32 1.0012
200 90 3.00892 0.0455 2200.46 1.0021
200 100 3.00892 0.0303 2200.3 1.0013
400 10 3.00892 0.0052 3469.01 1.0059
400 20 3.00892 0.0012 3529 1.0022
400 30 3.00892 0.0008 3589 1.0038
400 40 3.00892 0.0328 4000.33 1.0036
400 50 3.00892 0.0918 4000.92 1.0042
400 60 3.00892 0.0488 4000.49 1.0029
400 70 3.00892 0.1065 4001.07 1.0039
400 80 3.00892 0.0729 4000.73 1.0022
400 90 3.00892 0.0819 4000.82 1.0026
400 100 3.00892 0.0404 4000.4 1.0015
800 10 3.00892 0.0107 6669.02 1.0118
800 20 3.00892 0.0028 6729.01 1.0043
800 30 3.00892 0.0014 6789 1.0026
800 40 3.00892 0.0779 7600.78 1.0054
800 50 3.00892 0.0867 7600.87 1.004
800 60 3.00892 0.0793 7600.79 1.0032
800 70 3.00892 0.1349 7601.35 1.0044
800 80 3.00892 0.1215 7601.22 1.0036
800 90 3.00892 0.1638 7601.64 1.0041
800 100 3.00892 0.1717 7601.72 1.0041
1600 10 3.00892 0.0256 13069.1 1.0267
1600 20 3.00892 0.0033 13129 1.0042
1600 30 3.00892 0.0038 13189 1.0049
1600 40 3.00892 0.1148 14801.1 1.0081
1600 50 3.00892 0.1428 14801.4 1.0062
1600 60 3.00892 0.1708 14801.7 1.0064
1600 70 3.00892 0.284 14802.8 1.0088
1600 80 3.00892 0.3078 14803.1 1.0085
1600 90 3.00892 0.3003 14803 1.0079
1600 100 3.00892 0.327 14803.3 1.007
3200 10 3.00892 0.0403 25869.1 1.0419
3200 20 3.00892 0.0089 25929 1.0165
3200 30 3.00892 0.0078 25989 1.0102
3200 40 3.00892 0.2788 29202.8 1.0276
3200 50 3.00892 0.3672 29203.7 1.146
3200 60 3.00892 0.3965 29204 1.6381
3200 70 3.00892 0.639 29206.4 1.6356
3200 80 3.00892 0.546 29205.5 1.6363
3200 90 3.00892 0.7317 29207.3 1.6393
3200 100 3.00892 0.7272 29207.3 1.6398
6400 10 3.00892 0.0918 51469.2 1.095
6400 20 3.00892 0.0179 51529 1.0285
6400 30 3.00892 0.0162 51589 1.0205
6400 40 3.00892 0.6308 58006.3 2.3382
6400 50 3.00892 0.769 58007.7 1.9658
6400 60 3.00892 0.9821 58009.8 1.0408
6400 70 3.00892 1.0366 58010.4 1.0382
6400 80 3.00892 1.2231 58012.2 1.0375
6400 90 3.00892 1.3559 58013.6 1.0366
6400 100 3.00892 1.5251 58015.3 1.0382
12800 10 3.00892 0.1844 102669 1.1851
12800 20 3.00892 0.0354 102729 1.0365
12800 30 3.00892 0.0304 102789 1.035
12800 40 3.00892 1.2614 115613 3.9555
12800 50 3.00892 1.581 115616 3.9321
12800 60 3.00892 1.9431 115619 3.9784
12800 70 3.00892 2.0377 115620 4.0116
12800 80 3.00892 2.5272 115625 4.1799
12800 90 3.00892 2.7429 115627 4.2566
12800 100 3.00892 3.1287 115631 3.4844
25600 10 3.00892 0.339 205070 1.3413
25600 20 3.00892 0.065 205129 1.0702
25600 30 3.00892 0.0622 205189 1.0729
25600 40 3.00892 2.46 230825 4.1067
25600 50 3.00892 3.1094 230831 4.1559
25600 60 3.00892 3.6417 230836 4.7759
25600 70 3.00892 4.0434 230840 4.7695
25600 80 3.00892 4.9695 230850 4.7816
25600 90 3.00892 5.7582 230858 4.784
25600 100 3.00892 6.2894 230863 4.7513
51200 10 3.00892 0.6336 409870 1.6399
51200 20 3.00892 0.1246 409929 1.1428
51200 30 3.00892 0.1265 409989 1.1504
51200 40 3.00892 5.0504 461251 4.9014
51200 50 3.00892 6.2024 461262 4.9003
51200 60 3.00892 7.7324 461277 4.8538
51200 70 3.00892 8.3459 461283 4.8177
51200 80 3.00892 9.3191 461293 4.387
51200 90 3.00892 11.179 461312 4.207
51200 100 3.00892 12.5206 461325 4.1294
102400 10 3.00892 1.3496 819472 2.3578
102400 20 3.00892 0.2649 819530 1.2737
102400 30 3.00892 0.2473 819590 1.2726
102400 40 3.00892 9.719 922097 5.1035
102400 50 3.00892 12.3736 922124 5.2624
102400 60 3.00892 15.5783 922156 5.1546
102400 70 3.00892 17.1329 922171 5.2703
102400 80 3.00892 19.6576 922197 5.3488
102400 90 3.00892 21.9219 922219 5.3228
102400 100 3.00892 24.0225 922240 4.9142
204800 10 3.00892 2.8863 1.63867e+06 3.896
204800 20 3.00892 0.5285 1.63873e+06 1.5442
204800 30 3.00892 0.4825 1.63879e+06 1.4937
204800 40 3.00892 20.1691 1.8438e+06 5.8789
204800 50 3.00892 24.9122 1.84385e+06 5.4193
204800 60 3.00892 29.9782 1.8439e+06 5.4351
204800 70 3.00892 35.4438 1.84395e+06 6.1486
204800 80 3.00892 39.2063 1.84399e+06 6.3009
204800 90 3.00892 44.373 1.84404e+06 6.1344
204800 100 3.00892 49.2244 1.84409e+06 6.1626
409600 10 3.00892 5.0683 3.27708e+06 6.0803
409600 20 3.00892 1.0521 3.27713e+06 2.062
409600 30 3.00892 0.9733 3.27719e+06 2.0934
409600 40 3.00892 39.914 3.6872e+06 6.1077
409600 50 3.00892 49.5659 3.6873e+06 6.134
409600 60 3.00892 59.4583 3.68739e+06 6.1218
409600 70 3.00892 69.1327 3.68749e+06 6.1211
409600 80 3.00892 79.1923 3.68759e+06 6.1028
409600 90 3.00892 88.5988 3.68769e+06 6.0982
409600 100 3.00892 98.412 3.68778e+06 6.1114
