n=3170441 m=100 k=5
200 10 1.35691 0.0007 1869.07 1.0049
200 20 1.35691 0.0001 1929 1.0021
200 30 1.35691 0 1989 1.0011
200 40 1.35691 0 2200 1.0059
200 50 1.35691 0.0051 2200.05 1.0013
200 60 1.35691 0.0036 2200.04 1.001
200 70 1.35691 0 2200 1.0013
200 80 1.35691 0 2200 1.0012
200 90 1.35691 0.0182 2200.18 1.0018
200 100 1.35691 0 2200 1.0018
400 10 1.35691 0.0034 3469.01 1.0032
400 20 1.35691 0.0009 3529 1.0024
400 30 1.35691 0.0002 3589 1.0015
400 40 1.35691 0.0082 4000.08 1.0018
400 50 1.35691 0.0051 4000.05 1.0044
400 60 1.35691 0.0244 4000.24 1.0043
400 70 1.35691 0.0071 4000.07 1.0014
400 80 1.35691 0.0162 4000.16 1.0019
400 90 1.35691 0.0182 4000.18 1.0017
400 100 1.35691 0 4000 1.0022
800 10 1.35691 0.0054 6669.01 1.0054
800 20 1.35691 0.0005 6729 1.0017
800 30 1.35691 0.0004 6789 1.0017
800 40 1.35691 0.0203 7600.2 1.0033
800 50 1.35691 0.0297 7600.3 1.0031
800 60 1.35691 0.0244 7600.24 1.0045
800 70 1.35691 0.0284 7600.28 1.0025
800 80 1.35691 0.0243 7600.24 1.0016
800 90 1.35691 0.0182 7600.18 1.002
800 100 1.35691 0.0202 7600.2 1.0025
1600 10 1.35691 0.0091 13069 1.0105
1600 20 1.35691 0.0009 13129 1.0027
1600 30 1.35691 0.001 13189 1.0059
1600 40 1.35691 0.0279 14800.3 1.0099
1600 50 1.35691 0.0408 14800.4 1.0185
1600 60 1.35691 0.0244 14800.2 1.0177
1600 70 1.35691 0.0355 14800.4 1.0134
1600 80 1.35691 0.0329 14800.3 1.0166
1600 90 1.35691 0.0454 14800.5 1.0187
1600 100 1.35691 0.0545 14800.5 1.0235
3200 10 1.35691 0.0249 25869.1 1.0238
3200 20 1.35691 0.0022 25929 1.0036
3200 30 1.35691 0.0011 25989 1.0051
3200 40 1.35691 0.0369 29200.4 1.5764
3200 50 1.35691 0.0447 29200.4 1.6102
3200 60 1.35691 0.0522 29200.5 1.5774
3200 70 1.35691 0.0781 29200.8 1.6698
3200 80 1.35691 0.0763 29200.8 1.4881
3200 90 1.35691 0.102 29201 1.7637
3200 100 1.35691 0.075 29200.8 1.7367
6400 10 1.35691 0.0337 51469.1 1.0357
6400 20 1.35691 0.0039 51529 1.0089
6400 30 1.35691 0.002 51589 1.0882
6400 40 1.35691 0.0853 58000.9 3.364
6400 50 1.35691 0.1122 58001.1 3.3052
6400 60 1.35691 0.1271 58001.3 3.2867
6400 70 1.35691 0.2094 58002.1 3.3115
6400 80 1.35691 0.1735 58001.7 3.2768
6400 90 1.35691 0.1365 58001.4 3.353
6400 100 1.35691 0.1919 58001.9 3.4995
12800 10 1.35691 0.0727 102669 1.0759
12800 20 1.35691 0.0089 102729 1.0115
12800 30 1.35691 0.006 102789 1.0326
12800 40 1.35691 0.1871 115602 4.7359
12800 50 1.35691 0.1632 115602 4.6741
12800 60 1.35691 0.2874 115603 4.4817
12800 70 1.35691 0.321 115603 4.4907
12800 80 1.35691 0.3531 115604 3.7206
12800 90 1.35691 0.3573 115604 3.6244
12800 100 1.35691 0.4725 115605 3.6727
25600 10 1.35691 0.1418 205069 1.2243
25600 20 1.35691 0.0117 205129 1.0724
25600 30 1.35691 0.0087 205189 1.0208
25600 40 1.35691 0.3787 230804 4.6197
25600 50 1.35691 0.4103 230804 4.2291
25600 60 1.35691 0.4559 230805 4.1682
25600 70 1.35691 0.5713 230806 3.5359
25600 80 1.35691 0.6054 230806 3.3987
25600 90 1.35691 0.7603 230808 3.2631
25600 100 1.35691 0.7855 230808 2.848
51200 10 1.35691 0.2919 409870 1.4066
51200 20 1.35691 0.0233 409929 1.2272
51200 30 1.35691 0.0188 409989 1.1618
51200 40 1.35691 0.7714 461208 2.9528
51200 50 1.35691 0.9328 461209 3.4203
51200 60 1.35691 1.113 461211 2.8381
51200 70 1.35691 1.2658 461213 2.4649
51200 80 1.35691 1.5378 461215 2.3165
51200 90 1.35691 1.598 461216 2.3129
51200 100 1.35691 1.6003 461216 2.1205
102400 10 1.35691 0.5449 819470 1.5532
102400 20 1.35691 0.0553 819529 1.3793
102400 30 1.35691 0.0395 819589 1.4108
102400 40 1.35691 1.544 922015 2.193
102400 50 1.35691 1.8964 922019 2.3155
102400 60 1.35691 2.2398 922022 2.4505
102400 70 1.35691 2.394 922024 3.3263
102400 80 1.35691 2.8539 922029 4.3583
102400 90 1.35691 3.1452 922032 3.5546
102400 100 1.35691 3.603 922036 4.1397
204800 10 1.35691 1.1006 1.63867e+06 2.0343
204800 20 1.35691 0.1063 1.63873e+06 1.127
204800 30 1.35691 0.0733 1.63879e+06 1.1337
204800 40 1.35691 3.1322 1.84363e+06 3.7294
204800 50 1.35691 3.4494 1.84363e+06 4.4068
204800 60 1.35691 4.3466 1.84364e+06 3.997
204800 70 1.35691 4.8784 1.84365e+06 4.1738
204800 80 1.35691 5.8698 1.84366e+06 4.2583
204800 90 1.35691 6.1343 1.84366e+06 4.0118
204800 100 1.35691 6.469 1.84366e+06 3.8424
409600 10 1.35691 2.1796 3.27707e+06 2.9873
409600 20 1.35691 0.1961 3.27713e+06 1.2746
409600 30 1.35691 0.1562 3.27719e+06 1.2302
409600 40 1.35691 5.9487 3.68686e+06 3.8134
409600 50 1.35691 7.0822 3.68687e+06 4.1358
409600 60 1.35691 8.7373 3.68689e+06 3.9517
409600 70 1.35691 9.8881 3.6869e+06 4.0374
409600 80 1.35691 11.6326 3.68692e+06 4.2004
409600 90 1.35691 13.0298 3.68693e+06 4.3815
409600 100 1.35691 13.2244 3.68693e+06 4.1034
819200 10 1.35691 3.9147 6.55388e+06 4.7166
819200 20 1.35691 0.4369 6.55393e+06 1.4659
819200 30 1.35691 0.2965 6.55399e+06 1.3534
819200 40 1.35691 11.9085 7.37332e+06 4.0214
819200 50 1.35691 14.6312 7.37335e+06 3.9871
819200 60 1.35691 16.9764 7.37337e+06 4.2187
819200 70 1.35691 19.9291 7.3734e+06 4.1648
819200 80 1.35691 22.8214 7.37343e+06 4.0791
819200 90 1.35691 24.2904 7.37344e+06 4.0691
819200 100 1.35691 28.034 7.37348e+06 4.1205
1638400 10 1.35691 9.0616 1.31075e+07 8.88
1638400 20 1.35691 0.8994 1.31075e+07 1.8367
1638400 30 1.35691 0.6065 1.31076e+07 1.637
1638400 40 1.35691 23.4611 1.47462e+07 4.2261
1638400 50 1.35691 29.6344 1.47463e+07 3.9749
1638400 60 1.35691 34.7639 1.47463e+07 3.9644
1638400 70 1.35691 39.5934 1.47464e+07 3.9835
1638400 80 1.35691 44.3703 1.47464e+07 4.01
1638400 90 1.35691 50.8682 1.47465e+07 4.0468
1638400 100 1.35691 55.1646 1.47466e+07 4.168
