n=207205 m=100 k=77
200 10 2.90019 0.0041 1869.07 1.0086
200 20 2.90019 0.001 1929 1.0017
200 30 2.90019 0.0006 1989 1.0029
200 40 2.90019 0.0409 2200.41 1.0068
200 50 2.90019 0.0561 2200.56 1.0042
200 60 2.90019 0.0399 2200.4 1.0025
200 70 2.90019 0.0639 2200.64 1.0036
200 80 2.90019 0.0567 2200.57 1.0023
200 90 2.90019 0.0862 2200.86 1.0033
200 100 2.90019 0.101 2201.01 1.003
400 10 2.90019 0.0082 3469.02 1.0096
400 20 2.90019 0.0021 3529 1.0038
400 30 2.90019 0.0022 3589 1.0039
400 40 2.90019 0.0656 4000.66 1.0042
400 50 2.90019 0.119 4001.19 1.0049
400 60 2.90019 0.1212 4001.21 1.0041
400 70 2.90019 0.1212 4001.21 1.0041
400 80 2.90019 0.1493 4001.49 1.0044
400 90 2.90019 0.1638 4001.64 1.0041
400 100 2.90019 0.1784 4001.78 1.0044
800 10 2.90019 0.0144 6669.03 1.0168
800 20 2.90019 0.0046 6729.01 1.006
800 30 2.90019 0.0043 6789.01 1.0062
800 40 2.90019 0.123 7601.23 1.0079
800 50 2.90019 0.2079 7602.08 1.0095
800 60 2.90019 0.2433 7602.43 1.0088
800 70 2.90019 0.2947 7602.95 1.0087
800 80 2.90019 0.3217 7603.22 1.0087
800 90 2.90019 0.3641 7603.64 1.0096
800 100 2.90019 0.3724 7603.73 1.0099
1600 10 2.90019 0.0317 13069.1 1.0336
1600 20 2.90019 0.0084 13129 1.0094
1600 30 2.90019 0.01 13189 1.0117
1600 40 2.90019 0.3429 14803.4 1.0185
1600 50 2.90019 0.4075 14804.1 1.0169
1600 60 2.90019 0.5058 14805.1 1.0178
1600 70 2.90019 0.628 14806.3 1.0209
1600 80 2.90019 0.6219 14806.2 1.017
1600 90 2.90019 0.7972 14808 1.0186
1600 100 2.90019 0.7097 14807.1 1.0159
3200 10 2.90019 0.0607 25869.1 1.0622
3200 20 2.90019 0.0226 25929 1.0236
3200 30 2.90019 0.017 25989 1.0649
3200 40 2.90019 0.7198 29207.2 1.3538
3200 50 2.90019 0.8501 29208.5 1.338
3200 60 2.90019 0.9058 29209.1 1.3549
3200 70 2.90019 1.0502 29210.5 1.3528
3200 80 2.90019 1.5234 29215.2 1.3446
3200 90 2.90019 1.3992 29214 1.3874
3200 100 2.90019 1.7478 29217.5 1.4929
6400 10 2.90019 0.1306 51469.3 1.133
6400 20 2.90019 0.0402 51529.1 1.0411
6400 30 2.90019 0.0364 51589.1 1.0619
6400 40 2.90019 1.3323 58013.3 5.073
6400 50 2.90019 1.8045 58018.1 4.7506
6400 60 2.90019 2.0776 58020.8 4.7489
6400 70 2.90019 2.3992 58024 4.9771
6400 80 2.90019 2.3016 58023 5.0206
6400 90 2.90019 2.7503 58027.5 5.0329
6400 100 2.90019 2.6955 58027 5.0585
12800 10 2.90019 0.2653 102670 1.2663
12800 20 2.90019 0.0785 102729 1.0799
12800 30 2.90019 0.0667 102789 1.4213
12800 40 2.90019 2.5738 115626 5.0666
12800 50 2.90019 3.1287 115631 5.0367
12800 60 2.90019 4.0004 115640 5.0764
12800 70 2.90019 4.6812 115647 4.8936
12800 80 2.90019 5.2666 115653 4.8206
12800 90 2.90019 5.603 115656 4.8308
12800 100 2.90019 6.2462 115662 4.8476
25600 10 2.90019 0.5397 205070 1.5412
25600 20 2.90019 0.1457 205129 1.148
25600 30 2.90019 0.1274 205189 1.6531
25600 40 2.90019 5.3216 230853 4.8736
25600 50 2.90019 6.7081 230867 4.8337
25600 60 2.90019 7.8725 230879 5.0264
25600 70 2.90019 9.494 230895 5.148
25600 80 2.90019 10.7918 230908 5.1306
25600 90 2.90019 11.4163 230914 5.1518
25600 100 2.90019 12.6942 230927 5.1528
51200 10 2.90019 1.0696 409871 2.0713
51200 20 2.90019 0.2975 409930 1.4162
51200 30 2.90019 0.2792 409990 1.3154
51200 40 2.90019 10.7846 461308 4.777
51200 50 2.90019 13.4633 461335 4.4888
51200 60 2.90019 15.8161 461358 4.4269
51200 70 2.90019 18.6839 461387 4.4292
51200 80 2.90019 20.4253 461404 4.2745
51200 90 2.90019 23.6745 461437 4.2614
51200 100 2.90019 24.4805 461445 4.2374
102400 10 2.90019 2.2884 819474 3.3277
102400 20 2.90019 0.617 819530 1.6435
102400 30 2.90019 0.5249 819590 1.5489
102400 40 2.90019 21.1519 922212 6.0434
102400 50 2.90019 26.5637 922266 6.0016
102400 60 2.90019 31.6852 922317 5.6223
102400 70 2.90019 36.9281 922369 5.03
102400 80 2.90019 41.804 922418 6.0164
102400 90 2.90019 46.4445 922465 5.9014
102400 100 2.90019 51.5157 922515 5.9123
204800 10 2.90019 4.2024 1.63868e+06 5.2217
204800 20 2.90019 1.2219 1.63873e+06 2.349
204800 30 2.90019 1.0676 1.63879e+06 2.6445
204800 40 2.90019 44.1881 1.84404e+06 7.1512
204800 50 2.90019 54.8803 1.84415e+06 8.3889
204800 60 2.90019 65.7423 1.84426e+06 8.3364
204800 70 2.90019 74.6711 1.84435e+06 8.8972
204800 80 2.90019 85.4885 1.84446e+06 7.0987
204800 90 2.90019 94.6041 1.84455e+06 6.3671
204800 100 2.90019 105.999 1.84466e+06 6.8499
