n=193080 m=100 k=88
200 10 3.0439 0.2554 905.108 0.3229
200 20 3.0439 0.2649 779.051 0.2767
200 30 3.0439 0.2823 887.18 0.2728
200 40 3.0439 0.2726 891.316 0.4825
200 50 3.0439 0.2661 891.205 0.4674
200 60 3.0439 0.2294 871.85 0.4332
200 70 3.0439 0.234 871.85 0.4348
200 80 3.0439 0.238 871.868 0.4276
200 90 3.0439 0.1985 852.433 0.4018
200 100 3.0439 0.2177 852.56 0.3802
400 10 3.0439 0.4292 1411.75 1.4311
400 20 3.0439 0.4728 997.439 0.5253
400 30 3.0439 0.4814 1015.5 0.4972
400 40 3.0439 0.558 1027.6 0.7861
400 50 3.0439 0.5022 1026.96 0.7023
400 60 3.0439 0.4897 1007.81 0.6839
400 70 3.0439 0.4746 1007.61 0.6744
400 80 3.0439 0.6035 1008.89 0.6758
400 90 3.0439 0.5372 989.159 0.6187
400 100 3.0439 0.4771 988.531 0.6174
800 10 3.0439 0.8071 2444.35 1.8004
800 20 3.0439 0.8383 1417.18 1.8017
800 30 3.0439 0.974 1291 1.0653
800 40 3.0439 0.9402 1298.14 1.2638
800 50 3.0439 0.9586 1279.77 1.1838
800 60 3.0439 0.9901 1279.55 1.1542
800 70 3.0439 1.1105 1280.69 1.1707
800 80 3.0439 0.9868 1260.73 1.1461
800 90 3.0439 1.0493 1261 1.1148
800 100 3.0439 1.3245 1263.67 1.1612
1600 10 3.0439 1.6208 4522.26 2.5246
1600 20 3.0439 1.7117 2277.04 2.598
1600 30 3.0439 1.8129 1840.43 2.6097
1600 40 3.0439 1.8359 1822.3 2.5361
1600 50 3.0439 2.0028 1823.38 2.5429
1600 60 3.0439 2.0297 1823.44 2.5621
1600 70 3.0439 2.0706 1805.17 2.4422
1600 80 3.0439 2.2098 1806.06 2.4182
1600 90 3.0439 2.1133 1804.92 2.3908
1600 100 3.0439 2.1827 1787.09 2.3963
3200 10 3.0439 3.2564 8652.35 4.0296
3200 20 3.0439 3.3816 4001.15 4.1408
3200 30 3.0439 3.77 2924.64 4.1948
3200 40 3.0439 3.7121 2898.79 4.4484
3200 50 3.0439 3.8801 2890.73 4.3589
3200 60 3.0439 4.0445 2891.75 4.5532
3200 70 3.0439 4.1499 2880.65 4.5184
3200 80 3.0439 4.3622 2876.11 4.5752
3200 90 3.0439 4.4977 2876.71 4.5358
3200 100 3.0439 4.2515 2860.56 4.5531
6400 10 3.0439 5.938 16919.7 6.6116
6400 20 3.0439 6.7364 7425.69 7.1647
6400 30 3.0439 7.2284 5099.27 7.1871
6400 40 3.0439 7.5149 5042.79 7.5808
6400 50 3.0439 7.7172 5039.42 7.5309
6400 60 3.0439 8.349 5033.35 7.6024
6400 70 3.0439 8.4605 5032.18 7.597
6400 80 3.0439 8.9486 5029.67 7.586
6400 90 3.0439 9.359 5022.94 7.6037
6400 100 3.0439 8.9821 5017.38 7.573
12800 10 3.0439 12.5883 33472.8 12.4745
12800 20 3.0439 13.1716 14281.1 13.0801
12800 30 3.0439 14.2747 9450.82 13.2307
12800 40 3.0439 15.2196 9331.81 13.9272
12800 50 3.0439 15.5028 9323.04 13.8862
12800 60 3.0439 16.386 9325.57 13.8541
12800 70 3.0439 16.9089 9326.53 13.7491
12800 80 3.0439 17.6407 9322.32 13.7298
12800 90 3.0439 18.4851 9325.31 13.9054
12800 100 3.0439 19.2606 9327.88 13.836
25600 10 3.0439 24.5745 66555.1 23.4819
25600 20 3.0439 27.41 28010 25.6262
25600 30 3.0439 28.7847 18153.6 25.2529
25600 40 3.0439 30.2575 17898.6 25.8885
25600 50 3.0439 31.5512 17905.1 26.0562
25600 60 3.0439 32.4132 17904.2 25.8961
25600 70 3.0439 34.0725 17913.1 26.1717
25600 80 3.0439 35.4823 17920.2 25.9936
25600 90 3.0439 35.9965 17916.6 25.9591
25600 100 3.0439 38.1886 17930.2 25.9588
51200 10 3.0439 51.469 132762 47.8918
51200 20 3.0439 53.9911 55444.7 49.1622
51200 30 3.0439 59.1502 35578 50.4016
51200 40 3.0439 60.5588 35042.2 50.219
51200 50 3.0439 63.2345 35059.8 50.0663
51200 60 3.0439 66.5342 35084.2 50.5605
51200 70 3.0439 68.2377 35090.8 50.2887
51200 80 3.0439 70.9794 35111.2 51.0813
51200 90 3.0439 74.2816 35134 50.8224
51200 100 3.0439 75.6956 35137.6 50.0715
102400 10 3.0439 100.416 265110 91.0803
102400 20 3.0439 106.922 110312 96.2665
102400 30 3.0439 118.006 70404.6 99.2691
102400 40 3.0439 123.316 69353.5 100.977
102400 50 3.0439 126.7 69372.6 99.6792
102400 60 3.0439 131.023 69401.7 98.6153
102400 70 3.0439 136.774 69446.7 99.017
102400 80 3.0439 144.603 69517.6 100.268
102400 90 3.0439 147.064 69526 98.1173
102400 100 3.0439 154.025 69586.5 99.3355
