n=193080 m=100 k=88
200 10 3.0439 0.2705 9.039e-07
200 20 3.0439 0.2497 6.841e-07
200 30 3.0439 0.2771 7.057e-07
200 40 3.0439 0.2598 7.428e-07
200 50 3.0439 0.267 7.215e-07
200 60 3.0439 0.2488 7.144e-07
200 70 3.0439 0.2237 7.259e-07
200 80 3.0439 0.2308 7.26e-07
200 90 3.0439 0.2278 7.178e-07
200 100 3.0439 0.1892 7.216e-07
400 10 3.0439 0.4736 7.8e-07
400 20 3.0439 0.4566 7.169e-07
400 30 3.0439 0.492 7.14e-07
400 40 3.0439 0.4951 7.469e-07
400 50 3.0439 0.5158 7.437e-07
400 60 3.0439 0.5356 7.449e-07
400 70 3.0439 0.5538 7.571e-07
400 80 3.0439 0.5331 7.514e-07
400 90 3.0439 0.5093 7.472e-07
400 100 3.0439 0.5508 7.513e-07
800 10 3.0439 0.8127 9.627e-07
800 20 3.0439 0.8741 7.987e-07
800 30 3.0439 0.9168 7.841e-07
800 40 3.0439 0.9088 8.118e-07
800 50 3.0439 0.9075 8.123e-07
800 60 3.0439 1.0614 8.072e-07
800 70 3.0439 1.0816 8.112e-07
800 80 3.0439 1.0228 7.969e-07
800 90 3.0439 0.9714 8.076e-07
800 100 3.0439 1.0687 7.949e-07
1600 10 3.0439 1.556 1.2682e-06
1600 20 3.0439 1.7132 9.324e-07
1600 30 3.0439 1.8477 8.737e-07
1600 40 3.0439 1.8625 8.95e-07
1600 50 3.0439 1.8771 8.989e-07
1600 60 3.0439 2.1445 9.203e-07
1600 70 3.0439 2.085 9.289e-07
1600 80 3.0439 2.2479 9.24e-07
1600 90 3.0439 2.3411 9.091e-07
1600 100 3.0439 2.2028 9.067e-07
3200 10 3.0439 3.1986 2.0636e-06
3200 20 3.0439 3.2911 1.2659e-06
3200 30 3.0439 3.6517 1.0707e-06
3200 40 3.0439 3.7621 1.0989e-06
3200 50 3.0439 3.9074 1.1037e-06
3200 60 3.0439 4.0561 1.1143e-06
3200 70 3.0439 4.1956 1.1159e-06
3200 80 3.0439 4.4815 1.1138e-06
3200 90 3.0439 4.4291 1.091e-06
3200 100 3.0439 4.6477 1.0959e-06
6400 10 3.0439 6.2312 3.2983e-06
6400 20 3.0439 6.6676 1.8229e-06
6400 30 3.0439 7.159 1.4395e-06
6400 40 3.0439 7.4125 1.4821e-06
6400 50 3.0439 7.8848 1.5061e-06
6400 60 3.0439 8.2988 1.5031e-06
6400 70 3.0439 8.6187 1.4901e-06
6400 80 3.0439 8.4556 1.5006e-06
6400 90 3.0439 9.1172 1.4894e-06
6400 100 3.0439 9.4837 1.5181e-06
12800 10 3.0439 12.4612 6.0801e-06
12800 20 3.0439 13.8337 3.0255e-06
12800 30 3.0439 14.6599 2.2634e-06
12800 40 3.0439 15.0903 2.3093e-06
12800 50 3.0439 15.7876 2.3228e-06
12800 60 3.0439 16.1302 2.2987e-06
12800 70 3.0439 16.7117 2.2563e-06
12800 80 3.0439 17.976 2.269e-06
12800 90 3.0439 17.8312 2.2572e-06
12800 100 3.0439 19.2112 2.2618e-06
25600 10 3.0439 23.8273 1.17979e-05
25600 20 3.0439 26.7091 5.3976e-06
25600 30 3.0439 28.9846 3.845e-06
25600 40 3.0439 30.1867 3.9381e-06
25600 50 3.0439 31.3992 3.9469e-06
25600 60 3.0439 32.7468 3.8904e-06
25600 70 3.0439 34.2499 3.814e-06
25600 80 3.0439 35.0935 3.8119e-06
25600 90 3.0439 37.2032 3.8076e-06
25600 100 3.0439 38.4374 3.8091e-06
51200 10 3.0439 50.4299 2.29507e-05
51200 20 3.0439 53.0204 1.01941e-05
51200 30 3.0439 58.8888 7.0334e-06
51200 40 3.0439 60.9315 7.2287e-06
51200 50 3.0439 62.9911 6.9169e-06
51200 60 3.0439 66.1004 6.8854e-06
51200 70 3.0439 67.7839 6.9291e-06
51200 80 3.0439 71.5662 6.922e-06
51200 90 3.0439 74.3764 6.9218e-06
51200 100 3.0439 75.5645 6.8983e-06
102400 10 3.0439 98.0515 4.50163e-05
102400 20 3.0439 107.721 2.01289e-05
102400 30 3.0439 117.647 8.535e-06
102400 40 3.0439 121.522 7.9554e-06
102400 50 3.0439 126.308 7.9247e-06
102400 60 3.0439 132.151 7.9426e-06
102400 70 3.0439 137.463 7.9609e-06
102400 80 3.0439 143.018 7.9324e-06
102400 90 3.0439 148.423 7.9389e-06
102400 100 3.0439 153.595 7.9353e-06
