n=3170441 m=100 k=5
200 10 1.35691 1.7528 8.072e-07
200 20 1.35691 1.6664 7.784e-07
200 30 1.35691 1.6467 8.031e-07
200 40 1.35691 1.5299 8.22e-07
200 50 1.35691 1.5254 8.107e-07
200 60 1.35691 1.3472 8.061e-07
200 70 1.35691 1.3449 8.104e-07
200 80 1.35691 1.3176 8.069e-07
200 90 1.35691 1.1418 8.008e-07
200 100 1.35691 1.1391 8.105e-07
400 10 1.35691 3.1661 9.044e-07
400 20 1.35691 3.1135 8.334e-07
400 30 1.35691 2.9065 8.406e-07
400 40 1.35691 2.8802 8.777e-07
400 50 1.35691 2.9246 8.75e-07
400 60 1.35691 2.7504 8.726e-07
400 70 1.35691 2.6835 8.646e-07
400 80 1.35691 2.7276 8.754e-07
400 90 1.35691 2.5202 8.683e-07
400 100 1.35691 2.5456 8.788e-07
800 10 1.35691 6.0626 1.1197e-06
800 20 1.35691 5.8223 9.55e-07
800 30 1.35691 5.6454 9.281e-07
800 40 1.35691 5.6593 9.675e-07
800 50 1.35691 5.5736 9.671e-07
800 60 1.35691 5.4445 9.744e-07
800 70 1.35691 5.5262 9.736e-07
800 80 1.35691 5.3481 9.707e-07
800 90 1.35691 5.3323 9.766e-07
800 100 1.35691 5.2907 9.893e-07
1600 10 1.35691 11.677 1.5279e-06
1600 20 1.35691 11.5683 1.1521e-06
1600 30 1.35691 11.0872 1.072e-06
1600 40 1.35691 11.1607 1.0889e-06
1600 50 1.35691 11.0112 1.0918e-06
1600 60 1.35691 10.9801 1.0867e-06
1600 70 1.35691 10.9067 1.0783e-06
1600 80 1.35691 10.7074 1.0809e-06
1600 90 1.35691 10.8229 1.1019e-06
1600 100 1.35691 10.8138 1.1163e-06
3200 10 1.35691 22.9847 2.4189e-06
3200 20 1.35691 22.8751 1.5929e-06
3200 30 1.35691 21.9993 1.3947e-06
3200 40 1.35691 21.9158 1.4079e-06
3200 50 1.35691 21.9933 1.4078e-06
3200 60 1.35691 21.8851 1.4048e-06
3200 70 1.35691 21.8895 1.3931e-06
3200 80 1.35691 21.6994 1.3895e-06
3200 90 1.35691 21.7784 1.3975e-06
3200 100 1.35691 21.7729 1.4129e-06
6400 10 1.35691 45.4912 4.2739e-06
6400 20 1.35691 45.2284 2.5092e-06
6400 30 1.35691 43.9663 2.0683e-06
6400 40 1.35691 43.9249 2.0628e-06
6400 50 1.35691 43.8242 2.0531e-06
6400 60 1.35691 43.6976 2.0575e-06
6400 70 1.35691 43.7394 2.0553e-06
6400 80 1.35691 43.7503 2.0448e-06
6400 90 1.35691 43.5974 2.0719e-06
6400 100 1.35691 43.7786 2.124e-06
12800 10 1.35691 91.5216 8.1233e-06
12800 20 1.35691 89.7001 4.3984e-06
12800 30 1.35691 87.8056 3.4484e-06
12800 40 1.35691 87.3427 3.3797e-06
12800 50 1.35691 87.7108 3.4046e-06
12800 60 1.35691 87.1683 3.4112e-06
12800 70 1.35691 87.2188 3.4115e-06
12800 80 1.35691 87.6465 3.3784e-06
12800 90 1.35691 87.3519 3.3907e-06
12800 100 1.35691 87.3129 3.488e-06
25600 10 1.35691 182.436 1.58026e-05
25600 20 1.35691 180.68 8.2944e-06
25600 30 1.35691 175.504 6.2111e-06
25600 40 1.35691 175.226 6.0605e-06
25600 50 1.35691 174.131 6.0423e-06
25600 60 1.35691 175.082 6.0688e-06
25600 70 1.35691 174.973 6.0515e-06
25600 80 1.35691 174.242 6.0378e-06
25600 90 1.35691 174.883 6.0606e-06
25600 100 1.35691 174.23 6.2897e-06
51200 10 1.35691 364.981 3.11921e-05
51200 20 1.35691 360.131 1.60112e-05
51200 30 1.35691 349.91 1.17953e-05
51200 40 1.35691 349.852 1.14376e-05
51200 50 1.35691 349.6 1.1447e-05
51200 60 1.35691 348.966 1.14249e-05
51200 70 1.35691 349.118 1.14257e-05
51200 80 1.35691 349.842 1.1428e-05
51200 90 1.35691 349.159 1.13993e-05
51200 100 1.35691 349.982 1.19e-05
102400 10 1.35691 730.036 6.21635e-05
102400 20 1.35691 719.404 3.15715e-05
102400 30 1.35691 700.499 2.30385e-05
102400 40 1.35691 696.295 2.21989e-05
102400 50 1.35691 698.776 2.22509e-05
102400 60 1.35691 697.16 2.22427e-05
102400 70 1.35691 696.69 2.21982e-05
102400 80 1.35691 695.957 2.21547e-05
102400 90 1.35691 697.054 2.22097e-05
102400 100 1.35691 697.584 2.29529e-05
204800 10 1.35691 1463.08 0.000124293
204800 20 1.35691 1441.13 6.27448e-05
204800 30 1.35691 1398.53 4.56301e-05
204800 40 1.35691 1396.64 4.40182e-05
204800 50 1.35691 1398.79 4.41983e-05
204800 60 1.35691 1392.18 4.42459e-05
204800 70 1.35691 1389.75 4.4284e-05
204800 80 1.35691 1391.64 4.4076e-05
204800 90 1.35691 1389.64 4.41035e-05
204800 100 1.35691 1401.09 4.53802e-05
409600 10 1.35691 2900.02 0.000247549
409600 20 1.35691 2866.87 0.000124463
409600 30 1.35691 2794.81 9.05768e-05
409600 40 1.35691 2771.07 8.69293e-05
409600 50 1.35691 2791.67 8.74712e-05
409600 60 1.35691 2783.68 8.74603e-05
409600 70 1.35691 2778.83 8.77442e-05
409600 80 1.35691 2786.97 8.74927e-05
409600 90 1.35691 2783.41 8.75365e-05
409600 100 1.35691 2786.01 8.97854e-05
819200 10 1.35691 5804.18 0.000494147
819200 20 1.35691 5703.66 0.000247742
819200 30 1.35691 5558.1 0.000157669
819200 40 1.35691 5552.47 0.000115145
819200 50 1.35691 5564.22 0.00011477
819200 60 1.35691 5570.8 0.000115278
819200 70 1.35691 5560.78 0.000116543
819200 80 1.35691 5547.12 0.000118118
819200 90 1.35691 5556.62 0.000115294
819200 100 1.35691 5562.76 0.000114987
1638400 10 1.35691 11683.4 0.000540629
1638400 20 1.35691 11490.1 0.000302933
1638400 30 1.35691 11138.1 0.00023651
1638400 40 1.35691 11125.5 0.000228185
1638400 50 1.35691 11108.2 0.000227003
1638400 60 1.35691 11129.9 0.000229249
1638400 70 1.35691 11122.6 0.000227218
1638400 80 1.35691 11113.5 0.000228167
1638400 90 1.35691 11126 0.000229738
1638400 100 1.35691 11140.8 0.000228624
