n=207205 m=100 k=77
200 10 2.90019 0.2597 905.129 0.3569
200 20 2.90019 0.2633 779.031 0.3009
200 30 2.90019 0.2871 887.239 0.3079
200 40 2.90019 0.2849 891.438 1.2826
200 50 2.90019 0.2926 891.49 1.269
200 60 2.90019 0.27 872.305 1.257
200 70 2.90019 0.2611 872.083 2.0436
200 80 2.90019 0.2626 872.127 1.2513
200 90 2.90019 0.235 852.832 1.2356
200 100 2.90019 0.2341 852.782 1.228
400 10 2.90019 0.4747 1412.34 1.4711
400 20 2.90019 0.4974 997.665 0.5869
400 30 2.90019 0.5111 1015.78 0.5298
400 40 2.90019 0.5302 1027.3 1.5721
400 50 2.90019 0.5557 1027.51 1.5113
400 60 2.90019 0.5161 1008.1 1.4741
400 70 2.90019 0.5414 1008.32 1.5039
400 80 2.90019 0.55 1008.35 1.4683
400 90 2.90019 0.5357 989.175 1.4422
400 100 2.90019 0.5274 989.05 1.4408
800 10 2.90019 0.8292 2444.71 1.8183
800 20 2.90019 0.9133 1418.01 1.8412
800 30 2.90019 0.9807 1290.98 1.0714
800 40 2.90019 0.9519 1298.26 2.03
800 50 2.90019 1.0108 1280.46 1.9899
800 60 2.90019 1.0856 1280.56 1.9903
800 70 2.90019 1.1376 1281.03 1.9875
800 80 2.90019 1.0936 1261.88 1.9175
800 90 2.90019 1.1411 1261.96 1.948
800 100 2.90019 1.1806 1262.28 1.949
1600 10 2.90019 1.6746 4522.66 2.5875
1600 20 2.90019 1.8357 2278.65 2.7185
1600 30 2.90019 2.015 1842.39 2.6929
1600 40 2.90019 1.9851 1824.06 3.6339
1600 50 2.90019 2.0939 1824.39 3.6886
1600 60 2.90019 2.1481 1824.69 3.6329
1600 70 2.90019 2.2387 1807.09 3.6081
1600 80 2.90019 2.2097 1806.15 3.5975
1600 90 2.90019 2.4103 1807.96 3.5903
1600 100 2.90019 2.2259 1787.57 3.5633
3200 10 2.90019 3.2048 8651.61 4.0187
3200 20 2.90019 3.5989 4003.05 4.2618
3200 30 2.90019 3.7809 2924.51 4.2459
3200 40 2.90019 3.938 2901.41 5.2584
3200 50 2.90019 4.0428 2892.57 5.2028
3200 60 2.90019 4.1665 2893.1 5.2851
3200 70 2.90019 4.2863 2882.74 5.263
3200 80 2.90019 4.7507 2880.09 5.2672
3200 90 2.90019 4.5375 2877.2 5.2326
3200 100 2.90019 4.959 2867.78 5.2447
6400 10 2.90019 6.531 16927.4 7.0181
6400 20 2.90019 7.1044 7429.28 7.4183
6400 30 2.90019 7.5956 5103.1 7.3469
6400 40 2.90019 7.8097 5045.9 8.5692
6400 50 2.90019 8.3419 5046.47 8.621
6400 60 2.90019 8.6325 5036.66 8.6182
6400 70 2.90019 8.8461 5036.19 8.4408
6400 80 2.90019 8.7032 5027.92 8.4384
6400 90 2.90019 9.1349 5021.08 8.422
6400 100 2.90019 8.9985 5017.72 8.4355
12800 10 2.90019 12.9633 33477.2 12.8535
12800 20 2.90019 14.18 14291.9 13.7385
12800 30 2.90019 15.2026 9459.89 13.7988
12800 40 2.90019 15.6783 9336.65 14.9835
12800 50 2.90019 16.0754 9329.42 14.7745
12800 60 2.90019 17.0882 9333.13 15
12800 70 2.90019 17.6365 9334.34 14.9546
12800 80 2.90019 18.1469 9328.16 15.3896
12800 90 2.90019 18.4727 9325.5 15.9541
12800 100 2.90019 19.0155 9326.37 15.8835
25600 10 2.90019 26.3223 66577 24.8605
25600 20 2.90019 27.9842 28014.8 26.1559
25600 30 2.90019 29.8532 18163.8 26.1427
25600 40 2.90019 30.8294 17904.3 27.0999
25600 50 2.90019 32.8426 17918.6 27.5054
25600 60 2.90019 34.3887 17927 27.9718
25600 70 2.90019 36.1159 17936 28.1521
25600 80 2.90019 36.8383 17935.2 27.7273
25600 90 2.90019 37.551 17934.6 27.8423
25600 100 2.90019 38.3824 17933.3 27.3626
51200 10 2.90019 53.4134 132786 49.0139
51200 20 2.90019 56.6068 55471.9 51.5837
51200 30 2.90019 61.7688 35602.1 52.231
51200 40 2.90019 63.6784 35076.7 53.4592
51200 50 2.90019 66.4651 35095.4 53.3864
51200 60 2.90019 68.5381 35106.4 53.2074
51200 70 2.90019 72.2626 35136.3 54.0186
51200 80 2.90019 72.9454 35132.6 54.9853
51200 90 2.90019 76.1639 35155 54.7945
51200 100 2.90019 77.4928 35161.1 55.3177
102400 10 2.90019 108.848 265217 99.2191
102400 20 2.90019 116.619 110420 107.292
102400 30 2.90019 125.087 70476 107.868
102400 40 2.90019 129.644 69424.4 110.21
102400 50 2.90019 134.972 69466.4 110.696
102400 60 2.90019 140.024 69504.5 110.207
102400 70 2.90019 144.932 69541.6 110.225
102400 80 2.90019 150.668 69589.5 111.487
102400 90 2.90019 154.472 69614.1 110.681
102400 100 2.90019 158.776 69644.5 110.227
204800 10 2.90019 207.133 529913 185.89
204800 20 2.90019 223.023 220150 196.879
204800 30 2.90019 237.09 140060 197.413
204800 40 2.90019 249.241 137968 200.674
204800 50 2.90019 259.411 138051 199.923
204800 60 2.90019 272.244 138167 201.791
204800 70 2.90019 281.356 138242 203.201
204800 80 2.90019 292.333 138334 202.465
204800 90 2.90019 301.31 138409 203.147
204800 100 2.90019 312.002 138498 202.244
