n=4047392 m=100 k=62
200 10 2.97344 0.5506 908.635 0.7767
200 20 2.97344 0.5678 782.607 0.7337
200 30 2.97344 0.5452 890.273 0.6451
200 40 2.97344 0.5122 894.231 1.0638
200 50 2.97344 0.5218 894.363 0.7948
200 60 2.97344 0.4658 874.804 0.7346
200 70 2.97344 0.4305 874.293 0.6878
200 80 2.97344 0.4434 874.41 0.6829
200 90 2.97344 0.3642 854.537 0.6081
200 100 2.97344 0.3848 854.738 0.6233
400 10 2.97344 1.0876 1421.49 2.1511
400 20 2.97344 1.0713 1004.5 1.4944
400 30 2.97344 0.9948 1021.57 1.3716
400 40 2.97344 1.006 1033.13 1.7057
400 50 2.97344 1.0204 1033.28 1.6359
400 60 2.97344 0.9279 1013.29 1.5152
400 70 2.97344 0.9493 1013.47 1.6114
400 80 2.97344 0.9432 1013.41 1.5368
400 90 2.97344 0.8425 993.243 1.3817
400 100 2.97344 0.8483 993.247 1.3621
800 10 2.97344 2.1068 2464.06 3.1899
800 20 2.97344 2.0846 1435.31 3.1979
800 30 2.97344 2.005 1303.13 2.6658
800 40 2.97344 2.0002 1311.06 2.8796
800 50 2.97344 1.9588 1293.75 2.7613
800 60 2.97344 1.9313 1291.24 2.7322
800 70 2.97344 1.9822 1291.77 2.8276
800 80 2.97344 1.8542 1272.73 2.7112
800 90 2.97344 1.8829 1271.6 2.6907
800 100 2.97344 1.8871 1271.61 2.6936
1600 10 2.97344 4.0519 4555.72 5.1585
1600 20 2.97344 4.1256 2310.71 5.3455
1600 30 2.97344 4.0263 1866.4 5.2046
1600 40 2.97344 4.0361 1852.01 5.2174
1600 50 2.97344 3.9228 1847.24 5.1369
1600 60 2.97344 3.9183 1846.9 5.1027
1600 70 2.97344 3.9386 1830.94 5.1116
1600 80 2.97344 3.9115 1828.03 5.099
1600 90 2.97344 3.7779 1826.29 5.0742
1600 100 2.97344 3.8773 1810.28 5.0346
3200 10 2.97344 8.0041 8721.14 9.0554
3200 20 2.97344 8.1916 4060.02 9.5291
3200 30 2.97344 8.0215 2976.44 9.3425
3200 40 2.97344 7.7493 2953.33 9.309
3200 50 2.97344 7.5957 2940.15 9.1727
3200 60 2.97344 7.8165 2939.27 9.3104
3200 70 2.97344 7.9489 2935.22 9.4587
3200 80 2.97344 7.7559 2922.26 9.2298
3200 90 2.97344 7.8379 2920.34 9.3273
3200 100 2.97344 7.9233 2914.37 9.3624
6400 10 2.97344 16.4141 17070.3 17.5277
6400 20 2.97344 16.4214 7549.3 17.9989
6400 30 2.97344 16.0712 5209.24 17.5564
6400 40 2.97344 15.7076 5147.45 17.4701
6400 50 2.97344 15.7769 5143.25 17.4692
6400 60 2.97344 15.6243 5132.88 17.4087
6400 70 2.97344 15.6525 5127.12 17.4305
6400 80 2.97344 15.7149 5122.53 17.5184
6400 90 2.97344 15.7407 5114.7 17.5084
6400 100 2.97344 15.6603 5107.64 17.3195
12800 10 2.97344 32.3626 33756.4 33.0894
12800 20 2.97344 33.2766 14538.4 35.1499
12800 30 2.97344 32.0312 9670.07 33.8781
12800 40 2.97344 31.2369 9537.32 33.304
12800 50 2.97344 31.6395 9534.31 33.6886
12800 60 2.97344 31.7064 9528.8 33.752
12800 70 2.97344 31.3561 9518.53 33.3622
12800 80 2.97344 31.3557 9510.86 33.3115
12800 90 2.97344 31.1668 9501.96 33.0777
12800 100 2.97344 31.8251 9503.92 33.5718
25600 10 2.97344 65.4517 67142.2 65.5428
25600 20 2.97344 66.327 28509.2 68.7826
25600 30 2.97344 63.4545 18585.5 65.8388
25600 40 2.97344 62.8265 18319.9 65.4053
25600 50 2.97344 63.8232 18326.1 66.3888
25600 60 2.97344 62.8825 18307.5 65.3129
25600 70 2.97344 62.7574 18299.4 65.3922
25600 80 2.97344 62.7371 18292.3 64.8762
25600 90 2.97344 62.5246 18282.7 64.4827
25600 100 2.97344 63.6273 18289.4 65.6769
51200 10 2.97344 127.676 133859 126.094
51200 20 2.97344 130.04 56420.8 133.025
51200 30 2.97344 128.272 36440 130.977
51200 40 2.97344 124.988 35875.5 128.152
51200 50 2.97344 127.45 35899.4 130.692
51200 60 2.97344 126.532 35879.8 129.511
51200 70 2.97344 125.626 35862.5 128.537
51200 80 2.97344 125.401 35851 127.61
51200 90 2.97344 124.877 35839.2 127.608
51200 100 2.97344 125.477 35839 127.993
102400 10 2.97344 253.668 267316 249.335
102400 20 2.97344 263.623 112321 267.468
102400 30 2.97344 249.482 72048.8 253.182
102400 40 2.97344 252.828 71028.6 258.018
102400 50 2.97344 250.423 70990.5 255.202
102400 60 2.97344 249.552 70973.1 254.264
102400 70 2.97344 252.163 70997.1 256.068
102400 80 2.97344 251.668 70983.3 255.45
102400 90 2.97344 253.064 70993.4 256.81
102400 100 2.97344 249.382 70941.5 253.193
204800 10 2.97344 513.905 534342 497.717
204800 20 2.97344 525.236 224051 526.954
204800 30 2.97344 504.606 143420 508.725
204800 40 2.97344 507.197 141319 513.732
204800 50 2.97344 509.407 141340 515.412
204800 60 2.97344 505.829 141284 510.858
204800 70 2.97344 502.522 141237 506.818
204800 80 2.97344 507.444 141288 510.39
204800 90 2.97344 505.95 141262 508.879
204800 100 2.97344 505.712 141250 507.469
409600 10 2.97344 1031.03 1.06835e+06 991.658
409600 20 2.97344 1065.63 447727 1063.95
409600 30 2.97344 1026.16 286298 1028
409600 40 2.97344 1001.67 281726 1007.01
409600 50 2.97344 1013.36 281862 1017.84
409600 60 2.97344 1014.44 281860 1015.95
409600 70 2.97344 1010.3 281802 1013.26
409600 80 2.97344 1022.57 281947 1024.35
409600 90 2.97344 1024.18 281953 1022.83
409600 100 2.97344 1013.16 281805 1010.79
819200 10 2.97344 2059.06 2.13628e+06 1974.18
819200 20 2.97344 2136.28 894949 2120.5
819200 30 2.97344 2053.11 571867 2048.46
819200 40 2.97344 2021.91 562926 2018.6
819200 50 2.97344 2027.37 562983 2023.32
819200 60 2.97344 2076.68 563581 2069.56
819200 70 2.97344 2037.8 563078 2028.27
819200 80 2.97344 2042.05 563121 2030.8
819200 90 2.97344 2054.08 563268 2044.67
819200 100 2.97344 2035.24 563009 2021.74
1638400 10 2.97344 4058.12 4.27139e+06 3890.1
1638400 20 2.97344 4192.86 1.78839e+06 4159.78
1638400 30 2.97344 4078.68 1.14267e+06 4053.71
1638400 40 2.97344 4051.08 1.1252e+06 4030.98
1638400 50 2.97344 4082.38 1.12557e+06 4055.35
1638400 60 2.97344 4045.08 1.12508e+06 4014.83
1638400 70 2.97344 4062.6 1.12525e+06 4023.67
1638400 80 2.97344 4035.89 1.12492e+06 3994.15
1638400 90 2.97344 4068.86 1.12532e+06 4029.61
1638400 100 2.97344 4060.08 1.12518e+06 4014.48
3276800 10 2.97344 8394.89 8.54621e+06 7997.16
3276800 20 2.97344 8355.83 3.57575e+06 8253.36
3276800 30 2.97344 8141.11 2.28432e+06 8055.15
3276800 40 2.97344 8038.54 2.24881e+06 7964.29
3276800 50 2.97344 8177.37 2.25051e+06 8091.63
3276800 60 2.97344 8211.11 2.2509e+06 8121.21
3276800 70 2.97344 8179.87 2.25044e+06 8068.16
3276800 80 2.97344 8213.08 2.25084e+06 8099.36
3276800 90 2.97344 8097.6 2.24938e+06 7979.58
3276800 100 2.97344 8134.03 2.2498e+06 8014.87
