n=3170441 m=100 k=5
200 10 1.35691 1.734 923.173 2.3432
200 20 1.35691 1.6753 796.002 2.1103
200 30 1.35691 1.6167 903.173 1.9434
200 40 1.35691 1.5174 906.975 1.8577
200 50 1.35691 1.5395 907.199 1.8409
200 60 1.35691 1.3401 885.941 1.6483
200 70 1.35691 1.3135 885.458 1.5693
200 80 1.35691 1.3403 885.761 1.5838
200 90 1.35691 1.126 864.191 1.3492
200 100 1.35691 1.1277 864.172 1.325
400 10 1.35691 3.17 1452.75 4.3177
400 20 1.35691 3.1274 1029.55 4.0703
400 30 1.35691 2.916 1045.14 3.8101
400 40 1.35691 2.863 1056.56 3.8268
400 50 1.35691 2.9101 1057.09 3.8461
400 60 1.35691 2.7447 1036.26 3.605
400 70 1.35691 2.7021 1035.56 3.5235
400 80 1.35691 2.7388 1036 3.5701
400 90 1.35691 2.5427 1014.63 3.2979
400 100 1.35691 2.4997 1014.07 3.2187
800 10 1.35691 6.0152 2524.89 7.2871
800 20 1.35691 5.8843 1491.12 7.3474
800 30 1.35691 5.6343 1347.96 7.1233
800 40 1.35691 5.6341 1356.7 7.1698
800 50 1.35691 5.554 1346.36 7.0317
800 60 1.35691 5.4289 1335.3 6.9093
800 70 1.35691 5.5279 1336.33 7.0211
800 80 1.35691 5.4076 1322.93 6.863
800 90 1.35691 5.2869 1314.52 6.7594
800 100 1.35691 5.2678 1314.13 6.7267
1600 10 1.35691 11.6809 4665.44 13.1243
1600 20 1.35691 11.4605 2409.88 13.1844
1600 30 1.35691 11.2363 1955.34 13.1396
1600 40 1.35691 11.1438 1952.46 13.0597
1600 50 1.35691 10.9011 1936.85 12.7823
1600 60 1.35691 10.9852 1935.77 12.8763
1600 70 1.35691 10.9435 1929.32 12.8365
1600 80 1.35691 10.7766 1915.77 12.6419
1600 90 1.35691 10.7551 1913.83 12.6217
1600 100 1.35691 10.705 1905.28 12.5413
3200 10 1.35691 23.2297 8949.8 24.925
3200 20 1.35691 22.6563 4250.62 24.9142
3200 30 1.35691 22.3295 3163.73 24.9377
3200 40 1.35691 22.0618 3138.81 24.5919
3200 50 1.35691 21.9611 3133.8 24.4457
3200 60 1.35691 21.8539 3123.26 24.2818
3200 70 1.35691 21.7798 3115.68 24.2065
3200 80 1.35691 21.806 3111.86 24.2388
3200 90 1.35691 21.6172 3100.26 23.9723
3200 100 1.35691 21.6581 3094.74 24.0585
6400 10 1.35691 46.2178 17518 48.5759
6400 20 1.35691 45.3959 7937.83 48.7254
6400 30 1.35691 44.0455 5572.69 47.876
6400 40 1.35691 44.1019 5522.45 47.7722
6400 50 1.35691 43.8779 5513.2 47.4549
6400 60 1.35691 43.684 5503.77 47.292
6400 70 1.35691 43.8644 5499.41 47.4719
6400 80 1.35691 43.6151 5489.78 47.1496
6400 90 1.35691 43.455 5481.12 46.9661
6400 100 1.35691 43.528 5475.57 46.9857
12800 10 1.35691 91.2766 34640.2 94.757
12800 20 1.35691 90.4351 15306.1 95.7631
12800 30 1.35691 87.9422 10397 94.2973
12800 40 1.35691 87.3122 10276.9 93.2301
12800 50 1.35691 87.6605 10274.6 93.5796
12800 60 1.35691 87.3167 10263.5 93.0231
12800 70 1.35691 87.6237 10260.6 93.4101
12800 80 1.35691 87.2773 10249.3 92.9921
12800 90 1.35691 87.3057 10242.9 93.0047
12800 100 1.35691 87.2451 10235.7 92.8341
25600 10 1.35691 183.283 68912.9 189.058
25600 20 1.35691 180.273 30040.6 189.797
25600 30 1.35691 174.916 20036.3 186.233
25600 40 1.35691 174.602 19796.4 185.128
25600 50 1.35691 174.335 19785.9 184.743
25600 60 1.35691 173.578 19769.7 183.958
25600 70 1.35691 174.354 19772.8 184.667
25600 80 1.35691 174.543 19768.2 184.754
25600 90 1.35691 174.595 19762 184.788
25600 100 1.35691 174.802 19758.3 184.86
51200 10 1.35691 363.485 137402 375.376
51200 20 1.35691 359.853 59507.5 378.615
51200 30 1.35691 348.919 39315.3 370.481
51200 40 1.35691 349.089 38833.5 369.255
51200 50 1.35691 348.19 38815.8 367.975
51200 60 1.35691 349.252 38822.7 369.26
51200 70 1.35691 349.715 38821.1 369.468
51200 80 1.35691 348.85 38801.9 368.393
51200 90 1.35691 349.225 38800.4 368.391
51200 100 1.35691 349.435 38796.2 368.625
102400 10 1.35691 726.937 274427 749.05
102400 20 1.35691 716.503 118409 753.837
102400 30 1.35691 700.122 77912.9 744.756
102400 40 1.35691 698.083 76911 739.625
102400 50 1.35691 696.498 76883.4 737.358
102400 60 1.35691 697.199 76883.1 737.847
102400 70 1.35691 699.556 76906.9 740.355
102400 80 1.35691 696.778 76863.5 736.651
102400 90 1.35691 698.585 76877.8 738.309
102400 100 1.35691 697.059 76850.6 736.26
204800 10 1.35691 1458.22 548533 1496.91
204800 20 1.35691 1439.8 236342 1509.29
204800 30 1.35691 1395.2 155017 1478.33
204800 40 1.35691 1392.28 153013 1470.14
204800 50 1.35691 1393.37 153020 1470.96
204800 60 1.35691 1390.52 152974 1466.92
204800 70 1.35691 1391.89 152984 1468
204800 80 1.35691 1391.78 152971 1466.76
204800 90 1.35691 1396.31 153021 1471.65
204800 100 1.35691 1396 153010 1471.57
409600 10 1.35691 2910.11 1.0966e+06 2980.8
409600 20 1.35691 2866.48 471954 2997.48
409600 30 1.35691 2784.33 309208 2942.53
409600 40 1.35691 2785.46 305285 2936.55
409600 50 1.35691 2775.89 305152 2924.86
409600 60 1.35691 2782.92 305231 2930.24
409600 70 1.35691 2785.11 305244 2931.71
409600 80 1.35691 2782.86 305207 2927.64
409600 90 1.35691 2781.47 305174 2924.96
409600 100 1.35691 2789.3 305265 2932.96
819200 10 1.35691 5796.58 2.19249e+06 5933.8
819200 20 1.35691 5730.44 943305 5986.42
819200 30 1.35691 5553.27 617490 5863.22
819200 40 1.35691 5540.15 609420 5835.33
819200 50 1.35691 5557.91 609635 5850.77
819200 60 1.35691 5557.65 609608 5848.54
819200 70 1.35691 5550.4 609503 5837.87
819200 80 1.35691 5560.13 609608 5864.02
819200 90 1.35691 5566.81 609684 5877.07
819200 100 1.35691 5549.01 609437 5853.51
1638400 10 1.35691 11588.6 4.38452e+06 11924.4
1638400 20 1.35691 11517.1 1.88679e+06 12110.7
1638400 30 1.35691 11174.2 1.23509e+06 11889.8
1638400 40 1.35691 11081.2 1.2181e+06 11793.2
1638400 50 1.35691 11111.9 1.21847e+06 11818.2
1638400 60 1.35691 11098.3 1.21825e+06 11778
1638400 70 1.35691 11104 1.2183e+06 11719.4
1638400 80 1.35691 11174.7 1.21919e+06 11791
1638400 90 1.35691 11170.5 1.2191e+06 11778.3
1638400 100 1.35691 11139.5 1.21868e+06 11740.5
