n=421419 m=100 k=78
200 10 3.00892 0.4278 781.216 4.9966
200 20 3.00892 0.5522 791.965 4.0599
200 30 3.00892 1.3004 860.631 3.6228
200 40 3.00892 3.1076 948.825 3.602
200 50 3.00892 5.0421 1030.61 3.1593
200 60 3.00892 5.1632 1099.77 2.9752
200 70 3.00892 6.3318 1174.26 2.7126
200 80 3.00892 7.5567 1264.7 2.683
200 90 3.00892 6.589 1306.67 2.5489
200 100 3.00892 13.596 1432.22 2.6119
400 10 3.00892 133.128 2449.79 4.8943
400 20 3.00892 49.9847 1570.45 5.3328
400 30 3.00892 12.3124 1180.76 4.4998
400 40 3.00892 8.8179 1172.55 4.7427
400 50 3.00892 10.4676 1244.86 4.2932
400 60 3.00892 12.2725 1326.11 4.3153
400 70 3.00892 16.725 1436.11 3.8385
400 80 3.00892 25.1808 1609.28 3.9242
400 90 3.00892 32.2436 1755.27 3.8813
400 100 3.00892 32.7706 1794.26 3.685
800 10 3.00892 286.696 4603.78 8.8518
800 20 3.00892 115.3 2716.41 14.5698
800 30 3.00892 28.985 1747.44 10.9631
800 40 3.00892 22.011 1659.75 8.5715
800 50 3.00892 26.4829 1765.1 7.5269
800 60 3.00892 40.8753 1963.28 7.1311
800 70 3.00892 46.483 2087.95 6.6342
800 80 3.00892 54.8021 2238.53 6.2855
800 90 3.00892 69.2505 2441.64 6.2661
800 100 3.00892 64.3205 2449.17 5.6688
1600 10 3.00892 573.711 8650.61 14.7796
1600 20 3.00892 232.683 4888.6 24.6841
1600 30 3.00892 61.7885 2881.2 17.827
1600 40 3.00892 44.6037 2610.01 14.9375
1600 50 3.00892 60.166 2817.07 13.9969
1600 60 3.00892 82.0232 3084.64 13.1936
1600 70 3.00892 105.044 3358.78 12.6411
1600 80 3.00892 126.031 3599.73 12.2317
1600 90 3.00892 129.157 3667.12 11.5283
1600 100 3.00892 164.476 4104.88 11.4623
3200 10 3.00892 1290.07 18388.4 29.1685
3200 20 3.00892 499.114 9635.89 41.5418
3200 30 3.00892 147.086 5429.87 33.1711
3200 40 3.00892 121.534 4913.47 27.5214
3200 50 3.00892 153.186 5270.37 25.2756
3200 60 3.00892 215.171 5979.68 24.4316
3200 70 3.00892 290.725 6911.59 24.8293
3200 80 3.00892 360.722 7696.15 24.8183
3200 90 3.00892 416.309 8159.55 22.3257
3200 100 3.00892 490.84 9055.44 23.4259
6400 10 3.00892 2958.4 40737.7 59.9352
6400 20 3.00892 1338.95 22836.3 106.892
6400 30 3.00892 417.464 12194 71.6213
6400 40 3.00892 341.369 10857.6 59.687
6400 50 3.00892 367.696 10796.4 51.1022
6400 60 3.00892 549.496 12760.8 46.026
6400 70 3.00892 717.202 14756 46.0293
6400 80 3.00892 728.855 14273.6 40.0562
6400 90 3.00892 866.122 15951.1 40.0034
6400 100 3.00892 1178.33 19353.6 48.2798
12800 10 3.00892 6435.71 87156.4 123.594
12800 20 3.00892 3059.07 49819.5 228.881
12800 30 3.00892 1071.9 27553.6 160.495
12800 40 3.00892 888.714 24167.3 131.916
12800 50 3.00892 1062.51 25850.9 118.663
12800 60 3.00892 1324.99 27951.6 109.674
12800 70 3.00892 1600.66 30481.1 96.5374
12800 80 3.00892 2012.51 34485.2 103.342
12800 90 3.00892 2266.86 37101.1 94.5105
12800 100 3.00892 2765.78 42262.7 103.317
25600 10 3.00892 13826.8 185575 256.874
25600 20 3.00892 6685.6 106857 437.068
25600 30 3.00892 2550.53 59678.7 325.385
25600 40 3.00892 2107.7 52176.9 269.351
25600 50 3.00892 2797.14 58612 254.809
25600 60 3.00892 3414.52 64807.5 239.905
25600 70 3.00892 4278.85 72753.9 202.842
25600 80 3.00892 4952.73 79118.6 205.811
25600 90 3.00892 5191.63 80613.2 187.367
25600 100 3.00892 4933.89 76463.4 188.545
51200 10 3.00892 25124.2 340385 481.111
51200 20 3.00892 11680.4 189521 852.722
51200 30 3.00892 4674.24 108086 571.605
51200 40 3.00892 4038.95 97655.1 477.101
51200 50 3.00892 5037.26 107123 444.023
51200 60 3.00892 6025.93 114249 402.911
51200 70 3.00892 6444.49 117193 366.874
51200 80 3.00892 7016.5 122428 331.82
51200 90 3.00892 7638.79 127470 325.464
51200 100 3.00892 9588.11 147815 361.428
102400 10 3.00892 51930.9 697508 953.831
102400 20 3.00892 28403.9 430056 1789.48
102400 30 3.00892 14965.8 275841 1241
102400 40 3.00892 13968.2 257409 1037.98
102400 50 3.00892 15857.1 273127 955.719
102400 60 3.00892 19223.8 306639 927.674
102400 70 3.00892 19293.7 305958 856.455
102400 80 3.00892 19427.1 302682 811.143
102400 90 3.00892 19473.5 301840 708.228
102400 100 3.00892 18665.3 287291 683.554
204800 10 3.00892 104296 1.38551e+06 1713.96
204800 20 3.00892 80904.1 1.07874e+06 3503.55
204800 30 3.00892 74620.6 989802 2941.02
204800 40 3.00892 74002.2 971844 2921.74
204800 50 3.00892 73029.7 961632 2467.83
204800 60 3.00892 64217.7 855658 1991.39
204800 70 3.00892 58037.4 786366 1723.42
204800 80 3.00892 49191.6 693252 1477.35
204800 90 3.00892 43105 639910 1361.8
204800 100 3.00892 44149.5 654188 1385.63
409600 10 3.00892 268429 3.29983e+06 1943.89
409600 20 3.00892 402884 4.40946e+06 2261.78
409600 30 3.00892 449324 4.78016e+06 1880.63
409600 40 3.00892 418458 4.46533e+06 12183.1
409600 50 3.00892 359892 3.90864e+06 8836.34
409600 60 3.00892 296164 3.29994e+06 6591.84
409600 70 3.00892 241025 2.77928e+06 5148.23
409600 80 3.00892 171631 2.10915e+06 3883.29
409600 90 3.00892 122363 1.62909e+06 3101.32
409600 100 3.00892 84551.3 1.26707e+06 2622.71
