n=4638690 m=100 k=4
200 10 1.38617 5.3602 1.2182e-06
200 20 1.38617 4.4812 1.1925e-06
200 30 1.38617 4.3586 1.1755e-06
200 40 1.38617 4.7092 1.1606e-06
200 50 1.38617 5.539 1.1323e-06
200 60 1.38617 7.5543 1.1255e-06
200 70 1.38617 10.8926 1.0992e-06
200 80 1.38617 15.269 1.0699e-06
200 90 1.38617 23.2907 1.048e-06
200 100 1.38617 38.6145 1.0455e-06
400 10 1.38617 309.165 1.8641e-06
400 20 1.38617 377.4 1.9309e-06
400 30 1.38617 334.239 1.8607e-06
400 40 1.38617 246.248 1.746e-06
400 50 1.38617 188.546 1.6438e-06
400 60 1.38617 156.792 1.5755e-06
400 70 1.38617 142.629 1.5192e-06
400 80 1.38617 148.962 1.5044e-06
400 90 1.38617 165.015 1.502e-06
400 100 1.38617 186.719 1.5128e-06
800 10 1.38617 996.282 3.3297e-06
800 20 1.38617 1258.03 3.6556e-06
800 30 1.38617 1066.79 3.3722e-06
800 40 1.38617 828.601 3.1291e-06
800 50 1.38617 603.273 2.7202e-06
800 60 1.38617 488.271 2.5633e-06
800 70 1.38617 431.148 2.4367e-06
800 80 1.38617 435.407 2.4081e-06
800 90 1.38617 445.033 2.395e-06
800 100 1.38617 484.406 2.4155e-06
1600 10 1.38617 2239.34 6.141e-06
1600 20 1.38617 2792.32 6.7984e-06
1600 30 1.38617 2431.95 6.2035e-06
1600 40 1.38617 1844.59 5.5374e-06
1600 50 1.38617 1378.74 4.6991e-06
1600 60 1.38617 1120.21 4.3018e-06
1600 70 1.38617 986.838 4.0728e-06
1600 80 1.38617 947.723 3.9599e-06
1600 90 1.38617 981.03 3.9294e-06
1600 100 1.38617 1063.1 4.0199e-06
3200 10 1.38617 4611.09 1.15909e-05
3200 20 1.38617 5778.89 1.27385e-05
3200 30 1.38617 5071.01 1.15864e-05
3200 40 1.38617 3862.63 1.0201e-05
3200 50 1.38617 2935.32 8.4625e-06
3200 60 1.38617 2373.9 7.4466e-06
3200 70 1.38617 2087.94 6.8963e-06
3200 80 1.38617 2010.03 6.7122e-06
3200 90 1.38617 2083.82 6.7874e-06
3200 100 1.38617 2239.45 6.9695e-06
6400 10 1.38617 9371.3 2.24193e-05
6400 20 1.38617 11681.1 2.497e-05
6400 30 1.38617 10126 2.23572e-05
6400 40 1.38617 7961.82 1.97647e-05
6400 50 1.38617 5893.63 1.59421e-05
6400 60 1.38617 4811.08 1.39567e-05
6400 70 1.38617 4159.91 1.26934e-05
6400 80 1.38617 4035.81 1.2303e-05
6400 90 1.38617 4134.69 1.22709e-05
6400 100 1.38617 4386 1.2537e-05
12800 10 1.38617 18784.6 4.49284e-05
12800 20 1.38617 23930.4 5.01133e-05
12800 30 1.38617 20479.8 4.43732e-05
12800 40 1.38617 16065.2 3.91598e-05
12800 50 1.38617 11757.6 3.09285e-05
12800 60 1.38617 9379.72 2.62472e-05
12800 70 1.38617 8550.28 2.45509e-05
12800 80 1.38617 8026.97 2.34077e-05
12800 90 1.38617 8437.1 2.39811e-05
12800 100 1.38617 9023.07 2.48875e-05
25600 10 1.38617 37367.4 8.95426e-05
25600 20 1.38617 46766.8 9.83905e-05
25600 30 1.38617 41057.7 8.84929e-05
25600 40 1.38617 31768.9 7.72345e-05
25600 50 1.38617 23090.5 5.99833e-05
25600 60 1.38617 19305.5 5.2337e-05
25600 70 1.38617 16782.7 4.7667e-05
25600 80 1.38617 16226.8 4.64992e-05
25600 90 1.38617 16515 4.74139e-05
25600 100 1.38617 17989.9 4.97134e-05
51200 10 1.38617 75234.7 0.000179044
51200 20 1.38617 93450.3 0.000196097
51200 30 1.38617 83178.1 0.000177901
51200 40 1.38617 64278.8 0.000154397
51200 50 1.38617 48066.5 0.000122539
51200 60 1.38617 38135.7 0.00010425
51200 70 1.38617 33682 9.51445e-05
51200 80 1.38617 32774.1 9.51557e-05
51200 90 1.38617 33214.8 9.55036e-05
51200 100 1.38617 36061 0.000100234
102400 10 1.38617 150775 0.000356551
102400 20 1.38617 189685 0.000393526
102400 30 1.38617 168243 0.000354936
102400 40 1.38617 126535 0.000302695
102400 50 1.38617 97184 0.000246517
102400 60 1.38617 77903.1 0.000210851
102400 70 1.38617 67860.3 0.000192538
102400 80 1.38617 66077.8 0.000189936
102400 90 1.38617 68008 0.000190822
102400 100 1.38617 73893.6 0.000201127
204800 10 1.38617 300944 0.000708656
204800 20 1.38617 378435 0.000782993
204800 30 1.38617 328751 0.000695853
204800 40 1.38617 258292 0.000606759
204800 50 1.38617 189921 0.000479514
204800 60 1.38617 157416 0.000417189
204800 70 1.38617 137375 0.000381142
204800 80 1.38617 132284 0.000372158
204800 90 1.38617 137901 0.000377607
204800 100 1.38617 147387 0.000394233
409600 10 1.38617 603683 0.00141793
409600 20 1.38617 755448 0.00156103
409600 30 1.38617 670242 0.00140502
409600 40 1.38617 505273 0.000796962
409600 50 1.38617 394704 0.000601461
409600 60 1.38617 312712 0.000510688
409600 70 1.38617 276938 0.000469111
409600 80 1.38617 269459 0.000452887
409600 90 1.38617 276506 0.00044963
409600 100 1.38617 304267 0.00046573
819200 10 1.38617 1.21007e+06 0.00171635
819200 20 1.38617 1.54323e+06 0.00178714
819200 30 1.38617 1.34929e+06 0.00158552
819200 40 1.38617 1.03358e+06 0.00142993
819200 50 1.38617 801473 0.00117909
819200 60 1.38617 627098 0.00100514
819200 70 1.38617 560649 0.000930264
819200 80 1.38617 546601 0.0008962
819200 90 1.38617 564390 0.00089793
819200 100 1.38617 615931 0.0009221
1638400 10 1.38617 2.44257e+06 0.0034379
1638400 20 1.38617 3.09647e+06 0.00355813
1638400 30 1.38617 2.71066e+06 0.00315877
1638400 40 1.38617 2.15608e+06 0.00290625
1638400 50 1.38617 1.66855e+06 0.00239845
1638400 60 1.38617 1.39869e+06 0.00209669
1638400 70 1.38617 1.21863e+06 0.00190971
1638400 80 1.38617 1.21149e+06 0.00186176
1638400 90 1.38617 1.22705e+06 0.00184483
1638400 100 1.38617 1.30604e+06 0.00188416
3276800 10 1.38617 4.89826e+06 0.0068233
3276800 20 1.38617 6.48702e+06 0.00733886
3276800 30 1.38617 6.30411e+06 0.00703519
3276800 40 1.38617 5.43724e+06 0.00679008
3276800 50 1.38617 4.65612e+06 0.00594957
3276800 60 1.38617 4.01269e+06 0.0053735
3276800 70 1.38617 3.57752e+06 0.00488397
3276800 80 1.38617 3.294e+06 0.00467131
3276800 90 1.38617 3.00681e+06 0.00442107
3276800 100 1.38617 2.91596e+06 0.00430392
