n=193080 m=100 k=88
200 10 3.0439 0.4729 9.552e-07
200 20 3.0439 0.9506 7.072e-07
200 30 3.0439 1.9259 6.881e-07
200 40 3.0439 4.6091 6.857e-07
200 50 3.0439 6.3186 6.942e-07
200 60 3.0439 5.2231 6.841e-07
200 70 3.0439 4.2949 6.862e-07
200 80 3.0439 5.1306 6.967e-07
200 90 3.0439 5.5754 7.055e-07
200 100 3.0439 11.0769 7.116e-07
400 10 3.0439 82.6046 1.0176e-06
400 20 3.0439 12.9365 8.24e-07
400 30 3.0439 5.9205 7.729e-07
400 40 3.0439 10.7059 7.826e-07
400 50 3.0439 19.5196 7.887e-07
400 60 3.0439 23.4496 7.923e-07
400 70 3.0439 19.4583 7.801e-07
400 80 3.0439 39.7227 8.088e-07
400 90 3.0439 31.669 7.982e-07
400 100 3.0439 34.6573 7.985e-07
800 10 3.0439 200.965 1.5175e-06
800 20 3.0439 30.7651 1.0951e-06
800 30 3.0439 20.0567 9.923e-07
800 40 3.0439 26.6767 9.623e-07
800 50 3.0439 32.4952 9.543e-07
800 60 3.0439 38.3442 9.524e-07
800 70 3.0439 34.9343 9.205e-07
800 80 3.0439 52.0491 9.667e-07
800 90 3.0439 49.9774 9.479e-07
800 100 3.0439 55.1311 9.156e-07
1600 10 3.0439 348.259 2.3329e-06
1600 20 3.0439 50.4893 1.4817e-06
1600 30 3.0439 27.3037 1.261e-06
1600 40 3.0439 40.0355 1.2067e-06
1600 50 3.0439 66.7869 1.2377e-06
1600 60 3.0439 96.8066 1.306e-06
1600 70 3.0439 140.86 1.366e-06
1600 80 3.0439 215.69 1.4898e-06
1600 90 3.0439 314.944 1.625e-06
1600 100 3.0439 431.097 1.8113e-06
3200 10 3.0439 1419.08 5.6067e-06
3200 20 3.0439 334.838 3.2898e-06
3200 30 3.0439 230.323 2.6795e-06
3200 40 3.0439 322.524 2.5988e-06
3200 50 3.0439 402.156 2.6047e-06
3200 60 3.0439 578.53 2.9393e-06
3200 70 3.0439 706.727 3.0281e-06
3200 80 3.0439 690.249 2.896e-06
3200 90 3.0439 719.409 2.8672e-06
3200 100 3.0439 789.386 2.8977e-06
6400 10 3.0439 2892.97 1.07401e-05
6400 20 3.0439 749.821 6.2204e-06
6400 30 3.0439 562.62 5.0271e-06
6400 40 3.0439 705.913 4.7315e-06
6400 50 3.0439 1202.34 5.4629e-06
6400 60 3.0439 1555.68 5.8589e-06
6400 70 3.0439 1955.15 6.2909e-06
6400 80 3.0439 2480.09 7.1454e-06
6400 90 3.0439 3355.65 8.4525e-06
6400 100 3.0439 3601.43 8.715e-06
12800 10 3.0439 8027.81 2.5594e-05
12800 20 3.0439 2664.77 1.52216e-05
12800 30 3.0439 2177.4 1.23793e-05
12800 40 3.0439 2970.61 1.29322e-05
12800 50 3.0439 4054.6 1.39751e-05
12800 60 3.0439 3682.37 1.25299e-05
12800 70 3.0439 3876.71 1.24327e-05
12800 80 3.0439 4026.86 1.17684e-05
12800 90 3.0439 4733.98 1.26998e-05
12800 100 3.0439 5049.77 1.28921e-05
25600 10 3.0439 13968.2 4.60634e-05
25600 20 3.0439 4815.39 2.74447e-05
25600 30 3.0439 4180.01 2.28042e-05
25600 40 3.0439 5688.21 2.34546e-05
25600 50 3.0439 6814.57 2.39084e-05
25600 60 3.0439 8333.08 2.56804e-05
25600 70 3.0439 7805.93 2.34169e-05
25600 80 3.0439 8956.84 2.53018e-05
25600 90 3.0439 10279.6 2.70442e-05
25600 100 3.0439 12803 3.12521e-05
51200 10 3.0439 32554.6 0.000100796
51200 20 3.0439 16508.2 6.75958e-05
51200 30 3.0439 17336.8 6.09908e-05
51200 40 3.0439 18236.2 4.10998e-05
51200 50 3.0439 18908.6 3.90685e-05
51200 60 3.0439 20761.8 3.85535e-05
51200 70 3.0439 23091.1 3.76464e-05
51200 80 3.0439 24054.3 3.9236e-05
51200 90 3.0439 24041.6 3.50346e-05
51200 100 3.0439 26029.8 3.63287e-05
102400 10 3.0439 71284.8 0.000142857
102400 20 3.0439 66514.3 0.00011786
102400 30 3.0439 77610 0.000112275
102400 40 3.0439 82265.9 0.000116128
102400 50 3.0439 78652 0.000106444
102400 60 3.0439 75923.3 0.000102657
102400 70 3.0439 72303.1 9.56571e-05
102400 80 3.0439 65651.3 8.73991e-05
102400 90 3.0439 57233.5 7.69966e-05
102400 100 3.0439 49334.8 7.2166e-05
