n=4047392 m=100 k=62
200 10 2.97344 0.7369 1.488e-05
200 20 2.97344 0.3751 1.49349e-05
200 30 2.97344 0.247 1.52209e-05
200 40 2.97344 0.1848 1.51809e-05
200 50 2.97344 0.1527 1.5437e-05
200 60 2.97344 0.1126 1.51994e-05
200 70 2.97344 0.0848 1.59719e-05
200 80 2.97344 0.0858 1.52105e-05
200 90 2.97344 0.0723 1.5151e-05
200 100 2.97344 0.0409 1.57967e-05
400 10 2.97344 1.442 1.63305e-05
400 20 2.97344 0.7417 1.56079e-05
400 30 2.97344 0.5241 1.53042e-05
400 40 2.97344 0.373 1.52726e-05
400 50 2.97344 0.2984 1.52623e-05
400 60 2.97344 0.2522 1.62256e-05
400 70 2.97344 0.2104 1.63234e-05
400 80 2.97344 0.1744 1.63398e-05
400 90 2.97344 0.1677 1.61765e-05
400 100 2.97344 0.1486 1.52905e-05
800 10 2.97344 2.6611 1.58074e-05
800 20 2.97344 1.4421 1.56102e-05
800 30 2.97344 0.9953 1.55787e-05
800 40 2.97344 0.7429 1.55905e-05
800 50 2.97344 0.6289 1.55995e-05
800 60 2.97344 0.5186 1.60633e-05
800 70 2.97344 0.4451 1.67202e-05
800 80 2.97344 0.395 1.67079e-05
800 90 2.97344 0.3584 1.67039e-05
800 100 2.97344 0.3294 1.67272e-05
1600 10 2.97344 5.1864 1.77241e-05
1600 20 2.97344 2.841 1.74154e-05
1600 30 2.97344 1.9779 1.67926e-05
1600 40 2.97344 1.56 1.62032e-05
1600 50 2.97344 1.228 1.61748e-05
1600 60 2.97344 1.0253 1.62002e-05
1600 70 2.97344 0.8851 1.60837e-05
1600 80 2.97344 0.7753 1.60124e-05
1600 90 2.97344 0.7301 1.59877e-05
1600 100 2.97344 0.659 1.59642e-05
3200 10 2.97344 10.2846 1.78424e-05
3200 20 2.97344 5.6983 1.6867e-05
3200 30 2.97344 3.8976 1.65838e-05
3200 40 2.97344 2.9522 1.64289e-05
3200 50 2.97344 2.4856 1.6675e-05
3200 60 2.97344 2.0936 1.73761e-05
3200 70 2.97344 1.805 1.73781e-05
3200 80 2.97344 1.5884 1.74178e-05
3200 90 2.97344 1.3951 1.74533e-05
3200 100 2.97344 1.3054 1.74894e-05
6400 10 2.97344 20.1224 2.15677e-05
6400 20 2.97344 11.121 1.95315e-05
6400 30 2.97344 7.9021 1.88962e-05
6400 40 2.97344 5.9809 1.85506e-05
6400 50 2.97344 4.8275 1.83289e-05
6400 60 2.97344 4.1921 1.8255e-05
6400 70 2.97344 3.6537 1.81598e-05
6400 80 2.97344 3.2367 1.73239e-05
6400 90 2.97344 2.9153 1.70756e-05
6400 100 2.97344 2.7297 1.70682e-05
12800 10 2.97344 40.2095 2.56659e-05
12800 20 2.97344 22.3101 2.1472e-05
12800 30 2.97344 15.388 2.00104e-05
12800 40 2.97344 11.9312 1.92876e-05
12800 50 2.97344 9.5573 1.89533e-05
12800 60 2.97344 8.2282 1.87314e-05
12800 70 2.97344 7.3414 1.85417e-05
12800 80 2.97344 6.3706 1.84569e-05
12800 90 2.97344 5.7573 1.84399e-05
12800 100 2.97344 5.3389 1.84031e-05
25600 10 2.97344 79.6727 3.6147e-05
25600 20 2.97344 44.3892 2.7978e-05
25600 30 2.97344 30.339 2.50857e-05
25600 40 2.97344 23.3686 2.35389e-05
25600 50 2.97344 19.2748 2.2648e-05
25600 60 2.97344 16.2498 2.21642e-05
25600 70 2.97344 14.1638 2.24192e-05
25600 80 2.97344 12.6965 2.2391e-05
25600 90 2.97344 11.6364 2.22567e-05
25600 100 2.97344 10.6255 2.21329e-05
51200 10 2.97344 160.714 5.84811e-05
51200 20 2.97344 87.8093 4.22546e-05
51200 30 2.97344 60.5131 3.63022e-05
51200 40 2.97344 47.2026 3.33607e-05
51200 50 2.97344 38.3441 3.18979e-05
51200 60 2.97344 32.4191 3.10039e-05
51200 70 2.97344 27.7845 2.98964e-05
51200 80 2.97344 24.7655 2.88824e-05
51200 90 2.97344 22.916 2.85695e-05
51200 100 2.97344 20.3206 2.79611e-05
102400 10 2.97344 316.591 9.82186e-05
102400 20 2.97344 176.942 6.48463e-05
102400 30 2.97344 117.04 5.25404e-05
102400 40 2.97344 93.8347 4.71116e-05
102400 50 2.97344 75.4114 4.42688e-05
102400 60 2.97344 64.866 4.29544e-05
102400 70 2.97344 56.1794 4.1489e-05
102400 80 2.97344 49.8677 4.03473e-05
102400 90 2.97344 45.0798 4.01149e-05
102400 100 2.97344 40.766 3.86037e-05
204800 10 2.97344 634.82 0.000176366
204800 20 2.97344 353.837 0.00011042
204800 30 2.97344 243.834 8.57994e-05
204800 40 2.97344 191.729 7.38632e-05
204800 50 2.97344 155.149 6.71865e-05
204800 60 2.97344 129.991 6.39848e-05
204800 70 2.97344 115.007 5.98558e-05
204800 80 2.97344 98.1897 5.77945e-05
204800 90 2.97344 89.7124 5.6233e-05
204800 100 2.97344 84.2209 5.47356e-05
409600 10 2.97344 1294.76 0.000340385
409600 20 2.97344 690.992 0.000203519
409600 30 2.97344 494.004 0.000154615
409600 40 2.97344 373.027 0.00012683
409600 50 2.97344 304.296 0.000110654
409600 60 2.97344 258.827 0.000101401
409600 70 2.97344 226.082 9.39282e-05
409600 80 2.97344 203.022 8.90476e-05
409600 90 2.97344 186.315 8.59314e-05
409600 100 2.97344 169.016 8.32222e-05
819200 10 2.97344 2547.99 0.000655476
819200 20 2.97344 1432.3 0.000385837
819200 30 2.97344 968.374 0.000286065
819200 40 2.97344 770.762 0.00023711
819200 50 2.97344 614.284 0.000204816
819200 60 2.97344 521.554 0.00018482
819200 70 2.97344 451.692 0.000169034
819200 80 2.97344 407.391 0.000158624
819200 90 2.97344 366.709 0.000145635
819200 100 2.97344 333.862 0.000138092
1638400 10 2.97344 5085.48 0.00130023
1638400 20 2.97344 2836.32 0.000749782
1638400 30 2.97344 1975.58 0.000550208
1638400 40 2.97344 1463.03 0.000446359
1638400 50 2.97344 1209.27 0.000376601
1638400 60 2.97344 1051.33 0.000336202
1638400 70 2.97344 901.384 0.000303843
1638400 80 2.97344 798.927 0.000282222
1638400 90 2.97344 731.71 0.000265944
1638400 100 2.97344 651.88 0.00024928
3276800 10 2.97344 10349.5 0.00259252
3276800 20 2.97344 5521.38 0.00147693
3276800 30 2.97344 3951.59 0.00106451
3276800 40 2.97344 3014.04 0.000802956
3276800 50 2.97344 2503.93 0.000668744
3276800 60 2.97344 2094.7 0.000588157
3276800 70 2.97344 1831.86 0.000530423
3276800 80 2.97344 1634.82 0.000488516
3276800 90 2.97344 1468.64 0.000455
3276800 100 2.97344 1303.59 0.00042965
