n=207205 m=100 k=77
200 10 2.90019 0.4179 1.53674e-05
200 20 2.90019 0.2167 1.51763e-05
200 30 2.90019 0.1637 1.52554e-05
200 40 2.90019 0.103 1.54512e-05
200 50 2.90019 0.1243 1.55509e-05
200 60 2.90019 0.1045 1.56196e-05
200 70 2.90019 0.1194 1.55491e-05
200 80 2.90019 0.1635 1.59714e-05
200 90 2.90019 0.0993 1.56486e-05
200 100 2.90019 0.0522 1.57279e-05
400 10 2.90019 0.7795 1.60061e-05
400 20 2.90019 0.3671 1.62825e-05
400 30 2.90019 0.2817 1.56178e-05
400 40 2.90019 0.2967 1.56261e-05
400 50 2.90019 0.2511 1.57163e-05
400 60 2.90019 0.2598 1.58e-05
400 70 2.90019 0.2673 1.58244e-05
400 80 2.90019 0.2302 1.61577e-05
400 90 2.90019 0.2777 1.67429e-05
400 100 2.90019 0.3114 1.59295e-05
800 10 2.90019 1.6419 1.61842e-05
800 20 2.90019 0.8807 1.58771e-05
800 30 2.90019 0.71 1.5808e-05
800 40 2.90019 0.5476 1.57874e-05
800 50 2.90019 0.5714 1.59492e-05
800 60 2.90019 0.5829 1.59621e-05
800 70 2.90019 0.548 1.59836e-05
800 80 2.90019 0.6071 1.59637e-05
800 90 2.90019 0.6801 1.60027e-05
800 100 2.90019 0.5672 1.59959e-05
1600 10 2.90019 3.0814 1.78593e-05
1600 20 2.90019 1.6494 1.7367e-05
1600 30 2.90019 1.246 1.72019e-05
1600 40 2.90019 1.0255 1.60797e-05
1600 50 2.90019 1.0346 1.59854e-05
1600 60 2.90019 1.1595 1.60013e-05
1600 70 2.90019 1.1358 1.63545e-05
1600 80 2.90019 1.1136 1.29735e-05
1600 90 2.90019 1.2697 1.30039e-05
1600 100 2.90019 1.4712 1.29642e-05
3200 10 2.90019 5.5046 1.50996e-05
3200 20 2.90019 2.9002 1.40562e-05
3200 30 2.90019 2.2172 1.36888e-05
3200 40 2.90019 2.0268 1.34707e-05
3200 50 2.90019 1.8534 1.43087e-05
3200 60 2.90019 2.0766 1.33354e-05
3200 70 2.90019 2.1347 1.32856e-05
3200 80 2.90019 2.1769 1.32339e-05
3200 90 2.90019 2.4025 1.35378e-05
3200 100 2.90019 2.5653 1.32245e-05
6400 10 2.90019 12.4388 1.75067e-05
6400 20 2.90019 6.5851 1.5571e-05
6400 30 2.90019 5.1675 1.51817e-05
6400 40 2.90019 4.6955 1.43323e-05
6400 50 2.90019 4.476 1.40753e-05
6400 60 2.90019 4.4474 1.39458e-05
6400 70 2.90019 4.2268 1.38463e-05
6400 80 2.90019 4.5853 1.37538e-05
6400 90 2.90019 5.4024 1.37171e-05
6400 100 2.90019 5.4042 1.36753e-05
12800 10 2.90019 24.2114 2.20945e-05
12800 20 2.90019 12.1349 1.80846e-05
12800 30 2.90019 9.9138 1.66168e-05
12800 40 2.90019 8.6443 1.58388e-05
12800 50 2.90019 8.7244 1.54168e-05
12800 60 2.90019 8.4827 1.51313e-05
12800 70 2.90019 8.5933 1.48761e-05
12800 80 2.90019 9.4262 1.47244e-05
12800 90 2.90019 10.4338 1.46263e-05
12800 100 2.90019 10.9167 1.45189e-05
25600 10 2.90019 48.5051 3.1218e-05
25600 20 2.90019 25.1721 2.33233e-05
25600 30 2.90019 19.4518 2.03843e-05
25600 40 2.90019 17.7107 1.88993e-05
25600 50 2.90019 17.3799 1.80151e-05
25600 60 2.90019 17.7755 1.7452e-05
25600 70 2.90019 18.3456 1.70559e-05
25600 80 2.90019 19.34 1.67111e-05
25600 90 2.90019 19.5603 1.64479e-05
25600 100 2.90019 21.7149 1.62553e-05
51200 10 2.90019 98.254 4.96951e-05
51200 20 2.90019 53.0585 3.36701e-05
51200 30 2.90019 41.9344 2.78908e-05
51200 40 2.90019 36.4065 2.49369e-05
51200 50 2.90019 36.3223 2.33141e-05
51200 60 2.90019 36.3781 2.2254e-05
51200 70 2.90019 37.0445 2.1388e-05
51200 80 2.90019 36.7111 2.06521e-05
51200 90 2.90019 38.424 2.01377e-05
51200 100 2.90019 42.5752 1.96876e-05
102400 10 2.90019 203.408 8.50241e-05
102400 20 2.90019 120.131 5.399e-05
102400 30 2.90019 95.5621 4.25211e-05
102400 40 2.90019 88.6819 3.68707e-05
102400 50 2.90019 83.2022 3.33794e-05
102400 60 2.90019 81.7489 3.13878e-05
102400 70 2.90019 84.0227 2.96239e-05
102400 80 2.90019 86.4816 2.82955e-05
102400 90 2.90019 85.3622 2.72235e-05
102400 100 2.90019 91.8438 2.64315e-05
204800 10 2.90019 473.325 0.000156102
204800 20 2.90019 319.05 9.43733e-05
204800 30 2.90019 259.842 7.11561e-05
204800 40 2.90019 230.111 5.92496e-05
204800 50 2.90019 212.974 5.22394e-05
204800 60 2.90019 200.187 4.79375e-05
204800 70 2.90019 193.953 4.45892e-05
204800 80 2.90019 187.789 4.20697e-05
204800 90 2.90019 183.862 4.00762e-05
204800 100 2.90019 178.075 3.83575e-05
