n=193080 m=100 k=88
200 10 3.0439 0.3765 1.59837e-05
200 20 3.0439 0.1762 1.59015e-05
200 30 3.0439 0.1379 1.59204e-05
200 40 3.0439 0.1261 1.5984e-05
200 50 3.0439 0.1055 1.59429e-05
200 60 3.0439 0.1265 1.5993e-05
200 70 3.0439 0.0697 1.59778e-05
200 80 3.0439 0.0679 1.5994e-05
200 90 3.0439 0.0974 1.60717e-05
200 100 3.0439 0.0677 1.60716e-05
400 10 3.0439 0.884 1.61713e-05
400 20 3.0439 0.443 1.60214e-05
400 30 3.0439 0.3381 1.60515e-05
400 40 3.0439 0.3163 1.60062e-05
400 50 3.0439 0.2556 1.59932e-05
400 60 3.0439 0.3314 1.60415e-05
400 70 3.0439 0.3426 1.60383e-05
400 80 3.0439 0.2807 1.60365e-05
400 90 3.0439 0.3108 1.61514e-05
400 100 3.0439 0.3065 1.61081e-05
800 10 3.0439 1.6765 1.65457e-05
800 20 3.0439 0.8419 1.62405e-05
800 30 3.0439 0.654 1.6184e-05
800 40 3.0439 0.5447 1.61595e-05
800 50 3.0439 0.4676 1.6131e-05
800 60 3.0439 0.6233 1.61917e-05
800 70 3.0439 0.6077 1.61616e-05
800 80 3.0439 0.6008 1.61582e-05
800 90 3.0439 0.5444 1.62205e-05
800 100 3.0439 0.6041 1.62204e-05
1600 10 3.0439 3.4791 1.72309e-05
1600 20 3.0439 1.8032 1.66502e-05
1600 30 3.0439 1.4326 1.40828e-05
1600 40 3.0439 1.1808 1.33633e-05
1600 50 3.0439 1.1411 1.32821e-05
1600 60 3.0439 1.3057 1.33279e-05
1600 70 3.0439 1.3423 1.32985e-05
1600 80 3.0439 1.4392 1.3242e-05
1600 90 3.0439 1.393 1.3287e-05
1600 100 3.0439 1.4373 1.39601e-05
3200 10 3.0439 7.1142 1.53116e-05
3200 20 3.0439 3.6713 1.43072e-05
3200 30 3.0439 2.8215 1.44341e-05
3200 40 3.0439 2.4753 1.38744e-05
3200 50 3.0439 2.3888 1.36326e-05
3200 60 3.0439 2.3262 1.35708e-05
3200 70 3.0439 2.6689 1.35323e-05
3200 80 3.0439 2.7348 1.34819e-05
3200 90 3.0439 2.6606 1.3505e-05
3200 100 3.0439 2.7782 1.34968e-05
6400 10 3.0439 13.6476 1.85432e-05
6400 20 3.0439 7.0546 1.56269e-05
6400 30 3.0439 5.3017 1.48654e-05
6400 40 3.0439 5.0366 1.44722e-05
6400 50 3.0439 4.818 1.4262e-05
6400 60 3.0439 5.0619 1.41641e-05
6400 70 3.0439 4.9118 1.40622e-05
6400 80 3.0439 4.8752 1.39791e-05
6400 90 3.0439 5.5781 1.39619e-05
6400 100 3.0439 5.9172 1.39694e-05
12800 10 3.0439 28.8804 2.21549e-05
12800 20 3.0439 15.0658 1.82104e-05
12800 30 3.0439 11.294 1.67762e-05
12800 40 3.0439 9.9324 1.60269e-05
12800 50 3.0439 9.6585 1.55914e-05
12800 60 3.0439 9.6684 1.53666e-05
12800 70 3.0439 9.7687 1.51856e-05
12800 80 3.0439 10.6888 1.50099e-05
12800 90 3.0439 10.9066 1.4889e-05
12800 100 3.0439 11.8495 1.47954e-05
25600 10 3.0439 53.7493 3.09864e-05
25600 20 3.0439 28.3732 2.33054e-05
25600 30 3.0439 21.7938 2.04871e-05
25600 40 3.0439 19.8238 1.91012e-05
25600 50 3.0439 19.2334 1.82695e-05
25600 60 3.0439 19.7089 1.77552e-05
25600 70 3.0439 20.0626 1.7349e-05
25600 80 3.0439 20.3905 1.70061e-05
25600 90 3.0439 21.6934 1.70183e-05
25600 100 3.0439 24.292 1.67995e-05
51200 10 3.0439 109.962 4.87028e-05
51200 20 3.0439 57.5313 3.33668e-05
51200 30 3.0439 45.1754 2.78329e-05
51200 40 3.0439 40.853 2.50515e-05
51200 50 3.0439 38.9506 2.34163e-05
51200 60 3.0439 39.2345 2.24842e-05
51200 70 3.0439 39.123 2.16437e-05
51200 80 3.0439 41.9743 2.09988e-05
51200 90 3.0439 44.3432 2.05548e-05
51200 100 3.0439 47.0597 2.01285e-05
102400 10 3.0439 229.11 8.36538e-05
102400 20 3.0439 135.016 5.32901e-05
102400 30 3.0439 105.529 4.20778e-05
102400 40 3.0439 97.1028 3.67035e-05
102400 50 3.0439 88.3267 3.33707e-05
102400 60 3.0439 88.0077 3.14483e-05
102400 70 3.0439 86.2541 2.98141e-05
102400 80 3.0439 87.4097 2.8538e-05
102400 90 3.0439 87.6005 2.75926e-05
102400 100 3.0439 95.5471 2.67863e-05
