n=3170441 m=100 k=5
200 10 1.35691 11.7669 71043.5 289.026
200 20 1.35691 7.5235 70985.3 279.569
200 30 1.35691 5.9476 71137.1 278.191
200 40 1.35691 5.1822 71145.7 278.18
200 50 1.35691 4.6148 71163 277.068
200 60 1.35691 4.2973 71357.8 276.087
200 70 1.35691 3.8832 71381.8 273.551
200 80 1.35691 3.6373 71409.3 273.893
200 90 1.35691 3.2938 71605.2 274.284
200 100 1.35691 2.9513 71631.1 273.434
400 10 1.35691 23.5361 71525.5 310.205
400 20 1.35691 15.3675 71325.9 294.467
400 30 1.35691 12.7503 71434.5 290.671
400 40 1.35691 11.1206 71416.4 288.64
400 50 1.35691 10.428 71427.4 287.318
400 60 1.35691 9.932 71613.6 285.629
400 70 1.35691 9.4226 71632.4 284.526
400 80 1.35691 8.9 71654.9 284.469
400 90 1.35691 8.5924 71850.1 284.092
400 100 1.35691 8.3239 71876.6 282.659
800 10 1.35691 47.4839 72491.9 353.977
800 20 1.35691 31.3453 72010.9 325.406
800 30 1.35691 25.8516 72022.9 316.435
800 40 1.35691 23.2883 71965.7 312.694
800 50 1.35691 22.0116 71952.7 310.389
800 60 1.35691 20.924 72119.9 308.362
800 70 1.35691 20.0768 72128.7 307.06
800 80 1.35691 19.6369 72153.1 306.299
800 90 1.35691 19.3464 72346.6 305.87
800 100 1.35691 19.0364 72372.4 304.434
1600 10 1.35691 94.8213 74417.9 441.173
1600 20 1.35691 63.2995 73388.7 388.481
1600 30 1.35691 52.8774 73218.4 371.536
1600 40 1.35691 47.4046 73053.2 362.235
1600 50 1.35691 44.5818 72990.9 357.083
1600 60 1.35691 42.9698 73135.2 354.338
1600 70 1.35691 42.0102 73135.8 351.87
1600 80 1.35691 41.28 73144.2 350.796
1600 90 1.35691 40.6054 73326.3 350.141
1600 100 1.35691 39.9968 73342.5 348.845
3200 10 1.35691 188.365 78251.3 616.389
3200 20 1.35691 126.665 76117.6 514.184
3200 30 1.35691 105.503 75577.1 479.543
3200 40 1.35691 94.43 75224 461.631
3200 50 1.35691 89.6464 75052.4 451.859
3200 60 1.35691 87.5963 75186.7 447.86
3200 70 1.35691 85.1989 75138.5 443.431
3200 80 1.35691 83.8167 75132 440.932
3200 90 1.35691 82.7497 75296.3 439.022
3200 100 1.35691 82.0481 75303.6 437.406
6400 10 1.35691 376.53 85932.1 968.904
6400 20 1.35691 251.486 81574.7 765.193
6400 30 1.35691 209.588 80247.3 693.639
6400 40 1.35691 191.642 79588.3 661.122
6400 50 1.35691 181.572 79249.8 642.988
6400 60 1.35691 174.237 79204 630.026
6400 70 1.35691 172.76 79156.8 626.358
6400 80 1.35691 168.6 79062.7 619.579
6400 90 1.35691 167.109 79241.5 617.618
6400 100 1.35691 167.964 79268.7 617.669
12800 10 1.35691 751.468 101211 1663.72
12800 20 1.35691 505.639 92581.5 1268.72
12800 30 1.35691 424.299 89780.4 1128.9
12800 40 1.35691 385.133 88384.3 1061.39
12800 50 1.35691 365.638 87695.7 1026.94
12800 60 1.35691 354.563 87431.3 1005.17
12800 70 1.35691 348.104 87233.8 992.922
12800 80 1.35691 343.273 87106.4 985.012
12800 90 1.35691 336.058 87153.2 975.967
12800 100 1.35691 337.934 87147.9 973.965
25600 10 1.35691 1499.94 131833 3058.02
25600 20 1.35691 1010.98 114367 2267.85
25600 30 1.35691 841.912 108564 1984.19
25600 40 1.35691 765.755 105754 1851.88
25600 50 1.35691 725.725 104379 1783.5
25600 60 1.35691 700.511 103570 1734.53
25600 70 1.35691 688.963 103138 1710.34
25600 80 1.35691 680.749 102919 1695.64
25600 90 1.35691 679.554 102989 1690.66
25600 100 1.35691 668.477 102700 1674.68
51200 10 1.35691 2974.92 192601 5805.48
51200 20 1.35691 2008.52 157891 4248.14
51200 30 1.35691 1690.66 146428 3705.62
51200 40 1.35691 1528.89 140681 3430.67
51200 50 1.35691 1454.43 137800 3292.4
51200 60 1.35691 1409.06 136206 3206.21
51200 70 1.35691 1378.14 135145 3150.7
51200 80 1.35691 1355.28 134678 3120.31
51200 90 1.35691 1349.85 134257 3095.11
51200 100 1.35691 1348.16 134180 3091.32
102400 10 1.35691 6022.49 316013 11377.9
102400 20 1.35691 4043.32 245269 8219.27
102400 30 1.35691 3391.11 221675 7116.12
102400 40 1.35691 3068.31 210548 6580.05
102400 50 1.35691 2890.72 204468 6282.66
102400 60 1.35691 2825.09 201430 6136.46
102400 70 1.35691 2771.5 199852 6050.19
102400 80 1.35691 2741.15 198620 5986.68
102400 90 1.35691 2741.69 198468 5974.68
102400 100 1.35691 2710.94 197498 5922.23
204800 10 1.35691 12076.5 561679 22414.9
204800 20 1.35691 8088.23 420640 16149
204800 30 1.35691 6754.74 372079 13891.3
204800 40 1.35691 6125.94 350039 12854
204800 50 1.35691 5848.29 339939 12357.5
204800 60 1.35691 5653.5 331308 11963.4
204800 70 1.35691 5511.34 327338 11741
204800 80 1.35691 5437.98 325143 11619.1
204800 90 1.35691 5438.49 324607 11590.9
204800 100 1.35691 5399.48 323161 11515.4
409600 10 1.35691 24071.9 1.05218e+06 44454.5
409600 20 1.35691 16086.8 767908 31796.7
409600 30 1.35691 13521.3 673541 27458.8
409600 40 1.35691 12155.2 626721 25221.9
409600 50 1.35691 11620.1 607014 24286.5
409600 60 1.35691 11219.7 592199 23567.5
409600 70 1.35691 11067.7 585633 23261.3
409600 80 1.35691 11012.8 581628 23081.9
409600 90 1.35691 10807.6 575581 22759.9
409600 100 1.35691 10785.4 576331 22753.7
819200 10 1.35691 48098.9 2.03148e+06 88523.2
819200 20 1.35691 32311.6 1.47161e+06 63486.5
819200 30 1.35691 27003.3 1.27523e+06 54254.9
819200 40 1.35691 24380.5 1.18538e+06 49944.6
819200 50 1.35691 23237.4 1.13784e+06 47785.4
819200 60 1.35691 22547.1 1.11633e+06 46685.6
819200 70 1.35691 22000.7 1.09673e+06 45789.6
819200 80 1.35691 21951.4 1.0922e+06 45572.2
819200 90 1.35691 21682.8 1.08415e+06 45159.2
819200 100 1.35691 21704.2 1.08442e+06 45156.6
1638400 10 1.35691 96095.8 3.99005e+06 176142
1638400 20 1.35691 64055.9 2.84975e+06 124938
1638400 30 1.35691 53669.2 2.48072e+06 107763
1638400 40 1.35691 48886 2.30625e+06 99663.7
1638400 50 1.35691 46394.1 2.21608e+06 95360.7
1638400 60 1.35691 45369.6 2.17235e+06 93358.1
1638400 70 1.35691 44220.1 2.13324e+06 91433.3
1638400 80 1.35691 44172 2.12625e+06 91178.2
1638400 90 1.35691 43557.9 2.10559e+06 90187.4
1638400 100 1.35691 43573.3 2.10006e+06 89840.2
