n=4638690 m=100 k=4
200 10 1.38617 9.9818 71007.8 288.963
200 20 1.38617 6.3705 70964 280.699
200 30 1.38617 5.0951 71122.1 278.132
200 40 1.38617 4.4335 71134.1 278.765
200 50 1.38617 4.0484 71156.1 277.024
200 60 1.38617 3.7605 71351.3 275.32
200 70 1.38617 3.3775 71373.8 276.672
200 80 1.38617 3.2008 71403.9 276.213
200 90 1.38617 2.9483 71601.1 276.118
200 100 1.38617 2.6199 71628.1 275.12
400 10 1.38617 20.134 71458 309.74
400 20 1.38617 13.1991 71284.2 295.226
400 30 1.38617 10.6341 71398.5 291.502
400 40 1.38617 9.5946 71389.7 289.512
400 50 1.38617 8.9274 71402.2 287.353
400 60 1.38617 8.4946 71592.3 286.08
400 70 1.38617 8.1628 71614.7 286.314
400 80 1.38617 7.8135 71640.8 286.864
400 90 1.38617 7.654 71839.6 286.577
400 100 1.38617 7.3701 71864.8 284.81
800 10 1.38617 40.4141 72357.1 351.843
800 20 1.38617 26.6932 71919.4 324.478
800 30 1.38617 21.8064 71945.9 316.178
800 40 1.38617 19.7312 71898.4 312.86
800 50 1.38617 18.8742 71898.1 310.879
800 60 1.38617 18.1289 72078.7 308.204
800 70 1.38617 17.5665 72093.3 307.735
800 80 1.38617 17.2011 72120.6 308.228
800 90 1.38617 16.8518 72313.1 307.378
800 100 1.38617 16.569 72340.2 305.786
1600 10 1.38617 81.0384 74154.3 435.695
1600 20 1.38617 53.5594 73190.3 383.867
1600 30 1.38617 44.3793 73053.3 367.643
1600 40 1.38617 40.4273 72926.4 360.384
1600 50 1.38617 38.521 72884.5 355.727
1600 60 1.38617 37.0496 73040.3 351.814
1600 70 1.38617 36.4293 73049.1 351.271
1600 80 1.38617 35.7365 73064.5 351.034
1600 90 1.38617 35.5285 73262.2 350.963
1600 100 1.38617 35.3348 73290.7 349.35
3200 10 1.38617 162.372 77748.2 604.881
3200 20 1.38617 107.355 75733.5 503.452
3200 30 1.38617 89.1536 75258.4 470.437
3200 40 1.38617 81.1768 74963.5 455.135
3200 50 1.38617 77.5087 74866.1 448.473
3200 60 1.38617 75.111 74973.2 442.643
3200 70 1.38617 73.964 74959.1 440.794
3200 80 1.38617 73.2585 74975.4 440.258
3200 90 1.38617 72.4278 75141.2 437.237
3200 100 1.38617 72.1981 75195.1 436.943
6400 10 1.38617 323.592 84929 938.873
6400 20 1.38617 215.068 80828.9 741.379
6400 30 1.38617 178.912 79632.4 674.482
6400 40 1.38617 163.321 79076.1 646.043
6400 50 1.38617 155.534 78814.3 631.396
6400 60 1.38617 150.977 78848.2 621.93
6400 70 1.38617 149.691 78819.2 619.506
6400 80 1.38617 147.225 78778.2 614.828
6400 90 1.38617 147.101 78955 613.619
6400 100 1.38617 146.591 78975.5 612.29
12800 10 1.38617 647.786 99289 1613.32
12800 20 1.38617 429.37 90995.4 1218.48
12800 30 1.38617 359.274 88482 1088.62
12800 40 1.38617 328.638 87332.9 1030.91
12800 50 1.38617 311.431 86690.2 997.243
12800 60 1.38617 304.431 86596.1 982.551
12800 70 1.38617 299.591 86482.3 973.908
12800 80 1.38617 295.245 86324.6 964.298
12800 90 1.38617 295.323 86566.1 964.856
12800 100 1.38617 295.656 86583.9 963.058
25600 10 1.38617 1291.72 127809 2942.74
25600 20 1.38617 859.607 111385 2169.81
25600 30 1.38617 714.836 105980 1901.59
25600 40 1.38617 654.671 103605 1786.07
25600 50 1.38617 620.467 102313 1721.25
25600 60 1.38617 607.749 102058 1698.15
25600 70 1.38617 596.812 101634 1674.41
25600 80 1.38617 592.602 101495 1665.1
25600 90 1.38617 589.229 101574 1657.51
25600 100 1.38617 591.087 101724 1661.67
51200 10 1.38617 2583.73 185255 5631.08
51200 20 1.38617 1716.96 151938 4066.8
51200 30 1.38617 1431.18 141120 3536.16
51200 40 1.38617 1310.94 136437 3308.19
51200 50 1.38617 1247.14 133895 3182.08
51200 60 1.38617 1215.85 132986 3124.85
51200 70 1.38617 1196.73 132232 3084.98
51200 80 1.38617 1185.93 131860 3063.31
51200 90 1.38617 1189.71 132357 3074.37
51200 100 1.38617 1184.71 132041 3058.12
102400 10 1.38617 5161.17 299721 10954.8
102400 20 1.38617 3434.96 233183 7853.51
102400 30 1.38617 2860.07 211310 6793.37
102400 40 1.38617 2620.13 202123 6345.04
102400 50 1.38617 2490.5 196917 6092.43
102400 60 1.38617 2430.2 194747 5971.64
102400 70 1.38617 2403.52 193695 5916.36
102400 80 1.38617 2376.23 192643 5858.88
102400 90 1.38617 2362.16 192281 5828.24
102400 100 1.38617 2366.63 192714 5841.98
204800 10 1.38617 10345.8 529412 21673.2
204800 20 1.38617 6861.52 395455 15411.5
204800 30 1.38617 5728.76 352272 13326.9
204800 40 1.38617 5224.48 332477 12370.7
204800 50 1.38617 4979.92 322659 11894.7
204800 60 1.38617 4851 317687 11638
204800 70 1.38617 4802.51 316080 11545.3
204800 80 1.38617 4759.01 314466 11456
204800 90 1.38617 4764.64 314956 11463.8
204800 100 1.38617 4736.57 313819 11399.7
409600 10 1.38617 20710.3 989184 43056.5
409600 20 1.38617 13756.4 721246 30575.2
409600 30 1.38617 11446.3 633068 26325.8
409600 40 1.38617 10439.5 592995 24397.4
409600 50 1.38617 9969.47 574940 23513.7
409600 60 1.38617 9741.67 566029 23057
409600 70 1.38617 9624.48 561949 22834.8
409600 80 1.38617 9559.89 560006 22720.4
409600 90 1.38617 9521.27 558428 22629.4
409600 100 1.38617 9481.29 556434 22525.2
819200 10 1.38617 41352.9 1.90663e+06 85616.7
819200 20 1.38617 27426.3 1.37003e+06 60726.1
819200 30 1.38617 22920.8 1.19743e+06 52421.4
819200 40 1.38617 20972.7 1.11946e+06 48684.1
819200 50 1.38617 19919 1.07818e+06 46653.6
819200 60 1.38617 19442.4 1.06108e+06 45756.2
819200 70 1.38617 19210.4 1.05191e+06 45302.1
819200 80 1.38617 19149.2 1.04968e+06 45165.1
819200 90 1.38617 18997.7 1.04281e+06 44818.6
819200 100 1.38617 19005.7 1.04396e+06 44848.7
1638400 10 1.38617 82548.7 3.73316e+06 170369
1638400 20 1.38617 54848.4 2.66928e+06 121108
1638400 30 1.38617 45926.2 2.32867e+06 104679
1638400 40 1.38617 41654.6 2.15606e+06 96406.8
1638400 50 1.38617 39965.2 2.0926e+06 93231.8
1638400 60 1.38617 39020.2 2.05594e+06 91382.6
1638400 70 1.38617 38675.8 2.04552e+06 90798.3
1638400 80 1.38617 38272.1 2.02701e+06 89925.6
1638400 90 1.38617 38130.8 2.02442e+06 89644.3
1638400 100 1.38617 38269 2.02997e+06 89847.6
3276800 10 1.38617 165377 7.40208e+06 340055
3276800 20 1.38617 109690 5.26877e+06 240930
3276800 30 1.38617 91875.7 4.58405e+06 208166
3276800 40 1.38617 83939 4.27641e+06 193337
3276800 50 1.38617 80217.1 4.12926e+06 186266
3276800 60 1.38617 78501.3 4.06705e+06 183194
3276800 70 1.38617 77372.2 4.02119e+06 181040
3276800 80 1.38617 76839.9 4.00609e+06 180238
3276800 90 1.38617 76328.5 3.9788e+06 178938
3276800 100 1.38617 76542.1 3.99198e+06 179109
