n=421419 m=100 k=78
200 10 3.00892 0.5106 70781.7 269.577
200 20 3.00892 0.2533 70779.7 264.738
200 30 3.00892 0.1768 70952.9 264.438
200 40 3.00892 0.1245 70970.6 266.744
200 50 3.00892 0.1119 70997.8 265.997
200 60 3.00892 0.0942 71203.8 266.054
200 70 3.00892 0.0868 71233.8 267.994
200 80 3.00892 0.0976 71272.1 267.695
200 90 3.00892 0.0786 71480.3 269.143
200 100 3.00892 0.0696 71510.1 267.717
400 10 3.00892 0.9988 70996.3 273.165
400 20 3.00892 0.5364 70898.1 269.513
400 30 3.00892 0.3651 71034.8 268.396
400 40 3.00892 0.2765 71036.6 269.904
400 50 3.00892 0.2662 71052.7 269.586
400 60 3.00892 0.2361 71247.7 269.005
400 70 3.00892 0.2489 71276 268.441
400 80 3.00892 0.204 71305.7 269.592
400 90 3.00892 0.2069 71511.1 268.72
400 100 3.00892 0.163 71541.9 268.589
800 10 3.00892 2.0385 71427 280.123
800 20 3.00892 1.0602 71134.6 273.221
800 30 3.00892 0.7171 71200.6 271.519
800 40 3.00892 0.5522 71164.4 271.65
800 50 3.00892 0.468 71157.8 270.557
800 60 3.00892 0.4131 71336.1 269.715
800 70 3.00892 0.4678 71355.8 269.916
800 80 3.00892 0.4109 71377.9 270.999
800 90 3.00892 0.4305 71575.2 270.448
800 100 3.00892 0.4339 71603.2 269.209
1600 10 3.00892 3.9898 72288.9 290.95
1600 20 3.00892 2.1523 71614.4 279.8
1600 30 3.00892 1.4871 71534.9 276.255
1600 40 3.00892 1.154 71424.8 274.106
1600 50 3.00892 0.9949 71372 273.551
1600 60 3.00892 0.8909 71519.9 272.105
1600 70 3.00892 0.9058 71513.4 273.604
1600 80 3.00892 0.8679 71519.6 272.618
1600 90 3.00892 0.867 71704.1 272.054
1600 100 3.00892 0.7926 71720.7 271.936
3200 10 3.00892 7.5063 73998.1 314.978
3200 20 3.00892 4.0186 72559 291.975
3200 30 3.00892 2.795 72196.6 285.264
3200 40 3.00892 2.29 71939.8 281.505
3200 50 3.00892 2.0387 71796 278.539
3200 60 3.00892 1.8324 71882.9 276.366
3200 70 3.00892 1.9544 71836.8 276.759
3200 80 3.00892 1.7941 71808.6 274.898
3200 90 3.00892 1.9065 71968.4 275.193
3200 100 3.00892 1.8553 71964.8 274.887
6400 10 3.00892 16.4494 77473.7 366.769
6400 20 3.00892 8.6676 74498.2 321.591
6400 30 3.00892 6.0148 73547.6 305.937
6400 40 3.00892 4.9828 72989.9 295.798
6400 50 3.00892 4.2306 72657.7 290.836
6400 60 3.00892 4.0322 72621.6 287.421
6400 70 3.00892 3.8456 72482.1 284.713
6400 80 3.00892 3.7569 72388.3 284.622
6400 90 3.00892 3.7057 72492.3 283.548
6400 100 3.00892 3.8075 72446.2 281.49
12800 10 3.00892 32.4488 84392.1 466.845
12800 20 3.00892 17.1249 78322.1 374.539
12800 30 3.00892 12.2259 76239.9 342.737
12800 40 3.00892 9.6626 75076.2 324.863
12800 50 3.00892 8.8544 74376.2 314.342
12800 60 3.00892 8.1357 74086.9 306.297
12800 70 3.00892 7.6437 73781.3 304.589
12800 80 3.00892 7.6773 73539.2 301.156
12800 90 3.00892 7.3189 73533.5 299.035
12800 100 3.00892 7.5895 73403.4 294.599
25600 10 3.00892 65.693 98258.8 654.444
25600 20 3.00892 34.509 85996 481.74
25600 30 3.00892 24.3036 81596.8 417.123
25600 40 3.00892 20.0845 79246 384.618
25600 50 3.00892 17.236 77814.4 364.009
25600 60 3.00892 16.163 77039.9 349.803
25600 70 3.00892 15.4096 76371.4 342.531
25600 80 3.00892 15.2846 75861.7 332.856
25600 90 3.00892 15.0717 75628 325.767
25600 100 3.00892 15.5628 75329.9 321.207
51200 10 3.00892 126.402 125661 1033.8
51200 20 3.00892 68.145 101271 694.391
51200 30 3.00892 48.1656 92296.7 564.044
51200 40 3.00892 39.3969 87551.7 498.105
51200 50 3.00892 34.3363 84645.3 456.805
51200 60 3.00892 32.0276 82847.1 426.316
51200 70 3.00892 29.8869 81458.4 407.64
51200 80 3.00892 28.7617 80394.6 391.456
51200 90 3.00892 29.6549 79760.1 379.817
51200 100 3.00892 30.1219 79144.6 370.032
102400 10 3.00892 253.377 180804 1811.58
102400 20 3.00892 134.407 131786 1106.03
102400 30 3.00892 97.6544 113858 866.533
102400 40 3.00892 77.8775 104199 724.628
102400 50 3.00892 68.6353 98353.6 643.398
102400 60 3.00892 66.1624 94698.6 595.408
102400 70 3.00892 61.5454 91782.3 548.675
102400 80 3.00892 60.4089 89678.5 522.516
102400 90 3.00892 58.7639 88107.4 493.433
102400 100 3.00892 59.8967 86839.3 474.404
204800 10 3.00892 533.654 291963 3454.66
204800 20 3.00892 293.566 193472 1994.62
204800 30 3.00892 208.783 157160 1485.96
204800 40 3.00892 172.429 137897 1206.76
204800 50 3.00892 149.31 125961 1031.76
204800 60 3.00892 135.932 118202 917.798
204800 70 3.00892 128.556 112430 832.384
204800 80 3.00892 123.055 108191 777.383
204800 90 3.00892 119.82 104900 723.553
204800 100 3.00892 122.814 102200 573.015
409600 10 3.00892 1091.21 512903 6545.16
409600 20 3.00892 682.693 317708 3782.86
409600 30 3.00892 495.331 244018 2646.35
409600 40 3.00892 407.579 205374 2095.66
409600 50 3.00892 356.214 181717 1768.52
409600 60 3.00892 320.699 165776 1518.18
409600 70 3.00892 298.887 154207 1358.22
409600 80 3.00892 281.596 145374 1223.28
409600 90 3.00892 267.128 138708 1116.41
409600 100 3.00892 245.856 132908 981.032
